Timestep,Iteration,Total Reward,Suboptimal Arms,Total Regret,Zeros Count,Ones Count
2,1,2.0,1,0.01,0,2
3,1,3.0,2,0.06,0,3
100,1,89.0,63,1.76,11,89
200,1,180.0,102,2.44,20,180
2000,1,1789.0,941,14.83,211,1789
10000,1,8979.0,2670,27.66,1021,8979
20000,1,17929.0,5380,42.34,2071,17929
40000,1,35985.0,13538,83.17,4015,35985
60000,1,54073.0,14545,89.33,5927,54073
80000,1,72180.0,14549,89.53,7820,72180
100000,1,90187.0,15327,93.73,9813,90187
200000,1,180185.0,19621,123.93,19815,180185
400000,1,359950.0,51185,285.89,40050,359950
600000,1,540119.0,51570,288.04,59881,540119
800000,1,720002.0,69927,380.01,79998,720002
1000000,1,899912.0,75818,409.46,100088,899912
2,2,1.0,1,0.01,1,1
3,2,2.0,2,0.06,1,2
100,2,93.0,50,2.46,7,93
200,2,183.0,135,4.54,17,183
2000,2,1794.0,933,21.5,206,1794
10000,2,8948.0,3356,53.77,1052,8948
20000,2,17945.0,4178,65.76,2055,17945
40000,2,35999.0,4608,72.36,4001,35999
60000,2,54034.0,4757,76.17,5966,54034
80000,2,72038.0,5757,86.74,7962,72038
100000,2,90093.0,5780,86.9,9907,90093
200000,2,180015.0,18207,151.42,19985,180015
400000,2,360108.0,20601,165.96,39892,360108
600000,2,539945.0,38850,257.47,60055,539945
800000,2,719854.0,42688,276.98,80146,719854
1000000,2,899650.0,44154,284.4,100350,899650
2,3,2.0,1,0.01,0,2
3,3,3.0,2,0.06,0,3
100,3,86.0,58,0.65,14,86
200,3,176.0,62,0.72,24,176
2000,3,1775.0,847,11.75,225,1775
10000,3,8966.0,2585,41.5,1034,8966
20000,3,17942.0,5012,78.43,2058,17942
40000,3,35919.0,5986,91.44,4081,35919
60000,3,53937.0,10339,115.01,6063,53937
80000,3,71949.0,16073,150.79,8051,71949
100000,3,90029.0,16115,152.89,9971,90029
200000,3,180165.0,22380,194.25,19835,180165
400000,3,360116.0,29175,232.63,39884,360116
600000,3,539831.0,44192,309.02,60169,539831
800000,3,719453.0,61016,394.18,80547,719453
1000000,3,899343.0,61423,396.48,100657,899343
2,4,1.0,1,0.01,1,1
3,4,2.0,2,0.06,1,2
100,4,88.0,64,2.16,12,88
200,4,176.0,152,3.82,24,176
2000,4,1764.0,1139,22.93,236,1764
10000,4,8858.0,6856,72.26,1142,8858
20000,4,17860.0,9701,87.25,2140,17860
40000,4,35807.0,16061,125.93,4193,35807
60000,4,53810.0,18720,139.68,6190,53810
80000,4,71783.0,19497,144.33,8217,71783
100000,4,89843.0,19497,144.33,10157,89843
200000,4,179849.0,21275,157.63,20151,179849
400000,4,359730.0,54221,324.88,40270,359730
600000,4,539677.0,54755,327.91,60323,539677
800000,4,719668.0,55752,334.38,80332,719668
1000000,4,899891.0,55765,335.03,100109,899891
2,5,2.0,1,0.01,0,2
3,5,3.0,2,0.06,0,3
100,5,90.0,68,2.72,10,90
200,5,177.0,133,4.62,23,177
2000,5,1791.0,975,16.13,209,1791
10000,5,9014.0,5356,59.68,986,9014
20000,5,17987.0,8176,84.66,2013,17987
40000,5,35953.0,12629,114.49,4047,35953
60000,5,53971.0,14176,137.16,6029,53971
80000,5,71951.0,23195,183.97,8049,71951
100000,5,89969.0,24763,192.89,10031,89969
200000,5,179928.0,30970,247.46,20072,179928
400000,5,359754.0,41023,302.18,40246,359754
600000,5,539786.0,43540,315.84,60214,539786
800000,5,719669.0,60615,403.29,80331,719669
1000000,5,899617.0,65996,430.51,100383,899617
2,6,2.0,1,0.01,0,2
3,6,3.0,2,0.06,0,3
100,6,88.0,90,2.34,12,88
200,6,176.0,172,4.37,24,176
2000,6,1805.0,1454,23.38,195,1805
10000,6,8937.0,7295,78.41,1063,8937
20000,6,17921.0,9762,99.66,2079,17921
40000,6,35805.0,15239,131.63,4195,35805
60000,6,53761.0,17072,142.64,6239,53761
80000,6,71754.0,17206,144.03,8246,71754
100000,6,89704.0,17546,150.19,10296,89704
200000,6,179775.0,18631,157.05,20225,179775
400000,6,359538.0,25075,190.22,40462,359538
600000,6,539423.0,26731,198.68,60577,539423
800000,6,719236.0,28409,207.52,80764,719236
1000000,6,899108.0,30650,221.56,100892,899108
2,7,2.0,1,0.01,0,2
3,7,3.0,2,0.06,0,3
100,7,90.0,50,0.79,10,90
200,7,178.0,88,2.02,22,178
2000,7,1793.0,1245,15.54,207,1793
10000,7,8916.0,7405,93.5,1084,8916
20000,7,17862.0,14506,153.26,2138,17862
40000,7,35791.0,31448,241.16,4209,35791
60000,7,53723.0,42655,303.59,6277,53723
80000,7,71754.0,42655,303.59,8246,71754
100000,7,89747.0,42659,303.79,10253,89747
200000,7,179658.0,47685,337.6,20342,179658
400000,7,359799.0,50624,355.09,40201,359799
600000,7,539646.0,65266,437.25,60354,539646
800000,7,719364.0,81136,517.73,80636,719364
1000000,7,899420.0,81964,522.54,100580,899420
2,8,2.0,1,0.01,0,2
3,8,3.0,2,0.06,0,3
100,8,87.0,43,0.4,13,87
200,8,178.0,106,2.96,22,178
2000,8,1799.0,912,10.41,201,1799
10000,8,9008.0,3261,26.25,992,9008
20000,8,17987.0,4102,32.7,2013,17987
40000,8,36018.0,5596,41.84,3982,36018
60000,8,54066.0,5793,42.87,5934,54066
80000,8,71981.0,7072,49.49,8019,71981
100000,8,89998.0,8225,55.26,10002,89998
200000,8,180019.0,17732,102.97,19981,180019
400000,8,359980.0,22345,126.8,40020,359980
600000,8,539821.0,43518,232.8,60179,539821
800000,8,720141.0,43524,233.05,79859,720141
1000000,8,900138.0,45722,244.22,99862,900138
2,9,2.0,1,0.01,0,2
3,9,3.0,2,0.06,0,3
100,9,91.0,60,1.2,9,91
200,9,180.0,137,1.85,20,180
2000,9,1779.0,1102,19.32,221,1779
10000,9,8969.0,3602,52.57,1031,8969
20000,9,17958.0,5116,62.8,2042,17958
40000,9,35917.0,7178,74.54,4083,35917
60000,9,53964.0,8553,82.0,6036,53964
80000,9,71946.0,13353,106.5,8054,71946
100000,9,89905.0,21213,146.16,10095,89905
200000,9,180110.0,23391,168.3,19890,180110
400000,9,360050.0,36644,240.77,39950,360050
600000,9,539922.0,45321,287.44,60078,539922
800000,9,719808.0,53926,330.74,80192,719808
1000000,9,900042.0,53932,331.04,99958,900042
2,10,1.0,1,0.01,1,1
3,10,2.0,2,0.06,1,2
100,10,86.0,93,0.6,14,86
200,10,176.0,157,0.92,24,176
2000,10,1780.0,1654,18.12,220,1780
10000,10,8968.0,5365,54.01,1032,8968
20000,10,17910.0,7558,66.28,2090,17910
40000,10,35898.0,11643,88.32,4102,35898
60000,10,53830.0,16600,115.53,6170,53830
80000,10,71788.0,22062,145.9,8212,71788
100000,10,89750.0,26753,169.4,10250,89750
200000,10,179751.0,37138,221.87,20249,179751
400000,10,359834.0,37624,227.0,40166,359834
600000,10,539685.0,41046,244.42,60315,539685
800000,10,719641.0,42018,249.46,80359,719641
1000000,10,899630.0,44983,264.74,100370,899630
2,11,2.0,1,0.01,0,2
3,11,3.0,2,0.06,0,3
100,11,87.0,52,0.58,13,87
200,11,174.0,143,2.47,26,174
2000,11,1767.0,572,8.12,233,1767
10000,11,8985.0,1521,15.8,1015,8985
20000,11,18009.0,4194,31.95,1991,18009
40000,11,36011.0,4952,37.85,3989,36011
60000,11,54032.0,6925,47.81,5968,54032
80000,11,72036.0,11042,68.53,7964,72036
100000,11,90168.0,11195,69.3,9832,90168
200000,11,180149.0,17405,101.42,19851,180149
400000,11,360318.0,21638,122.72,39682,360318
600000,11,540268.0,26080,182.33,59732,540268
800000,11,720034.0,36044,233.05,79966,720034
1000000,11,900172.0,36292,237.3,99828,900172
2,12,2.0,1,0.01,0,2
3,12,3.0,2,0.06,0,3
100,12,91.0,86,2.63,9,91
200,12,175.0,182,4.1,25,175
2000,12,1790.0,1046,13.33,210,1790
10000,12,9006.0,2939,27.83,994,9006
20000,12,18018.0,6152,46.56,1982,18018
40000,12,35983.0,9348,79.18,4017,35983
60000,12,53907.0,13091,103.7,6093,53907
80000,12,71819.0,19299,135.1,8181,71819
100000,12,89784.0,22264,150.38,10216,89784
200000,12,179714.0,34456,212.91,20286,179714
400000,12,359745.0,36129,233.02,40255,359745
600000,12,539922.0,38450,245.08,60078,539922
800000,12,719708.0,65032,378.17,80292,719708
1000000,12,899917.0,65217,379.09,100083,899917
2,13,2.0,1,0.01,0,2
3,13,3.0,2,0.06,0,3
100,13,79.0,37,0.41,21,79
200,13,169.0,55,0.5,31,169
2000,13,1756.0,557,13.99,244,1756
10000,13,8910.0,5723,54.81,1090,8910
20000,13,17898.0,6842,61.98,2102,17898
40000,13,35805.0,11964,92.22,4195,35805
60000,13,53830.0,12518,95.35,6170,53830
80000,13,71912.0,12521,95.41,8088,71912
100000,13,89847.0,12638,96.17,10153,89847
200000,13,179817.0,23170,156.21,20183,179817
400000,13,359608.0,37968,238.89,40392,359608
600000,13,539376.0,41715,262.3,60624,539376
800000,13,719295.0,44227,274.91,80705,719295
1000000,13,899321.0,44387,275.71,100679,899321
2,14,2.0,1,0.01,0,2
3,14,3.0,2,0.06,0,3
100,14,90.0,50,1.6,10,90
200,14,176.0,114,3.9,24,176
2000,14,1778.0,1070,13.9,222,1778
10000,14,8964.0,4652,47.34,1036,8964
20000,14,17924.0,7778,68.5,2076,17924
40000,14,35891.0,9292,83.31,4109,35891
60000,14,53954.0,9383,83.86,6046,53954
80000,14,71948.0,10585,91.8,8052,71948
100000,14,89999.0,10989,93.82,10001,89999
200000,14,179986.0,25113,167.23,20014,179986
400000,14,359843.0,37406,229.42,40157,359843
600000,14,539896.0,40888,246.87,60104,539896
800000,14,719732.0,43012,282.29,80268,719732
1000000,14,899656.0,43280,283.76,100344,899656
2,15,2.0,1,0.01,0,2
3,15,3.0,2,0.06,0,3
100,15,91.0,82,2.26,9,91
200,15,182.0,148,3.3,18,182
2000,15,1809.0,1201,19.42,191,1809
10000,15,8953.0,5318,53.14,1047,8953
20000,15,17882.0,8367,73.16,2118,17882
40000,15,35915.0,9182,80.69,4085,35915
60000,15,53902.0,17721,123.75,6098,53902
80000,15,71893.0,26545,170.16,8107,71893
100000,15,89872.0,30540,190.23,10128,89872
200000,15,179765.0,45586,266.9,20235,179765
400000,15,359638.0,53130,312.99,40362,359638
600000,15,539585.0,60198,350.08,60415,539585
800000,15,719606.0,61345,356.13,80394,719606
1000000,15,899692.0,61398,357.25,100308,899692
2,16,2.0,1,0.01,0,2
3,16,3.0,2,0.06,0,3
100,16,90.0,59,2.01,10,90
200,16,183.0,113,4.52,17,183
2000,16,1780.0,1116,25.7,220,1780
10000,16,8939.0,6140,83.84,1061,8939
20000,16,17950.0,9557,102.46,2050,17950
40000,16,35954.0,13509,124.56,4046,35954
60000,16,54016.0,14059,129.51,5984,54016
80000,16,71945.0,16026,145.11,8055,71945
100000,16,89980.0,16311,149.73,10020,89980
200000,16,179889.0,24051,194.14,20111,179889
400000,16,359953.0,30943,233.15,40047,359953
600000,16,539850.0,34374,250.53,60150,539850
800000,16,719676.0,39886,281.06,80324,719676
1000000,16,899818.0,40021,282.14,100182,899818
2,17,2.0,1,0.01,0,2
3,17,3.0,2,0.06,0,3
100,17,90.0,57,1.05,10,90
200,17,172.0,108,1.62,28,172
2000,17,1786.0,1011,18.2,214,1786
10000,17,8923.0,4788,62.19,1077,8923
20000,17,17905.0,6336,73.53,2095,17905
40000,17,35884.0,7805,82.58,4116,35884
60000,17,53919.0,9103,90.11,6081,53919
80000,17,71836.0,14004,114.97,8164,71836
100000,17,89803.0,14895,121.81,10197,89803
200000,17,179653.0,19709,147.19,20347,179653
400000,17,359937.0,20281,150.36,40063,359937
600000,17,539862.0,20806,156.68,60138,539862
800000,17,719789.0,22648,165.93,80211,719789
1000000,17,899788.0,23521,182.72,100212,899788
2,18,2.0,1,0.01,0,2
3,18,3.0,2,0.06,0,3
100,18,85.0,69,1.65,15,85
200,18,172.0,143,2.65,28,172
2000,18,1781.0,1738,17.83,219,1781
10000,18,8986.0,5479,72.39,1014,8986
20000,18,17967.0,9133,99.12,2033,17967
40000,18,35908.0,15568,134.72,4092,35908
60000,18,53914.0,23365,177.93,6086,53914
80000,18,71908.0,25968,191.58,8092,71908
100000,18,89917.0,26600,195.19,10083,89917
200000,18,179766.0,43801,285.02,20234,179766
400000,18,359782.0,58257,379.39,40218,359782
600000,18,539752.0,64075,408.84,60248,539752
800000,18,719787.0,68474,431.38,80213,719787
1000000,18,899681.0,89047,536.58,100319,899681
2,19,2.0,1,0.01,0,2
3,19,3.0,2,0.06,0,3
100,19,90.0,52,0.94,10,90
200,19,181.0,90,1.35,19,181
2000,19,1790.0,1168,9.08,210,1790
10000,19,8965.0,6183,35.14,1035,8965
20000,19,17915.0,12419,66.6,2085,17915
40000,19,35853.0,24870,128.89,4147,35853
60000,19,53804.0,27194,151.4,6196,53804
80000,19,71782.0,35382,192.39,8218,71782
100000,19,89722.0,37995,205.45,10278,89722
200000,19,179666.0,44765,259.64,20334,179666
400000,19,359548.0,51526,293.94,40452,359548
600000,19,539770.0,51534,294.34,60230,539770
800000,19,719718.0,51589,295.07,80282,719718
1000000,19,899588.0,59802,336.18,100412,899588
2,20,2.0,1,0.01,0,2
3,20,3.0,2,0.06,0,3
100,20,90.0,56,0.82,10,90
200,20,180.0,100,1.08,20,180
2000,20,1785.0,597,8.47,215,1785
10000,20,8961.0,3381,35.45,1039,8961
20000,20,17911.0,7768,60.62,2089,17911
40000,20,35854.0,12269,104.27,4146,35854
60000,20,53885.0,14223,115.39,6115,53885
80000,20,71824.0,14408,116.5,8176,71824
100000,20,89814.0,15118,120.41,10186,89814
200000,20,179715.0,24604,179.45,20285,179715
400000,20,359718.0,25220,185.45,40282,359718
600000,20,539773.0,26590,192.57,60227,539773
800000,20,719698.0,33558,227.5,80302,719698
1000000,20,899454.0,57458,347.14,100546,899454
2,21,2.0,1,0.01,0,2
3,21,3.0,2,0.06,0,3
100,21,84.0,67,1.69,16,84
200,21,174.0,96,2.41,26,174
2000,21,1799.0,956,8.92,201,1799
10000,21,8980.0,2182,20.77,1020,8980
20000,21,17981.0,5257,40.42,2019,17981
40000,21,36051.0,6291,48.33,3949,36051
60000,21,54043.0,11281,74.23,5957,54043
80000,21,71977.0,18166,109.5,8023,71977
100000,21,90007.0,20188,119.61,9993,90007
200000,21,179942.0,39075,214.36,20058,179942
400000,21,359694.0,55611,305.64,40306,359694
600000,21,539512.0,60253,329.16,60488,539512
800000,21,719652.0,60580,330.98,80348,719652
1000000,21,899619.0,61224,334.29,100381,899619
2,22,2.0,1,0.01,0,2
3,22,2.0,2,0.06,1,2
100,22,95.0,51,0.3,5,95
200,22,179.0,101,1.18,21,179
2000,22,1791.0,1034,13.77,209,1791
10000,22,8957.0,4269,34.44,1043,8957
20000,22,17956.0,6377,55.65,2044,17956
40000,22,35925.0,8696,71.02,4075,35925
60000,22,53859.0,9920,77.54,6141,53859
80000,22,71881.0,11457,85.77,8119,71881
100000,22,89883.0,18888,124.0,10117,89883
200000,22,179918.0,32186,190.94,20082,179918
400000,22,360071.0,40805,238.0,39929,360071
600000,22,539998.0,43276,262.14,60002,539998
800000,22,719949.0,44736,277.05,80051,719949
1000000,22,899837.0,45696,282.12,100163,899837
2,23,2.0,1,0.01,0,2
3,23,3.0,2,0.06,0,3
100,23,88.0,40,1.24,12,88
200,23,173.0,72,1.66,27,173
2000,23,1787.0,952,14.93,213,1787
10000,23,8894.0,3803,42.96,1106,8894
20000,23,17869.0,6389,60.39,2131,17869
40000,23,35912.0,6697,72.41,4088,35912
60000,23,53962.0,7130,75.79,6038,53962
80000,23,71954.0,8151,81.53,8046,71954
100000,23,89862.0,9625,89.39,10138,89862
200000,23,179794.0,15087,119.04,20206,179794
400000,23,359784.0,34668,224.01,40216,359784
600000,23,539750.0,46729,284.58,60250,539750
800000,23,719691.0,47515,302.46,80309,719691
1000000,23,899599.0,50329,316.62,100401,899599
2,24,2.0,1,0.01,0,2
3,24,3.0,2,0.06,0,3
100,24,84.0,39,1.01,16,84
200,24,170.0,65,1.58,30,170
2000,24,1766.0,1065,18.87,234,1766
10000,24,8927.0,3023,58.77,1073,8927
20000,24,17892.0,6187,79.49,2108,17892
40000,24,35872.0,7971,98.76,4128,35872
60000,24,53770.0,12610,146.16,6230,53770
80000,24,71790.0,12701,150.62,8210,71790
100000,24,89793.0,12831,151.36,10207,89793
200000,24,179771.0,14443,168.24,20229,179771
400000,24,359484.0,18903,197.65,40516,359484
600000,24,539445.0,19056,201.79,60555,539445
800000,24,719532.0,19088,202.09,80468,719532
1000000,24,899270.0,19738,212.36,100730,899270
2,25,1.0,1,0.01,1,1
3,25,2.0,2,0.06,1,2
100,25,87.0,91,2.16,13,87
200,25,176.0,172,3.06,24,176
2000,25,1785.0,1274,21.35,215,1785
10000,25,9034.0,3813,49.58,966,9034
20000,25,18013.0,7410,85.06,1987,18013
40000,25,36006.0,11475,111.73,3994,36006
60000,25,54052.0,15601,132.5,5948,54052
80000,25,72044.0,16984,147.69,7956,72044
100000,25,89995.0,17777,152.65,10005,89995
200000,25,179842.0,24850,207.72,20158,179842
400000,25,359771.0,28003,227.27,40229,359771
600000,25,539739.0,58145,381.35,60261,539739
800000,25,719583.0,59658,389.32,80417,719583
1000000,25,899314.0,61511,399.17,100686,899314
2,26,2.0,1,0.01,0,2
3,26,3.0,2,0.06,0,3
100,26,89.0,87,3.13,11,89
200,26,177.0,167,5.42,23,177
2000,26,1773.0,1354,25.71,227,1773
10000,26,8939.0,3808,48.56,1061,8939
20000,26,17977.0,4706,53.19,2023,17977
40000,26,35893.0,10797,91.92,4107,35893
60000,26,53873.0,11518,96.38,6127,53873
80000,26,71867.0,12232,100.26,8133,71867
100000,26,89885.0,12376,101.16,10115,89885
200000,26,179760.0,30660,194.56,20240,179760
400000,26,359714.0,32761,206.24,40286,359714
600000,26,539567.0,40352,245.14,60433,539567
800000,26,719321.0,41276,251.51,80679,719321
1000000,26,899235.0,41451,252.57,100765,899235
2,27,1.0,1,0.01,1,1
3,27,2.0,2,0.06,1,2
100,27,90.0,35,1.53,10,90
200,27,180.0,119,3.34,20,180
2000,27,1780.0,1010,17.65,220,1780
10000,27,8927.0,5989,60.41,1073,8927
20000,27,17939.0,8376,75.05,2061,17939
40000,27,35949.0,11704,96.59,4051,35949
60000,27,53831.0,18654,142.95,6169,53831
80000,27,71820.0,19235,146.44,8180,71820
100000,27,89859.0,19235,146.44,10141,89859
200000,27,179759.0,27855,199.66,20241,179759
400000,27,359688.0,29709,211.86,40312,359688
600000,27,539830.0,29775,215.16,60170,539830
800000,27,719670.0,30384,220.99,80330,719670
1000000,27,899694.0,30613,222.5,100306,899694
2,28,1.0,1,0.01,1,1
3,28,2.0,2,0.06,1,2
100,28,86.0,15,0.66,14,86
200,28,175.0,16,0.71,25,175
2000,28,1769.0,1019,23.77,231,1769
10000,28,8894.0,3734,58.72,1106,8894
20000,28,17834.0,7593,83.46,2166,17834
40000,28,35823.0,12886,110.19,4177,35823
60000,28,53836.0,14942,121.1,6164,53836
80000,28,71903.0,15307,123.11,8097,71903
100000,28,89887.0,15525,128.88,10113,89887
200000,28,179954.0,21076,156.95,20046,179954
400000,28,359900.0,21867,162.16,40100,359900
600000,28,539706.0,23219,170.9,60294,539706
800000,28,719819.0,28116,196.6,80181,719819
1000000,28,899517.0,29105,204.43,100483,899517
2,29,2.0,1,0.01,0,2
3,29,3.0,2,0.06,0,3
100,29,81.0,58,0.88,19,81
200,29,172.0,158,4.21,28,172
2000,29,1777.0,1089,23.85,223,1777
10000,29,8920.0,6161,76.7,1080,8920
20000,29,17906.0,12605,113.96,2094,17906
40000,29,35936.0,13868,131.21,4064,35936
60000,29,53977.0,20029,168.72,6023,53977
80000,29,71965.0,24516,198.13,8035,71965
100000,29,89890.0,30170,230.0,10110,89890
200000,29,179783.0,52538,355.39,20217,179783
400000,29,359655.0,63058,411.36,40345,359655
600000,29,539588.0,80218,497.75,60412,539588
800000,29,719523.0,81709,505.7,80477,719523
1000000,29,899656.0,81725,505.91,100344,899656
2,30,2.0,1,0.01,0,2
3,30,3.0,2,0.06,0,3
100,30,86.0,83,3.47,14,86
200,30,171.0,147,6.63,29,171
2000,30,1788.0,1108,16.75,212,1788
10000,30,8948.0,5850,49.95,1052,8948
20000,30,17976.0,10877,94.62,2024,17976
40000,30,35929.0,15032,119.3,4071,35929
60000,30,53919.0,18687,140.73,6081,53919
80000,30,72004.0,19037,142.52,7996,72004
100000,30,89932.0,19456,145.02,10068,89932
200000,30,179960.0,28555,194.3,20040,179960
400000,30,359960.0,30835,212.72,40040,359960
600000,30,539934.0,42897,275.95,60066,539934
800000,30,719947.0,45373,290.22,80053,719947
1000000,30,899763.0,48341,305.29,100237,899763
2,31,1.0,1,0.01,1,1
3,31,2.0,2,0.06,1,2
100,31,84.0,65,1.72,16,84
200,31,171.0,72,1.8,29,171
2000,31,1773.0,1329,11.15,227,1773
10000,31,8934.0,8365,49.07,1066,8934
20000,31,17805.0,17367,96.46,2195,17805
40000,31,35741.0,35247,187.3,4259,35741
60000,31,53660.0,54630,294.43,6340,53660
80000,31,71639.0,55664,299.69,8361,71639
100000,31,89629.0,55664,299.69,10371,89629
200000,31,179622.0,55709,301.94,20378,179622
400000,31,359719.0,55712,302.09,40281,359719
600000,31,539696.0,55715,302.24,60304,539696
800000,31,719688.0,55720,302.49,80312,719688
1000000,31,899821.0,55752,304.09,100179,899821
2,32,2.0,1,0.01,0,2
3,32,3.0,2,0.06,0,3
100,32,86.0,30,1.32,14,86
200,32,172.0,108,2.92,28,172
2000,32,1746.0,888,16.77,254,1746
10000,32,8891.0,6205,71.08,1109,8891
20000,32,17890.0,7314,79.99,2110,17890
40000,32,35835.0,11062,109.44,4165,35835
60000,32,53730.0,14450,129.26,6270,53730
80000,32,71624.0,17003,143.2,8376,71624
100000,32,89657.0,17069,143.75,10343,89657
200000,32,179772.0,17074,144.0,20228,179772
400000,32,359679.0,18276,152.35,40321,359679
600000,32,539740.0,18863,155.33,60260,539740
800000,32,719635.0,19266,157.89,80365,719635
1000000,32,899543.0,20081,162.14,100457,899543
2,33,2.0,1,0.01,0,2
3,33,3.0,2,0.06,0,3
100,33,84.0,77,2.36,16,84
200,33,171.0,125,4.18,29,171
2000,33,1786.0,711,9.72,214,1786
10000,33,8978.0,4431,36.42,1022,8978
20000,33,17956.0,6601,48.62,2044,17956
40000,33,35992.0,8181,57.74,4008,35992
60000,33,53992.0,13485,84.75,6008,53992
80000,33,71853.0,18440,122.8,8147,71853
100000,33,89914.0,18567,123.57,10086,89914
200000,33,179756.0,27148,170.43,20244,179756
400000,33,359672.0,61432,342.44,40328,359672
600000,33,539488.0,63366,354.22,60512,539488
800000,33,719506.0,63660,355.74,80494,719506
1000000,33,899380.0,67309,374.03,100620,899380
2,34,2.0,1,0.01,0,2
3,34,3.0,2,0.06,0,3
100,34,81.0,94,1.91,19,81
200,34,164.0,192,4.65,36,164
2000,34,1776.0,1988,16.83,224,1776
10000,34,8985.0,4141,50.95,1015,8985
20000,34,17960.0,7946,72.81,2040,17960
40000,34,35967.0,10336,87.95,4033,35967
60000,34,53986.0,11176,96.42,6014,53986
80000,34,71973.0,14381,113.3,8027,71973
100000,34,89903.0,16366,124.98,10097,89903
200000,34,179814.0,32995,209.25,20186,179814
400000,34,359826.0,35968,224.75,40174,359826
600000,34,539786.0,42809,259.58,60214,539786
800000,34,719756.0,43787,271.99,80244,719756
1000000,34,899642.0,47171,289.04,100358,899642
2,35,2.0,1,0.01,0,2
3,35,3.0,2,0.06,0,3
100,35,89.0,55,1.31,11,89
200,35,176.0,94,2.22,24,176
2000,35,1758.0,774,14.22,242,1758
10000,35,8906.0,4368,40.34,1094,8906
20000,35,17852.0,8224,60.74,2148,17852
40000,35,35791.0,11089,90.32,4209,35791
60000,35,53750.0,11718,95.31,6250,53750
80000,35,71685.0,12855,101.62,8315,71685
100000,35,89698.0,12887,101.92,10302,89698
200000,35,179720.0,12933,102.78,20280,179720
400000,35,359663.0,13880,107.69,40337,359663
600000,35,539589.0,15870,117.82,60411,539589
800000,35,719640.0,15918,120.22,80360,719640
1000000,35,899445.0,15997,122.01,100555,899445
2,36,2.0,1,0.01,0,2
3,36,2.0,2,0.06,1,2
100,36,90.0,75,0.47,10,90
200,36,185.0,116,0.67,15,185
2000,36,1789.0,1087,6.2,211,1789
10000,36,8974.0,5973,33.33,1026,8974
20000,36,17967.0,12169,64.36,2033,17967
40000,36,35816.0,23815,140.31,4184,35816
60000,36,53797.0,31252,179.66,6203,53797
80000,36,71843.0,31256,179.86,8157,71843
100000,36,89765.0,32192,184.72,10235,89765
200000,36,179598.0,56901,311.77,20402,179598
400000,36,359663.0,59484,326.4,40337,359663
600000,36,539743.0,62680,343.77,60257,539743
800000,36,719463.0,88981,476.0,80537,719463
1000000,36,899447.0,91722,489.88,100553,899447
2,37,2.0,1,0.01,0,2
3,37,3.0,2,0.06,0,3
100,37,88.0,74,2.4,12,88
200,37,176.0,130,4.29,24,176
2000,37,1774.0,1244,20.03,226,1774
10000,37,9003.0,4571,43.74,997,9003
20000,37,18009.0,8425,66.2,1991,18009
40000,37,35928.0,18346,118.46,4072,35928
60000,37,53869.0,22148,140.3,6131,53869
80000,37,71792.0,28897,179.0,8208,71792
100000,37,89775.0,39005,229.72,10225,89775
200000,37,179570.0,49315,293.46,20430,179570
400000,37,359274.0,56067,335.19,40726,359274
600000,37,539428.0,56270,336.74,60572,539428
800000,37,719299.0,56309,338.69,80701,719299
1000000,37,899264.0,56652,340.5,100736,899264
2,38,1.0,1,0.01,1,1
3,38,2.0,2,0.06,1,2
100,38,88.0,87,2.19,12,88
200,38,179.0,143,3.41,21,179
2000,38,1788.0,1307,13.2,212,1788
10000,38,8996.0,2807,25.15,1004,8996
20000,38,18001.0,5218,42.65,1999,18001
40000,38,35945.0,8543,59.73,4055,35945
60000,38,53938.0,11458,74.57,6062,53938
80000,38,71914.0,13836,86.77,8086,71914
100000,38,89835.0,20382,149.65,10165,89835
200000,38,179938.0,29892,198.1,20062,179938
400000,38,360026.0,32554,214.65,39974,360026
600000,38,539679.0,47000,314.78,60321,539679
800000,38,719362.0,58192,371.01,80638,719362
1000000,38,899587.0,58247,371.29,100413,899587
2,39,2.0,1,0.01,0,2
3,39,3.0,2,0.06,0,3
100,39,92.0,54,0.99,8,92
200,39,186.0,82,2.08,14,186
2000,39,1805.0,1377,16.43,195,1805
10000,39,8984.0,3659,31.97,1016,8984
20000,39,17979.0,4767,42.02,2021,17979
40000,39,35941.0,6542,87.66,4059,35941
60000,39,53948.0,12177,117.0,6052,53948
80000,39,71868.0,15055,132.92,8132,71868
100000,39,89823.0,18280,149.49,10177,89823
200000,39,179776.0,25342,190.07,20224,179776
400000,39,359723.0,27576,209.43,40277,359723
600000,39,539450.0,30643,225.26,60550,539450
800000,39,719419.0,31318,228.68,80581,719419
1000000,39,899585.0,31394,229.55,100415,899585
2,40,2.0,1,0.01,0,2
3,40,3.0,2,0.06,0,3
100,40,92.0,68,1.15,8,92
200,40,182.0,135,2.47,18,182
2000,40,1779.0,1096,14.75,221,1779
10000,40,8957.0,4940,56.88,1043,8957
20000,40,17928.0,12093,100.06,2072,17928
40000,40,35896.0,19618,139.94,4104,35896
60000,40,53858.0,20930,147.76,6142,53858
80000,40,71838.0,24320,166.87,8162,71838
100000,40,89844.0,24413,167.38,10156,89844
200000,40,179793.0,28090,198.59,20207,179793
400000,40,359843.0,29350,207.32,40157,359843
600000,40,539634.0,30818,227.93,60366,539634
800000,40,719585.0,30989,229.42,80415,719585
1000000,40,899627.0,31790,236.21,100373,899627
2,41,2.0,1,0.01,0,2
3,41,3.0,2,0.06,0,3
100,41,84.0,68,1.91,16,84
200,41,176.0,76,2.22,24,176
2000,41,1772.0,566,8.27,228,1772
10000,41,8946.0,3771,47.02,1054,8946
20000,41,17948.0,4863,64.05,2052,17948
40000,41,35876.0,11371,114.63,4124,35876
60000,41,53869.0,13885,138.32,6131,53869
80000,41,71905.0,17652,165.3,8095,71905
100000,41,89907.0,18610,171.53,10093,89907
200000,41,179892.0,35767,262.4,20108,179892
400000,41,359824.0,46212,316.11,40176,359824
600000,41,539853.0,53793,355.81,60147,539853
800000,41,719615.0,61162,393.78,80385,719615
1000000,41,899342.0,65353,415.91,100658,899342
2,42,1.0,1,0.01,1,1
3,42,1.0,2,0.06,2,1
100,42,89.0,59,0.34,11,89
200,42,180.0,77,1.24,20,180
2000,42,1780.0,1121,11.32,220,1780
10000,42,8948.0,5147,35.09,1052,8948
20000,42,17897.0,8798,57.63,2103,17897
40000,42,35833.0,13365,80.64,4167,35833
60000,42,53727.0,19681,112.44,6273,53727
80000,42,71639.0,26962,148.89,8361,71639
100000,42,89618.0,27005,149.11,10382,89618
200000,42,179575.0,27342,151.69,20425,179575
400000,42,359405.0,29080,160.43,40595,359405
600000,42,539510.0,30865,170.39,60490,539510
800000,42,719581.0,30890,171.64,80419,719581
1000000,42,899698.0,30942,174.24,100302,899698
2,43,2.0,1,0.01,0,2
3,43,3.0,2,0.06,0,3
100,43,87.0,64,2.79,13,87
200,43,180.0,132,3.22,20,180
2000,43,1796.0,908,19.44,204,1796
10000,43,8937.0,5287,46.51,1063,8937
20000,43,17862.0,8334,70.79,2138,17862
40000,43,35834.0,10657,83.21,4166,35834
60000,43,53860.0,10844,84.41,6140,53860
80000,43,71880.0,11665,92.66,8120,71880
100000,43,89914.0,11666,92.66,10086,89914
200000,43,179671.0,18732,129.25,20329,179671
400000,43,359665.0,21186,141.97,40335,359665
600000,43,539695.0,25055,164.02,60305,539695
800000,43,719581.0,25081,164.69,80419,719581
1000000,43,899601.0,25110,164.88,100399,899601
2,44,2.0,1,0.01,0,2
3,44,3.0,2,0.06,0,3
100,44,87.0,72,2.2,13,87
200,44,175.0,140,3.76,25,175
2000,44,1780.0,689,12.67,220,1780
10000,44,8962.0,2907,34.11,1038,8962
20000,44,17953.0,3907,45.19,2047,17953
40000,44,35908.0,5165,61.11,4092,35908
60000,44,53855.0,6752,69.45,6145,53855
80000,44,71774.0,11708,96.56,8226,71774
100000,44,89795.0,11797,98.9,10205,89795
200000,44,179732.0,13901,110.86,20268,179732
400000,44,359810.0,14440,126.38,40190,359810
600000,44,539751.0,19987,155.15,60249,539751
800000,44,719712.0,29247,202.17,80288,719712
1000000,44,899669.0,30020,234.92,100331,899669
2,45,1.0,1,0.01,1,1
3,45,2.0,2,0.06,1,2
100,45,85.0,54,1.17,15,85
200,45,172.0,75,2.0,28,172
2000,45,1787.0,475,5.97,213,1787
10000,45,8965.0,2270,18.15,1035,8965
20000,45,17962.0,4527,30.19,2038,17962
40000,45,35916.0,5765,37.11,4084,35916
60000,45,53868.0,10493,60.93,6132,53868
80000,45,71881.0,15534,86.22,8119,71881
100000,45,89812.0,16897,93.03,10188,89812
200000,45,179757.0,22460,120.89,20243,179757
400000,45,359721.0,24952,164.27,40279,359721
600000,45,539891.0,25102,165.11,60109,539891
800000,45,719941.0,26599,173.09,80059,719941
1000000,45,900085.0,32613,203.2,99915,900085
2,46,2.0,1,0.01,0,2
3,46,3.0,2,0.06,0,3
100,46,88.0,46,1.63,12,88
200,46,174.0,104,2.72,26,174
2000,46,1781.0,970,30.68,219,1781
10000,46,8926.0,4019,72.7,1074,8926
20000,46,17847.0,6983,103.72,2153,17847
40000,46,35784.0,8188,128.46,4216,35784
60000,46,53848.0,8188,128.46,6152,53848
80000,46,71845.0,8203,129.21,8155,71845
100000,46,89796.0,22620,210.3,10204,89796
200000,46,179834.0,28540,249.57,20166,179834
400000,46,359800.0,32662,276.17,40200,359800
600000,46,539591.0,35551,295.11,60409,539591
800000,46,719296.0,43031,333.68,80704,719296
1000000,46,899242.0,43741,337.28,100758,899242
2,47,2.0,1,0.01,0,2
3,47,3.0,2,0.06,0,3
100,47,95.0,66,1.27,5,95
200,47,185.0,154,3.65,15,185
2000,47,1823.0,592,12.64,177,1823
10000,47,9024.0,3014,37.39,976,9024
20000,47,17982.0,5685,54.75,2018,17982
40000,47,35978.0,8159,80.66,4022,35978
60000,47,53962.0,17336,127.13,6038,53962
80000,47,71993.0,21597,148.71,8007,71993
100000,47,89896.0,26251,172.34,10104,89896
200000,47,179776.0,42730,278.99,20224,179776
400000,47,359959.0,49938,318.76,40041,359959
600000,47,539762.0,53463,337.92,60238,539762
800000,47,719678.0,62063,381.41,80322,719678
1000000,47,899747.0,64027,391.23,100253,899747
2,48,2.0,1,0.01,0,2
3,48,2.0,2,0.06,1,2
100,48,89.0,28,0.23,11,89
200,48,173.0,65,0.42,27,173
2000,48,1808.0,1313,6.74,192,1808
10000,48,9026.0,3207,16.26,974,9026
20000,48,18020.0,6933,34.89,1980,18020
40000,48,35941.0,10722,59.15,4059,35941
60000,48,53939.0,13524,73.38,6061,53939
80000,48,71928.0,15563,83.98,8072,71928
100000,48,89963.0,15563,83.98,10037,89963
200000,48,180037.0,16142,87.68,19963,180037
400000,48,359778.0,24618,130.11,40222,359778
600000,48,539811.0,25359,160.54,60189,539811
800000,48,720030.0,25430,162.16,79970,720030
1000000,48,899949.0,28789,179.0,100051,899949
2,49,2.0,1,0.01,0,2
3,49,2.0,2,0.06,1,2
100,49,80.0,55,1.72,20,80
200,49,170.0,123,5.11,30,170
2000,49,1745.0,1019,23.05,255,1745
10000,49,8884.0,4205,53.92,1116,8884
20000,49,17877.0,4406,56.32,2123,17877
40000,49,35836.0,4854,60.0,4164,35836
60000,49,53899.0,4963,60.95,6101,53899
80000,49,71892.0,5029,61.33,8108,71892
100000,49,89911.0,5163,67.85,10089,89911
200000,49,180054.0,5241,68.91,19946,180054
400000,49,360059.0,30818,197.02,39941,360059
600000,49,540003.0,38436,237.18,59997,540003
800000,49,720102.0,39821,258.05,79898,720102
1000000,49,900181.0,40297,260.48,99819,900181
2,50,2.0,1,0.01,0,2
3,50,3.0,2,0.06,0,3
100,50,91.0,55,0.68,9,91
200,50,184.0,134,1.07,16,184
2000,50,1793.0,982,6.89,207,1793
10000,50,8947.0,6075,37.85,1053,8947
20000,50,17926.0,8396,68.84,2074,17926
40000,50,35940.0,12565,99.59,4060,35940
60000,50,53873.0,17094,130.65,6127,53873
80000,50,71838.0,21586,155.31,8162,71838
100000,50,89836.0,22579,161.18,10164,89836
200000,50,179845.0,29111,203.24,20155,179845
400000,50,359907.0,30106,209.75,40093,359907
600000,50,539930.0,30758,214.45,60070,539930
800000,50,719882.0,31375,217.62,80118,719882
1000000,50,899894.0,33617,229.69,100106,899894
2,51,2.0,1,0.01,0,2
3,51,3.0,2,0.06,0,3
100,51,86.0,54,1.08,14,86
200,51,178.0,101,1.49,22,178
2000,51,1796.0,748,6.89,204,1796
10000,51,8948.0,3064,31.2,1052,8948
20000,51,17903.0,4022,47.02,2097,17903
40000,51,35874.0,10745,81.8,4126,35874
60000,51,53885.0,10799,82.48,6115,53885
80000,51,71901.0,10852,82.79,8099,71901
100000,51,89899.0,24463,156.92,10101,89899
200000,51,179680.0,42886,252.18,20320,179680
400000,51,359683.0,52235,304.06,40317,359683
600000,51,539722.0,53521,310.89,60278,539722
800000,51,719585.0,57334,330.18,80415,719585
1000000,51,899560.0,58539,336.84,100440,899560
2,52,1.0,1,0.01,1,1
3,52,1.0,2,0.06,2,1
100,52,88.0,44,2.02,12,88
200,52,175.0,132,4.44,25,175
2000,52,1782.0,646,12.5,218,1782
10000,52,8945.0,2612,32.14,1055,8945
20000,52,17922.0,3149,45.89,2078,17922
40000,52,35863.0,3761,53.1,4137,35863
60000,52,53864.0,3965,56.46,6136,53864
80000,52,71780.0,4593,61.85,8220,71780
100000,52,89831.0,4593,61.85,10169,89831
200000,52,179720.0,14406,112.12,20280,179720
400000,52,359753.0,21100,156.44,40247,359753
600000,52,539794.0,21991,161.66,60206,539794
800000,52,719844.0,22528,164.93,80156,719844
1000000,52,899574.0,24769,180.27,100426,899574
2,53,1.0,1,0.01,1,1
3,53,2.0,2,0.06,1,2
100,53,87.0,85,1.24,13,87
200,53,171.0,184,4.07,29,171
2000,53,1770.0,702,19.17,230,1770
10000,53,8860.0,2477,41.05,1140,8860
20000,53,17822.0,8863,73.39,2178,17822
40000,53,35779.0,10135,124.47,4221,35779
60000,53,53775.0,10153,124.83,6225,53775
80000,53,71711.0,13098,147.12,8289,71711
100000,53,89771.0,13098,147.12,10229,89771
200000,53,179756.0,14543,155.38,20244,179756
400000,53,359666.0,25709,220.3,40334,359666
600000,53,539946.0,25934,229.97,60054,539946
800000,53,719959.0,31540,258.54,80041,719959
1000000,53,899677.0,41812,311.52,100323,899677
2,54,2.0,1,0.01,0,2
3,54,3.0,2,0.06,0,3
100,54,85.0,46,0.64,15,85
200,54,170.0,135,1.17,30,170
2000,54,1773.0,1025,28.66,227,1773
10000,54,8976.0,2695,51.32,1024,8976
20000,54,17957.0,5746,68.65,2043,17957
40000,54,35989.0,8104,92.49,4011,35989
60000,54,54009.0,12016,112.41,5991,54009
80000,54,72001.0,17577,142.47,7999,72001
100000,54,89966.0,25487,183.73,10034,89966
200000,54,179874.0,40594,265.02,20126,179874
400000,54,359750.0,47374,305.09,40250,359750
600000,54,539710.0,51806,327.43,60290,539710
800000,54,719609.0,55979,350.41,80391,719609
1000000,54,899606.0,56010,350.7,100394,899606
2,55,2.0,1,0.01,0,2
3,55,3.0,2,0.06,0,3
100,55,87.0,82,1.98,13,87
200,55,180.0,115,3.09,20,180
2000,55,1779.0,720,9.63,221,1779
10000,55,8935.0,5951,42.27,1065,8935
20000,55,17919.0,11703,72.02,2081,17919
40000,55,35952.0,13724,82.52,4048,35952
60000,55,53948.0,16527,96.76,6052,53948
80000,55,71907.0,18765,120.37,8093,71907
100000,55,89896.0,20322,128.2,10104,89896
200000,55,179650.0,30744,190.03,20350,179650
400000,55,359445.0,52276,301.16,40555,359445
600000,55,539388.0,55654,318.41,60612,539388
800000,55,719145.0,60548,344.59,80855,719145
1000000,55,899368.0,60563,344.66,100632,899368
2,56,2.0,1,0.01,0,2
3,56,3.0,2,0.06,0,3
100,56,83.0,24,0.66,17,83
200,56,177.0,24,0.66,23,177
2000,56,1781.0,884,13.42,219,1781
10000,56,8986.0,3914,37.75,1014,8986
20000,56,17979.0,5738,47.95,2021,17979
40000,56,35912.0,8426,72.69,4088,35912
60000,56,53800.0,12777,96.46,6200,53800
80000,56,71792.0,13381,100.7,8208,71792
100000,56,89674.0,15315,111.13,10326,89674
200000,56,179686.0,16086,116.79,20314,179686
400000,56,359627.0,16479,120.55,40373,359627
600000,56,539732.0,16521,120.81,60268,539732
800000,56,719542.0,17031,124.26,80458,719542
1000000,56,899358.0,19210,135.33,100642,899358
2,57,2.0,1,0.01,0,2
3,57,3.0,2,0.06,0,3
100,57,89.0,60,0.48,11,89
200,57,186.0,67,0.74,14,186
2000,57,1788.0,474,4.08,212,1788
10000,57,8949.0,3753,21.56,1051,8949
20000,57,17973.0,5689,31.23,2027,17973
40000,57,35998.0,7137,39.78,4002,35998
60000,57,53983.0,8303,46.74,6017,53983
80000,57,71923.0,9539,75.96,8077,71923
100000,57,89945.0,9988,78.61,10055,89945
200000,57,180001.0,11017,86.49,19999,180001
400000,57,359691.0,19294,128.1,40309,359691
600000,57,539596.0,20071,133.25,60404,539596
800000,57,719560.0,20420,135.04,80440,719560
1000000,57,899414.0,23231,149.09,100586,899414
2,58,1.0,1,0.01,1,1
3,58,1.0,2,0.06,2,1
100,58,83.0,50,2.19,17,83
200,58,172.0,142,3.99,28,172
2000,58,1809.0,1324,19.58,191,1809
10000,58,8971.0,5390,52.24,1029,8971
20000,58,17970.0,8444,75.79,2030,17970
40000,58,36030.0,9502,82.16,3970,36030
60000,58,54003.0,11077,108.48,5997,54003
80000,58,72002.0,13919,124.45,7998,72002
100000,58,90026.0,15538,133.8,9974,90026
200000,58,179940.0,19254,160.03,20060,179940
400000,58,359712.0,24709,189.11,40288,359712
600000,58,539741.0,29874,215.47,60259,539741
800000,58,719719.0,30115,216.77,80281,719719
1000000,58,899893.0,31403,223.25,100107,899893
2,59,2.0,1,0.01,0,2
3,59,3.0,2,0.06,0,3
100,59,91.0,48,0.47,9,91
200,59,182.0,56,0.64,18,182
2000,59,1787.0,949,15.59,213,1787
10000,59,8994.0,2964,39.98,1006,8994
20000,59,17985.0,4850,59.13,2015,17985
40000,59,35891.0,9167,95.11,4109,35891
60000,59,53898.0,11160,105.34,6102,53898
80000,59,71901.0,11480,107.21,8099,71901
100000,59,89855.0,12391,112.08,10145,89855
200000,59,179920.0,15608,134.06,20080,179920
400000,59,359944.0,18309,168.45,40056,359944
600000,59,539963.0,18564,170.13,60037,539963
800000,59,719949.0,22331,191.93,80051,719949
1000000,59,900168.0,22479,192.81,99832,900168
2,60,1.0,1,0.01,1,1
3,60,1.0,2,0.06,2,1
100,60,89.0,11,0.19,11,89
200,60,180.0,63,0.45,20,180
2000,60,1783.0,796,8.44,217,1783
10000,60,8951.0,4534,52.87,1049,8951
20000,60,17913.0,11024,93.23,2087,17913
40000,60,35866.0,21818,149.86,4134,35866
60000,60,53772.0,28547,206.32,6228,53772
80000,60,71750.0,30466,219.78,8250,71750
100000,60,89693.0,31425,227.91,10307,89693
200000,60,179618.0,34059,246.03,20382,179618
400000,60,359671.0,36855,264.01,40329,359671
600000,60,539670.0,38726,274.31,60330,539670
800000,60,719640.0,49670,329.26,80360,719640
1000000,60,899700.0,50163,339.69,100300,899700
2,61,2.0,1,0.01,0,2
3,61,3.0,2,0.06,0,3
100,61,91.0,95,1.73,9,91
200,61,177.0,194,3.04,23,177
2000,61,1791.0,1094,10.74,209,1791
10000,61,8946.0,6012,58.28,1054,8946
20000,61,17967.0,8767,73.49,2033,17967
40000,61,35968.0,11151,89.95,4032,35968
60000,61,54037.0,11863,95.27,5963,54037
80000,61,71896.0,16668,120.37,8104,71896
100000,61,89904.0,17336,123.8,10096,89904
200000,61,179845.0,27631,178.97,20155,179845
400000,61,359772.0,43561,261.72,40228,359772
600000,61,539568.0,49472,291.41,60432,539568
800000,61,719639.0,49698,292.63,80361,719639
1000000,61,899488.0,50418,296.37,100512,899488
2,62,2.0,1,0.01,0,2
3,62,3.0,2,0.06,0,3
100,62,90.0,59,1.2,10,90
200,62,182.0,107,2.96,18,182
2000,62,1802.0,886,19.87,198,1802
10000,62,8933.0,3450,55.95,1067,8933
20000,62,17867.0,6235,89.04,2133,17867
40000,62,35823.0,10297,118.17,4177,35823
60000,62,53815.0,11399,123.82,6185,53815
80000,62,71840.0,12378,128.76,8160,71840
100000,62,89789.0,17385,159.51,10211,89789
200000,62,179673.0,26683,209.15,20327,179673
400000,62,359761.0,27030,211.65,40239,359761
600000,62,539690.0,28509,234.97,60310,539690
800000,62,719635.0,29173,241.31,80365,719635
1000000,62,899509.0,29660,245.41,100491,899509
2,63,2.0,1,0.01,0,2
3,63,3.0,2,0.06,0,3
100,63,85.0,70,1.38,15,85
200,63,176.0,152,3.28,24,176
2000,63,1779.0,1082,13.02,221,1779
10000,63,8975.0,4394,41.23,1025,8975
20000,63,17929.0,7189,57.19,2071,17929
40000,63,35947.0,9750,77.73,4053,35947
60000,63,53919.0,13920,98.76,6081,53919
80000,63,71948.0,14127,100.47,8052,71948
100000,63,89976.0,15139,105.53,10024,89976
200000,63,180122.0,15944,110.72,19878,180122
400000,63,359975.0,18980,127.03,40025,359975
600000,63,539878.0,22839,146.59,60122,539878
800000,63,719795.0,30402,184.54,80205,719795
1000000,63,899880.0,31064,188.71,100120,899880
2,64,2.0,1,0.01,0,2
3,64,3.0,2,0.06,0,3
100,64,86.0,91,1.04,14,86
200,64,179.0,141,1.29,21,179
2000,64,1797.0,889,5.88,203,1797
10000,64,8955.0,4815,26.41,1045,8955
20000,64,17918.0,8092,43.39,2082,17918
40000,64,35919.0,19637,101.2,4081,35919
60000,64,53847.0,29757,151.8,6153,53847
80000,64,71723.0,34889,177.59,8277,71723
100000,64,89716.0,37715,212.15,10284,89716
200000,64,179613.0,57044,312.04,20387,179613
400000,64,359520.0,84142,448.92,40480,359520
600000,64,539426.0,84587,471.17,60574,539426
800000,64,719534.0,84611,471.34,80466,719534
1000000,64,899850.0,84611,471.34,100150,899850
2,65,2.0,1,0.01,0,2
3,65,3.0,2,0.06,0,3
100,65,83.0,63,1.76,17,83
200,65,176.0,160,2.55,24,176
2000,65,1773.0,889,14.3,227,1773
10000,65,8959.0,3765,37.37,1041,8959
20000,65,17970.0,10254,72.11,2030,17970
40000,65,36001.0,12525,84.36,3999,36001
60000,65,54023.0,14963,109.24,5977,54023
80000,65,72032.0,17692,123.92,7968,72032
100000,65,89951.0,28660,179.25,10049,89951
200000,65,179823.0,54234,308.83,20177,179823
400000,65,359783.0,61532,346.67,40217,359783
600000,65,539608.0,67573,377.46,60392,539608
800000,65,719498.0,70654,393.27,80502,719498
1000000,65,899531.0,72640,407.93,100469,899531
2,66,2.0,1,0.01,0,2
3,66,3.0,2,0.06,0,3
100,66,94.0,37,0.37,6,94
200,66,180.0,93,1.37,20,180
2000,66,1791.0,927,20.88,209,1791
10000,66,8953.0,3896,54.36,1047,8953
20000,66,17888.0,6130,72.72,2112,17888
40000,66,35884.0,10414,98.6,4116,35884
60000,66,53911.0,10779,106.36,6089,53911
80000,66,71915.0,11197,112.05,8085,71915
100000,66,89960.0,11222,112.22,10040,89960
200000,66,179849.0,12078,120.01,20151,179849
400000,66,359956.0,19429,158.52,40044,359956
600000,66,540015.0,20648,165.11,59985,540015
800000,66,719764.0,24680,185.54,80236,719764
1000000,66,899628.0,32672,225.86,100372,899628
2,67,2.0,1,0.01,0,2
3,67,3.0,2,0.06,0,3
100,67,89.0,54,1.67,11,89
200,67,177.0,115,3.86,23,177
2000,67,1768.0,762,21.95,232,1768
10000,67,8934.0,2589,47.73,1066,8934
20000,67,17967.0,3107,51.22,2033,17967
40000,67,35980.0,8050,84.66,4020,35980
60000,67,53899.0,10187,101.51,6101,53899
80000,67,71889.0,11620,109.49,8111,71889
100000,67,89869.0,11980,112.64,10131,89869
200000,67,179827.0,16586,143.59,20173,179827
400000,67,359899.0,19286,158.12,40101,359899
600000,67,539953.0,19611,161.59,60047,539953
800000,67,719801.0,20403,165.69,80199,719801
1000000,67,899766.0,24385,186.36,100234,899766
2,68,2.0,1,0.01,0,2
3,68,3.0,2,0.06,0,3
100,68,87.0,28,1.22,13,87
200,68,178.0,116,1.66,22,178
2000,68,1784.0,1358,19.44,216,1784
10000,68,8933.0,5300,52.42,1067,8933
20000,68,17926.0,11216,85.33,2074,17926
40000,68,35898.0,14761,105.66,4102,35898
60000,68,53831.0,20101,133.8,6169,53831
80000,68,71795.0,26671,168.27,8205,71795
100000,68,89728.0,32655,198.55,10272,89728
200000,68,179665.0,49991,295.4,20335,179665
400000,68,359572.0,53576,313.69,40428,359572
600000,68,539852.0,53588,314.24,60148,539852
800000,68,719910.0,53590,314.34,80090,719910
1000000,68,899946.0,54850,322.08,100054,899946
2,69,2.0,1,0.01,0,2
3,69,2.0,2,0.06,1,2
100,69,91.0,39,0.33,9,91
200,69,178.0,79,1.38,22,178
2000,69,1771.0,1485,14.85,229,1771
10000,69,8904.0,2907,29.52,1096,8904
20000,69,17845.0,5749,55.75,2155,17845
40000,69,35776.0,12135,96.85,4224,35776
60000,69,53707.0,26436,169.62,6293,53707
80000,69,71784.0,30636,190.8,8216,71784
100000,69,89812.0,30636,190.8,10188,89812
200000,69,179817.0,31792,197.61,20183,179817
400000,69,359661.0,40350,244.86,40339,359661
600000,69,539552.0,50091,294.33,60448,539552
800000,69,719587.0,54875,318.25,80413,719587
1000000,69,899603.0,55311,320.83,100397,899603
2,70,2.0,1,0.01,0,2
3,70,3.0,2,0.06,0,3
100,70,90.0,61,0.76,10,90
200,70,180.0,109,1.76,20,180
2000,70,1812.0,1001,9.42,188,1812
10000,70,8937.0,3235,27.24,1063,8937
20000,70,17923.0,7394,59.7,2077,17923
40000,70,35930.0,8495,65.88,4070,35930
60000,70,53943.0,11075,80.53,6057,53943
80000,70,71929.0,12380,88.76,8071,71929
100000,70,89858.0,21539,134.78,10142,89858
200000,70,179832.0,35883,208.84,20168,179832
400000,70,359956.0,44671,254.4,40044,359956
600000,70,539700.0,54479,304.39,60300,539700
800000,70,719416.0,60968,342.73,80584,719416
1000000,70,899236.0,62341,349.64,100764,899236
2,71,2.0,1,0.01,0,2
3,71,3.0,2,0.06,0,3
100,71,85.0,87,2.77,15,85
200,71,175.0,178,5.52,25,175
2000,71,1782.0,1126,17.83,218,1782
10000,71,8949.0,5009,68.2,1051,8949
20000,71,17936.0,6987,79.89,2064,17936
40000,71,35882.0,15685,124.55,4118,35882
60000,71,53847.0,17678,138.07,6153,53847
80000,71,71830.0,22618,162.95,8170,71830
100000,71,89790.0,25865,179.23,10210,89790
200000,71,179709.0,32391,214.11,20291,179709
400000,71,360000.0,34011,223.33,40000,360000
600000,71,540296.0,34015,223.53,59704,540296
800000,71,720164.0,35689,232.17,79836,720164
1000000,71,900183.0,41656,274.65,99817,900183
2,72,1.0,1,0.01,1,1
3,72,2.0,2,0.06,1,2
100,72,88.0,47,2.13,12,88
200,72,177.0,90,2.56,23,177
2000,72,1781.0,840,8.56,219,1781
10000,72,8951.0,4881,49.92,1049,8951
20000,72,17874.0,9486,78.3,2126,17874
40000,72,35965.0,9506,78.8,4035,35965
60000,72,53983.0,12030,92.14,6017,53983
80000,72,72006.0,13232,115.07,7994,72006
100000,72,89969.0,13427,116.77,10031,89969
200000,72,180141.0,15371,126.76,19859,180141
400000,72,360356.0,16743,137.08,39644,360356
600000,72,540198.0,30254,205.0,59802,540198
800000,72,720032.0,31219,212.07,79968,720032
1000000,72,900197.0,31238,212.17,99803,900197
2,73,2.0,1,0.01,0,2
3,73,3.0,2,0.06,0,3
100,73,87.0,26,0.63,13,87
200,73,182.0,33,0.98,18,182
2000,73,1767.0,638,15.79,233,1767
10000,73,8939.0,2502,32.17,1061,8939
20000,73,17910.0,6326,55.93,2090,17910
40000,73,35868.0,8407,82.13,4132,35868
60000,73,53809.0,14196,113.95,6191,53809
80000,73,71812.0,20108,143.87,8188,71812
100000,73,89839.0,22099,153.96,10161,89839
200000,73,179700.0,25063,169.73,20300,179700
400000,73,359749.0,33323,214.31,40251,359749
600000,73,539483.0,40872,253.32,60517,539483
800000,73,719326.0,42323,263.86,80674,719326
1000000,73,899226.0,43533,271.62,100774,899226
2,74,2.0,1,0.01,0,2
3,74,3.0,2,0.06,0,3
100,74,87.0,79,1.29,13,87
200,74,177.0,138,3.43,23,177
2000,74,1795.0,909,16.16,205,1795
10000,74,9016.0,3578,40.62,984,9016
20000,74,17998.0,4385,47.26,2002,17998
40000,74,35949.0,7227,66.47,4051,35949
60000,74,53945.0,11749,94.11,6055,53945
80000,74,71917.0,13695,104.47,8083,71917
100000,74,89926.0,13911,110.14,10074,89926
200000,74,179962.0,15210,117.4,20038,179962
400000,74,359927.0,16772,126.47,40073,359927
600000,74,540064.0,18415,141.62,59936,540064
800000,74,719987.0,21258,155.88,80013,719987
1000000,74,899977.0,21323,156.34,100023,899977
2,75,1.0,1,0.01,1,1
3,75,2.0,2,0.06,1,2
100,75,84.0,98,3.41,16,84
200,75,174.0,198,4.63,26,174
2000,75,1784.0,1351,19.18,216,1784
10000,75,8911.0,5748,63.03,1089,8911
20000,75,17860.0,10241,97.96,2140,17860
40000,75,35885.0,11868,106.72,4115,35885
60000,75,53921.0,12853,114.57,6079,53921
80000,75,71914.0,14477,123.95,8086,71914
100000,75,89926.0,15220,127.85,10074,89926
200000,75,179820.0,17905,144.69,20180,179820
400000,75,359792.0,24756,180.16,40208,359792
600000,75,539700.0,33379,224.13,60300,539700
800000,75,719610.0,36331,251.99,80390,719610
1000000,75,899689.0,36403,252.48,100311,899689
2,76,2.0,1,0.01,0,2
3,76,3.0,2,0.06,0,3
100,76,89.0,91,1.9,11,89
200,76,177.0,189,3.1,23,177
2000,76,1811.0,1022,10.51,189,1811
10000,76,8980.0,3316,27.56,1020,8980
20000,76,17998.0,4928,37.24,2002,17998
40000,76,35921.0,10821,70.08,4079,35921
60000,76,53945.0,11621,79.08,6055,53945
80000,76,71990.0,11628,79.16,8010,71990
100000,76,89988.0,19405,118.35,10012,89988
200000,76,179920.0,33700,191.13,20080,179920
400000,76,359804.0,36242,204.92,40196,359804
600000,76,540024.0,36328,205.49,59976,540024
800000,76,720053.0,40161,224.7,79947,720053
1000000,76,900208.0,40280,225.34,99792,900208
2,77,2.0,1,0.01,0,2
3,77,3.0,2,0.06,0,3
100,77,91.0,53,1.03,9,91
200,77,181.0,124,1.74,19,181
2000,77,1785.0,847,13.78,215,1785
10000,77,8957.0,3147,29.41,1043,8957
20000,77,17945.0,4154,34.72,2055,17945
40000,77,35908.0,7118,54.54,4092,35908
60000,77,53830.0,15769,112.32,6170,53830
80000,77,71811.0,30080,184.82,8189,71811
100000,77,89756.0,31284,190.93,10244,89756
200000,77,179722.0,56230,315.84,20278,179722
400000,77,359615.0,61950,346.51,40385,359615
600000,77,539876.0,61952,346.61,60124,539876
800000,77,719861.0,62718,350.62,80139,719861
1000000,77,899829.0,67446,374.4,100171,899829
2,78,2.0,1,0.01,0,2
3,78,2.0,2,0.06,1,2
100,78,87.0,71,0.45,13,87
200,78,177.0,100,0.59,23,177
2000,78,1789.0,1239,19.56,211,1789
10000,78,8909.0,5013,60.53,1091,8909
20000,78,17891.0,5832,66.02,2109,17891
40000,78,35832.0,9023,89.44,4168,35832
60000,78,53833.0,9026,89.59,6167,53833
80000,78,71786.0,9285,91.02,8214,71786
100000,78,89805.0,9310,91.95,10195,89805
200000,78,179765.0,11588,108.2,20235,179765
400000,78,359626.0,14844,126.19,40374,359626
600000,78,539520.0,17895,141.81,60480,539520
800000,78,719498.0,18002,142.97,80502,719498
1000000,78,899308.0,18104,143.53,100692,899308
2,79,1.0,1,0.01,1,1
3,79,2.0,2,0.06,1,2
100,79,85.0,61,0.67,15,85
200,79,175.0,157,1.19,25,175
2000,79,1811.0,957,11.36,189,1811
10000,79,9010.0,2552,23.51,990,9010
20000,79,17957.0,4283,43.46,2043,17957
40000,79,35950.0,8162,65.65,4050,35950
60000,79,53942.0,9931,74.76,6058,53942
80000,79,71943.0,10819,79.43,8057,71943
100000,79,89956.0,11614,83.4,10044,89956
200000,79,180093.0,14124,96.31,19907,180093
400000,79,360048.0,17337,121.87,39952,360048
600000,79,540166.0,19445,143.08,59834,540166
800000,79,720155.0,21238,153.12,79845,720155
1000000,79,900075.0,25737,176.88,99925,900075
2,80,2.0,1,0.01,0,2
3,80,3.0,2,0.06,0,3
100,80,91.0,57,0.92,9,91
200,80,180.0,116,1.7,20,180
2000,80,1795.0,1157,9.52,205,1795
10000,80,9037.0,3708,24.03,963,9037
20000,80,17983.0,6798,39.98,2017,17983
40000,80,36019.0,7808,45.25,3981,36019
60000,80,53971.0,13996,77.09,6029,53971
80000,80,72000.0,17629,95.43,8000,72000
100000,80,89999.0,22730,120.94,10001,89999
200000,80,179883.0,27097,144.39,20117,179883
400000,80,359867.0,31740,167.65,40133,359867
600000,80,539725.0,39919,208.59,60275,539725
800000,80,719734.0,43390,225.95,80266,719734
1000000,80,899669.0,46543,282.35,100331,899669
2,81,2.0,1,0.01,0,2
3,81,3.0,2,0.06,0,3
100,81,91.0,72,2.16,9,91
200,81,178.0,149,4.93,22,178
2000,81,1806.0,831,15.5,194,1806
10000,81,8952.0,3010,44.48,1048,8952
20000,81,17927.0,3961,52.61,2073,17927
40000,81,35916.0,5561,68.44,4084,35916
60000,81,53974.0,5970,72.74,6026,53974
80000,81,72024.0,7363,80.78,7976,72024
100000,81,90078.0,7396,81.53,9922,90078
200000,81,179957.0,9677,98.29,20043,179957
400000,81,359910.0,12472,113.16,40090,359910
600000,81,539875.0,12886,116.49,60125,539875
800000,81,720047.0,13068,118.89,79953,720047
1000000,81,899982.0,13157,119.78,100018,899982
2,82,1.0,1,0.01,1,1
3,82,2.0,2,0.06,1,2
100,82,90.0,90,1.44,10,90
200,82,185.0,138,1.68,15,185
2000,82,1821.0,1470,12.53,179,1821
10000,82,9048.0,3684,26.97,952,9048
20000,82,18061.0,5565,46.64,1939,18061
40000,82,36002.0,9931,72.02,3998,36002
60000,82,54027.0,14849,97.24,5973,54027
80000,82,72099.0,14929,97.86,7901,72099
100000,82,90075.0,16775,107.23,9925,90075
200000,82,180038.0,22385,135.95,19962,180038
400000,82,360098.0,32195,188.47,39902,360098
600000,82,540080.0,37227,214.26,59920,540080
800000,82,720046.0,39519,231.03,79954,720046
1000000,82,900031.0,42675,246.81,99969,900031
2,83,2.0,1,0.01,0,2
3,83,3.0,2,0.06,0,3
100,83,92.0,19,0.28,8,92
200,83,179.0,70,1.97,21,179
2000,83,1784.0,1140,19.42,216,1784
10000,83,8986.0,3682,45.46,1014,8986
20000,83,17960.0,5270,71.84,2040,17960
40000,83,35934.0,7696,85.23,4066,35934
60000,83,53982.0,12451,109.82,6018,53982
80000,83,71929.0,13462,116.49,8071,71929
100000,83,89926.0,14310,122.04,10074,89926
200000,83,180009.0,19918,151.25,19991,180009
400000,83,359895.0,32274,213.57,40105,359895
600000,83,540124.0,32548,215.21,59876,540124
800000,83,719887.0,36486,235.93,80113,719887
1000000,83,899730.0,37323,240.16,100270,899730
2,84,2.0,1,0.01,0,2
3,84,3.0,2,0.06,0,3
100,84,90.0,12,0.24,10,90
200,84,180.0,72,1.17,20,180
2000,84,1793.0,998,6.2,207,1793
10000,84,9004.0,3946,36.61,996,9004
20000,84,17944.0,6074,54.18,2056,17944
40000,84,36051.0,6255,58.95,3949,36051
60000,84,54019.0,9063,73.35,5981,54019
80000,84,71999.0,15443,107.41,8001,71999
100000,84,90070.0,15873,109.65,9930,90070
200000,84,179983.0,20652,134.44,20017,179983
400000,84,359775.0,22717,145.76,40225,359775
600000,84,539546.0,34936,206.94,60454,539546
800000,84,719646.0,39270,231.45,80354,719646
1000000,84,899920.0,39270,231.45,100080,899920
2,85,2.0,1,0.01,0,2
3,85,2.0,2,0.06,1,2
100,85,86.0,60,1.65,14,86
200,85,175.0,128,3.92,25,175
2000,85,1788.0,786,16.85,212,1788
10000,85,8942.0,3184,40.67,1058,8942
20000,85,17928.0,8389,67.19,2072,17928
40000,85,35917.0,15541,106.82,4083,35917
60000,85,53909.0,18682,125.13,6091,53909
80000,85,71936.0,20447,136.97,8064,71936
100000,85,89884.0,24782,166.79,10116,89884
200000,85,179746.0,36268,224.85,20254,179746
400000,85,359695.0,40812,247.84,40305,359695
600000,85,539720.0,41517,253.39,60280,539720
800000,85,719784.0,42459,258.64,80216,719784
1000000,85,899924.0,42523,260.22,100076,899924
2,86,2.0,1,0.01,0,2
3,86,3.0,2,0.06,0,3
100,86,84.0,48,1.05,16,84
200,86,175.0,128,2.21,25,175
2000,86,1769.0,1489,23.65,231,1769
10000,86,8932.0,4514,62.85,1068,8932
20000,86,17936.0,6256,73.98,2064,17936
40000,86,35882.0,12733,110.78,4118,35882
60000,86,53917.0,13295,115.03,6083,53917
80000,86,71921.0,15745,127.32,8079,71921
100000,86,89922.0,19061,143.95,10078,89922
200000,86,180055.0,29650,201.53,19945,180055
400000,86,360009.0,32589,236.61,39991,360009
600000,86,540156.0,43759,293.54,59844,540156
800000,86,720021.0,52002,337.18,79979,720021
1000000,86,899935.0,61233,388.74,100065,899935
2,87,1.0,1,0.01,1,1
3,87,2.0,2,0.06,1,2
100,87,85.0,81,3.33,15,85
200,87,175.0,164,4.69,25,175
2000,87,1762.0,891,24.08,238,1762
10000,87,8936.0,3231,50.27,1064,8936
20000,87,17941.0,9217,81.23,2059,17941
40000,87,35815.0,19028,136.54,4185,35815
60000,87,53709.0,25810,196.01,6291,53709
80000,87,71649.0,35916,247.44,8351,71649
100000,87,89621.0,36477,250.6,10379,89621
200000,87,179694.0,36486,251.05,20306,179694
400000,87,359613.0,38084,260.53,40387,359613
600000,87,539840.0,41089,275.69,60160,539840
800000,87,719721.0,42053,286.49,80279,719721
1000000,87,899666.0,58758,370.65,100334,899666
2,88,0.0,1,0.01,2,0
3,88,1.0,2,0.06,2,1
100,88,84.0,97,4.76,16,84
200,88,169.0,125,6.16,31,169
2000,88,1778.0,666,22.41,222,1778
10000,88,8960.0,3543,55.38,1040,8960
20000,88,17908.0,10800,101.25,2092,17908
40000,88,35886.0,21811,161.03,4114,35886
60000,88,53816.0,27379,205.83,6184,53816
80000,88,71858.0,27794,208.22,8142,71858
100000,88,89749.0,35561,248.86,10251,89749
200000,88,179859.0,36512,255.1,20141,179859
400000,88,359734.0,49445,324.49,40266,359734
600000,88,539802.0,57494,365.0,60198,539802
800000,88,719824.0,60290,380.83,80176,719824
1000000,88,899697.0,60810,384.15,100303,899697
2,89,2.0,1,0.01,0,2
3,89,3.0,2,0.06,0,3
100,89,84.0,48,0.87,16,84
200,89,171.0,53,0.94,29,171
2000,89,1779.0,379,2.79,221,1779
10000,89,8936.0,3176,45.04,1064,8936
20000,89,17896.0,5993,60.93,2104,17896
40000,89,35849.0,7580,75.3,4151,35849
60000,89,53769.0,16754,129.35,6231,53769
80000,89,71723.0,19647,145.3,8277,71723
100000,89,89623.0,23005,162.45,10377,89623
200000,89,179644.0,23323,164.13,20356,179644
400000,89,359638.0,39772,246.56,40362,359638
600000,89,539618.0,40692,252.15,60382,539618
800000,89,719678.0,41845,259.35,80322,719678
1000000,89,899484.0,45514,280.76,100516,899484
2,90,1.0,1,0.01,1,1
3,90,2.0,2,0.06,1,2
100,90,81.0,36,1.53,19,81
200,90,170.0,65,2.98,30,170
2000,90,1797.0,1457,15.79,203,1797
10000,90,8962.0,5583,45.38,1038,8962
20000,90,17968.0,8189,59.26,2032,17968
40000,90,36022.0,13862,92.03,3978,36022
60000,90,54024.0,24097,143.3,5976,54024
80000,90,71972.0,26887,157.34,8028,71972
100000,90,90044.0,27276,159.51,9956,90044
200000,90,179987.0,43647,241.77,20013,179987
400000,90,359694.0,60836,365.78,40306,359694
600000,90,539707.0,68511,404.34,60293,539707
800000,90,719674.0,69317,408.59,80326,719674
1000000,90,899569.0,77473,453.06,100431,899569
2,91,1.0,1,0.01,1,1
3,91,2.0,2,0.06,1,2
100,91,89.0,85,2.0,11,89
200,91,175.0,119,2.26,25,175
2000,91,1804.0,742,6.32,196,1804
10000,91,8998.0,5410,45.46,1002,8998
20000,91,17970.0,8895,79.12,2030,17970
40000,91,35902.0,14875,119.42,4098,35902
60000,91,53892.0,18966,140.86,6108,53892
80000,91,71888.0,25669,174.56,8112,71888
100000,91,89918.0,29029,191.76,10082,89918
200000,91,179853.0,50473,299.34,20147,179853
400000,91,359834.0,70002,397.48,40166,359834
600000,91,539998.0,70003,397.53,60002,539998
800000,91,720124.0,70006,397.68,79876,720124
1000000,91,899979.0,76147,430.01,100021,899979
2,92,2.0,1,0.01,0,2
3,92,2.0,2,0.06,1,2
100,92,89.0,64,0.68,11,89
200,92,176.0,103,1.28,24,176
2000,92,1781.0,1101,10.14,219,1781
10000,92,8971.0,4945,34.54,1029,8971
20000,92,17929.0,7581,72.87,2071,17929
40000,92,35930.0,11759,107.98,4070,35930
60000,92,53878.0,13220,128.56,6122,53878
80000,92,71882.0,15870,142.17,8118,71882
100000,92,89839.0,16656,146.46,10161,89839
200000,92,179827.0,20462,166.16,20173,179827
400000,92,359693.0,40248,265.77,40307,359693
600000,92,539694.0,45508,306.15,60306,539694
800000,92,719481.0,48195,319.99,80519,719481
1000000,92,899415.0,49574,327.34,100585,899415
2,93,1.0,1,0.01,1,1
3,93,1.0,2,0.06,2,1
100,93,89.0,22,1.01,11,89
200,93,176.0,47,2.26,24,176
2000,93,1777.0,1002,11.94,223,1777
10000,93,8977.0,5105,37.27,1023,8977
20000,93,17953.0,9199,65.3,2047,17953
40000,93,35915.0,18766,114.89,4085,35915
60000,93,53870.0,24172,152.72,6130,53870
80000,93,71838.0,33491,199.45,8162,71838
100000,93,89780.0,37829,224.06,10220,89780
200000,93,179478.0,56488,324.02,20522,179478
400000,93,359559.0,57596,329.96,40441,359559
600000,93,539340.0,87644,481.1,60660,539340
800000,93,719234.0,94690,516.38,80766,719234
1000000,93,899153.0,95520,520.8,100847,899153
2,94,2.0,1,0.01,0,2
3,94,3.0,2,0.06,0,3
100,94,90.0,41,0.93,10,90
200,94,176.0,87,1.92,24,176
2000,94,1764.0,1464,25.99,236,1764
10000,94,8940.0,4993,60.38,1060,8940
20000,94,17955.0,8784,81.27,2045,17955
40000,94,35848.0,14946,119.59,4152,35848
60000,94,53894.0,15077,120.34,6106,53894
80000,94,71797.0,18615,144.78,8203,71797
100000,94,89780.0,20064,152.74,10220,89780
200000,94,179841.0,23464,171.77,20159,179841
400000,94,359644.0,35107,240.6,40356,359644
600000,94,539710.0,35276,241.72,60290,539710
800000,94,720081.0,38680,259.19,79919,720081
1000000,94,900145.0,38680,259.19,99855,900145
2,95,2.0,1,0.01,0,2
3,95,3.0,2,0.06,0,3
100,95,87.0,48,2.04,13,87
200,95,177.0,114,2.82,23,177
2000,95,1792.0,1249,19.48,208,1792
10000,95,8932.0,4673,50.19,1068,8932
20000,95,17822.0,9450,109.84,2178,17822
40000,95,35801.0,20291,165.76,4199,35801
60000,95,53830.0,20291,165.76,6170,53830
80000,95,71728.0,24581,188.87,8272,71728
100000,95,89736.0,25052,197.12,10264,89736
200000,95,179732.0,27074,214.3,20268,179732
400000,95,359756.0,33497,252.98,40244,359756
600000,95,539861.0,41060,292.01,60139,539861
800000,95,719871.0,41302,293.45,80129,719871
1000000,95,899673.0,46862,321.56,100327,899673
2,96,2.0,1,0.01,0,2
3,96,3.0,2,0.06,0,3
100,96,92.0,71,1.75,8,92
200,96,181.0,131,2.45,19,181
2000,96,1781.0,1437,16.37,219,1781
10000,96,8934.0,4437,40.77,1066,8934
20000,96,17923.0,6421,51.37,2077,17923
40000,96,35957.0,7123,55.19,4043,35957
60000,96,54048.0,7279,55.97,5952,54048
80000,96,72020.0,7731,58.37,7980,72020
100000,96,90055.0,8048,59.95,9945,90055
200000,96,180153.0,9421,68.53,19847,180153
400000,96,360041.0,12532,85.16,39959,360041
600000,96,540110.0,15247,100.4,59890,540110
800000,96,720173.0,17311,110.81,79827,720173
1000000,96,900214.0,19510,122.93,99786,900214
2,97,2.0,1,0.01,0,2
3,97,3.0,2,0.06,0,3
100,97,93.0,65,0.55,7,93
200,97,179.0,92,0.96,21,179
2000,97,1796.0,1373,8.3,204,1796
10000,97,9027.0,3465,19.4,973,9027
20000,97,18015.0,6086,39.66,1985,18015
40000,97,35960.0,13022,76.68,4040,35960
60000,97,53903.0,20574,140.31,6097,53903
80000,97,71890.0,23988,188.2,8110,71890
100000,97,89904.0,24305,191.23,10096,89904
200000,97,179783.0,27773,212.26,20217,179783
400000,97,359444.0,60421,384.32,40556,359444
600000,97,539379.0,62388,394.56,60621,539379
800000,97,719528.0,62406,395.46,80472,719528
1000000,97,899705.0,62412,395.76,100295,899705
2,98,2.0,1,0.01,0,2
3,98,3.0,2,0.06,0,3
100,98,87.0,73,1.44,13,87
200,98,178.0,154,2.25,22,178
2000,98,1777.0,1205,20.56,223,1777
10000,98,8992.0,3698,40.59,1008,8992
20000,98,17955.0,7043,68.88,2045,17955
40000,98,35913.0,9258,90.12,4087,35913
60000,98,53846.0,11091,99.64,6154,53846
80000,98,71847.0,11951,104.62,8153,71847
100000,98,89793.0,12425,108.65,10207,89793
200000,98,179806.0,14119,171.89,20194,179806
400000,98,359783.0,15643,182.34,40217,359783
600000,98,539761.0,18349,204.65,60239,539761
800000,98,719639.0,18805,212.24,80361,719639
1000000,98,899565.0,19985,224.93,100435,899565
2,99,2.0,1,0.01,0,2
3,99,3.0,2,0.06,0,3
100,99,87.0,70,1.43,13,87
200,99,173.0,153,2.11,27,173
2000,99,1782.0,1186,8.45,218,1782
10000,99,8974.0,5727,38.27,1026,8974
20000,99,17932.0,7992,50.85,2068,17932
40000,99,35856.0,11151,69.93,4144,35856
60000,99,53811.0,17859,105.0,6189,53811
80000,99,71769.0,33897,185.32,8231,71769
100000,99,89723.0,44814,240.13,10277,89723
200000,99,179667.0,48640,260.48,20333,179667
400000,99,359850.0,51730,275.97,40150,359850
600000,99,539749.0,51863,276.73,60251,539749
800000,99,719715.0,54646,291.05,80285,719715
1000000,99,899673.0,56875,306.42,100327,899673
2,100,2.0,1,0.01,0,2
3,100,3.0,2,0.06,0,3
100,100,84.0,48,1.32,16,84
200,100,171.0,65,1.76,29,171
2000,100,1767.0,893,12.66,233,1767
10000,100,8944.0,4449,33.18,1056,8944
20000,100,17865.0,6620,53.08,2135,17865
40000,100,35955.0,7829,59.17,4045,35955
60000,100,53919.0,8334,61.97,6081,53919
80000,100,71869.0,12053,82.58,8131,71869
100000,100,89904.0,17329,109.14,10096,89904
200000,100,180051.0,17881,112.44,19949,180051
400000,100,360122.0,20163,124.98,39878,360122
600000,100,539853.0,37007,213.74,60147,539853
800000,100,719816.0,37495,216.27,80184,719816
1000000,100,899684.0,39565,232.2,100316,899684
