Timestep,Iteration,Total Reward,Suboptimal Arms,Total Regret,Zeros Count,Ones Count
2,1,1.0,1,0.05,1,1
3,1,1.0,2,0.09,2,1
100,1,85.0,67,3.01,15,85
200,1,178.0,128,5.76,22,178
2000,1,1743.0,992,44.64,257,1743
10000,1,8838.0,1953,87.89,1162,8838
20000,1,17801.0,2414,108.63,2199,17801
40000,1,35729.0,2635,118.58,4271,35729
60000,1,53661.0,2693,121.19,6339,53661
80000,1,71589.0,2766,124.47,8411,71589
10000,1,8838.0,1953,87.89,1162,8838
2,2,2.0,1,0.05,0,2
3,2,3.0,2,0.09,0,3
100,2,84.0,63,2.83,16,84
200,2,174.0,119,5.35,26,174
2000,2,1758.0,987,44.42,242,1758
10000,2,8783.0,3033,136.49,1217,8783
20000,2,17731.0,3261,146.74,2269,17731
40000,2,35606.0,3790,170.55,4394,35606
60000,2,53573.0,4002,180.09,6427,53573
80000,2,71433.0,4247,191.11,8567,71433
10000,2,8783.0,3033,136.49,1217,8783
2,3,2.0,1,0.05,0,2
3,3,2.0,2,0.09,1,2
100,3,87.0,59,2.65,13,87
200,3,177.0,116,5.22,23,177
2000,3,1760.0,1138,51.21,240,1760
10000,3,8862.0,2560,115.2,1138,8862
20000,3,17789.0,2945,132.53,2211,17789
40000,3,35684.0,3401,153.04,4316,35684
60000,3,53577.0,3610,162.45,6423,53577
80000,3,71510.0,4125,185.62,8490,71510
10000,3,8862.0,2560,115.2,1138,8862
2,4,2.0,1,0.05,0,2
3,4,3.0,2,0.09,0,3
100,4,84.0,63,2.83,16,84
200,4,171.0,117,5.26,29,171
2000,4,1747.0,863,38.84,253,1747
10000,4,8840.0,2179,98.06,1160,8840
20000,4,17742.0,2616,117.72,2258,17742
40000,4,35582.0,3126,140.67,4418,35582
60000,4,53376.0,3481,156.64,6624,53376
80000,4,71289.0,3499,157.45,8711,71289
10000,4,8840.0,2179,98.06,1160,8840
2,5,2.0,1,0.05,0,2
3,5,3.0,2,0.09,0,3
100,5,92.0,66,2.97,8,92
200,5,181.0,118,5.31,19,181
2000,5,1766.0,950,42.75,234,1766
10000,5,8820.0,2603,117.14,1180,8820
20000,5,17727.0,3134,141.03,2273,17727
40000,5,35586.0,3861,173.74,4414,35586
60000,5,53372.0,4662,209.79,6628,53372
80000,5,71340.0,4743,213.43,8660,71340
10000,5,8820.0,2603,117.14,1180,8820
2,6,2.0,1,0.05,0,2
3,6,3.0,2,0.09,0,3
100,6,88.0,67,3.01,12,88
200,6,178.0,127,5.71,22,178
2000,6,1752.0,790,35.55,248,1752
10000,6,8948.0,1608,72.36,1052,8948
20000,6,17883.0,2238,100.71,2117,17883
40000,6,35668.0,3421,153.94,4332,35668
60000,6,53541.0,3824,172.08,6459,53541
80000,6,71338.0,4158,187.11,8662,71338
10000,6,8948.0,1608,72.36,1052,8948
2,7,2.0,1,0.05,0,2
3,7,3.0,2,0.09,0,3
100,7,90.0,61,2.74,10,90
200,7,181.0,116,5.22,19,181
2000,7,1782.0,999,44.96,218,1782
10000,7,8842.0,2801,126.05,1158,8842
20000,7,17780.0,3866,173.97,2220,17780
40000,7,35629.0,4635,208.57,4371,35629
60000,7,53510.0,4983,224.23,6490,53510
80000,7,71411.0,5111,229.99,8589,71411
10000,7,8842.0,2801,126.05,1158,8842
2,8,2.0,1,0.05,0,2
3,8,3.0,2,0.09,0,3
100,8,87.0,58,2.61,13,87
200,8,181.0,115,5.17,19,181
2000,8,1735.0,910,40.95,265,1735
10000,8,8853.0,2543,114.44,1147,8853
20000,8,17749.0,3528,158.76,2251,17749
40000,8,35562.0,4255,191.47,4438,35562
60000,8,53476.0,4406,198.27,6524,53476
80000,8,71339.0,4466,200.97,8661,71339
10000,8,8853.0,2543,114.44,1147,8853
2,9,2.0,1,0.05,0,2
3,9,3.0,2,0.09,0,3
100,9,86.0,58,2.61,14,86
200,9,171.0,105,4.72,29,171
2000,9,1769.0,943,42.44,231,1769
10000,9,8843.0,2346,105.57,1157,8843
20000,9,17796.0,2776,124.92,2204,17796
40000,9,35696.0,3464,155.88,4304,35696
60000,9,53593.0,4026,181.17,6407,53593
80000,9,71458.0,4207,189.31,8542,71458
10000,9,8843.0,2346,105.57,1157,8843
2,10,2.0,1,0.05,0,2
3,10,3.0,2,0.09,0,3
100,10,84.0,66,2.97,16,84
200,10,173.0,135,6.07,27,173
2000,10,1756.0,776,34.92,244,1756
10000,10,8813.0,2584,116.28,1187,8813
20000,10,17787.0,2670,120.15,2213,17787
40000,10,35634.0,3074,138.33,4366,35634
60000,10,53546.0,3194,143.73,6454,53546
80000,10,71433.0,3376,151.92,8567,71433
10000,10,8813.0,2584,116.28,1187,8813
2,11,2.0,1,0.05,0,2
3,11,3.0,2,0.09,0,3
100,11,87.0,61,2.74,13,87
200,11,168.0,108,4.86,32,168
2000,11,1772.0,718,32.31,228,1772
10000,11,8852.0,2568,115.56,1148,8852
20000,11,17785.0,3688,165.96,2215,17785
40000,11,35620.0,4213,189.58,4380,35620
60000,11,53541.0,4364,196.38,6459,53541
80000,11,71379.0,4448,200.16,8621,71379
10000,11,8852.0,2568,115.56,1148,8852
2,12,2.0,1,0.05,0,2
3,12,3.0,2,0.09,0,3
100,12,88.0,64,2.88,12,88
200,12,179.0,123,5.53,21,179
2000,12,1761.0,929,41.81,239,1761
10000,12,8820.0,2925,131.63,1180,8820
20000,12,17712.0,3936,177.12,2288,17712
40000,12,35466.0,4501,202.54,4534,35466
60000,12,53433.0,4783,215.23,6567,53433
80000,12,71347.0,4817,216.76,8653,71347
10000,12,8820.0,2925,131.63,1180,8820
2,13,2.0,1,0.05,0,2
3,13,3.0,2,0.09,0,3
100,13,84.0,71,3.19,16,84
200,13,169.0,135,6.07,31,169
2000,13,1733.0,1026,46.17,267,1733
10000,13,8849.0,2835,127.58,1151,8849
20000,13,17749.0,3321,149.44,2251,17749
40000,13,35582.0,3762,169.29,4418,35582
60000,13,53485.0,3978,179.01,6515,53485
80000,13,71283.0,4171,187.69,8717,71283
10000,13,8849.0,2835,127.58,1151,8849
2,14,2.0,1,0.05,0,2
3,14,2.0,2,0.09,1,2
100,14,87.0,62,2.79,13,87
200,14,176.0,125,5.62,24,176
2000,14,1753.0,1024,46.08,247,1753
10000,14,8877.0,1972,88.74,1123,8877
20000,14,17729.0,2856,128.52,2271,17729
40000,14,35602.0,3423,154.03,4398,35602
60000,14,53522.0,3561,160.24,6478,53522
80000,14,71359.0,3707,166.81,8641,71359
10000,14,8877.0,1972,88.74,1123,8877
2,15,2.0,1,0.05,0,2
3,15,3.0,2,0.09,0,3
100,15,88.0,59,2.65,12,88
200,15,174.0,116,5.22,26,174
2000,15,1749.0,987,44.42,251,1749
10000,15,8798.0,3249,146.2,1202,8798
20000,15,17683.0,3938,177.21,2317,17683
40000,15,35589.0,4465,200.92,4411,35589
60000,15,53463.0,4747,213.61,6537,53463
80000,15,71383.0,4841,217.84,8617,71383
10000,15,8798.0,3249,146.2,1202,8798
2,16,2.0,1,0.05,0,2
3,16,3.0,2,0.09,0,3
100,16,84.0,64,2.88,16,84
200,16,173.0,133,5.98,27,173
2000,16,1765.0,811,36.5,235,1765
10000,16,8890.0,2251,101.3,1110,8890
20000,16,17837.0,2746,123.57,2163,17837
40000,16,35731.0,3021,135.95,4269,35731
60000,16,53608.0,3772,169.74,6392,53608
80000,16,71509.0,4076,183.42,8491,71509
10000,16,8890.0,2251,101.3,1110,8890
2,17,2.0,1,0.05,0,2
3,17,3.0,2,0.09,0,3
100,17,88.0,67,3.01,12,88
200,17,170.0,129,5.8,30,170
2000,17,1723.0,1094,49.23,277,1723
10000,17,8808.0,1969,88.61,1192,8808
20000,17,17712.0,2307,103.82,2288,17712
40000,17,35518.0,2773,124.79,4482,35518
60000,17,53380.0,2900,130.5,6620,53380
80000,17,71273.0,3288,147.96,8727,71273
10000,17,8808.0,1969,88.61,1192,8808
2,18,2.0,1,0.05,0,2
3,18,3.0,2,0.09,0,3
100,18,87.0,64,2.88,13,87
200,18,173.0,128,5.76,27,173
2000,18,1735.0,988,44.46,265,1735
10000,18,8796.0,2331,104.9,1204,8796
20000,18,17728.0,2769,124.61,2272,17728
40000,18,35555.0,3520,158.4,4445,35555
60000,18,53540.0,3526,158.67,6460,53540
80000,18,71408.0,3693,166.18,8592,71408
10000,18,8796.0,2331,104.9,1204,8796
2,19,2.0,1,0.05,0,2
3,19,2.0,2,0.09,1,2
100,19,84.0,66,2.97,16,84
200,19,173.0,129,5.8,27,173
2000,19,1736.0,1122,50.49,264,1736
10000,19,8846.0,2549,114.71,1154,8846
20000,19,17779.0,3078,138.51,2221,17779
40000,19,35620.0,3642,163.89,4380,35620
60000,19,53491.0,3879,174.55,6509,53491
80000,19,71346.0,3959,178.15,8654,71346
10000,19,8846.0,2549,114.71,1154,8846
2,20,2.0,1,0.05,0,2
3,20,3.0,2,0.09,0,3
100,20,79.0,65,2.92,21,79
200,20,165.0,122,5.49,35,165
2000,20,1740.0,843,37.94,260,1740
10000,20,8874.0,1864,83.88,1126,8874
20000,20,17789.0,2179,98.06,2211,17789
40000,20,35681.0,3679,165.55,4319,35681
60000,20,53546.0,3955,177.97,6454,53546
80000,20,71460.0,4207,189.31,8540,71460
10000,20,8874.0,1864,83.88,1126,8874
2,21,2.0,1,0.05,0,2
3,21,3.0,2,0.09,0,3
100,21,89.0,67,3.01,11,89
200,21,179.0,123,5.53,21,179
2000,21,1754.0,1179,53.06,246,1754
10000,21,8795.0,2709,121.91,1205,8795
20000,21,17658.0,3321,149.44,2342,17658
40000,21,35516.0,4490,202.05,4484,35516
60000,21,53428.0,4579,206.05,6572,53428
80000,21,71363.0,4609,207.4,8637,71363
10000,21,8795.0,2709,121.91,1205,8795
2,22,2.0,1,0.05,0,2
3,22,3.0,2,0.09,0,3
100,22,84.0,65,2.92,16,84
200,22,168.0,122,5.49,32,168
2000,22,1724.0,1055,47.48,276,1724
10000,22,8835.0,2315,104.18,1165,8835
20000,22,17744.0,2833,127.49,2256,17744
40000,22,35641.0,3089,139.01,4359,35641
60000,22,53528.0,3432,154.44,6472,53528
80000,22,71309.0,3820,171.9,8691,71309
10000,22,8835.0,2315,104.18,1165,8835
2,23,0.0,1,0.05,2,0
3,23,1.0,2,0.09,2,1
100,23,87.0,60,2.7,13,87
200,23,177.0,124,5.58,23,177
2000,23,1752.0,869,39.11,248,1752
10000,23,8846.0,1976,88.92,1154,8846
20000,23,17771.0,2470,111.15,2229,17771
40000,23,35675.0,2826,127.17,4325,35675
60000,23,53626.0,3032,136.44,6374,53626
80000,23,71568.0,3066,137.97,8432,71568
10000,23,8846.0,1976,88.92,1154,8846
2,24,2.0,1,0.05,0,2
3,24,3.0,2,0.09,0,3
100,24,84.0,63,2.83,16,84
200,24,176.0,113,5.08,24,176
2000,24,1749.0,745,33.53,251,1749
10000,24,8869.0,1835,82.58,1131,8869
20000,24,17801.0,2266,101.97,2199,17801
40000,24,35670.0,2860,128.7,4330,35670
60000,24,53651.0,2954,132.93,6349,53651
80000,24,71578.0,3706,166.77,8422,71578
10000,24,8869.0,1835,82.58,1131,8869
2,25,2.0,1,0.05,0,2
3,25,2.0,2,0.09,1,2
100,25,88.0,64,2.88,12,88
200,25,178.0,121,5.44,22,178
2000,25,1753.0,827,37.22,247,1753
10000,25,8777.0,1987,89.42,1223,8777
20000,25,17757.0,2104,94.68,2243,17757
40000,25,35653.0,2448,110.16,4347,35653
60000,25,53553.0,2551,114.8,6447,53553
80000,25,71391.0,2672,120.24,8609,71391
10000,25,8777.0,1987,89.42,1223,8777
2,26,2.0,1,0.05,0,2
3,26,3.0,2,0.09,0,3
100,26,92.0,68,3.06,8,92
200,26,180.0,125,5.62,20,180
2000,26,1741.0,1146,51.57,259,1741
10000,26,8836.0,2502,112.59,1164,8836
20000,26,17732.0,3372,151.74,2268,17732
40000,26,35585.0,3888,174.96,4415,35585
60000,26,53407.0,4150,186.75,6593,53407
80000,26,71199.0,4392,197.64,8801,71199
10000,26,8836.0,2502,112.59,1164,8836
2,27,2.0,1,0.05,0,2
3,27,3.0,2,0.09,0,3
100,27,87.0,59,2.65,13,87
200,27,171.0,117,5.26,29,171
2000,27,1726.0,877,39.47,274,1726
10000,27,8883.0,2032,91.44,1117,8883
20000,27,17781.0,3040,136.8,2219,17781
40000,27,35660.0,3605,162.22,4340,35660
60000,27,53576.0,3756,169.02,6424,53576
80000,27,71395.0,4012,180.54,8605,71395
10000,27,8883.0,2032,91.44,1117,8883
2,28,2.0,1,0.05,0,2
3,28,3.0,2,0.09,0,3
100,28,87.0,61,2.74,13,87
200,28,175.0,120,5.4,25,175
2000,28,1741.0,1021,45.95,259,1741
10000,28,8814.0,2353,105.89,1186,8814
20000,28,17746.0,2879,129.56,2254,17746
40000,28,35649.0,3572,160.74,4351,35649
60000,28,53586.0,3683,165.73,6414,53586
80000,28,71448.0,3845,173.02,8552,71448
10000,28,8814.0,2353,105.89,1186,8814
2,29,2.0,1,0.05,0,2
3,29,3.0,2,0.09,0,3
100,29,86.0,65,2.92,14,86
200,29,174.0,123,5.53,26,174
2000,29,1743.0,982,44.19,257,1743
10000,29,8838.0,2773,124.79,1162,8838
20000,29,17799.0,3730,167.85,2201,17799
40000,29,35618.0,4525,203.62,4382,35618
60000,29,53582.0,4686,210.87,6418,53582
80000,29,71497.0,4857,218.56,8503,71497
10000,29,8838.0,2773,124.79,1162,8838
2,30,2.0,1,0.05,0,2
3,30,2.0,2,0.09,1,2
100,30,87.0,69,3.1,13,87
200,30,176.0,128,5.76,24,176
2000,30,1768.0,970,43.65,232,1768
10000,30,8827.0,2447,110.12,1173,8827
20000,30,17769.0,3086,138.87,2231,17769
40000,30,35683.0,3673,165.28,4317,35683
60000,30,53602.0,3828,172.26,6398,53602
80000,30,71489.0,3972,178.74,8511,71489
10000,30,8827.0,2447,110.12,1173,8827
2,31,2.0,1,0.05,0,2
3,31,3.0,2,0.09,0,3
100,31,87.0,66,2.97,13,87
200,31,178.0,127,5.71,22,178
2000,31,1781.0,959,43.16,219,1781
10000,31,8879.0,2165,97.43,1121,8879
20000,31,17779.0,2646,119.07,2221,17779
40000,31,35630.0,3083,138.74,4370,35630
60000,31,53540.0,3186,143.37,6460,53540
80000,31,71413.0,3374,151.83,8587,71413
10000,31,8879.0,2165,97.43,1121,8879
2,32,2.0,1,0.05,0,2
3,32,3.0,2,0.09,0,3
100,32,88.0,66,2.97,12,88
200,32,174.0,125,5.62,26,174
2000,32,1739.0,1074,48.33,261,1739
10000,32,8756.0,2413,108.59,1244,8756
20000,32,17673.0,2589,116.51,2327,17673
40000,32,35466.0,2803,126.14,4534,35466
60000,32,53376.0,2857,128.57,6624,53376
80000,32,71258.0,2929,131.81,8742,71258
10000,32,8756.0,2413,108.59,1244,8756
2,33,2.0,1,0.05,0,2
3,33,3.0,2,0.09,0,3
100,33,86.0,62,2.79,14,86
200,33,177.0,126,5.67,23,177
2000,33,1766.0,985,44.33,234,1766
10000,33,8869.0,2626,118.17,1131,8869
20000,33,17728.0,3805,171.22,2272,17728
40000,33,35565.0,4362,196.29,4435,35565
60000,33,53553.0,4604,207.18,6447,53553
80000,33,71474.0,4734,213.03,8526,71474
10000,33,8869.0,2626,118.17,1131,8869
2,34,2.0,1,0.05,0,2
3,34,3.0,2,0.09,0,3
100,34,87.0,66,2.97,13,87
200,34,176.0,130,5.85,24,176
2000,34,1748.0,1075,48.38,252,1748
10000,34,8827.0,2647,119.12,1173,8827
20000,34,17789.0,3148,141.66,2211,17789
40000,34,35716.0,3515,158.17,4284,35716
60000,34,53655.0,3681,165.64,6345,53655
80000,34,71553.0,3872,174.24,8447,71553
10000,34,8827.0,2647,119.12,1173,8827
2,35,2.0,1,0.05,0,2
3,35,3.0,2,0.09,0,3
100,35,89.0,61,2.74,11,89
200,35,174.0,118,5.31,26,174
2000,35,1773.0,779,35.06,227,1773
10000,35,8851.0,2283,102.74,1149,8851
20000,35,17808.0,2790,125.55,2192,17808
40000,35,35746.0,3068,138.06,4254,35746
60000,35,53688.0,3592,161.64,6312,53688
80000,35,71571.0,3744,168.48,8429,71571
10000,35,8851.0,2283,102.74,1149,8851
2,36,1.0,1,0.05,1,1
3,36,2.0,2,0.09,1,2
100,36,85.0,66,2.97,15,85
200,36,176.0,133,5.98,24,176
2000,36,1754.0,1110,49.95,246,1754
10000,36,8869.0,2734,123.03,1131,8869
20000,36,17823.0,3155,141.98,2177,17823
40000,36,35714.0,3595,161.77,4286,35714
60000,36,53584.0,3881,174.64,6416,53584
80000,36,71447.0,4542,204.39,8553,71447
10000,36,8869.0,2734,123.03,1131,8869
2,37,2.0,1,0.05,0,2
3,37,3.0,2,0.09,0,3
100,37,83.0,66,2.97,17,83
200,37,170.0,129,5.8,30,170
2000,37,1717.0,1109,49.91,283,1717
10000,37,8868.0,1927,86.72,1132,8868
20000,37,17788.0,2977,133.97,2212,17788
40000,37,35694.0,3546,159.57,4306,35694
60000,37,53575.0,3682,165.69,6425,53575
80000,37,71476.0,3957,178.06,8524,71476
10000,37,8868.0,1927,86.72,1132,8868
2,38,2.0,1,0.05,0,2
3,38,3.0,2,0.09,0,3
100,38,85.0,67,3.01,15,85
200,38,169.0,126,5.67,31,169
2000,38,1749.0,719,32.36,251,1749
10000,38,8827.0,2029,91.31,1173,8827
20000,38,17743.0,2691,121.1,2257,17743
40000,38,35628.0,2948,132.66,4372,35628
60000,38,53482.0,3216,144.72,6518,53482
80000,38,71339.0,3790,170.55,8661,71339
10000,38,8827.0,2029,91.31,1173,8827
2,39,2.0,1,0.05,0,2
3,39,3.0,2,0.09,0,3
100,39,89.0,65,2.92,11,89
200,39,171.0,132,5.94,29,171
2000,39,1738.0,761,34.25,262,1738
10000,39,8891.0,1416,63.72,1109,8891
20000,39,17809.0,1980,89.1,2191,17809
40000,39,35630.0,2297,103.37,4370,35630
60000,39,53415.0,2751,123.8,6585,53415
80000,39,71275.0,2872,129.24,8725,71275
10000,39,8891.0,1416,63.72,1109,8891
2,40,2.0,1,0.05,0,2
3,40,3.0,2,0.09,0,3
100,40,87.0,63,2.83,13,87
200,40,174.0,126,5.67,26,174
2000,40,1753.0,1038,46.71,247,1753
10000,40,8823.0,2439,109.76,1177,8823
20000,40,17785.0,2896,130.32,2215,17785
40000,40,35694.0,3183,143.23,4306,35694
60000,40,53555.0,3562,160.29,6445,53555
80000,40,71381.0,3903,175.63,8619,71381
10000,40,8823.0,2439,109.76,1177,8823
2,41,2.0,1,0.05,0,2
3,41,3.0,2,0.09,0,3
100,41,87.0,69,3.1,13,87
200,41,173.0,123,5.53,27,173
2000,41,1746.0,892,40.14,254,1746
10000,41,8893.0,1826,82.17,1107,8893
20000,41,17798.0,2880,129.6,2202,17798
40000,41,35607.0,4413,198.58,4393,35607
60000,41,53418.0,4634,208.53,6582,53418
80000,41,71364.0,4681,210.64,8636,71364
10000,41,8893.0,1826,82.17,1107,8893
2,42,2.0,1,0.05,0,2
3,42,3.0,2,0.09,0,3
100,42,86.0,60,2.7,14,86
200,42,172.0,121,5.44,28,172
2000,42,1720.0,898,40.41,280,1720
10000,42,8780.0,2318,104.31,1220,8780
20000,42,17753.0,2466,110.97,2247,17753
40000,42,35628.0,2726,122.67,4372,35628
60000,42,53491.0,3176,142.92,6509,53491
80000,42,71419.0,3376,151.92,8581,71419
10000,42,8780.0,2318,104.31,1220,8780
2,43,2.0,1,0.05,0,2
3,43,2.0,2,0.09,1,2
100,43,92.0,65,2.92,8,92
200,43,183.0,135,6.07,17,183
2000,43,1750.0,1167,52.52,250,1750
10000,43,8843.0,2683,120.74,1157,8843
20000,43,17678.0,3596,161.82,2322,17678
40000,43,35537.0,3957,178.06,4463,35537
60000,43,53403.0,4184,188.28,6597,53403
80000,43,71254.0,4275,192.37,8746,71254
10000,43,8843.0,2683,120.74,1157,8843
2,44,1.0,1,0.05,1,1
3,44,2.0,2,0.09,1,2
100,44,87.0,64,2.88,13,87
200,44,177.0,124,5.58,23,177
2000,44,1753.0,893,40.19,247,1753
10000,44,8860.0,2812,126.54,1140,8860
20000,44,17751.0,3402,153.09,2249,17751
40000,44,35684.0,4064,182.88,4316,35684
60000,44,53562.0,4535,204.07,6438,53562
80000,44,71465.0,4661,209.74,8535,71465
10000,44,8860.0,2812,126.54,1140,8860
2,45,2.0,1,0.05,0,2
3,45,3.0,2,0.09,0,3
100,45,90.0,67,3.01,10,90
200,45,172.0,121,5.44,28,172
2000,45,1744.0,854,38.43,256,1744
10000,45,8845.0,1786,80.37,1155,8845
20000,45,17746.0,2318,104.31,2254,17746
40000,45,35594.0,3290,148.05,4406,35594
60000,45,53497.0,3398,152.91,6503,53497
80000,45,71392.0,3450,155.25,8608,71392
10000,45,8845.0,1786,80.37,1155,8845
2,46,2.0,1,0.05,0,2
3,46,3.0,2,0.09,0,3
100,46,87.0,63,2.83,13,87
200,46,171.0,135,6.07,29,171
2000,46,1767.0,931,41.9,233,1767
10000,46,8878.0,2108,94.86,1122,8878
20000,46,17733.0,3579,161.05,2267,17733
40000,46,35671.0,3877,174.46,4329,35671
60000,46,53605.0,4080,183.6,6395,53605
80000,46,71412.0,5225,235.12,8588,71412
10000,46,8878.0,2108,94.86,1122,8878
2,47,2.0,1,0.05,0,2
3,47,3.0,2,0.09,0,3
100,47,88.0,67,3.01,12,88
200,47,171.0,130,5.85,29,171
2000,47,1723.0,993,44.69,277,1723
10000,47,8823.0,2271,102.2,1177,8823
20000,47,17770.0,2622,117.99,2230,17770
40000,47,35613.0,3679,165.55,4387,35613
60000,47,53520.0,4118,185.31,6480,53520
80000,47,71384.0,4324,194.58,8616,71384
10000,47,8823.0,2271,102.2,1177,8823
2,48,2.0,1,0.05,0,2
3,48,3.0,2,0.09,0,3
100,48,88.0,64,2.88,12,88
200,48,173.0,123,5.53,27,173
2000,48,1757.0,988,44.46,243,1757
10000,48,8842.0,2772,124.74,1158,8842
20000,48,17817.0,3442,154.89,2183,17817
40000,48,35709.0,3936,177.12,4291,35709
60000,48,53571.0,4635,208.57,6429,53571
80000,48,71493.0,4715,212.17,8507,71493
10000,48,8842.0,2772,124.74,1158,8842
2,49,2.0,1,0.05,0,2
3,49,3.0,2,0.09,0,3
100,49,86.0,65,2.92,14,86
200,49,173.0,132,5.94,27,173
2000,49,1758.0,1024,46.08,242,1758
10000,49,8824.0,2959,133.16,1176,8824
20000,49,17746.0,3809,171.4,2254,17746
40000,49,35550.0,4238,190.71,4450,35550
60000,49,53478.0,4401,198.04,6522,53478
80000,49,71390.0,4568,205.56,8610,71390
10000,49,8824.0,2959,133.16,1176,8824
2,50,2.0,1,0.05,0,2
3,50,3.0,2,0.09,0,3
100,50,90.0,66,2.97,10,90
200,50,169.0,124,5.58,31,169
2000,50,1747.0,825,37.13,253,1747
10000,50,8877.0,1947,87.62,1123,8877
20000,50,17809.0,2244,100.98,2191,17809
40000,50,35651.0,2847,128.12,4349,35651
60000,50,53489.0,3463,155.83,6511,53489
80000,50,71466.0,3538,159.21,8534,71466
10000,50,8877.0,1947,87.62,1123,8877
2,51,2.0,1,0.05,0,2
3,51,3.0,2,0.09,0,3
100,51,88.0,67,3.01,12,88
200,51,175.0,132,5.94,25,175
2000,51,1750.0,1145,51.53,250,1750
10000,51,8838.0,2401,108.05,1162,8838
20000,51,17795.0,3110,139.95,2205,17795
40000,51,35692.0,3733,167.98,4308,35692
60000,51,53585.0,3882,174.69,6415,53585
80000,51,71433.0,4189,188.5,8567,71433
10000,51,8838.0,2401,108.05,1162,8838
2,52,1.0,1,0.05,1,1
3,52,2.0,2,0.09,1,2
100,52,87.0,63,2.83,13,87
200,52,176.0,128,5.76,24,176
2000,52,1724.0,995,44.78,276,1724
10000,52,8816.0,2346,105.57,1184,8816
20000,52,17814.0,2816,126.72,2186,17814
40000,52,35695.0,3697,166.36,4305,35695
60000,52,53629.0,3909,175.9,6371,53629
80000,52,71489.0,4237,190.66,8511,71489
10000,52,8816.0,2346,105.57,1184,8816
2,53,2.0,1,0.05,0,2
3,53,3.0,2,0.09,0,3
100,53,92.0,65,2.92,8,92
200,53,180.0,123,5.53,20,180
2000,53,1754.0,770,34.65,246,1754
10000,53,8837.0,2145,96.53,1163,8837
20000,53,17749.0,2608,117.36,2251,17749
40000,53,35638.0,2888,129.96,4362,35638
60000,53,53570.0,3039,136.76,6430,53570
80000,53,71414.0,3296,148.32,8586,71414
10000,53,8837.0,2145,96.53,1163,8837
2,54,1.0,1,0.05,1,1
3,54,1.0,2,0.09,2,1
100,54,79.0,67,3.01,21,79
200,54,168.0,124,5.58,32,168
2000,54,1740.0,1183,53.24,260,1740
10000,54,8824.0,3031,136.4,1176,8824
20000,54,17697.0,3935,177.07,2303,17697
40000,54,35565.0,4675,210.37,4435,35565
60000,54,53436.0,4909,220.9,6564,53436
80000,54,71378.0,5051,227.29,8622,71378
10000,54,8824.0,3031,136.4,1176,8824
2,55,2.0,1,0.05,0,2
3,55,3.0,2,0.09,0,3
100,55,82.0,64,2.88,18,82
200,55,171.0,123,5.53,29,171
2000,55,1737.0,812,36.54,263,1737
10000,55,8843.0,1868,84.06,1157,8843
20000,55,17810.0,2069,93.11,2190,17810
40000,55,35685.0,2797,125.87,4315,35685
60000,55,53579.0,2933,131.99,6421,53579
80000,55,71536.0,3033,136.49,8464,71536
10000,55,8843.0,1868,84.06,1157,8843
2,56,2.0,1,0.05,0,2
3,56,3.0,2,0.09,0,3
100,56,85.0,67,3.01,15,85
200,56,170.0,134,6.03,30,170
2000,56,1750.0,1084,48.78,250,1750
10000,56,8812.0,2613,117.59,1188,8812
20000,56,17743.0,3011,135.5,2257,17743
40000,56,35578.0,4270,192.15,4422,35578
60000,56,53537.0,4327,194.71,6463,53537
80000,56,71406.0,4480,201.6,8594,71406
10000,56,8812.0,2613,117.59,1188,8812
2,57,2.0,1,0.05,0,2
3,57,3.0,2,0.09,0,3
100,57,86.0,60,2.7,14,86
200,57,176.0,128,5.76,24,176
2000,57,1722.0,791,35.6,278,1722
10000,57,8817.0,1949,87.71,1183,8817
20000,57,17748.0,2631,118.4,2252,17748
40000,57,35650.0,3360,151.2,4350,35650
60000,57,53550.0,3656,164.52,6450,53550
80000,57,71492.0,3800,171.0,8508,71492
10000,57,8817.0,1949,87.71,1183,8817
2,58,2.0,1,0.05,0,2
3,58,3.0,2,0.09,0,3
100,58,83.0,66,2.97,17,83
200,58,178.0,132,5.94,22,178
2000,58,1764.0,1054,47.43,236,1764
10000,58,8880.0,2658,119.61,1120,8880
20000,58,17777.0,3221,144.94,2223,17777
40000,58,35667.0,3555,159.97,4333,35667
60000,58,53555.0,3799,170.95,6445,53555
80000,58,71432.0,4048,182.16,8568,71432
10000,58,8880.0,2658,119.61,1120,8880
2,59,1.0,1,0.05,1,1
3,59,2.0,2,0.09,1,2
100,59,84.0,68,3.06,16,84
200,59,168.0,136,6.12,32,168
2000,59,1756.0,891,40.1,244,1756
10000,59,8821.0,2532,113.94,1179,8821
20000,59,17699.0,3077,138.47,2301,17699
40000,59,35562.0,3584,161.28,4438,35562
60000,59,53494.0,3742,168.39,6506,53494
80000,59,71352.0,3966,178.47,8648,71352
10000,59,8821.0,2532,113.94,1179,8821
2,60,1.0,1,0.05,1,1
3,60,1.0,2,0.09,2,1
100,60,89.0,67,3.01,11,89
200,60,179.0,123,5.53,21,179
2000,60,1769.0,1053,47.39,231,1769
10000,60,8885.0,2249,101.21,1115,8885
20000,60,17833.0,2598,116.91,2167,17833
40000,60,35697.0,3546,159.57,4303,35697
60000,60,53516.0,4150,186.75,6484,53516
80000,60,71366.0,4286,192.87,8634,71366
10000,60,8885.0,2249,101.21,1115,8885
2,61,1.0,1,0.05,1,1
3,61,2.0,2,0.09,1,2
100,61,89.0,68,3.06,11,89
200,61,182.0,138,6.21,18,182
2000,61,1763.0,1007,45.32,237,1763
10000,61,8874.0,2635,118.58,1126,8874
20000,61,17824.0,2917,131.27,2176,17824
40000,61,35654.0,3511,157.99,4346,35654
60000,61,53515.0,3748,168.66,6485,53515
80000,61,71387.0,3924,176.58,8613,71387
10000,61,8874.0,2635,118.58,1126,8874
2,62,2.0,1,0.05,0,2
3,62,3.0,2,0.09,0,3
100,62,81.0,65,2.92,19,81
200,62,166.0,123,5.53,34,166
2000,62,1738.0,995,44.78,262,1738
10000,62,8848.0,1993,89.69,1152,8848
20000,62,17803.0,2496,112.32,2197,17803
40000,62,35702.0,2900,130.5,4298,35702
60000,62,53597.0,3001,135.05,6403,53597
80000,62,71505.0,3139,141.26,8495,71505
10000,62,8848.0,1993,89.69,1152,8848
2,63,2.0,1,0.05,0,2
3,63,3.0,2,0.09,0,3
100,63,91.0,67,3.01,9,91
200,63,176.0,123,5.53,24,176
2000,63,1766.0,975,43.88,234,1766
10000,63,8878.0,2225,100.13,1122,8878
20000,63,17757.0,3347,150.61,2243,17757
40000,63,35596.0,3944,177.48,4404,35596
60000,63,53495.0,4152,186.84,6505,53495
80000,63,71471.0,4266,191.97,8529,71471
10000,63,8878.0,2225,100.13,1122,8878
2,64,2.0,1,0.05,0,2
3,64,3.0,2,0.09,0,3
100,64,87.0,63,2.83,13,87
200,64,171.0,112,5.04,29,171
2000,64,1725.0,1045,47.03,275,1725
10000,64,8823.0,2334,105.03,1177,8823
20000,64,17765.0,3068,138.06,2235,17765
40000,64,35603.0,3589,161.5,4397,35603
60000,64,53456.0,4241,190.84,6544,53456
80000,64,71244.0,4506,202.77,8756,71244
10000,64,8823.0,2334,105.03,1177,8823
2,65,2.0,1,0.05,0,2
3,65,2.0,2,0.09,1,2
100,65,85.0,65,2.92,15,85
200,65,175.0,128,5.76,25,175
2000,65,1761.0,870,39.15,239,1761
10000,65,8884.0,2110,94.95,1116,8884
20000,65,17775.0,2507,112.82,2225,17775
40000,65,35680.0,2854,128.43,4320,35680
60000,65,53611.0,3038,136.71,6389,53611
80000,65,71508.0,3197,143.86,8492,71508
10000,65,8884.0,2110,94.95,1116,8884
2,66,2.0,1,0.05,0,2
3,66,3.0,2,0.09,0,3
100,66,88.0,67,3.01,12,88
200,66,175.0,126,5.67,25,175
2000,66,1758.0,937,42.17,242,1758
10000,66,8823.0,2521,113.45,1177,8823
20000,66,17755.0,2927,131.72,2245,17755
40000,66,35674.0,3563,160.33,4326,35674
60000,66,53573.0,3907,175.81,6427,53573
80000,66,71492.0,4040,181.8,8508,71492
10000,66,8823.0,2521,113.45,1177,8823
2,67,1.0,1,0.05,1,1
3,67,2.0,2,0.09,1,2
100,67,83.0,71,3.19,17,83
200,67,173.0,133,5.98,27,173
2000,67,1742.0,789,35.51,258,1742
10000,67,8918.0,1996,89.82,1082,8918
20000,67,17864.0,2261,101.75,2136,17864
40000,67,35687.0,2901,130.55,4313,35687
60000,67,53464.0,3169,142.61,6536,53464
80000,67,71400.0,3243,145.93,8600,71400
10000,67,8918.0,1996,89.82,1082,8918
2,68,2.0,1,0.05,0,2
3,68,3.0,2,0.09,0,3
100,68,97.0,65,2.92,3,97
200,68,185.0,133,5.98,15,185
2000,68,1773.0,922,41.49,227,1773
10000,68,8833.0,2557,115.07,1167,8833
20000,68,17763.0,2974,133.83,2237,17763
40000,68,35660.0,3241,145.84,4340,35660
60000,68,53502.0,3913,176.08,6498,53502
80000,68,71364.0,3970,178.65,8636,71364
10000,68,8833.0,2557,115.07,1167,8833
2,69,2.0,1,0.05,0,2
3,69,2.0,2,0.09,1,2
100,69,82.0,66,2.97,18,82
200,69,169.0,133,5.98,31,169
2000,69,1750.0,828,37.26,250,1750
10000,69,8817.0,2124,95.58,1183,8817
20000,69,17782.0,2657,119.57,2218,17782
40000,69,35602.0,3214,144.63,4398,35602
60000,69,53472.0,3370,151.65,6528,53472
80000,69,71290.0,3505,157.72,8710,71290
10000,69,8817.0,2124,95.58,1183,8817
2,70,2.0,1,0.05,0,2
3,70,3.0,2,0.09,0,3
100,70,89.0,64,2.88,11,89
200,70,173.0,124,5.58,27,173
2000,70,1727.0,1048,47.16,273,1727
10000,70,8879.0,2397,107.87,1121,8879
20000,70,17754.0,3305,148.72,2246,17754
40000,70,35626.0,3788,170.46,4374,35626
60000,70,53531.0,3958,178.11,6469,53531
80000,70,71431.0,4037,181.66,8569,71431
10000,70,8879.0,2397,107.87,1121,8879
2,71,1.0,1,0.05,1,1
3,71,2.0,2,0.09,1,2
100,71,89.0,68,3.06,11,89
200,71,172.0,128,5.76,28,172
2000,71,1737.0,960,43.2,263,1737
10000,71,8824.0,2171,97.7,1176,8824
20000,71,17773.0,2630,118.35,2227,17773
40000,71,35660.0,2968,133.56,4340,35660
60000,71,53535.0,3202,144.09,6465,53535
80000,71,71440.0,3543,159.43,8560,71440
10000,71,8824.0,2171,97.7,1176,8824
2,72,2.0,1,0.05,0,2
3,72,3.0,2,0.09,0,3
100,72,82.0,62,2.79,18,82
200,72,165.0,121,5.44,35,165
2000,72,1727.0,930,41.85,273,1727
10000,72,8836.0,2056,92.52,1164,8836
20000,72,17796.0,2388,107.46,2204,17796
40000,72,35747.0,2732,122.94,4253,35747
60000,72,53646.0,3014,135.63,6354,53646
80000,72,71480.0,3128,140.76,8520,71480
10000,72,8836.0,2056,92.52,1164,8836
2,73,2.0,1,0.05,0,2
3,73,2.0,2,0.09,1,2
100,73,88.0,64,2.88,12,88
200,73,173.0,118,5.31,27,173
2000,73,1740.0,1047,47.12,260,1740
10000,73,8772.0,2926,131.67,1228,8772
20000,73,17788.0,3018,135.81,2212,17788
40000,73,35656.0,3695,166.27,4344,35656
60000,73,53491.0,3967,178.51,6509,53491
80000,73,71342.0,4089,184.0,8658,71342
10000,73,8772.0,2926,131.67,1228,8772
2,74,2.0,1,0.05,0,2
3,74,3.0,2,0.09,0,3
100,74,93.0,61,2.74,7,93
200,74,179.0,125,5.62,21,179
2000,74,1754.0,973,43.79,246,1754
10000,74,8875.0,1946,87.57,1125,8875
20000,74,17822.0,2302,103.59,2178,17822
40000,74,35753.0,2526,113.67,4247,35753
60000,74,53651.0,2738,123.21,6349,53651
80000,74,71471.0,3248,146.16,8529,71471
10000,74,8875.0,1946,87.57,1125,8875
2,75,2.0,1,0.05,0,2
3,75,3.0,2,0.09,0,3
100,75,91.0,69,3.1,9,91
200,75,180.0,130,5.85,20,180
2000,75,1754.0,993,44.69,246,1754
10000,75,8895.0,2294,103.23,1105,8895
20000,75,17807.0,3247,146.11,2193,17807
40000,75,35687.0,3641,163.84,4313,35687
60000,75,53644.0,3774,169.83,6356,53644
80000,75,71618.0,3864,173.88,8382,71618
10000,75,8895.0,2294,103.23,1105,8895
2,76,2.0,1,0.05,0,2
3,76,3.0,2,0.09,0,3
100,76,90.0,72,3.24,10,90
200,76,175.0,143,6.43,25,175
2000,76,1755.0,1055,47.48,245,1755
10000,76,8857.0,1986,89.37,1143,8857
20000,76,17837.0,2581,116.15,2163,17837
40000,76,35701.0,3384,152.28,4299,35701
60000,76,53489.0,3653,164.38,6511,53489
80000,76,71291.0,3992,179.64,8709,71291
10000,76,8857.0,1986,89.37,1143,8857
2,77,2.0,1,0.05,0,2
3,77,3.0,2,0.09,0,3
100,77,90.0,66,2.97,10,90
200,77,176.0,135,6.07,24,176
2000,77,1763.0,988,44.46,237,1763
10000,77,8879.0,2243,100.94,1121,8879
20000,77,17794.0,2595,116.78,2206,17794
40000,77,35691.0,2944,132.48,4309,35691
60000,77,53609.0,2991,134.6,6391,53609
80000,77,71505.0,3448,155.16,8495,71505
10000,77,8879.0,2243,100.94,1121,8879
2,78,2.0,1,0.05,0,2
3,78,3.0,2,0.09,0,3
100,78,90.0,64,2.88,10,90
200,78,174.0,119,5.35,26,174
2000,78,1749.0,1080,48.6,251,1749
10000,78,8844.0,2472,111.24,1156,8844
20000,78,17752.0,3010,135.45,2248,17752
40000,78,35703.0,3264,146.88,4297,35703
60000,78,53704.0,3387,152.41,6296,53704
80000,78,71659.0,3594,161.73,8341,71659
10000,78,8844.0,2472,111.24,1156,8844
2,79,2.0,1,0.05,0,2
3,79,3.0,2,0.09,0,3
100,79,91.0,67,3.01,9,91
200,79,175.0,137,6.16,25,175
2000,79,1756.0,934,42.03,244,1756
10000,79,8900.0,1949,87.71,1100,8900
20000,79,17909.0,2385,107.33,2091,17909
40000,79,35813.0,3346,150.57,4187,35813
60000,79,53618.0,4043,181.93,6382,53618
80000,79,71458.0,4883,219.73,8542,71458
10000,79,8900.0,1949,87.71,1100,8900
2,80,2.0,1,0.05,0,2
3,80,3.0,2,0.09,0,3
100,80,89.0,63,2.83,11,89
200,80,175.0,132,5.94,25,175
2000,80,1751.0,1110,49.95,249,1751
10000,80,8910.0,2253,101.39,1090,8910
20000,80,17792.0,3407,153.31,2208,17792
40000,80,35604.0,4232,190.44,4396,35604
60000,80,53448.0,4586,206.37,6552,53448
80000,80,71289.0,4794,215.73,8711,71289
10000,80,8910.0,2253,101.39,1090,8910
2,81,1.0,1,0.05,1,1
3,81,2.0,2,0.09,1,2
100,81,92.0,68,3.06,8,92
200,81,177.0,133,5.98,23,177
2000,81,1747.0,929,41.81,253,1747
10000,81,8903.0,2026,91.17,1097,8903
20000,81,17801.0,2748,123.66,2199,17801
40000,81,35674.0,3437,154.66,4326,35674
60000,81,53521.0,3754,168.93,6479,53521
80000,81,71439.0,3891,175.09,8561,71439
10000,81,8903.0,2026,91.17,1097,8903
2,82,2.0,1,0.05,0,2
3,82,3.0,2,0.09,0,3
100,82,93.0,66,2.97,7,93
200,82,171.0,124,5.58,29,171
2000,82,1703.0,1289,58.01,297,1703
10000,82,8769.0,2791,125.6,1231,8769
20000,82,17710.0,3223,145.03,2290,17710
40000,82,35520.0,3528,158.76,4480,35520
60000,82,53300.0,3880,174.6,6700,53300
80000,82,71136.0,3994,179.73,8864,71136
10000,82,8769.0,2791,125.6,1231,8769
2,83,2.0,1,0.05,0,2
3,83,3.0,2,0.09,0,3
100,83,87.0,63,2.83,13,87
200,83,172.0,122,5.49,28,172
2000,83,1743.0,934,42.03,257,1743
10000,83,8869.0,2396,107.82,1131,8869
20000,83,17850.0,2672,120.24,2150,17850
40000,83,35774.0,3157,142.07,4226,35774
60000,83,53691.0,3447,155.11,6309,53691
80000,83,71574.0,4046,182.07,8426,71574
10000,83,8869.0,2396,107.82,1131,8869
2,84,2.0,1,0.05,0,2
3,84,3.0,2,0.09,0,3
100,84,87.0,67,3.01,13,87
200,84,173.0,127,5.71,27,173
2000,84,1776.0,1083,48.74,224,1776
10000,84,8871.0,2571,115.7,1129,8871
20000,84,17726.0,3850,173.25,2274,17726
40000,84,35608.0,4390,197.55,4392,35608
60000,84,53534.0,4520,203.4,6466,53534
80000,84,71384.0,4807,216.31,8616,71384
10000,84,8871.0,2571,115.7,1129,8871
2,85,1.0,1,0.05,1,1
3,85,2.0,2,0.09,1,2
100,85,87.0,62,2.79,13,87
200,85,174.0,124,5.58,26,174
2000,85,1748.0,730,32.85,252,1748
10000,85,8851.0,1706,76.77,1149,8851
20000,85,17777.0,2148,96.66,2223,17777
40000,85,35632.0,2655,119.48,4368,35632
60000,85,53497.0,2890,130.05,6503,53497
80000,85,71373.0,2923,131.54,8627,71373
10000,85,8851.0,1706,76.77,1149,8851
2,86,2.0,1,0.05,0,2
3,86,3.0,2,0.09,0,3
100,86,92.0,63,2.83,8,92
200,86,177.0,125,5.62,23,177
2000,86,1747.0,987,44.42,253,1747
10000,86,8859.0,2294,103.23,1141,8859
20000,86,17733.0,3254,146.43,2267,17733
40000,86,35576.0,4153,186.88,4424,35576
60000,86,53421.0,4481,201.64,6579,53421
80000,86,71304.0,4503,202.63,8696,71304
10000,86,8859.0,2294,103.23,1141,8859
2,87,2.0,1,0.05,0,2
3,87,2.0,2,0.09,1,2
100,87,87.0,61,2.74,13,87
200,87,176.0,109,4.9,24,176
2000,87,1761.0,1057,47.57,239,1761
10000,87,8886.0,2084,93.78,1114,8886
20000,87,17797.0,2679,120.56,2203,17797
40000,87,35713.0,3158,142.11,4287,35713
60000,87,53625.0,3816,171.72,6375,53625
80000,87,71529.0,4232,190.44,8471,71529
10000,87,8886.0,2084,93.78,1114,8886
2,88,1.0,1,0.05,1,1
3,88,2.0,2,0.09,1,2
100,88,90.0,64,2.88,10,90
200,88,181.0,132,5.94,19,181
2000,88,1760.0,1089,49.01,240,1760
10000,88,8840.0,3065,137.93,1160,8840
20000,88,17735.0,3624,163.08,2265,17735
40000,88,35517.0,5299,238.45,4483,35517
60000,88,53344.0,5646,254.07,6656,53344
80000,88,71283.0,5655,254.47,8717,71283
10000,88,8840.0,3065,137.93,1160,8840
2,89,2.0,1,0.05,0,2
3,89,3.0,2,0.09,0,3
100,89,85.0,58,2.61,15,85
200,89,174.0,112,5.04,26,174
2000,89,1778.0,739,33.26,222,1778
10000,89,8879.0,2223,100.04,1121,8879
20000,89,17734.0,2956,133.02,2266,17734
40000,89,35650.0,3298,148.41,4350,35650
60000,89,53517.0,3431,154.39,6483,53517
80000,89,71413.0,3518,158.31,8587,71413
10000,89,8879.0,2223,100.04,1121,8879
2,90,2.0,1,0.05,0,2
3,90,3.0,2,0.09,0,3
100,90,85.0,61,2.74,15,85
200,90,173.0,122,5.49,27,173
2000,90,1729.0,790,35.55,271,1729
10000,90,8825.0,1995,89.78,1175,8825
20000,90,17804.0,2537,114.17,2196,17804
40000,90,35648.0,3093,139.19,4352,35648
60000,90,53553.0,3264,146.88,6447,53553
80000,90,71485.0,3395,152.77,8515,71485
10000,90,8825.0,1995,89.78,1175,8825
2,91,2.0,1,0.05,0,2
3,91,3.0,2,0.09,0,3
100,91,91.0,62,2.79,9,91
200,91,180.0,119,5.35,20,180
2000,91,1761.0,981,44.15,239,1761
10000,91,8789.0,3493,157.18,1211,8789
20000,91,17745.0,3674,165.33,2255,17745
40000,91,35677.0,3888,174.96,4323,35677
60000,91,53544.0,4041,181.84,6456,53544
80000,91,71423.0,4705,211.72,8577,71423
10000,91,8789.0,3493,157.18,1211,8789
2,92,2.0,1,0.05,0,2
3,92,3.0,2,0.09,0,3
100,92,84.0,66,2.97,16,84
200,92,171.0,142,6.39,29,171
2000,92,1737.0,1143,51.44,263,1737
10000,92,8821.0,2562,115.29,1179,8821
20000,92,17742.0,3029,136.31,2258,17742
40000,92,35638.0,3564,160.38,4362,35638
60000,92,53548.0,3869,174.1,6452,53548
80000,92,71486.0,4008,180.36,8514,71486
10000,92,8821.0,2562,115.29,1179,8821
2,93,1.0,1,0.05,1,1
3,93,2.0,2,0.09,1,2
100,93,90.0,72,3.24,10,90
200,93,178.0,132,5.94,22,178
2000,93,1750.0,1082,48.69,250,1750
10000,93,8789.0,2585,116.33,1211,8789
20000,93,17688.0,3379,152.05,2312,17688
40000,93,35633.0,3723,167.53,4367,35633
60000,93,53485.0,4117,185.26,6515,53485
80000,93,71448.0,4141,186.34,8552,71448
10000,93,8789.0,2585,116.33,1211,8789
2,94,2.0,1,0.05,0,2
3,94,3.0,2,0.09,0,3
100,94,88.0,64,2.88,12,88
200,94,172.0,122,5.49,28,172
2000,94,1735.0,1008,45.36,265,1735
10000,94,8811.0,2582,116.19,1189,8811
20000,94,17707.0,3327,149.71,2293,17707
40000,94,35549.0,3841,172.84,4451,35549
60000,94,53402.0,4105,184.72,6598,53402
80000,94,71316.0,4229,190.3,8684,71316
10000,94,8811.0,2582,116.19,1189,8811
2,95,2.0,1,0.05,0,2
3,95,2.0,2,0.09,1,2
100,95,83.0,60,2.7,17,83
200,95,164.0,111,4.99,36,164
2000,95,1741.0,823,37.04,259,1741
10000,95,8844.0,1653,74.39,1156,8844
20000,95,17768.0,2131,95.9,2232,17768
40000,95,35655.0,2396,107.82,4345,35655
60000,95,53605.0,2436,109.62,6395,53605
80000,95,71551.0,2634,118.53,8449,71551
10000,95,8844.0,1653,74.39,1156,8844
2,96,1.0,1,0.05,1,1
3,96,2.0,2,0.09,1,2
100,96,81.0,69,3.1,19,81
200,96,166.0,130,5.85,34,166
2000,96,1739.0,811,36.5,261,1739
10000,96,8858.0,2171,97.7,1142,8858
20000,96,17769.0,2546,114.57,2231,17769
40000,96,35591.0,3490,157.05,4409,35591
60000,96,53442.0,3717,167.26,6558,53442
80000,96,71390.0,3915,176.17,8610,71390
10000,96,8858.0,2171,97.7,1142,8858
2,97,2.0,1,0.05,0,2
3,97,2.0,2,0.09,1,2
100,97,86.0,64,2.88,14,86
200,97,178.0,128,5.76,22,178
2000,97,1762.0,969,43.61,238,1762
10000,97,8883.0,2194,98.73,1117,8883
20000,97,17802.0,2746,123.57,2198,17802
40000,97,35732.0,3183,143.23,4268,35732
60000,97,53590.0,3653,164.38,6410,53590
80000,97,71483.0,3833,172.48,8517,71483
10000,97,8883.0,2194,98.73,1117,8883
2,98,2.0,1,0.05,0,2
3,98,3.0,2,0.09,0,3
100,98,83.0,60,2.7,17,83
200,98,168.0,113,5.08,32,168
2000,98,1758.0,682,30.69,242,1758
10000,98,8901.0,1457,65.57,1099,8901
20000,98,17831.0,2241,100.85,2169,17831
40000,98,35746.0,2663,119.84,4254,35746
60000,98,53618.0,2780,125.1,6382,53618
80000,98,71583.0,2807,126.32,8417,71583
10000,98,8901.0,1457,65.57,1099,8901
2,99,2.0,1,0.05,0,2
3,99,3.0,2,0.09,0,3
100,99,81.0,69,3.1,19,81
200,99,163.0,133,5.98,37,163
2000,99,1737.0,912,41.04,263,1737
10000,99,8825.0,1905,85.73,1175,8825
20000,99,17790.0,2217,99.77,2210,17790
40000,99,35666.0,2659,119.66,4334,35666
60000,99,53542.0,3142,141.39,6458,53542
80000,99,71403.0,3202,144.09,8597,71403
10000,99,8825.0,1905,85.73,1175,8825
2,100,1.0,1,0.05,1,1
3,100,2.0,2,0.09,1,2
100,100,86.0,66,2.97,14,86
200,100,170.0,125,5.62,30,170
2000,100,1751.0,1043,46.94,249,1751
10000,100,8822.0,2434,109.53,1178,8822
20000,100,17745.0,2799,125.96,2255,17745
40000,100,35484.0,3219,144.85,4516,35484
60000,100,53423.0,3440,154.8,6577,53423
80000,100,71324.0,3481,156.64,8676,71324
10000,100,8822.0,2434,109.53,1178,8822
