Timestep,Iteration,Total Reward,Suboptimal Arms,Total Regret,Zeros Count,Ones Count
2,1,2.0,1,0.05,0,2
3,1,3.0,2,0.1,0,3
100,1,78.0,55,2.75,22,78
200,1,165.0,103,5.15,35,165
2000,1,1744.0,921,46.05,256,1744
10000,1,8830.0,3800,190.0,1170,8830
20000,1,17669.0,6644,332.2,2331,17669
40000,1,35377.0,11739,586.95,4623,35377
60000,1,53134.0,15857,792.85,6866,53134
80000,1,70951.0,19168,958.4,9049,70951
10000,1,8830.0,3800,190.0,1170,8830
2,2,2.0,1,0.05,0,2
3,2,2.0,2,0.1,1,2
100,2,88.0,49,2.45,12,88
200,2,174.0,100,5.0,26,174
2000,2,1762.0,873,43.65,238,1762
10000,2,8812.0,4013,200.65,1188,8812
20000,2,17670.0,6974,348.7,2330,17670
40000,2,35509.0,11195,559.75,4491,35509
60000,2,53400.0,14817,740.85,6600,53400
80000,2,71226.0,17877,893.85,8774,71226
10000,2,8812.0,4013,200.65,1188,8812
2,3,1.0,1,0.05,1,1
3,3,1.0,1,0.05,2,1
100,3,92.0,49,2.45,8,92
200,3,182.0,98,4.9,18,182
2000,3,1774.0,937,46.85,226,1774
10000,3,8791.0,4076,203.8,1209,8791
20000,3,17623.0,7319,365.95,2377,17623
40000,3,35352.0,12489,624.45,4648,35352
60000,3,53136.0,16285,814.25,6864,53136
80000,3,70924.0,20180,1009.0,9076,70924
10000,3,8791.0,4076,203.8,1209,8791
2,4,2.0,1,0.05,0,2
3,4,3.0,2,0.1,0,3
100,4,90.0,47,2.35,10,90
200,4,179.0,90,4.5,21,179
2000,4,1751.0,844,42.2,249,1751
10000,4,8826.0,3554,177.7,1174,8826
20000,4,17677.0,6131,306.55,2323,17677
40000,4,35435.0,10782,539.1,4565,35435
60000,4,53204.0,14859,742.95,6796,53204
80000,4,71034.0,17707,885.35,8966,71034
10000,4,8826.0,3554,177.7,1174,8826
2,5,2.0,1,0.05,0,2
3,5,3.0,2,0.1,0,3
100,5,88.0,50,2.5,12,88
200,5,179.0,97,4.85,21,179
2000,5,1756.0,979,48.95,244,1756
10000,5,8803.0,4204,210.2,1197,8803
20000,5,17564.0,7300,365.0,2436,17564
40000,5,35362.0,13423,671.15,4638,35362
60000,5,53258.0,17056,852.8,6742,53258
80000,5,71194.0,20010,1000.5,8806,71194
10000,5,8803.0,4204,210.2,1197,8803
2,6,2.0,1,0.05,0,2
3,6,2.0,2,0.1,1,2
100,6,88.0,50,2.5,12,88
200,6,173.0,98,4.9,27,173
2000,6,1759.0,880,44.0,241,1759
10000,6,8786.0,3641,182.05,1214,8786
20000,6,17636.0,6593,329.65,2364,17636
40000,6,35443.0,10796,539.8,4557,35443
60000,6,53345.0,14192,709.6,6655,53345
80000,6,71154.0,16832,841.6,8846,71154
10000,6,8786.0,3641,182.05,1214,8786
2,7,2.0,1,0.05,0,2
3,7,3.0,2,0.1,0,3
100,7,82.0,49,2.45,18,82
200,7,175.0,99,4.95,25,175
2000,7,1745.0,905,45.25,255,1745
10000,7,8784.0,3710,185.5,1216,8784
20000,7,17659.0,6645,332.25,2341,17659
40000,7,35419.0,11459,572.95,4581,35419
60000,7,53241.0,15412,770.6,6759,53241
80000,7,71092.0,18387,919.35,8908,71092
10000,7,8784.0,3710,185.5,1216,8784
2,8,2.0,1,0.05,0,2
3,8,2.0,2,0.1,1,2
100,8,87.0,47,2.35,13,87
200,8,179.0,95,4.75,21,179
2000,8,1773.0,877,43.85,227,1773
10000,8,8828.0,3683,184.15,1172,8828
20000,8,17691.0,7145,357.25,2309,17691
40000,8,35389.0,12069,603.45,4611,35389
60000,8,53196.0,16705,835.25,6804,53196
80000,8,70960.0,20818,1040.9,9040,70960
10000,8,8828.0,3683,184.15,1172,8828
2,9,1.0,1,0.05,1,1
3,9,1.0,1,0.05,2,1
100,9,92.0,49,2.45,8,92
200,9,183.0,99,4.95,17,183
2000,9,1769.0,878,43.9,231,1769
10000,9,8823.0,3977,198.85,1177,8823
20000,9,17626.0,7095,354.75,2374,17626
40000,9,35446.0,12468,623.4,4554,35446
60000,9,53230.0,15685,784.25,6770,53230
80000,9,71098.0,18959,947.95,8902,71098
10000,9,8823.0,3977,198.85,1177,8823
2,10,2.0,1,0.05,0,2
3,10,3.0,2,0.1,0,3
100,10,92.0,49,2.45,8,92
200,10,178.0,96,4.8,22,178
2000,10,1760.0,938,46.9,240,1760
10000,10,8844.0,4025,201.25,1156,8844
20000,10,17683.0,7344,367.2,2317,17683
40000,10,35455.0,12668,633.4,4545,35455
60000,10,53249.0,16431,821.55,6751,53249
80000,10,71068.0,19658,982.9,8932,71068
10000,10,8844.0,4025,201.25,1156,8844
2,11,2.0,1,0.05,0,2
3,11,3.0,2,0.1,0,3
100,11,91.0,48,2.4,9,91
200,11,175.0,96,4.8,25,175
2000,11,1766.0,877,43.85,234,1766
10000,11,8906.0,3847,192.35,1094,8906
20000,11,17755.0,6748,337.4,2245,17755
40000,11,35568.0,11519,575.95,4432,35568
60000,11,53350.0,15209,760.45,6650,53350
80000,11,71183.0,18958,947.9,8817,71183
10000,11,8906.0,3847,192.35,1094,8906
2,12,2.0,1,0.05,0,2
3,12,3.0,2,0.1,0,3
100,12,91.0,48,2.4,9,91
200,12,176.0,95,4.75,24,176
2000,12,1753.0,906,45.3,247,1753
10000,12,8752.0,3789,189.45,1248,8752
20000,12,17565.0,6594,329.7,2435,17565
40000,12,35375.0,11097,554.85,4625,35375
60000,12,53171.0,15044,752.2,6829,53171
80000,12,70989.0,17796,889.8,9011,70989
10000,12,8752.0,3789,189.45,1248,8752
2,13,2.0,1,0.05,0,2
3,13,3.0,2,0.1,0,3
100,13,88.0,48,2.4,12,88
200,13,180.0,95,4.75,20,180
2000,13,1756.0,874,43.7,244,1756
10000,13,8831.0,3767,188.35,1169,8831
20000,13,17656.0,6873,343.65,2344,17656
40000,13,35434.0,11811,590.55,4566,35434
60000,13,53269.0,15617,780.85,6731,53269
80000,13,71122.0,19434,971.7,8878,71122
10000,13,8831.0,3767,188.35,1169,8831
2,14,2.0,1,0.05,0,2
3,14,3.0,2,0.1,0,3
100,14,90.0,50,2.5,10,90
200,14,178.0,95,4.75,22,178
2000,14,1781.0,912,45.6,219,1781
10000,14,8809.0,3943,197.15,1191,8809
20000,14,17638.0,6819,340.95,2362,17638
40000,14,35443.0,11542,577.1,4557,35443
60000,14,53265.0,15389,769.45,6735,53265
80000,14,71089.0,18621,931.05,8911,71089
10000,14,8809.0,3943,197.15,1191,8809
2,15,2.0,1,0.05,0,2
3,15,3.0,2,0.1,0,3
100,15,86.0,49,2.45,14,86
200,15,172.0,93,4.65,28,172
2000,15,1742.0,874,43.7,258,1742
10000,15,8816.0,3643,182.15,1184,8816
20000,15,17611.0,6722,336.1,2389,17611
40000,15,35441.0,11274,563.7,4559,35441
60000,15,53248.0,15657,782.85,6752,53248
80000,15,71088.0,19606,980.3,8912,71088
10000,15,8816.0,3643,182.15,1184,8816
2,16,1.0,1,0.05,1,1
3,16,1.0,2,0.1,2,1
100,16,86.0,51,2.55,14,86
200,16,167.0,103,5.15,33,167
2000,16,1736.0,946,47.3,264,1736
10000,16,8773.0,3909,195.45,1227,8773
20000,16,17634.0,6770,338.5,2366,17634
40000,16,35415.0,11776,588.8,4585,35415
60000,16,53219.0,15385,769.25,6781,53219
80000,16,71021.0,19047,952.35,8979,71021
10000,16,8773.0,3909,195.45,1227,8773
2,17,2.0,1,0.05,0,2
3,17,3.0,2,0.1,0,3
100,17,88.0,50,2.5,12,88
200,17,177.0,99,4.95,23,177
2000,17,1757.0,868,43.4,243,1757
10000,17,8848.0,3588,179.4,1152,8848
20000,17,17626.0,6834,341.7,2374,17626
40000,17,35211.0,11630,581.5,4789,35211
60000,17,53052.0,15528,776.4,6948,53052
80000,17,70896.0,18586,929.3,9104,70896
10000,17,8848.0,3588,179.4,1152,8848
2,18,2.0,1,0.05,0,2
3,18,3.0,2,0.1,0,3
100,18,90.0,49,2.45,10,90
200,18,174.0,96,4.8,26,174
2000,18,1740.0,849,42.45,260,1740
10000,18,8782.0,3528,176.4,1218,8782
20000,18,17612.0,6467,323.35,2388,17612
40000,18,35371.0,10871,543.55,4629,35371
60000,18,53222.0,14768,738.4,6778,53222
80000,18,70988.0,18413,920.65,9012,70988
10000,18,8782.0,3528,176.4,1218,8782
2,19,2.0,1,0.05,0,2
3,19,3.0,2,0.1,0,3
100,19,89.0,46,2.3,11,89
200,19,176.0,95,4.75,24,176
2000,19,1756.0,874,43.7,244,1756
10000,19,8819.0,3790,189.5,1181,8819
20000,19,17650.0,6686,334.3,2350,17650
40000,19,35398.0,11576,578.8,4602,35398
60000,19,53215.0,15778,788.9,6785,53215
80000,19,71099.0,18895,944.75,8901,71099
10000,19,8819.0,3790,189.5,1181,8819
2,20,2.0,1,0.05,0,2
3,20,3.0,2,0.1,0,3
100,20,90.0,48,2.4,10,90
200,20,176.0,96,4.8,24,176
2000,20,1761.0,844,42.2,239,1761
10000,20,8815.0,3771,188.55,1185,8815
20000,20,17675.0,6537,326.85,2325,17675
40000,20,35401.0,11448,572.4,4599,35401
60000,20,53211.0,15248,762.4,6789,53211
80000,20,71050.0,18039,901.95,8950,71050
10000,20,8815.0,3771,188.55,1185,8815
2,21,1.0,1,0.05,1,1
3,21,1.0,2,0.1,2,1
100,21,87.0,46,2.3,13,87
200,21,175.0,95,4.75,25,175
2000,21,1745.0,850,42.5,255,1745
10000,21,8754.0,3824,191.2,1246,8754
20000,21,17652.0,6581,329.05,2348,17652
40000,21,35396.0,11363,568.15,4604,35396
60000,21,53219.0,15495,774.75,6781,53219
80000,21,71082.0,18846,942.3,8918,71082
10000,21,8754.0,3824,191.2,1246,8754
2,22,2.0,1,0.05,0,2
3,22,3.0,2,0.1,0,3
100,22,90.0,48,2.4,10,90
200,22,181.0,98,4.9,19,181
2000,22,1749.0,880,44.0,251,1749
10000,22,8792.0,3812,190.6,1208,8792
20000,22,17688.0,7001,350.05,2312,17688
40000,22,35463.0,12437,621.85,4537,35463
60000,22,53228.0,17021,851.05,6772,53228
80000,22,71062.0,20836,1041.8,8938,71062
10000,22,8792.0,3812,190.6,1208,8792
2,23,2.0,1,0.05,0,2
3,23,3.0,2,0.1,0,3
100,23,86.0,46,2.3,14,86
200,23,168.0,91,4.55,32,168
2000,23,1746.0,877,43.85,254,1746
10000,23,8744.0,3754,187.7,1256,8744
20000,23,17592.0,6631,331.55,2408,17592
40000,23,35330.0,11988,599.4,4670,35330
60000,23,53182.0,15958,797.9,6818,53182
80000,23,71003.0,19195,959.75,8997,71003
10000,23,8744.0,3754,187.7,1256,8744
2,24,2.0,1,0.05,0,2
3,24,2.0,2,0.1,1,2
100,24,84.0,47,2.35,16,84
200,24,179.0,94,4.7,21,179
2000,24,1765.0,894,44.7,235,1765
10000,24,8835.0,3453,172.65,1165,8835
20000,24,17691.0,6395,319.75,2309,17691
40000,24,35413.0,11078,553.9,4587,35413
60000,24,53136.0,14660,733.0,6864,53136
80000,24,70993.0,17815,890.75,9007,70993
10000,24,8835.0,3453,172.65,1165,8835
2,25,2.0,1,0.05,0,2
3,25,3.0,2,0.1,0,3
100,25,89.0,48,2.4,11,89
200,25,175.0,95,4.75,25,175
2000,25,1754.0,894,44.7,246,1754
10000,25,8797.0,3831,191.55,1203,8797
20000,25,17574.0,6962,348.1,2426,17574
40000,25,35375.0,11870,593.5,4625,35375
60000,25,53302.0,15191,759.55,6698,53302
80000,25,71070.0,18335,916.75,8930,71070
10000,25,8797.0,3831,191.55,1203,8797
2,26,2.0,1,0.05,0,2
3,26,2.0,2,0.1,1,2
100,26,84.0,49,2.45,16,84
200,26,172.0,96,4.8,28,172
2000,26,1750.0,897,44.85,250,1750
10000,26,8797.0,3749,187.45,1203,8797
20000,26,17661.0,6833,341.65,2339,17661
40000,26,35429.0,11438,571.9,4571,35429
60000,26,53230.0,15786,789.3,6770,53230
80000,26,71156.0,18821,941.05,8844,71156
10000,26,8797.0,3749,187.45,1203,8797
2,27,2.0,1,0.05,0,2
3,27,3.0,2,0.1,0,3
100,27,89.0,48,2.4,11,89
200,27,179.0,100,5.0,21,179
2000,27,1773.0,904,45.2,227,1773
10000,27,8843.0,3861,193.05,1157,8843
20000,27,17667.0,6903,345.15,2333,17667
40000,27,35420.0,11911,595.55,4580,35420
60000,27,53213.0,15924,796.2,6787,53213
80000,27,71125.0,18625,931.25,8875,71125
10000,27,8843.0,3861,193.05,1157,8843
2,28,2.0,1,0.05,0,2
3,28,3.0,2,0.1,0,3
100,28,86.0,48,2.4,14,86
200,28,180.0,95,4.75,20,180
2000,28,1766.0,905,45.25,234,1766
10000,28,8830.0,4094,204.7,1170,8830
20000,28,17710.0,7194,359.7,2290,17710
40000,28,35466.0,12457,622.85,4534,35466
60000,28,53191.0,16938,846.9,6809,53191
80000,28,71048.0,19978,998.9,8952,71048
10000,28,8830.0,4094,204.7,1170,8830
2,29,1.0,1,0.05,1,1
3,29,2.0,1,0.05,1,2
100,29,85.0,52,2.6,15,85
200,29,171.0,95,4.75,29,171
2000,29,1774.0,930,46.5,226,1774
10000,29,8821.0,3853,192.65,1179,8821
20000,29,17654.0,6548,327.4,2346,17654
40000,29,35413.0,11085,554.25,4587,35413
60000,29,53156.0,14481,724.05,6844,53156
80000,29,70970.0,17741,887.05,9030,70970
10000,29,8821.0,3853,192.65,1179,8821
2,30,2.0,1,0.05,0,2
3,30,3.0,2,0.1,0,3
100,30,86.0,49,2.45,14,86
200,30,173.0,95,4.75,27,173
2000,30,1732.0,831,41.55,268,1732
10000,30,8793.0,3797,189.85,1207,8793
20000,30,17697.0,6441,322.05,2303,17697
40000,30,35451.0,11067,553.35,4549,35451
60000,30,53261.0,15043,752.15,6739,53261
80000,30,71097.0,17953,897.65,8903,71097
10000,30,8793.0,3797,189.85,1207,8793
2,31,2.0,1,0.05,0,2
3,31,3.0,2,0.1,0,3
100,31,87.0,49,2.45,13,87
200,31,174.0,94,4.7,26,174
2000,31,1763.0,905,45.25,237,1763
10000,31,8821.0,3827,191.35,1179,8821
20000,31,17666.0,6728,336.4,2334,17666
40000,31,35409.0,12202,610.1,4591,35409
60000,31,53244.0,15658,782.9,6756,53244
80000,31,71070.0,19570,978.5,8930,71070
10000,31,8821.0,3827,191.35,1179,8821
2,32,2.0,1,0.05,0,2
3,32,3.0,2,0.1,0,3
100,32,88.0,47,2.35,12,88
200,32,179.0,96,4.8,21,179
2000,32,1749.0,858,42.9,251,1749
10000,32,8807.0,3663,183.15,1193,8807
20000,32,17677.0,6764,338.2,2323,17677
40000,32,35392.0,11564,578.2,4608,35392
60000,32,53184.0,16204,810.2,6816,53184
80000,32,71068.0,19316,965.8,8932,71068
10000,32,8807.0,3663,183.15,1193,8807
2,33,2.0,1,0.05,0,2
3,33,3.0,2,0.1,0,3
100,33,87.0,48,2.4,13,87
200,33,176.0,96,4.8,24,176
2000,33,1762.0,867,43.35,238,1762
10000,33,8778.0,3705,185.25,1222,8778
20000,33,17645.0,6935,346.75,2355,17645
40000,33,35436.0,11479,573.95,4564,35436
60000,33,53215.0,15312,765.6,6785,53215
80000,33,71054.0,18674,933.7,8946,71054
10000,33,8778.0,3705,185.25,1222,8778
2,34,2.0,1,0.05,0,2
3,34,3.0,2,0.1,0,3
100,34,91.0,49,2.45,9,91
200,34,174.0,100,5.0,26,174
2000,34,1775.0,919,45.95,225,1775
10000,34,8815.0,3947,197.35,1185,8815
20000,34,17701.0,6742,337.1,2299,17701
40000,34,35491.0,11596,579.8,4509,35491
60000,34,53263.0,15359,767.95,6737,53263
80000,34,71152.0,18547,927.35,8848,71152
10000,34,8815.0,3947,197.35,1185,8815
2,35,1.0,1,0.05,1,1
3,35,2.0,1,0.05,1,2
100,35,85.0,51,2.55,15,85
200,35,170.0,101,5.05,30,170
2000,35,1736.0,881,44.05,264,1736
10000,35,8796.0,3874,193.7,1204,8796
20000,35,17674.0,6606,330.3,2326,17674
40000,35,35505.0,11856,592.8,4495,35505
60000,35,53289.0,15908,795.4,6711,53289
80000,35,71169.0,19028,951.4,8831,71169
10000,35,8796.0,3874,193.7,1204,8796
2,36,2.0,1,0.05,0,2
3,36,3.0,2,0.1,0,3
100,36,87.0,49,2.45,13,87
200,36,173.0,103,5.15,27,173
2000,36,1744.0,893,44.65,256,1744
10000,36,8802.0,3738,186.9,1198,8802
20000,36,17697.0,6544,327.2,2303,17697
40000,36,35460.0,11358,567.9,4540,35460
60000,36,53279.0,15179,758.95,6721,53279
80000,36,71114.0,18638,931.9,8886,71114
10000,36,8802.0,3738,186.9,1198,8802
2,37,2.0,1,0.05,0,2
3,37,2.0,2,0.1,1,2
100,37,90.0,50,2.5,10,90
200,37,172.0,96,4.8,28,172
2000,37,1754.0,915,45.75,246,1754
10000,37,8807.0,3792,189.6,1193,8807
20000,37,17642.0,6897,344.85,2358,17642
40000,37,35380.0,11822,591.1,4620,35380
60000,37,53227.0,15946,797.3,6773,53227
80000,37,71116.0,19180,959.0,8884,71116
10000,37,8807.0,3792,189.6,1193,8807
2,38,2.0,1,0.05,0,2
3,38,2.0,2,0.1,1,2
100,38,85.0,51,2.55,15,85
200,38,171.0,100,5.0,29,171
2000,38,1735.0,831,41.55,265,1735
10000,38,8784.0,3588,179.4,1216,8784
20000,38,17613.0,6586,329.3,2387,17613
40000,38,35482.0,10481,524.05,4518,35482
60000,38,53305.0,13899,694.95,6695,53305
80000,38,71188.0,16942,847.1,8812,71188
10000,38,8784.0,3588,179.4,1216,8784
2,39,2.0,1,0.05,0,2
3,39,3.0,2,0.1,0,3
100,39,87.0,52,2.6,13,87
200,39,173.0,97,4.85,27,173
2000,39,1733.0,840,42.0,267,1733
10000,39,8788.0,3440,172.0,1212,8788
20000,39,17650.0,6427,321.35,2350,17650
40000,39,35411.0,11233,561.65,4589,35411
60000,39,53205.0,15162,758.1,6795,53205
80000,39,71003.0,17823,891.15,8997,71003
10000,39,8788.0,3440,172.0,1212,8788
2,40,2.0,1,0.05,0,2
3,40,3.0,2,0.1,0,3
100,40,86.0,49,2.45,14,86
200,40,174.0,96,4.8,26,174
2000,40,1755.0,900,45.0,245,1755
10000,40,8808.0,3658,182.9,1192,8808
20000,40,17686.0,6685,334.25,2314,17686
40000,40,35419.0,11272,563.6,4581,35419
60000,40,53203.0,14744,737.2,6797,53203
80000,40,71027.0,18667,933.35,8973,71027
10000,40,8808.0,3658,182.9,1192,8808
2,41,2.0,1,0.05,0,2
3,41,3.0,2,0.1,0,3
100,41,88.0,46,2.3,12,88
200,41,179.0,94,4.7,21,179
2000,41,1739.0,925,46.25,261,1739
10000,41,8798.0,4083,204.15,1202,8798
20000,41,17611.0,7055,352.75,2389,17611
40000,41,35369.0,12464,623.2,4631,35369
60000,41,53150.0,16165,808.25,6850,53150
80000,41,70990.0,19183,959.15,9010,70990
10000,41,8798.0,4083,204.15,1202,8798
2,42,2.0,1,0.05,0,2
3,42,2.0,2,0.1,1,2
100,42,88.0,49,2.45,12,88
200,42,169.0,101,5.05,31,169
2000,42,1767.0,892,44.6,233,1767
10000,42,8829.0,3711,185.55,1171,8829
20000,42,17685.0,6588,329.4,2315,17685
40000,42,35469.0,10909,545.45,4531,35469
60000,42,53273.0,15042,752.1,6727,53273
80000,42,71108.0,18279,913.95,8892,71108
10000,42,8829.0,3711,185.55,1171,8829
2,43,2.0,1,0.05,0,2
3,43,3.0,2,0.1,0,3
100,43,87.0,50,2.5,13,87
200,43,178.0,100,5.0,22,178
2000,43,1767.0,885,44.25,233,1767
10000,43,8832.0,3782,189.1,1168,8832
20000,43,17659.0,6395,319.75,2341,17659
40000,43,35411.0,11218,560.9,4589,35411
60000,43,53210.0,15111,755.55,6790,53210
80000,43,71065.0,18079,903.95,8935,71065
10000,43,8832.0,3782,189.1,1168,8832
2,44,2.0,1,0.05,0,2
3,44,3.0,2,0.1,0,3
100,44,90.0,49,2.45,10,90
200,44,179.0,99,4.95,21,179
2000,44,1770.0,902,45.1,230,1770
10000,44,8776.0,4012,200.6,1224,8776
20000,44,17613.0,6934,346.7,2387,17613
40000,44,35417.0,11269,563.45,4583,35417
60000,44,53224.0,15401,770.05,6776,53224
80000,44,71010.0,18509,925.45,8990,71010
10000,44,8776.0,4012,200.6,1224,8776
2,45,2.0,1,0.05,0,2
3,45,3.0,2,0.1,0,3
100,45,95.0,49,2.45,5,95
200,45,188.0,103,5.15,12,188
2000,45,1787.0,946,47.3,213,1787
10000,45,8844.0,3936,196.8,1156,8844
20000,45,17704.0,6942,347.1,2296,17704
40000,45,35372.0,11711,585.55,4628,35372
60000,45,53114.0,16066,803.3,6886,53114
80000,45,70971.0,19086,954.3,9029,70971
10000,45,8844.0,3936,196.8,1156,8844
2,46,2.0,1,0.05,0,2
3,46,3.0,2,0.1,0,3
100,46,87.0,47,2.35,13,87
200,46,170.0,97,4.85,30,170
2000,46,1722.0,987,49.35,278,1722
10000,46,8739.0,3941,197.05,1261,8739
20000,46,17580.0,6850,342.5,2420,17580
40000,46,35383.0,11637,581.85,4617,35383
60000,46,53159.0,16089,804.45,6841,53159
80000,46,71030.0,19145,957.25,8970,71030
10000,46,8739.0,3941,197.05,1261,8739
2,47,2.0,1,0.05,0,2
3,47,3.0,2,0.1,0,3
100,47,86.0,50,2.5,14,86
200,47,168.0,96,4.8,32,168
2000,47,1774.0,904,45.2,226,1774
10000,47,8828.0,3953,197.65,1172,8828
20000,47,17687.0,7115,355.75,2313,17687
40000,47,35458.0,11952,597.6,4542,35458
60000,47,53251.0,16021,801.05,6749,53251
80000,47,71066.0,19060,953.0,8934,71066
10000,47,8828.0,3953,197.65,1172,8828
2,48,1.0,1,0.05,1,1
3,48,1.0,2,0.1,2,1
100,48,90.0,51,2.55,10,90
200,48,179.0,101,5.05,21,179
2000,48,1762.0,908,45.4,238,1762
10000,48,8841.0,3715,185.75,1159,8841
20000,48,17753.0,6815,340.75,2247,17753
40000,48,35475.0,12370,618.5,4525,35475
60000,48,53278.0,16200,810.0,6722,53278
80000,48,71077.0,20224,1011.2,8923,71077
10000,48,8841.0,3715,185.75,1159,8841
2,49,2.0,1,0.05,0,2
3,49,3.0,2,0.1,0,3
100,49,90.0,51,2.55,10,90
200,49,178.0,98,4.9,22,178
2000,49,1766.0,910,45.5,234,1766
10000,49,8803.0,3664,183.2,1197,8803
20000,49,17681.0,6409,320.45,2319,17681
40000,49,35403.0,11121,556.05,4597,35403
60000,49,53147.0,15390,769.5,6853,53147
80000,49,70857.0,19029,951.45,9143,70857
10000,49,8803.0,3664,183.2,1197,8803
2,50,1.0,1,0.05,1,1
3,50,2.0,1,0.05,1,2
100,50,91.0,48,2.4,9,91
200,50,180.0,97,4.85,20,180
2000,50,1771.0,917,45.85,229,1771
10000,50,8863.0,3805,190.25,1137,8863
20000,50,17743.0,6712,335.6,2257,17743
40000,50,35457.0,11823,591.15,4543,35457
60000,50,53251.0,15862,793.1,6749,53251
80000,50,71094.0,19653,982.65,8906,71094
10000,50,8863.0,3805,190.25,1137,8863
2,51,2.0,1,0.05,0,2
3,51,3.0,2,0.1,0,3
100,51,90.0,48,2.4,10,90
200,51,184.0,98,4.9,16,184
2000,51,1784.0,973,48.65,216,1784
10000,51,8844.0,4112,205.6,1156,8844
20000,51,17634.0,7211,360.55,2366,17634
40000,51,35381.0,12593,629.65,4619,35381
60000,51,53199.0,16522,826.1,6801,53199
80000,51,71084.0,19483,974.15,8916,71084
10000,51,8844.0,4112,205.6,1156,8844
2,52,2.0,1,0.05,0,2
3,52,3.0,2,0.1,0,3
100,52,90.0,50,2.5,10,90
200,52,176.0,96,4.8,24,176
2000,52,1733.0,869,43.45,267,1733
10000,52,8807.0,3427,171.35,1193,8807
20000,52,17611.0,6293,314.65,2389,17611
40000,52,35395.0,10588,529.4,4605,35395
60000,52,53306.0,13902,695.1,6694,53306
80000,52,71140.0,17086,854.3,8860,71140
10000,52,8807.0,3427,171.35,1193,8807
2,53,2.0,1,0.05,0,2
3,53,3.0,2,0.1,0,3
100,53,87.0,51,2.55,13,87
200,53,170.0,96,4.8,30,170
2000,53,1764.0,909,45.45,236,1764
10000,53,8836.0,3674,183.7,1164,8836
20000,53,17677.0,6613,330.65,2323,17677
40000,53,35457.0,11056,552.8,4543,35457
60000,53,53253.0,14799,739.95,6747,53253
80000,53,71117.0,17838,891.9,8883,71117
10000,53,8836.0,3674,183.7,1164,8836
2,54,2.0,1,0.05,0,2
3,54,2.0,2,0.1,1,2
100,54,90.0,51,2.55,10,90
200,54,178.0,102,5.1,22,178
2000,54,1751.0,866,43.3,249,1751
10000,54,8863.0,3835,191.75,1137,8863
20000,54,17719.0,6963,348.15,2281,17719
40000,54,35437.0,11854,592.7,4563,35437
60000,54,53208.0,15618,780.9,6792,53208
80000,54,71026.0,18507,925.35,8974,71026
10000,54,8863.0,3835,191.75,1137,8863
2,55,2.0,1,0.05,0,2
3,55,3.0,2,0.1,0,3
100,55,85.0,47,2.35,15,85
200,55,175.0,94,4.7,25,175
2000,55,1762.0,914,45.7,238,1762
10000,55,8828.0,3851,192.55,1172,8828
20000,55,17643.0,6923,346.15,2357,17643
40000,55,35470.0,11554,577.7,4530,35470
60000,55,53283.0,15586,779.3,6717,53283
80000,55,71144.0,18997,949.85,8856,71144
10000,55,8828.0,3851,192.55,1172,8828
2,56,2.0,1,0.05,0,2
3,56,3.0,2,0.1,0,3
100,56,91.0,51,2.55,9,91
200,56,176.0,98,4.9,24,176
2000,56,1773.0,889,44.45,227,1773
10000,56,8848.0,3770,188.5,1152,8848
20000,56,17676.0,6870,343.5,2324,17676
40000,56,35375.0,11498,574.9,4625,35375
60000,56,53138.0,15603,780.15,6862,53138
80000,56,70964.0,19231,961.55,9036,70964
10000,56,8848.0,3770,188.5,1152,8848
2,57,2.0,1,0.05,0,2
3,57,3.0,2,0.1,0,3
100,57,92.0,48,2.4,8,92
200,57,178.0,91,4.55,22,178
2000,57,1764.0,868,43.4,236,1764
10000,57,8809.0,3657,182.85,1191,8809
20000,57,17681.0,6516,325.8,2319,17681
40000,57,35445.0,10982,549.1,4555,35445
60000,57,53187.0,15394,769.7,6813,53187
80000,57,71012.0,18479,923.95,8988,71012
10000,57,8809.0,3657,182.85,1191,8809
2,58,1.0,1,0.05,1,1
3,58,2.0,1,0.05,1,2
100,58,89.0,49,2.45,11,89
200,58,180.0,98,4.9,20,180
2000,58,1752.0,925,46.25,248,1752
10000,58,8790.0,3940,197.0,1210,8790
20000,58,17609.0,6824,341.2,2391,17609
40000,58,35314.0,11541,577.05,4686,35314
60000,58,53114.0,15421,771.05,6886,53114
80000,58,70947.0,18250,912.5,9053,70947
10000,58,8790.0,3940,197.0,1210,8790
2,59,2.0,1,0.05,0,2
3,59,3.0,2,0.1,0,3
100,59,88.0,48,2.4,12,88
200,59,176.0,96,4.8,24,176
2000,59,1748.0,927,46.35,252,1748
10000,59,8774.0,3889,194.45,1226,8774
20000,59,17579.0,6988,349.4,2421,17579
40000,59,35274.0,11798,589.9,4726,35274
60000,59,53042.0,16195,809.75,6958,53042
80000,59,70892.0,19195,959.75,9108,70892
10000,59,8774.0,3889,194.45,1226,8774
2,60,1.0,1,0.05,1,1
3,60,2.0,2,0.1,1,2
100,60,90.0,51,2.55,10,90
200,60,176.0,97,4.85,24,176
2000,60,1732.0,855,42.75,268,1732
10000,60,8808.0,3851,192.55,1192,8808
20000,60,17644.0,7359,367.95,2356,17644
40000,60,35385.0,12105,605.25,4615,35385
60000,60,53209.0,15930,796.5,6791,53209
80000,60,71053.0,18581,929.05,8947,71053
10000,60,8808.0,3851,192.55,1192,8808
2,61,2.0,1,0.05,0,2
3,61,3.0,2,0.1,0,3
100,61,85.0,47,2.35,15,85
200,61,165.0,94,4.7,35,165
2000,61,1732.0,909,45.45,268,1732
10000,61,8780.0,3858,192.9,1220,8780
20000,61,17660.0,6584,329.2,2340,17660
40000,61,35439.0,11858,592.9,4561,35439
60000,61,53191.0,16027,801.35,6809,53191
80000,61,71042.0,19828,991.4,8958,71042
10000,61,8780.0,3858,192.9,1220,8780
2,62,2.0,1,0.05,0,2
3,62,2.0,2,0.1,1,2
100,62,87.0,49,2.45,13,87
200,62,174.0,99,4.95,26,174
2000,62,1731.0,882,44.1,269,1731
10000,62,8776.0,3641,182.05,1224,8776
20000,62,17654.0,6703,335.15,2346,17654
40000,62,35417.0,11091,554.55,4583,35417
60000,62,53209.0,14613,730.65,6791,53209
80000,62,71034.0,17283,864.15,8966,71034
10000,62,8776.0,3641,182.05,1224,8776
2,63,1.0,1,0.05,1,1
3,63,2.0,2,0.1,1,2
100,63,88.0,52,2.6,12,88
200,63,169.0,99,4.95,31,169
2000,63,1735.0,856,42.8,265,1735
10000,63,8770.0,3633,181.65,1230,8770
20000,63,17621.0,6421,321.05,2379,17621
40000,63,35436.0,11148,557.4,4564,35436
60000,63,53231.0,14663,733.15,6769,53231
80000,63,71012.0,17821,891.05,8988,71012
10000,63,8770.0,3633,181.65,1230,8770
2,64,2.0,1,0.05,0,2
3,64,2.0,2,0.1,1,2
100,64,85.0,47,2.35,15,85
200,64,177.0,96,4.8,23,177
2000,64,1747.0,938,46.9,253,1747
10000,64,8761.0,4097,204.85,1239,8761
20000,64,17643.0,7067,353.35,2357,17643
40000,64,35349.0,12496,624.8,4651,35349
60000,64,53043.0,16786,839.3,6957,53043
80000,64,70928.0,19927,996.35,9072,70928
10000,64,8761.0,4097,204.85,1239,8761
2,65,2.0,1,0.05,0,2
3,65,3.0,2,0.1,0,3
100,65,91.0,48,2.4,9,91
200,65,177.0,96,4.8,23,177
2000,65,1751.0,864,43.2,249,1751
10000,65,8813.0,3675,183.75,1187,8813
20000,65,17688.0,6589,329.45,2312,17688
40000,65,35380.0,11441,572.05,4620,35380
60000,65,53089.0,15832,791.6,6911,53089
80000,65,70830.0,19664,983.2,9170,70830
10000,65,8813.0,3675,183.75,1187,8813
2,66,2.0,1,0.05,0,2
3,66,2.0,2,0.1,1,2
100,66,87.0,49,2.45,13,87
200,66,176.0,93,4.65,24,176
2000,66,1758.0,885,44.25,242,1758
10000,66,8845.0,3765,188.25,1155,8845
20000,66,17686.0,7216,360.8,2314,17686
40000,66,35451.0,12166,608.3,4549,35451
60000,66,53269.0,15916,795.8,6731,53269
80000,66,71121.0,18852,942.6,8879,71121
10000,66,8845.0,3765,188.25,1155,8845
2,67,2.0,1,0.05,0,2
3,67,3.0,2,0.1,0,3
100,67,88.0,46,2.3,12,88
200,67,176.0,95,4.75,24,176
2000,67,1747.0,836,41.8,253,1747
10000,67,8814.0,3469,173.45,1186,8814
20000,67,17620.0,6292,314.6,2380,17620
40000,67,35379.0,10478,523.9,4621,35379
60000,67,53189.0,14471,723.55,6811,53189
80000,67,71060.0,17553,877.65,8940,71060
10000,67,8814.0,3469,173.45,1186,8814
2,68,2.0,1,0.05,0,2
3,68,3.0,2,0.1,0,3
100,68,89.0,49,2.45,11,89
200,68,178.0,96,4.8,22,178
2000,68,1762.0,931,46.55,238,1762
10000,68,8794.0,4102,205.1,1206,8794
20000,68,17694.0,7083,354.15,2306,17694
40000,68,35402.0,11648,582.4,4598,35402
60000,68,53142.0,15852,792.6,6858,53142
80000,68,70986.0,18800,940.0,9014,70986
10000,68,8794.0,4102,205.1,1206,8794
2,69,2.0,1,0.05,0,2
3,69,3.0,2,0.1,0,3
100,69,90.0,50,2.5,10,90
200,69,176.0,96,4.8,24,176
2000,69,1747.0,884,44.2,253,1747
10000,69,8802.0,3626,181.3,1198,8802
20000,69,17679.0,6617,330.85,2321,17679
40000,69,35448.0,11430,571.5,4552,35448
60000,69,53248.0,15486,774.3,6752,53248
80000,69,71139.0,18459,922.95,8861,71139
10000,69,8802.0,3626,181.3,1198,8802
2,70,2.0,1,0.05,0,2
3,70,3.0,2,0.1,0,3
100,70,86.0,50,2.5,14,86
200,70,177.0,99,4.95,23,177
2000,70,1748.0,894,44.7,252,1748
10000,70,8841.0,3804,190.2,1159,8841
20000,70,17666.0,6667,333.35,2334,17666
40000,70,35448.0,11439,571.95,4552,35448
60000,70,53336.0,15116,755.8,6664,53336
80000,70,71249.0,17947,897.35,8751,71249
10000,70,8841.0,3804,190.2,1159,8841
2,71,0.0,1,0.05,2,0
3,71,1.0,2,0.1,2,1
100,71,84.0,45,2.25,16,84
200,71,171.0,88,4.4,29,171
2000,71,1750.0,880,44.0,250,1750
10000,71,8821.0,3897,194.85,1179,8821
20000,71,17655.0,6907,345.35,2345,17655
40000,71,35409.0,11692,584.6,4591,35409
60000,71,53249.0,15336,766.8,6751,53249
80000,71,71091.0,18524,926.2,8909,71091
10000,71,8821.0,3897,194.85,1179,8821
2,72,2.0,1,0.05,0,2
3,72,3.0,2,0.1,0,3
100,72,88.0,49,2.45,12,88
200,72,172.0,94,4.7,28,172
2000,72,1742.0,890,44.5,258,1742
10000,72,8787.0,3549,177.45,1213,8787
20000,72,17639.0,6623,331.15,2361,17639
40000,72,35430.0,11288,564.4,4570,35430
60000,72,53164.0,15013,750.65,6836,53164
80000,72,71008.0,17775,888.75,8992,71008
10000,72,8787.0,3549,177.45,1213,8787
2,73,2.0,1,0.05,0,2
3,73,3.0,2,0.1,0,3
100,73,84.0,48,2.4,16,84
200,73,169.0,89,4.45,31,169
2000,73,1757.0,859,42.95,243,1757
10000,73,8751.0,3661,183.05,1249,8751
20000,73,17624.0,6316,315.8,2376,17624
40000,73,35457.0,10566,528.3,4543,35457
60000,73,53249.0,14417,720.85,6751,53249
80000,73,71085.0,17360,868.0,8915,71085
10000,73,8751.0,3661,183.05,1249,8751
2,74,1.0,1,0.05,1,1
3,74,2.0,1,0.05,1,2
100,74,86.0,46,2.3,14,86
200,74,169.0,91,4.55,31,169
2000,74,1731.0,885,44.25,269,1731
10000,74,8809.0,3732,186.6,1191,8809
20000,74,17688.0,6682,334.1,2312,17688
40000,74,35437.0,11301,565.05,4563,35437
60000,74,53311.0,14547,727.35,6689,53311
80000,74,71150.0,17753,887.65,8850,71150
10000,74,8809.0,3732,186.6,1191,8809
2,75,1.0,1,0.05,1,1
3,75,2.0,2,0.1,1,2
100,75,87.0,48,2.4,13,87
200,75,176.0,96,4.8,24,176
2000,75,1749.0,852,42.6,251,1749
10000,75,8767.0,3786,189.3,1233,8767
20000,75,17613.0,6571,328.55,2387,17613
40000,75,35296.0,11504,575.2,4704,35296
60000,75,53119.0,15259,762.95,6881,53119
80000,75,70979.0,18515,925.75,9021,70979
10000,75,8767.0,3786,189.3,1233,8767
2,76,2.0,1,0.05,0,2
3,76,3.0,2,0.1,0,3
100,76,87.0,49,2.45,13,87
200,76,170.0,101,5.05,30,170
2000,76,1766.0,869,43.45,234,1766
10000,76,8771.0,3857,192.85,1229,8771
20000,76,17613.0,7070,353.5,2387,17613
40000,76,35416.0,11883,594.15,4584,35416
60000,76,53216.0,15401,770.05,6784,53216
80000,76,70964.0,18945,947.25,9036,70964
10000,76,8771.0,3857,192.85,1229,8771
2,77,2.0,1,0.05,0,2
3,77,3.0,2,0.1,0,3
100,77,90.0,48,2.4,10,90
200,77,175.0,94,4.7,25,175
2000,77,1776.0,828,41.4,224,1776
10000,77,8771.0,3892,194.6,1229,8771
20000,77,17591.0,7015,350.75,2409,17591
40000,77,35392.0,11668,583.4,4608,35392
60000,77,53143.0,15474,773.7,6857,53143
80000,77,70978.0,18424,921.2,9022,70978
10000,77,8771.0,3892,194.6,1229,8771
2,78,2.0,1,0.05,0,2
3,78,3.0,2,0.1,0,3
100,78,88.0,48,2.4,12,88
200,78,177.0,94,4.7,23,177
2000,78,1782.0,802,40.1,218,1782
10000,78,8845.0,3742,187.1,1155,8845
20000,78,17674.0,6747,337.35,2326,17674
40000,78,35368.0,11588,579.4,4632,35368
60000,78,53123.0,15842,792.1,6877,53123
80000,78,70975.0,18989,949.45,9025,70975
10000,78,8845.0,3742,187.1,1155,8845
2,79,1.0,1,0.05,1,1
3,79,2.0,1,0.05,1,2
100,79,91.0,48,2.4,9,91
200,79,181.0,97,4.85,19,181
2000,79,1734.0,885,44.25,266,1734
10000,79,8786.0,3867,193.35,1214,8786
20000,79,17619.0,6806,340.3,2381,17619
40000,79,35364.0,11284,564.2,4636,35364
60000,79,53132.0,14777,738.85,6868,53132
80000,79,70979.0,17391,869.55,9021,70979
10000,79,8786.0,3867,193.35,1214,8786
2,80,1.0,1,0.05,1,1
3,80,2.0,1,0.05,1,2
100,80,87.0,48,2.4,13,87
200,80,178.0,98,4.9,22,178
2000,80,1778.0,916,45.8,222,1778
10000,80,8845.0,3630,181.5,1155,8845
20000,80,17722.0,6353,317.65,2278,17722
40000,80,35439.0,10673,533.65,4561,35439
60000,80,53231.0,14846,742.3,6769,53231
80000,80,71037.0,18512,925.6,8963,71037
10000,80,8845.0,3630,181.5,1155,8845
2,81,2.0,1,0.05,0,2
3,81,3.0,2,0.1,0,3
100,81,86.0,52,2.6,14,86
200,81,174.0,100,5.0,26,174
2000,81,1784.0,945,47.25,216,1784
10000,81,8788.0,3999,199.95,1212,8788
20000,81,17651.0,7194,359.7,2349,17651
40000,81,35366.0,11975,598.75,4634,35366
60000,81,53153.0,16453,822.65,6847,53153
80000,81,70949.0,19226,961.3,9051,70949
10000,81,8788.0,3999,199.95,1212,8788
2,82,2.0,1,0.05,0,2
3,82,3.0,2,0.1,0,3
100,82,86.0,48,2.4,14,86
200,82,175.0,98,4.9,25,175
2000,82,1737.0,890,44.5,263,1737
10000,82,8737.0,3690,184.5,1263,8737
20000,82,17542.0,6647,332.35,2458,17542
40000,82,35263.0,11210,560.5,4737,35263
60000,82,53182.0,14630,731.5,6818,53182
80000,82,70999.0,17927,896.35,9001,70999
10000,82,8737.0,3690,184.5,1263,8737
2,83,2.0,1,0.05,0,2
3,83,3.0,2,0.1,0,3
100,83,85.0,47,2.35,15,85
200,83,175.0,92,4.6,25,175
2000,83,1761.0,886,44.3,239,1761
10000,83,8839.0,3819,190.95,1161,8839
20000,83,17656.0,6765,338.25,2344,17656
40000,83,35326.0,11339,566.95,4674,35326
60000,83,53114.0,15563,778.15,6886,53114
80000,83,70914.0,18990,949.5,9086,70914
10000,83,8839.0,3819,190.95,1161,8839
2,84,2.0,1,0.05,0,2
3,84,3.0,2,0.1,0,3
100,84,87.0,50,2.5,13,87
200,84,176.0,98,4.9,24,176
2000,84,1755.0,920,46.0,245,1755
10000,84,8812.0,3884,194.2,1188,8812
20000,84,17663.0,7111,355.55,2337,17663
40000,84,35379.0,12708,635.4,4621,35379
60000,84,53249.0,16964,848.2,6751,53249
80000,84,71063.0,20735,1036.75,8937,71063
10000,84,8812.0,3884,194.2,1188,8812
2,85,1.0,1,0.05,1,1
3,85,1.0,1,0.05,2,1
100,85,84.0,48,2.4,16,84
200,85,174.0,96,4.8,26,174
2000,85,1770.0,872,43.6,230,1770
10000,85,8786.0,3833,191.65,1214,8786
20000,85,17720.0,7017,350.85,2280,17720
40000,85,35482.0,11906,595.3,4518,35482
60000,85,53263.0,16207,810.35,6737,53263
80000,85,71039.0,19515,975.75,8961,71039
10000,85,8786.0,3833,191.65,1214,8786
2,86,2.0,1,0.05,0,2
3,86,2.0,2,0.1,1,2
100,86,93.0,47,2.35,7,93
200,86,176.0,96,4.8,24,176
2000,86,1759.0,851,42.55,241,1759
10000,86,8849.0,3515,175.75,1151,8849
20000,86,17730.0,6544,327.2,2270,17730
40000,86,35482.0,11008,550.4,4518,35482
60000,86,53318.0,14629,731.45,6682,53318
80000,86,71118.0,18258,912.9,8882,71118
10000,86,8849.0,3515,175.75,1151,8849
2,87,2.0,1,0.05,0,2
3,87,3.0,2,0.1,0,3
100,87,88.0,49,2.45,12,88
200,87,179.0,94,4.7,21,179
2000,87,1755.0,822,41.1,245,1755
10000,87,8840.0,3744,187.2,1160,8840
20000,87,17662.0,6845,342.25,2338,17662
40000,87,35444.0,11755,587.75,4556,35444
60000,87,53248.0,15590,779.5,6752,53248
80000,87,71080.0,19026,951.3,8920,71080
10000,87,8840.0,3744,187.2,1160,8840
2,88,2.0,1,0.05,0,2
3,88,3.0,2,0.1,0,3
100,88,88.0,49,2.45,12,88
200,88,176.0,97,4.85,24,176
2000,88,1760.0,952,47.6,240,1760
10000,88,8898.0,3958,197.9,1102,8898
20000,88,17754.0,7067,353.35,2246,17754
40000,88,35486.0,12234,611.7,4514,35486
60000,88,53401.0,15785,789.25,6599,53401
80000,88,71289.0,18301,915.05,8711,71289
10000,88,8898.0,3958,197.9,1102,8898
2,89,2.0,1,0.05,0,2
3,89,2.0,2,0.1,1,2
100,89,88.0,53,2.65,12,88
200,89,171.0,100,5.0,29,171
2000,89,1747.0,902,45.1,253,1747
10000,89,8827.0,3897,194.85,1173,8827
20000,89,17706.0,6840,342.0,2294,17706
40000,89,35402.0,11746,587.3,4598,35402
60000,89,53300.0,14450,722.5,6700,53300
80000,89,71192.0,17584,879.2,8808,71192
10000,89,8827.0,3897,194.85,1173,8827
2,90,2.0,1,0.05,0,2
3,90,3.0,2,0.1,0,3
100,90,86.0,48,2.4,14,86
200,90,169.0,91,4.55,31,169
2000,90,1757.0,847,42.35,243,1757
10000,90,8840.0,3647,182.35,1160,8840
20000,90,17708.0,6575,328.75,2292,17708
40000,90,35477.0,11467,573.35,4523,35477
60000,90,53211.0,15235,761.75,6789,53211
80000,90,71086.0,17772,888.6,8914,71086
10000,90,8840.0,3647,182.35,1160,8840
2,91,2.0,1,0.05,0,2
3,91,3.0,2,0.1,0,3
100,91,92.0,49,2.45,8,92
200,91,174.0,96,4.8,26,174
2000,91,1750.0,880,44.0,250,1750
10000,91,8798.0,3751,187.55,1202,8798
20000,91,17608.0,6607,330.35,2392,17608
40000,91,35359.0,11273,563.65,4641,35359
60000,91,53161.0,15543,777.15,6839,53161
80000,91,71050.0,18989,949.45,8950,71050
10000,91,8798.0,3751,187.55,1202,8798
2,92,2.0,1,0.05,0,2
3,92,2.0,2,0.1,1,2
100,92,87.0,49,2.45,13,87
200,92,168.0,96,4.8,32,168
2000,92,1739.0,890,44.5,261,1739
10000,92,8811.0,3695,184.75,1189,8811
20000,92,17641.0,6868,343.4,2359,17641
40000,92,35331.0,12391,619.55,4669,35331
60000,92,53139.0,16128,806.4,6861,53139
80000,92,70991.0,18956,947.8,9009,70991
10000,92,8811.0,3695,184.75,1189,8811
2,93,1.0,1,0.05,1,1
3,93,2.0,1,0.05,1,2
100,93,83.0,46,2.3,17,83
200,93,166.0,89,4.45,34,166
2000,93,1747.0,849,42.45,253,1747
10000,93,8824.0,4072,203.6,1176,8824
20000,93,17666.0,7529,376.45,2334,17666
40000,93,35352.0,13069,653.45,4648,35352
60000,93,53084.0,17499,874.95,6916,53084
80000,93,70881.0,21356,1067.8,9119,70881
10000,93,8824.0,4072,203.6,1176,8824
2,94,2.0,1,0.05,0,2
3,94,3.0,2,0.1,0,3
100,94,92.0,51,2.55,8,92
200,94,180.0,102,5.1,20,180
2000,94,1759.0,912,45.6,241,1759
10000,94,8821.0,4028,201.4,1179,8821
20000,94,17621.0,7064,353.2,2379,17621
40000,94,35413.0,11549,577.45,4587,35413
60000,94,53231.0,15688,784.4,6769,53231
80000,94,70909.0,19715,985.75,9091,70909
10000,94,8821.0,4028,201.4,1179,8821
2,95,2.0,1,0.05,0,2
3,95,3.0,2,0.1,0,3
100,95,88.0,48,2.4,12,88
200,95,175.0,97,4.85,25,175
2000,95,1747.0,821,41.05,253,1747
10000,95,8787.0,3709,185.45,1213,8787
20000,95,17654.0,6897,344.85,2346,17654
40000,95,35325.0,12561,628.05,4675,35325
60000,95,53180.0,16468,823.4,6820,53180
80000,95,70972.0,19697,984.85,9028,70972
10000,95,8787.0,3709,185.45,1213,8787
2,96,2.0,1,0.05,0,2
3,96,3.0,2,0.1,0,3
100,96,90.0,51,2.55,10,90
200,96,177.0,101,5.05,23,177
2000,96,1771.0,860,43.0,229,1771
10000,96,8817.0,3935,196.75,1183,8817
20000,96,17643.0,7203,360.15,2357,17643
40000,96,35356.0,12246,612.3,4644,35356
60000,96,53183.0,15779,788.95,6817,53183
80000,96,71054.0,19231,961.55,8946,71054
10000,96,8817.0,3935,196.75,1183,8817
2,97,2.0,1,0.05,0,2
3,97,3.0,2,0.1,0,3
100,97,88.0,48,2.4,12,88
200,97,173.0,95,4.75,27,173
2000,97,1771.0,907,45.35,229,1771
10000,97,8806.0,3879,193.95,1194,8806
20000,97,17631.0,6957,347.85,2369,17631
40000,97,35382.0,11866,593.3,4618,35382
60000,97,53185.0,16127,806.35,6815,53185
80000,97,70950.0,19445,972.25,9050,70950
10000,97,8806.0,3879,193.95,1194,8806
2,98,2.0,1,0.05,0,2
3,98,3.0,2,0.1,0,3
100,98,84.0,49,2.45,16,84
200,98,170.0,96,4.8,30,170
2000,98,1752.0,983,49.15,248,1752
10000,98,8807.0,4025,201.25,1193,8807
20000,98,17649.0,7378,368.9,2351,17649
40000,98,35434.0,12623,631.15,4566,35434
60000,98,53145.0,17205,860.25,6855,53145
80000,98,70977.0,20700,1035.0,9023,70977
10000,98,8807.0,4025,201.25,1193,8807
2,99,2.0,1,0.05,0,2
3,99,3.0,2,0.1,0,3
100,99,86.0,46,2.3,14,86
200,99,176.0,93,4.65,24,176
2000,99,1776.0,895,44.75,224,1776
10000,99,8851.0,3793,189.65,1149,8851
20000,99,17655.0,6671,333.55,2345,17655
40000,99,35450.0,10732,536.6,4550,35450
60000,99,53313.0,14665,733.25,6687,53313
80000,99,71149.0,17563,878.15,8851,71149
10000,99,8851.0,3793,189.65,1149,8851
2,100,2.0,1,0.05,0,2
3,100,3.0,2,0.1,0,3
100,100,90.0,48,2.4,10,90
200,100,173.0,91,4.55,27,173
2000,100,1758.0,932,46.6,242,1758
10000,100,8837.0,3786,189.3,1163,8837
20000,100,17731.0,6944,347.2,2269,17731
40000,100,35575.0,11763,588.15,4425,35575
60000,100,53416.0,15504,775.2,6584,53416
80000,100,71184.0,19085,954.25,8816,71184
10000,100,8837.0,3786,189.3,1163,8837
