Timestep,Iteration,Total Reward,Suboptimal Arms,Total Regret,Zeros Count,Ones Count
2,1,2.0,1,0.04,0,2
3,1,3.0,2,0.08,0,3
100,1,92.0,66,2.64,8,92
200,1,182.0,133,5.32,18,182
2000,1,1741.0,1208,48.32,259,1741
10000,1,8676.0,5731,229.24,1324,8676
20000,1,17392.0,11251,450.04,2608,17392
40000,1,34795.0,20388,815.52,5205,34795
60000,1,52259.0,28987,1159.48,7741,52259
80000,1,69655.0,37051,1482.04,10345,69655
10000,1,8676.0,5731,229.24,1324,8676
2,2,2.0,1,0.04,0,2
3,2,3.0,2,0.08,0,3
100,2,91.0,65,2.6,9,91
200,2,177.0,133,5.32,23,177
2000,2,1725.0,1284,51.36,275,1725
10000,2,8678.0,5852,234.08,1322,8678
20000,2,17310.0,11197,447.88,2690,17310
40000,2,34773.0,20048,801.92,5227,34773
60000,2,52181.0,28338,1133.52,7819,52181
80000,2,69704.0,35780,1431.2,10296,69704
10000,2,8678.0,5852,234.08,1322,8678
2,3,2.0,1,0.04,0,2
3,3,3.0,2,0.08,0,3
100,3,85.0,64,2.56,15,85
200,3,168.0,129,5.16,32,168
2000,3,1722.0,1229,49.16,278,1722
10000,3,8636.0,5615,224.6,1364,8636
20000,3,17293.0,10635,425.4,2707,17293
40000,3,34670.0,20305,812.2,5330,34670
60000,3,52187.0,28097,1123.88,7813,52187
80000,3,69620.0,36859,1474.36,10380,69620
10000,3,8636.0,5615,224.6,1364,8636
2,4,2.0,1,0.04,0,2
3,4,3.0,2,0.08,0,3
100,4,86.0,66,2.64,14,86
200,4,167.0,132,5.28,33,167
2000,4,1726.0,1276,51.04,274,1726
10000,4,8715.0,6014,240.56,1285,8715
20000,4,17380.0,11250,450.0,2620,17380
40000,4,34877.0,20436,817.44,5123,34877
60000,4,52248.0,29420,1176.8,7752,52248
80000,4,69734.0,38049,1521.96,10266,69734
10000,4,8715.0,6014,240.56,1285,8715
2,5,2.0,1,0.04,0,2
3,5,3.0,2,0.08,0,3
100,5,84.0,66,2.64,16,84
200,5,171.0,128,5.12,29,171
2000,5,1709.0,1294,51.76,291,1709
10000,5,8617.0,6060,242.4,1383,8617
20000,5,17272.0,11536,461.44,2728,17272
40000,5,34693.0,20827,833.08,5307,34693
60000,5,52151.0,29631,1185.24,7849,52151
80000,5,69685.0,37181,1487.24,10315,69685
10000,5,8617.0,6060,242.4,1383,8617
2,6,1.0,1,0.04,1,1
3,6,2.0,2,0.08,1,2
100,6,88.0,63,2.52,12,88
200,6,174.0,127,5.08,26,174
2000,6,1733.0,1277,51.08,267,1733
10000,6,8666.0,5989,239.56,1334,8666
20000,6,17362.0,11052,442.08,2638,17362
40000,6,34843.0,20621,824.84,5157,34843
60000,6,52381.0,28737,1149.48,7619,52381
80000,6,69891.0,36193,1447.72,10109,69891
10000,6,8666.0,5989,239.56,1334,8666
2,7,2.0,1,0.04,0,2
3,7,3.0,2,0.08,0,3
100,7,87.0,67,2.68,13,87
200,7,174.0,132,5.28,26,174
2000,7,1715.0,1253,50.12,285,1715
10000,7,8604.0,5743,229.72,1396,8604
20000,7,17292.0,10605,424.2,2708,17292
40000,7,34803.0,19868,794.72,5197,34803
60000,7,52302.0,27901,1116.04,7698,52302
80000,7,69737.0,36080,1443.2,10263,69737
10000,7,8604.0,5743,229.72,1396,8604
2,8,1.0,1,0.04,1,1
3,8,2.0,2,0.08,1,2
100,8,79.0,66,2.64,21,79
200,8,164.0,130,5.2,36,164
2000,8,1756.0,1308,52.32,244,1756
10000,8,8725.0,5946,237.84,1275,8725
20000,8,17433.0,11264,450.56,2567,17433
40000,8,34888.0,20589,823.56,5112,34888
60000,8,52344.0,29445,1177.8,7656,52344
80000,8,69849.0,37000,1480.0,10151,69849
10000,8,8725.0,5946,237.84,1275,8725
2,9,1.0,1,0.04,1,1
3,9,2.0,2,0.08,1,2
100,9,88.0,67,2.68,12,88
200,9,177.0,132,5.28,23,177
2000,9,1725.0,1272,50.88,275,1725
10000,9,8681.0,5796,231.84,1319,8681
20000,9,17341.0,11185,447.4,2659,17341
40000,9,34729.0,20550,822.0,5271,34729
60000,9,52185.0,29021,1160.84,7815,52185
80000,9,69774.0,36126,1445.04,10226,69774
10000,9,8681.0,5796,231.84,1319,8681
2,10,2.0,1,0.04,0,2
3,10,3.0,2,0.08,0,3
100,10,89.0,67,2.68,11,89
200,10,171.0,129,5.16,29,171
2000,10,1763.0,1252,50.08,237,1763
10000,10,8674.0,5857,234.28,1326,8674
20000,10,17326.0,11112,444.48,2674,17326
40000,10,34707.0,20980,839.2,5293,34707
60000,10,52183.0,29249,1169.96,7817,52183
80000,10,69598.0,37254,1490.16,10402,69598
10000,10,8674.0,5857,234.28,1326,8674
2,11,2.0,1,0.04,0,2
3,11,3.0,2,0.08,0,3
100,11,93.0,67,2.68,7,93
200,11,177.0,130,5.2,23,177
2000,11,1746.0,1269,50.76,254,1746
10000,11,8657.0,5916,236.64,1343,8657
20000,11,17340.0,11330,453.2,2660,17340
40000,11,34747.0,20610,824.4,5253,34747
60000,11,52188.0,28734,1149.36,7812,52188
80000,11,69639.0,36036,1441.44,10361,69639
10000,11,8657.0,5916,236.64,1343,8657
2,12,1.0,1,0.04,1,1
3,12,2.0,2,0.08,1,2
100,12,80.0,66,2.64,20,80
200,12,159.0,133,5.32,41,159
2000,12,1723.0,1236,49.44,277,1723
10000,12,8718.0,5959,238.36,1282,8718
20000,12,17409.0,11243,449.72,2591,17409
40000,12,34848.0,20908,836.32,5152,34848
60000,12,52328.0,28479,1139.16,7672,52328
80000,12,69775.0,35958,1438.32,10225,69775
10000,12,8718.0,5959,238.36,1282,8718
2,13,2.0,1,0.04,0,2
3,13,3.0,2,0.08,0,3
100,13,82.0,68,2.72,18,82
200,13,172.0,133,5.32,28,172
2000,13,1734.0,1286,51.44,266,1734
10000,13,8712.0,6104,244.16,1288,8712
20000,13,17352.0,11336,453.44,2648,17352
40000,13,34783.0,20732,829.28,5217,34783
60000,13,52291.0,29357,1174.28,7709,52291
80000,13,69868.0,36406,1456.24,10132,69868
10000,13,8712.0,6104,244.16,1288,8712
2,14,2.0,1,0.04,0,2
3,14,3.0,2,0.08,0,3
100,14,86.0,64,2.56,14,86
200,14,173.0,124,4.96,27,173
2000,14,1744.0,1205,48.2,256,1744
10000,14,8719.0,5765,230.6,1281,8719
20000,14,17386.0,11587,463.48,2614,17386
40000,14,34815.0,21745,869.8,5185,34815
60000,14,52222.0,31215,1248.6,7778,52222
80000,14,69680.0,39524,1580.96,10320,69680
10000,14,8719.0,5765,230.6,1281,8719
2,15,2.0,1,0.04,0,2
3,15,3.0,2,0.08,0,3
100,15,86.0,66,2.64,14,86
200,15,168.0,130,5.2,32,168
2000,15,1721.0,1272,50.88,279,1721
10000,15,8623.0,5848,233.92,1377,8623
20000,15,17298.0,11162,446.48,2702,17298
40000,15,34759.0,20282,811.28,5241,34759
60000,15,52272.0,28584,1143.36,7728,52272
80000,15,69883.0,35738,1429.52,10117,69883
10000,15,8623.0,5848,233.92,1377,8623
2,16,1.0,1,0.04,1,1
3,16,2.0,2,0.08,1,2
100,16,89.0,66,2.64,11,89
200,16,175.0,132,5.28,25,175
2000,16,1698.0,1266,50.64,302,1698
10000,16,8562.0,5967,238.68,1438,8562
20000,16,17232.0,11251,450.04,2768,17232
40000,16,34626.0,20889,835.56,5374,34626
60000,16,52022.0,29756,1190.24,7978,52022
80000,16,69444.0,38142,1525.68,10556,69444
10000,16,8562.0,5967,238.68,1438,8562
2,17,2.0,1,0.04,0,2
3,17,3.0,2,0.08,0,3
100,17,86.0,64,2.56,14,86
200,17,176.0,128,5.12,24,176
2000,17,1715.0,1250,50.0,285,1715
10000,17,8677.0,5962,238.48,1323,8677
20000,17,17370.0,11264,450.56,2630,17370
40000,17,34767.0,20806,832.24,5233,34767
60000,17,52224.0,29410,1176.4,7776,52224
80000,17,69761.0,36967,1478.68,10239,69761
10000,17,8677.0,5962,238.48,1323,8677
2,18,1.0,1,0.04,1,1
3,18,1.0,2,0.08,2,1
100,18,84.0,65,2.6,16,84
200,18,167.0,133,5.32,33,167
2000,18,1757.0,1276,51.04,243,1757
10000,18,8704.0,5947,237.88,1296,8704
20000,18,17403.0,11056,442.24,2597,17403
40000,18,34849.0,20502,820.08,5151,34849
60000,18,52377.0,28991,1159.64,7623,52377
80000,18,69880.0,36064,1442.56,10120,69880
10000,18,8704.0,5947,237.88,1296,8704
2,19,2.0,1,0.04,0,2
3,19,3.0,2,0.08,0,3
100,19,88.0,64,2.56,12,88
200,19,175.0,130,5.2,25,175
2000,19,1733.0,1263,50.52,267,1733
10000,19,8714.0,5793,231.72,1286,8714
20000,19,17410.0,11093,443.72,2590,17410
40000,19,34798.0,20631,825.24,5202,34798
60000,19,52285.0,29171,1166.84,7715,52285
80000,19,69818.0,36848,1473.92,10182,69818
10000,19,8714.0,5793,231.72,1286,8714
2,20,1.0,1,0.04,1,1
3,20,2.0,2,0.08,1,2
100,20,85.0,67,2.68,15,85
200,20,169.0,133,5.32,31,169
2000,20,1740.0,1300,52.0,260,1740
10000,20,8690.0,6016,240.64,1310,8690
20000,20,17365.0,11375,455.0,2635,17365
40000,20,34791.0,20271,810.84,5209,34791
60000,20,52239.0,28862,1154.48,7761,52239
80000,20,69774.0,36686,1467.44,10226,69774
10000,20,8690.0,6016,240.64,1310,8690
2,21,1.0,1,0.04,1,1
3,21,2.0,2,0.08,1,2
100,21,84.0,63,2.52,16,84
200,21,171.0,126,5.04,29,171
2000,21,1734.0,1252,50.08,266,1734
10000,21,8671.0,5859,234.36,1329,8671
20000,21,17365.0,11125,445.0,2635,17365
40000,21,34808.0,20129,805.16,5192,34808
60000,21,52275.0,28726,1149.04,7725,52275
80000,21,69814.0,36235,1449.4,10186,69814
10000,21,8671.0,5859,234.36,1329,8671
2,22,2.0,1,0.04,0,2
3,22,3.0,2,0.08,0,3
100,22,88.0,67,2.68,12,88
200,22,176.0,133,5.32,24,176
2000,22,1751.0,1247,49.88,249,1751
10000,22,8651.0,5764,230.56,1349,8651
20000,22,17259.0,10974,438.96,2741,17259
40000,22,34699.0,19950,798.0,5301,34699
60000,22,52119.0,28045,1121.8,7881,52119
80000,22,69618.0,35380,1415.2,10382,69618
10000,22,8651.0,5764,230.56,1349,8651
2,23,2.0,1,0.04,0,2
3,23,2.0,2,0.08,1,2
100,23,86.0,64,2.56,14,86
200,23,172.0,127,5.08,28,172
2000,23,1719.0,1236,49.44,281,1719
10000,23,8677.0,5701,228.04,1323,8677
20000,23,17385.0,10511,420.44,2615,17385
40000,23,34947.0,19752,790.08,5053,34947
60000,23,52386.0,27821,1112.84,7614,52386
80000,23,69978.0,35211,1408.44,10022,69978
10000,23,8677.0,5701,228.04,1323,8677
2,24,2.0,1,0.04,0,2
3,24,3.0,2,0.08,0,3
100,24,83.0,65,2.6,17,83
200,24,171.0,129,5.16,29,171
2000,24,1722.0,1215,48.6,278,1722
10000,24,8682.0,5794,231.76,1318,8682
20000,24,17362.0,11620,464.8,2638,17362
40000,24,34736.0,21890,875.6,5264,34736
60000,24,52220.0,30468,1218.72,7780,52220
80000,24,69765.0,38515,1540.6,10235,69765
10000,24,8682.0,5794,231.76,1318,8682
2,25,2.0,1,0.04,0,2
3,25,3.0,2,0.08,0,3
100,25,89.0,66,2.64,11,89
200,25,172.0,130,5.2,28,172
2000,25,1718.0,1244,49.76,282,1718
10000,25,8663.0,5831,233.24,1337,8663
20000,25,17304.0,11200,448.0,2696,17304
40000,25,34695.0,21137,845.48,5305,34695
60000,25,52188.0,29246,1169.84,7812,52188
80000,25,69747.0,36294,1451.76,10253,69747
10000,25,8663.0,5831,233.24,1337,8663
2,26,2.0,1,0.04,0,2
3,26,2.0,2,0.08,1,2
100,26,87.0,64,2.56,13,87
200,26,173.0,126,5.04,27,173
2000,26,1749.0,1256,50.24,251,1749
10000,26,8704.0,5864,234.56,1296,8704
20000,26,17378.0,11251,450.04,2622,17378
40000,26,34734.0,21193,847.72,5266,34734
60000,26,52133.0,29449,1177.96,7867,52133
80000,26,69635.0,37030,1481.2,10365,69635
10000,26,8704.0,5864,234.56,1296,8704
2,27,2.0,1,0.04,0,2
3,27,3.0,2,0.08,0,3
100,27,86.0,64,2.56,14,86
200,27,172.0,128,5.12,28,172
2000,27,1748.0,1242,49.68,252,1748
10000,27,8667.0,5983,239.32,1333,8667
20000,27,17290.0,11238,449.52,2710,17290
40000,27,34698.0,21351,854.04,5302,34698
60000,27,52137.0,29714,1188.56,7863,52137
80000,27,69601.0,37826,1513.04,10399,69601
10000,27,8667.0,5983,239.32,1333,8667
2,28,2.0,1,0.04,0,2
3,28,3.0,2,0.08,0,3
100,28,86.0,66,2.64,14,86
200,28,172.0,131,5.24,28,172
2000,28,1727.0,1276,51.04,273,1727
10000,28,8681.0,5840,233.6,1319,8681
20000,28,17341.0,10848,433.92,2659,17341
40000,28,34808.0,19826,793.04,5192,34808
60000,28,52250.0,28222,1128.88,7750,52250
80000,28,69717.0,35450,1418.0,10283,69717
10000,28,8681.0,5840,233.6,1319,8681
2,29,2.0,1,0.04,0,2
3,29,3.0,2,0.08,0,3
100,29,84.0,65,2.6,16,84
200,29,166.0,130,5.2,34,166
2000,29,1695.0,1240,49.6,305,1695
10000,29,8603.0,5782,231.28,1397,8603
20000,29,17264.0,10982,439.28,2736,17264
40000,29,34710.0,20568,822.72,5290,34710
60000,29,52145.0,29764,1190.56,7855,52145
80000,29,69705.0,37257,1490.28,10295,69705
10000,29,8603.0,5782,231.28,1397,8603
2,30,1.0,1,0.04,1,1
3,30,1.0,2,0.08,2,1
100,30,84.0,65,2.6,16,84
200,30,173.0,129,5.16,27,173
2000,30,1733.0,1262,50.48,267,1733
10000,30,8712.0,5877,235.08,1288,8712
20000,30,17367.0,10920,436.8,2633,17367
40000,30,34760.0,20035,801.4,5240,34760
60000,30,52259.0,27664,1106.56,7741,52259
80000,30,69848.0,36340,1453.6,10152,69848
10000,30,8712.0,5877,235.08,1288,8712
2,31,2.0,1,0.04,0,2
3,31,3.0,2,0.08,0,3
100,31,90.0,67,2.68,10,90
200,31,179.0,132,5.28,21,179
2000,31,1717.0,1223,48.92,283,1717
10000,31,8613.0,5680,227.2,1387,8613
20000,31,17260.0,10780,431.2,2740,17260
40000,31,34779.0,19509,780.36,5221,34779
60000,31,52268.0,27921,1116.84,7732,52268
80000,31,69779.0,35508,1420.32,10221,69779
10000,31,8613.0,5680,227.2,1387,8613
2,32,2.0,1,0.04,0,2
3,32,2.0,2,0.08,1,2
100,32,82.0,64,2.56,18,82
200,32,174.0,127,5.08,26,174
2000,32,1744.0,1269,50.76,256,1744
10000,32,8683.0,5893,235.72,1317,8683
20000,32,17384.0,11286,451.44,2616,17384
40000,32,34694.0,21072,842.88,5306,34694
60000,32,52231.0,28776,1151.04,7769,52231
80000,32,69670.0,37477,1499.08,10330,69670
10000,32,8683.0,5893,235.72,1317,8683
2,33,1.0,1,0.04,1,1
3,33,1.0,2,0.08,2,1
100,33,82.0,66,2.64,18,82
200,33,165.0,129,5.16,35,165
2000,33,1731.0,1239,49.56,269,1731
10000,33,8655.0,5900,236.0,1345,8655
20000,33,17326.0,11193,447.72,2674,17326
40000,33,34762.0,20814,832.56,5238,34762
60000,33,52176.0,28753,1150.12,7824,52176
80000,33,69680.0,36526,1461.04,10320,69680
10000,33,8655.0,5900,236.0,1345,8655
2,34,1.0,1,0.04,1,1
3,34,2.0,2,0.08,1,2
100,34,86.0,67,2.68,14,86
200,34,175.0,131,5.24,25,175
2000,34,1708.0,1310,52.4,292,1708
10000,34,8629.0,6017,240.68,1371,8629
20000,34,17357.0,11193,447.72,2643,17357
40000,34,34777.0,20563,822.52,5223,34777
60000,34,52236.0,29216,1168.64,7764,52236
80000,34,69764.0,37536,1501.44,10236,69764
10000,34,8629.0,6017,240.68,1371,8629
2,35,1.0,1,0.04,1,1
3,35,1.0,2,0.08,2,1
100,35,75.0,69,2.76,25,75
200,35,169.0,134,5.36,31,169
2000,35,1683.0,1301,52.04,317,1683
10000,35,8600.0,6141,245.64,1400,8600
20000,35,17314.0,11445,457.8,2686,17314
40000,35,34728.0,21508,860.32,5272,34728
60000,35,52177.0,30854,1234.16,7823,52177
80000,35,69659.0,39196,1567.84,10341,69659
10000,35,8600.0,6141,245.64,1400,8600
2,36,2.0,1,0.04,0,2
3,36,3.0,2,0.08,0,3
100,36,80.0,66,2.64,20,80
200,36,170.0,129,5.16,30,170
2000,36,1712.0,1304,52.16,288,1712
10000,36,8706.0,5810,232.4,1294,8706
20000,36,17380.0,11348,453.92,2620,17380
40000,36,34752.0,21107,844.28,5248,34752
60000,36,52188.0,29416,1176.64,7812,52188
80000,36,69639.0,37384,1495.36,10361,69639
10000,36,8706.0,5810,232.4,1294,8706
2,37,2.0,1,0.04,0,2
3,37,3.0,2,0.08,0,3
100,37,84.0,66,2.64,16,84
200,37,175.0,131,5.24,25,175
2000,37,1723.0,1250,50.0,277,1723
10000,37,8644.0,5831,233.24,1356,8644
20000,37,17370.0,10702,428.08,2630,17370
40000,37,34784.0,19880,795.2,5216,34784
60000,37,52260.0,28015,1120.6,7740,52260
80000,37,69725.0,36070,1442.8,10275,69725
10000,37,8644.0,5831,233.24,1356,8644
2,38,2.0,1,0.04,0,2
3,38,2.0,2,0.08,1,2
100,38,84.0,66,2.64,16,84
200,38,172.0,133,5.32,28,172
2000,38,1736.0,1250,50.0,264,1736
10000,38,8724.0,5788,231.52,1276,8724
20000,38,17379.0,11541,461.64,2621,17379
40000,38,34718.0,21564,862.56,5282,34718
60000,38,52159.0,29849,1193.96,7841,52159
80000,38,69717.0,36886,1475.44,10283,69717
10000,38,8724.0,5788,231.52,1276,8724
2,39,2.0,1,0.04,0,2
3,39,3.0,2,0.08,0,3
100,39,86.0,65,2.6,14,86
200,39,179.0,132,5.28,21,179
2000,39,1736.0,1236,49.44,264,1736
10000,39,8753.0,5676,227.04,1247,8753
20000,39,17483.0,11031,441.24,2517,17483
40000,39,34932.0,20488,819.52,5068,34932
60000,39,52281.0,29424,1176.96,7719,52281
80000,39,69805.0,36543,1461.72,10195,69805
10000,39,8753.0,5676,227.04,1247,8753
2,40,2.0,1,0.04,0,2
3,40,2.0,2,0.08,1,2
100,40,92.0,67,2.68,8,92
200,40,176.0,133,5.32,24,176
2000,40,1728.0,1287,51.48,272,1728
10000,40,8621.0,6094,243.76,1379,8621
20000,40,17344.0,11607,464.28,2656,17344
40000,40,34770.0,20975,839.0,5230,34770
60000,40,52253.0,29304,1172.16,7747,52253
80000,40,69764.0,36832,1473.28,10236,69764
10000,40,8621.0,6094,243.76,1379,8621
2,41,2.0,1,0.04,0,2
3,41,3.0,2,0.08,0,3
100,41,86.0,66,2.64,14,86
200,41,176.0,131,5.24,24,176
2000,41,1727.0,1294,51.76,273,1727
10000,41,8657.0,5900,236.0,1343,8657
20000,41,17318.0,11191,447.64,2682,17318
40000,41,34708.0,20464,818.56,5292,34708
60000,41,52143.0,28951,1158.04,7857,52143
80000,41,69638.0,37002,1480.08,10362,69638
10000,41,8657.0,5900,236.0,1343,8657
2,42,2.0,1,0.04,0,2
3,42,2.0,2,0.08,1,2
100,42,86.0,64,2.56,14,86
200,42,178.0,129,5.16,22,178
2000,42,1734.0,1238,49.52,266,1734
10000,42,8671.0,5911,236.44,1329,8671
20000,42,17350.0,11057,442.28,2650,17350
40000,42,34729.0,20662,826.48,5271,34729
60000,42,52255.0,29223,1168.92,7745,52255
80000,42,69746.0,37022,1480.88,10254,69746
10000,42,8671.0,5911,236.44,1329,8671
2,43,2.0,1,0.04,0,2
3,43,3.0,2,0.08,0,3
100,43,78.0,62,2.48,22,78
200,43,166.0,128,5.12,34,166
2000,43,1724.0,1262,50.48,276,1724
10000,43,8664.0,5938,237.52,1336,8664
20000,43,17370.0,10890,435.6,2630,17370
40000,43,34845.0,20315,812.6,5155,34845
60000,43,52336.0,28546,1141.84,7664,52336
80000,43,69848.0,36110,1444.4,10152,69848
10000,43,8664.0,5938,237.52,1336,8664
2,44,1.0,1,0.04,1,1
3,44,2.0,2,0.08,1,2
100,44,85.0,65,2.6,15,85
200,44,174.0,134,5.36,26,174
2000,44,1756.0,1298,51.92,244,1756
10000,44,8663.0,6130,245.2,1337,8663
20000,44,17341.0,11630,465.2,2659,17341
40000,44,34831.0,20945,837.8,5169,34831
60000,44,52254.0,29237,1169.48,7746,52254
80000,44,69786.0,36221,1448.84,10214,69786
10000,44,8663.0,6130,245.2,1337,8663
2,45,2.0,1,0.04,0,2
3,45,3.0,2,0.08,0,3
100,45,88.0,65,2.6,12,88
200,45,179.0,132,5.28,21,179
2000,45,1738.0,1295,51.8,262,1738
10000,45,8617.0,6051,242.04,1383,8617
20000,45,17308.0,11077,443.08,2692,17308
40000,45,34729.0,19670,786.8,5271,34729
60000,45,52242.0,27964,1118.56,7758,52242
80000,45,69677.0,36059,1442.36,10323,69677
10000,45,8617.0,6051,242.04,1383,8617
2,46,1.0,1,0.04,1,1
3,46,2.0,2,0.08,1,2
100,46,84.0,65,2.6,16,84
200,46,169.0,127,5.08,31,169
2000,46,1711.0,1208,48.32,289,1711
10000,46,8635.0,5576,223.04,1365,8635
20000,46,17294.0,10623,424.92,2706,17294
40000,46,34771.0,19989,799.56,5229,34771
60000,46,52178.0,28536,1141.44,7822,52178
80000,46,69612.0,36296,1451.84,10388,69612
10000,46,8635.0,5576,223.04,1365,8635
2,47,1.0,1,0.04,1,1
3,47,2.0,2,0.08,1,2
100,47,84.0,64,2.56,16,84
200,47,173.0,129,5.16,27,173
2000,47,1728.0,1252,50.08,272,1728
10000,47,8670.0,5926,237.04,1330,8670
20000,47,17358.0,11534,461.36,2642,17358
40000,47,34739.0,21960,878.4,5261,34739
60000,47,52098.0,30676,1227.04,7902,52098
80000,47,69559.0,38587,1543.48,10441,69559
10000,47,8670.0,5926,237.04,1330,8670
2,48,2.0,1,0.04,0,2
3,48,3.0,2,0.08,0,3
100,48,87.0,66,2.64,13,87
200,48,170.0,134,5.36,30,170
2000,48,1733.0,1257,50.28,267,1733
10000,48,8690.0,5937,237.48,1310,8690
20000,48,17391.0,10951,438.04,2609,17391
40000,48,34778.0,20730,829.2,5222,34778
60000,48,52231.0,28471,1138.84,7769,52231
80000,48,69837.0,35438,1417.52,10163,69837
10000,48,8690.0,5937,237.48,1310,8690
2,49,1.0,1,0.04,1,1
3,49,1.0,2,0.08,2,1
100,49,88.0,68,2.72,12,88
200,49,176.0,135,5.4,24,176
2000,49,1719.0,1247,49.88,281,1719
10000,49,8714.0,5714,228.56,1286,8714
20000,49,17369.0,10952,438.08,2631,17369
40000,49,34716.0,20503,820.12,5284,34716
60000,49,52135.0,28892,1155.68,7865,52135
80000,49,69657.0,36697,1467.88,10343,69657
10000,49,8714.0,5714,228.56,1286,8714
2,50,2.0,1,0.04,0,2
3,50,3.0,2,0.08,0,3
100,50,88.0,69,2.76,12,88
200,50,169.0,136,5.44,31,169
2000,50,1735.0,1298,51.92,265,1735
10000,50,8672.0,6175,247.0,1328,8672
20000,50,17360.0,11650,466.0,2640,17360
40000,50,34799.0,21528,861.12,5201,34799
60000,50,52234.0,30381,1215.24,7766,52234
80000,50,69726.0,37980,1519.2,10274,69726
10000,50,8672.0,6175,247.0,1328,8672
2,51,2.0,1,0.04,0,2
3,51,2.0,2,0.08,1,2
100,51,86.0,66,2.64,14,86
200,51,170.0,129,5.16,30,170
2000,51,1728.0,1221,48.84,272,1728
10000,51,8670.0,5869,234.76,1330,8670
20000,51,17361.0,11223,448.92,2639,17361
40000,51,34760.0,20364,814.56,5240,34760
60000,51,52259.0,28135,1125.4,7741,52259
80000,51,69793.0,35587,1423.48,10207,69793
10000,51,8670.0,5869,234.76,1330,8670
2,52,2.0,1,0.04,0,2
3,52,3.0,2,0.08,0,3
100,52,86.0,67,2.68,14,86
200,52,173.0,131,5.24,27,173
2000,52,1728.0,1273,50.92,272,1728
10000,52,8656.0,5751,230.04,1344,8656
20000,52,17379.0,10787,431.48,2621,17379
40000,52,34818.0,19871,794.84,5182,34818
60000,52,52338.0,28639,1145.56,7662,52338
80000,52,69904.0,35866,1434.64,10096,69904
10000,52,8656.0,5751,230.04,1344,8656
2,53,2.0,1,0.04,0,2
3,53,3.0,2,0.08,0,3
100,53,93.0,66,2.64,7,93
200,53,179.0,133,5.32,21,179
2000,53,1726.0,1280,51.2,274,1726
10000,53,8747.0,5967,238.68,1253,8747
20000,53,17421.0,11221,448.84,2579,17421
40000,53,34859.0,20405,816.2,5141,34859
60000,53,52313.0,28379,1135.16,7687,52313
80000,53,69849.0,35663,1426.52,10151,69849
10000,53,8747.0,5967,238.68,1253,8747
2,54,2.0,1,0.04,0,2
3,54,3.0,2,0.08,0,3
100,54,86.0,66,2.64,14,86
200,54,176.0,128,5.12,24,176
2000,54,1737.0,1232,49.28,263,1737
10000,54,8669.0,5803,232.12,1331,8669
20000,54,17335.0,11061,442.44,2665,17335
40000,54,34739.0,20332,813.28,5261,34739
60000,54,52193.0,28350,1134.0,7807,52193
80000,54,69712.0,36078,1443.12,10288,69712
10000,54,8669.0,5803,232.12,1331,8669
2,55,2.0,1,0.04,0,2
3,55,3.0,2,0.08,0,3
100,55,88.0,67,2.68,12,88
200,55,172.0,136,5.44,28,172
2000,55,1714.0,1259,50.36,286,1714
10000,55,8650.0,5894,235.76,1350,8650
20000,55,17306.0,11158,446.32,2694,17306
40000,55,34847.0,20157,806.28,5153,34847
60000,55,52371.0,28946,1157.84,7629,52371
80000,55,69813.0,36679,1467.16,10187,69813
10000,55,8650.0,5894,235.76,1350,8650
2,56,2.0,1,0.04,0,2
3,56,3.0,2,0.08,0,3
100,56,92.0,66,2.64,8,92
200,56,178.0,128,5.12,22,178
2000,56,1767.0,1262,50.48,233,1767
10000,56,8688.0,5750,230.0,1312,8688
20000,56,17404.0,11107,444.28,2596,17404
40000,56,34886.0,20506,820.24,5114,34886
60000,56,52341.0,28352,1134.08,7659,52341
80000,56,69911.0,35837,1433.48,10089,69911
10000,56,8688.0,5750,230.0,1312,8688
2,57,1.0,1,0.04,1,1
3,57,2.0,2,0.08,1,2
100,57,88.0,66,2.64,12,88
200,57,174.0,129,5.16,26,174
2000,57,1718.0,1262,50.48,282,1718
10000,57,8638.0,5887,235.48,1362,8638
20000,57,17332.0,11477,459.08,2668,17332
40000,57,34794.0,20713,828.52,5206,34794
60000,57,52333.0,29026,1161.04,7667,52333
80000,57,69779.0,36541,1461.64,10221,69779
10000,57,8638.0,5887,235.48,1362,8638
2,58,1.0,1,0.04,1,1
3,58,2.0,2,0.08,1,2
100,58,84.0,68,2.72,16,84
200,58,167.0,138,5.52,33,167
2000,58,1739.0,1240,49.6,261,1739
10000,58,8643.0,5929,237.16,1357,8643
20000,58,17314.0,10963,438.52,2686,17314
40000,58,34809.0,19866,794.64,5191,34809
60000,58,52268.0,27764,1110.56,7732,52268
80000,58,69790.0,34501,1380.04,10210,69790
10000,58,8643.0,5929,237.16,1357,8643
2,59,1.0,1,0.04,1,1
3,59,2.0,2,0.08,1,2
100,59,82.0,65,2.6,18,82
200,59,167.0,130,5.2,33,167
2000,59,1711.0,1234,49.36,289,1711
10000,59,8611.0,5620,224.8,1389,8611
20000,59,17300.0,10739,429.56,2700,17300
40000,59,34665.0,20689,827.56,5335,34665
60000,59,52121.0,28725,1149.0,7879,52121
80000,59,69565.0,36690,1467.6,10435,69565
10000,59,8611.0,5620,224.8,1389,8611
2,60,2.0,1,0.04,0,2
3,60,3.0,2,0.08,0,3
100,60,88.0,67,2.68,12,88
200,60,175.0,133,5.32,25,175
2000,60,1753.0,1286,51.44,247,1753
10000,60,8704.0,5898,235.92,1296,8704
20000,60,17395.0,11223,448.92,2605,17395
40000,60,34843.0,20938,837.52,5157,34843
60000,60,52331.0,29429,1177.16,7669,52331
80000,60,69793.0,37364,1494.56,10207,69793
10000,60,8704.0,5898,235.92,1296,8704
2,61,1.0,1,0.04,1,1
3,61,2.0,2,0.08,1,2
100,61,81.0,65,2.6,19,81
200,61,166.0,127,5.08,34,166
2000,61,1725.0,1265,50.6,275,1725
10000,61,8583.0,5878,235.12,1417,8583
20000,61,17269.0,11361,454.44,2731,17269
40000,61,34730.0,20446,817.84,5270,34730
60000,61,52153.0,28736,1149.44,7847,52153
80000,61,69693.0,35884,1435.36,10307,69693
10000,61,8583.0,5878,235.12,1417,8583
2,62,1.0,1,0.04,1,1
3,62,2.0,2,0.08,1,2
100,62,84.0,64,2.56,16,84
200,62,167.0,131,5.24,33,167
2000,62,1722.0,1245,49.8,278,1722
10000,62,8623.0,5887,235.48,1377,8623
20000,62,17326.0,11053,442.12,2674,17326
40000,62,34725.0,21400,856.0,5275,34725
60000,62,52238.0,29385,1175.4,7762,52238
80000,62,69723.0,35975,1439.0,10277,69723
10000,62,8623.0,5887,235.48,1377,8623
2,63,2.0,1,0.04,0,2
3,63,3.0,2,0.08,0,3
100,63,90.0,67,2.68,10,90
200,63,178.0,128,5.12,22,178
2000,63,1738.0,1259,50.36,262,1738
10000,63,8678.0,5870,234.8,1322,8678
20000,63,17400.0,11379,455.16,2600,17400
40000,63,34796.0,21698,867.92,5204,34796
60000,63,52245.0,30290,1211.6,7755,52245
80000,63,69796.0,38086,1523.44,10204,69796
10000,63,8678.0,5870,234.8,1322,8678
2,64,2.0,1,0.04,0,2
3,64,3.0,2,0.08,0,3
100,64,84.0,67,2.68,16,84
200,64,167.0,132,5.28,33,167
2000,64,1714.0,1287,51.48,286,1714
10000,64,8642.0,5978,239.12,1358,8642
20000,64,17324.0,11022,440.88,2676,17324
40000,64,34741.0,20043,801.72,5259,34741
60000,64,52209.0,28385,1135.4,7791,52209
80000,64,69712.0,35868,1434.72,10288,69712
10000,64,8642.0,5978,239.12,1358,8642
2,65,2.0,1,0.04,0,2
3,65,3.0,2,0.08,0,3
100,65,87.0,68,2.72,13,87
200,65,166.0,137,5.48,34,166
2000,65,1742.0,1272,50.88,258,1742
10000,65,8678.0,5879,235.16,1322,8678
20000,65,17406.0,11296,451.84,2594,17406
40000,65,34820.0,20712,828.48,5180,34820
60000,65,52288.0,28554,1142.16,7712,52288
80000,65,69785.0,36475,1459.0,10215,69785
10000,65,8678.0,5879,235.16,1322,8678
2,66,2.0,1,0.04,0,2
3,66,2.0,2,0.08,1,2
100,66,86.0,65,2.6,14,86
200,66,169.0,127,5.08,31,169
2000,66,1719.0,1293,51.72,281,1719
10000,66,8605.0,6137,245.48,1395,8605
20000,66,17273.0,11547,461.88,2727,17273
40000,66,34662.0,21378,855.12,5338,34662
60000,66,52120.0,29900,1196.0,7880,52120
80000,66,69571.0,37731,1509.24,10429,69571
10000,66,8605.0,6137,245.48,1395,8605
2,67,1.0,1,0.04,1,1
3,67,1.0,2,0.08,2,1
100,67,83.0,66,2.64,17,83
200,67,174.0,131,5.24,26,174
2000,67,1719.0,1251,50.04,281,1719
10000,67,8646.0,5892,235.68,1354,8646
20000,67,17325.0,11120,444.8,2675,17325
40000,67,34725.0,20331,813.24,5275,34725
60000,67,52210.0,28369,1134.76,7790,52210
80000,67,69681.0,35376,1415.04,10319,69681
10000,67,8646.0,5892,235.68,1354,8646
2,68,1.0,1,0.04,1,1
3,68,1.0,2,0.08,2,1
100,68,85.0,67,2.68,15,85
200,68,174.0,134,5.36,26,174
2000,68,1737.0,1275,51.0,263,1737
10000,68,8620.0,5866,234.64,1380,8620
20000,68,17280.0,11476,459.04,2720,17280
40000,68,34631.0,20756,830.24,5369,34631
60000,68,52166.0,28203,1128.12,7834,52166
80000,68,69642.0,36150,1446.0,10358,69642
10000,68,8620.0,5866,234.64,1380,8620
2,69,2.0,1,0.04,0,2
3,69,3.0,2,0.08,0,3
100,69,85.0,65,2.6,15,85
200,69,173.0,128,5.12,27,173
2000,69,1709.0,1273,50.92,291,1709
10000,69,8691.0,5854,234.16,1309,8691
20000,69,17361.0,11230,449.2,2639,17361
40000,69,34797.0,20309,812.36,5203,34797
60000,69,52258.0,29055,1162.2,7742,52258
80000,69,69719.0,36545,1461.8,10281,69719
10000,69,8691.0,5854,234.16,1309,8691
2,70,2.0,1,0.04,0,2
3,70,3.0,2,0.08,0,3
100,70,86.0,67,2.68,14,86
200,70,169.0,133,5.32,31,169
2000,70,1713.0,1233,49.32,287,1713
10000,70,8657.0,5864,234.56,1343,8657
20000,70,17344.0,11121,444.84,2656,17344
40000,70,34778.0,20970,838.8,5222,34778
60000,70,52275.0,28369,1134.76,7725,52275
80000,70,69745.0,36091,1443.64,10255,69745
10000,70,8657.0,5864,234.56,1343,8657
2,71,2.0,1,0.04,0,2
3,71,3.0,2,0.08,0,3
100,71,87.0,66,2.64,13,87
200,71,176.0,133,5.32,24,176
2000,71,1711.0,1272,50.88,289,1711
10000,71,8590.0,6101,244.04,1410,8590
20000,71,17208.0,11594,463.76,2792,17208
40000,71,34558.0,20935,837.4,5442,34558
60000,71,51994.0,28763,1150.52,8006,51994
80000,71,69473.0,35943,1437.72,10527,69473
10000,71,8590.0,6101,244.04,1410,8590
2,72,2.0,1,0.04,0,2
3,72,3.0,2,0.08,0,3
100,72,88.0,67,2.68,12,88
200,72,176.0,129,5.16,24,176
2000,72,1730.0,1255,50.2,270,1730
10000,72,8596.0,6051,242.04,1404,8596
20000,72,17324.0,11352,454.08,2676,17324
40000,72,34796.0,20751,830.04,5204,34796
60000,72,52332.0,29205,1168.2,7668,52332
80000,72,69856.0,36617,1464.68,10144,69856
10000,72,8596.0,6051,242.04,1404,8596
2,73,2.0,1,0.04,0,2
3,73,3.0,2,0.08,0,3
100,73,91.0,65,2.6,9,91
200,73,172.0,130,5.2,28,172
2000,73,1724.0,1289,51.56,276,1724
10000,73,8713.0,6011,240.44,1287,8713
20000,73,17411.0,11111,444.44,2589,17411
40000,73,34887.0,20694,827.76,5113,34887
60000,73,52362.0,28192,1127.68,7638,52362
80000,73,69890.0,35141,1405.64,10110,69890
10000,73,8713.0,6011,240.44,1287,8713
2,74,2.0,1,0.04,0,2
3,74,3.0,2,0.08,0,3
100,74,86.0,67,2.68,14,86
200,74,171.0,134,5.36,29,171
2000,74,1732.0,1291,51.64,268,1732
10000,74,8697.0,5826,233.04,1303,8697
20000,74,17372.0,11138,445.52,2628,17372
40000,74,34839.0,20414,816.56,5161,34839
60000,74,52218.0,29263,1170.52,7782,52218
80000,74,69711.0,36691,1467.64,10289,69711
10000,74,8697.0,5826,233.04,1303,8697
2,75,1.0,1,0.04,1,1
3,75,2.0,2,0.08,1,2
100,75,83.0,66,2.64,17,83
200,75,170.0,131,5.24,30,170
2000,75,1727.0,1299,51.96,273,1727
10000,75,8662.0,5750,230.0,1338,8662
20000,75,17301.0,11030,441.2,2699,17301
40000,75,34732.0,20621,824.84,5268,34732
60000,75,52288.0,29026,1161.04,7712,52288
80000,75,69815.0,36529,1461.16,10185,69815
10000,75,8662.0,5750,230.0,1338,8662
2,76,2.0,1,0.04,0,2
3,76,3.0,2,0.08,0,3
100,76,91.0,66,2.64,9,91
200,76,185.0,132,5.28,15,185
2000,76,1714.0,1255,50.2,286,1714
10000,76,8618.0,5779,231.16,1382,8618
20000,76,17315.0,11057,442.28,2685,17315
40000,76,34769.0,20556,822.24,5231,34769
60000,76,52141.0,28982,1159.28,7859,52141
80000,76,69708.0,35286,1411.44,10292,69708
10000,76,8618.0,5779,231.16,1382,8618
2,77,2.0,1,0.04,0,2
3,77,3.0,2,0.08,0,3
100,77,85.0,66,2.64,15,85
200,77,173.0,131,5.24,27,173
2000,77,1730.0,1265,50.6,270,1730
10000,77,8668.0,5842,233.68,1332,8668
20000,77,17381.0,11093,443.72,2619,17381
40000,77,34781.0,20540,821.6,5219,34781
60000,77,52183.0,28673,1146.92,7817,52183
80000,77,69682.0,35983,1439.32,10318,69682
10000,77,8668.0,5842,233.68,1332,8668
2,78,2.0,1,0.04,0,2
3,78,3.0,2,0.08,0,3
100,78,83.0,65,2.6,17,83
200,78,166.0,129,5.16,34,166
2000,78,1700.0,1285,51.4,300,1700
10000,78,8643.0,5878,235.12,1357,8643
20000,78,17298.0,11215,448.6,2702,17298
40000,78,34778.0,21354,854.16,5222,34778
60000,78,52199.0,29854,1194.16,7801,52199
80000,78,69665.0,36958,1478.32,10335,69665
10000,78,8643.0,5878,235.12,1357,8643
2,79,2.0,1,0.04,0,2
3,79,3.0,2,0.08,0,3
100,79,83.0,67,2.68,17,83
200,79,168.0,129,5.16,32,168
2000,79,1723.0,1238,49.52,277,1723
10000,79,8657.0,5798,231.92,1343,8657
20000,79,17365.0,10965,438.6,2635,17365
40000,79,34794.0,21062,842.48,5206,34794
60000,79,52258.0,30763,1230.52,7742,52258
80000,79,69632.0,39205,1568.2,10368,69632
10000,79,8657.0,5798,231.92,1343,8657
2,80,2.0,1,0.04,0,2
3,80,3.0,2,0.08,0,3
100,80,83.0,62,2.48,17,83
200,80,162.0,125,5.0,38,162
2000,80,1714.0,1219,48.76,286,1714
10000,80,8635.0,5832,233.28,1365,8635
20000,80,17316.0,11165,446.6,2684,17316
40000,80,34656.0,20251,810.04,5344,34656
60000,80,52150.0,28545,1141.8,7850,52150
80000,80,69673.0,36019,1440.76,10327,69673
10000,80,8635.0,5832,233.28,1365,8635
2,81,2.0,1,0.04,0,2
3,81,3.0,2,0.08,0,3
100,81,85.0,66,2.64,15,85
200,81,167.0,129,5.16,33,167
2000,81,1733.0,1277,51.08,267,1733
10000,81,8655.0,5871,234.84,1345,8655
20000,81,17297.0,10965,438.6,2703,17297
40000,81,34702.0,20456,818.24,5298,34702
60000,81,52123.0,29002,1160.08,7877,52123
80000,81,69669.0,36096,1443.84,10331,69669
10000,81,8655.0,5871,234.84,1345,8655
2,82,2.0,1,0.04,0,2
3,82,3.0,2,0.08,0,3
100,82,92.0,66,2.64,8,92
200,82,166.0,130,5.2,34,166
2000,82,1740.0,1276,51.04,260,1740
10000,82,8697.0,6049,241.96,1303,8697
20000,82,17417.0,11220,448.8,2583,17417
40000,82,34772.0,20527,821.08,5228,34772
60000,82,52211.0,29248,1169.92,7789,52211
80000,82,69800.0,36102,1444.08,10200,69800
10000,82,8697.0,6049,241.96,1303,8697
2,83,1.0,1,0.04,1,1
3,83,2.0,2,0.08,1,2
100,83,86.0,67,2.68,14,86
200,83,170.0,128,5.12,30,170
2000,83,1742.0,1205,48.2,258,1742
10000,83,8684.0,5966,238.64,1316,8684
20000,83,17312.0,11463,458.52,2688,17312
40000,83,34755.0,20867,834.68,5245,34755
60000,83,52261.0,28858,1154.32,7739,52261
80000,83,69737.0,36897,1475.88,10263,69737
10000,83,8684.0,5966,238.64,1316,8684
2,84,2.0,1,0.04,0,2
3,84,3.0,2,0.08,0,3
100,84,84.0,67,2.68,16,84
200,84,172.0,135,5.4,28,172
2000,84,1707.0,1282,51.28,293,1707
10000,84,8632.0,5800,232.0,1368,8632
20000,84,17283.0,11421,456.84,2717,17283
40000,84,34704.0,21361,854.44,5296,34704
60000,84,52107.0,30540,1221.6,7893,52107
80000,84,69630.0,37994,1519.76,10370,69630
10000,84,8632.0,5800,232.0,1368,8632
2,85,1.0,1,0.04,1,1
3,85,2.0,2,0.08,1,2
100,85,92.0,64,2.56,8,92
200,85,184.0,128,5.12,16,184
2000,85,1726.0,1278,51.12,274,1726
10000,85,8656.0,5837,233.48,1344,8656
20000,85,17309.0,11079,443.16,2691,17309
40000,85,34793.0,20232,809.28,5207,34793
60000,85,52235.0,28341,1133.64,7765,52235
80000,85,69653.0,36207,1448.28,10347,69653
10000,85,8656.0,5837,233.48,1344,8656
2,86,1.0,1,0.04,1,1
3,86,2.0,2,0.08,1,2
100,86,83.0,65,2.6,17,83
200,86,163.0,133,5.32,37,163
2000,86,1719.0,1293,51.72,281,1719
10000,86,8639.0,5914,236.56,1361,8639
20000,86,17357.0,11187,447.48,2643,17357
40000,86,34766.0,20064,802.56,5234,34766
60000,86,52181.0,28263,1130.52,7819,52181
80000,86,69672.0,34986,1399.44,10328,69672
10000,86,8639.0,5914,236.56,1361,8639
2,87,2.0,1,0.04,0,2
3,87,3.0,2,0.08,0,3
100,87,93.0,65,2.6,7,93
200,87,180.0,128,5.12,20,180
2000,87,1740.0,1247,49.88,260,1740
10000,87,8617.0,5961,238.44,1383,8617
20000,87,17329.0,11301,452.04,2671,17329
40000,87,34686.0,20631,825.24,5314,34686
60000,87,52175.0,28097,1123.88,7825,52175
80000,87,69696.0,36211,1448.44,10304,69696
10000,87,8617.0,5961,238.44,1383,8617
2,88,1.0,1,0.04,1,1
3,88,2.0,2,0.08,1,2
100,88,89.0,67,2.68,11,89
200,88,178.0,133,5.32,22,178
2000,88,1719.0,1271,50.84,281,1719
10000,88,8642.0,5915,236.6,1358,8642
20000,88,17357.0,11343,453.72,2643,17357
40000,88,34778.0,20968,838.72,5222,34778
60000,88,52242.0,28801,1152.04,7758,52242
80000,88,69667.0,37076,1483.04,10333,69667
10000,88,8642.0,5915,236.6,1358,8642
2,89,2.0,1,0.04,0,2
3,89,3.0,2,0.08,0,3
100,89,89.0,64,2.56,11,89
200,89,176.0,131,5.24,24,176
2000,89,1745.0,1273,50.92,255,1745
10000,89,8690.0,5851,234.04,1310,8690
20000,89,17331.0,11297,451.88,2669,17331
40000,89,34823.0,20720,828.8,5177,34823
60000,89,52383.0,28941,1157.64,7617,52383
80000,89,69853.0,36959,1478.36,10147,69853
10000,89,8690.0,5851,234.04,1310,8690
2,90,2.0,1,0.04,0,2
3,90,3.0,2,0.08,0,3
100,90,87.0,66,2.64,13,87
200,90,173.0,131,5.24,27,173
2000,90,1730.0,1234,49.36,270,1730
10000,90,8635.0,5980,239.2,1365,8635
20000,90,17339.0,11178,447.12,2661,17339
40000,90,34760.0,20233,809.32,5240,34760
60000,90,52124.0,28687,1147.48,7876,52124
80000,90,69655.0,36623,1464.92,10345,69655
10000,90,8635.0,5980,239.2,1365,8635
2,91,1.0,1,0.04,1,1
3,91,1.0,2,0.08,2,1
100,91,93.0,65,2.6,7,93
200,91,179.0,132,5.28,21,179
2000,91,1721.0,1227,49.08,279,1721
10000,91,8644.0,5905,236.2,1356,8644
20000,91,17341.0,11180,447.2,2659,17341
40000,91,34782.0,20852,834.08,5218,34782
60000,91,52232.0,29194,1167.76,7768,52232
80000,91,69686.0,36874,1474.96,10314,69686
10000,91,8644.0,5905,236.2,1356,8644
2,92,1.0,1,0.04,1,1
3,92,2.0,2,0.08,1,2
100,92,87.0,65,2.6,13,87
200,92,176.0,130,5.2,24,176
2000,92,1727.0,1256,50.24,273,1727
10000,92,8659.0,5705,228.2,1341,8659
20000,92,17328.0,11023,440.92,2672,17328
40000,92,34744.0,20935,837.4,5256,34744
60000,92,52209.0,29590,1183.6,7791,52209
80000,92,69586.0,36979,1479.16,10414,69586
10000,92,8659.0,5705,228.2,1341,8659
2,93,2.0,1,0.04,0,2
3,93,3.0,2,0.08,0,3
100,93,84.0,64,2.56,16,84
200,93,170.0,135,5.4,30,170
2000,93,1727.0,1248,49.92,273,1727
10000,93,8684.0,5922,236.88,1316,8684
20000,93,17435.0,11246,449.84,2565,17435
40000,93,34888.0,20604,824.16,5112,34888
60000,93,52342.0,29110,1164.4,7658,52342
80000,93,69836.0,36555,1462.2,10164,69836
10000,93,8684.0,5922,236.88,1316,8684
2,94,2.0,1,0.04,0,2
3,94,3.0,2,0.08,0,3
100,94,82.0,67,2.68,18,82
200,94,164.0,134,5.36,36,164
2000,94,1724.0,1292,51.68,276,1724
10000,94,8613.0,6166,246.64,1387,8613
20000,94,17355.0,11379,455.16,2645,17355
40000,94,34801.0,20998,839.92,5199,34801
60000,94,52216.0,29359,1174.36,7784,52216
80000,94,69694.0,37834,1513.36,10306,69694
10000,94,8613.0,6166,246.64,1387,8613
2,95,1.0,1,0.04,1,1
3,95,2.0,2,0.08,1,2
100,95,87.0,65,2.6,13,87
200,95,176.0,131,5.24,24,176
2000,95,1729.0,1242,49.68,271,1729
10000,95,8649.0,5965,238.6,1351,8649
20000,95,17387.0,10876,435.04,2613,17387
40000,95,34787.0,20573,822.92,5213,34787
60000,95,52297.0,28402,1136.08,7703,52297
80000,95,69787.0,36375,1455.0,10213,69787
10000,95,8649.0,5965,238.6,1351,8649
2,96,2.0,1,0.04,0,2
3,96,3.0,2,0.08,0,3
100,96,85.0,65,2.6,15,85
200,96,175.0,132,5.28,25,175
2000,96,1732.0,1288,51.52,268,1732
10000,96,8680.0,6068,242.72,1320,8680
20000,96,17332.0,11405,456.2,2668,17332
40000,96,34792.0,20817,832.68,5208,34792
60000,96,52165.0,30010,1200.4,7835,52165
80000,96,69674.0,38221,1528.84,10326,69674
10000,96,8680.0,6068,242.72,1320,8680
2,97,0.0,1,0.04,2,0
3,97,1.0,2,0.08,2,1
100,97,83.0,66,2.64,17,83
200,97,172.0,133,5.32,28,172
2000,97,1729.0,1281,51.24,271,1729
10000,97,8671.0,5946,237.84,1329,8671
20000,97,17424.0,11086,443.44,2576,17424
40000,97,34820.0,19958,798.32,5180,34820
60000,97,52230.0,28497,1139.88,7770,52230
80000,97,69750.0,36090,1443.6,10250,69750
10000,97,8671.0,5946,237.84,1329,8671
2,98,2.0,1,0.04,0,2
3,98,3.0,2,0.08,0,3
100,98,83.0,65,2.6,17,83
200,98,164.0,127,5.08,36,164
2000,98,1734.0,1293,51.72,266,1734
10000,98,8632.0,5724,228.96,1368,8632
20000,98,17325.0,10940,437.6,2675,17325
40000,98,34799.0,20889,835.56,5201,34799
60000,98,52267.0,29938,1197.52,7733,52267
80000,98,69778.0,37788,1511.52,10222,69778
10000,98,8632.0,5724,228.96,1368,8632
2,99,2.0,1,0.04,0,2
3,99,3.0,2,0.08,0,3
100,99,84.0,68,2.72,16,84
200,99,169.0,132,5.28,31,169
2000,99,1705.0,1307,52.28,295,1705
10000,99,8625.0,6039,241.56,1375,8625
20000,99,17278.0,11449,457.96,2722,17278
40000,99,34805.0,21318,852.72,5195,34805
60000,99,52322.0,29833,1193.32,7678,52322
80000,99,69870.0,36228,1449.12,10130,69870
10000,99,8625.0,6039,241.56,1375,8625
2,100,1.0,1,0.04,1,1
3,100,2.0,2,0.08,1,2
100,100,81.0,64,2.56,19,81
200,100,172.0,128,5.12,28,172
2000,100,1705.0,1234,49.36,295,1705
10000,100,8729.0,5820,232.8,1271,8729
20000,100,17387.0,11130,445.2,2613,17387
40000,100,34784.0,20528,821.12,5216,34784
60000,100,52311.0,29230,1169.2,7689,52311
80000,100,69773.0,37330,1493.2,10227,69773
10000,100,8729.0,5820,232.8,1271,8729
