Timestep,Iteration,Total Reward,Suboptimal Arms,Total Regret,Zeros Count,Ones Count
2,1,1.0,1,0.05,1,1
3,1,2.0,2,0.05,1,2
100,1,86.0,95,0.05,14,86
200,1,172.0,195,0.05,28,172
2000,1,1791.0,1995,0.05,209,1791
10000,1,8986.0,9995,0.05,1014,8986
20000,1,17944.0,19995,0.05,2056,17944
40000,1,35837.0,39995,0.05,4163,35837
60000,1,53726.0,59995,0.05,6274,53726
80000,1,71619.0,79995,0.05,8381,71619
100000,1,89600.0,99995,0.05,10400,89600
200000,1,179125.0,199995,0.05,20875,179125
400000,1,358014.0,399995,0.05,41986,358014
600000,1,537057.0,599995,0.05,62943,537057
800000,1,716067.0,799995,0.05,83933,716067
1000000,1,894829.0,999995,0.05,105171,894829
2,2,1.0,1,0.05,1,1
3,2,2.0,2,0.05,1,2
100,2,92.0,6,0.05,8,92
200,2,186.0,6,0.05,14,186
2000,2,1788.0,6,0.05,212,1788
10000,2,8949.0,6,0.05,1051,8949
20000,2,17872.0,6,0.05,2128,17872
40000,2,35840.0,6,0.05,4160,35840
60000,2,53759.0,6,0.05,6241,53759
80000,2,71694.0,6,0.05,8306,71694
100000,2,89565.0,6,0.05,10435,89565
200000,2,178965.0,6,0.05,21035,178965
400000,2,357699.0,6,0.05,42301,357699
600000,2,536818.0,6,0.05,63182,536818
800000,2,715685.0,6,0.05,84315,715685
1000000,2,894576.0,6,0.05,105424,894576
2,3,2.0,1,0.05,0,2
3,3,3.0,2,0.05,0,3
100,3,91.0,4,0.09,9,91
200,3,181.0,4,0.09,19,181
2000,3,1805.0,4,0.09,195,1805
10000,3,8959.0,4,0.09,1041,8959
20000,3,17889.0,4,0.09,2111,17889
40000,3,35795.0,4,0.09,4205,35795
60000,3,53689.0,4,0.09,6311,53689
80000,3,71638.0,4,0.09,8362,71638
100000,3,89492.0,4,0.09,10508,89492
200000,3,179068.0,4,0.09,20932,179068
400000,3,357846.0,4,0.09,42154,357846
600000,3,536784.0,4,0.09,63216,536784
800000,3,715822.0,4,0.09,84178,715822
1000000,3,894637.0,4,0.09,105363,894637
2,4,1.0,1,0.05,1,1
3,4,2.0,2,0.05,1,2
100,4,88.0,50,0.05,12,88
200,4,172.0,100,0.05,28,172
2000,4,1791.0,1000,0.05,209,1791
10000,4,8936.0,5000,0.05,1064,8936
20000,4,17935.0,10000,0.05,2065,17935
40000,4,35802.0,20000,0.05,4198,35802
60000,4,53717.0,30000,0.05,6283,53717
80000,4,71642.0,40000,0.05,8358,71642
100000,4,89569.0,50000,0.05,10431,89569
200000,4,178909.0,100000,0.05,21091,178909
400000,4,357916.0,200000,0.05,42084,357916
600000,4,536990.0,300000,0.05,63010,536990
800000,4,715745.0,400000,0.05,84255,715745
1000000,4,894681.0,500000,0.05,105319,894681
2,5,2.0,1,0.05,0,2
3,5,3.0,2,0.05,0,3
100,5,87.0,96,4.18,13,87
200,5,170.0,196,8.68,30,170
2000,5,1668.0,1996,89.69,332,1668
10000,5,8481.0,9996,449.69,1519,8481
20000,5,16943.0,19996,899.68,3057,16943
40000,5,33933.0,39996,1799.69,6067,33933
60000,5,50966.0,59996,2699.69,9034,50966
80000,5,67926.0,79996,3599.69,12074,67926
100000,5,84869.0,99996,4499.69,15131,84869
200000,5,169800.0,199996,8999.69,30200,169800
400000,5,339740.0,399996,17999.68,60260,339740
600000,5,509809.0,599996,26999.68,90191,509809
800000,5,680103.0,799996,35999.68,119897,680103
1000000,5,850207.0,999996,44999.68,149793,850207
2,6,1.0,1,0.05,1,1
3,6,2.0,2,0.05,1,2
100,6,88.0,93,0.05,12,88
200,6,181.0,193,0.05,19,181
2000,6,1793.0,1993,0.05,207,1793
10000,6,8981.0,9993,0.05,1019,8981
20000,6,17973.0,19993,0.05,2027,17973
40000,6,35863.0,39993,0.05,4137,35863
60000,6,53789.0,59993,0.05,6211,53789
80000,6,71671.0,79993,0.05,8329,71671
100000,6,89524.0,99993,0.05,10476,89524
200000,6,179109.0,199993,0.05,20891,179109
400000,6,357949.0,399993,0.05,42051,357949
600000,6,537042.0,599993,0.05,62958,537042
800000,6,716017.0,799993,0.05,83983,716017
1000000,6,894911.0,999993,0.05,105089,894911
2,7,2.0,1,0.05,0,2
3,7,3.0,2,0.05,0,3
100,7,89.0,96,4.09,11,89
200,7,171.0,196,8.59,29,171
2000,7,1691.0,1996,89.6,309,1691
10000,7,8506.0,9996,449.6,1494,8506
20000,7,17028.0,19996,899.59,2972,17028
40000,7,34021.0,39996,1799.6,5979,34021
60000,7,51110.0,59996,2699.6,8890,51110
80000,7,68134.0,79996,3599.6,11866,68134
100000,7,85089.0,99996,4499.6,14911,85089
200000,7,170145.0,199996,8999.6,29855,170145
400000,7,339898.0,399996,17999.59,60102,339898
600000,7,509777.0,599996,26999.59,90223,509777
800000,7,679703.0,799996,35999.59,120297,679703
1000000,7,849800.0,999996,44999.59,150200,849800
2,8,2.0,1,0.05,0,2
3,8,2.0,2,0.05,1,2
100,8,88.0,3,0.09,12,88
200,8,175.0,3,0.09,25,175
2000,8,1797.0,3,0.09,203,1797
10000,8,8914.0,3,0.09,1086,8914
20000,8,17862.0,3,0.09,2138,17862
40000,8,35748.0,3,0.09,4252,35748
60000,8,53632.0,3,0.09,6368,53632
80000,8,71585.0,3,0.09,8415,71585
100000,8,89548.0,3,0.09,10452,89548
200000,8,179037.0,3,0.09,20963,179037
400000,8,357751.0,3,0.09,42249,357751
600000,8,537120.0,3,0.09,62880,537120
800000,8,716299.0,3,0.09,83701,716299
1000000,8,895351.0,3,0.09,104649,895351
2,9,1.0,1,0.05,1,1
3,9,2.0,2,0.05,1,2
100,9,91.0,5,0.05,9,91
200,9,180.0,5,0.05,20,180
2000,9,1779.0,5,0.05,221,1779
10000,9,8961.0,5,0.05,1039,8961
20000,9,17908.0,5,0.05,2092,17908
40000,9,35707.0,5,0.05,4293,35707
60000,9,53693.0,5,0.05,6307,53693
80000,9,71576.0,5,0.05,8424,71576
100000,9,89480.0,5,0.05,10520,89480
200000,9,178873.0,5,0.05,21127,178873
400000,9,357836.0,5,0.05,42164,357836
600000,9,536653.0,5,0.05,63347,536653
800000,9,715322.0,5,0.05,84678,715322
1000000,9,894017.0,5,0.05,105983,894017
2,10,2.0,1,0.05,0,2
3,10,3.0,2,0.05,0,3
100,10,83.0,98,4.27,17,83
200,10,163.0,198,8.77,37,163
2000,10,1692.0,1998,89.78,308,1692
10000,10,8505.0,9998,449.78,1495,8505
20000,10,16966.0,19998,899.77,3034,16966
40000,10,34103.0,39998,1799.78,5897,34103
60000,10,51007.0,59998,2699.78,8993,51007
80000,10,67963.0,79998,3599.78,12037,67963
100000,10,84962.0,99998,4499.78,15038,84962
200000,10,169799.0,199998,8999.78,30201,169799
400000,10,339647.0,399998,17999.77,60353,339647
600000,10,509817.0,599998,26999.77,90183,509817
800000,10,679996.0,799998,35999.77,120004,679996
1000000,10,849786.0,999998,44999.77,150214,849786
2,11,2.0,1,0.05,0,2
3,11,2.0,2,0.05,1,2
100,11,87.0,95,4.23,13,87
200,11,173.0,195,8.73,27,173
2000,11,1709.0,1995,89.73,291,1709
10000,11,8513.0,9995,449.73,1487,8513
20000,11,17038.0,19995,899.73,2962,17038
40000,11,34067.0,39995,1799.73,5933,34067
60000,11,51108.0,59995,2699.73,8892,51108
80000,11,68128.0,79995,3599.73,11872,68128
100000,11,85143.0,99995,4499.73,14857,85143
200000,11,170095.0,199995,8999.73,29905,170095
400000,11,339959.0,399995,17999.73,60041,339959
600000,11,510105.0,599995,26999.73,89895,510105
800000,11,680445.0,799995,35999.73,119555,680445
1000000,11,850546.0,999995,44999.73,149454,850546
2,12,2.0,1,0.05,0,2
3,12,3.0,2,0.05,0,3
100,12,90.0,93,0.18,10,90
200,12,179.0,193,0.18,21,179
2000,12,1784.0,1993,0.18,216,1784
10000,12,8931.0,9993,0.18,1069,8931
20000,12,17845.0,19993,0.18,2155,17845
40000,12,35677.0,39993,0.18,4323,35677
60000,12,53595.0,59993,0.18,6405,53595
80000,12,71547.0,79993,0.18,8453,71547
100000,12,89414.0,99993,0.18,10586,89414
200000,12,178830.0,199993,0.18,21170,178830
400000,12,357592.0,399993,0.18,42408,357592
600000,12,536394.0,599993,0.18,63606,536394
800000,12,715299.0,799993,0.18,84701,715299
1000000,12,894275.0,999993,0.18,105725,894275
2,13,2.0,1,0.05,0,2
3,13,3.0,2,0.05,0,3
100,13,88.0,51,2.2,12,88
200,13,168.0,101,4.45,32,168
2000,13,1727.0,1001,44.96,273,1727
10000,13,8696.0,5001,224.95,1304,8696
20000,13,17369.0,10001,449.96,2631,17369
40000,13,34805.0,20001,899.95,5195,34805
60000,13,52193.0,30001,1349.96,7807,52193
80000,13,69714.0,40001,1799.96,10286,69714
100000,13,87259.0,50001,2249.96,12741,87259
200000,13,174251.0,100001,4499.96,25749,174251
400000,13,348535.0,200001,8999.96,51465,348535
600000,13,523034.0,300001,13499.96,76966,523034
800000,13,697367.0,400001,17999.95,102633,697367
1000000,13,871916.0,500001,22499.95,128084,871916
2,14,1.0,1,0.05,1,1
3,14,2.0,2,0.05,1,2
100,14,92.0,6,0.05,8,92
200,14,185.0,6,0.05,15,185
2000,14,1789.0,6,0.05,211,1789
10000,14,8904.0,6,0.05,1096,8904
20000,14,17811.0,6,0.05,2189,17811
40000,14,35804.0,6,0.05,4196,35804
60000,14,53652.0,6,0.05,6348,53652
80000,14,71637.0,6,0.05,8363,71637
100000,14,89560.0,6,0.05,10440,89560
200000,14,179050.0,6,0.05,20950,179050
400000,14,358273.0,6,0.05,41727,358273
600000,14,537302.0,6,0.05,62698,537302
800000,14,716018.0,6,0.05,83982,716018
1000000,14,895124.0,6,0.05,104876,895124
2,15,2.0,1,0.05,0,2
3,15,3.0,2,0.05,0,3
100,15,94.0,98,0.23,6,94
200,15,186.0,198,0.23,14,186
2000,15,1816.0,1998,0.23,184,1816
10000,15,8972.0,9998,0.23,1028,8972
20000,15,17924.0,19998,0.23,2076,17924
40000,15,35816.0,39998,0.23,4184,35816
60000,15,53700.0,59998,0.23,6300,53700
80000,15,71597.0,79998,0.23,8403,71597
100000,15,89532.0,99998,0.23,10468,89532
200000,15,179097.0,199998,0.23,20903,179097
400000,15,358037.0,399998,0.23,41963,358037
600000,15,536937.0,599998,0.23,63063,536937
800000,15,715767.0,799998,0.23,84233,715767
1000000,15,894887.0,999998,0.23,105113,894887
2,16,2.0,1,0.05,0,2
3,16,3.0,2,0.05,0,3
100,16,87.0,7,0.18,13,87
200,16,176.0,7,0.18,24,176
2000,16,1798.0,7,0.18,202,1798
10000,16,8941.0,7,0.18,1059,8941
20000,16,17892.0,7,0.18,2108,17892
40000,16,35733.0,7,0.18,4267,35733
60000,16,53610.0,7,0.18,6390,53610
80000,16,71513.0,7,0.18,8487,71513
100000,16,89401.0,7,0.18,10599,89401
200000,16,178922.0,7,0.18,21078,178922
400000,16,357890.0,7,0.18,42110,357890
600000,16,536906.0,7,0.18,63094,536906
800000,16,715895.0,7,0.18,84105,715895
1000000,16,894508.0,7,0.18,105492,894508
2,17,2.0,1,0.05,0,2
3,17,3.0,2,0.05,0,3
100,17,92.0,52,2.16,8,92
200,17,177.0,102,4.41,23,177
2000,17,1736.0,1002,44.91,264,1736
10000,17,8660.0,5002,224.91,1340,8660
20000,17,17429.0,10002,449.91,2571,17429
40000,17,34866.0,20002,899.91,5134,34866
60000,17,52295.0,30002,1349.91,7705,52295
80000,17,69699.0,40002,1799.91,10301,69699
100000,17,87100.0,50002,2249.91,12900,87100
200000,17,174563.0,100002,4499.91,25437,174563
400000,17,349022.0,200002,8999.91,50978,349022
600000,17,523354.0,300002,13499.91,76646,523354
800000,17,697371.0,400002,17999.91,102629,697371
1000000,17,871948.0,500002,22499.91,128052,871948
2,18,2.0,1,0.05,0,2
3,18,3.0,2,0.05,0,3
100,18,83.0,91,0.23,17,83
200,18,176.0,191,0.23,24,176
2000,18,1794.0,1991,0.23,206,1794
10000,18,8964.0,9991,0.23,1036,8964
20000,18,17925.0,19991,0.23,2075,17925
40000,18,35864.0,39991,0.23,4136,35864
60000,18,53746.0,59991,0.23,6254,53746
80000,18,71631.0,79991,0.23,8369,71631
100000,18,89519.0,99991,0.23,10481,89519
200000,18,179009.0,199991,0.23,20991,179009
400000,18,358030.0,399991,0.23,41970,358030
600000,18,536967.0,599991,0.23,63033,536967
800000,18,715926.0,799991,0.23,84074,715926
1000000,18,894809.0,999991,0.23,105191,894809
2,19,2.0,1,0.05,0,2
3,19,3.0,2,0.05,0,3
100,19,88.0,4,0.09,12,88
200,19,176.0,4,0.09,24,176
2000,19,1778.0,4,0.09,222,1778
10000,19,8917.0,4,0.09,1083,8917
20000,19,17893.0,4,0.09,2107,17893
40000,19,35797.0,4,0.09,4203,35797
60000,19,53635.0,4,0.09,6365,53635
80000,19,71546.0,4,0.09,8454,71546
100000,19,89459.0,4,0.09,10541,89459
200000,19,179135.0,4,0.09,20865,179135
400000,19,358224.0,4,0.09,41776,358224
600000,19,537008.0,4,0.09,62992,537008
800000,19,715828.0,4,0.09,84172,715828
1000000,19,894770.0,4,0.09,105230,894770
2,20,2.0,1,0.05,0,2
3,20,3.0,2,0.05,0,3
100,20,83.0,51,0.09,17,83
200,20,172.0,101,0.09,28,172
2000,20,1774.0,1001,0.09,226,1774
10000,20,8901.0,5001,0.09,1099,8901
20000,20,17840.0,10001,0.09,2160,17840
40000,20,35637.0,20001,0.09,4363,35637
60000,20,53533.0,30001,0.09,6467,53533
80000,20,71381.0,40001,0.09,8619,71381
100000,20,89282.0,50001,0.09,10718,89282
200000,20,178794.0,100001,0.09,21206,178794
400000,20,357770.0,200001,0.09,42230,357770
600000,20,536958.0,300001,0.09,63042,536958
800000,20,716218.0,400001,0.09,83782,716218
1000000,20,895155.0,500001,0.09,104845,895155
2,21,2.0,1,0.05,0,2
3,21,3.0,2,0.05,0,3
100,21,93.0,51,2.16,7,93
200,21,176.0,101,4.41,24,176
2000,21,1755.0,1001,44.91,245,1755
10000,21,8711.0,5001,224.91,1289,8711
20000,21,17417.0,10001,449.91,2583,17417
40000,21,34923.0,20001,899.91,5077,34923
60000,21,52394.0,30001,1349.91,7606,52394
80000,21,69802.0,40001,1799.91,10198,69802
100000,21,87194.0,50001,2249.91,12806,87194
200000,21,174481.0,100001,4499.91,25519,174481
400000,21,348871.0,200001,8999.91,51129,348871
600000,21,523380.0,300001,13499.91,76620,523380
800000,21,697968.0,400001,17999.91,102032,697968
1000000,21,872379.0,500001,22499.91,127621,872379
2,22,0.0,1,0.05,2,0
3,22,1.0,2,0.05,2,1
100,22,82.0,99,0.05,18,82
200,22,180.0,199,0.05,20,180
2000,22,1787.0,1999,0.05,213,1787
10000,22,8945.0,9999,0.05,1055,8945
20000,22,17848.0,19999,0.05,2152,17848
40000,22,35718.0,39999,0.05,4282,35718
60000,22,53567.0,59999,0.05,6433,53567
80000,22,71490.0,79999,0.05,8510,71490
100000,22,89334.0,99999,0.05,10666,89334
200000,22,178849.0,199999,0.05,21151,178849
400000,22,357962.0,399999,0.05,42038,357962
600000,22,537171.0,599999,0.05,62829,537171
800000,22,716286.0,799999,0.05,83714,716286
1000000,22,895010.0,999999,0.05,104990,895010
2,23,2.0,1,0.05,0,2
3,23,3.0,2,0.05,0,3
100,23,95.0,92,0.14,5,95
200,23,183.0,192,0.14,17,183
2000,23,1785.0,1992,0.14,215,1785
10000,23,8966.0,9992,0.14,1034,8966
20000,23,17960.0,19992,0.14,2040,17960
40000,23,35960.0,39992,0.14,4040,35960
60000,23,53852.0,59992,0.14,6148,53852
80000,23,71750.0,79992,0.14,8250,71750
100000,23,89634.0,99992,0.14,10366,89634
200000,23,179179.0,199992,0.14,20821,179179
400000,23,358232.0,399992,0.14,41768,358232
600000,23,537105.0,599992,0.14,62895,537105
800000,23,716157.0,799992,0.14,83843,716157
1000000,23,895097.0,999992,0.14,104903,895097
2,24,0.0,1,0.05,2,0
3,24,1.0,2,0.05,2,1
100,24,88.0,99,0.05,12,88
200,24,179.0,199,0.05,21,179
2000,24,1769.0,1999,0.05,231,1769
10000,24,8903.0,9999,0.05,1097,8903
20000,24,17854.0,19999,0.05,2146,17854
40000,24,35759.0,39999,0.05,4241,35759
60000,24,53703.0,59999,0.05,6297,53703
80000,24,71635.0,79999,0.05,8365,71635
100000,24,89534.0,99999,0.05,10466,89534
200000,24,178868.0,199999,0.05,21132,178868
400000,24,357591.0,399999,0.05,42409,357591
600000,24,536639.0,599999,0.05,63361,536639
800000,24,715571.0,799999,0.05,84429,715571
1000000,24,894484.0,999999,0.05,105516,894484
2,25,2.0,1,0.05,0,2
3,25,2.0,2,0.05,1,2
100,25,91.0,50,2.2,9,91
200,25,177.0,100,4.45,23,177
2000,25,1755.0,1000,44.96,245,1755
10000,25,8785.0,5000,224.95,1215,8785
20000,25,17577.0,10000,449.96,2423,17577
40000,25,35023.0,20000,899.95,4977,35023
60000,25,52440.0,30000,1349.96,7560,52440
80000,25,69947.0,40000,1799.96,10053,69947
100000,25,87478.0,50000,2249.96,12522,87478
200000,25,174811.0,100000,4499.96,25189,174811
400000,25,349451.0,200000,8999.96,50549,349451
600000,25,524126.0,300000,13499.96,75874,524126
800000,25,698863.0,400000,17999.95,101137,698863
1000000,25,873456.0,500000,22499.95,126544,873456
2,26,2.0,1,0.05,0,2
3,26,3.0,2,0.05,0,3
100,26,86.0,66,1.49,14,86
200,26,169.0,133,3.01,31,169
2000,26,1755.0,1333,30.02,245,1755
10000,26,8795.0,6666,149.98,1205,8795
20000,26,17585.0,13333,300.01,2415,17585
40000,26,35168.0,26666,599.98,4832,35168
60000,26,52763.0,40000,900.0,7237,52763
80000,26,70382.0,53333,1200.01,9618,70382
100000,26,88062.0,66666,1499.99,11938,88062
200000,26,175988.0,133333,3000.02,24012,175988
400000,26,351827.0,266666,5999.99,48173,351827
600000,26,527753.0,400000,9000.0,72247,527753
800000,26,703894.0,533333,12000.02,96106,703894
1000000,26,879969.0,666666,14999.99,120031,879969
2,27,1.0,1,0.05,1,1
3,27,2.0,2,0.05,1,2
100,27,91.0,99,0.27,9,91
200,27,178.0,199,0.27,22,178
2000,27,1807.0,1999,0.27,193,1807
10000,27,8936.0,9999,0.27,1064,8936
20000,27,17882.0,19999,0.27,2118,17882
40000,27,35839.0,39999,0.27,4161,35839
60000,27,53775.0,59999,0.27,6225,53775
80000,27,71629.0,79999,0.27,8371,71629
100000,27,89487.0,99999,0.27,10513,89487
200000,27,179156.0,199999,0.27,20844,179156
400000,27,358329.0,399999,0.27,41671,358329
600000,27,537282.0,599999,0.27,62718,537282
800000,27,716228.0,799999,0.27,83772,716228
1000000,27,895125.0,999999,0.27,104875,895125
2,28,1.0,1,0.05,1,1
3,28,2.0,2,0.05,1,2
100,28,89.0,97,0.05,11,89
200,28,178.0,197,0.05,22,178
2000,28,1766.0,1997,0.05,234,1766
10000,28,8899.0,9997,0.05,1101,8899
20000,28,17852.0,19997,0.05,2148,17852
40000,28,35779.0,39997,0.05,4221,35779
60000,28,53708.0,59997,0.05,6292,53708
80000,28,71599.0,79997,0.05,8401,71599
100000,28,89571.0,99997,0.05,10429,89571
200000,28,179167.0,199997,0.05,20833,179167
400000,28,358326.0,399997,0.05,41674,358326
600000,28,537397.0,599997,0.05,62603,537397
800000,28,716335.0,799997,0.05,83665,716335
1000000,28,895590.0,999997,0.05,104410,895590
2,29,1.0,1,0.05,1,1
3,29,2.0,2,0.05,1,2
100,29,95.0,7,0.05,5,95
200,29,188.0,7,0.05,12,188
2000,29,1789.0,7,0.05,211,1789
10000,29,8923.0,7,0.05,1077,8923
20000,29,17852.0,7,0.05,2148,17852
40000,29,35719.0,7,0.05,4281,35719
60000,29,53589.0,7,0.05,6411,53589
80000,29,71459.0,7,0.05,8541,71459
100000,29,89403.0,7,0.05,10597,89403
200000,29,179097.0,7,0.05,20903,179097
400000,29,358243.0,7,0.05,41757,358243
600000,29,537501.0,7,0.05,62499,537501
800000,29,716602.0,7,0.05,83398,716602
1000000,29,895668.0,7,0.05,104332,895668
2,30,2.0,1,0.05,0,2
3,30,3.0,2,0.05,0,3
100,30,90.0,51,0.09,10,90
200,30,177.0,101,0.09,23,177
2000,30,1798.0,1001,0.09,202,1798
10000,30,8981.0,5001,0.09,1019,8981
20000,30,17958.0,10001,0.09,2042,17958
40000,30,35909.0,20001,0.09,4091,35909
60000,30,53837.0,30001,0.09,6163,53837
80000,30,71696.0,40001,0.09,8304,71696
100000,30,89669.0,50001,0.09,10331,89669
200000,30,179062.0,100001,0.09,20938,179062
400000,30,357999.0,200001,0.09,42001,357999
600000,30,536944.0,300001,0.09,63056,536944
800000,30,715934.0,400001,0.09,84066,715934
1000000,30,895111.0,500001,0.09,104889,895111
2,31,2.0,1,0.05,0,2
3,31,2.0,2,0.05,1,2
100,31,87.0,4,0.14,13,87
200,31,178.0,4,0.14,22,178
2000,31,1798.0,4,0.14,202,1798
10000,31,8931.0,4,0.14,1069,8931
20000,31,17845.0,4,0.14,2155,17845
40000,31,35602.0,4,0.14,4398,35602
60000,31,53516.0,4,0.14,6484,53516
80000,31,71424.0,4,0.14,8576,71424
100000,31,89367.0,4,0.14,10633,89367
200000,31,179003.0,4,0.14,20997,179003
400000,31,357780.0,4,0.14,42220,357780
600000,31,537104.0,4,0.14,62896,537104
800000,31,715993.0,4,0.14,84007,715993
1000000,31,894705.0,4,0.14,105295,894705
2,32,2.0,1,0.05,0,2
3,32,3.0,2,0.05,0,3
100,32,85.0,94,0.36,15,85
200,32,174.0,194,0.36,26,174
2000,32,1791.0,1994,0.36,209,1791
10000,32,8936.0,9994,0.36,1064,8936
20000,32,17941.0,19994,0.36,2059,17941
40000,32,35841.0,39994,0.36,4159,35841
60000,32,53767.0,59994,0.36,6233,53767
80000,32,71713.0,79994,0.36,8287,71713
100000,32,89582.0,99994,0.36,10418,89582
200000,32,179230.0,199994,0.36,20770,179230
400000,32,358523.0,399994,0.36,41477,358523
600000,32,537571.0,599994,0.36,62429,537571
800000,32,716512.0,799994,0.36,83488,716512
1000000,32,895547.0,999994,0.36,104453,895547
2,33,1.0,1,0.05,1,1
3,33,2.0,2,0.05,1,2
100,33,90.0,99,4.32,10,90
200,33,175.0,199,8.82,25,175
2000,33,1678.0,1999,89.82,322,1678
10000,33,8439.0,9999,449.82,1561,8439
20000,33,16932.0,19999,899.82,3068,16932
40000,33,33914.0,39999,1799.82,6086,33914
60000,33,50929.0,59999,2699.82,9071,50929
80000,33,67978.0,79999,3599.82,12022,67978
100000,33,84970.0,99999,4499.82,15030,84970
200000,33,170148.0,199999,8999.82,29852,170148
400000,33,340107.0,399999,17999.82,59893,340107
600000,33,510153.0,599999,26999.82,89847,510153
800000,33,680175.0,799999,35999.82,119825,680175
1000000,33,850322.0,999999,44999.82,149678,850322
2,34,2.0,1,0.05,0,2
3,34,3.0,2,0.05,0,3
100,34,89.0,93,0.18,11,89
200,34,176.0,193,0.18,24,176
2000,34,1790.0,1993,0.18,210,1790
10000,34,8946.0,9993,0.18,1054,8946
20000,34,17921.0,19993,0.18,2079,17921
40000,34,35787.0,39993,0.18,4213,35787
60000,34,53723.0,59993,0.18,6277,53723
80000,34,71680.0,79993,0.18,8320,71680
100000,34,89601.0,99993,0.18,10399,89601
200000,34,179180.0,199993,0.18,20820,179180
400000,34,358186.0,399993,0.18,41814,358186
600000,34,537327.0,599993,0.18,62673,537327
800000,34,716375.0,799993,0.18,83625,716375
1000000,34,895485.0,999993,0.18,104515,895485
2,35,1.0,1,0.05,1,1
3,35,2.0,2,0.05,1,2
100,35,90.0,10,0.05,10,90
200,35,179.0,10,0.05,21,179
2000,35,1785.0,10,0.05,215,1785
10000,35,8988.0,10,0.05,1012,8988
20000,35,17933.0,10,0.05,2067,17933
40000,35,35869.0,10,0.05,4131,35869
60000,35,53739.0,10,0.05,6261,53739
80000,35,71607.0,10,0.05,8393,71607
100000,35,89494.0,10,0.05,10506,89494
200000,35,179013.0,10,0.05,20987,179013
400000,35,357997.0,10,0.05,42003,357997
600000,35,537251.0,10,0.05,62749,537251
800000,35,716208.0,10,0.05,83792,716208
1000000,35,895186.0,10,0.05,104814,895186
2,36,2.0,1,0.05,0,2
3,36,3.0,2,0.05,0,3
100,36,86.0,6,0.14,14,86
200,36,176.0,6,0.14,24,176
2000,36,1796.0,6,0.14,204,1796
10000,36,8968.0,6,0.14,1032,8968
20000,36,17950.0,6,0.14,2050,17950
40000,36,35799.0,6,0.14,4201,35799
60000,36,53719.0,6,0.14,6281,53719
80000,36,71615.0,6,0.14,8385,71615
100000,36,89519.0,6,0.14,10481,89519
200000,36,179036.0,6,0.14,20964,179036
400000,36,358079.0,6,0.14,41921,358079
600000,36,537126.0,6,0.14,62874,537126
800000,36,716126.0,6,0.14,83874,716126
1000000,36,895293.0,6,0.14,104707,895293
2,37,2.0,1,0.05,0,2
3,37,3.0,2,0.05,0,3
100,37,86.0,4,0.09,14,86
200,37,174.0,4,0.09,26,174
2000,37,1798.0,4,0.09,202,1798
10000,37,8987.0,4,0.09,1013,8987
20000,37,17958.0,4,0.09,2042,17958
40000,37,35830.0,4,0.09,4170,35830
60000,37,53678.0,4,0.09,6322,53678
80000,37,71539.0,4,0.09,8461,71539
100000,37,89375.0,4,0.09,10625,89375
200000,37,178816.0,4,0.09,21184,178816
400000,37,357589.0,4,0.09,42411,357589
600000,37,536313.0,4,0.09,63687,536313
800000,37,715330.0,4,0.09,84670,715330
1000000,37,894193.0,4,0.09,105807,894193
2,38,2.0,1,0.05,0,2
3,38,3.0,2,0.05,0,3
100,38,88.0,94,3.91,12,88
200,38,170.0,194,8.41,30,170
2000,38,1684.0,1994,89.42,316,1684
10000,38,8468.0,9994,449.42,1532,8468
20000,38,17010.0,19994,899.41,2990,17010
40000,38,34034.0,39994,1799.42,5966,34034
60000,38,51051.0,59994,2699.42,8949,51051
80000,38,67994.0,79994,3599.42,12006,67994
100000,38,84928.0,99994,4499.42,15072,84928
200000,38,169774.0,199994,8999.42,30226,169774
400000,38,339920.0,399994,17999.41,60080,339920
600000,38,509855.0,599994,26999.41,90145,509855
800000,38,679823.0,799994,35999.41,120177,679823
1000000,38,849819.0,999994,44999.41,150181,849819
2,39,1.0,1,0.05,1,1
3,39,2.0,2,0.05,1,2
100,39,81.0,4,0.05,19,81
200,39,168.0,4,0.05,32,168
2000,39,1788.0,4,0.05,212,1788
10000,39,8950.0,4,0.05,1050,8950
20000,39,17911.0,4,0.05,2089,17911
40000,39,35848.0,4,0.05,4152,35848
60000,39,53738.0,4,0.05,6262,53738
80000,39,71681.0,4,0.05,8319,71681
100000,39,89545.0,4,0.05,10455,89545
200000,39,179181.0,4,0.05,20819,179181
400000,39,358189.0,4,0.05,41811,358189
600000,39,537279.0,4,0.05,62721,537279
800000,39,716233.0,4,0.05,83767,716233
1000000,39,895338.0,4,0.05,104662,895338
2,40,2.0,1,0.05,0,2
3,40,3.0,2,0.05,0,3
100,40,78.0,97,0.18,22,78
200,40,168.0,197,0.18,32,168
2000,40,1767.0,1997,0.18,233,1767
10000,40,8902.0,9997,0.18,1098,8902
20000,40,17874.0,19997,0.18,2126,17874
40000,40,35774.0,39997,0.18,4226,35774
60000,40,53654.0,59997,0.18,6346,53654
80000,40,71556.0,79997,0.18,8444,71556
100000,40,89460.0,99997,0.18,10540,89460
200000,40,179014.0,199997,0.18,20986,179014
400000,40,358172.0,399997,0.18,41828,358172
600000,40,537120.0,599997,0.18,62880,537120
800000,40,716185.0,799997,0.18,83815,716185
1000000,40,895071.0,999997,0.18,104929,895071
2,41,2.0,1,0.05,0,2
3,41,3.0,2,0.05,0,3
100,41,89.0,8,0.18,11,89
200,41,177.0,8,0.18,23,177
2000,41,1787.0,8,0.18,213,1787
10000,41,8921.0,8,0.18,1079,8921
20000,41,17875.0,8,0.18,2125,17875
40000,41,35767.0,8,0.18,4233,35767
60000,41,53653.0,8,0.18,6347,53653
80000,41,71531.0,8,0.18,8469,71531
100000,41,89374.0,8,0.18,10626,89374
200000,41,178862.0,8,0.18,21138,178862
400000,41,357902.0,8,0.18,42098,357902
600000,41,536625.0,8,0.18,63375,536625
800000,41,715834.0,8,0.18,84166,715834
1000000,41,894943.0,8,0.18,105057,894943
2,42,2.0,1,0.05,0,2
3,42,3.0,2,0.05,0,3
100,42,88.0,94,4.09,12,88
200,42,169.0,194,8.59,31,169
2000,42,1707.0,1994,89.6,293,1707
10000,42,8554.0,9994,449.6,1446,8554
20000,42,17077.0,19994,899.59,2923,17077
40000,42,34044.0,39994,1799.6,5956,34044
60000,42,51023.0,59994,2699.6,8977,51023
80000,42,68051.0,79994,3599.6,11949,68051
100000,42,85133.0,99994,4499.6,14867,85133
200000,42,170009.0,199994,8999.6,29991,170009
400000,42,339737.0,399994,17999.59,60263,339737
600000,42,509708.0,599994,26999.59,90292,509708
800000,42,679585.0,799994,35999.59,120415,679585
1000000,42,849609.0,999994,44999.59,150391,849609
2,43,2.0,1,0.05,0,2
3,43,3.0,2,0.05,0,3
100,43,91.0,51,0.09,9,91
200,43,179.0,101,0.09,21,179
2000,43,1785.0,1001,0.09,215,1785
10000,43,8895.0,5001,0.09,1105,8895
20000,43,17867.0,10001,0.09,2133,17867
40000,43,35688.0,20001,0.09,4312,35688
60000,43,53535.0,30001,0.09,6465,53535
80000,43,71477.0,40001,0.09,8523,71477
100000,43,89460.0,50001,0.09,10540,89460
200000,43,179040.0,100001,0.09,20960,179040
400000,43,358080.0,200001,0.09,41920,358080
600000,43,537147.0,300001,0.09,62853,537147
800000,43,716417.0,400001,0.09,83583,716417
1000000,43,895378.0,500001,0.09,104622,895378
2,44,2.0,1,0.05,0,2
3,44,3.0,2,0.05,0,3
100,44,87.0,95,3.96,13,87
200,44,168.0,195,8.46,32,168
2000,44,1706.0,1995,89.46,294,1706
10000,44,8568.0,9995,449.46,1432,8568
20000,44,17029.0,19995,899.46,2971,17029
40000,44,34036.0,39995,1799.46,5964,34036
60000,44,51119.0,59995,2699.46,8881,51119
80000,44,68052.0,79995,3599.46,11948,68052
100000,44,85086.0,99995,4499.46,14914,85086
200000,44,169973.0,199995,8999.46,30027,169973
400000,44,340156.0,399995,17999.46,59844,340156
600000,44,510094.0,599995,26999.46,89906,510094
800000,44,679916.0,799995,35999.46,120084,679916
1000000,44,849534.0,999995,44999.46,150466,849534
2,45,2.0,1,0.05,0,2
3,45,3.0,2,0.05,0,3
100,45,80.0,91,0.09,20,80
200,45,173.0,191,0.09,27,173
2000,45,1769.0,1991,0.09,231,1769
10000,45,8925.0,9991,0.09,1075,8925
20000,45,17886.0,19991,0.09,2114,17886
40000,45,35858.0,39991,0.09,4142,35858
60000,45,53825.0,59991,0.09,6175,53825
80000,45,71722.0,79991,0.09,8278,71722
100000,45,89599.0,99991,0.09,10401,89599
200000,45,179054.0,199991,0.09,20946,179054
400000,45,358199.0,399991,0.09,41801,358199
600000,45,537348.0,599991,0.09,62652,537348
800000,45,716289.0,799991,0.09,83711,716289
1000000,45,895360.0,999991,0.09,104640,895360
2,46,1.0,1,0.05,1,1
3,46,2.0,2,0.05,1,2
100,46,92.0,3,0.05,8,92
200,46,184.0,3,0.05,16,184
2000,46,1801.0,3,0.05,199,1801
10000,46,8917.0,3,0.05,1083,8917
20000,46,17873.0,3,0.05,2127,17873
40000,46,35733.0,3,0.05,4267,35733
60000,46,53654.0,3,0.05,6346,53654
80000,46,71577.0,3,0.05,8423,71577
100000,46,89487.0,3,0.05,10513,89487
200000,46,179026.0,3,0.05,20974,179026
400000,46,358028.0,3,0.05,41972,358028
600000,46,536922.0,3,0.05,63078,536922
800000,46,715849.0,3,0.05,84151,715849
1000000,46,894848.0,3,0.05,105152,894848
2,47,1.0,1,0.05,1,1
3,47,2.0,2,0.05,1,2
100,47,86.0,5,0.05,14,86
200,47,178.0,5,0.05,22,178
2000,47,1780.0,5,0.05,220,1780
10000,47,8967.0,5,0.05,1033,8967
20000,47,17897.0,5,0.05,2103,17897
40000,47,35763.0,5,0.05,4237,35763
60000,47,53677.0,5,0.05,6323,53677
80000,47,71535.0,5,0.05,8465,71535
100000,47,89403.0,5,0.05,10597,89403
200000,47,178945.0,5,0.05,21055,178945
400000,47,357759.0,5,0.05,42241,357759
600000,47,536901.0,5,0.05,63099,536901
800000,47,715818.0,5,0.05,84182,715818
1000000,47,894696.0,5,0.05,105304,894696
2,48,1.0,1,0.05,1,1
3,48,2.0,2,0.05,1,2
100,48,83.0,99,4.05,17,83
200,48,166.0,199,8.55,34,166
2000,48,1689.0,1999,89.55,311,1689
10000,48,8476.0,9999,449.55,1524,8476
20000,48,16937.0,19999,899.55,3063,16937
40000,48,34012.0,39999,1799.55,5988,34012
60000,48,51016.0,59999,2699.55,8984,51016
80000,48,68022.0,79999,3599.55,11978,68022
100000,48,85084.0,99999,4499.55,14916,85084
200000,48,169888.0,199999,8999.55,30112,169888
400000,48,339938.0,399999,17999.55,60062,339938
600000,48,509895.0,599999,26999.55,90105,509895
800000,48,679890.0,799999,35999.55,120110,679890
1000000,48,850056.0,999999,44999.55,149944,850056
2,49,2.0,1,0.05,0,2
3,49,3.0,2,0.05,0,3
100,49,87.0,94,0.18,13,87
200,49,177.0,194,0.18,23,177
2000,49,1793.0,1994,0.18,207,1793
10000,49,8928.0,9994,0.18,1072,8928
20000,49,17908.0,19994,0.18,2092,17908
40000,49,35836.0,39994,0.18,4164,35836
60000,49,53810.0,59994,0.18,6190,53810
80000,49,71665.0,79994,0.18,8335,71665
100000,49,89546.0,99994,0.18,10454,89546
200000,49,179010.0,199994,0.18,20990,179010
400000,49,358276.0,399994,0.18,41724,358276
600000,49,537565.0,599994,0.18,62435,537565
800000,49,716514.0,799994,0.18,83486,716514
1000000,49,895519.0,999994,0.18,104481,895519
2,50,1.0,1,0.05,1,1
3,50,2.0,2,0.05,1,2
100,50,87.0,98,0.05,13,87
200,50,177.0,198,0.05,23,177
2000,50,1778.0,1998,0.05,222,1778
10000,50,8941.0,9998,0.05,1059,8941
20000,50,17861.0,19998,0.05,2139,17861
40000,50,35787.0,39998,0.05,4213,35787
60000,50,53702.0,59998,0.05,6298,53702
80000,50,71634.0,79998,0.05,8366,71634
100000,50,89584.0,99998,0.05,10416,89584
200000,50,179173.0,199998,0.05,20827,179173
400000,50,358211.0,399998,0.05,41789,358211
600000,50,537159.0,599998,0.05,62841,537159
800000,50,716259.0,799998,0.05,83741,716259
1000000,50,895394.0,999998,0.05,104606,895394
2,51,1.0,1,0.05,1,1
3,51,2.0,2,0.05,1,2
100,51,97.0,50,0.05,3,97
200,51,190.0,100,0.05,10,190
2000,51,1802.0,1000,0.05,198,1802
10000,51,8935.0,5000,0.05,1065,8935
20000,51,17914.0,10000,0.05,2086,17914
40000,51,35849.0,20000,0.05,4151,35849
60000,51,53710.0,30000,0.05,6290,53710
80000,51,71611.0,40000,0.05,8389,71611
100000,51,89593.0,50000,0.05,10407,89593
200000,51,179081.0,100000,0.05,20919,179081
400000,51,358132.0,200000,0.05,41868,358132
600000,51,536991.0,300000,0.05,63009,536991
800000,51,715892.0,400000,0.05,84108,715892
1000000,51,894616.0,500000,0.05,105384,894616
2,52,2.0,1,0.05,0,2
3,52,2.0,2,0.05,1,2
100,52,83.0,6,0.23,17,83
200,52,169.0,6,0.23,31,169
2000,52,1803.0,6,0.23,197,1803
10000,52,8985.0,6,0.23,1015,8985
20000,52,17892.0,6,0.23,2108,17892
40000,52,35786.0,6,0.23,4214,35786
60000,52,53686.0,6,0.23,6314,53686
80000,52,71505.0,6,0.23,8495,71505
100000,52,89419.0,6,0.23,10581,89419
200000,52,178838.0,6,0.23,21162,178838
400000,52,357950.0,6,0.23,42050,357950
600000,52,537118.0,6,0.23,62882,537118
800000,52,715841.0,6,0.23,84159,715841
1000000,52,894700.0,6,0.23,105300,894700
2,53,1.0,1,0.05,1,1
3,53,2.0,2,0.05,1,2
100,53,89.0,99,0.27,11,89
200,53,176.0,199,0.27,24,176
2000,53,1790.0,1999,0.27,210,1790
10000,53,8967.0,9999,0.27,1033,8967
20000,53,17918.0,19999,0.27,2082,17918
40000,53,35852.0,39999,0.27,4148,35852
60000,53,53754.0,59999,0.27,6246,53754
80000,53,71695.0,79999,0.27,8305,71695
100000,53,89620.0,99999,0.27,10380,89620
200000,53,179174.0,199999,0.27,20826,179174
400000,53,358318.0,399999,0.27,41682,358318
600000,53,537219.0,599999,0.27,62781,537219
800000,53,716552.0,799999,0.27,83448,716552
1000000,53,895646.0,999999,0.27,104354,895646
2,54,1.0,1,0.05,1,1
3,54,1.0,2,0.05,2,1
100,54,91.0,99,4.41,9,91
200,54,176.0,199,8.91,24,176
2000,54,1730.0,1999,89.91,270,1730
10000,54,8565.0,9999,449.91,1435,8565
20000,54,17023.0,19999,899.91,2977,17023
40000,54,34038.0,39999,1799.91,5962,34038
60000,54,51027.0,59999,2699.91,8973,51027
80000,54,67997.0,79999,3599.91,12003,67997
100000,54,84935.0,99999,4499.91,15065,84935
200000,54,169930.0,199999,8999.91,30070,169930
400000,54,340119.0,399999,17999.91,59881,340119
600000,54,510096.0,599999,26999.91,89904,510096
800000,54,679926.0,799999,35999.91,120074,679926
1000000,54,849684.0,999999,44999.91,150316,849684
2,55,2.0,1,0.05,0,2
3,55,3.0,2,0.05,0,3
100,55,79.0,94,3.91,21,79
200,55,158.0,194,8.41,42,158
2000,55,1725.0,1994,89.42,275,1725
10000,55,8534.0,9994,449.42,1466,8534
20000,55,17015.0,19994,899.41,2985,17015
40000,55,33971.0,39994,1799.42,6029,33971
60000,55,50945.0,59994,2699.42,9055,50945
80000,55,67983.0,79994,3599.42,12017,67983
100000,55,84920.0,99994,4499.42,15080,84920
200000,55,169871.0,199994,8999.42,30129,169871
400000,55,339778.0,399994,17999.41,60222,339778
600000,55,509774.0,599994,26999.41,90226,509774
800000,55,679827.0,799994,35999.41,120173,679827
1000000,55,849826.0,999994,44999.41,150174,849826
2,56,1.0,1,0.05,1,1
3,56,2.0,2,0.05,1,2
100,56,89.0,99,0.14,11,89
200,56,179.0,199,0.14,21,179
2000,56,1799.0,1999,0.14,201,1799
10000,56,8979.0,9999,0.14,1021,8979
20000,56,17933.0,19999,0.14,2067,17933
40000,56,35869.0,39999,0.14,4131,35869
60000,56,53806.0,59999,0.14,6194,53806
80000,56,71695.0,79999,0.14,8305,71695
100000,56,89629.0,99999,0.14,10371,89629
200000,56,179199.0,199999,0.14,20801,179199
400000,56,358105.0,399999,0.14,41895,358105
600000,56,537157.0,599999,0.14,62843,537157
800000,56,716349.0,799999,0.14,83651,716349
1000000,56,895278.0,999999,0.14,104722,895278
2,57,2.0,1,0.05,0,2
3,57,3.0,2,0.05,0,3
100,57,91.0,96,0.41,9,91
200,57,180.0,196,0.41,20,180
2000,57,1817.0,1996,0.41,183,1817
10000,57,8930.0,9996,0.41,1070,8930
20000,57,17874.0,19996,0.41,2126,17874
40000,57,35770.0,39996,0.41,4230,35770
60000,57,53659.0,59996,0.41,6341,53659
80000,57,71564.0,79996,0.41,8436,71564
100000,57,89522.0,99996,0.41,10478,89522
200000,57,179192.0,199996,0.41,20808,179192
400000,57,357947.0,399996,0.41,42053,357947
600000,57,536954.0,599996,0.41,63046,536954
800000,57,715905.0,799996,0.41,84095,715905
1000000,57,894944.0,999996,0.41,105056,894944
2,58,2.0,1,0.05,0,2
3,58,3.0,2,0.05,0,3
100,58,92.0,11,0.27,8,92
200,58,176.0,11,0.27,24,176
2000,58,1789.0,11,0.27,211,1789
10000,58,9033.0,11,0.27,967,9033
20000,58,17971.0,11,0.27,2029,17971
40000,58,35897.0,11,0.27,4103,35897
60000,58,53692.0,11,0.27,6308,53692
80000,58,71511.0,11,0.27,8489,71511
100000,58,89430.0,11,0.27,10570,89430
200000,58,178963.0,11,0.27,21037,178963
400000,58,358250.0,11,0.27,41750,358250
600000,58,537481.0,11,0.27,62519,537481
800000,58,716609.0,11,0.27,83391,716609
1000000,58,895912.0,11,0.27,104088,895912
2,59,2.0,1,0.05,0,2
3,59,3.0,2,0.05,0,3
100,59,88.0,6,0.14,12,88
200,59,179.0,6,0.14,21,179
2000,59,1813.0,6,0.14,187,1813
10000,59,8964.0,6,0.14,1036,8964
20000,59,17937.0,6,0.14,2063,17937
40000,59,35902.0,6,0.14,4098,35902
60000,59,53796.0,6,0.14,6204,53796
80000,59,71722.0,6,0.14,8278,71722
100000,59,89555.0,6,0.14,10445,89555
200000,59,179137.0,6,0.14,20863,179137
400000,59,358211.0,6,0.14,41789,358211
600000,59,537382.0,6,0.14,62618,537382
800000,59,716509.0,6,0.14,83491,716509
1000000,59,895361.0,6,0.14,104639,895361
2,60,1.0,1,0.05,1,1
3,60,2.0,2,0.05,1,2
100,60,91.0,3,0.05,9,91
200,60,179.0,3,0.05,21,179
2000,60,1808.0,3,0.05,192,1808
10000,60,8919.0,3,0.05,1081,8919
20000,60,17895.0,3,0.05,2105,17895
40000,60,35845.0,3,0.05,4155,35845
60000,60,53813.0,3,0.05,6187,53813
80000,60,71723.0,3,0.05,8277,71723
100000,60,89708.0,3,0.05,10292,89708
200000,60,179359.0,3,0.05,20641,179359
400000,60,358296.0,3,0.05,41704,358296
600000,60,537105.0,3,0.05,62895,537105
800000,60,716091.0,3,0.05,83909,716091
1000000,60,895087.0,3,0.05,104913,895087
2,61,1.0,1,0.05,1,1
3,61,1.0,2,0.05,2,1
100,61,87.0,2,0.05,13,87
200,61,176.0,2,0.05,24,176
2000,61,1808.0,2,0.05,192,1808
10000,61,8969.0,2,0.05,1031,8969
20000,61,17970.0,2,0.05,2030,17970
40000,61,35897.0,2,0.05,4103,35897
60000,61,53717.0,2,0.05,6283,53717
80000,61,71562.0,2,0.05,8438,71562
100000,61,89419.0,2,0.05,10581,89419
200000,61,178862.0,2,0.05,21138,178862
400000,61,357901.0,2,0.05,42099,357901
600000,61,537014.0,2,0.05,62986,537014
800000,61,716102.0,2,0.05,83898,716102
1000000,61,894765.0,2,0.05,105235,894765
2,62,0.0,1,0.05,2,0
3,62,1.0,2,0.05,2,1
100,62,90.0,99,0.05,10,90
200,62,179.0,199,0.05,21,179
2000,62,1785.0,1999,0.05,215,1785
10000,62,9005.0,9999,0.05,995,9005
20000,62,18000.0,19999,0.05,2000,18000
40000,62,35937.0,39999,0.05,4063,35937
60000,62,53845.0,59999,0.05,6155,53845
80000,62,71745.0,79999,0.05,8255,71745
100000,62,89667.0,99999,0.05,10333,89667
200000,62,179322.0,199999,0.05,20678,179322
400000,62,358356.0,399999,0.05,41644,358356
600000,62,537280.0,599999,0.05,62720,537280
800000,62,716070.0,799999,0.05,83930,716070
1000000,62,895037.0,999999,0.05,104963,895037
2,63,1.0,1,0.05,1,1
3,63,2.0,2,0.05,1,2
100,63,89.0,98,0.05,11,89
200,63,178.0,198,0.05,22,178
2000,63,1790.0,1998,0.05,210,1790
10000,63,8955.0,9998,0.05,1045,8955
20000,63,17887.0,19998,0.05,2113,17887
40000,63,35798.0,39998,0.05,4202,35798
60000,63,53695.0,59998,0.05,6305,53695
80000,63,71551.0,79998,0.05,8449,71551
100000,63,89457.0,99998,0.05,10543,89457
200000,63,179123.0,199998,0.05,20877,179123
400000,63,358061.0,399998,0.05,41939,358061
600000,63,537074.0,599998,0.05,62926,537074
800000,63,715899.0,799998,0.05,84101,715899
1000000,63,895008.0,999998,0.05,104992,895008
2,64,2.0,1,0.05,0,2
3,64,3.0,2,0.05,0,3
100,64,86.0,97,4.05,14,86
200,64,174.0,197,8.55,26,174
2000,64,1708.0,1997,89.55,292,1708
10000,64,8513.0,9997,449.55,1487,8513
20000,64,16980.0,19997,899.55,3020,16980
40000,64,34004.0,39997,1799.55,5996,34004
60000,64,51087.0,59997,2699.55,8913,51087
80000,64,68162.0,79997,3599.55,11838,68162
100000,64,85233.0,99997,4499.55,14767,85233
200000,64,170161.0,199997,8999.55,29839,170161
400000,64,340118.0,399997,17999.55,59882,340118
600000,64,510160.0,599997,26999.55,89840,510160
800000,64,680256.0,799997,35999.55,119744,680256
1000000,64,849979.0,999997,44999.55,150021,849979
2,65,2.0,1,0.05,0,2
3,65,2.0,2,0.05,1,2
100,65,87.0,3,0.09,13,87
200,65,170.0,3,0.09,30,170
2000,65,1773.0,3,0.09,227,1773
10000,65,8946.0,3,0.09,1054,8946
20000,65,17895.0,3,0.09,2105,17895
40000,65,35753.0,3,0.09,4247,35753
60000,65,53724.0,3,0.09,6276,53724
80000,65,71622.0,3,0.09,8378,71622
100000,65,89585.0,3,0.09,10415,89585
200000,65,179266.0,3,0.09,20734,179266
400000,65,358174.0,3,0.09,41826,358174
600000,65,537081.0,3,0.09,62919,537081
800000,65,716300.0,3,0.09,83700,716300
1000000,65,895429.0,3,0.09,104571,895429
2,66,2.0,1,0.05,0,2
3,66,3.0,2,0.05,0,3
100,66,87.0,51,0.14,13,87
200,66,174.0,101,0.14,26,174
2000,66,1781.0,1001,0.14,219,1781
10000,66,8951.0,5001,0.14,1049,8951
20000,66,17889.0,10001,0.14,2111,17889
40000,66,35821.0,20001,0.14,4179,35821
60000,66,53743.0,30001,0.14,6257,53743
80000,66,71617.0,40001,0.14,8383,71617
100000,66,89554.0,50001,0.14,10446,89554
200000,66,179035.0,100001,0.14,20965,179035
400000,66,357894.0,200001,0.14,42106,357894
600000,66,536834.0,300001,0.14,63166,536834
800000,66,715955.0,400001,0.14,84045,715955
1000000,66,894874.0,500001,0.14,105126,894874
2,67,2.0,1,0.05,0,2
3,67,3.0,2,0.05,0,3
100,67,86.0,95,0.09,14,86
200,67,179.0,195,0.09,21,179
2000,67,1796.0,1995,0.09,204,1796
10000,67,8904.0,9995,0.09,1096,8904
20000,67,17843.0,19995,0.09,2157,17843
40000,67,35727.0,39995,0.09,4273,35727
60000,67,53630.0,59995,0.09,6370,53630
80000,67,71441.0,79995,0.09,8559,71441
100000,67,89295.0,99995,0.09,10705,89295
200000,67,178820.0,199995,0.09,21180,178820
400000,67,357622.0,399995,0.09,42378,357622
600000,67,536612.0,599995,0.09,63388,536612
800000,67,715775.0,799995,0.09,84225,715775
1000000,67,894636.0,999995,0.09,105364,894636
2,68,2.0,1,0.05,0,2
3,68,3.0,2,0.05,0,3
100,68,88.0,96,0.14,12,88
200,68,181.0,196,0.14,19,181
2000,68,1767.0,1996,0.14,233,1767
10000,68,8885.0,9996,0.14,1115,8885
20000,68,17821.0,19996,0.14,2179,17821
40000,68,35740.0,39996,0.14,4260,35740
60000,68,53679.0,59996,0.14,6321,53679
80000,68,71596.0,79996,0.14,8404,71596
100000,68,89421.0,99996,0.14,10579,89421
200000,68,178906.0,199996,0.14,21094,178906
400000,68,357953.0,399996,0.14,42047,357953
600000,68,536815.0,599996,0.14,63185,536815
800000,68,715910.0,799996,0.14,84090,715910
1000000,68,895213.0,999996,0.14,104787,895213
2,69,2.0,1,0.05,0,2
3,69,3.0,2,0.05,0,3
100,69,88.0,97,4.0,12,88
200,69,174.0,197,8.5,26,174
2000,69,1695.0,1997,89.51,305,1695
10000,69,8494.0,9997,449.51,1506,8494
20000,69,17010.0,19997,899.5,2990,17010
40000,69,33917.0,39997,1799.51,6083,33917
60000,69,50889.0,59997,2699.51,9111,50889
80000,69,67728.0,79997,3599.51,12272,67728
100000,69,84729.0,99997,4499.51,15271,84729
200000,69,169841.0,199997,8999.51,30159,169841
400000,69,339738.0,399997,17999.5,60262,339738
600000,69,509729.0,599997,26999.5,90271,509729
800000,69,679675.0,799997,35999.5,120325,679675
1000000,69,849682.0,999997,44999.5,150318,849682
2,70,2.0,1,0.05,0,2
3,70,3.0,2,0.05,0,3
100,70,95.0,66,1.49,5,95
200,70,184.0,133,3.01,16,184
2000,70,1765.0,1333,30.02,235,1765
10000,70,8787.0,6666,149.98,1213,8787
20000,70,17570.0,13333,300.01,2430,17570
40000,70,35204.0,26666,599.98,4796,35204
60000,70,52803.0,40000,900.0,7197,52803
80000,70,70416.0,53333,1200.01,9584,70416
100000,70,88001.0,66666,1499.99,11999,88001
200000,70,176187.0,133333,3000.02,23813,176187
400000,70,351982.0,266666,5999.99,48018,351982
600000,70,528080.0,400000,9000.0,71920,528080
800000,70,704293.0,533333,12000.02,95707,704293
1000000,70,880278.0,666666,14999.99,119722,880278
2,71,2.0,1,0.05,0,2
3,71,3.0,2,0.05,0,3
100,71,84.0,98,2.2,16,84
200,71,171.0,198,4.45,29,171
2000,71,1762.0,1998,44.96,238,1762
10000,71,8725.0,9998,224.95,1275,8725
20000,71,17417.0,19998,449.96,2583,17417
40000,71,34908.0,39998,899.95,5092,34908
60000,71,52329.0,59998,1349.96,7671,52329
80000,71,69735.0,79998,1799.96,10265,69735
100000,71,87177.0,99998,2249.96,12823,87177
200000,71,174523.0,199998,4499.96,25477,174523
400000,71,348978.0,399998,8999.96,51022,348978
600000,71,523314.0,599998,13499.96,76686,523314
800000,71,697880.0,799998,17999.95,102120,697880
1000000,71,872144.0,999998,22499.95,127856,872144
2,72,0.0,1,0.05,2,0
3,72,1.0,2,0.05,2,1
100,72,86.0,99,0.05,14,86
200,72,177.0,199,0.05,23,177
2000,72,1794.0,1999,0.05,206,1794
10000,72,8931.0,9999,0.05,1069,8931
20000,72,17852.0,19999,0.05,2148,17852
40000,72,35708.0,39999,0.05,4292,35708
60000,72,53641.0,59999,0.05,6359,53641
80000,72,71505.0,79999,0.05,8495,71505
100000,72,89418.0,99999,0.05,10582,89418
200000,72,178959.0,199999,0.05,21041,178959
400000,72,357881.0,399999,0.05,42119,357881
600000,72,536936.0,599999,0.05,63064,536936
800000,72,715846.0,799999,0.05,84154,715846
1000000,72,894828.0,999999,0.05,105172,894828
2,73,2.0,1,0.05,0,2
3,73,3.0,2,0.05,0,3
100,73,88.0,98,0.09,12,88
200,73,180.0,198,0.09,20,180
2000,73,1802.0,1998,0.09,198,1802
10000,73,8941.0,9998,0.09,1059,8941
20000,73,17873.0,19998,0.09,2127,17873
40000,73,35704.0,39998,0.09,4296,35704
60000,73,53627.0,59998,0.09,6373,53627
80000,73,71539.0,79998,0.09,8461,71539
100000,73,89488.0,99998,0.09,10512,89488
200000,73,178836.0,199998,0.09,21164,178836
400000,73,357744.0,399998,0.09,42256,357744
600000,73,537022.0,599998,0.09,62978,537022
800000,73,716075.0,799998,0.09,83925,716075
1000000,73,894871.0,999998,0.09,105129,894871
2,74,1.0,1,0.05,1,1
3,74,2.0,2,0.05,1,2
100,74,91.0,97,0.05,9,91
200,74,181.0,197,0.05,19,181
2000,74,1801.0,1997,0.05,199,1801
10000,74,8982.0,9997,0.05,1018,8982
20000,74,17902.0,19997,0.05,2098,17902
40000,74,35803.0,39997,0.05,4197,35803
60000,74,53739.0,59997,0.05,6261,53739
80000,74,71647.0,79997,0.05,8353,71647
100000,74,89521.0,99997,0.05,10479,89521
200000,74,178964.0,199997,0.05,21036,178964
400000,74,358158.0,399997,0.05,41842,358158
600000,74,537132.0,599997,0.05,62868,537132
800000,74,716027.0,799997,0.05,83973,716027
1000000,74,895079.0,999997,0.05,104921,895079
2,75,2.0,1,0.05,0,2
3,75,3.0,2,0.05,0,3
100,75,83.0,6,0.09,17,83
200,75,172.0,6,0.09,28,172
2000,75,1786.0,6,0.09,214,1786
10000,75,8971.0,6,0.09,1029,8971
20000,75,17892.0,6,0.09,2108,17892
40000,75,35800.0,6,0.09,4200,35800
60000,75,53718.0,6,0.09,6282,53718
80000,75,71605.0,6,0.09,8395,71605
100000,75,89600.0,6,0.09,10400,89600
200000,75,178968.0,6,0.09,21032,178968
400000,75,358011.0,6,0.09,41989,358011
600000,75,536988.0,6,0.09,63012,536988
800000,75,716035.0,6,0.09,83965,716035
1000000,75,894980.0,6,0.09,105020,894980
2,76,2.0,1,0.05,0,2
3,76,2.0,2,0.05,1,2
100,76,88.0,50,2.2,12,88
200,76,176.0,100,4.45,24,176
2000,76,1743.0,1000,44.96,257,1743
10000,76,8756.0,5000,224.95,1244,8756
20000,76,17518.0,10000,449.96,2482,17518
40000,76,35035.0,20000,899.95,4965,35035
60000,76,52502.0,30000,1349.96,7498,52502
80000,76,70012.0,40000,1799.96,9988,70012
100000,76,87484.0,50000,2249.96,12516,87484
200000,76,174621.0,100000,4499.96,25379,174621
400000,76,349289.0,200000,8999.96,50711,349289
600000,76,523799.0,300000,13499.96,76201,523799
800000,76,698040.0,400000,17999.95,101960,698040
1000000,76,872266.0,500000,22499.95,127734,872266
2,77,1.0,1,0.05,1,1
3,77,2.0,2,0.05,1,2
100,77,92.0,50,0.05,8,92
200,77,179.0,100,0.05,21,179
2000,77,1790.0,1000,0.05,210,1790
10000,77,8953.0,5000,0.05,1047,8953
20000,77,17873.0,10000,0.05,2127,17873
40000,77,35818.0,20000,0.05,4182,35818
60000,77,53721.0,30000,0.05,6279,53721
80000,77,71592.0,40000,0.05,8408,71592
100000,77,89482.0,50000,0.05,10518,89482
200000,77,179214.0,100000,0.05,20786,179214
400000,77,358352.0,200000,0.05,41648,358352
600000,77,537598.0,300000,0.05,62402,537598
800000,77,716641.0,400000,0.05,83359,716641
1000000,77,895687.0,500000,0.05,104313,895687
2,78,2.0,1,0.05,0,2
3,78,3.0,2,0.05,0,3
100,78,84.0,98,0.36,16,84
200,78,173.0,198,0.36,27,173
2000,78,1763.0,1998,0.36,237,1763
10000,78,8939.0,9998,0.36,1061,8939
20000,78,17925.0,19998,0.36,2075,17925
40000,78,35792.0,39998,0.36,4208,35792
60000,78,53636.0,59998,0.36,6364,53636
80000,78,71525.0,79998,0.36,8475,71525
100000,78,89358.0,99998,0.36,10642,89358
200000,78,178866.0,199998,0.36,21134,178866
400000,78,357732.0,399998,0.36,42268,357732
600000,78,536803.0,599998,0.36,63197,536803
800000,78,715689.0,799998,0.36,84311,715689
1000000,78,894440.0,999998,0.36,105560,894440
2,79,2.0,1,0.05,0,2
3,79,3.0,2,0.05,0,3
100,79,88.0,6,0.09,12,88
200,79,180.0,6,0.09,20,180
2000,79,1768.0,6,0.09,232,1768
10000,79,8933.0,6,0.09,1067,8933
20000,79,17937.0,6,0.09,2063,17937
40000,79,35860.0,6,0.09,4140,35860
60000,79,53785.0,6,0.09,6215,53785
80000,79,71668.0,6,0.09,8332,71668
100000,79,89671.0,6,0.09,10329,89671
200000,79,179193.0,6,0.09,20807,179193
400000,79,358348.0,6,0.09,41652,358348
600000,79,537413.0,6,0.09,62587,537413
800000,79,716444.0,6,0.09,83556,716444
1000000,79,895531.0,6,0.09,104469,895531
2,80,2.0,1,0.05,0,2
3,80,3.0,2,0.05,0,3
100,80,89.0,95,0.09,11,89
200,80,185.0,195,0.09,15,185
2000,80,1806.0,1995,0.09,194,1806
10000,80,8966.0,9995,0.09,1034,8966
20000,80,17902.0,19995,0.09,2098,17902
40000,80,35808.0,39995,0.09,4192,35808
60000,80,53711.0,59995,0.09,6289,53711
80000,80,71607.0,79995,0.09,8393,71607
100000,80,89413.0,99995,0.09,10587,89413
200000,80,178648.0,199995,0.09,21352,178648
400000,80,357550.0,399995,0.09,42450,357550
600000,80,536601.0,599995,0.09,63399,536601
800000,80,715795.0,799995,0.09,84205,715795
1000000,80,894796.0,999995,0.09,105204,894796
2,81,2.0,1,0.05,0,2
3,81,3.0,2,0.05,0,3
100,81,87.0,92,0.09,13,87
200,81,174.0,192,0.09,26,174
2000,81,1782.0,1992,0.09,218,1782
10000,81,8993.0,9992,0.09,1007,8993
20000,81,17963.0,19992,0.09,2037,17963
40000,81,35885.0,39992,0.09,4115,35885
60000,81,53857.0,59992,0.09,6143,53857
80000,81,71711.0,79992,0.09,8289,71711
100000,81,89594.0,99992,0.09,10406,89594
200000,81,179167.0,199992,0.09,20833,179167
400000,81,357889.0,399992,0.09,42111,357889
600000,81,537037.0,599992,0.09,62963,537037
800000,81,716039.0,799992,0.09,83961,716039
1000000,81,895189.0,999992,0.09,104811,895189
2,82,1.0,1,0.05,1,1
3,82,2.0,2,0.05,1,2
100,82,87.0,99,0.09,13,87
200,82,180.0,199,0.09,20,180
2000,82,1774.0,1999,0.09,226,1774
10000,82,8923.0,9999,0.09,1077,8923
20000,82,17908.0,19999,0.09,2092,17908
40000,82,35835.0,39999,0.09,4165,35835
60000,82,53717.0,59999,0.09,6283,53717
80000,82,71680.0,79999,0.09,8320,71680
100000,82,89563.0,99999,0.09,10437,89563
200000,82,179112.0,199999,0.09,20888,179112
400000,82,358193.0,399999,0.09,41807,358193
600000,82,537072.0,599999,0.09,62928,537072
800000,82,715977.0,799999,0.09,84023,715977
1000000,82,894718.0,999999,0.09,105282,894718
2,83,2.0,1,0.05,0,2
3,83,3.0,2,0.05,0,3
100,83,88.0,53,0.32,12,88
200,83,173.0,103,0.32,27,173
2000,83,1792.0,1003,0.32,208,1792
10000,83,8909.0,5003,0.32,1091,8909
20000,83,17916.0,10003,0.32,2084,17916
40000,83,35761.0,20003,0.32,4239,35761
60000,83,53727.0,30003,0.32,6273,53727
80000,83,71608.0,40003,0.32,8392,71608
100000,83,89567.0,50003,0.32,10433,89567
200000,83,179112.0,100003,0.32,20888,179112
400000,83,357976.0,200003,0.32,42024,357976
600000,83,536987.0,300003,0.32,63013,536987
800000,83,716141.0,400003,0.32,83859,716141
1000000,83,895304.0,500003,0.32,104696,895304
2,84,2.0,1,0.05,0,2
3,84,3.0,2,0.05,0,3
100,84,92.0,4,0.09,8,92
200,84,184.0,4,0.09,16,184
2000,84,1797.0,4,0.09,203,1797
10000,84,8937.0,4,0.09,1063,8937
20000,84,17894.0,4,0.09,2106,17894
40000,84,35729.0,4,0.09,4271,35729
60000,84,53644.0,4,0.09,6356,53644
80000,84,71521.0,4,0.09,8479,71521
100000,84,89418.0,4,0.09,10582,89418
200000,84,179001.0,4,0.09,20999,179001
400000,84,358201.0,4,0.09,41799,358201
600000,84,537206.0,4,0.09,62794,537206
800000,84,716374.0,4,0.09,83626,716374
1000000,84,895494.0,4,0.09,104506,895494
2,85,2.0,1,0.05,0,2
3,85,3.0,2,0.05,0,3
100,85,91.0,53,0.27,9,91
200,85,177.0,103,0.27,23,177
2000,85,1760.0,1003,0.27,240,1760
10000,85,8911.0,5003,0.27,1089,8911
20000,85,17933.0,10003,0.27,2067,17933
40000,85,35871.0,20003,0.27,4129,35871
60000,85,53745.0,30003,0.27,6255,53745
80000,85,71666.0,40003,0.27,8334,71666
100000,85,89583.0,50003,0.27,10417,89583
200000,85,178946.0,100003,0.27,21054,178946
400000,85,357882.0,200003,0.27,42118,357882
600000,85,536948.0,300003,0.27,63052,536948
800000,85,715920.0,400003,0.27,84080,715920
1000000,85,894864.0,500003,0.27,105136,894864
2,86,2.0,1,0.05,0,2
3,86,3.0,2,0.05,0,3
100,86,89.0,92,0.14,11,89
200,86,178.0,192,0.14,22,178
2000,86,1800.0,1992,0.14,200,1800
10000,86,8948.0,9992,0.14,1052,8948
20000,86,17878.0,19992,0.14,2122,17878
40000,86,35855.0,39992,0.14,4145,35855
60000,86,53766.0,59992,0.14,6234,53766
80000,86,71675.0,79992,0.14,8325,71675
100000,86,89546.0,99992,0.14,10454,89546
200000,86,178981.0,199992,0.14,21019,178981
400000,86,357932.0,399992,0.14,42068,357932
600000,86,536920.0,599992,0.14,63080,536920
800000,86,715881.0,799992,0.14,84119,715881
1000000,86,894832.0,999992,0.14,105168,894832
2,87,2.0,1,0.05,0,2
3,87,2.0,2,0.05,1,2
100,87,86.0,97,4.32,14,86
200,87,172.0,197,8.82,28,172
2000,87,1707.0,1997,89.82,293,1707
10000,87,8489.0,9997,449.82,1511,8489
20000,87,16928.0,19997,899.82,3072,16928
40000,87,33942.0,39997,1799.82,6058,33942
60000,87,50903.0,59997,2699.82,9097,50903
80000,87,67871.0,79997,3599.82,12129,67871
100000,87,84846.0,99997,4499.82,15154,84846
200000,87,169785.0,199997,8999.82,30215,169785
400000,87,339811.0,399997,17999.82,60189,339811
600000,87,510094.0,599997,26999.82,89906,510094
800000,87,680037.0,799997,35999.82,119963,680037
1000000,87,849987.0,999997,44999.82,150013,849987
2,88,1.0,1,0.05,1,1
3,88,2.0,2,0.05,1,2
100,88,88.0,97,0.05,12,88
200,88,181.0,197,0.05,19,181
2000,88,1796.0,1997,0.05,204,1796
10000,88,8932.0,9997,0.05,1068,8932
20000,88,17826.0,19997,0.05,2174,17826
40000,88,35675.0,39997,0.05,4325,35675
60000,88,53606.0,59997,0.05,6394,53606
80000,88,71431.0,79997,0.05,8569,71431
100000,88,89336.0,99997,0.05,10664,89336
200000,88,178846.0,199997,0.05,21154,178846
400000,88,357895.0,399997,0.05,42105,357895
600000,88,536945.0,599997,0.05,63055,536945
800000,88,715811.0,799997,0.05,84189,715811
1000000,88,894718.0,999997,0.05,105282,894718
2,89,1.0,1,0.05,1,1
3,89,2.0,2,0.05,1,2
100,89,91.0,50,0.05,9,91
200,89,182.0,100,0.05,18,182
2000,89,1788.0,1000,0.05,212,1788
10000,89,9004.0,5000,0.05,996,9004
20000,89,17998.0,10000,0.05,2002,17998
40000,89,35910.0,20000,0.05,4090,35910
60000,89,53870.0,30000,0.05,6130,53870
80000,89,71808.0,40000,0.05,8192,71808
100000,89,89678.0,50000,0.05,10322,89678
200000,89,179206.0,100000,0.05,20794,179206
400000,89,358416.0,200000,0.05,41584,358416
600000,89,537397.0,300000,0.05,62603,537397
800000,89,716374.0,400000,0.05,83626,716374
1000000,89,895403.0,500000,0.05,104597,895403
2,90,2.0,1,0.05,0,2
3,90,3.0,2,0.05,0,3
100,90,91.0,9,0.18,9,91
200,90,178.0,9,0.18,22,178
2000,90,1800.0,9,0.18,200,1800
10000,90,8954.0,9,0.18,1046,8954
20000,90,17921.0,9,0.18,2079,17921
40000,90,35812.0,9,0.18,4188,35812
60000,90,53653.0,9,0.18,6347,53653
80000,90,71556.0,9,0.18,8444,71556
100000,90,89467.0,9,0.18,10533,89467
200000,90,178870.0,9,0.18,21130,178870
400000,90,357618.0,9,0.18,42382,357618
600000,90,536871.0,9,0.18,63129,536871
800000,90,715683.0,9,0.18,84317,715683
1000000,90,894736.0,9,0.18,105264,894736
2,91,2.0,1,0.05,0,2
3,91,3.0,2,0.05,0,3
100,91,93.0,53,2.07,7,93
200,91,180.0,103,4.32,20,180
2000,91,1763.0,1003,44.82,237,1763
10000,91,8756.0,5003,224.82,1244,8756
20000,91,17435.0,10003,449.82,2565,17435
40000,91,34868.0,20003,899.82,5132,34868
60000,91,52312.0,30003,1349.82,7688,52312
80000,91,69744.0,40003,1799.82,10256,69744
100000,91,87217.0,50003,2249.82,12783,87217
200000,91,174390.0,100003,4499.82,25610,174390
400000,91,348812.0,200003,8999.82,51188,348812
600000,91,523175.0,300003,13499.82,76825,523175
800000,91,697830.0,400003,17999.82,102170,697830
1000000,91,872485.0,500003,22499.82,127515,872485
2,92,2.0,1,0.05,0,2
3,92,3.0,2,0.05,0,3
100,92,89.0,11,0.32,11,89
200,92,177.0,11,0.32,23,177
2000,92,1786.0,11,0.32,214,1786
10000,92,8922.0,11,0.32,1078,8922
20000,92,17882.0,11,0.32,2118,17882
40000,92,35743.0,11,0.32,4257,35743
60000,92,53628.0,11,0.32,6372,53628
80000,92,71471.0,11,0.32,8529,71471
100000,92,89365.0,11,0.32,10635,89365
200000,92,178942.0,11,0.32,21058,178942
400000,92,358009.0,11,0.32,41991,358009
600000,92,537201.0,11,0.32,62799,537201
800000,92,716215.0,11,0.32,83785,716215
1000000,92,895021.0,11,0.32,104979,895021
2,93,1.0,1,0.05,1,1
3,93,2.0,2,0.05,1,2
100,93,85.0,50,0.05,15,85
200,93,172.0,100,0.05,28,172
2000,93,1780.0,1000,0.05,220,1780
10000,93,8950.0,5000,0.05,1050,8950
20000,93,17864.0,10000,0.05,2136,17864
40000,93,35766.0,20000,0.05,4234,35766
60000,93,53619.0,30000,0.05,6381,53619
80000,93,71472.0,40000,0.05,8528,71472
100000,93,89397.0,50000,0.05,10603,89397
200000,93,179008.0,100000,0.05,20992,179008
400000,93,357907.0,200000,0.05,42093,357907
600000,93,536731.0,300000,0.05,63269,536731
800000,93,715708.0,400000,0.05,84292,715708
1000000,93,894633.0,500000,0.05,105367,894633
2,94,2.0,1,0.05,0,2
3,94,3.0,2,0.05,0,3
100,94,93.0,92,0.18,7,93
200,94,184.0,192,0.18,16,184
2000,94,1801.0,1992,0.18,199,1801
10000,94,8935.0,9992,0.18,1065,8935
20000,94,17893.0,19992,0.18,2107,17893
40000,94,35774.0,39992,0.18,4226,35774
60000,94,53666.0,59992,0.18,6334,53666
80000,94,71521.0,79992,0.18,8479,71521
100000,94,89357.0,99992,0.18,10643,89357
200000,94,178786.0,199992,0.18,21214,178786
400000,94,357794.0,399992,0.18,42206,357794
600000,94,536790.0,599992,0.18,63210,536790
800000,94,715808.0,799992,0.18,84192,715808
1000000,94,894822.0,999992,0.18,105178,894822
2,95,2.0,1,0.05,0,2
3,95,3.0,2,0.05,0,3
100,95,90.0,97,0.27,10,90
200,95,177.0,197,0.27,23,177
2000,95,1793.0,1997,0.27,207,1793
10000,95,8993.0,9997,0.27,1007,8993
20000,95,17972.0,19997,0.27,2028,17972
40000,95,35908.0,39997,0.27,4092,35908
60000,95,53779.0,59997,0.27,6221,53779
80000,95,71601.0,79997,0.27,8399,71601
100000,95,89520.0,99997,0.27,10480,89520
200000,95,179027.0,199997,0.27,20973,179027
400000,95,358029.0,399997,0.27,41971,358029
600000,95,536898.0,599997,0.27,63102,536898
800000,95,715847.0,799997,0.27,84153,715847
1000000,95,894877.0,999997,0.27,105123,894877
2,96,1.0,1,0.05,1,1
3,96,2.0,2,0.05,1,2
100,96,87.0,3,0.05,13,87
200,96,176.0,3,0.05,24,176
2000,96,1779.0,3,0.05,221,1779
10000,96,8947.0,3,0.05,1053,8947
20000,96,17957.0,3,0.05,2043,17957
40000,96,35853.0,3,0.05,4147,35853
60000,96,53743.0,3,0.05,6257,53743
80000,96,71639.0,3,0.05,8361,71639
100000,96,89598.0,3,0.05,10402,89598
200000,96,179139.0,3,0.05,20861,179139
400000,96,358240.0,3,0.05,41760,358240
600000,96,537391.0,3,0.05,62609,537391
800000,96,716199.0,3,0.05,83801,716199
1000000,96,895069.0,3,0.05,104931,895069
2,97,2.0,1,0.05,0,2
3,97,2.0,2,0.05,1,2
100,97,87.0,3,0.09,13,87
200,97,171.0,3,0.09,29,171
2000,97,1798.0,3,0.09,202,1798
10000,97,8971.0,3,0.09,1029,8971
20000,97,17955.0,3,0.09,2045,17955
40000,97,35875.0,3,0.09,4125,35875
60000,97,53726.0,3,0.09,6274,53726
80000,97,71627.0,3,0.09,8373,71627
100000,97,89523.0,3,0.09,10477,89523
200000,97,178863.0,3,0.09,21137,178863
400000,97,357828.0,3,0.09,42172,357828
600000,97,536825.0,3,0.09,63175,536825
800000,97,715967.0,3,0.09,84033,715967
1000000,97,894912.0,3,0.09,105088,894912
2,98,1.0,1,0.05,1,1
3,98,2.0,2,0.05,1,2
100,98,93.0,99,0.23,7,93
200,98,179.0,199,0.23,21,179
2000,98,1800.0,1999,0.23,200,1800
10000,98,8947.0,9999,0.23,1053,8947
20000,98,17881.0,19999,0.23,2119,17881
40000,98,35777.0,39999,0.23,4223,35777
60000,98,53727.0,59999,0.23,6273,53727
80000,98,71634.0,79999,0.23,8366,71634
100000,98,89547.0,99999,0.23,10453,89547
200000,98,179193.0,199999,0.23,20807,179193
400000,98,358186.0,399999,0.23,41814,358186
600000,98,537097.0,599999,0.23,62903,537097
800000,98,716286.0,799999,0.23,83714,716286
1000000,98,895166.0,999999,0.23,104834,895166
2,99,2.0,1,0.05,0,2
3,99,3.0,2,0.05,0,3
100,99,86.0,96,2.16,14,86
200,99,175.0,196,4.41,25,175
2000,99,1760.0,1996,44.91,240,1760
10000,99,8738.0,9996,224.91,1262,8738
20000,99,17502.0,19996,449.91,2498,17502
40000,99,34924.0,39996,899.91,5076,34924
60000,99,52285.0,59996,1349.91,7715,52285
80000,99,69709.0,79996,1799.91,10291,69709
100000,99,87143.0,99996,2249.91,12857,87143
200000,99,174440.0,199996,4499.91,25560,174440
400000,99,348824.0,399996,8999.91,51176,348824
600000,99,523189.0,599996,13499.91,76811,523189
800000,99,697772.0,799996,17999.91,102228,697772
1000000,99,872452.0,999996,22499.91,127548,872452
2,100,2.0,1,0.05,0,2
3,100,3.0,2,0.05,0,3
100,100,84.0,98,4.05,16,84
200,100,164.0,198,8.55,36,164
2000,100,1683.0,1998,89.55,317,1683
10000,100,8485.0,9998,449.55,1515,8485
20000,100,16950.0,19998,899.55,3050,16950
40000,100,33891.0,39998,1799.55,6109,33891
60000,100,50939.0,59998,2699.55,9061,50939
80000,100,67936.0,79998,3599.55,12064,67936
100000,100,84907.0,99998,4499.55,15093,84907
200000,100,169849.0,199998,8999.55,30151,169849
400000,100,339914.0,399998,17999.55,60086,339914
600000,100,509746.0,599998,26999.55,90254,509746
800000,100,679672.0,799998,35999.55,120328,679672
1000000,100,849700.0,999998,44999.55,150300,849700
