Timestep,Iteration,Total Reward,Suboptimal Arms,Total Regret,Zeros Count,Ones Count
2,1,2.0,1,0.0,0,2
3,1,2.0,1,0.0,1,2
100,1,76.0,98,0.0,24,76
200,1,164.0,198,0.0,36,164
2000,1,1591.0,1998,0.0,409,1591
10000,1,7967.0,9998,0.0,2033,7967
20000,1,15985.0,19998,0.0,4015,15985
40000,1,31799.0,39998,0.0,8201,31799
60000,1,47854.0,59998,0.0,12146,47854
80000,1,63873.0,79998,0.0,16127,63873
100000,1,79903.0,99998,0.0,20097,79903
200000,1,159943.0,199998,0.0,40057,159943
400000,1,319704.0,399998,0.0,80296,319704
600000,1,479622.0,599998,0.0,120378,479622
800000,1,639979.0,799998,0.0,160021,639979
1000000,1,799846.0,999998,0.0,200154,799846
2,2,2.0,1,0.0,0,2
3,2,3.0,1,0.0,0,3
100,2,81.0,2,0.0,19,81
200,2,154.0,2,0.0,46,154
2000,2,1601.0,2,0.0,399,1601
10000,2,7978.0,2,0.0,2022,7978
20000,2,15974.0,2,0.0,4026,15974
40000,2,31855.0,2,0.0,8145,31855
60000,2,47741.0,2,0.0,12259,47741
80000,2,63752.0,2,0.0,16248,63752
100000,2,79762.0,2,0.0,20238,79762
200000,2,159829.0,2,0.0,40171,159829
400000,2,319944.0,2,0.0,80056,319944
600000,2,479969.0,2,0.0,120031,479969
800000,2,639834.0,2,0.0,160166,639834
1000000,2,799889.0,2,0.0,200111,799889
2,3,1.0,1,0.0,1,1
3,3,2.0,1,0.0,1,2
100,3,79.0,1,0.0,21,79
200,3,157.0,1,0.0,43,157
2000,3,1584.0,1,0.0,416,1584
10000,3,7919.0,1,0.0,2081,7919
20000,3,15973.0,1,0.0,4027,15973
40000,3,32019.0,1,0.0,7981,32019
60000,3,47936.0,1,0.0,12064,47936
80000,3,63919.0,1,0.0,16081,63919
100000,3,79994.0,1,0.0,20006,79994
200000,3,159819.0,1,0.0,40181,159819
400000,3,320053.0,1,0.0,79947,320053
600000,3,479848.0,1,0.0,120152,479848
800000,3,639897.0,1,0.0,160103,639897
1000000,3,799981.0,1,0.0,200019,799981
2,4,2.0,1,0.0,0,2
3,4,3.0,1,0.0,0,3
100,4,75.0,2,0.0,25,75
200,4,156.0,2,0.0,44,156
2000,4,1605.0,2,0.0,395,1605
10000,4,8040.0,2,0.0,1960,8040
20000,4,16161.0,2,0.0,3839,16161
40000,4,32242.0,2,0.0,7758,32242
60000,4,48215.0,2,0.0,11785,48215
80000,4,64194.0,2,0.0,15806,64194
100000,4,80270.0,2,0.0,19730,80270
200000,4,160316.0,2,0.0,39684,160316
400000,4,320129.0,2,0.0,79871,320129
600000,4,480296.0,2,0.0,119704,480296
800000,4,639984.0,2,0.0,160016,639984
1000000,4,799858.0,2,0.0,200142,799858
2,5,2.0,1,0.0,0,2
3,5,3.0,1,0.0,0,3
100,5,82.0,3,0.0,18,82
200,5,169.0,3,0.0,31,169
2000,5,1600.0,3,0.0,400,1600
10000,5,7902.0,3,0.0,2098,7902
20000,5,15939.0,3,0.0,4061,15939
40000,5,31926.0,3,0.0,8074,31926
60000,5,47977.0,3,0.0,12023,47977
80000,5,63894.0,3,0.0,16106,63894
100000,5,79907.0,3,0.0,20093,79907
200000,5,160074.0,3,0.0,39926,160074
400000,5,320150.0,3,0.0,79850,320150
600000,5,480038.0,3,0.0,119962,480038
800000,5,640100.0,3,0.0,159900,640100
1000000,5,800161.0,3,0.0,199839,800161
2,6,2.0,1,0.0,0,2
3,6,3.0,1,0.0,0,3
100,6,81.0,4,0.0,19,81
200,6,164.0,4,0.0,36,164
2000,6,1596.0,4,0.0,404,1596
10000,6,8010.0,4,0.0,1990,8010
20000,6,15938.0,4,0.0,4062,15938
40000,6,31978.0,4,0.0,8022,31978
60000,6,48108.0,4,0.0,11892,48108
80000,6,64140.0,4,0.0,15860,64140
100000,6,80183.0,4,0.0,19817,80183
200000,6,159917.0,4,0.0,40083,159917
400000,6,320043.0,4,0.0,79957,320043
600000,6,480340.0,4,0.0,119660,480340
800000,6,640153.0,4,0.0,159847,640153
1000000,6,800019.0,4,0.0,199981,800019
2,7,2.0,1,0.0,0,2
3,7,2.0,1,0.0,1,2
100,7,76.0,98,0.0,24,76
200,7,158.0,198,0.0,42,158
2000,7,1607.0,1998,0.0,393,1607
10000,7,8062.0,9998,0.0,1938,8062
20000,7,16111.0,19998,0.0,3889,16111
40000,7,32115.0,39998,0.0,7885,32115
60000,7,48043.0,59998,0.0,11957,48043
80000,7,64056.0,79998,0.0,15944,64056
100000,7,80020.0,99998,0.0,19980,80020
200000,7,160325.0,199998,0.0,39675,160325
400000,7,320286.0,399998,0.0,79714,320286
600000,7,480326.0,599998,0.0,119674,480326
800000,7,640358.0,799998,0.0,159642,640358
1000000,7,800399.0,999998,0.0,199601,800399
2,8,2.0,1,0.0,0,2
3,8,3.0,1,0.0,0,3
100,8,77.0,4,0.0,23,77
200,8,155.0,4,0.0,45,155
2000,8,1622.0,4,0.0,378,1622
10000,8,8034.0,4,0.0,1966,8034
20000,8,16045.0,4,0.0,3955,16045
40000,8,32104.0,4,0.0,7896,32104
60000,8,48231.0,4,0.0,11769,48231
80000,8,64227.0,4,0.0,15773,64227
100000,8,80257.0,4,0.0,19743,80257
200000,8,160260.0,4,0.0,39740,160260
400000,8,320244.0,4,0.0,79756,320244
600000,8,479976.0,4,0.0,120024,479976
800000,8,640405.0,4,0.0,159595,640405
1000000,8,800569.0,4,0.0,199431,800569
2,9,1.0,1,0.0,1,1
3,9,2.0,2,0.0,1,2
100,9,80.0,99,0.0,20,80
200,9,158.0,199,0.0,42,158
2000,9,1612.0,1999,0.0,388,1612
10000,9,8017.0,9999,0.0,1983,8017
20000,9,16070.0,19999,0.0,3930,16070
40000,9,32045.0,39999,0.0,7955,32045
60000,9,48063.0,59999,0.0,11937,48063
80000,9,64055.0,79999,0.0,15945,64055
100000,9,80044.0,99999,0.0,19956,80044
200000,9,159995.0,199999,0.0,40005,159995
400000,9,320227.0,399999,0.0,79773,320227
600000,9,480086.0,599999,0.0,119914,480086
800000,9,640017.0,799999,0.0,159983,640017
1000000,9,799973.0,999999,0.0,200027,799973
2,10,2.0,1,0.0,0,2
3,10,3.0,1,0.0,0,3
100,10,77.0,94,0.0,23,77
200,10,156.0,194,0.0,44,156
2000,10,1583.0,1994,0.0,417,1583
10000,10,8007.0,9994,0.0,1993,8007
20000,10,16021.0,19994,0.0,3979,16021
40000,10,31955.0,39994,0.0,8045,31955
60000,10,47932.0,59994,0.0,12068,47932
80000,10,63934.0,79994,0.0,16066,63934
100000,10,79903.0,99994,0.0,20097,79903
200000,10,159954.0,199994,0.0,40046,159954
400000,10,320128.0,399994,0.0,79872,320128
600000,10,480166.0,599994,0.0,119834,480166
800000,10,640189.0,799994,0.0,159811,640189
1000000,10,800003.0,999994,0.0,199997,800003
2,11,2.0,1,0.0,0,2
3,11,3.0,1,0.0,0,3
100,11,75.0,95,0.0,25,75
200,11,165.0,195,0.0,35,165
2000,11,1608.0,1995,0.0,392,1608
10000,11,7935.0,9995,0.0,2065,7935
20000,11,15971.0,19995,0.0,4029,15971
40000,11,31978.0,39995,0.0,8022,31978
60000,11,48049.0,59995,0.0,11951,48049
80000,11,64172.0,79995,0.0,15828,64172
100000,11,80227.0,99995,0.0,19773,80227
200000,11,160446.0,199995,0.0,39554,160446
400000,11,320817.0,399995,0.0,79183,320817
600000,11,480782.0,599995,0.0,119218,480782
800000,11,640654.0,799995,0.0,159346,640654
1000000,11,800649.0,999995,0.0,199351,800649
2,12,1.0,1,0.0,1,1
3,12,2.0,2,0.0,1,2
100,12,85.0,99,0.0,15,85
200,12,160.0,199,0.0,40,160
2000,12,1625.0,1999,0.0,375,1625
10000,12,8011.0,9999,0.0,1989,8011
20000,12,15968.0,19999,0.0,4032,15968
40000,12,32011.0,39999,0.0,7989,32011
60000,12,47932.0,59999,0.0,12068,47932
80000,12,64029.0,79999,0.0,15971,64029
100000,12,80100.0,99999,0.0,19900,80100
200000,12,160218.0,199999,0.0,39782,160218
400000,12,320089.0,399999,0.0,79911,320089
600000,12,480193.0,599999,0.0,119807,480193
800000,12,639900.0,799999,0.0,160100,639900
1000000,12,799891.0,999999,0.0,200109,799891
2,13,2.0,1,0.0,0,2
3,13,2.0,1,0.0,1,2
100,13,75.0,98,0.0,25,75
200,13,162.0,198,0.0,38,162
2000,13,1605.0,1998,0.0,395,1605
10000,13,7980.0,9998,0.0,2020,7980
20000,13,16028.0,19998,0.0,3972,16028
40000,13,32071.0,39998,0.0,7929,32071
60000,13,48067.0,59998,0.0,11933,48067
80000,13,64114.0,79998,0.0,15886,64114
100000,13,80188.0,99998,0.0,19812,80188
200000,13,160235.0,199998,0.0,39765,160235
400000,13,320263.0,399998,0.0,79737,320263
600000,13,480322.0,599998,0.0,119678,480322
800000,13,640781.0,799998,0.0,159219,640781
1000000,13,800901.0,999998,0.0,199099,800901
2,14,1.0,1,0.0,1,1
3,14,1.0,1,0.0,2,1
100,14,78.0,1,0.0,22,78
200,14,155.0,1,0.0,45,155
2000,14,1607.0,1,0.0,393,1607
10000,14,8027.0,1,0.0,1973,8027
20000,14,16044.0,1,0.0,3956,16044
40000,14,32030.0,1,0.0,7970,32030
60000,14,47990.0,1,0.0,12010,47990
80000,14,63955.0,1,0.0,16045,63955
100000,14,80008.0,1,0.0,19992,80008
200000,14,160290.0,1,0.0,39710,160290
400000,14,320429.0,1,0.0,79571,320429
600000,14,480460.0,1,0.0,119540,480460
800000,14,640424.0,1,0.0,159576,640424
1000000,14,800528.0,1,0.0,199472,800528
2,15,2.0,1,0.0,0,2
3,15,3.0,1,0.0,0,3
100,15,81.0,97,0.0,19,81
200,15,164.0,197,0.0,36,164
2000,15,1607.0,1997,0.0,393,1607
10000,15,7978.0,9997,0.0,2022,7978
20000,15,15959.0,19997,0.0,4041,15959
40000,15,31971.0,39997,0.0,8029,31971
60000,15,48048.0,59997,0.0,11952,48048
80000,15,63996.0,79997,0.0,16004,63996
100000,15,80002.0,99997,0.0,19998,80002
200000,15,159976.0,199997,0.0,40024,159976
400000,15,320108.0,399997,0.0,79892,320108
600000,15,479987.0,599997,0.0,120013,479987
800000,15,639856.0,799997,0.0,160144,639856
1000000,15,799907.0,999997,0.0,200093,799907
2,16,1.0,1,0.0,1,1
3,16,2.0,2,0.0,1,2
100,16,76.0,99,0.0,24,76
200,16,161.0,199,0.0,39,161
2000,16,1595.0,1999,0.0,405,1595
10000,16,7945.0,9999,0.0,2055,7945
20000,16,15975.0,19999,0.0,4025,15975
40000,16,31999.0,39999,0.0,8001,31999
60000,16,48032.0,59999,0.0,11968,48032
80000,16,64046.0,79999,0.0,15954,64046
100000,16,80141.0,99999,0.0,19859,80141
200000,16,160208.0,199999,0.0,39792,160208
400000,16,320195.0,399999,0.0,79805,320195
600000,16,480253.0,599999,0.0,119747,480253
800000,16,640237.0,799999,0.0,159763,640237
1000000,16,800273.0,999999,0.0,199727,800273
2,17,0.0,1,0.0,2,0
3,17,1.0,1,0.0,2,1
100,17,73.0,97,0.0,27,73
200,17,157.0,197,0.0,43,157
2000,17,1600.0,1997,0.0,400,1600
10000,17,8044.0,9997,0.0,1956,8044
20000,17,16033.0,19997,0.0,3967,16033
40000,17,32075.0,39997,0.0,7925,32075
60000,17,48006.0,59997,0.0,11994,48006
80000,17,64064.0,79997,0.0,15936,64064
100000,17,80001.0,99997,0.0,19999,80001
200000,17,159985.0,199997,0.0,40015,159985
400000,17,320176.0,399997,0.0,79824,320176
600000,17,479926.0,599997,0.0,120074,479926
800000,17,639904.0,799997,0.0,160096,639904
1000000,17,800083.0,999997,0.0,199917,800083
2,18,1.0,1,0.0,1,1
3,18,2.0,2,0.0,1,2
100,18,81.0,99,0.0,19,81
200,18,159.0,199,0.0,41,159
2000,18,1618.0,1999,0.0,382,1618
10000,18,8037.0,9999,0.0,1963,8037
20000,18,16091.0,19999,0.0,3909,16091
40000,18,32149.0,39999,0.0,7851,32149
60000,18,48165.0,59999,0.0,11835,48165
80000,18,64185.0,79999,0.0,15815,64185
100000,18,80167.0,99999,0.0,19833,80167
200000,18,160055.0,199999,0.0,39945,160055
400000,18,319936.0,399999,0.0,80064,319936
600000,18,479940.0,599999,0.0,120060,479940
800000,18,640197.0,799999,0.0,159803,640197
1000000,18,800225.0,999999,0.0,199775,800225
2,19,2.0,1,0.0,0,2
3,19,2.0,1,0.0,1,2
100,19,84.0,98,0.0,16,84
200,19,163.0,198,0.0,37,163
2000,19,1592.0,1998,0.0,408,1592
10000,19,7915.0,9998,0.0,2085,7915
20000,19,15952.0,19998,0.0,4048,15952
40000,19,32005.0,39998,0.0,7995,32005
60000,19,47910.0,59998,0.0,12090,47910
80000,19,63910.0,79998,0.0,16090,63910
100000,19,79906.0,99998,0.0,20094,79906
200000,19,159903.0,199998,0.0,40097,159903
400000,19,319642.0,399998,0.0,80358,319642
600000,19,479797.0,599998,0.0,120203,479797
800000,19,639839.0,799998,0.0,160161,639839
1000000,19,799776.0,999998,0.0,200224,799776
2,20,2.0,1,0.0,0,2
3,20,2.0,1,0.0,1,2
100,20,79.0,4,0.0,21,79
200,20,148.0,4,0.0,52,148
2000,20,1583.0,4,0.0,417,1583
10000,20,7939.0,4,0.0,2061,7939
20000,20,15959.0,4,0.0,4041,15959
40000,20,31978.0,4,0.0,8022,31978
60000,20,48087.0,4,0.0,11913,48087
80000,20,64132.0,4,0.0,15868,64132
100000,20,80090.0,4,0.0,19910,80090
200000,20,160056.0,4,0.0,39944,160056
400000,20,320295.0,4,0.0,79705,320295
600000,20,480300.0,4,0.0,119700,480300
800000,20,640201.0,4,0.0,159799,640201
1000000,20,800151.0,4,0.0,199849,800151
2,21,2.0,1,0.0,0,2
3,21,3.0,1,0.0,0,3
100,21,82.0,97,0.0,18,82
200,21,160.0,197,0.0,40,160
2000,21,1597.0,1997,0.0,403,1597
10000,21,8017.0,9997,0.0,1983,8017
20000,21,16069.0,19997,0.0,3931,16069
40000,21,32089.0,39997,0.0,7911,32089
60000,21,48055.0,59997,0.0,11945,48055
80000,21,64124.0,79997,0.0,15876,64124
100000,21,80154.0,99997,0.0,19846,80154
200000,21,160239.0,199997,0.0,39761,160239
400000,21,320223.0,399997,0.0,79777,320223
600000,21,480338.0,599997,0.0,119662,480338
800000,21,640538.0,799997,0.0,159462,640538
1000000,21,800596.0,999997,0.0,199404,800596
2,22,2.0,1,0.0,0,2
3,22,3.0,1,0.0,0,3
100,22,80.0,50,0.0,20,80
200,22,160.0,100,0.0,40,160
2000,22,1600.0,1000,0.0,400,1600
10000,22,8031.0,5000,0.0,1969,8031
20000,22,16020.0,10000,0.0,3980,16020
40000,22,31961.0,20000,0.0,8039,31961
60000,22,48018.0,30000,0.0,11982,48018
80000,22,64050.0,40000,0.0,15950,64050
100000,22,80139.0,50000,0.0,19861,80139
200000,22,160354.0,100000,0.0,39646,160354
400000,22,320333.0,200000,0.0,79667,320333
600000,22,480316.0,300000,0.0,119684,480316
800000,22,640605.0,400000,0.0,159395,640605
1000000,22,800515.0,500000,0.0,199485,800515
2,23,2.0,1,0.0,0,2
3,23,2.0,1,0.0,1,2
100,23,82.0,98,0.0,18,82
200,23,163.0,198,0.0,37,163
2000,23,1623.0,1998,0.0,377,1623
10000,23,8035.0,9998,0.0,1965,8035
20000,23,16026.0,19998,0.0,3974,16026
40000,23,32089.0,39998,0.0,7911,32089
60000,23,48138.0,59998,0.0,11862,48138
80000,23,64151.0,79998,0.0,15849,64151
100000,23,80205.0,99998,0.0,19795,80205
200000,23,160167.0,199998,0.0,39833,160167
400000,23,320090.0,399998,0.0,79910,320090
600000,23,479945.0,599998,0.0,120055,479945
800000,23,639748.0,799998,0.0,160252,639748
1000000,23,799790.0,999998,0.0,200210,799790
2,24,2.0,1,0.0,0,2
3,24,3.0,1,0.0,0,3
100,24,81.0,97,0.0,19,81
200,24,167.0,197,0.0,33,167
2000,24,1611.0,1997,0.0,389,1611
10000,24,7992.0,9997,0.0,2008,7992
20000,24,16077.0,19997,0.0,3923,16077
40000,24,32157.0,39997,0.0,7843,32157
60000,24,48228.0,59997,0.0,11772,48228
80000,24,64135.0,79997,0.0,15865,64135
100000,24,80237.0,99997,0.0,19763,80237
200000,24,160211.0,199997,0.0,39789,160211
400000,24,320035.0,399997,0.0,79965,320035
600000,24,480403.0,599997,0.0,119597,480403
800000,24,640367.0,799997,0.0,159633,640367
1000000,24,800336.0,999997,0.0,199664,800336
2,25,1.0,1,0.0,1,1
3,25,2.0,2,0.0,1,2
100,25,79.0,99,0.0,21,79
200,25,156.0,199,0.0,44,156
2000,25,1579.0,1999,0.0,421,1579
10000,25,8018.0,9999,0.0,1982,8018
20000,25,15994.0,19999,0.0,4006,15994
40000,25,32018.0,39999,0.0,7982,32018
60000,25,47993.0,59999,0.0,12007,47993
80000,25,63979.0,79999,0.0,16021,63979
100000,25,80045.0,99999,0.0,19955,80045
200000,25,159874.0,199999,0.0,40126,159874
400000,25,319731.0,399999,0.0,80269,319731
600000,25,479746.0,599999,0.0,120254,479746
800000,25,639853.0,799999,0.0,160147,639853
1000000,25,799836.0,999999,0.0,200164,799836
2,26,2.0,1,0.0,0,2
3,26,3.0,1,0.0,0,3
100,26,80.0,97,0.0,20,80
200,26,163.0,197,0.0,37,163
2000,26,1602.0,1997,0.0,398,1602
10000,26,8053.0,9997,0.0,1947,8053
20000,26,16028.0,19997,0.0,3972,16028
40000,26,32018.0,39997,0.0,7982,32018
60000,26,48018.0,59997,0.0,11982,48018
80000,26,64046.0,79997,0.0,15954,64046
100000,26,80047.0,99997,0.0,19953,80047
200000,26,160170.0,199997,0.0,39830,160170
400000,26,320484.0,399997,0.0,79516,320484
600000,26,480795.0,599997,0.0,119205,480795
800000,26,640768.0,799997,0.0,159232,640768
1000000,26,801089.0,999997,0.0,198911,801089
2,27,2.0,1,0.0,0,2
3,27,3.0,1,0.0,0,3
100,27,85.0,2,0.0,15,85
200,27,167.0,2,0.0,33,167
2000,27,1616.0,2,0.0,384,1616
10000,27,8050.0,2,0.0,1950,8050
20000,27,16027.0,2,0.0,3973,16027
40000,27,31920.0,2,0.0,8080,31920
60000,27,47993.0,2,0.0,12007,47993
80000,27,63949.0,2,0.0,16051,63949
100000,27,79860.0,2,0.0,20140,79860
200000,27,159749.0,2,0.0,40251,159749
400000,27,319326.0,2,0.0,80674,319326
600000,27,479473.0,2,0.0,120527,479473
800000,27,639803.0,2,0.0,160197,639803
1000000,27,799329.0,2,0.0,200671,799329
2,28,2.0,1,0.0,0,2
3,28,3.0,1,0.0,0,3
100,28,77.0,2,0.0,23,77
200,28,163.0,2,0.0,37,163
2000,28,1619.0,2,0.0,381,1619
10000,28,8013.0,2,0.0,1987,8013
20000,28,16005.0,2,0.0,3995,16005
40000,28,31981.0,2,0.0,8019,31981
60000,28,47926.0,2,0.0,12074,47926
80000,28,63932.0,2,0.0,16068,63932
100000,28,79834.0,2,0.0,20166,79834
200000,28,159894.0,2,0.0,40106,159894
400000,28,319795.0,2,0.0,80205,319795
600000,28,479735.0,2,0.0,120265,479735
800000,28,639862.0,2,0.0,160138,639862
1000000,28,799735.0,2,0.0,200265,799735
2,29,2.0,1,0.0,0,2
3,29,3.0,1,0.0,0,3
100,29,86.0,96,0.0,14,86
200,29,161.0,196,0.0,39,161
2000,29,1611.0,1996,0.0,389,1611
10000,29,8056.0,9996,0.0,1944,8056
20000,29,16048.0,19996,0.0,3952,16048
40000,29,31994.0,39996,0.0,8006,31994
60000,29,47975.0,59996,0.0,12025,47975
80000,29,63913.0,79996,0.0,16087,63913
100000,29,79922.0,99996,0.0,20078,79922
200000,29,159793.0,199996,0.0,40207,159793
400000,29,320169.0,399996,0.0,79831,320169
600000,29,479973.0,599996,0.0,120027,479973
800000,29,639930.0,799996,0.0,160070,639930
1000000,29,799635.0,999996,0.0,200365,799635
2,30,2.0,1,0.0,0,2
3,30,3.0,1,0.0,0,3
100,30,78.0,2,0.0,22,78
200,30,156.0,2,0.0,44,156
2000,30,1583.0,2,0.0,417,1583
10000,30,7961.0,2,0.0,2039,7961
20000,30,15910.0,2,0.0,4090,15910
40000,30,31933.0,2,0.0,8067,31933
60000,30,47931.0,2,0.0,12069,47931
80000,30,63933.0,2,0.0,16067,63933
100000,30,79890.0,2,0.0,20110,79890
200000,30,159726.0,2,0.0,40274,159726
400000,30,319899.0,2,0.0,80101,319899
600000,30,479915.0,2,0.0,120085,479915
800000,30,639687.0,2,0.0,160313,639687
1000000,30,799449.0,2,0.0,200551,799449
2,31,2.0,1,0.0,0,2
3,31,3.0,1,0.0,0,3
100,31,86.0,3,0.0,14,86
200,31,170.0,3,0.0,30,170
2000,31,1624.0,3,0.0,376,1624
10000,31,8020.0,3,0.0,1980,8020
20000,31,16049.0,3,0.0,3951,16049
40000,31,32017.0,3,0.0,7983,32017
60000,31,47953.0,3,0.0,12047,47953
80000,31,63994.0,3,0.0,16006,63994
100000,31,79987.0,3,0.0,20013,79987
200000,31,160050.0,3,0.0,39950,160050
400000,31,319848.0,3,0.0,80152,319848
600000,31,479778.0,3,0.0,120222,479778
800000,31,639703.0,3,0.0,160297,639703
1000000,31,799768.0,3,0.0,200232,799768
2,32,2.0,1,0.0,0,2
3,32,3.0,1,0.0,0,3
100,32,74.0,4,0.0,26,74
200,32,159.0,4,0.0,41,159
2000,32,1596.0,4,0.0,404,1596
10000,32,8025.0,4,0.0,1975,8025
20000,32,15976.0,4,0.0,4024,15976
40000,32,31958.0,4,0.0,8042,31958
60000,32,47928.0,4,0.0,12072,47928
80000,32,63894.0,4,0.0,16106,63894
100000,32,80005.0,4,0.0,19995,80005
200000,32,159891.0,4,0.0,40109,159891
400000,32,319963.0,4,0.0,80037,319963
600000,32,479814.0,4,0.0,120186,479814
800000,32,639690.0,4,0.0,160310,639690
1000000,32,799542.0,4,0.0,200458,799542
2,33,2.0,1,0.0,0,2
3,33,3.0,1,0.0,0,3
100,33,78.0,3,0.0,22,78
200,33,157.0,3,0.0,43,157
2000,33,1577.0,3,0.0,423,1577
10000,33,7942.0,3,0.0,2058,7942
20000,33,15902.0,3,0.0,4098,15902
40000,33,31887.0,3,0.0,8113,31887
60000,33,47985.0,3,0.0,12015,47985
80000,33,63971.0,3,0.0,16029,63971
100000,33,80062.0,3,0.0,19938,80062
200000,33,160302.0,3,0.0,39698,160302
400000,33,320268.0,3,0.0,79732,320268
600000,33,480577.0,3,0.0,119423,480577
800000,33,640553.0,3,0.0,159447,640553
1000000,33,800231.0,3,0.0,199769,800231
2,34,1.0,1,0.0,1,1
3,34,1.0,2,0.0,2,1
100,34,76.0,99,0.0,24,76
200,34,154.0,199,0.0,46,154
2000,34,1598.0,1999,0.0,402,1598
10000,34,7978.0,9999,0.0,2022,7978
20000,34,16028.0,19999,0.0,3972,16028
40000,34,31962.0,39999,0.0,8038,31962
60000,34,47971.0,59999,0.0,12029,47971
80000,34,63973.0,79999,0.0,16027,63973
100000,34,79983.0,99999,0.0,20017,79983
200000,34,160137.0,199999,0.0,39863,160137
400000,34,320362.0,399999,0.0,79638,320362
600000,34,480374.0,599999,0.0,119626,480374
800000,34,640483.0,799999,0.0,159517,640483
1000000,34,800609.0,999999,0.0,199391,800609
2,35,1.0,1,0.0,1,1
3,35,2.0,1,0.0,1,2
100,35,82.0,1,0.0,18,82
200,35,166.0,1,0.0,34,166
2000,35,1598.0,1,0.0,402,1598
10000,35,7981.0,1,0.0,2019,7981
20000,35,15990.0,1,0.0,4010,15990
40000,35,31951.0,1,0.0,8049,31951
60000,35,47922.0,1,0.0,12078,47922
80000,35,64016.0,1,0.0,15984,64016
100000,35,79996.0,1,0.0,20004,79996
200000,35,160269.0,1,0.0,39731,160269
400000,35,320456.0,1,0.0,79544,320456
600000,35,480403.0,1,0.0,119597,480403
800000,35,640562.0,1,0.0,159438,640562
1000000,35,800573.0,1,0.0,199427,800573
2,36,2.0,1,0.0,0,2
3,36,3.0,1,0.0,0,3
100,36,75.0,2,0.0,25,75
200,36,153.0,2,0.0,47,153
2000,36,1586.0,2,0.0,414,1586
10000,36,7948.0,2,0.0,2052,7948
20000,36,15961.0,2,0.0,4039,15961
40000,36,32019.0,2,0.0,7981,32019
60000,36,47985.0,2,0.0,12015,47985
80000,36,63938.0,2,0.0,16062,63938
100000,36,79996.0,2,0.0,20004,79996
200000,36,159898.0,2,0.0,40102,159898
400000,36,320044.0,2,0.0,79956,320044
600000,36,479873.0,2,0.0,120127,479873
800000,36,639915.0,2,0.0,160085,639915
1000000,36,800077.0,2,0.0,199923,800077
2,37,1.0,1,0.0,1,1
3,37,2.0,1,0.0,1,2
100,37,79.0,1,0.0,21,79
200,37,159.0,1,0.0,41,159
2000,37,1637.0,1,0.0,363,1637
10000,37,8070.0,1,0.0,1930,8070
20000,37,16064.0,1,0.0,3936,16064
40000,37,31945.0,1,0.0,8055,31945
60000,37,47939.0,1,0.0,12061,47939
80000,37,63996.0,1,0.0,16004,63996
100000,37,80066.0,1,0.0,19934,80066
200000,37,160040.0,1,0.0,39960,160040
400000,37,320237.0,1,0.0,79763,320237
600000,37,480315.0,1,0.0,119685,480315
800000,37,640304.0,1,0.0,159696,640304
1000000,37,800258.0,1,0.0,199742,800258
2,38,1.0,1,0.0,1,1
3,38,2.0,2,0.0,1,2
100,38,81.0,99,0.0,19,81
200,38,166.0,199,0.0,34,166
2000,38,1605.0,1999,0.0,395,1605
10000,38,8030.0,9999,0.0,1970,8030
20000,38,16020.0,19999,0.0,3980,16020
40000,38,32020.0,39999,0.0,7980,32020
60000,38,47985.0,59999,0.0,12015,47985
80000,38,63941.0,79999,0.0,16059,63941
100000,38,79976.0,99999,0.0,20024,79976
200000,38,159925.0,199999,0.0,40075,159925
400000,38,320014.0,399999,0.0,79986,320014
600000,38,480021.0,599999,0.0,119979,480021
800000,38,640216.0,799999,0.0,159784,640216
1000000,38,800187.0,999999,0.0,199813,800187
2,39,2.0,1,0.0,0,2
3,39,3.0,1,0.0,0,3
100,39,76.0,95,0.0,24,76
200,39,155.0,195,0.0,45,155
2000,39,1598.0,1995,0.0,402,1598
10000,39,7989.0,9995,0.0,2011,7989
20000,39,16028.0,19995,0.0,3972,16028
40000,39,31968.0,39995,0.0,8032,31968
60000,39,47905.0,59995,0.0,12095,47905
80000,39,63888.0,79995,0.0,16112,63888
100000,39,79932.0,99995,0.0,20068,79932
200000,39,159999.0,199995,0.0,40001,159999
400000,39,319837.0,399995,0.0,80163,319837
600000,39,480067.0,599995,0.0,119933,480067
800000,39,640207.0,799995,0.0,159793,640207
1000000,39,800270.0,999995,0.0,199730,800270
2,40,1.0,1,0.0,1,1
3,40,2.0,2,0.0,1,2
100,40,82.0,99,0.0,18,82
200,40,164.0,199,0.0,36,164
2000,40,1620.0,1999,0.0,380,1620
10000,40,8092.0,9999,0.0,1908,8092
20000,40,16162.0,19999,0.0,3838,16162
40000,40,32096.0,39999,0.0,7904,32096
60000,40,48112.0,59999,0.0,11888,48112
80000,40,64109.0,79999,0.0,15891,64109
100000,40,80174.0,99999,0.0,19826,80174
200000,40,160381.0,199999,0.0,39619,160381
400000,40,320420.0,399999,0.0,79580,320420
600000,40,480395.0,599999,0.0,119605,480395
800000,40,640516.0,799999,0.0,159484,640516
1000000,40,800764.0,999999,0.0,199236,800764
2,41,2.0,1,0.0,0,2
3,41,3.0,1,0.0,0,3
100,41,80.0,4,0.0,20,80
200,41,152.0,4,0.0,48,152
2000,41,1587.0,4,0.0,413,1587
10000,41,7961.0,4,0.0,2039,7961
20000,41,16044.0,4,0.0,3956,16044
40000,41,32035.0,4,0.0,7965,32035
60000,41,47969.0,4,0.0,12031,47969
80000,41,63929.0,4,0.0,16071,63929
100000,41,80002.0,4,0.0,19998,80002
200000,41,159916.0,4,0.0,40084,159916
400000,41,319939.0,4,0.0,80061,319939
600000,41,479828.0,4,0.0,120172,479828
800000,41,639950.0,4,0.0,160050,639950
1000000,41,800019.0,4,0.0,199981,800019
2,42,0.0,1,0.0,2,0
3,42,1.0,1,0.0,2,1
100,42,74.0,93,0.0,26,74
200,42,149.0,193,0.0,51,149
2000,42,1588.0,1993,0.0,412,1588
10000,42,8023.0,9993,0.0,1977,8023
20000,42,16023.0,19993,0.0,3977,16023
40000,42,32003.0,39993,0.0,7997,32003
60000,42,47905.0,59993,0.0,12095,47905
80000,42,63867.0,79993,0.0,16133,63867
100000,42,79882.0,99993,0.0,20118,79882
200000,42,159996.0,199993,0.0,40004,159996
400000,42,319737.0,399993,0.0,80263,319737
600000,42,479752.0,599993,0.0,120248,479752
800000,42,639787.0,799993,0.0,160213,639787
1000000,42,799773.0,999993,0.0,200227,799773
2,43,2.0,1,0.0,0,2
3,43,3.0,1,0.0,0,3
100,43,80.0,97,0.0,20,80
200,43,158.0,197,0.0,42,158
2000,43,1591.0,1997,0.0,409,1591
10000,43,7994.0,9997,0.0,2006,7994
20000,43,16005.0,19997,0.0,3995,16005
40000,43,32028.0,39997,0.0,7972,32028
60000,43,48082.0,59997,0.0,11918,48082
80000,43,64157.0,79997,0.0,15843,64157
100000,43,80055.0,99997,0.0,19945,80055
200000,43,159976.0,199997,0.0,40024,159976
400000,43,320199.0,399997,0.0,79801,320199
600000,43,480343.0,599997,0.0,119657,480343
800000,43,640230.0,799997,0.0,159770,640230
1000000,43,800272.0,999997,0.0,199728,800272
2,44,2.0,1,0.0,0,2
3,44,3.0,1,0.0,0,3
100,44,85.0,3,0.0,15,85
200,44,160.0,3,0.0,40,160
2000,44,1586.0,3,0.0,414,1586
10000,44,8045.0,3,0.0,1955,8045
20000,44,15985.0,3,0.0,4015,15985
40000,44,32030.0,3,0.0,7970,32030
60000,44,47963.0,3,0.0,12037,47963
80000,44,64040.0,3,0.0,15960,64040
100000,44,80023.0,3,0.0,19977,80023
200000,44,160394.0,3,0.0,39606,160394
400000,44,320776.0,3,0.0,79224,320776
600000,44,480683.0,3,0.0,119317,480683
800000,44,640470.0,3,0.0,159530,640470
1000000,44,800633.0,3,0.0,199367,800633
2,45,1.0,1,0.0,1,1
3,45,2.0,2,0.0,1,2
100,45,76.0,99,0.0,24,76
200,45,157.0,199,0.0,43,157
2000,45,1595.0,1999,0.0,405,1595
10000,45,7939.0,9999,0.0,2061,7939
20000,45,15959.0,19999,0.0,4041,15959
40000,45,31957.0,39999,0.0,8043,31957
60000,45,47970.0,59999,0.0,12030,47970
80000,45,63969.0,79999,0.0,16031,63969
100000,45,80056.0,99999,0.0,19944,80056
200000,45,160053.0,199999,0.0,39947,160053
400000,45,320105.0,399999,0.0,79895,320105
600000,45,480293.0,599999,0.0,119707,480293
800000,45,640207.0,799999,0.0,159793,640207
1000000,45,800165.0,999999,0.0,199835,800165
2,46,2.0,1,0.0,0,2
3,46,3.0,1,0.0,0,3
100,46,84.0,50,0.0,16,84
200,46,166.0,100,0.0,34,166
2000,46,1599.0,1000,0.0,401,1599
10000,46,7925.0,5000,0.0,2075,7925
20000,46,15990.0,10000,0.0,4010,15990
40000,46,31913.0,20000,0.0,8087,31913
60000,46,47915.0,30000,0.0,12085,47915
80000,46,63874.0,40000,0.0,16126,63874
100000,46,79858.0,50000,0.0,20142,79858
200000,46,159901.0,100000,0.0,40099,159901
400000,46,319724.0,200000,0.0,80276,319724
600000,46,479812.0,300000,0.0,120188,479812
800000,46,639594.0,400000,0.0,160406,639594
1000000,46,799574.0,500000,0.0,200426,799574
2,47,2.0,1,0.0,0,2
3,47,3.0,1,0.0,0,3
100,47,80.0,97,0.0,20,80
200,47,153.0,197,0.0,47,153
2000,47,1555.0,1997,0.0,445,1555
10000,47,7986.0,9997,0.0,2014,7986
20000,47,15993.0,19997,0.0,4007,15993
40000,47,32061.0,39997,0.0,7939,32061
60000,47,47972.0,59997,0.0,12028,47972
80000,47,63965.0,79997,0.0,16035,63965
100000,47,80086.0,99997,0.0,19914,80086
200000,47,160036.0,199997,0.0,39964,160036
400000,47,319817.0,399997,0.0,80183,319817
600000,47,479481.0,599997,0.0,120519,479481
800000,47,639425.0,799997,0.0,160575,639425
1000000,47,799321.0,999997,0.0,200679,799321
2,48,1.0,1,0.0,1,1
3,48,2.0,2,0.0,1,2
100,48,80.0,99,0.0,20,80
200,48,158.0,199,0.0,42,158
2000,48,1577.0,1999,0.0,423,1577
10000,48,7952.0,9999,0.0,2048,7952
20000,48,15958.0,19999,0.0,4042,15958
40000,48,32049.0,39999,0.0,7951,32049
60000,48,48081.0,59999,0.0,11919,48081
80000,48,64155.0,79999,0.0,15845,64155
100000,48,80143.0,99999,0.0,19857,80143
200000,48,160200.0,199999,0.0,39800,160200
400000,48,320164.0,399999,0.0,79836,320164
600000,48,480054.0,599999,0.0,119946,480054
800000,48,640001.0,799999,0.0,159999,640001
1000000,48,799932.0,999999,0.0,200068,799932
2,49,2.0,1,0.0,0,2
3,49,3.0,1,0.0,0,3
100,49,82.0,6,0.0,18,82
200,49,159.0,6,0.0,41,159
2000,49,1598.0,6,0.0,402,1598
10000,49,8000.0,6,0.0,2000,8000
20000,49,15992.0,6,0.0,4008,15992
40000,49,31980.0,6,0.0,8020,31980
60000,49,47962.0,6,0.0,12038,47962
80000,49,63873.0,6,0.0,16127,63873
100000,49,79794.0,6,0.0,20206,79794
200000,49,159847.0,6,0.0,40153,159847
400000,49,319859.0,6,0.0,80141,319859
600000,49,480313.0,6,0.0,119687,480313
800000,49,640223.0,6,0.0,159777,640223
1000000,49,800301.0,6,0.0,199699,800301
2,50,2.0,1,0.0,0,2
3,50,3.0,1,0.0,0,3
100,50,72.0,2,0.0,28,72
200,50,153.0,2,0.0,47,153
2000,50,1583.0,2,0.0,417,1583
10000,50,7918.0,2,0.0,2082,7918
20000,50,15931.0,2,0.0,4069,15931
40000,50,31867.0,2,0.0,8133,31867
60000,50,47885.0,2,0.0,12115,47885
80000,50,63896.0,2,0.0,16104,63896
100000,50,79840.0,2,0.0,20160,79840
200000,50,159997.0,2,0.0,40003,159997
400000,50,320033.0,2,0.0,79967,320033
600000,50,479878.0,2,0.0,120122,479878
800000,50,639988.0,2,0.0,160012,639988
1000000,50,799815.0,2,0.0,200185,799815
2,51,2.0,1,0.0,0,2
3,51,3.0,1,0.0,0,3
100,51,83.0,4,0.0,17,83
200,51,164.0,4,0.0,36,164
2000,51,1655.0,4,0.0,345,1655
10000,51,8037.0,4,0.0,1963,8037
20000,51,16065.0,4,0.0,3935,16065
40000,51,32130.0,4,0.0,7870,32130
60000,51,48171.0,4,0.0,11829,48171
80000,51,64266.0,4,0.0,15734,64266
100000,51,80219.0,4,0.0,19781,80219
200000,51,160196.0,4,0.0,39804,160196
400000,51,320168.0,4,0.0,79832,320168
600000,51,480090.0,4,0.0,119910,480090
800000,51,640040.0,4,0.0,159960,640040
1000000,51,800123.0,4,0.0,199877,800123
2,52,2.0,1,0.0,0,2
3,52,2.0,1,0.0,1,2
100,52,82.0,4,0.0,18,82
200,52,155.0,4,0.0,45,155
2000,52,1587.0,4,0.0,413,1587
10000,52,8008.0,4,0.0,1992,8008
20000,52,15960.0,4,0.0,4040,15960
40000,52,31975.0,4,0.0,8025,31975
60000,52,47978.0,4,0.0,12022,47978
80000,52,64083.0,4,0.0,15917,64083
100000,52,80057.0,4,0.0,19943,80057
200000,52,159851.0,4,0.0,40149,159851
400000,52,319756.0,4,0.0,80244,319756
600000,52,479716.0,4,0.0,120284,479716
800000,52,639838.0,4,0.0,160162,639838
1000000,52,799695.0,4,0.0,200305,799695
2,53,2.0,1,0.0,0,2
3,53,3.0,1,0.0,0,3
100,53,86.0,97,0.0,14,86
200,53,168.0,197,0.0,32,168
2000,53,1623.0,1997,0.0,377,1623
10000,53,8063.0,9997,0.0,1937,8063
20000,53,16101.0,19997,0.0,3899,16101
40000,53,31996.0,39997,0.0,8004,31996
60000,53,47931.0,59997,0.0,12069,47931
80000,53,63869.0,79997,0.0,16131,63869
100000,53,79812.0,99997,0.0,20188,79812
200000,53,159989.0,199997,0.0,40011,159989
400000,53,319849.0,399997,0.0,80151,319849
600000,53,479563.0,599997,0.0,120437,479563
800000,53,639328.0,799997,0.0,160672,639328
1000000,53,799512.0,999997,0.0,200488,799512
2,54,1.0,1,0.0,1,1
3,54,2.0,1,0.0,1,2
100,54,80.0,1,0.0,20,80
200,54,161.0,1,0.0,39,161
2000,54,1607.0,1,0.0,393,1607
10000,54,8008.0,1,0.0,1992,8008
20000,54,15959.0,1,0.0,4041,15959
40000,54,31996.0,1,0.0,8004,31996
60000,54,47994.0,1,0.0,12006,47994
80000,54,63929.0,1,0.0,16071,63929
100000,54,79952.0,1,0.0,20048,79952
200000,54,159900.0,1,0.0,40100,159900
400000,54,319907.0,1,0.0,80093,319907
600000,54,479889.0,1,0.0,120111,479889
800000,54,640278.0,1,0.0,159722,640278
1000000,54,800230.0,1,0.0,199770,800230
2,55,2.0,1,0.0,0,2
3,55,2.0,1,0.0,1,2
100,55,73.0,98,0.0,27,73
200,55,153.0,198,0.0,47,153
2000,55,1586.0,1998,0.0,414,1586
10000,55,7989.0,9998,0.0,2011,7989
20000,55,16019.0,19998,0.0,3981,16019
40000,55,31976.0,39998,0.0,8024,31976
60000,55,47926.0,59998,0.0,12074,47926
80000,55,63843.0,79998,0.0,16157,63843
100000,55,79794.0,99998,0.0,20206,79794
200000,55,159697.0,199998,0.0,40303,159697
400000,55,319742.0,399998,0.0,80258,319742
600000,55,479966.0,599998,0.0,120034,479966
800000,55,640138.0,799998,0.0,159862,640138
1000000,55,800374.0,999998,0.0,199626,800374
2,56,1.0,1,0.0,1,1
3,56,2.0,2,0.0,1,2
100,56,77.0,99,0.0,23,77
200,56,163.0,199,0.0,37,163
2000,56,1607.0,1999,0.0,393,1607
10000,56,7975.0,9999,0.0,2025,7975
20000,56,15954.0,19999,0.0,4046,15954
40000,56,31911.0,39999,0.0,8089,31911
60000,56,47851.0,59999,0.0,12149,47851
80000,56,63841.0,79999,0.0,16159,63841
100000,56,79843.0,99999,0.0,20157,79843
200000,56,160048.0,199999,0.0,39952,160048
400000,56,320242.0,399999,0.0,79758,320242
600000,56,480219.0,599999,0.0,119781,480219
800000,56,640490.0,799999,0.0,159510,640490
1000000,56,800484.0,999999,0.0,199516,800484
2,57,0.0,1,0.0,2,0
3,57,1.0,1,0.0,2,1
100,57,71.0,4,0.0,29,71
200,57,157.0,4,0.0,43,157
2000,57,1597.0,4,0.0,403,1597
10000,57,8034.0,4,0.0,1966,8034
20000,57,16141.0,4,0.0,3859,16141
40000,57,32130.0,4,0.0,7870,32130
60000,57,48071.0,4,0.0,11929,48071
80000,57,64023.0,4,0.0,15977,64023
100000,57,80002.0,4,0.0,19998,80002
200000,57,159999.0,4,0.0,40001,159999
400000,57,319802.0,4,0.0,80198,319802
600000,57,479831.0,4,0.0,120169,479831
800000,57,639714.0,4,0.0,160286,639714
1000000,57,799666.0,4,0.0,200334,799666
2,58,2.0,1,0.0,0,2
3,58,3.0,1,0.0,0,3
100,58,70.0,4,0.0,30,70
200,58,149.0,4,0.0,51,149
2000,58,1581.0,4,0.0,419,1581
10000,58,8015.0,4,0.0,1985,8015
20000,58,16037.0,4,0.0,3963,16037
40000,58,31999.0,4,0.0,8001,31999
60000,58,48022.0,4,0.0,11978,48022
80000,58,64020.0,4,0.0,15980,64020
100000,58,79983.0,4,0.0,20017,79983
200000,58,160081.0,4,0.0,39919,160081
400000,58,319857.0,4,0.0,80143,319857
600000,58,479572.0,4,0.0,120428,479572
800000,58,639393.0,4,0.0,160607,639393
1000000,58,799781.0,4,0.0,200219,799781
2,59,1.0,1,0.0,1,1
3,59,2.0,2,0.0,1,2
100,59,73.0,99,0.0,27,73
200,59,145.0,199,0.0,55,145
2000,59,1608.0,1999,0.0,392,1608
10000,59,7999.0,9999,0.0,2001,7999
20000,59,15967.0,19999,0.0,4033,15967
40000,59,32022.0,39999,0.0,7978,32022
60000,59,47971.0,59999,0.0,12029,47971
80000,59,63913.0,79999,0.0,16087,63913
100000,59,79963.0,99999,0.0,20037,79963
200000,59,159849.0,199999,0.0,40151,159849
400000,59,320082.0,399999,0.0,79918,320082
600000,59,480195.0,599999,0.0,119805,480195
800000,59,640078.0,799999,0.0,159922,640078
1000000,59,799892.0,999999,0.0,200108,799892
2,60,1.0,1,0.0,1,1
3,60,2.0,2,0.0,1,2
100,60,76.0,99,0.0,24,76
200,60,148.0,199,0.0,52,148
2000,60,1577.0,1999,0.0,423,1577
10000,60,7947.0,9999,0.0,2053,7947
20000,60,16029.0,19999,0.0,3971,16029
40000,60,31978.0,39999,0.0,8022,31978
60000,60,47954.0,59999,0.0,12046,47954
80000,60,63957.0,79999,0.0,16043,63957
100000,60,79999.0,99999,0.0,20001,79999
200000,60,159998.0,199999,0.0,40002,159998
400000,60,320375.0,399999,0.0,79625,320375
600000,60,480224.0,599999,0.0,119776,480224
800000,60,640320.0,799999,0.0,159680,640320
1000000,60,800370.0,999999,0.0,199630,800370
2,61,1.0,1,0.0,1,1
3,61,2.0,2,0.0,1,2
100,61,77.0,99,0.0,23,77
200,61,163.0,199,0.0,37,163
2000,61,1618.0,1999,0.0,382,1618
10000,61,7978.0,9999,0.0,2022,7978
20000,61,16038.0,19999,0.0,3962,16038
40000,61,32111.0,39999,0.0,7889,32111
60000,61,48031.0,59999,0.0,11969,48031
80000,61,64023.0,79999,0.0,15977,64023
100000,61,80058.0,99999,0.0,19942,80058
200000,61,159876.0,199999,0.0,40124,159876
400000,61,319785.0,399999,0.0,80215,319785
600000,61,479659.0,599999,0.0,120341,479659
800000,61,639922.0,799999,0.0,160078,639922
1000000,61,799797.0,999999,0.0,200203,799797
2,62,2.0,1,0.0,0,2
3,62,3.0,1,0.0,0,3
100,62,81.0,4,0.0,19,81
200,62,153.0,4,0.0,47,153
2000,62,1610.0,4,0.0,390,1610
10000,62,7981.0,4,0.0,2019,7981
20000,62,15930.0,4,0.0,4070,15930
40000,62,31934.0,4,0.0,8066,31934
60000,62,47882.0,4,0.0,12118,47882
80000,62,63888.0,4,0.0,16112,63888
100000,62,79764.0,4,0.0,20236,79764
200000,62,159760.0,4,0.0,40240,159760
400000,62,319843.0,4,0.0,80157,319843
600000,62,480030.0,4,0.0,119970,480030
800000,62,639998.0,4,0.0,160002,639998
1000000,62,800003.0,4,0.0,199997,800003
2,63,2.0,1,0.0,0,2
3,63,3.0,1,0.0,0,3
100,63,82.0,97,0.0,18,82
200,63,159.0,197,0.0,41,159
2000,63,1595.0,1997,0.0,405,1595
10000,63,7997.0,9997,0.0,2003,7997
20000,63,15986.0,19997,0.0,4014,15986
40000,63,32052.0,39997,0.0,7948,32052
60000,63,48033.0,59997,0.0,11967,48033
80000,63,64130.0,79997,0.0,15870,64130
100000,63,80169.0,99997,0.0,19831,80169
200000,63,160060.0,199997,0.0,39940,160060
400000,63,320043.0,399997,0.0,79957,320043
600000,63,480131.0,599997,0.0,119869,480131
800000,63,640067.0,799997,0.0,159933,640067
1000000,63,800152.0,999997,0.0,199848,800152
2,64,2.0,1,0.0,0,2
3,64,3.0,1,0.0,0,3
100,64,80.0,2,0.0,20,80
200,64,157.0,2,0.0,43,157
2000,64,1591.0,2,0.0,409,1591
10000,64,8029.0,2,0.0,1971,8029
20000,64,16084.0,2,0.0,3916,16084
40000,64,32122.0,2,0.0,7878,32122
60000,64,48102.0,2,0.0,11898,48102
80000,64,64159.0,2,0.0,15841,64159
100000,64,80189.0,2,0.0,19811,80189
200000,64,159970.0,2,0.0,40030,159970
400000,64,320178.0,2,0.0,79822,320178
600000,64,480330.0,2,0.0,119670,480330
800000,64,640141.0,2,0.0,159859,640141
1000000,64,799946.0,2,0.0,200054,799946
2,65,1.0,1,0.0,1,1
3,65,2.0,1,0.0,1,2
100,65,81.0,1,0.0,19,81
200,65,163.0,1,0.0,37,163
2000,65,1601.0,1,0.0,399,1601
10000,65,8004.0,1,0.0,1996,8004
20000,65,15970.0,1,0.0,4030,15970
40000,65,31917.0,1,0.0,8083,31917
60000,65,47882.0,1,0.0,12118,47882
80000,65,63884.0,1,0.0,16116,63884
100000,65,79813.0,1,0.0,20187,79813
200000,65,159774.0,1,0.0,40226,159774
400000,65,319739.0,1,0.0,80261,319739
600000,65,479360.0,1,0.0,120640,479360
800000,65,639120.0,1,0.0,160880,639120
1000000,65,799216.0,1,0.0,200784,799216
2,66,1.0,1,0.0,1,1
3,66,2.0,2,0.0,1,2
100,66,84.0,99,0.0,16,84
200,66,171.0,199,0.0,29,171
2000,66,1614.0,1999,0.0,386,1614
10000,66,8050.0,9999,0.0,1950,8050
20000,66,16081.0,19999,0.0,3919,16081
40000,66,32125.0,39999,0.0,7875,32125
60000,66,48175.0,59999,0.0,11825,48175
80000,66,64214.0,79999,0.0,15786,64214
100000,66,80154.0,99999,0.0,19846,80154
200000,66,160141.0,199999,0.0,39859,160141
400000,66,320428.0,399999,0.0,79572,320428
600000,66,480508.0,599999,0.0,119492,480508
800000,66,640334.0,799999,0.0,159666,640334
1000000,66,800311.0,999999,0.0,199689,800311
2,67,2.0,1,0.0,0,2
3,67,3.0,1,0.0,0,3
100,67,79.0,94,0.0,21,79
200,67,161.0,194,0.0,39,161
2000,67,1578.0,1994,0.0,422,1578
10000,67,7967.0,9994,0.0,2033,7967
20000,67,16005.0,19994,0.0,3995,16005
40000,67,32082.0,39994,0.0,7918,32082
60000,67,48164.0,59994,0.0,11836,48164
80000,67,64249.0,79994,0.0,15751,64249
100000,67,80350.0,99994,0.0,19650,80350
200000,67,160397.0,199994,0.0,39603,160397
400000,67,320452.0,399994,0.0,79548,320452
600000,67,480521.0,599994,0.0,119479,480521
800000,67,640908.0,799994,0.0,159092,640908
1000000,67,801136.0,999994,0.0,198864,801136
2,68,2.0,1,0.0,0,2
3,68,3.0,1,0.0,0,3
100,68,76.0,3,0.0,24,76
200,68,157.0,3,0.0,43,157
2000,68,1623.0,3,0.0,377,1623
10000,68,8002.0,3,0.0,1998,8002
20000,68,15992.0,3,0.0,4008,15992
40000,68,32063.0,3,0.0,7937,32063
60000,68,47948.0,3,0.0,12052,47948
80000,68,63998.0,3,0.0,16002,63998
100000,68,79947.0,3,0.0,20053,79947
200000,68,159969.0,3,0.0,40031,159969
400000,68,320172.0,3,0.0,79828,320172
600000,68,480461.0,3,0.0,119539,480461
800000,68,640466.0,3,0.0,159534,640466
1000000,68,800320.0,3,0.0,199680,800320
2,69,2.0,1,0.0,0,2
3,69,3.0,1,0.0,0,3
100,69,82.0,96,0.0,18,82
200,69,160.0,196,0.0,40,160
2000,69,1597.0,1996,0.0,403,1597
10000,69,8065.0,9996,0.0,1935,8065
20000,69,16081.0,19996,0.0,3919,16081
40000,69,32099.0,39996,0.0,7901,32099
60000,69,48112.0,59996,0.0,11888,48112
80000,69,64096.0,79996,0.0,15904,64096
100000,69,80121.0,99996,0.0,19879,80121
200000,69,160105.0,199996,0.0,39895,160105
400000,69,319839.0,399996,0.0,80161,319839
600000,69,479879.0,599996,0.0,120121,479879
800000,69,639836.0,799996,0.0,160164,639836
1000000,69,799734.0,999996,0.0,200266,799734
2,70,2.0,1,0.0,0,2
3,70,3.0,1,0.0,0,3
100,70,82.0,2,0.0,18,82
200,70,157.0,2,0.0,43,157
2000,70,1600.0,2,0.0,400,1600
10000,70,8043.0,2,0.0,1957,8043
20000,70,15998.0,2,0.0,4002,15998
40000,70,31986.0,2,0.0,8014,31986
60000,70,47981.0,2,0.0,12019,47981
80000,70,64020.0,2,0.0,15980,64020
100000,70,79969.0,2,0.0,20031,79969
200000,70,159867.0,2,0.0,40133,159867
400000,70,320047.0,2,0.0,79953,320047
600000,70,480053.0,2,0.0,119947,480053
800000,70,640269.0,2,0.0,159731,640269
1000000,70,800398.0,2,0.0,199602,800398
2,71,2.0,1,0.0,0,2
3,71,3.0,1,0.0,0,3
100,71,79.0,2,0.0,21,79
200,71,158.0,2,0.0,42,158
2000,71,1566.0,2,0.0,434,1566
10000,71,7984.0,2,0.0,2016,7984
20000,71,15975.0,2,0.0,4025,15975
40000,71,31949.0,2,0.0,8051,31949
60000,71,47984.0,2,0.0,12016,47984
80000,71,63961.0,2,0.0,16039,63961
100000,71,79795.0,2,0.0,20205,79795
200000,71,160022.0,2,0.0,39978,160022
400000,71,319641.0,2,0.0,80359,319641
600000,71,479785.0,2,0.0,120215,479785
800000,71,639952.0,2,0.0,160048,639952
1000000,71,800004.0,2,0.0,199996,800004
2,72,1.0,1,0.0,1,1
3,72,2.0,2,0.0,1,2
100,72,85.0,99,0.0,15,85
200,72,160.0,199,0.0,40,160
2000,72,1608.0,1999,0.0,392,1608
10000,72,7935.0,9999,0.0,2065,7935
20000,72,15879.0,19999,0.0,4121,15879
40000,72,31881.0,39999,0.0,8119,31881
60000,72,47933.0,59999,0.0,12067,47933
80000,72,63868.0,79999,0.0,16132,63868
100000,72,79811.0,99999,0.0,20189,79811
200000,72,159899.0,199999,0.0,40101,159899
400000,72,319814.0,399999,0.0,80186,319814
600000,72,479766.0,599999,0.0,120234,479766
800000,72,639753.0,799999,0.0,160247,639753
1000000,72,799720.0,999999,0.0,200280,799720
2,73,2.0,1,0.0,0,2
3,73,3.0,1,0.0,0,3
100,73,77.0,8,0.0,23,77
200,73,160.0,8,0.0,40,160
2000,73,1581.0,8,0.0,419,1581
10000,73,8038.0,8,0.0,1962,8038
20000,73,16107.0,8,0.0,3893,16107
40000,73,32141.0,8,0.0,7859,32141
60000,73,48126.0,8,0.0,11874,48126
80000,73,64092.0,8,0.0,15908,64092
100000,73,80109.0,8,0.0,19891,80109
200000,73,159992.0,8,0.0,40008,159992
400000,73,320136.0,8,0.0,79864,320136
600000,73,480367.0,8,0.0,119633,480367
800000,73,640049.0,8,0.0,159951,640049
1000000,73,800007.0,8,0.0,199993,800007
2,74,2.0,1,0.0,0,2
3,74,3.0,1,0.0,0,3
100,74,81.0,5,0.0,19,81
200,74,161.0,5,0.0,39,161
2000,74,1579.0,5,0.0,421,1579
10000,74,7954.0,5,0.0,2046,7954
20000,74,15934.0,5,0.0,4066,15934
40000,74,31879.0,5,0.0,8121,31879
60000,74,47953.0,5,0.0,12047,47953
80000,74,63877.0,5,0.0,16123,63877
100000,74,79904.0,5,0.0,20096,79904
200000,74,159944.0,5,0.0,40056,159944
400000,74,319926.0,5,0.0,80074,319926
600000,74,479633.0,5,0.0,120367,479633
800000,74,639458.0,5,0.0,160542,639458
1000000,74,799691.0,5,0.0,200309,799691
2,75,2.0,1,0.0,0,2
3,75,3.0,1,0.0,0,3
100,75,81.0,94,0.0,19,81
200,75,161.0,194,0.0,39,161
2000,75,1622.0,1994,0.0,378,1622
10000,75,8106.0,9994,0.0,1894,8106
20000,75,16134.0,19994,0.0,3866,16134
40000,75,32006.0,39994,0.0,7994,32006
60000,75,48153.0,59994,0.0,11847,48153
80000,75,64066.0,79994,0.0,15934,64066
100000,75,80075.0,99994,0.0,19925,80075
200000,75,159825.0,199994,0.0,40175,159825
400000,75,319576.0,399994,0.0,80424,319576
600000,75,479421.0,599994,0.0,120579,479421
800000,75,639367.0,799994,0.0,160633,639367
1000000,75,798994.0,999994,0.0,201006,798994
2,76,1.0,1,0.0,1,1
3,76,2.0,1,0.0,1,2
100,76,82.0,1,0.0,18,82
200,76,167.0,1,0.0,33,167
2000,76,1560.0,1,0.0,440,1560
10000,76,7935.0,1,0.0,2065,7935
20000,76,15955.0,1,0.0,4045,15955
40000,76,31974.0,1,0.0,8026,31974
60000,76,48000.0,1,0.0,12000,48000
80000,76,63928.0,1,0.0,16072,63928
100000,76,79925.0,1,0.0,20075,79925
200000,76,159892.0,1,0.0,40108,159892
400000,76,320097.0,1,0.0,79903,320097
600000,76,480066.0,1,0.0,119934,480066
800000,76,640124.0,1,0.0,159876,640124
1000000,76,800312.0,1,0.0,199688,800312
2,77,2.0,1,0.0,0,2
3,77,3.0,1,0.0,0,3
100,77,84.0,50,0.0,16,84
200,77,166.0,100,0.0,34,166
2000,77,1586.0,1000,0.0,414,1586
10000,77,7979.0,5000,0.0,2021,7979
20000,77,16013.0,10000,0.0,3987,16013
40000,77,31988.0,20000,0.0,8012,31988
60000,77,47996.0,30000,0.0,12004,47996
80000,77,63995.0,40000,0.0,16005,63995
100000,77,79982.0,50000,0.0,20018,79982
200000,77,159945.0,100000,0.0,40055,159945
400000,77,319828.0,200000,0.0,80172,319828
600000,77,479780.0,300000,0.0,120220,479780
800000,77,639668.0,400000,0.0,160332,639668
1000000,77,799826.0,500000,0.0,200174,799826
2,78,0.0,1,0.0,2,0
3,78,1.0,1,0.0,2,1
100,78,77.0,96,0.0,23,77
200,78,157.0,196,0.0,43,157
2000,78,1587.0,1996,0.0,413,1587
10000,78,7966.0,9996,0.0,2034,7966
20000,78,15971.0,19996,0.0,4029,15971
40000,78,32034.0,39996,0.0,7966,32034
60000,78,48016.0,59996,0.0,11984,48016
80000,78,64028.0,79996,0.0,15972,64028
100000,78,80021.0,99996,0.0,19979,80021
200000,78,160138.0,199996,0.0,39862,160138
400000,78,320173.0,399996,0.0,79827,320173
600000,78,480231.0,599996,0.0,119769,480231
800000,78,640188.0,799996,0.0,159812,640188
1000000,78,799966.0,999996,0.0,200034,799966
2,79,2.0,1,0.0,0,2
3,79,3.0,1,0.0,0,3
100,79,88.0,96,0.0,12,88
200,79,165.0,196,0.0,35,165
2000,79,1608.0,1996,0.0,392,1608
10000,79,8028.0,9996,0.0,1972,8028
20000,79,16036.0,19996,0.0,3964,16036
40000,79,32018.0,39996,0.0,7982,32018
60000,79,48078.0,59996,0.0,11922,48078
80000,79,64146.0,79996,0.0,15854,64146
100000,79,80094.0,99996,0.0,19906,80094
200000,79,160145.0,199996,0.0,39855,160145
400000,79,320026.0,399996,0.0,79974,320026
600000,79,480106.0,599996,0.0,119894,480106
800000,79,639696.0,799996,0.0,160304,639696
1000000,79,799912.0,999996,0.0,200088,799912
2,80,2.0,1,0.0,0,2
3,80,3.0,1,0.0,0,3
100,80,75.0,2,0.0,25,75
200,80,151.0,2,0.0,49,151
2000,80,1637.0,2,0.0,363,1637
10000,80,8050.0,2,0.0,1950,8050
20000,80,16021.0,2,0.0,3979,16021
40000,80,32068.0,2,0.0,7932,32068
60000,80,48092.0,2,0.0,11908,48092
80000,80,64099.0,2,0.0,15901,64099
100000,80,80158.0,2,0.0,19842,80158
200000,80,160059.0,2,0.0,39941,160059
400000,80,320157.0,2,0.0,79843,320157
600000,80,480098.0,2,0.0,119902,480098
800000,80,640015.0,2,0.0,159985,640015
1000000,80,800223.0,2,0.0,199777,800223
2,81,2.0,1,0.0,0,2
3,81,2.0,1,0.0,1,2
100,81,76.0,98,0.0,24,76
200,81,157.0,198,0.0,43,157
2000,81,1600.0,1998,0.0,400,1600
10000,81,8024.0,9998,0.0,1976,8024
20000,81,16019.0,19998,0.0,3981,16019
40000,81,32088.0,39998,0.0,7912,32088
60000,81,48096.0,59998,0.0,11904,48096
80000,81,64071.0,79998,0.0,15929,64071
100000,81,80115.0,99998,0.0,19885,80115
200000,81,160276.0,199998,0.0,39724,160276
400000,81,319930.0,399998,0.0,80070,319930
600000,81,480093.0,599998,0.0,119907,480093
800000,81,640134.0,799998,0.0,159866,640134
1000000,81,800083.0,999998,0.0,199917,800083
2,82,1.0,1,0.0,1,1
3,82,2.0,1,0.0,1,2
100,82,83.0,1,0.0,17,83
200,82,164.0,1,0.0,36,164
2000,82,1636.0,1,0.0,364,1636
10000,82,8016.0,1,0.0,1984,8016
20000,82,16056.0,1,0.0,3944,16056
40000,82,31953.0,1,0.0,8047,31953
60000,82,48060.0,1,0.0,11940,48060
80000,82,64005.0,1,0.0,15995,64005
100000,82,80003.0,1,0.0,19997,80003
200000,82,160254.0,1,0.0,39746,160254
400000,82,320344.0,1,0.0,79656,320344
600000,82,480235.0,1,0.0,119765,480235
800000,82,640740.0,1,0.0,159260,640740
1000000,82,800896.0,1,0.0,199104,800896
2,83,2.0,1,0.0,0,2
3,83,3.0,1,0.0,0,3
100,83,79.0,95,0.0,21,79
200,83,160.0,195,0.0,40,160
2000,83,1578.0,1995,0.0,422,1578
10000,83,7959.0,9995,0.0,2041,7959
20000,83,15963.0,19995,0.0,4037,15963
40000,83,31940.0,39995,0.0,8060,31940
60000,83,47926.0,59995,0.0,12074,47926
80000,83,63945.0,79995,0.0,16055,63945
100000,83,80002.0,99995,0.0,19998,80002
200000,83,160023.0,199995,0.0,39977,160023
400000,83,320164.0,399995,0.0,79836,320164
600000,83,480288.0,599995,0.0,119712,480288
800000,83,640252.0,799995,0.0,159748,640252
1000000,83,800532.0,999995,0.0,199468,800532
2,84,2.0,1,0.0,0,2
3,84,3.0,1,0.0,0,3
100,84,78.0,3,0.0,22,78
200,84,161.0,3,0.0,39,161
2000,84,1600.0,3,0.0,400,1600
10000,84,7998.0,3,0.0,2002,7998
20000,84,15986.0,3,0.0,4014,15986
40000,84,31944.0,3,0.0,8056,31944
60000,84,47762.0,3,0.0,12238,47762
80000,84,63811.0,3,0.0,16189,63811
100000,84,79818.0,3,0.0,20182,79818
200000,84,159799.0,3,0.0,40201,159799
400000,84,319784.0,3,0.0,80216,319784
600000,84,479672.0,3,0.0,120328,479672
800000,84,639534.0,3,0.0,160466,639534
1000000,84,799779.0,3,0.0,200221,799779
2,85,1.0,1,0.0,1,1
3,85,2.0,2,0.0,1,2
100,85,82.0,99,0.0,18,82
200,85,166.0,199,0.0,34,166
2000,85,1601.0,1999,0.0,399,1601
10000,85,7973.0,9999,0.0,2027,7973
20000,85,15958.0,19999,0.0,4042,15958
40000,85,31893.0,39999,0.0,8107,31893
60000,85,47850.0,59999,0.0,12150,47850
80000,85,63919.0,79999,0.0,16081,63919
100000,85,79924.0,99999,0.0,20076,79924
200000,85,160062.0,199999,0.0,39938,160062
400000,85,319906.0,399999,0.0,80094,319906
600000,85,480047.0,599999,0.0,119953,480047
800000,85,640217.0,799999,0.0,159783,640217
1000000,85,800467.0,999999,0.0,199533,800467
2,86,2.0,1,0.0,0,2
3,86,2.0,1,0.0,1,2
100,86,79.0,98,0.0,21,79
200,86,157.0,198,0.0,43,157
2000,86,1597.0,1998,0.0,403,1597
10000,86,8023.0,9998,0.0,1977,8023
20000,86,16052.0,19998,0.0,3948,16052
40000,86,32154.0,39998,0.0,7846,32154
60000,86,48111.0,59998,0.0,11889,48111
80000,86,64066.0,79998,0.0,15934,64066
100000,86,80085.0,99998,0.0,19915,80085
200000,86,160191.0,199998,0.0,39809,160191
400000,86,320253.0,399998,0.0,79747,320253
600000,86,479992.0,599998,0.0,120008,479992
800000,86,639836.0,799998,0.0,160164,639836
1000000,86,799984.0,999998,0.0,200016,799984
2,87,1.0,1,0.0,1,1
3,87,2.0,2,0.0,1,2
100,87,74.0,99,0.0,26,74
200,87,155.0,199,0.0,45,155
2000,87,1611.0,1999,0.0,389,1611
10000,87,8067.0,9999,0.0,1933,8067
20000,87,16095.0,19999,0.0,3905,16095
40000,87,32145.0,39999,0.0,7855,32145
60000,87,48163.0,59999,0.0,11837,48163
80000,87,64120.0,79999,0.0,15880,64120
100000,87,80032.0,99999,0.0,19968,80032
200000,87,159982.0,199999,0.0,40018,159982
400000,87,319788.0,399999,0.0,80212,319788
600000,87,479862.0,599999,0.0,120138,479862
800000,87,639958.0,799999,0.0,160042,639958
1000000,87,800060.0,999999,0.0,199940,800060
2,88,2.0,1,0.0,0,2
3,88,2.0,1,0.0,1,2
100,88,77.0,98,0.0,23,77
200,88,160.0,198,0.0,40,160
2000,88,1612.0,1998,0.0,388,1612
10000,88,8003.0,9998,0.0,1997,8003
20000,88,15959.0,19998,0.0,4041,15959
40000,88,31939.0,39998,0.0,8061,31939
60000,88,47972.0,59998,0.0,12028,47972
80000,88,63943.0,79998,0.0,16057,63943
100000,88,80026.0,99998,0.0,19974,80026
200000,88,160055.0,199998,0.0,39945,160055
400000,88,320092.0,399998,0.0,79908,320092
600000,88,480379.0,599998,0.0,119621,480379
800000,88,640361.0,799998,0.0,159639,640361
1000000,88,800177.0,999998,0.0,199823,800177
2,89,1.0,1,0.0,1,1
3,89,2.0,2,0.0,1,2
100,89,86.0,99,0.0,14,86
200,89,162.0,199,0.0,38,162
2000,89,1606.0,1999,0.0,394,1606
10000,89,7950.0,9999,0.0,2050,7950
20000,89,15966.0,19999,0.0,4034,15966
40000,89,31985.0,39999,0.0,8015,31985
60000,89,48008.0,59999,0.0,11992,48008
80000,89,64050.0,79999,0.0,15950,64050
100000,89,80002.0,99999,0.0,19998,80002
200000,89,160028.0,199999,0.0,39972,160028
400000,89,319826.0,399999,0.0,80174,319826
600000,89,479660.0,599999,0.0,120340,479660
800000,89,639720.0,799999,0.0,160280,639720
1000000,89,799459.0,999999,0.0,200541,799459
2,90,2.0,1,0.0,0,2
3,90,2.0,1,0.0,1,2
100,90,79.0,8,0.0,21,79
200,90,158.0,8,0.0,42,158
2000,90,1625.0,8,0.0,375,1625
10000,90,8008.0,8,0.0,1992,8008
20000,90,16038.0,8,0.0,3962,16038
40000,90,32023.0,8,0.0,7977,32023
60000,90,48077.0,8,0.0,11923,48077
80000,90,64062.0,8,0.0,15938,64062
100000,90,80037.0,8,0.0,19963,80037
200000,90,160139.0,8,0.0,39861,160139
400000,90,320171.0,8,0.0,79829,320171
600000,90,480370.0,8,0.0,119630,480370
800000,90,640569.0,8,0.0,159431,640569
1000000,90,800419.0,8,0.0,199581,800419
2,91,1.0,1,0.0,1,1
3,91,2.0,2,0.0,1,2
100,91,80.0,99,0.0,20,80
200,91,165.0,199,0.0,35,165
2000,91,1603.0,1999,0.0,397,1603
10000,91,8020.0,9999,0.0,1980,8020
20000,91,16041.0,19999,0.0,3959,16041
40000,91,32120.0,39999,0.0,7880,32120
60000,91,48081.0,59999,0.0,11919,48081
80000,91,64114.0,79999,0.0,15886,64114
100000,91,80149.0,99999,0.0,19851,80149
200000,91,160242.0,199999,0.0,39758,160242
400000,91,320119.0,399999,0.0,79881,320119
600000,91,480150.0,599999,0.0,119850,480150
800000,91,640393.0,799999,0.0,159607,640393
1000000,91,800559.0,999999,0.0,199441,800559
2,92,2.0,1,0.0,0,2
3,92,3.0,1,0.0,0,3
100,92,85.0,97,0.0,15,85
200,92,173.0,197,0.0,27,173
2000,92,1605.0,1997,0.0,395,1605
10000,92,8026.0,9997,0.0,1974,8026
20000,92,15997.0,19997,0.0,4003,15997
40000,92,32021.0,39997,0.0,7979,32021
60000,92,47989.0,59997,0.0,12011,47989
80000,92,63960.0,79997,0.0,16040,63960
100000,92,79975.0,99997,0.0,20025,79975
200000,92,159970.0,199997,0.0,40030,159970
400000,92,319930.0,399997,0.0,80070,319930
600000,92,480238.0,599997,0.0,119762,480238
800000,92,639716.0,799997,0.0,160284,639716
1000000,92,799733.0,999997,0.0,200267,799733
2,93,2.0,1,0.0,0,2
3,93,3.0,1,0.0,0,3
100,93,73.0,4,0.0,27,73
200,93,154.0,4,0.0,46,154
2000,93,1577.0,4,0.0,423,1577
10000,93,7993.0,4,0.0,2007,7993
20000,93,15987.0,4,0.0,4013,15987
40000,93,31966.0,4,0.0,8034,31966
60000,93,47906.0,4,0.0,12094,47906
80000,93,63938.0,4,0.0,16062,63938
100000,93,79881.0,4,0.0,20119,79881
200000,93,159895.0,4,0.0,40105,159895
400000,93,320042.0,4,0.0,79958,320042
600000,93,480056.0,4,0.0,119944,480056
800000,93,640132.0,4,0.0,159868,640132
1000000,93,800094.0,4,0.0,199906,800094
2,94,2.0,1,0.0,0,2
3,94,3.0,1,0.0,0,3
100,94,87.0,50,0.0,13,87
200,94,167.0,100,0.0,33,167
2000,94,1597.0,1000,0.0,403,1597
10000,94,8018.0,5000,0.0,1982,8018
20000,94,16093.0,10000,0.0,3907,16093
40000,94,32055.0,20000,0.0,7945,32055
60000,94,48085.0,30000,0.0,11915,48085
80000,94,64133.0,40000,0.0,15867,64133
100000,94,80072.0,50000,0.0,19928,80072
200000,94,159938.0,100000,0.0,40062,159938
400000,94,320034.0,200000,0.0,79966,320034
600000,94,480117.0,300000,0.0,119883,480117
800000,94,640325.0,400000,0.0,159675,640325
1000000,94,800441.0,500000,0.0,199559,800441
2,95,1.0,1,0.0,1,1
3,95,2.0,1,0.0,1,2
100,95,76.0,1,0.0,24,76
200,95,155.0,1,0.0,45,155
2000,95,1603.0,1,0.0,397,1603
10000,95,7946.0,1,0.0,2054,7946
20000,95,15969.0,1,0.0,4031,15969
40000,95,31906.0,1,0.0,8094,31906
60000,95,47806.0,1,0.0,12194,47806
80000,95,63747.0,1,0.0,16253,63747
100000,95,79767.0,1,0.0,20233,79767
200000,95,159807.0,1,0.0,40193,159807
400000,95,319822.0,1,0.0,80178,319822
600000,95,479683.0,1,0.0,120317,479683
800000,95,639474.0,1,0.0,160526,639474
1000000,95,799379.0,1,0.0,200621,799379
2,96,1.0,1,0.0,1,1
3,96,1.0,2,0.0,2,1
100,96,83.0,99,0.0,17,83
200,96,165.0,199,0.0,35,165
2000,96,1613.0,1999,0.0,387,1613
10000,96,8043.0,9999,0.0,1957,8043
20000,96,16059.0,19999,0.0,3941,16059
40000,96,31998.0,39999,0.0,8002,31998
60000,96,47996.0,59999,0.0,12004,47996
80000,96,63938.0,79999,0.0,16062,63938
100000,96,79951.0,99999,0.0,20049,79951
200000,96,160017.0,199999,0.0,39983,160017
400000,96,320254.0,399999,0.0,79746,320254
600000,96,480305.0,599999,0.0,119695,480305
800000,96,640444.0,799999,0.0,159556,640444
1000000,96,800639.0,999999,0.0,199361,800639
2,97,2.0,1,0.0,0,2
3,97,3.0,1,0.0,0,3
100,97,79.0,2,0.0,21,79
200,97,163.0,2,0.0,37,163
2000,97,1595.0,2,0.0,405,1595
10000,97,8032.0,2,0.0,1968,8032
20000,97,16055.0,2,0.0,3945,16055
40000,97,32060.0,2,0.0,7940,32060
60000,97,48136.0,2,0.0,11864,48136
80000,97,64172.0,2,0.0,15828,64172
100000,97,80275.0,2,0.0,19725,80275
200000,97,160426.0,2,0.0,39574,160426
400000,97,320093.0,2,0.0,79907,320093
600000,97,480255.0,2,0.0,119745,480255
800000,97,640444.0,2,0.0,159556,640444
1000000,97,800267.0,2,0.0,199733,800267
2,98,2.0,1,0.0,0,2
3,98,3.0,1,0.0,0,3
100,98,83.0,95,0.0,17,83
200,98,159.0,195,0.0,41,159
2000,98,1622.0,1995,0.0,378,1622
10000,98,8017.0,9995,0.0,1983,8017
20000,98,16051.0,19995,0.0,3949,16051
40000,98,32104.0,39995,0.0,7896,32104
60000,98,48101.0,59995,0.0,11899,48101
80000,98,64058.0,79995,0.0,15942,64058
100000,98,80089.0,99995,0.0,19911,80089
200000,98,160168.0,199995,0.0,39832,160168
400000,98,320092.0,399995,0.0,79908,320092
600000,98,480224.0,599995,0.0,119776,480224
800000,98,640346.0,799995,0.0,159654,640346
1000000,98,800502.0,999995,0.0,199498,800502
2,99,2.0,1,0.0,0,2
3,99,3.0,1,0.0,0,3
100,99,79.0,8,0.0,21,79
200,99,158.0,8,0.0,42,158
2000,99,1578.0,8,0.0,422,1578
10000,99,7950.0,8,0.0,2050,7950
20000,99,15969.0,8,0.0,4031,15969
40000,99,31960.0,8,0.0,8040,31960
60000,99,47908.0,8,0.0,12092,47908
80000,99,63853.0,8,0.0,16147,63853
100000,99,79783.0,8,0.0,20217,79783
200000,99,159823.0,8,0.0,40177,159823
400000,99,319813.0,8,0.0,80187,319813
600000,99,479836.0,8,0.0,120164,479836
800000,99,639665.0,8,0.0,160335,639665
1000000,99,799696.0,8,0.0,200304,799696
2,100,2.0,1,0.0,0,2
3,100,2.0,1,0.0,1,2
100,100,75.0,96,0.0,25,75
200,100,152.0,196,0.0,48,152
2000,100,1596.0,1996,0.0,404,1596
10000,100,7997.0,9996,0.0,2003,7997
20000,100,16004.0,19996,0.0,3996,16004
40000,100,32068.0,39996,0.0,7932,32068
60000,100,48009.0,59996,0.0,11991,48009
80000,100,64051.0,79996,0.0,15949,64051
100000,100,80003.0,99996,0.0,19997,80003
200000,100,159994.0,199996,0.0,40006,159994
400000,100,320105.0,399996,0.0,79895,320105
600000,100,479867.0,599996,0.0,120133,479867
800000,100,640056.0,799996,0.0,159944,640056
1000000,100,800088.0,999996,0.0,199912,800088
