Timestep,Iteration,Total Reward,Suboptimal Arms,Total Regret,Zeros Count,Ones Count
2,1,1.0,1,0.0,1,1
3,1,2.0,2,0.0,1,2
100,1,86.0,99,0.0,14,86
200,1,176.0,199,0.0,24,176
2000,1,1810.0,1999,0.0,190,1810
10000,1,8990.0,9999,0.0,1010,8990
20000,1,17963.0,19999,0.0,2037,17963
40000,1,35825.0,39999,0.0,4175,35825
60000,1,53728.0,59999,0.0,6272,53728
80000,1,71565.0,79999,0.0,8435,71565
100000,1,89467.0,99999,0.0,10533,89467
200000,1,178903.0,199999,0.0,21097,178903
400000,1,357839.0,399999,0.0,42161,357839
600000,1,536793.0,599999,0.0,63207,536793
800000,1,715789.0,799999,0.0,84211,715789
1000000,1,894732.0,999999,0.0,105268,894732
2,2,2.0,1,0.0,0,2
3,2,3.0,1,0.0,0,3
100,2,95.0,5,0.0,5,95
200,2,183.0,5,0.0,17,183
2000,2,1788.0,5,0.0,212,1788
10000,2,8968.0,5,0.0,1032,8968
20000,2,17952.0,5,0.0,2048,17952
40000,2,35780.0,5,0.0,4220,35780
60000,2,53695.0,5,0.0,6305,53695
80000,2,71644.0,5,0.0,8356,71644
100000,2,89469.0,5,0.0,10531,89469
200000,2,178892.0,5,0.0,21108,178892
400000,2,357996.0,5,0.0,42004,357996
600000,2,537109.0,5,0.0,62891,537109
800000,2,716272.0,5,0.0,83728,716272
1000000,2,895101.0,5,0.0,104899,895101
2,3,2.0,1,0.0,0,2
3,3,3.0,1,0.0,0,3
100,3,87.0,91,0.0,13,87
200,3,177.0,191,0.0,23,177
2000,3,1793.0,1991,0.0,207,1793
10000,3,8957.0,9991,0.0,1043,8957
20000,3,17919.0,19991,0.0,2081,17919
40000,3,35848.0,39991,0.0,4152,35848
60000,3,53762.0,59991,0.0,6238,53762
80000,3,71733.0,79991,0.0,8267,71733
100000,3,89660.0,99991,0.0,10340,89660
200000,3,179086.0,199991,0.0,20914,179086
400000,3,358261.0,399991,0.0,41739,358261
600000,3,537448.0,599991,0.0,62552,537448
800000,3,716506.0,799991,0.0,83494,716506
1000000,3,895348.0,999991,0.0,104652,895348
2,4,2.0,1,0.0,0,2
3,4,2.0,1,0.0,1,2
100,4,84.0,97,0.0,16,84
200,4,175.0,197,0.0,25,175
2000,4,1781.0,1997,0.0,219,1781
10000,4,8942.0,9997,0.0,1058,8942
20000,4,17887.0,19997,0.0,2113,17887
40000,4,35745.0,39997,0.0,4255,35745
60000,4,53656.0,59997,0.0,6344,53656
80000,4,71522.0,79997,0.0,8478,71522
100000,4,89482.0,99997,0.0,10518,89482
200000,4,179061.0,199997,0.0,20939,179061
400000,4,357836.0,399997,0.0,42164,357836
600000,4,536960.0,599997,0.0,63040,536960
800000,4,715863.0,799997,0.0,84137,715863
1000000,4,894800.0,999997,0.0,105200,894800
2,5,2.0,1,0.0,0,2
3,5,3.0,1,0.0,0,3
100,5,88.0,4,0.0,12,88
200,5,174.0,4,0.0,26,174
2000,5,1778.0,4,0.0,222,1778
10000,5,8925.0,4,0.0,1075,8925
20000,5,17852.0,4,0.0,2148,17852
40000,5,35795.0,4,0.0,4205,35795
60000,5,53671.0,4,0.0,6329,53671
80000,5,71613.0,4,0.0,8387,71613
100000,5,89464.0,4,0.0,10536,89464
200000,5,179017.0,4,0.0,20983,179017
400000,5,357972.0,4,0.0,42028,357972
600000,5,536964.0,4,0.0,63036,536964
800000,5,715825.0,4,0.0,84175,715825
1000000,5,894926.0,4,0.0,105074,894926
2,6,1.0,1,0.0,1,1
3,6,2.0,1,0.0,1,2
100,6,86.0,1,0.0,14,86
200,6,175.0,1,0.0,25,175
2000,6,1808.0,1,0.0,192,1808
10000,6,8916.0,1,0.0,1084,8916
20000,6,17911.0,1,0.0,2089,17911
40000,6,35777.0,1,0.0,4223,35777
60000,6,53678.0,1,0.0,6322,53678
80000,6,71604.0,1,0.0,8396,71604
100000,6,89542.0,1,0.0,10458,89542
200000,6,178930.0,1,0.0,21070,178930
400000,6,357990.0,1,0.0,42010,357990
600000,6,536870.0,1,0.0,63130,536870
800000,6,715962.0,1,0.0,84038,715962
1000000,6,895179.0,1,0.0,104821,895179
2,7,1.0,1,0.0,1,1
3,7,2.0,1,0.0,1,2
100,7,89.0,1,0.0,11,89
200,7,172.0,1,0.0,28,172
2000,7,1776.0,1,0.0,224,1776
10000,7,8914.0,1,0.0,1086,8914
20000,7,17886.0,1,0.0,2114,17886
40000,7,35779.0,1,0.0,4221,35779
60000,7,53672.0,1,0.0,6328,53672
80000,7,71603.0,1,0.0,8397,71603
100000,7,89550.0,1,0.0,10450,89550
200000,7,178972.0,1,0.0,21028,178972
400000,7,357913.0,1,0.0,42087,357913
600000,7,536920.0,1,0.0,63080,536920
800000,7,715807.0,1,0.0,84193,715807
1000000,7,894848.0,1,0.0,105152,894848
2,8,2.0,1,0.0,0,2
3,8,3.0,1,0.0,0,3
100,8,94.0,50,0.0,6,94
200,8,187.0,100,0.0,13,187
2000,8,1820.0,1000,0.0,180,1820
10000,8,9015.0,5000,0.0,985,9015
20000,8,18036.0,10000,0.0,1964,18036
40000,8,35866.0,20000,0.0,4134,35866
60000,8,53816.0,30000,0.0,6184,53816
80000,8,71797.0,40000,0.0,8203,71797
100000,8,89712.0,50000,0.0,10288,89712
200000,8,179274.0,100000,0.0,20726,179274
400000,8,358084.0,200000,0.0,41916,358084
600000,8,537111.0,300000,0.0,62889,537111
800000,8,716146.0,400000,0.0,83854,716146
1000000,8,894930.0,500000,0.0,105070,894930
2,9,2.0,1,0.0,0,2
3,9,3.0,1,0.0,0,3
100,9,85.0,50,0.0,15,85
200,9,171.0,100,0.0,29,171
2000,9,1752.0,1000,0.0,248,1752
10000,9,8953.0,5000,0.0,1047,8953
20000,9,17857.0,10000,0.0,2143,17857
40000,9,35748.0,20000,0.0,4252,35748
60000,9,53630.0,30000,0.0,6370,53630
80000,9,71556.0,40000,0.0,8444,71556
100000,9,89500.0,50000,0.0,10500,89500
200000,9,179001.0,100000,0.0,20999,179001
400000,9,357935.0,200000,0.0,42065,357935
600000,9,536675.0,300000,0.0,63325,536675
800000,9,715816.0,400000,0.0,84184,715816
1000000,9,894896.0,500000,0.0,105104,894896
2,10,2.0,1,0.0,0,2
3,10,3.0,1,0.0,0,3
100,10,93.0,7,0.0,7,93
200,10,180.0,7,0.0,20,180
2000,10,1778.0,7,0.0,222,1778
10000,10,8960.0,7,0.0,1040,8960
20000,10,17982.0,7,0.0,2018,17982
40000,10,35811.0,7,0.0,4189,35811
60000,10,53674.0,7,0.0,6326,53674
80000,10,71587.0,7,0.0,8413,71587
100000,10,89549.0,7,0.0,10451,89549
200000,10,179209.0,7,0.0,20791,179209
400000,10,358156.0,7,0.0,41844,358156
600000,10,537098.0,7,0.0,62902,537098
800000,10,715997.0,7,0.0,84003,715997
1000000,10,894897.0,7,0.0,105103,894897
2,11,2.0,1,0.0,0,2
3,11,3.0,1,0.0,0,3
100,11,91.0,97,0.0,9,91
200,11,186.0,197,0.0,14,186
2000,11,1813.0,1997,0.0,187,1813
10000,11,8939.0,9997,0.0,1061,8939
20000,11,17905.0,19997,0.0,2095,17905
40000,11,35838.0,39997,0.0,4162,35838
60000,11,53760.0,59997,0.0,6240,53760
80000,11,71717.0,79997,0.0,8283,71717
100000,11,89643.0,99997,0.0,10357,89643
200000,11,179019.0,199997,0.0,20981,179019
400000,11,358039.0,399997,0.0,41961,358039
600000,11,536895.0,599997,0.0,63105,536895
800000,11,715852.0,799997,0.0,84148,715852
1000000,11,895083.0,999997,0.0,104917,895083
2,12,2.0,1,0.0,0,2
3,12,3.0,1,0.0,0,3
100,12,88.0,5,0.0,12,88
200,12,178.0,5,0.0,22,178
2000,12,1802.0,5,0.0,198,1802
10000,12,8958.0,5,0.0,1042,8958
20000,12,17902.0,5,0.0,2098,17902
40000,12,35788.0,5,0.0,4212,35788
60000,12,53626.0,5,0.0,6374,53626
80000,12,71552.0,5,0.0,8448,71552
100000,12,89486.0,5,0.0,10514,89486
200000,12,178841.0,5,0.0,21159,178841
400000,12,357857.0,5,0.0,42143,357857
600000,12,536916.0,5,0.0,63084,536916
800000,12,715930.0,5,0.0,84070,715930
1000000,12,894745.0,5,0.0,105255,894745
2,13,2.0,1,0.0,0,2
3,13,3.0,1,0.0,0,3
100,13,85.0,7,0.0,15,85
200,13,181.0,7,0.0,19,181
2000,13,1807.0,7,0.0,193,1807
10000,13,8925.0,7,0.0,1075,8925
20000,13,17881.0,7,0.0,2119,17881
40000,13,35792.0,7,0.0,4208,35792
60000,13,53736.0,7,0.0,6264,53736
80000,13,71696.0,7,0.0,8304,71696
100000,13,89633.0,7,0.0,10367,89633
200000,13,179326.0,7,0.0,20674,179326
400000,13,358116.0,7,0.0,41884,358116
600000,13,537234.0,7,0.0,62766,537234
800000,13,715988.0,7,0.0,84012,715988
1000000,13,895006.0,7,0.0,104994,895006
2,14,2.0,1,0.0,0,2
3,14,3.0,1,0.0,0,3
100,14,90.0,96,0.0,10,90
200,14,182.0,196,0.0,18,182
2000,14,1800.0,1996,0.0,200,1800
10000,14,8961.0,9996,0.0,1039,8961
20000,14,17926.0,19996,0.0,2074,17926
40000,14,35832.0,39996,0.0,4168,35832
60000,14,53746.0,59996,0.0,6254,53746
80000,14,71655.0,79996,0.0,8345,71655
100000,14,89558.0,99996,0.0,10442,89558
200000,14,179260.0,199996,0.0,20740,179260
400000,14,358108.0,399996,0.0,41892,358108
600000,14,536942.0,599996,0.0,63058,536942
800000,14,716384.0,799996,0.0,83616,716384
1000000,14,895133.0,999996,0.0,104867,895133
2,15,2.0,1,0.0,0,2
3,15,3.0,1,0.0,0,3
100,15,86.0,50,0.0,14,86
200,15,179.0,100,0.0,21,179
2000,15,1806.0,1000,0.0,194,1806
10000,15,8982.0,5000,0.0,1018,8982
20000,15,17888.0,10000,0.0,2112,17888
40000,15,35786.0,20000,0.0,4214,35786
60000,15,53594.0,30000,0.0,6406,53594
80000,15,71448.0,40000,0.0,8552,71448
100000,15,89330.0,50000,0.0,10670,89330
200000,15,178750.0,100000,0.0,21250,178750
400000,15,357623.0,200000,0.0,42377,357623
600000,15,536777.0,300000,0.0,63223,536777
800000,15,715778.0,400000,0.0,84222,715778
1000000,15,894800.0,500000,0.0,105200,894800
2,16,2.0,1,0.0,0,2
3,16,2.0,1,0.0,1,2
100,16,90.0,98,0.0,10,90
200,16,177.0,198,0.0,23,177
2000,16,1804.0,1998,0.0,196,1804
10000,16,9012.0,9998,0.0,988,9012
20000,16,17978.0,19998,0.0,2022,17978
40000,16,35887.0,39998,0.0,4113,35887
60000,16,53813.0,59998,0.0,6187,53813
80000,16,71709.0,79998,0.0,8291,71709
100000,16,89595.0,99998,0.0,10405,89595
200000,16,179170.0,199998,0.0,20830,179170
400000,16,358174.0,399998,0.0,41826,358174
600000,16,537235.0,599998,0.0,62765,537235
800000,16,716154.0,799998,0.0,83846,716154
1000000,16,895095.0,999998,0.0,104905,895095
2,17,2.0,1,0.0,0,2
3,17,3.0,1,0.0,0,3
100,17,93.0,4,0.0,7,93
200,17,179.0,4,0.0,21,179
2000,17,1781.0,4,0.0,219,1781
10000,17,8931.0,4,0.0,1069,8931
20000,17,17867.0,4,0.0,2133,17867
40000,17,35790.0,4,0.0,4210,35790
60000,17,53647.0,4,0.0,6353,53647
80000,17,71615.0,4,0.0,8385,71615
100000,17,89565.0,4,0.0,10435,89565
200000,17,179009.0,4,0.0,20991,179009
400000,17,357908.0,4,0.0,42092,357908
600000,17,536973.0,4,0.0,63027,536973
800000,17,716094.0,4,0.0,83906,716094
1000000,17,895051.0,4,0.0,104949,895051
2,18,2.0,1,0.0,0,2
3,18,3.0,1,0.0,0,3
100,18,90.0,50,0.0,10,90
200,18,173.0,100,0.0,27,173
2000,18,1790.0,1000,0.0,210,1790
10000,18,8970.0,5000,0.0,1030,8970
20000,18,17927.0,10000,0.0,2073,17927
40000,18,35811.0,20000,0.0,4189,35811
60000,18,53727.0,30000,0.0,6273,53727
80000,18,71669.0,40000,0.0,8331,71669
100000,18,89537.0,50000,0.0,10463,89537
200000,18,179115.0,100000,0.0,20885,179115
400000,18,358030.0,200000,0.0,41970,358030
600000,18,537185.0,300000,0.0,62815,537185
800000,18,716121.0,400000,0.0,83879,716121
1000000,18,895199.0,500000,0.0,104801,895199
2,19,2.0,1,0.0,0,2
3,19,3.0,1,0.0,0,3
100,19,89.0,4,0.0,11,89
200,19,174.0,4,0.0,26,174
2000,19,1783.0,4,0.0,217,1783
10000,19,8912.0,4,0.0,1088,8912
20000,19,17843.0,4,0.0,2157,17843
40000,19,35726.0,4,0.0,4274,35726
60000,19,53589.0,4,0.0,6411,53589
80000,19,71527.0,4,0.0,8473,71527
100000,19,89353.0,4,0.0,10647,89353
200000,19,178857.0,4,0.0,21143,178857
400000,19,358016.0,4,0.0,41984,358016
600000,19,537011.0,4,0.0,62989,537011
800000,19,715966.0,4,0.0,84034,715966
1000000,19,894846.0,4,0.0,105154,894846
2,20,2.0,1,0.0,0,2
3,20,3.0,1,0.0,0,3
100,20,93.0,96,0.0,7,93
200,20,185.0,196,0.0,15,185
2000,20,1799.0,1996,0.0,201,1799
10000,20,9006.0,9996,0.0,994,9006
20000,20,17948.0,19996,0.0,2052,17948
40000,20,35897.0,39996,0.0,4103,35897
60000,20,53820.0,59996,0.0,6180,53820
80000,20,71738.0,79996,0.0,8262,71738
100000,20,89610.0,99996,0.0,10390,89610
200000,20,179019.0,199996,0.0,20981,179019
400000,20,357897.0,399996,0.0,42103,357897
600000,20,536861.0,599996,0.0,63139,536861
800000,20,715861.0,799996,0.0,84139,715861
1000000,20,895041.0,999996,0.0,104959,895041
2,21,2.0,1,0.0,0,2
3,21,3.0,1,0.0,0,3
100,21,91.0,4,0.0,9,91
200,21,179.0,4,0.0,21,179
2000,21,1807.0,4,0.0,193,1807
10000,21,8943.0,4,0.0,1057,8943
20000,21,17914.0,4,0.0,2086,17914
40000,21,35837.0,4,0.0,4163,35837
60000,21,53740.0,4,0.0,6260,53740
80000,21,71638.0,4,0.0,8362,71638
100000,21,89592.0,4,0.0,10408,89592
200000,21,178975.0,4,0.0,21025,178975
400000,21,357861.0,4,0.0,42139,357861
600000,21,536772.0,4,0.0,63228,536772
800000,21,715714.0,4,0.0,84286,715714
1000000,21,894578.0,4,0.0,105422,894578
2,22,2.0,1,0.0,0,2
3,22,3.0,1,0.0,0,3
100,22,87.0,91,0.0,13,87
200,22,175.0,191,0.0,25,175
2000,22,1792.0,1991,0.0,208,1792
10000,22,9022.0,9991,0.0,978,9022
20000,22,17981.0,19991,0.0,2019,17981
40000,22,35953.0,39991,0.0,4047,35953
60000,22,53815.0,59991,0.0,6185,53815
80000,22,71763.0,79991,0.0,8237,71763
100000,22,89728.0,99991,0.0,10272,89728
200000,22,179225.0,199991,0.0,20775,179225
400000,22,358198.0,399991,0.0,41802,358198
600000,22,537060.0,599991,0.0,62940,537060
800000,22,715997.0,799991,0.0,84003,715997
1000000,22,895242.0,999991,0.0,104758,895242
2,23,2.0,1,0.0,0,2
3,23,3.0,1,0.0,0,3
100,23,89.0,94,0.0,11,89
200,23,181.0,194,0.0,19,181
2000,23,1785.0,1994,0.0,215,1785
10000,23,8985.0,9994,0.0,1015,8985
20000,23,17919.0,19994,0.0,2081,17919
40000,23,35858.0,39994,0.0,4142,35858
60000,23,53822.0,59994,0.0,6178,53822
80000,23,71654.0,79994,0.0,8346,71654
100000,23,89549.0,99994,0.0,10451,89549
200000,23,178871.0,199994,0.0,21129,178871
400000,23,357719.0,399994,0.0,42281,357719
600000,23,536588.0,599994,0.0,63412,536588
800000,23,715354.0,799994,0.0,84646,715354
1000000,23,894392.0,999994,0.0,105608,894392
2,24,1.0,1,0.0,1,1
3,24,2.0,1,0.0,1,2
100,24,93.0,1,0.0,7,93
200,24,185.0,1,0.0,15,185
2000,24,1810.0,1,0.0,190,1810
10000,24,9005.0,1,0.0,995,9005
20000,24,17930.0,1,0.0,2070,17930
40000,24,35879.0,1,0.0,4121,35879
60000,24,53785.0,1,0.0,6215,53785
80000,24,71675.0,1,0.0,8325,71675
100000,24,89550.0,1,0.0,10450,89550
200000,24,179003.0,1,0.0,20997,179003
400000,24,357945.0,1,0.0,42055,357945
600000,24,537154.0,1,0.0,62846,537154
800000,24,716233.0,1,0.0,83767,716233
1000000,24,895174.0,1,0.0,104826,895174
2,25,2.0,1,0.0,0,2
3,25,3.0,1,0.0,0,3
100,25,86.0,92,0.0,14,86
200,25,174.0,192,0.0,26,174
2000,25,1786.0,1992,0.0,214,1786
10000,25,8898.0,9992,0.0,1102,8898
20000,25,17856.0,19992,0.0,2144,17856
40000,25,35742.0,39992,0.0,4258,35742
60000,25,53670.0,59992,0.0,6330,53670
80000,25,71563.0,79992,0.0,8437,71563
100000,25,89476.0,99992,0.0,10524,89476
200000,25,179053.0,199992,0.0,20947,179053
400000,25,358010.0,399992,0.0,41990,358010
600000,25,536913.0,599992,0.0,63087,536913
800000,25,715814.0,799992,0.0,84186,715814
1000000,25,895101.0,999992,0.0,104899,895101
2,26,1.0,1,0.0,1,1
3,26,2.0,2,0.0,1,2
100,26,88.0,99,0.0,12,88
200,26,178.0,199,0.0,22,178
2000,26,1788.0,1999,0.0,212,1788
10000,26,8975.0,9999,0.0,1025,8975
20000,26,17897.0,19999,0.0,2103,17897
40000,26,35748.0,39999,0.0,4252,35748
60000,26,53598.0,59999,0.0,6402,53598
80000,26,71495.0,79999,0.0,8505,71495
100000,26,89423.0,99999,0.0,10577,89423
200000,26,178962.0,199999,0.0,21038,178962
400000,26,358126.0,399999,0.0,41874,358126
600000,26,536896.0,599999,0.0,63104,536896
800000,26,716071.0,799999,0.0,83929,716071
1000000,26,895044.0,999999,0.0,104956,895044
2,27,2.0,1,0.0,0,2
3,27,3.0,1,0.0,0,3
100,27,91.0,50,0.0,9,91
200,27,177.0,100,0.0,23,177
2000,27,1765.0,1000,0.0,235,1765
10000,27,8931.0,5000,0.0,1069,8931
20000,27,17919.0,10000,0.0,2081,17919
40000,27,35812.0,20000,0.0,4188,35812
60000,27,53743.0,30000,0.0,6257,53743
80000,27,71667.0,40000,0.0,8333,71667
100000,27,89563.0,50000,0.0,10437,89563
200000,27,179034.0,100000,0.0,20966,179034
400000,27,358206.0,200000,0.0,41794,358206
600000,27,537329.0,300000,0.0,62671,537329
800000,27,716151.0,400000,0.0,83849,716151
1000000,27,895091.0,500000,0.0,104909,895091
2,28,2.0,1,0.0,0,2
3,28,2.0,1,0.0,1,2
100,28,87.0,98,0.0,13,87
200,28,179.0,198,0.0,21,179
2000,28,1806.0,1998,0.0,194,1806
10000,28,8959.0,9998,0.0,1041,8959
20000,28,17858.0,19998,0.0,2142,17858
40000,28,35734.0,39998,0.0,4266,35734
60000,28,53575.0,59998,0.0,6425,53575
80000,28,71521.0,79998,0.0,8479,71521
100000,28,89446.0,99998,0.0,10554,89446
200000,28,178911.0,199998,0.0,21089,178911
400000,28,358024.0,399998,0.0,41976,358024
600000,28,537141.0,599998,0.0,62859,537141
800000,28,716138.0,799998,0.0,83862,716138
1000000,28,895154.0,999998,0.0,104846,895154
2,29,2.0,1,0.0,0,2
3,29,2.0,1,0.0,1,2
100,29,90.0,98,0.0,10,90
200,29,175.0,198,0.0,25,175
2000,29,1782.0,1998,0.0,218,1782
10000,29,8948.0,9998,0.0,1052,8948
20000,29,17894.0,19998,0.0,2106,17894
40000,29,35792.0,39998,0.0,4208,35792
60000,29,53666.0,59998,0.0,6334,53666
80000,29,71466.0,79998,0.0,8534,71466
100000,29,89387.0,99998,0.0,10613,89387
200000,29,179054.0,199998,0.0,20946,179054
400000,29,357930.0,399998,0.0,42070,357930
600000,29,536948.0,599998,0.0,63052,536948
800000,29,715960.0,799998,0.0,84040,715960
1000000,29,894968.0,999998,0.0,105032,894968
2,30,1.0,1,0.0,1,1
3,30,2.0,2,0.0,1,2
100,30,85.0,99,0.0,15,85
200,30,174.0,199,0.0,26,174
2000,30,1772.0,1999,0.0,228,1772
10000,30,8920.0,9999,0.0,1080,8920
20000,30,17868.0,19999,0.0,2132,17868
40000,30,35718.0,39999,0.0,4282,35718
60000,30,53590.0,59999,0.0,6410,53590
80000,30,71552.0,79999,0.0,8448,71552
100000,30,89455.0,99999,0.0,10545,89455
200000,30,178890.0,199999,0.0,21110,178890
400000,30,357892.0,399999,0.0,42108,357892
600000,30,536660.0,599999,0.0,63340,536660
800000,30,715835.0,799999,0.0,84165,715835
1000000,30,894979.0,999999,0.0,105021,894979
2,31,2.0,1,0.0,0,2
3,31,2.0,1,0.0,1,2
100,31,90.0,98,0.0,10,90
200,31,179.0,198,0.0,21,179
2000,31,1798.0,1998,0.0,202,1798
10000,31,8965.0,9998,0.0,1035,8965
20000,31,17866.0,19998,0.0,2134,17866
40000,31,35785.0,39998,0.0,4215,35785
60000,31,53666.0,59998,0.0,6334,53666
80000,31,71655.0,79998,0.0,8345,71655
100000,31,89603.0,99998,0.0,10397,89603
200000,31,179113.0,199998,0.0,20887,179113
400000,31,358068.0,399998,0.0,41932,358068
600000,31,537000.0,599998,0.0,63000,537000
800000,31,715994.0,799998,0.0,84006,715994
1000000,31,895079.0,999998,0.0,104921,895079
2,32,2.0,1,0.0,0,2
3,32,3.0,1,0.0,0,3
100,32,90.0,5,0.0,10,90
200,32,180.0,5,0.0,20,180
2000,32,1792.0,5,0.0,208,1792
10000,32,8922.0,5,0.0,1078,8922
20000,32,17824.0,5,0.0,2176,17824
40000,32,35718.0,5,0.0,4282,35718
60000,32,53544.0,5,0.0,6456,53544
80000,32,71439.0,5,0.0,8561,71439
100000,32,89310.0,5,0.0,10690,89310
200000,32,178807.0,5,0.0,21193,178807
400000,32,357911.0,5,0.0,42089,357911
600000,32,536932.0,5,0.0,63068,536932
800000,32,716110.0,5,0.0,83890,716110
1000000,32,895015.0,5,0.0,104985,895015
2,33,2.0,1,0.0,0,2
3,33,3.0,1,0.0,0,3
100,33,88.0,3,0.0,12,88
200,33,176.0,3,0.0,24,176
2000,33,1777.0,3,0.0,223,1777
10000,33,8943.0,3,0.0,1057,8943
20000,33,17934.0,3,0.0,2066,17934
40000,33,35824.0,3,0.0,4176,35824
60000,33,53762.0,3,0.0,6238,53762
80000,33,71682.0,3,0.0,8318,71682
100000,33,89617.0,3,0.0,10383,89617
200000,33,179028.0,3,0.0,20972,179028
400000,33,358192.0,3,0.0,41808,358192
600000,33,537232.0,3,0.0,62768,537232
800000,33,716264.0,3,0.0,83736,716264
1000000,33,895339.0,3,0.0,104661,895339
2,34,2.0,1,0.0,0,2
3,34,3.0,1,0.0,0,3
100,34,91.0,6,0.0,9,91
200,34,182.0,6,0.0,18,182
2000,34,1779.0,6,0.0,221,1779
10000,34,8982.0,6,0.0,1018,8982
20000,34,17971.0,6,0.0,2029,17971
40000,34,35781.0,6,0.0,4219,35781
60000,34,53695.0,6,0.0,6305,53695
80000,34,71608.0,6,0.0,8392,71608
100000,34,89490.0,6,0.0,10510,89490
200000,34,179164.0,6,0.0,20836,179164
400000,34,358095.0,6,0.0,41905,358095
600000,34,536850.0,6,0.0,63150,536850
800000,34,716166.0,6,0.0,83834,716166
1000000,34,895293.0,6,0.0,104707,895293
2,35,2.0,1,0.0,0,2
3,35,3.0,1,0.0,0,3
100,35,90.0,92,0.0,10,90
200,35,182.0,192,0.0,18,182
2000,35,1804.0,1992,0.0,196,1804
10000,35,9006.0,9992,0.0,994,9006
20000,35,17909.0,19992,0.0,2091,17909
40000,35,35718.0,39992,0.0,4282,35718
60000,35,53601.0,59992,0.0,6399,53601
80000,35,71465.0,79992,0.0,8535,71465
100000,35,89399.0,99992,0.0,10601,89399
200000,35,178874.0,199992,0.0,21126,178874
400000,35,357548.0,399992,0.0,42452,357548
600000,35,536705.0,599992,0.0,63295,536705
800000,35,715872.0,799992,0.0,84128,715872
1000000,35,894759.0,999992,0.0,105241,894759
2,36,2.0,1,0.0,0,2
3,36,3.0,1,0.0,0,3
100,36,93.0,95,0.0,7,93
200,36,178.0,195,0.0,22,178
2000,36,1787.0,1995,0.0,213,1787
10000,36,8927.0,9995,0.0,1073,8927
20000,36,17885.0,19995,0.0,2115,17885
40000,36,35783.0,39995,0.0,4217,35783
60000,36,53652.0,59995,0.0,6348,53652
80000,36,71542.0,79995,0.0,8458,71542
100000,36,89459.0,99995,0.0,10541,89459
200000,36,178814.0,199995,0.0,21186,178814
400000,36,357754.0,399995,0.0,42246,357754
600000,36,536635.0,599995,0.0,63365,536635
800000,36,715549.0,799995,0.0,84451,715549
1000000,36,894687.0,999995,0.0,105313,894687
2,37,2.0,1,0.0,0,2
3,37,3.0,1,0.0,0,3
100,37,92.0,50,0.0,8,92
200,37,185.0,100,0.0,15,185
2000,37,1783.0,1000,0.0,217,1783
10000,37,8920.0,5000,0.0,1080,8920
20000,37,17890.0,10000,0.0,2110,17890
40000,37,35816.0,20000,0.0,4184,35816
60000,37,53698.0,30000,0.0,6302,53698
80000,37,71590.0,40000,0.0,8410,71590
100000,37,89457.0,50000,0.0,10543,89457
200000,37,178917.0,100000,0.0,21083,178917
400000,37,357826.0,200000,0.0,42174,357826
600000,37,537001.0,300000,0.0,62999,537001
800000,37,715788.0,400000,0.0,84212,715788
1000000,37,894439.0,500000,0.0,105561,894439
2,38,2.0,1,0.0,0,2
3,38,3.0,1,0.0,0,3
100,38,90.0,3,0.0,10,90
200,38,184.0,3,0.0,16,184
2000,38,1781.0,3,0.0,219,1781
10000,38,8950.0,3,0.0,1050,8950
20000,38,17880.0,3,0.0,2120,17880
40000,38,35719.0,3,0.0,4281,35719
60000,38,53609.0,3,0.0,6391,53609
80000,38,71511.0,3,0.0,8489,71511
100000,38,89375.0,3,0.0,10625,89375
200000,38,178939.0,3,0.0,21061,178939
400000,38,357953.0,3,0.0,42047,357953
600000,38,537234.0,3,0.0,62766,537234
800000,38,716326.0,3,0.0,83674,716326
1000000,38,895389.0,3,0.0,104611,895389
2,39,2.0,1,0.0,0,2
3,39,3.0,1,0.0,0,3
100,39,87.0,4,0.0,13,87
200,39,178.0,4,0.0,22,178
2000,39,1807.0,4,0.0,193,1807
10000,39,8943.0,4,0.0,1057,8943
20000,39,17916.0,4,0.0,2084,17916
40000,39,35766.0,4,0.0,4234,35766
60000,39,53644.0,4,0.0,6356,53644
80000,39,71532.0,4,0.0,8468,71532
100000,39,89465.0,4,0.0,10535,89465
200000,39,178778.0,4,0.0,21222,178778
400000,39,357889.0,4,0.0,42111,357889
600000,39,536986.0,4,0.0,63014,536986
800000,39,715757.0,4,0.0,84243,715757
1000000,39,894707.0,4,0.0,105293,894707
2,40,2.0,1,0.0,0,2
3,40,3.0,1,0.0,0,3
100,40,93.0,97,0.0,7,93
200,40,182.0,197,0.0,18,182
2000,40,1793.0,1997,0.0,207,1793
10000,40,8955.0,9997,0.0,1045,8955
20000,40,17929.0,19997,0.0,2071,17929
40000,40,35792.0,39997,0.0,4208,35792
60000,40,53640.0,59997,0.0,6360,53640
80000,40,71511.0,79997,0.0,8489,71511
100000,40,89453.0,99997,0.0,10547,89453
200000,40,178995.0,199997,0.0,21005,178995
400000,40,358404.0,399997,0.0,41596,358404
600000,40,537419.0,599997,0.0,62581,537419
800000,40,716329.0,799997,0.0,83671,716329
1000000,40,895156.0,999997,0.0,104844,895156
2,41,2.0,1,0.0,0,2
3,41,3.0,1,0.0,0,3
100,41,91.0,50,0.0,9,91
200,41,186.0,100,0.0,14,186
2000,41,1799.0,1000,0.0,201,1799
10000,41,8952.0,5000,0.0,1048,8952
20000,41,17869.0,10000,0.0,2131,17869
40000,41,35706.0,20000,0.0,4294,35706
60000,41,53584.0,30000,0.0,6416,53584
80000,41,71452.0,40000,0.0,8548,71452
100000,41,89317.0,50000,0.0,10683,89317
200000,41,178846.0,100000,0.0,21154,178846
400000,41,357481.0,200000,0.0,42519,357481
600000,41,536558.0,300000,0.0,63442,536558
800000,41,715583.0,400000,0.0,84417,715583
1000000,41,894513.0,500000,0.0,105487,894513
2,42,2.0,1,0.0,0,2
3,42,3.0,1,0.0,0,3
100,42,93.0,50,0.0,7,93
200,42,184.0,100,0.0,16,184
2000,42,1809.0,1000,0.0,191,1809
10000,42,8998.0,5000,0.0,1002,8998
20000,42,17907.0,10000,0.0,2093,17907
40000,42,35898.0,20000,0.0,4102,35898
60000,42,53775.0,30000,0.0,6225,53775
80000,42,71636.0,40000,0.0,8364,71636
100000,42,89513.0,50000,0.0,10487,89513
200000,42,179128.0,100000,0.0,20872,179128
400000,42,357950.0,200000,0.0,42050,357950
600000,42,537045.0,300000,0.0,62955,537045
800000,42,716076.0,400000,0.0,83924,716076
1000000,42,895189.0,500000,0.0,104811,895189
2,43,1.0,1,0.0,1,1
3,43,2.0,1,0.0,1,2
100,43,93.0,1,0.0,7,93
200,43,180.0,1,0.0,20,180
2000,43,1801.0,1,0.0,199,1801
10000,43,8925.0,1,0.0,1075,8925
20000,43,17879.0,1,0.0,2121,17879
40000,43,35809.0,1,0.0,4191,35809
60000,43,53635.0,1,0.0,6365,53635
80000,43,71500.0,1,0.0,8500,71500
100000,43,89395.0,1,0.0,10605,89395
200000,43,178749.0,1,0.0,21251,178749
400000,43,357599.0,1,0.0,42401,357599
600000,43,536493.0,1,0.0,63507,536493
800000,43,715722.0,1,0.0,84278,715722
1000000,43,894827.0,1,0.0,105173,894827
2,44,2.0,1,0.0,0,2
3,44,2.0,1,0.0,1,2
100,44,90.0,98,0.0,10,90
200,44,176.0,198,0.0,24,176
2000,44,1793.0,1998,0.0,207,1793
10000,44,8949.0,9998,0.0,1051,8949
20000,44,17950.0,19998,0.0,2050,17950
40000,44,35882.0,39998,0.0,4118,35882
60000,44,53776.0,59998,0.0,6224,53776
80000,44,71665.0,79998,0.0,8335,71665
100000,44,89485.0,99998,0.0,10515,89485
200000,44,179001.0,199998,0.0,20999,179001
400000,44,358098.0,399998,0.0,41902,358098
600000,44,536964.0,599998,0.0,63036,536964
800000,44,716052.0,799998,0.0,83948,716052
1000000,44,894916.0,999998,0.0,105084,894916
2,45,2.0,1,0.0,0,2
3,45,3.0,1,0.0,0,3
100,45,94.0,96,0.0,6,94
200,45,188.0,196,0.0,12,188
2000,45,1808.0,1996,0.0,192,1808
10000,45,8946.0,9996,0.0,1054,8946
20000,45,17877.0,19996,0.0,2123,17877
40000,45,35766.0,39996,0.0,4234,35766
60000,45,53626.0,59996,0.0,6374,53626
80000,45,71569.0,79996,0.0,8431,71569
100000,45,89535.0,99996,0.0,10465,89535
200000,45,178903.0,199996,0.0,21097,178903
400000,45,358348.0,399996,0.0,41652,358348
600000,45,537263.0,599996,0.0,62737,537263
800000,45,715968.0,799996,0.0,84032,715968
1000000,45,895179.0,999996,0.0,104821,895179
2,46,2.0,1,0.0,0,2
3,46,3.0,1,0.0,0,3
100,46,95.0,50,0.0,5,95
200,46,182.0,100,0.0,18,182
2000,46,1784.0,1000,0.0,216,1784
10000,46,8985.0,5000,0.0,1015,8985
20000,46,17926.0,10000,0.0,2074,17926
40000,46,35899.0,20000,0.0,4101,35899
60000,46,53789.0,30000,0.0,6211,53789
80000,46,71771.0,40000,0.0,8229,71771
100000,46,89624.0,50000,0.0,10376,89624
200000,46,179184.0,100000,0.0,20816,179184
400000,46,357979.0,200000,0.0,42021,357979
600000,46,536959.0,300000,0.0,63041,536959
800000,46,715818.0,400000,0.0,84182,715818
1000000,46,894788.0,500000,0.0,105212,894788
2,47,2.0,1,0.0,0,2
3,47,3.0,1,0.0,0,3
100,47,92.0,95,0.0,8,92
200,47,185.0,195,0.0,15,185
2000,47,1777.0,1995,0.0,223,1777
10000,47,8962.0,9995,0.0,1038,8962
20000,47,17882.0,19995,0.0,2118,17882
40000,47,35773.0,39995,0.0,4227,35773
60000,47,53703.0,59995,0.0,6297,53703
80000,47,71634.0,79995,0.0,8366,71634
100000,47,89554.0,99995,0.0,10446,89554
200000,47,178956.0,199995,0.0,21044,178956
400000,47,357845.0,399995,0.0,42155,357845
600000,47,537050.0,599995,0.0,62950,537050
800000,47,716242.0,799995,0.0,83758,716242
1000000,47,895174.0,999995,0.0,104826,895174
2,48,1.0,1,0.0,1,1
3,48,2.0,2,0.0,1,2
100,48,92.0,99,0.0,8,92
200,48,184.0,199,0.0,16,184
2000,48,1799.0,1999,0.0,201,1799
10000,48,8979.0,9999,0.0,1021,8979
20000,48,17997.0,19999,0.0,2003,17997
40000,48,35913.0,39999,0.0,4087,35913
60000,48,53828.0,59999,0.0,6172,53828
80000,48,71730.0,79999,0.0,8270,71730
100000,48,89641.0,99999,0.0,10359,89641
200000,48,179109.0,199999,0.0,20891,179109
400000,48,358188.0,399999,0.0,41812,358188
600000,48,537316.0,599999,0.0,62684,537316
800000,48,716510.0,799999,0.0,83490,716510
1000000,48,895525.0,999999,0.0,104475,895525
2,49,2.0,1,0.0,0,2
3,49,3.0,1,0.0,0,3
100,49,91.0,50,0.0,9,91
200,49,186.0,100,0.0,14,186
2000,49,1790.0,1000,0.0,210,1790
10000,49,8929.0,5000,0.0,1071,8929
20000,49,17913.0,10000,0.0,2087,17913
40000,49,35794.0,20000,0.0,4206,35794
60000,49,53684.0,30000,0.0,6316,53684
80000,49,71590.0,40000,0.0,8410,71590
100000,49,89496.0,50000,0.0,10504,89496
200000,49,178867.0,100000,0.0,21133,178867
400000,49,357581.0,200000,0.0,42419,357581
600000,49,536545.0,300000,0.0,63455,536545
800000,49,715428.0,400000,0.0,84572,715428
1000000,49,894581.0,500000,0.0,105419,894581
2,50,2.0,1,0.0,0,2
3,50,3.0,1,0.0,0,3
100,50,88.0,2,0.0,12,88
200,50,187.0,2,0.0,13,187
2000,50,1790.0,2,0.0,210,1790
10000,50,8956.0,2,0.0,1044,8956
20000,50,17873.0,2,0.0,2127,17873
40000,50,35790.0,2,0.0,4210,35790
60000,50,53672.0,2,0.0,6328,53672
80000,50,71483.0,2,0.0,8517,71483
100000,50,89329.0,2,0.0,10671,89329
200000,50,178727.0,2,0.0,21273,178727
400000,50,357749.0,2,0.0,42251,357749
600000,50,536684.0,2,0.0,63316,536684
800000,50,715592.0,2,0.0,84408,715592
1000000,50,894756.0,2,0.0,105244,894756
2,51,2.0,1,0.0,0,2
3,51,3.0,1,0.0,0,3
100,51,88.0,3,0.0,12,88
200,51,175.0,3,0.0,25,175
2000,51,1782.0,3,0.0,218,1782
10000,51,8968.0,3,0.0,1032,8968
20000,51,17890.0,3,0.0,2110,17890
40000,51,35841.0,3,0.0,4159,35841
60000,51,53741.0,3,0.0,6259,53741
80000,51,71670.0,3,0.0,8330,71670
100000,51,89630.0,3,0.0,10370,89630
200000,51,179124.0,3,0.0,20876,179124
400000,51,358234.0,3,0.0,41766,358234
600000,51,537227.0,3,0.0,62773,537227
800000,51,716426.0,3,0.0,83574,716426
1000000,51,895292.0,3,0.0,104708,895292
2,52,2.0,1,0.0,0,2
3,52,3.0,1,0.0,0,3
100,52,86.0,9,0.0,14,86
200,52,177.0,9,0.0,23,177
2000,52,1769.0,9,0.0,231,1769
10000,52,8951.0,9,0.0,1049,8951
20000,52,17915.0,9,0.0,2085,17915
40000,52,35846.0,9,0.0,4154,35846
60000,52,53723.0,9,0.0,6277,53723
80000,52,71651.0,9,0.0,8349,71651
100000,52,89661.0,9,0.0,10339,89661
200000,52,179224.0,9,0.0,20776,179224
400000,52,358188.0,9,0.0,41812,358188
600000,52,537176.0,9,0.0,62824,537176
800000,52,716135.0,9,0.0,83865,716135
1000000,52,895470.0,9,0.0,104530,895470
2,53,2.0,1,0.0,0,2
3,53,3.0,1,0.0,0,3
100,53,92.0,2,0.0,8,92
200,53,181.0,2,0.0,19,181
2000,53,1803.0,2,0.0,197,1803
10000,53,8972.0,2,0.0,1028,8972
20000,53,17966.0,2,0.0,2034,17966
40000,53,35845.0,2,0.0,4155,35845
60000,53,53706.0,2,0.0,6294,53706
80000,53,71507.0,2,0.0,8493,71507
100000,53,89441.0,2,0.0,10559,89441
200000,53,179073.0,2,0.0,20927,179073
400000,53,357833.0,2,0.0,42167,357833
600000,53,537046.0,2,0.0,62954,537046
800000,53,716207.0,2,0.0,83793,716207
1000000,53,895277.0,2,0.0,104723,895277
2,54,2.0,1,0.0,0,2
3,54,3.0,1,0.0,0,3
100,54,81.0,3,0.0,19,81
200,54,171.0,3,0.0,29,171
2000,54,1776.0,3,0.0,224,1776
10000,54,8943.0,3,0.0,1057,8943
20000,54,17902.0,3,0.0,2098,17902
40000,54,35753.0,3,0.0,4247,35753
60000,54,53659.0,3,0.0,6341,53659
80000,54,71559.0,3,0.0,8441,71559
100000,54,89448.0,3,0.0,10552,89448
200000,54,178930.0,3,0.0,21070,178930
400000,54,358066.0,3,0.0,41934,358066
600000,54,537210.0,3,0.0,62790,537210
800000,54,716549.0,3,0.0,83451,716549
1000000,54,895384.0,3,0.0,104616,895384
2,55,2.0,1,0.0,0,2
3,55,3.0,1,0.0,0,3
100,55,92.0,92,0.0,8,92
200,55,187.0,192,0.0,13,187
2000,55,1787.0,1992,0.0,213,1787
10000,55,8959.0,9992,0.0,1041,8959
20000,55,17938.0,19992,0.0,2062,17938
40000,55,35791.0,39992,0.0,4209,35791
60000,55,53693.0,59992,0.0,6307,53693
80000,55,71523.0,79992,0.0,8477,71523
100000,55,89402.0,99992,0.0,10598,89402
200000,55,178760.0,199992,0.0,21240,178760
400000,55,357873.0,399992,0.0,42127,357873
600000,55,537020.0,599992,0.0,62980,537020
800000,55,716082.0,799992,0.0,83918,716082
1000000,55,894921.0,999992,0.0,105079,894921
2,56,2.0,1,0.0,0,2
3,56,3.0,1,0.0,0,3
100,56,93.0,7,0.0,7,93
200,56,186.0,7,0.0,14,186
2000,56,1814.0,7,0.0,186,1814
10000,56,8977.0,7,0.0,1023,8977
20000,56,17927.0,7,0.0,2073,17927
40000,56,35834.0,7,0.0,4166,35834
60000,56,53687.0,7,0.0,6313,53687
80000,56,71626.0,7,0.0,8374,71626
100000,56,89530.0,7,0.0,10470,89530
200000,56,179002.0,7,0.0,20998,179002
400000,56,357885.0,7,0.0,42115,357885
600000,56,536954.0,7,0.0,63046,536954
800000,56,716095.0,7,0.0,83905,716095
1000000,56,895231.0,7,0.0,104769,895231
2,57,2.0,1,0.0,0,2
3,57,3.0,1,0.0,0,3
100,57,88.0,93,0.0,12,88
200,57,175.0,193,0.0,25,175
2000,57,1775.0,1993,0.0,225,1775
10000,57,8898.0,9993,0.0,1102,8898
20000,57,17866.0,19993,0.0,2134,17866
40000,57,35712.0,39993,0.0,4288,35712
60000,57,53686.0,59993,0.0,6314,53686
80000,57,71589.0,79993,0.0,8411,71589
100000,57,89478.0,99993,0.0,10522,89478
200000,57,178990.0,199993,0.0,21010,178990
400000,57,357925.0,399993,0.0,42075,357925
600000,57,537016.0,599993,0.0,62984,537016
800000,57,716098.0,799993,0.0,83902,716098
1000000,57,895307.0,999993,0.0,104693,895307
2,58,2.0,1,0.0,0,2
3,58,3.0,1,0.0,0,3
100,58,88.0,94,0.0,12,88
200,58,178.0,194,0.0,22,178
2000,58,1775.0,1994,0.0,225,1775
10000,58,8929.0,9994,0.0,1071,8929
20000,58,17868.0,19994,0.0,2132,17868
40000,58,35700.0,39994,0.0,4300,35700
60000,58,53585.0,59994,0.0,6415,53585
80000,58,71503.0,79994,0.0,8497,71503
100000,58,89372.0,99994,0.0,10628,89372
200000,58,178808.0,199994,0.0,21192,178808
400000,58,358094.0,399994,0.0,41906,358094
600000,58,537141.0,599994,0.0,62859,537141
800000,58,716237.0,799994,0.0,83763,716237
1000000,58,895128.0,999994,0.0,104872,895128
2,59,2.0,1,0.0,0,2
3,59,2.0,1,0.0,1,2
100,59,84.0,98,0.0,16,84
200,59,176.0,198,0.0,24,176
2000,59,1809.0,1998,0.0,191,1809
10000,59,8973.0,9998,0.0,1027,8973
20000,59,17970.0,19998,0.0,2030,17970
40000,59,35815.0,39998,0.0,4185,35815
60000,59,53716.0,59998,0.0,6284,53716
80000,59,71660.0,79998,0.0,8340,71660
100000,59,89570.0,99998,0.0,10430,89570
200000,59,179094.0,199998,0.0,20906,179094
400000,59,358146.0,399998,0.0,41854,358146
600000,59,537052.0,599998,0.0,62948,537052
800000,59,716027.0,799998,0.0,83973,716027
1000000,59,895009.0,999998,0.0,104991,895009
2,60,2.0,1,0.0,0,2
3,60,3.0,1,0.0,0,3
100,60,89.0,95,0.0,11,89
200,60,177.0,195,0.0,23,177
2000,60,1788.0,1995,0.0,212,1788
10000,60,8897.0,9995,0.0,1103,8897
20000,60,17782.0,19995,0.0,2218,17782
40000,60,35631.0,39995,0.0,4369,35631
60000,60,53595.0,59995,0.0,6405,53595
80000,60,71484.0,79995,0.0,8516,71484
100000,60,89348.0,99995,0.0,10652,89348
200000,60,178863.0,199995,0.0,21137,178863
400000,60,357779.0,399995,0.0,42221,357779
600000,60,537006.0,599995,0.0,62994,537006
800000,60,715966.0,799995,0.0,84034,715966
1000000,60,894893.0,999995,0.0,105107,894893
2,61,2.0,1,0.0,0,2
3,61,3.0,1,0.0,0,3
100,61,91.0,50,0.0,9,91
200,61,182.0,100,0.0,18,182
2000,61,1808.0,1000,0.0,192,1808
10000,61,8949.0,5000,0.0,1051,8949
20000,61,17912.0,10000,0.0,2088,17912
40000,61,35834.0,20000,0.0,4166,35834
60000,61,53692.0,30000,0.0,6308,53692
80000,61,71534.0,40000,0.0,8466,71534
100000,61,89454.0,50000,0.0,10546,89454
200000,61,178887.0,100000,0.0,21113,178887
400000,61,358042.0,200000,0.0,41958,358042
600000,61,537122.0,300000,0.0,62878,537122
800000,61,715940.0,400000,0.0,84060,715940
1000000,61,894840.0,500000,0.0,105160,894840
2,62,2.0,1,0.0,0,2
3,62,3.0,1,0.0,0,3
100,62,92.0,50,0.0,8,92
200,62,182.0,100,0.0,18,182
2000,62,1805.0,1000,0.0,195,1805
10000,62,8956.0,5000,0.0,1044,8956
20000,62,17913.0,10000,0.0,2087,17913
40000,62,35827.0,20000,0.0,4173,35827
60000,62,53684.0,30000,0.0,6316,53684
80000,62,71609.0,40000,0.0,8391,71609
100000,62,89473.0,50000,0.0,10527,89473
200000,62,178910.0,100000,0.0,21090,178910
400000,62,358049.0,200000,0.0,41951,358049
600000,62,537072.0,300000,0.0,62928,537072
800000,62,716226.0,400000,0.0,83774,716226
1000000,62,895024.0,500000,0.0,104976,895024
2,63,2.0,1,0.0,0,2
3,63,2.0,1,0.0,1,2
100,63,89.0,98,0.0,11,89
200,63,177.0,198,0.0,23,177
2000,63,1774.0,1998,0.0,226,1774
10000,63,8943.0,9998,0.0,1057,8943
20000,63,17913.0,19998,0.0,2087,17913
40000,63,35767.0,39998,0.0,4233,35767
60000,63,53665.0,59998,0.0,6335,53665
80000,63,71646.0,79998,0.0,8354,71646
100000,63,89573.0,99998,0.0,10427,89573
200000,63,179199.0,199998,0.0,20801,179199
400000,63,358161.0,399998,0.0,41839,358161
600000,63,537170.0,599998,0.0,62830,537170
800000,63,716165.0,799998,0.0,83835,716165
1000000,63,895157.0,999998,0.0,104843,895157
2,64,2.0,1,0.0,0,2
3,64,3.0,1,0.0,0,3
100,64,89.0,2,0.0,11,89
200,64,174.0,2,0.0,26,174
2000,64,1777.0,2,0.0,223,1777
10000,64,8927.0,2,0.0,1073,8927
20000,64,17889.0,2,0.0,2111,17889
40000,64,35726.0,2,0.0,4274,35726
60000,64,53687.0,2,0.0,6313,53687
80000,64,71623.0,2,0.0,8377,71623
100000,64,89513.0,2,0.0,10487,89513
200000,64,179094.0,2,0.0,20906,179094
400000,64,358056.0,2,0.0,41944,358056
600000,64,537109.0,2,0.0,62891,537109
800000,64,716010.0,2,0.0,83990,716010
1000000,64,895020.0,2,0.0,104980,895020
2,65,2.0,1,0.0,0,2
3,65,3.0,1,0.0,0,3
100,65,87.0,96,0.0,13,87
200,65,171.0,196,0.0,29,171
2000,65,1771.0,1996,0.0,229,1771
10000,65,8923.0,9996,0.0,1077,8923
20000,65,17932.0,19996,0.0,2068,17932
40000,65,35804.0,39996,0.0,4196,35804
60000,65,53751.0,59996,0.0,6249,53751
80000,65,71634.0,79996,0.0,8366,71634
100000,65,89520.0,99996,0.0,10480,89520
200000,65,179062.0,199996,0.0,20938,179062
400000,65,358104.0,399996,0.0,41896,358104
600000,65,536873.0,599996,0.0,63127,536873
800000,65,715895.0,799996,0.0,84105,715895
1000000,65,894820.0,999996,0.0,105180,894820
2,66,2.0,1,0.0,0,2
3,66,3.0,1,0.0,0,3
100,66,85.0,5,0.0,15,85
200,66,177.0,5,0.0,23,177
2000,66,1761.0,5,0.0,239,1761
10000,66,8867.0,5,0.0,1133,8867
20000,66,17753.0,5,0.0,2247,17753
40000,66,35647.0,5,0.0,4353,35647
60000,66,53486.0,5,0.0,6514,53486
80000,66,71411.0,5,0.0,8589,71411
100000,66,89292.0,5,0.0,10708,89292
200000,66,178797.0,5,0.0,21203,178797
400000,66,357767.0,5,0.0,42233,357767
600000,66,536778.0,5,0.0,63222,536778
800000,66,715738.0,5,0.0,84262,715738
1000000,66,894875.0,5,0.0,105125,894875
2,67,2.0,1,0.0,0,2
3,67,2.0,1,0.0,1,2
100,67,87.0,97,0.0,13,87
200,67,178.0,197,0.0,22,178
2000,67,1795.0,1997,0.0,205,1795
10000,67,8966.0,9997,0.0,1034,8966
20000,67,17895.0,19997,0.0,2105,17895
40000,67,35795.0,39997,0.0,4205,35795
60000,67,53764.0,59997,0.0,6236,53764
80000,67,71618.0,79997,0.0,8382,71618
100000,67,89510.0,99997,0.0,10490,89510
200000,67,179208.0,199997,0.0,20792,179208
400000,67,358212.0,399997,0.0,41788,358212
600000,67,537302.0,599997,0.0,62698,537302
800000,67,716238.0,799997,0.0,83762,716238
1000000,67,895378.0,999997,0.0,104622,895378
2,68,2.0,1,0.0,0,2
3,68,3.0,1,0.0,0,3
100,68,86.0,5,0.0,14,86
200,68,175.0,5,0.0,25,175
2000,68,1793.0,5,0.0,207,1793
10000,68,8959.0,5,0.0,1041,8959
20000,68,17916.0,5,0.0,2084,17916
40000,68,35767.0,5,0.0,4233,35767
60000,68,53652.0,5,0.0,6348,53652
80000,68,71598.0,5,0.0,8402,71598
100000,68,89527.0,5,0.0,10473,89527
200000,68,178874.0,5,0.0,21126,178874
400000,68,357965.0,5,0.0,42035,357965
600000,68,536746.0,5,0.0,63254,536746
800000,68,715786.0,5,0.0,84214,715786
1000000,68,894857.0,5,0.0,105143,894857
2,69,2.0,1,0.0,0,2
3,69,3.0,1,0.0,0,3
100,69,91.0,50,0.0,9,91
200,69,179.0,100,0.0,21,179
2000,69,1792.0,1000,0.0,208,1792
10000,69,8941.0,5000,0.0,1059,8941
20000,69,17823.0,10000,0.0,2177,17823
40000,69,35702.0,20000,0.0,4298,35702
60000,69,53597.0,30000,0.0,6403,53597
80000,69,71481.0,40000,0.0,8519,71481
100000,69,89346.0,50000,0.0,10654,89346
200000,69,178647.0,100000,0.0,21353,178647
400000,69,357608.0,200000,0.0,42392,357608
600000,69,536542.0,300000,0.0,63458,536542
800000,69,715476.0,400000,0.0,84524,715476
1000000,69,894320.0,500000,0.0,105680,894320
2,70,2.0,1,0.0,0,2
3,70,3.0,1,0.0,0,3
100,70,90.0,91,0.0,10,90
200,70,183.0,191,0.0,17,183
2000,70,1793.0,1991,0.0,207,1793
10000,70,8940.0,9991,0.0,1060,8940
20000,70,17878.0,19991,0.0,2122,17878
40000,70,35798.0,39991,0.0,4202,35798
60000,70,53707.0,59991,0.0,6293,53707
80000,70,71519.0,79991,0.0,8481,71519
100000,70,89486.0,99991,0.0,10514,89486
200000,70,178970.0,199991,0.0,21030,178970
400000,70,357972.0,399991,0.0,42028,357972
600000,70,536944.0,599991,0.0,63056,536944
800000,70,715786.0,799991,0.0,84214,715786
1000000,70,894879.0,999991,0.0,105121,894879
2,71,2.0,1,0.0,0,2
3,71,2.0,1,0.0,1,2
100,71,89.0,98,0.0,11,89
200,71,178.0,198,0.0,22,178
2000,71,1779.0,1998,0.0,221,1779
10000,71,9000.0,9998,0.0,1000,9000
20000,71,17967.0,19998,0.0,2033,17967
40000,71,35936.0,39998,0.0,4064,35936
60000,71,53874.0,59998,0.0,6126,53874
80000,71,71718.0,79998,0.0,8282,71718
100000,71,89651.0,99998,0.0,10349,89651
200000,71,179160.0,199998,0.0,20840,179160
400000,71,358259.0,399998,0.0,41741,358259
600000,71,537155.0,599998,0.0,62845,537155
800000,71,716130.0,799998,0.0,83870,716130
1000000,71,895408.0,999998,0.0,104592,895408
2,72,2.0,1,0.0,0,2
3,72,3.0,1,0.0,0,3
100,72,91.0,50,0.0,9,91
200,72,176.0,100,0.0,24,176
2000,72,1779.0,1000,0.0,221,1779
10000,72,8938.0,5000,0.0,1062,8938
20000,72,17885.0,10000,0.0,2115,17885
40000,72,35810.0,20000,0.0,4190,35810
60000,72,53759.0,30000,0.0,6241,53759
80000,72,71656.0,40000,0.0,8344,71656
100000,72,89602.0,50000,0.0,10398,89602
200000,72,179154.0,100000,0.0,20846,179154
400000,72,358049.0,200000,0.0,41951,358049
600000,72,537330.0,300000,0.0,62670,537330
800000,72,716160.0,400000,0.0,83840,716160
1000000,72,895188.0,500000,0.0,104812,895188
2,73,2.0,1,0.0,0,2
3,73,3.0,1,0.0,0,3
100,73,87.0,5,0.0,13,87
200,73,174.0,5,0.0,26,174
2000,73,1779.0,5,0.0,221,1779
10000,73,8891.0,5,0.0,1109,8891
20000,73,17855.0,5,0.0,2145,17855
40000,73,35753.0,5,0.0,4247,35753
60000,73,53715.0,5,0.0,6285,53715
80000,73,71635.0,5,0.0,8365,71635
100000,73,89531.0,5,0.0,10469,89531
200000,73,179009.0,5,0.0,20991,179009
400000,73,358170.0,5,0.0,41830,358170
600000,73,537138.0,5,0.0,62862,537138
800000,73,716066.0,5,0.0,83934,716066
1000000,73,895128.0,5,0.0,104872,895128
2,74,2.0,1,0.0,0,2
3,74,3.0,1,0.0,0,3
100,74,92.0,6,0.0,8,92
200,74,179.0,6,0.0,21,179
2000,74,1780.0,6,0.0,220,1780
10000,74,8953.0,6,0.0,1047,8953
20000,74,17902.0,6,0.0,2098,17902
40000,74,35704.0,6,0.0,4296,35704
60000,74,53636.0,6,0.0,6364,53636
80000,74,71524.0,6,0.0,8476,71524
100000,74,89328.0,6,0.0,10672,89328
200000,74,178772.0,6,0.0,21228,178772
400000,74,357510.0,6,0.0,42490,357510
600000,74,536618.0,6,0.0,63382,536618
800000,74,715422.0,6,0.0,84578,715422
1000000,74,894295.0,6,0.0,105705,894295
2,75,2.0,1,0.0,0,2
3,75,3.0,1,0.0,0,3
100,75,89.0,2,0.0,11,89
200,75,174.0,2,0.0,26,174
2000,75,1790.0,2,0.0,210,1790
10000,75,8946.0,2,0.0,1054,8946
20000,75,17958.0,2,0.0,2042,17958
40000,75,35847.0,2,0.0,4153,35847
60000,75,53749.0,2,0.0,6251,53749
80000,75,71575.0,2,0.0,8425,71575
100000,75,89423.0,2,0.0,10577,89423
200000,75,178821.0,2,0.0,21179,178821
400000,75,357618.0,2,0.0,42382,357618
600000,75,536816.0,2,0.0,63184,536816
800000,75,715744.0,2,0.0,84256,715744
1000000,75,894756.0,2,0.0,105244,894756
2,76,1.0,1,0.0,1,1
3,76,2.0,2,0.0,1,2
100,76,88.0,99,0.0,12,88
200,76,174.0,199,0.0,26,174
2000,76,1783.0,1999,0.0,217,1783
10000,76,8970.0,9999,0.0,1030,8970
20000,76,17936.0,19999,0.0,2064,17936
40000,76,35795.0,39999,0.0,4205,35795
60000,76,53722.0,59999,0.0,6278,53722
80000,76,71570.0,79999,0.0,8430,71570
100000,76,89450.0,99999,0.0,10550,89450
200000,76,178967.0,199999,0.0,21033,178967
400000,76,357989.0,399999,0.0,42011,357989
600000,76,537137.0,599999,0.0,62863,537137
800000,76,716221.0,799999,0.0,83779,716221
1000000,76,895277.0,999999,0.0,104723,895277
2,77,2.0,1,0.0,0,2
3,77,2.0,1,0.0,1,2
100,77,93.0,98,0.0,7,93
200,77,184.0,198,0.0,16,184
2000,77,1784.0,1998,0.0,216,1784
10000,77,8941.0,9998,0.0,1059,8941
20000,77,17876.0,19998,0.0,2124,17876
40000,77,35737.0,39998,0.0,4263,35737
60000,77,53742.0,59998,0.0,6258,53742
80000,77,71592.0,79998,0.0,8408,71592
100000,77,89481.0,99998,0.0,10519,89481
200000,77,178751.0,199998,0.0,21249,178751
400000,77,357778.0,399998,0.0,42222,357778
600000,77,536598.0,599998,0.0,63402,536598
800000,77,715579.0,799998,0.0,84421,715579
1000000,77,894530.0,999998,0.0,105470,894530
2,78,2.0,1,0.0,0,2
3,78,3.0,1,0.0,0,3
100,78,89.0,92,0.0,11,89
200,78,176.0,192,0.0,24,176
2000,78,1765.0,1992,0.0,235,1765
10000,78,8905.0,9992,0.0,1095,8905
20000,78,17869.0,19992,0.0,2131,17869
40000,78,35734.0,39992,0.0,4266,35734
60000,78,53616.0,59992,0.0,6384,53616
80000,78,71475.0,79992,0.0,8525,71475
100000,78,89364.0,99992,0.0,10636,89364
200000,78,178832.0,199992,0.0,21168,178832
400000,78,357812.0,399992,0.0,42188,357812
600000,78,536872.0,599992,0.0,63128,536872
800000,78,716297.0,799992,0.0,83703,716297
1000000,78,895530.0,999992,0.0,104470,895530
2,79,1.0,1,0.0,1,1
3,79,2.0,1,0.0,1,2
100,79,88.0,1,0.0,12,88
200,79,181.0,1,0.0,19,181
2000,79,1798.0,1,0.0,202,1798
10000,79,8965.0,1,0.0,1035,8965
20000,79,17940.0,1,0.0,2060,17940
40000,79,35903.0,1,0.0,4097,35903
60000,79,53753.0,1,0.0,6247,53753
80000,79,71686.0,1,0.0,8314,71686
100000,79,89666.0,1,0.0,10334,89666
200000,79,179253.0,1,0.0,20747,179253
400000,79,358482.0,1,0.0,41518,358482
600000,79,537801.0,1,0.0,62199,537801
800000,79,716687.0,1,0.0,83313,716687
1000000,79,895735.0,1,0.0,104265,895735
2,80,1.0,1,0.0,1,1
3,80,2.0,2,0.0,1,2
100,80,89.0,99,0.0,11,89
200,80,179.0,199,0.0,21,179
2000,80,1814.0,1999,0.0,186,1814
10000,80,8993.0,9999,0.0,1007,8993
20000,80,17961.0,19999,0.0,2039,17961
40000,80,35903.0,39999,0.0,4097,35903
60000,80,53774.0,59999,0.0,6226,53774
80000,80,71677.0,79999,0.0,8323,71677
100000,80,89572.0,99999,0.0,10428,89572
200000,80,179029.0,199999,0.0,20971,179029
400000,80,358058.0,399999,0.0,41942,358058
600000,80,537256.0,599999,0.0,62744,537256
800000,80,716138.0,799999,0.0,83862,716138
1000000,80,895183.0,999999,0.0,104817,895183
2,81,2.0,1,0.0,0,2
3,81,3.0,1,0.0,0,3
100,81,88.0,6,0.0,12,88
200,81,178.0,6,0.0,22,178
2000,81,1768.0,6,0.0,232,1768
10000,81,8912.0,6,0.0,1088,8912
20000,81,17844.0,6,0.0,2156,17844
40000,81,35719.0,6,0.0,4281,35719
60000,81,53565.0,6,0.0,6435,53565
80000,81,71454.0,6,0.0,8546,71454
100000,81,89380.0,6,0.0,10620,89380
200000,81,178823.0,6,0.0,21177,178823
400000,81,357864.0,6,0.0,42136,357864
600000,81,536770.0,6,0.0,63230,536770
800000,81,715781.0,6,0.0,84219,715781
1000000,81,894669.0,6,0.0,105331,894669
2,82,1.0,1,0.0,1,1
3,82,2.0,2,0.0,1,2
100,82,87.0,99,0.0,13,87
200,82,178.0,199,0.0,22,178
2000,82,1784.0,1999,0.0,216,1784
10000,82,8972.0,9999,0.0,1028,8972
20000,82,17887.0,19999,0.0,2113,17887
40000,82,35819.0,39999,0.0,4181,35819
60000,82,53736.0,59999,0.0,6264,53736
80000,82,71759.0,79999,0.0,8241,71759
100000,82,89670.0,99999,0.0,10330,89670
200000,82,179081.0,199999,0.0,20919,179081
400000,82,358211.0,399999,0.0,41789,358211
600000,82,537009.0,599999,0.0,62991,537009
800000,82,716085.0,799999,0.0,83915,716085
1000000,82,895285.0,999999,0.0,104715,895285
2,83,2.0,1,0.0,0,2
3,83,3.0,1,0.0,0,3
100,83,90.0,2,0.0,10,90
200,83,184.0,2,0.0,16,184
2000,83,1801.0,2,0.0,199,1801
10000,83,8953.0,2,0.0,1047,8953
20000,83,17889.0,2,0.0,2111,17889
40000,83,35824.0,2,0.0,4176,35824
60000,83,53611.0,2,0.0,6389,53611
80000,83,71544.0,2,0.0,8456,71544
100000,83,89428.0,2,0.0,10572,89428
200000,83,178894.0,2,0.0,21106,178894
400000,83,357901.0,2,0.0,42099,357901
600000,83,536784.0,2,0.0,63216,536784
800000,83,715933.0,2,0.0,84067,715933
1000000,83,894862.0,2,0.0,105138,894862
2,84,1.0,1,0.0,1,1
3,84,1.0,2,0.0,2,1
100,84,85.0,99,0.0,15,85
200,84,180.0,199,0.0,20,180
2000,84,1795.0,1999,0.0,205,1795
10000,84,8984.0,9999,0.0,1016,8984
20000,84,17898.0,19999,0.0,2102,17898
40000,84,35826.0,39999,0.0,4174,35826
60000,84,53761.0,59999,0.0,6239,53761
80000,84,71743.0,79999,0.0,8257,71743
100000,84,89657.0,99999,0.0,10343,89657
200000,84,179220.0,199999,0.0,20780,179220
400000,84,358144.0,399999,0.0,41856,358144
600000,84,537049.0,599999,0.0,62951,537049
800000,84,716224.0,799999,0.0,83776,716224
1000000,84,895142.0,999999,0.0,104858,895142
2,85,2.0,1,0.0,0,2
3,85,3.0,1,0.0,0,3
100,85,93.0,5,0.0,7,93
200,85,186.0,5,0.0,14,186
2000,85,1798.0,5,0.0,202,1798
10000,85,8961.0,5,0.0,1039,8961
20000,85,17868.0,5,0.0,2132,17868
40000,85,35736.0,5,0.0,4264,35736
60000,85,53617.0,5,0.0,6383,53617
80000,85,71503.0,5,0.0,8497,71503
100000,85,89359.0,5,0.0,10641,89359
200000,85,178785.0,5,0.0,21215,178785
400000,85,357891.0,5,0.0,42109,357891
600000,85,536827.0,5,0.0,63173,536827
800000,85,715874.0,5,0.0,84126,715874
1000000,85,894795.0,5,0.0,105205,894795
2,86,2.0,1,0.0,0,2
3,86,3.0,1,0.0,0,3
100,86,85.0,95,0.0,15,85
200,86,173.0,195,0.0,27,173
2000,86,1789.0,1995,0.0,211,1789
10000,86,8934.0,9995,0.0,1066,8934
20000,86,17795.0,19995,0.0,2205,17795
40000,86,35673.0,39995,0.0,4327,35673
60000,86,53515.0,59995,0.0,6485,53515
80000,86,71400.0,79995,0.0,8600,71400
100000,86,89288.0,99995,0.0,10712,89288
200000,86,178711.0,199995,0.0,21289,178711
400000,86,357743.0,399995,0.0,42257,357743
600000,86,536650.0,599995,0.0,63350,536650
800000,86,715688.0,799995,0.0,84312,715688
1000000,86,894666.0,999995,0.0,105334,894666
2,87,2.0,1,0.0,0,2
3,87,3.0,1,0.0,0,3
100,87,90.0,5,0.0,10,90
200,87,176.0,5,0.0,24,176
2000,87,1808.0,5,0.0,192,1808
10000,87,8972.0,5,0.0,1028,8972
20000,87,17911.0,5,0.0,2089,17911
40000,87,35865.0,5,0.0,4135,35865
60000,87,53801.0,5,0.0,6199,53801
80000,87,71717.0,5,0.0,8283,71717
100000,87,89632.0,5,0.0,10368,89632
200000,87,179140.0,5,0.0,20860,179140
400000,87,357880.0,5,0.0,42120,357880
600000,87,536966.0,5,0.0,63034,536966
800000,87,715906.0,5,0.0,84094,715906
1000000,87,895025.0,5,0.0,104975,895025
2,88,2.0,1,0.0,0,2
3,88,3.0,1,0.0,0,3
100,88,88.0,50,0.0,12,88
200,88,177.0,100,0.0,23,177
2000,88,1784.0,1000,0.0,216,1784
10000,88,8954.0,5000,0.0,1046,8954
20000,88,17876.0,10000,0.0,2124,17876
40000,88,35818.0,20000,0.0,4182,35818
60000,88,53737.0,30000,0.0,6263,53737
80000,88,71562.0,40000,0.0,8438,71562
100000,88,89417.0,50000,0.0,10583,89417
200000,88,179012.0,100000,0.0,20988,179012
400000,88,357906.0,200000,0.0,42094,357906
600000,88,537072.0,300000,0.0,62928,537072
800000,88,716317.0,400000,0.0,83683,716317
1000000,88,895400.0,500000,0.0,104600,895400
2,89,2.0,1,0.0,0,2
3,89,3.0,1,0.0,0,3
100,89,86.0,6,0.0,14,86
200,89,173.0,6,0.0,27,173
2000,89,1775.0,6,0.0,225,1775
10000,89,8899.0,6,0.0,1101,8899
20000,89,17844.0,6,0.0,2156,17844
40000,89,35822.0,6,0.0,4178,35822
60000,89,53676.0,6,0.0,6324,53676
80000,89,71640.0,6,0.0,8360,71640
100000,89,89473.0,6,0.0,10527,89473
200000,89,178962.0,6,0.0,21038,178962
400000,89,357937.0,6,0.0,42063,357937
600000,89,537281.0,6,0.0,62719,537281
800000,89,716404.0,6,0.0,83596,716404
1000000,89,895653.0,6,0.0,104347,895653
2,90,1.0,1,0.0,1,1
3,90,1.0,2,0.0,2,1
100,90,89.0,99,0.0,11,89
200,90,177.0,199,0.0,23,177
2000,90,1810.0,1999,0.0,190,1810
10000,90,8951.0,9999,0.0,1049,8951
20000,90,17884.0,19999,0.0,2116,17884
40000,90,35838.0,39999,0.0,4162,35838
60000,90,53738.0,59999,0.0,6262,53738
80000,90,71634.0,79999,0.0,8366,71634
100000,90,89552.0,99999,0.0,10448,89552
200000,90,179068.0,199999,0.0,20932,179068
400000,90,358051.0,399999,0.0,41949,358051
600000,90,537104.0,599999,0.0,62896,537104
800000,90,716157.0,799999,0.0,83843,716157
1000000,90,895000.0,999999,0.0,105000,895000
2,91,2.0,1,0.0,0,2
3,91,3.0,1,0.0,0,3
100,91,82.0,50,0.0,18,82
200,91,171.0,100,0.0,29,171
2000,91,1780.0,1000,0.0,220,1780
10000,91,8966.0,5000,0.0,1034,8966
20000,91,17959.0,10000,0.0,2041,17959
40000,91,35865.0,20000,0.0,4135,35865
60000,91,53697.0,30000,0.0,6303,53697
80000,91,71633.0,40000,0.0,8367,71633
100000,91,89549.0,50000,0.0,10451,89549
200000,91,179106.0,100000,0.0,20894,179106
400000,91,358414.0,200000,0.0,41586,358414
600000,91,537534.0,300000,0.0,62466,537534
800000,91,716671.0,400000,0.0,83329,716671
1000000,91,895791.0,500000,0.0,104209,895791
2,92,2.0,1,0.0,0,2
3,92,3.0,1,0.0,0,3
100,92,93.0,91,0.0,7,93
200,92,182.0,191,0.0,18,182
2000,92,1820.0,1991,0.0,180,1820
10000,92,9021.0,9991,0.0,979,9021
20000,92,17976.0,19991,0.0,2024,17976
40000,92,35803.0,39991,0.0,4197,35803
60000,92,53746.0,59991,0.0,6254,53746
80000,92,71714.0,79991,0.0,8286,71714
100000,92,89606.0,99991,0.0,10394,89606
200000,92,179170.0,199991,0.0,20830,179170
400000,92,358293.0,399991,0.0,41707,358293
600000,92,537093.0,599991,0.0,62907,537093
800000,92,716275.0,799991,0.0,83725,716275
1000000,92,895339.0,999991,0.0,104661,895339
2,93,2.0,1,0.0,0,2
3,93,3.0,1,0.0,0,3
100,93,86.0,4,0.0,14,86
200,93,171.0,4,0.0,29,171
2000,93,1781.0,4,0.0,219,1781
10000,93,8909.0,4,0.0,1091,8909
20000,93,17851.0,4,0.0,2149,17851
40000,93,35770.0,4,0.0,4230,35770
60000,93,53725.0,4,0.0,6275,53725
80000,93,71636.0,4,0.0,8364,71636
100000,93,89580.0,4,0.0,10420,89580
200000,93,179013.0,4,0.0,20987,179013
400000,93,358033.0,4,0.0,41967,358033
600000,93,536983.0,4,0.0,63017,536983
800000,93,716071.0,4,0.0,83929,716071
1000000,93,894860.0,4,0.0,105140,894860
2,94,2.0,1,0.0,0,2
3,94,3.0,1,0.0,0,3
100,94,88.0,97,0.0,12,88
200,94,182.0,197,0.0,18,182
2000,94,1804.0,1997,0.0,196,1804
10000,94,9005.0,9997,0.0,995,9005
20000,94,17941.0,19997,0.0,2059,17941
40000,94,35825.0,39997,0.0,4175,35825
60000,94,53649.0,59997,0.0,6351,53649
80000,94,71687.0,79997,0.0,8313,71687
100000,94,89615.0,99997,0.0,10385,89615
200000,94,179063.0,199997,0.0,20937,179063
400000,94,357865.0,399997,0.0,42135,357865
600000,94,536936.0,599997,0.0,63064,536936
800000,94,716049.0,799997,0.0,83951,716049
1000000,94,895198.0,999997,0.0,104802,895198
2,95,2.0,1,0.0,0,2
3,95,3.0,1,0.0,0,3
100,95,93.0,94,0.0,7,93
200,95,186.0,194,0.0,14,186
2000,95,1766.0,1994,0.0,234,1766
10000,95,8922.0,9994,0.0,1078,8922
20000,95,17840.0,19994,0.0,2160,17840
40000,95,35733.0,39994,0.0,4267,35733
60000,95,53621.0,59994,0.0,6379,53621
80000,95,71608.0,79994,0.0,8392,71608
100000,95,89478.0,99994,0.0,10522,89478
200000,95,179033.0,199994,0.0,20967,179033
400000,95,357783.0,399994,0.0,42217,357783
600000,95,536719.0,599994,0.0,63281,536719
800000,95,715757.0,799994,0.0,84243,715757
1000000,95,894561.0,999994,0.0,105439,894561
2,96,2.0,1,0.0,0,2
3,96,3.0,1,0.0,0,3
100,96,91.0,6,0.0,9,91
200,96,184.0,6,0.0,16,184
2000,96,1819.0,6,0.0,181,1819
10000,96,8992.0,6,0.0,1008,8992
20000,96,17979.0,6,0.0,2021,17979
40000,96,35837.0,6,0.0,4163,35837
60000,96,53735.0,6,0.0,6265,53735
80000,96,71658.0,6,0.0,8342,71658
100000,96,89585.0,6,0.0,10415,89585
200000,96,179026.0,6,0.0,20974,179026
400000,96,357986.0,6,0.0,42014,357986
600000,96,536982.0,6,0.0,63018,536982
800000,96,715995.0,6,0.0,84005,715995
1000000,96,895124.0,6,0.0,104876,895124
2,97,2.0,1,0.0,0,2
3,97,3.0,1,0.0,0,3
100,97,89.0,96,0.0,11,89
200,97,178.0,196,0.0,22,178
2000,97,1801.0,1996,0.0,199,1801
10000,97,9019.0,9996,0.0,981,9019
20000,97,17960.0,19996,0.0,2040,17960
40000,97,35923.0,39996,0.0,4077,35923
60000,97,53823.0,59996,0.0,6177,53823
80000,97,71734.0,79996,0.0,8266,71734
100000,97,89703.0,99996,0.0,10297,89703
200000,97,179340.0,199996,0.0,20660,179340
400000,97,358289.0,399996,0.0,41711,358289
600000,97,537206.0,599996,0.0,62794,537206
800000,97,716313.0,799996,0.0,83687,716313
1000000,97,895399.0,999996,0.0,104601,895399
2,98,2.0,1,0.0,0,2
3,98,3.0,1,0.0,0,3
100,98,94.0,93,0.0,6,94
200,98,186.0,193,0.0,14,186
2000,98,1804.0,1993,0.0,196,1804
10000,98,8979.0,9993,0.0,1021,8979
20000,98,17955.0,19993,0.0,2045,17955
40000,98,35857.0,39993,0.0,4143,35857
60000,98,53860.0,59993,0.0,6140,53860
80000,98,71658.0,79993,0.0,8342,71658
100000,98,89548.0,99993,0.0,10452,89548
200000,98,179214.0,199993,0.0,20786,179214
400000,98,358467.0,399993,0.0,41533,358467
600000,98,537844.0,599993,0.0,62156,537844
800000,98,716843.0,799993,0.0,83157,716843
1000000,98,895780.0,999993,0.0,104220,895780
2,99,2.0,1,0.0,0,2
3,99,3.0,1,0.0,0,3
100,99,88.0,5,0.0,12,88
200,99,177.0,5,0.0,23,177
2000,99,1773.0,5,0.0,227,1773
10000,99,8908.0,5,0.0,1092,8908
20000,99,17790.0,5,0.0,2210,17790
40000,99,35624.0,5,0.0,4376,35624
60000,99,53511.0,5,0.0,6489,53511
80000,99,71411.0,5,0.0,8589,71411
100000,99,89335.0,5,0.0,10665,89335
200000,99,179063.0,5,0.0,20937,179063
400000,99,358127.0,5,0.0,41873,358127
600000,99,536998.0,5,0.0,63002,536998
800000,99,716042.0,5,0.0,83958,716042
1000000,99,895108.0,5,0.0,104892,895108
2,100,2.0,1,0.0,0,2
3,100,3.0,1,0.0,0,3
100,100,86.0,2,0.0,14,86
200,100,172.0,2,0.0,28,172
2000,100,1784.0,2,0.0,216,1784
10000,100,8910.0,2,0.0,1090,8910
20000,100,17821.0,2,0.0,2179,17821
40000,100,35759.0,2,0.0,4241,35759
60000,100,53668.0,2,0.0,6332,53668
80000,100,71541.0,2,0.0,8459,71541
100000,100,89407.0,2,0.0,10593,89407
200000,100,178892.0,2,0.0,21108,178892
400000,100,357954.0,2,0.0,42046,357954
600000,100,536979.0,2,0.0,63021,536979
800000,100,715951.0,2,0.0,84049,715951
1000000,100,895082.0,2,0.0,104918,895082
