Timestep,Iteration,Total Reward,Suboptimal Arms,Total Regret,Zeros Count,Ones Count
2,1,2.0,2,0.01,0,2
3,1,3.0,3,0.02,0,3
100,1,86.0,100,0.5,14,86
200,1,172.0,200,1.01,28,172
2000,1,1786.0,1033,5.21,214,1786
10000,1,8987.0,1084,5.58,1013,8987
20000,1,18034.0,1173,6.28,1966,18034
40000,1,36082.0,1324,7.39,3918,36082
60000,1,54113.0,1450,8.36,5887,54113
80000,1,72114.0,1586,9.37,7886,72114
100000,1,90035.0,1741,10.54,9965,90035
200000,1,180044.0,2436,15.82,19956,180044
400000,1,359997.0,5814,46.29,40003,359997
600000,1,540104.0,7157,56.38,59896,540104
800000,1,720368.0,8469,66.24,79632,720368
1000000,1,900496.0,9802,76.23,99504,900496
2,2,2.0,2,0.01,0,2
3,2,2.0,3,0.02,1,2
100,2,86.0,100,0.55,14,86
200,2,177.0,200,1.04,23,177
2000,2,1779.0,1993,10.04,221,1779
10000,2,8943.0,9952,50.47,1057,8943
20000,2,17888.0,19913,100.43,2112,17888
40000,2,35772.0,39847,200.42,4228,35772
60000,2,53601.0,59791,300.54,6399,53601
80000,2,71478.0,79728,400.55,8522,71478
100000,2,89371.0,99667,500.61,10629,89371
200000,2,178938.0,199314,1000.55,21062,178938
400000,2,357920.0,398657,2000.58,42080,357920
600000,2,536972.0,596350,2992.39,63028,536972
800000,2,716346.0,686053,3444.44,83654,716346
1000000,2,896208.0,687304,3453.83,103792,896208
2,3,2.0,2,0.01,0,2
3,3,3.0,3,0.02,0,3
100,3,89.0,97,0.49,11,89
200,3,179.0,195,1.01,21,179
2000,3,1819.0,1967,9.9,181,1819
10000,3,8971.0,9391,47.29,1029,8971
20000,3,18002.0,11505,58.01,1998,18002
40000,3,35883.0,11671,59.3,4117,35883
60000,3,53858.0,11800,60.32,6142,53858
80000,3,71878.0,11937,61.39,8122,71878
100000,3,89929.0,12073,62.42,10071,89929
200000,3,179838.0,12861,68.56,20162,179838
400000,3,359642.0,14191,78.54,40358,359642
600000,3,539500.0,15823,91.54,60500,539500
800000,3,719556.0,17154,101.58,80444,719556
1000000,3,899522.0,18438,111.17,100478,899522
2,4,0.0,2,0.01,2,0
3,4,1.0,3,0.02,2,1
100,4,91.0,100,0.5,9,91
200,4,179.0,200,1.0,21,179
2000,4,1796.0,1992,10.0,204,1796
10000,4,8962.0,9343,46.91,1038,8962
20000,4,17932.0,17843,89.56,2068,17932
40000,4,35846.0,37773,189.56,4154,35846
60000,4,53747.0,48783,244.89,6253,53747
80000,4,71710.0,48905,245.8,8290,71710
100000,4,89739.0,49396,250.45,10261,89739
200000,4,179608.0,50709,262.06,20392,179608
400000,4,359826.0,52041,272.16,40174,359826
600000,4,539775.0,53436,282.66,60225,539775
800000,4,719880.0,54759,292.67,80120,719880
1000000,4,900094.0,56088,302.59,99906,900094
2,5,1.0,2,0.01,1,1
3,5,2.0,3,0.02,1,2
100,5,87.0,100,0.5,13,87
200,5,171.0,200,1.0,29,171
2000,5,1795.0,1975,9.94,205,1795
10000,5,8989.0,9939,50.13,1011,8989
20000,5,17923.0,19899,100.09,2077,17923
40000,5,35824.0,39837,200.09,4176,35824
60000,5,53687.0,59779,300.13,6313,53687
80000,5,71648.0,77732,390.23,8352,71648
100000,5,89602.0,77858,391.13,10398,89602
200000,5,179673.0,78520,396.07,20327,179673
400000,5,359867.0,80252,409.95,40133,359867
600000,5,540086.0,81596,420.08,59914,540086
800000,5,719940.0,82960,430.29,80060,719940
1000000,5,899957.0,84316,440.55,100043,899957
2,6,1.0,2,0.01,1,1
3,6,2.0,3,0.02,1,2
100,6,86.0,100,0.5,14,86
200,6,171.0,200,1.0,29,171
2000,6,1783.0,1992,10.02,217,1783
10000,6,8977.0,9900,49.78,1023,8977
20000,6,17946.0,19591,98.38,2054,17946
40000,6,35900.0,39520,198.39,4100,35900
60000,6,53786.0,59447,298.32,6214,53786
80000,6,71640.0,79375,398.33,8360,71640
100000,6,89499.0,99277,498.2,10501,89499
200000,6,178930.0,198862,997.71,21070,178930
400000,6,357900.0,397651,1994.97,42100,357900
600000,6,536768.0,596981,2995.05,63232,536768
800000,6,715560.0,796321,3995.2,84440,715560
1000000,6,894256.0,995672,4995.37,105744,894256
2,7,1.0,2,0.01,1,1
3,7,2.0,3,0.02,1,2
100,7,93.0,63,0.32,7,93
200,7,180.0,104,0.55,20,180
2000,7,1803.0,126,0.67,197,1803
10000,7,8979.0,182,1.12,1021,8979
20000,7,17993.0,272,1.86,2007,17993
40000,7,35926.0,405,2.87,4074,35926
60000,7,53957.0,525,3.75,6043,53957
80000,7,71906.0,658,4.8,8094,71906
100000,7,89886.0,785,5.7,10114,89886
200000,7,179988.0,1526,11.04,20012,179988
400000,7,359874.0,5550,34.74,40126,359874
600000,7,539584.0,6841,44.27,60416,539584
800000,7,719619.0,8150,54.06,80381,719619
1000000,7,899693.0,9498,64.2,100307,899693
2,8,2.0,2,0.01,0,2
3,8,3.0,3,0.02,0,3
100,8,93.0,100,0.5,7,93
200,8,182.0,200,1.0,18,182
2000,8,1781.0,1998,10.12,219,1781
10000,8,8945.0,9970,50.63,1055,8945
20000,8,17873.0,19942,100.77,2127,17873
40000,8,35694.0,39828,200.62,4306,35694
60000,8,53555.0,59000,296.97,6445,53555
80000,8,71461.0,78929,407.65,8539,71461
100000,8,89344.0,98863,524.89,10656,89344
200000,8,178729.0,198558,1025.24,21271,178729
400000,8,357736.0,397902,2025.51,42264,357736
600000,8,537534.0,431391,2196.35,62466,537534
800000,8,717743.0,432700,2206.22,82257,717743
1000000,8,897519.0,434023,2216.34,102481,897519
2,9,2.0,2,0.01,0,2
3,9,3.0,3,0.02,0,3
100,9,90.0,100,0.5,10,90
200,9,175.0,194,0.98,25,175
2000,9,1766.0,1991,9.99,234,1766
10000,9,9009.0,9860,49.58,991,9009
20000,9,17996.0,19827,100.27,2004,17996
40000,9,35794.0,39757,202.34,4206,35794
60000,9,53635.0,59615,301.98,6365,53635
80000,9,71468.0,79442,404.07,8532,71468
100000,9,89371.0,99354,504.05,10629,89371
200000,9,179127.0,198819,1003.04,20873,179127
400000,9,358318.0,398084,2002.84,41682,358318
600000,9,538571.0,409855,2064.98,61429,538571
800000,9,718627.0,411179,2074.87,81373,718627
1000000,9,898818.0,412503,2084.92,101182,898818
2,10,2.0,2,0.01,0,2
3,10,3.0,3,0.02,0,3
100,10,89.0,100,0.53,11,89
200,10,178.0,194,1.0,22,178
2000,10,1803.0,1984,10.04,197,1803
10000,10,8914.0,7331,36.92,1086,8914
20000,10,17908.0,7403,37.44,2092,17908
40000,10,35947.0,7550,38.57,4053,35947
60000,10,53918.0,7754,40.27,6082,53918
80000,10,71886.0,7884,41.26,8114,71886
100000,10,89858.0,8059,42.69,10142,89858
200000,10,179817.0,8753,47.87,20183,179817
400000,10,359689.0,10125,58.48,40311,359689
600000,10,539603.0,11521,69.0,60397,539603
800000,10,719804.0,12881,79.21,80196,719804
1000000,10,899954.0,14276,89.66,100046,899954
2,11,1.0,2,0.01,1,1
3,11,2.0,3,0.02,1,2
100,11,94.0,100,0.5,6,94
200,11,185.0,200,1.02,15,185
2000,11,1794.0,1525,7.67,206,1794
10000,11,8932.0,9498,62.48,1068,8932
20000,11,17841.0,19467,115.0,2159,17841
40000,11,35643.0,39315,227.17,4357,35643
60000,11,53507.0,59227,327.04,6493,53507
80000,11,71436.0,69430,378.31,8564,71436
100000,11,89476.0,69564,379.33,10524,89476
200000,11,179449.0,70274,384.64,20551,179449
400000,11,359517.0,71635,394.84,40483,359517
600000,11,539369.0,72904,404.5,60631,539369
800000,11,719465.0,74307,414.9,80535,719465
1000000,11,899520.0,75637,424.92,100480,899520
2,12,1.0,2,0.01,1,1
3,12,2.0,3,0.02,1,2
100,12,95.0,100,0.5,5,95
200,12,185.0,197,0.99,15,185
2000,12,1787.0,1991,11.15,213,1787
10000,12,8915.0,9823,50.4,1085,8915
20000,12,17853.0,19779,100.78,2147,17853
40000,12,35794.0,39716,201.62,4206,35794
60000,12,53648.0,59646,302.27,6352,53648
80000,12,71605.0,79580,402.25,8395,71605
100000,12,89538.0,99388,501.57,10462,89538
200000,12,179129.0,199064,1001.66,20871,179129
400000,12,358422.0,363765,1833.07,41578,358422
600000,12,538402.0,365105,1843.05,61598,538402
800000,12,718359.0,366447,1852.98,81641,718359
1000000,12,898421.0,367742,1862.89,101579,898421
2,13,2.0,2,0.01,0,2
3,13,3.0,3,0.02,0,3
100,13,89.0,100,0.5,11,89
200,13,179.0,200,1.05,21,179
2000,13,1811.0,1963,10.0,189,1811
10000,13,8945.0,9925,49.94,1055,8945
20000,13,17940.0,10648,53.71,2060,17940
40000,13,35968.0,10776,54.71,4032,35968
60000,13,53975.0,10893,55.61,6025,53975
80000,13,71963.0,11019,56.56,8037,71963
100000,13,89991.0,11145,57.48,10009,89991
200000,13,180121.0,11812,62.43,19879,180121
400000,13,360174.0,13102,72.04,39826,360174
600000,13,540182.0,14455,82.17,59818,540182
800000,13,719969.0,15812,92.32,80031,719969
1000000,13,900222.0,17170,102.46,99778,900222
2,14,2.0,2,0.01,0,2
3,14,3.0,3,0.02,0,3
100,14,96.0,100,0.5,4,96
200,14,186.0,200,1.0,14,186
2000,14,1794.0,555,2.86,206,1794
10000,14,8959.0,7357,37.06,1041,8959
20000,14,17915.0,9450,47.86,2085,17915
40000,14,35938.0,10176,54.78,4062,35938
60000,14,53949.0,10324,55.92,6051,53949
80000,14,71900.0,10441,56.8,8100,71900
100000,14,89886.0,10611,58.21,10114,89886
200000,14,179786.0,11546,65.86,20214,179786
400000,14,359533.0,12910,76.19,40467,359533
600000,14,539375.0,14258,86.4,60625,539375
800000,14,719417.0,15572,96.18,80583,719417
1000000,14,899299.0,16867,105.9,100701,899299
2,15,1.0,2,0.01,1,1
3,15,1.0,3,0.02,2,1
100,15,84.0,100,0.91,16,84
200,15,172.0,200,1.91,28,172
2000,15,1765.0,1994,19.84,235,1765
10000,15,8880.0,6979,69.57,1120,8880
20000,15,17907.0,7230,71.0,2093,17907
40000,15,35932.0,7850,74.38,4068,35932
60000,15,53940.0,8000,75.45,6060,53940
80000,15,72009.0,8156,76.62,7991,72009
100000,15,90093.0,8293,77.6,9907,90093
200000,15,179954.0,8963,82.55,20046,179954
400000,15,359907.0,10385,92.78,40093,359907
600000,15,539823.0,14860,118.73,60177,539823
800000,15,719749.0,16200,128.76,80251,719749
1000000,15,899561.0,17503,138.62,100439,899561
2,16,1.0,2,0.01,1,1
3,16,2.0,3,0.02,1,2
100,16,85.0,100,0.5,15,85
200,16,177.0,200,1.0,23,177
2000,16,1781.0,1992,10.0,219,1781
10000,16,8931.0,9968,57.49,1069,8931
20000,16,17918.0,11625,72.47,2082,17918
40000,16,35964.0,11759,73.45,4036,35964
60000,16,53982.0,11900,74.49,6018,53982
80000,16,71975.0,12017,75.44,8025,71975
100000,16,90010.0,12147,76.42,9990,90010
200000,16,180065.0,12838,81.61,19935,180065
400000,16,360114.0,14205,91.95,39886,360114
600000,16,540113.0,15548,102.0,59887,540113
800000,16,720090.0,16889,111.99,79910,720090
1000000,16,900232.0,18203,121.83,99768,900232
2,17,1.0,2,0.01,1,1
3,17,2.0,3,0.02,1,2
100,17,93.0,17,0.11,7,93
200,17,182.0,19,0.13,18,182
2000,17,1808.0,30,0.2,192,1808
10000,17,8960.0,97,0.7,1040,8960
20000,17,17947.0,168,1.22,2053,17947
40000,17,35932.0,423,3.39,4068,35932
60000,17,53961.0,1018,9.02,6039,53961
80000,17,71970.0,1150,10.0,8030,71970
100000,17,90036.0,1282,10.97,9964,90036
200000,17,179915.0,2007,16.42,20085,179915
400000,17,359872.0,4270,30.81,40128,359872
600000,17,540107.0,6440,45.18,59893,540107
800000,17,720164.0,7725,54.7,79836,720164
1000000,17,900279.0,9054,64.58,99721,900279
2,18,2.0,2,0.01,0,2
3,18,3.0,3,0.02,0,3
100,18,93.0,100,0.5,7,93
200,18,185.0,200,1.02,15,185
2000,18,1772.0,1975,9.93,228,1772
10000,18,8932.0,9955,49.95,1068,8932
20000,18,17865.0,19914,100.22,2135,17865
40000,18,35707.0,37114,186.92,4293,35707
60000,18,53751.0,37239,187.82,6249,53751
80000,18,71737.0,37368,188.76,8263,71737
100000,18,89744.0,37487,189.65,10256,89744
200000,18,179732.0,38132,194.48,20268,179732
400000,18,359517.0,39505,204.8,40483,359517
600000,18,539563.0,40912,215.42,60437,539563
800000,18,719554.0,42219,225.19,80446,719554
1000000,18,899626.0,43620,235.72,100374,899626
2,19,1.0,2,0.01,1,1
3,19,2.0,3,0.02,1,2
100,19,90.0,99,0.5,10,90
200,19,180.0,198,0.99,20,180
2000,19,1792.0,1993,10.01,208,1792
10000,19,8928.0,9937,55.04,1072,8928
20000,19,17874.0,19082,101.21,2126,17874
40000,19,35707.0,38705,199.98,4293,35707
60000,19,53621.0,58636,299.98,6379,53621
80000,19,71465.0,78500,402.01,8535,71465
100000,19,89403.0,98435,501.99,10597,89403
200000,19,178959.0,198082,1001.82,21041,178959
400000,19,358085.0,397374,2008.5,41915,358085
600000,19,537331.0,543151,2740.61,62669,537331
800000,19,717408.0,544551,2751.07,82592,717408
1000000,19,897348.0,545930,2761.46,102652,897348
2,20,2.0,2,0.01,0,2
3,20,3.0,3,0.02,0,3
100,20,91.0,100,0.5,9,91
200,20,181.0,173,0.87,19,181
2000,20,1774.0,208,1.16,226,1774
10000,20,9008.0,263,1.55,992,9008
20000,20,18040.0,398,2.74,1960,18040
40000,20,36111.0,552,3.9,3889,36111
60000,20,54122.0,690,4.91,5878,54122
80000,20,72099.0,823,5.89,7901,72099
100000,20,90023.0,940,6.79,9977,90023
200000,20,179978.0,1600,11.71,20022,179978
400000,20,359973.0,2962,22.2,40027,359973
600000,20,539957.0,4253,31.87,60043,539957
800000,20,719983.0,5598,41.82,80017,719983
1000000,20,899906.0,6903,51.58,100094,899906
2,21,2.0,2,0.01,0,2
3,21,3.0,3,0.02,0,3
100,21,91.0,100,0.5,9,91
200,21,183.0,200,1.1,17,183
2000,21,1795.0,1986,10.06,205,1795
10000,21,8966.0,9866,49.59,1034,8966
20000,21,17889.0,19837,99.62,2111,17889
40000,21,35827.0,39340,197.51,4173,35827
60000,21,53807.0,43048,216.38,6193,53807
80000,21,71835.0,43177,217.4,8165,71835
100000,21,89875.0,43314,218.4,10125,89875
200000,21,179859.0,43989,223.5,20141,179859
400000,21,359918.0,45316,233.5,40082,359918
600000,21,540228.0,46643,243.61,59772,540228
800000,21,720244.0,47914,253.2,79756,720244
1000000,21,900273.0,49252,263.24,99727,900273
2,22,2.0,2,0.01,0,2
3,22,3.0,3,0.02,0,3
100,22,90.0,100,0.5,10,90
200,22,182.0,179,0.9,18,182
2000,22,1790.0,1973,10.01,210,1790
10000,22,8958.0,9940,50.04,1042,8958
20000,22,17881.0,19783,99.47,2119,17881
40000,22,35823.0,39657,199.12,4177,35823
60000,22,53771.0,59586,299.12,6229,53771
80000,22,71671.0,79515,399.1,8329,71671
100000,22,89605.0,99445,499.08,10395,89605
200000,22,179061.0,198977,998.44,20939,179061
400000,22,358190.0,398070,1997.44,41810,358190
600000,22,537334.0,580596,2913.38,62666,537334
800000,22,716541.0,732190,3674.81,83459,716541
1000000,22,896568.0,733486,3684.39,103432,896568
2,23,2.0,2,0.01,0,2
3,23,3.0,3,0.02,0,3
100,23,90.0,100,0.5,10,90
200,23,175.0,200,1.0,25,175
2000,23,1786.0,1980,9.95,214,1786
10000,23,8911.0,9952,49.91,1089,8911
20000,23,17859.0,19925,99.95,2141,17859
40000,23,35749.0,39778,200.06,4251,35749
60000,23,53637.0,59695,299.9,6363,53637
80000,23,71498.0,79614,399.85,8502,71498
100000,23,89343.0,99536,499.79,10657,89343
200000,23,178849.0,199220,999.77,21151,178849
400000,23,357970.0,398565,1999.91,42030,357970
600000,23,536919.0,597910,3001.8,63081,536919
800000,23,715731.0,797231,4001.84,84269,715731
1000000,23,894799.0,996591,5002.15,105201,894799
2,24,2.0,2,0.01,0,2
3,24,3.0,3,0.02,0,3
100,24,90.0,100,0.5,10,90
200,24,182.0,200,1.0,18,182
2000,24,1788.0,1982,10.54,212,1788
10000,24,8985.0,9956,50.59,1015,8985
20000,24,17930.0,19916,100.55,2070,17930
40000,24,35852.0,39268,197.69,4148,35852
60000,24,53727.0,59109,297.22,6273,53727
80000,24,71701.0,79045,397.2,8299,71701
100000,24,89580.0,98974,497.2,10420,89580
200000,24,178972.0,198633,997.18,21028,178972
400000,24,358008.0,397969,1997.36,41992,358008
600000,24,537065.0,597332,2997.5,62935,537065
800000,24,716245.0,796046,3994.34,83755,716245
1000000,24,895261.0,995193,4993.43,104739,895261
2,25,2.0,2,0.01,0,2
3,25,3.0,3,0.02,0,3
100,25,96.0,35,0.18,4,96
200,25,186.0,53,0.27,14,186
2000,25,1795.0,119,0.81,205,1795
10000,25,9016.0,163,1.12,984,9016
20000,25,18065.0,237,1.61,1935,18065
40000,25,36010.0,375,2.65,3990,36010
60000,25,53998.0,489,3.53,6002,53998
80000,25,71971.0,648,4.67,8029,71971
100000,25,89998.0,793,5.74,10002,89998
200000,25,180147.0,1464,10.85,19853,180147
400000,25,360090.0,2763,20.47,39910,360090
600000,25,540046.0,4063,30.35,59954,540046
800000,25,719952.0,6532,46.08,80048,719952
1000000,25,899907.0,7952,56.47,100093,899907
2,26,2.0,2,0.01,0,2
3,26,3.0,3,0.02,0,3
100,26,87.0,100,0.51,13,87
200,26,177.0,200,1.01,23,177
2000,26,1784.0,1992,9.99,216,1784
10000,26,8952.0,9969,49.97,1048,8952
20000,26,17947.0,12497,64.06,2053,17947
40000,26,36021.0,12629,65.05,3979,36021
60000,26,54044.0,12758,66.02,5956,54044
80000,26,72011.0,13086,68.99,7989,72011
100000,26,89906.0,13304,70.84,10094,89906
200000,26,179856.0,13979,75.83,20144,179856
400000,26,359786.0,15325,85.92,40214,359786
600000,26,539957.0,16645,95.76,60043,539957
800000,26,719863.0,17955,105.59,80137,719863
1000000,26,899658.0,19282,115.5,100342,899658
2,27,2.0,2,0.01,0,2
3,27,3.0,3,0.02,0,3
100,27,89.0,76,0.38,11,89
200,27,181.0,175,0.88,19,181
2000,27,1769.0,1957,9.82,231,1769
10000,27,8966.0,9920,49.86,1034,8966
20000,27,17926.0,19895,100.58,2074,17926
40000,27,35792.0,39554,199.55,4208,35792
60000,27,53691.0,59350,298.89,6309,53691
80000,27,71552.0,79282,398.85,8448,71552
100000,27,89484.0,99223,498.85,10516,89484
200000,27,179497.0,103499,521.92,20503,179497
400000,27,359545.0,104828,531.99,40455,359545
600000,27,539519.0,106137,541.97,60481,539519
800000,27,719383.0,107541,552.58,80617,719383
1000000,27,899557.0,108866,562.63,100443,899557
2,28,1.0,2,0.01,1,1
3,28,2.0,3,0.02,1,2
100,28,86.0,100,0.55,14,86
200,28,169.0,198,1.04,31,169
2000,28,1792.0,1996,10.06,208,1792
10000,28,8948.0,9973,50.07,1052,8948
20000,28,17940.0,19953,100.15,2060,17940
40000,28,35863.0,39043,217.31,4137,35863
60000,28,53705.0,58981,323.57,6295,53705
80000,28,71642.0,78899,423.68,8358,71642
100000,28,89554.0,98821,523.67,10446,89554
200000,28,179144.0,196337,1013.19,20856,179144
400000,28,358108.0,395631,2013.55,41892,358108
600000,28,537660.0,495075,2514.16,62340,537660
800000,28,717768.0,496445,2524.42,82232,717768
1000000,28,897857.0,497775,2534.34,102143,897857
2,29,2.0,2,0.01,0,2
3,29,2.0,3,0.02,1,2
100,29,96.0,100,0.67,4,96
200,29,186.0,200,1.2,14,186
2000,29,1783.0,1993,10.32,217,1783
10000,29,8917.0,9969,72.26,1083,8917
20000,29,17887.0,19940,123.99,2113,17887
40000,29,35728.0,39877,223.99,4272,35728
60000,29,53751.0,51691,283.42,6249,53751
80000,29,71750.0,51824,284.42,8250,71750
100000,29,89758.0,51959,285.41,10242,89758
200000,29,179581.0,52587,289.96,20419,179581
400000,29,359663.0,53919,300.0,40337,359663
600000,29,539553.0,55249,309.96,60447,539553
800000,29,719407.0,56523,319.4,80593,719407
1000000,29,899232.0,57879,329.62,100768,899232
2,30,2.0,2,0.01,0,2
3,30,3.0,3,0.02,0,3
100,30,89.0,100,0.5,11,89
200,30,178.0,200,1.01,22,178
2000,30,1817.0,301,1.54,183,1817
10000,30,9069.0,352,1.93,931,9069
20000,30,18083.0,421,2.44,1917,18083
40000,30,36160.0,592,3.82,3840,36160
60000,30,54184.0,821,5.58,5816,54184
80000,30,72087.0,1252,8.21,7913,72087
100000,30,90044.0,4695,31.08,9956,90044
200000,30,180040.0,5539,37.35,19960,180040
400000,30,360151.0,6923,48.01,39849,360151
600000,30,540327.0,8266,58.0,59673,540327
800000,30,720349.0,9621,68.19,79651,720349
1000000,30,900218.0,10948,78.13,99782,900218
2,31,2.0,2,0.01,0,2
3,31,3.0,3,0.02,0,3
100,31,90.0,30,0.15,10,90
200,31,176.0,34,0.19,24,176
2000,31,1803.0,59,0.36,197,1803
10000,31,9032.0,108,0.68,968,9032
20000,31,18000.0,9013,45.36,2000,18000
40000,31,35938.0,26202,131.65,4062,35938
60000,31,54010.0,26629,134.09,5990,54010
80000,31,72010.0,26759,135.05,7990,72010
100000,31,90017.0,26882,135.98,9983,90017
200000,31,179901.0,27566,141.14,20099,179901
400000,31,359993.0,28888,151.03,40007,359993
600000,31,540041.0,30258,161.27,59959,540041
800000,31,720031.0,31561,171.0,79969,720031
1000000,31,899970.0,32889,181.04,100030,899970
2,32,1.0,2,0.01,1,1
3,32,2.0,3,0.02,1,2
100,32,87.0,72,0.36,13,87
200,32,172.0,73,0.37,28,172
2000,32,1833.0,101,0.6,167,1833
10000,32,9015.0,194,1.43,985,9015
20000,32,17996.0,262,1.9,2004,17996
40000,32,36029.0,490,3.46,3971,36029
60000,32,53972.0,661,4.59,6028,53972
80000,32,72002.0,817,5.73,7998,72002
100000,32,90044.0,956,6.77,9956,90044
200000,32,179998.0,1658,11.9,20002,179998
400000,32,359938.0,3312,23.45,40062,359938
600000,32,539835.0,4658,33.59,60165,539835
800000,32,719628.0,6010,43.71,80372,719628
1000000,32,899625.0,7296,53.35,100375,899625
2,33,2.0,2,0.01,0,2
3,33,3.0,3,0.02,0,3
100,33,88.0,38,0.25,12,88
200,33,179.0,38,0.25,21,179
2000,33,1775.0,46,0.31,225,1775
10000,33,8973.0,100,0.71,1027,8973
20000,33,17997.0,164,1.19,2003,17997
40000,33,35981.0,294,2.15,4019,35981
60000,33,53942.0,423,3.15,6058,53942
80000,33,71841.0,551,4.07,8159,71841
100000,33,89763.0,691,5.13,10237,89763
200000,33,179722.0,1326,9.93,20278,179722
400000,33,359967.0,2637,19.67,40033,359967
600000,33,539988.0,4369,31.96,60012,539988
800000,33,719988.0,5672,41.61,80012,719988
1000000,33,899893.0,7044,51.93,100107,899893
2,34,2.0,2,0.01,0,2
3,34,3.0,3,0.02,0,3
100,34,96.0,27,0.14,4,96
200,34,178.0,40,0.22,22,178
2000,34,1812.0,46,0.25,188,1812
10000,34,9014.0,111,0.75,986,9014
20000,34,17983.0,211,1.54,2017,17983
40000,34,35955.0,2695,26.13,4045,35955
60000,34,53942.0,2854,27.24,6058,53942
80000,34,71915.0,2985,28.21,8085,71915
100000,34,90004.0,3108,29.15,9996,90004
200000,34,180010.0,3774,34.15,19990,180010
400000,34,359879.0,9448,65.92,40121,359879
600000,34,539884.0,10806,76.15,60116,539884
800000,34,719829.0,12114,86.05,80171,719829
1000000,34,899656.0,13485,96.35,100344,899656
2,35,2.0,2,0.01,0,2
3,35,3.0,3,0.02,0,3
100,35,88.0,98,0.49,12,88
200,35,180.0,198,0.99,20,180
2000,35,1781.0,1990,14.86,219,1781
10000,35,8939.0,9970,55.01,1061,8939
20000,35,17898.0,19885,104.78,2102,17898
40000,35,35836.0,39708,204.21,4164,35836
60000,35,53679.0,59577,303.93,6321,53679
80000,35,71591.0,79511,404.0,8409,71591
100000,35,89456.0,99451,504.01,10544,89456
200000,35,179110.0,198974,1003.43,20890,179110
400000,35,357948.0,396744,1995.63,42052,357948
600000,35,536985.0,596046,2995.53,63015,536985
800000,35,715893.0,795360,3995.47,84107,715893
1000000,35,894845.0,994719,4995.7,105155,894845
2,36,2.0,2,0.01,0,2
3,36,3.0,3,0.02,0,3
100,36,93.0,100,0.5,7,93
200,36,178.0,198,0.99,22,178
2000,36,1800.0,1994,9.99,200,1800
10000,36,8960.0,9565,48.03,1040,8960
20000,36,17896.0,15030,75.51,2104,17896
40000,36,35955.0,15189,76.81,4045,35955
60000,36,53973.0,15332,77.94,6027,53973
80000,36,71933.0,15481,79.01,8067,71933
100000,36,89943.0,15613,80.04,10057,89943
200000,36,179806.0,16269,84.99,20194,179806
400000,36,359767.0,17640,95.18,40233,359767
600000,36,539801.0,19007,105.59,60199,539801
800000,36,719839.0,20371,115.83,80161,719839
1000000,36,899906.0,21720,126.07,100094,899906
2,37,2.0,2,0.01,0,2
3,37,3.0,3,0.02,0,3
100,37,96.0,100,0.5,4,96
200,37,184.0,200,1.02,16,184
2000,37,1816.0,1970,9.9,184,1816
10000,37,8950.0,9936,49.83,1050,8950
20000,37,17915.0,19854,99.59,2085,17915
40000,37,35817.0,39783,199.64,4183,35817
60000,37,53699.0,59674,299.55,6301,53699
80000,37,71560.0,79595,399.54,8440,71560
100000,37,89470.0,99531,499.59,10530,89470
200000,37,178809.0,198928,998.16,21191,178809
400000,37,358112.0,317441,1594.25,41888,358112
600000,37,538010.0,318818,1604.48,61990,538010
800000,37,718184.0,320098,1613.95,81816,718184
1000000,37,898426.0,321406,1623.74,101574,898426
2,38,2.0,2,0.01,0,2
3,38,3.0,3,0.02,0,3
100,38,88.0,44,0.22,12,88
200,38,176.0,45,0.23,24,176
2000,38,1805.0,73,0.47,195,1805
10000,38,8995.0,135,0.95,1005,8995
20000,38,18009.0,192,1.37,1991,18009
40000,38,35966.0,323,2.29,4034,35966
60000,38,53986.0,486,3.48,6014,53986
80000,38,71990.0,663,4.93,8010,71990
100000,38,89932.0,791,5.94,10068,89932
200000,38,179922.0,1535,11.26,20078,179922
400000,38,359789.0,5451,34.23,40211,359789
600000,38,539745.0,6814,44.56,60255,539745
800000,38,719652.0,8098,54.21,80348,719652
1000000,38,899733.0,9406,63.94,100267,899733
2,39,2.0,2,0.01,0,2
3,39,3.0,3,0.02,0,3
100,39,95.0,100,0.5,5,95
200,39,185.0,200,1.04,15,185
2000,39,1813.0,1379,7.22,187,1813
10000,39,9042.0,1581,8.46,958,9042
20000,39,18052.0,1650,8.99,1948,18052
40000,39,36028.0,2077,11.49,3972,36028
60000,39,54030.0,2323,13.63,5970,54030
80000,39,72038.0,2454,14.6,7962,72038
100000,39,90044.0,2596,15.67,9956,90044
200000,39,180179.0,3474,21.76,19821,180179
400000,39,360305.0,4938,32.4,39695,360305
600000,39,540276.0,6541,43.61,59724,540276
800000,39,720423.0,7830,53.21,79577,720423
1000000,39,900400.0,9146,63.06,99600,900400
2,40,2.0,2,0.01,0,2
3,40,2.0,3,0.02,1,2
100,40,86.0,100,0.79,14,86
200,40,180.0,200,1.79,20,180
2000,40,1805.0,1982,19.6,195,1805
10000,40,8946.0,6471,64.17,1054,8946
20000,40,17929.0,6535,64.66,2071,17929
40000,40,35928.0,6653,65.53,4072,35928
60000,40,53883.0,6810,66.74,6117,53883
80000,40,71851.0,6952,67.82,8149,71851
100000,40,89870.0,7110,69.0,10130,89870
200000,40,179903.0,7731,73.56,20097,179903
400000,40,360082.0,8994,83.13,39918,360082
600000,40,540043.0,10356,93.46,59957,540043
800000,40,720013.0,11747,103.89,79987,720013
1000000,40,899900.0,13024,113.55,100100,899900
2,41,2.0,2,0.01,0,2
3,41,2.0,3,0.02,1,2
100,41,80.0,100,0.5,20,80
200,41,165.0,200,1.0,35,165
2000,41,1782.0,1965,9.86,218,1782
10000,41,8903.0,9919,49.92,1097,8903
20000,41,17850.0,19888,99.92,2150,17850
40000,41,35724.0,39831,199.97,4276,35724
60000,41,53689.0,59771,300.03,6311,53689
80000,41,71648.0,79712,400.05,8352,71648
100000,41,89508.0,99652,500.08,10492,89508
200000,41,178969.0,199310,1000.29,21031,178969
400000,41,357774.0,397748,1995.6,42226,357774
600000,41,537381.0,462570,2323.36,62619,537381
800000,41,717282.0,463873,2333.26,82718,717282
1000000,41,897089.0,465187,2343.08,102911,897089
2,42,2.0,2,0.01,0,2
3,42,3.0,3,0.02,0,3
100,42,90.0,100,0.52,10,90
200,42,175.0,200,1.02,25,175
2000,42,1790.0,1991,10.01,210,1790
10000,42,8945.0,9972,50.03,1055,8945
20000,42,17953.0,16022,80.4,2047,17953
40000,42,35975.0,16565,85.52,4025,35975
60000,42,54002.0,16702,86.57,5998,54002
80000,42,72021.0,16840,87.59,7979,72021
100000,42,89941.0,17024,89.14,10059,89941
200000,42,179828.0,18745,104.83,20172,179828
400000,42,359727.0,21083,124.99,40273,359727
600000,42,539682.0,22418,134.94,60318,539682
800000,42,719483.0,23754,144.97,80517,719483
1000000,42,899483.0,25095,155.0,100517,899483
2,43,2.0,2,0.01,0,2
3,43,3.0,3,0.02,0,3
100,43,92.0,100,0.5,8,92
200,43,178.0,200,1.0,22,178
2000,43,1772.0,1996,10.01,228,1772
10000,43,8873.0,9976,54.57,1127,8873
20000,43,17800.0,19936,148.69,2200,17800
40000,43,35601.0,39859,347.59,4399,35601
60000,43,53489.0,59799,546.65,6511,53489
80000,43,71286.0,79727,745.52,8714,71286
100000,43,89188.0,99645,944.34,10812,89188
200000,43,178081.0,198304,1929.34,21919,178081
400000,43,356267.0,397597,3918.81,43733,356267
600000,43,534047.0,596924,5908.95,65953,534047
800000,43,712064.0,796238,7898.74,87936,712064
1000000,43,890206.0,995538,9888.44,109794,890206
2,44,2.0,2,0.01,0,2
3,44,3.0,3,0.02,0,3
100,44,89.0,28,0.14,11,89
200,44,174.0,29,0.15,26,174
2000,44,1787.0,40,0.23,213,1787
10000,44,8965.0,103,0.74,1035,8965
20000,44,17930.0,2819,14.46,2070,17930
40000,44,35890.0,2963,15.57,4110,35890
60000,44,53920.0,3108,16.67,6080,53920
80000,44,71943.0,3221,17.57,8057,71943
100000,44,89921.0,3353,18.59,10079,89921
200000,44,179861.0,4014,23.5,20139,179861
400000,44,359792.0,5306,33.12,40208,359792
600000,44,539652.0,6636,43.18,60348,539652
800000,44,719561.0,7996,53.22,80439,719561
1000000,44,899445.0,9313,63.11,100555,899445
2,45,2.0,2,0.01,0,2
3,45,3.0,3,0.02,0,3
100,45,89.0,100,0.5,11,89
200,45,181.0,200,1.34,19,181
2000,45,1769.0,1976,18.47,231,1769
10000,45,8837.0,9937,97.68,1163,8837
20000,45,17769.0,19886,197.0,2231,17769
40000,45,35582.0,39803,395.82,4418,35582
60000,45,53297.0,59460,592.06,6703,53297
80000,45,71219.0,70458,701.75,8781,71219
100000,45,89274.0,70585,702.72,10726,89274
200000,45,179115.0,71229,707.45,20885,179115
400000,45,359076.0,72961,719.38,40924,359076
600000,45,539053.0,74332,729.64,60947,539053
800000,45,719009.0,75668,739.72,80991,719009
1000000,45,899004.0,77045,750.09,100996,899004
2,46,2.0,2,0.01,0,2
3,46,3.0,3,0.02,0,3
100,46,89.0,100,0.5,11,89
200,46,180.0,200,1.0,20,180
2000,46,1761.0,1945,9.81,239,1761
10000,46,8932.0,9439,47.39,1068,8932
20000,46,17938.0,9481,47.69,2062,17938
40000,46,35916.0,9619,48.69,4084,35916
60000,46,53905.0,9748,49.64,6095,53905
80000,46,71910.0,9875,50.53,8090,71910
100000,46,89834.0,10021,51.65,10166,89834
200000,46,179812.0,11741,67.25,20188,179812
400000,46,359832.0,13031,76.7,40168,359832
600000,46,539984.0,14413,87.01,60016,539984
800000,46,719872.0,15714,96.68,80128,719872
1000000,46,899579.0,17081,107.05,100421,899579
2,47,2.0,2,0.02,0,2
3,47,3.0,3,0.03,0,3
100,47,87.0,100,0.59,13,87
200,47,179.0,177,0.98,21,179
2000,47,1778.0,1971,9.98,222,1778
10000,47,8966.0,3353,17.01,1034,8966
20000,47,17984.0,3415,17.49,2016,17984
40000,47,35936.0,3540,18.41,4064,35936
60000,47,53942.0,3770,20.39,6058,53942
80000,47,72003.0,4301,25.38,7997,72003
100000,47,90027.0,4442,26.45,9973,90027
200000,47,180006.0,5073,31.29,19994,180006
400000,47,360048.0,6493,42.03,39952,360048
600000,47,540106.0,7783,51.66,59894,540106
800000,47,720224.0,9137,61.9,79776,720224
1000000,47,900146.0,10458,71.59,99854,900146
2,48,1.0,2,0.01,1,1
3,48,2.0,3,0.02,1,2
100,48,89.0,96,0.48,11,89
200,48,180.0,195,0.98,20,180
2000,48,1805.0,1974,9.92,195,1805
10000,48,8968.0,9947,49.93,1032,8968
20000,48,17910.0,19917,99.97,2090,17910
40000,48,35911.0,39849,199.87,4089,35911
60000,48,53886.0,59782,312.7,6114,53886
80000,48,71746.0,79723,413.94,8254,71746
100000,48,89622.0,99658,513.98,10378,89622
200000,48,179536.0,108563,560.25,20464,179536
400000,48,359275.0,109902,570.26,40725,359275
600000,48,539350.0,111223,580.19,60650,539350
800000,48,719330.0,112539,590.12,80670,719330
1000000,48,899509.0,113839,599.83,100491,899509
2,49,2.0,2,0.01,0,2
3,49,3.0,3,0.02,0,3
100,49,91.0,100,0.5,9,91
200,49,180.0,174,0.87,20,180
2000,49,1802.0,200,1.11,198,1802
10000,49,8984.0,264,1.58,1016,8984
20000,49,17935.0,323,2.06,2065,17935
40000,49,35828.0,739,4.52,4172,35828
60000,49,53839.0,859,5.39,6161,53839
80000,49,71785.0,981,6.25,8215,71785
100000,49,89847.0,1116,7.3,10153,89847
200000,49,179840.0,1826,12.46,20160,179840
400000,49,359769.0,3252,22.99,40231,359769
600000,49,539635.0,4721,33.69,60365,539635
800000,49,719674.0,6103,44.15,80326,719674
1000000,49,899670.0,7507,54.8,100330,899670
2,50,2.0,2,0.01,0,2
3,50,3.0,3,0.02,0,3
100,50,88.0,100,0.51,12,88
200,50,182.0,200,1.01,18,182
2000,50,1800.0,1995,10.0,200,1800
10000,50,8912.0,9970,50.23,1088,8912
20000,50,17890.0,19937,100.31,2110,17890
40000,50,35772.0,39860,200.31,4228,35772
60000,50,53656.0,59795,300.38,6344,53656
80000,50,71633.0,79721,401.6,8367,71633
100000,50,89541.0,99643,501.54,10459,89541
200000,50,179043.0,199319,1001.6,20957,179043
400000,50,359141.0,244240,1229.45,40859,359141
600000,50,539476.0,245573,1239.28,60524,539476
800000,50,719537.0,246915,1249.32,80463,719537
1000000,50,899564.0,248263,1259.53,100436,899564
2,51,2.0,2,0.01,0,2
3,51,3.0,3,0.02,0,3
100,51,90.0,91,0.88,10,90
200,51,178.0,191,1.88,22,178
2000,51,1773.0,1986,19.82,227,1773
10000,51,8955.0,9208,91.78,1045,8955
20000,51,17945.0,9279,92.32,2055,17945
40000,51,35976.0,9428,93.42,4024,35976
60000,51,53959.0,9569,94.47,6041,53959
80000,51,71920.0,9700,95.51,8080,71920
100000,51,89996.0,9838,96.53,10004,89996
200000,51,180045.0,10692,102.37,19955,180045
400000,51,360163.0,13305,118.87,39837,360163
600000,51,540248.0,14643,129.01,59752,540248
800000,51,720416.0,15966,139.0,79584,720416
1000000,51,900384.0,17289,148.99,99616,900384
2,52,2.0,2,0.01,0,2
3,52,3.0,3,0.02,0,3
100,52,86.0,100,0.77,14,86
200,52,179.0,200,1.31,21,179
2000,52,1795.0,455,2.61,205,1795
10000,52,8969.0,511,3.01,1031,8969
20000,52,17999.0,572,3.49,2001,17999
40000,52,35998.0,715,4.61,4002,35998
60000,52,53967.0,842,5.57,6033,53967
80000,52,71965.0,1123,8.06,8035,71965
100000,52,89952.0,1315,9.58,10048,89952
200000,52,179946.0,2124,15.39,20054,179946
400000,52,360127.0,3439,25.28,39873,360127
600000,52,539990.0,4778,35.25,60010,539990
800000,52,720278.0,6105,45.12,79722,720278
1000000,52,900268.0,7412,54.93,99732,900268
2,53,2.0,2,0.01,0,2
3,53,2.0,3,0.02,1,2
100,53,95.0,100,0.5,5,95
200,53,185.0,200,1.04,15,185
2000,53,1821.0,1995,10.07,179,1821
10000,53,8977.0,9965,50.11,1023,8977
20000,53,17996.0,19935,100.14,2004,17996
40000,53,35934.0,39870,200.12,4066,35934
60000,53,53849.0,57954,290.84,6151,53849
80000,53,71875.0,58081,291.75,8125,71875
100000,53,89886.0,58235,292.86,10114,89886
200000,53,179754.0,58904,298.02,20246,179754
400000,53,359850.0,60336,309.01,40150,359850
600000,53,539657.0,61644,318.74,60343,539657
800000,53,719525.0,62933,328.36,80475,719525
1000000,53,899294.0,64306,338.61,100706,899294
2,54,2.0,2,0.01,0,2
3,54,3.0,3,0.02,0,3
100,54,89.0,100,0.5,11,89
200,54,180.0,161,0.83,20,180
2000,54,1799.0,171,0.91,201,1799
10000,54,9024.0,235,1.38,976,9024
20000,54,18023.0,296,1.81,1977,18023
40000,54,35961.0,447,3.03,4039,35961
60000,54,53971.0,571,3.97,6029,53971
80000,54,71975.0,691,4.91,8025,71975
100000,54,89925.0,828,5.96,10075,89925
200000,54,180100.0,1512,11.1,19900,180100
400000,54,359988.0,2800,20.89,40012,359988
600000,54,539859.0,4106,30.71,60141,539859
800000,54,720115.0,5463,40.86,79885,720115
1000000,54,899953.0,6802,50.95,100047,899953
2,55,2.0,2,0.01,0,2
3,55,3.0,3,0.02,0,3
100,55,91.0,100,0.5,9,91
200,55,182.0,200,1.0,18,182
2000,55,1807.0,1914,9.75,193,1807
10000,55,8947.0,9888,49.74,1053,8947
20000,55,17880.0,19828,99.95,2120,17880
40000,55,35778.0,39767,199.91,4222,35778
60000,55,53679.0,59707,299.93,6321,53679
80000,55,71607.0,79642,399.87,8393,71607
100000,55,89581.0,99576,499.9,10419,89581
200000,55,179093.0,196539,986.4,20907,179093
400000,55,357915.0,388294,1948.49,42085,357915
600000,55,536977.0,587663,2948.59,63023,536977
800000,55,716070.0,736941,3698.47,83930,716070
1000000,55,895877.0,738290,3708.65,104123,895877
2,56,2.0,2,0.01,0,2
3,56,3.0,3,0.02,0,3
100,56,93.0,100,0.5,7,93
200,56,183.0,168,0.84,17,183
2000,56,1795.0,323,1.64,205,1795
10000,56,8994.0,447,2.69,1006,8994
20000,56,18034.0,518,3.21,1966,18034
40000,56,35979.0,652,4.18,4021,35979
60000,56,54022.0,789,5.25,5978,54022
80000,56,72042.0,917,6.2,7958,72042
100000,56,89982.0,1023,6.98,10018,89982
200000,56,180109.0,1682,11.99,19891,180109
400000,56,360326.0,2938,21.44,39674,360326
600000,56,540323.0,4472,33.4,59677,540323
800000,56,720381.0,5783,43.22,79619,720381
1000000,56,900387.0,7102,52.92,99613,900387
2,57,2.0,2,0.01,0,2
3,57,3.0,3,0.02,0,3
100,57,91.0,92,0.46,9,91
200,57,181.0,192,0.96,19,181
2000,57,1790.0,1985,9.97,210,1790
10000,57,8954.0,9959,49.98,1046,8954
20000,57,17919.0,19918,99.96,2081,17919
40000,57,35839.0,39828,199.86,4161,35839
60000,57,53725.0,59765,299.99,6275,53725
80000,57,71599.0,79681,399.9,8401,71599
100000,57,89574.0,83838,420.97,10426,89574
200000,57,179425.0,84514,426.08,20575,179425
400000,57,359329.0,85841,436.04,40671,359329
600000,57,539168.0,87190,446.02,60832,539168
800000,57,719293.0,88526,456.06,80707,719293
1000000,57,899206.0,89878,466.26,100794,899206
2,58,2.0,2,0.01,0,2
3,58,3.0,3,0.02,0,3
100,58,90.0,100,0.5,10,90
200,58,181.0,200,1.0,19,181
2000,58,1780.0,1992,10.94,220,1780
10000,58,8910.0,9965,90.59,1090,8910
20000,58,17793.0,19928,190.06,2207,17793
40000,58,35543.0,39867,389.05,4457,35543
60000,58,53390.0,59792,588.06,6610,53390
80000,58,71101.0,79720,787.03,8899,71101
100000,58,88881.0,99603,984.8,11119,88881
200000,58,178280.0,199238,1484.7,21720,178280
400000,58,358292.0,202586,1504.75,41708,358292
600000,58,538146.0,203900,1514.56,61854,538146
800000,58,718348.0,205194,1524.29,81652,718348
1000000,58,898008.0,206518,1534.03,101992,898008
2,59,1.0,2,0.01,1,1
3,59,2.0,3,0.02,1,2
100,59,92.0,100,0.5,8,92
200,59,186.0,188,0.94,14,186
2000,59,1810.0,1981,9.95,190,1810
10000,59,8980.0,9941,51.3,1020,8980
20000,59,17919.0,19211,97.93,2081,17919
40000,59,35871.0,19305,98.6,4129,35871
60000,59,53882.0,19443,99.71,6118,53882
80000,59,71833.0,19567,100.62,8167,71833
100000,59,89835.0,19689,101.5,10165,89835
200000,59,179955.0,21251,115.32,20045,179955
400000,59,360187.0,22622,125.56,39813,360187
600000,59,540055.0,23955,135.48,59945,540055
800000,59,719825.0,25295,145.52,80175,719825
1000000,59,900143.0,26615,155.53,99857,900143
2,60,2.0,2,0.01,0,2
3,60,3.0,3,0.02,0,3
100,60,88.0,100,0.5,12,88
200,60,177.0,198,0.99,23,177
2000,60,1786.0,1996,10.53,214,1786
10000,60,8937.0,9936,50.56,1063,8937
20000,60,17889.0,19908,100.57,2111,17889
40000,60,35779.0,39795,200.97,4221,35779
60000,60,53689.0,59728,300.88,6311,53689
80000,60,71542.0,79666,401.47,8458,71542
100000,60,89466.0,99594,501.38,10534,89466
200000,60,179094.0,197646,993.22,20906,179094
400000,60,358349.0,396981,1993.12,41651,358349
600000,60,537759.0,495729,2490.14,62241,537759
800000,60,717746.0,497081,2500.28,82254,717746
1000000,60,897790.0,498406,2510.29,102210,897790
2,61,1.0,2,0.01,1,1
3,61,1.0,3,0.02,2,1
100,61,93.0,100,0.5,7,93
200,61,181.0,200,1.0,19,181
2000,61,1794.0,1990,10.19,206,1794
10000,61,8929.0,9803,49.36,1071,8929
20000,61,17828.0,15169,78.46,2172,17828
40000,61,35801.0,15316,79.57,4199,35801
60000,61,53811.0,15442,80.5,6189,53811
80000,61,71765.0,15572,81.51,8235,71765
100000,61,89731.0,15709,82.53,10269,89731
200000,61,179706.0,16348,87.42,20294,179706
400000,61,359674.0,17665,97.42,40326,359674
600000,61,539729.0,19021,107.64,60271,539729
800000,61,719904.0,20287,117.12,80096,719904
1000000,61,899782.0,21722,127.91,100218,899782
2,62,2.0,2,0.01,0,2
3,62,3.0,3,0.02,0,3
100,62,86.0,100,0.5,14,86
200,62,179.0,200,1.0,21,179
2000,62,1784.0,1993,10.0,216,1784
10000,62,8983.0,4311,21.9,1017,8983
20000,62,17965.0,4376,22.35,2035,17965
40000,62,36010.0,4523,23.45,3990,36010
60000,62,54009.0,4663,24.5,5991,54009
80000,62,71951.0,4807,25.54,8049,71951
100000,62,89887.0,4946,26.61,10113,89887
200000,62,179823.0,5619,31.75,20177,179823
400000,62,359692.0,6952,41.76,40308,359692
600000,62,539754.0,8368,52.3,60246,539754
800000,62,719707.0,9677,62.21,80293,719707
1000000,62,899662.0,11063,72.58,100338,899662
2,63,1.0,2,0.01,1,1
3,63,2.0,3,0.02,1,2
100,63,85.0,82,0.43,15,85
200,63,172.0,182,0.94,28,172
2000,63,1774.0,1974,9.94,226,1774
10000,63,8974.0,9944,49.91,1026,8974
20000,63,17865.0,19916,99.91,2135,17865
40000,63,35785.0,39823,199.81,4215,35785
60000,63,53727.0,59561,298.86,6273,53727
80000,63,71597.0,79479,398.81,8403,71597
100000,63,89513.0,99402,498.71,10487,89513
200000,63,179464.0,114815,577.31,20536,179464
400000,63,359226.0,116188,587.65,40774,359226
600000,63,539240.0,117633,598.48,60760,539240
800000,63,719316.0,118992,608.76,80684,719316
1000000,63,899160.0,120282,618.41,100840,899160
2,64,2.0,2,0.01,0,2
3,64,2.0,3,0.02,1,2
100,64,91.0,100,0.5,9,91
200,64,184.0,200,1.02,16,184
2000,64,1794.0,1991,9.99,206,1794
10000,64,8969.0,9961,50.07,1031,8969
20000,64,17926.0,19907,99.94,2074,17926
40000,64,35827.0,39785,199.81,4173,35827
60000,64,53729.0,59724,299.85,6271,53729
80000,64,71681.0,79651,399.75,8319,71681
100000,64,89573.0,99584,499.8,10427,89573
200000,64,179069.0,199218,999.53,20931,179069
400000,64,358241.0,398524,2000.27,41759,358241
600000,64,537213.0,597877,3000.33,62787,537213
800000,64,716336.0,796924,3998.86,83664,716336
1000000,64,895664.0,994672,4990.79,104336,895664
2,65,2.0,2,0.01,0,2
3,65,3.0,3,0.02,0,3
100,65,94.0,91,0.46,6,94
200,65,184.0,191,0.96,16,184
2000,65,1791.0,1978,10.0,209,1791
10000,65,8942.0,9292,46.73,1058,8942
20000,65,17881.0,19206,96.41,2119,17881
40000,65,35865.0,39154,196.51,4135,35865
60000,65,53837.0,59085,296.44,6163,53837
80000,65,71746.0,78997,396.35,8254,71746
100000,65,89579.0,98875,496.05,10421,89579
200000,65,179100.0,198559,1010.82,20900,179100
400000,65,358441.0,397908,2010.76,41559,358441
600000,65,537525.0,597230,3010.63,62475,537525
800000,65,716871.0,743076,3756.04,83129,716871
1000000,65,896770.0,744403,3765.85,103230,896770
2,66,1.0,2,0.01,1,1
3,66,2.0,3,0.02,1,2
100,66,89.0,51,0.27,11,89
200,66,178.0,53,0.29,22,178
2000,66,1780.0,70,0.4,220,1780
10000,66,8973.0,126,0.8,1027,8973
20000,66,17993.0,194,1.28,2007,17993
40000,66,35947.0,335,2.35,4053,35947
60000,66,53949.0,670,4.36,6051,53949
80000,66,71942.0,811,5.42,8058,71942
100000,66,89939.0,1032,7.27,10061,89939
200000,66,179827.0,1733,12.58,20173,179827
400000,66,359879.0,3018,22.25,40121,359879
600000,66,539799.0,4361,32.15,60201,539799
800000,66,719865.0,5692,42.09,80135,719865
1000000,66,899768.0,7034,52.09,100232,899768
2,67,2.0,2,0.01,0,2
3,67,3.0,3,0.02,0,3
100,67,86.0,94,0.47,14,86
200,67,177.0,194,1.08,23,177
2000,67,1789.0,1989,10.12,211,1789
10000,67,8950.0,9963,50.4,1050,8950
20000,67,17896.0,19930,105.32,2104,17896
40000,67,35761.0,39876,205.46,4239,35761
60000,67,53638.0,59814,305.48,6362,53638
80000,67,71537.0,79735,405.4,8463,71537
100000,67,89440.0,99673,505.46,10560,89440
200000,67,178880.0,199328,1005.39,21120,178880
400000,67,357850.0,398641,2062.35,42150,357850
600000,67,536899.0,597959,3062.43,63101,536899
800000,67,716046.0,797268,4062.41,83954,716046
1000000,67,895026.0,996618,5062.56,104974,895026
2,68,2.0,2,0.01,0,2
3,68,3.0,3,0.02,0,3
100,68,92.0,100,0.5,8,92
200,68,180.0,176,0.88,20,180
2000,68,1797.0,1927,9.68,203,1797
10000,68,8903.0,9904,49.69,1097,8903
20000,68,17884.0,19870,99.76,2116,17884
40000,68,35835.0,39816,199.98,4165,35835
60000,68,53693.0,59742,299.92,6307,53693
80000,68,71539.0,79668,399.91,8461,71539
100000,68,89490.0,99604,500.81,10510,89490
200000,68,178862.0,198593,997.74,21138,178862
400000,68,358196.0,293830,1477.06,41804,358196
600000,68,538254.0,295191,1487.33,61746,538254
800000,68,718385.0,296603,1497.83,81615,718385
1000000,68,898524.0,297894,1507.63,101476,898524
2,69,1.0,2,0.01,1,1
3,69,2.0,3,0.02,1,2
100,69,93.0,95,0.48,7,93
200,69,185.0,195,1.43,15,185
2000,69,1790.0,1981,18.3,210,1790
10000,69,8960.0,9959,66.65,1040,8960
20000,69,17930.0,19930,116.73,2070,17930
40000,69,35899.0,39348,214.11,4101,35899
60000,69,53762.0,58939,312.41,6238,53762
80000,69,71696.0,78468,410.41,8304,71696
100000,69,89658.0,97852,507.7,10342,89658
200000,69,179015.0,197497,1007.63,20985,179015
400000,69,357944.0,393719,1992.25,42056,357944
600000,69,536914.0,593082,2992.22,63086,536914
800000,69,715993.0,792471,3992.62,84007,715993
1000000,69,894977.0,991775,4992.47,105023,894977
2,70,2.0,2,0.01,0,2
3,70,3.0,3,0.02,0,3
100,70,88.0,100,0.51,12,88
200,70,179.0,193,0.98,21,179
2000,70,1801.0,1990,10.0,199,1801
10000,70,8941.0,9948,49.89,1059,8941
20000,70,17896.0,19919,99.93,2104,17896
40000,70,35851.0,33325,167.26,4149,35851
60000,70,53804.0,33448,168.21,6196,53804
80000,70,71836.0,33598,169.3,8164,71836
100000,70,89765.0,33742,170.4,10235,89765
200000,70,179701.0,34392,175.21,20299,179701
400000,70,359542.0,35698,185.07,40458,359542
600000,70,539257.0,37063,195.24,60743,539257
800000,70,718994.0,38375,205.18,81006,718994
1000000,70,899003.0,39675,214.82,100997,899003
2,71,2.0,2,0.01,0,2
3,71,3.0,3,0.02,0,3
100,71,89.0,100,0.5,11,89
200,71,176.0,200,1.07,24,176
2000,71,1792.0,672,3.48,208,1792
10000,71,9025.0,723,3.89,975,9025
20000,71,18089.0,767,4.23,1911,18089
40000,71,36028.0,1022,6.52,3972,36028
60000,71,54122.0,1306,8.97,5878,54122
80000,71,72128.0,1435,9.98,7872,72128
100000,71,90090.0,1590,11.14,9910,90090
200000,71,179988.0,2231,15.88,20012,179988
400000,71,360233.0,3531,25.7,39767,360233
600000,71,540059.0,4840,35.33,59941,540059
800000,71,720148.0,6131,44.98,79852,720148
1000000,71,900090.0,7527,55.49,99910,900090
2,72,2.0,2,0.01,0,2
3,72,3.0,3,0.02,0,3
100,72,89.0,100,0.5,11,89
200,72,177.0,200,1.0,23,177
2000,72,1787.0,1991,10.14,213,1787
10000,72,8968.0,9954,50.07,1032,8968
20000,72,17895.0,19924,100.04,2105,17895
40000,72,35806.0,39849,200.03,4194,35806
60000,72,53692.0,59774,299.97,6308,53692
80000,72,71582.0,79714,399.92,8418,71582
100000,72,89507.0,99634,499.86,10493,89507
200000,72,178891.0,199291,999.82,21109,178891
400000,72,357636.0,398615,1999.66,42364,357636
600000,72,536739.0,597979,2999.72,63261,536739
800000,72,715849.0,797210,3999.36,84151,715849
1000000,72,894768.0,996520,4999.22,105232,894768
2,73,2.0,2,0.01,0,2
3,73,3.0,3,0.02,0,3
100,73,92.0,97,0.49,8,92
200,73,178.0,197,1.01,22,178
2000,73,1770.0,1991,10.03,230,1770
10000,73,8907.0,9971,50.06,1093,8907
20000,73,17896.0,19918,99.99,2104,17896
40000,73,35839.0,39864,200.01,4161,35839
60000,73,53741.0,59644,299.22,6259,53741
80000,73,71634.0,79251,397.63,8366,71634
100000,73,89554.0,99166,497.55,10446,89554
200000,73,179270.0,185279,929.69,20730,179270
400000,73,359327.0,186543,939.28,40673,359327
600000,73,539242.0,187867,949.12,60758,539242
800000,73,719241.0,189263,959.58,80759,719241
1000000,73,899166.0,190572,969.35,100834,899166
2,74,1.0,2,0.01,1,1
3,74,2.0,3,0.02,1,2
100,74,92.0,100,0.73,8,92
200,74,181.0,196,1.68,19,181
2000,74,1782.0,1980,19.49,218,1782
10000,74,8929.0,9706,96.57,1071,8929
20000,74,17810.0,19651,195.87,2190,17810
40000,74,35632.0,38282,381.78,4368,35632
60000,74,53509.0,58215,580.77,6491,53509
80000,74,71304.0,78149,779.87,8696,71304
100000,74,89145.0,98089,978.77,10855,89145
200000,74,179169.0,100320,997.56,20831,179169
400000,74,359217.0,101665,1007.55,40783,359217
600000,74,539125.0,103061,1018.16,60875,539125
800000,74,719164.0,104375,1028.07,80836,719164
1000000,74,899202.0,105691,1037.95,100798,899202
2,75,2.0,2,0.01,0,2
3,75,3.0,3,0.02,0,3
100,75,87.0,100,0.5,13,87
200,75,174.0,198,0.99,26,174
2000,75,1824.0,1992,10.04,176,1824
10000,75,9004.0,9953,49.97,996,9004
20000,75,17980.0,19915,99.96,2020,17980
40000,75,35843.0,39839,200.12,4157,35843
60000,75,53716.0,59759,300.02,6284,53716
80000,75,71647.0,79698,399.99,8353,71647
100000,75,89684.0,86512,434.34,10316,89684
200000,75,179795.0,87196,439.58,20205,179795
400000,75,359696.0,88498,449.35,40304,359696
600000,75,539681.0,89842,459.5,60319,539681
800000,75,719708.0,91228,469.88,80292,719708
1000000,75,899838.0,92547,479.88,100162,899838
2,76,1.0,2,0.01,1,1
3,76,2.0,3,0.02,1,2
100,76,88.0,100,0.5,12,88
200,76,180.0,200,1.0,20,180
2000,76,1813.0,1993,10.51,187,1813
10000,76,8941.0,9895,50.49,1059,8941
20000,76,17844.0,19831,100.36,2156,17844
40000,76,35744.0,39693,200.03,4256,35744
60000,76,53779.0,40628,205.06,6221,53779
80000,76,71771.0,40774,206.13,8229,71771
100000,76,89727.0,40932,207.36,10273,89727
200000,76,179525.0,41661,212.95,20475,179525
400000,76,359536.0,43036,223.27,40464,359536
600000,76,539639.0,44392,233.45,60361,539639
800000,76,719628.0,45785,243.89,80372,719628
1000000,76,899561.0,47067,253.52,100439,899561
2,77,2.0,2,0.01,0,2
3,77,3.0,3,0.02,0,3
100,77,91.0,100,0.54,9,91
200,77,180.0,200,1.04,20,180
2000,77,1794.0,1995,10.05,206,1794
10000,77,8907.0,9966,50.11,1093,8907
20000,77,17830.0,19935,100.13,2170,17830
40000,77,35681.0,39874,200.21,4319,35681
60000,77,53556.0,59800,300.27,6444,53556
80000,77,71428.0,79740,400.31,8572,71428
100000,77,89343.0,99677,500.3,10657,89343
200000,77,179195.0,161384,810.43,20805,179195
400000,77,359254.0,162726,820.57,40746,359254
600000,77,539189.0,164047,830.52,60811,539189
800000,77,719055.0,165380,840.61,80945,719055
1000000,77,898900.0,166734,850.71,101100,898900
2,78,2.0,2,0.01,0,2
3,78,2.0,3,0.02,1,2
100,78,86.0,100,0.55,14,86
200,78,179.0,200,1.04,21,179
2000,78,1788.0,245,1.28,212,1788
10000,78,9023.0,311,1.79,977,9023
20000,78,18018.0,473,3.29,1982,18018
40000,78,36039.0,612,4.33,3961,36039
60000,78,54112.0,767,5.6,5888,54112
80000,78,72130.0,917,6.82,7870,72130
100000,78,90150.0,1045,7.79,9850,90150
200000,78,180131.0,2709,17.79,19869,180131
400000,78,360296.0,4346,29.53,39704,360296
600000,78,540480.0,5716,39.69,59520,540480
800000,78,720549.0,7056,49.66,79451,720549
1000000,78,900265.0,8399,59.78,99735,900265
2,79,1.0,2,0.01,1,1
3,79,2.0,3,0.02,1,2
100,79,91.0,25,0.13,9,91
200,79,184.0,27,0.15,16,184
2000,79,1821.0,41,0.25,179,1821
10000,79,9045.0,91,0.64,955,9045
20000,79,18008.0,151,1.11,1992,18008
40000,79,35992.0,376,2.97,4008,35992
60000,79,53997.0,566,4.37,6003,53997
80000,79,71977.0,696,5.32,8023,71977
100000,79,89974.0,891,6.57,10026,89974
200000,79,180078.0,1525,11.33,19922,180078
400000,79,359772.0,2788,20.82,40228,359772
600000,79,539614.0,4107,30.64,60386,539614
800000,79,719628.0,5424,40.62,80372,719628
1000000,79,899599.0,6721,50.3,100401,899599
2,80,2.0,2,0.01,0,2
3,80,3.0,3,0.02,0,3
100,80,94.0,100,0.5,6,94
200,80,184.0,200,1.0,16,184
2000,80,1776.0,1582,7.97,224,1776
10000,80,9000.0,1637,8.37,1000,9000
20000,80,18027.0,1690,8.75,1973,18027
40000,80,36002.0,2576,17.28,3998,36002
60000,80,54018.0,2707,18.24,5982,54018
80000,80,72021.0,2822,19.11,7979,72021
100000,80,90017.0,2981,20.4,9983,90017
200000,80,179819.0,3753,26.44,20181,179819
400000,80,359780.0,5080,36.38,40220,359780
600000,80,539974.0,6408,46.36,60026,539974
800000,80,720060.0,7688,55.96,79940,720060
1000000,80,899868.0,8973,65.51,100132,899868
2,81,2.0,2,0.01,0,2
3,81,2.0,3,0.02,1,2
100,81,92.0,100,0.5,8,92
200,81,178.0,200,1.0,22,178
2000,81,1793.0,1969,9.9,207,1793
10000,81,8928.0,9500,47.72,1072,8928
20000,81,17862.0,19457,97.59,2138,17862
40000,81,35735.0,39397,197.68,4265,35735
60000,81,53662.0,58575,293.88,6338,53662
80000,81,71515.0,78495,393.76,8485,71515
100000,81,89421.0,98398,493.63,10579,89421
200000,81,178842.0,197734,991.78,21158,178842
400000,81,358421.0,242817,1220.73,41579,358421
600000,81,538459.0,244141,1230.55,61541,538459
800000,81,718184.0,245478,1240.4,81816,718184
1000000,81,898111.0,246791,1250.18,101889,898111
2,82,1.0,2,0.01,1,1
3,82,2.0,3,0.02,1,2
100,82,87.0,100,0.5,13,87
200,82,173.0,200,1.0,27,173
2000,82,1797.0,1975,18.26,203,1797
10000,82,8889.0,9947,97.85,1111,8889
20000,82,17776.0,19904,197.26,2224,17776
40000,82,35567.0,39480,392.69,4433,35567
60000,82,53363.0,59370,591.25,6637,53363
80000,82,71157.0,79301,790.24,8843,71157
100000,82,88881.0,99220,989.09,11119,88881
200000,82,178029.0,167579,1670.79,21971,178029
400000,82,357781.0,168897,1680.63,42219,357781
600000,82,538039.0,170176,1690.12,61961,538039
800000,82,717952.0,171559,1700.4,82048,717952
1000000,82,897803.0,172900,1710.41,102197,897803
2,83,2.0,2,0.01,0,2
3,83,3.0,3,0.02,0,3
100,83,91.0,100,0.5,9,91
200,83,182.0,200,1.01,18,182
2000,83,1801.0,1982,9.95,199,1801
10000,83,8962.0,7812,39.24,1038,8962
20000,83,17984.0,7870,39.66,2016,17984
40000,83,35936.0,8023,40.91,4064,35936
60000,83,53954.0,8160,41.95,6046,53954
80000,83,71919.0,8293,42.97,8081,71919
100000,83,89940.0,8450,44.18,10060,89940
200000,83,179949.0,9079,48.79,20051,179949
400000,83,359840.0,10369,58.39,40160,359840
600000,83,539774.0,11765,68.81,60226,539774
800000,83,719688.0,13104,78.87,80312,719688
1000000,83,899473.0,14424,88.73,100527,899473
2,84,2.0,2,0.01,0,2
3,84,2.0,3,0.02,1,2
100,84,89.0,100,0.5,11,89
200,84,179.0,200,1.02,21,179
2000,84,1798.0,1984,9.98,202,1798
10000,84,8936.0,9883,49.66,1064,8936
20000,84,17903.0,19846,99.6,2097,17903
40000,84,35773.0,39785,200.8,4227,35773
60000,84,53721.0,59727,306.54,6279,53721
80000,84,71627.0,79646,406.48,8373,71627
100000,84,89475.0,99590,506.57,10525,89475
200000,84,179056.0,199278,1006.96,20944,179056
400000,84,357994.0,398421,2006.19,42006,357994
600000,84,537145.0,597167,3003.13,62855,537145
800000,84,716165.0,791025,3975.63,83835,716165
1000000,84,895239.0,968543,4866.53,104761,895239
2,85,2.0,2,0.01,0,2
3,85,3.0,3,0.02,0,3
100,85,86.0,91,0.46,14,86
200,85,179.0,91,0.46,21,179
2000,85,1796.0,105,0.57,204,1796
10000,85,8976.0,263,2.07,1024,8976
20000,85,17945.0,466,3.92,2055,17945
40000,85,35833.0,1106,9.97,4167,35833
60000,85,53743.0,1241,10.96,6257,53743
80000,85,71719.0,1375,11.98,8281,71719
100000,85,89723.0,1512,13.0,10277,89723
200000,85,179742.0,2217,18.15,20258,179742
400000,85,359640.0,3605,28.67,40360,359640
600000,85,539526.0,4898,38.27,60474,539526
800000,85,719526.0,6193,48.02,80474,719526
1000000,85,899524.0,7482,57.66,100476,899524
2,86,2.0,2,0.01,0,2
3,86,3.0,3,0.02,0,3
100,86,85.0,100,0.52,15,85
200,86,176.0,200,1.02,24,176
2000,86,1782.0,1956,9.82,218,1782
10000,86,8964.0,9931,55.71,1036,8964
20000,86,17914.0,19888,105.69,2086,17914
40000,86,35851.0,39794,205.63,4149,35851
60000,86,53722.0,59739,305.68,6278,53722
80000,86,71601.0,79666,405.6,8399,71601
100000,86,89416.0,99591,505.62,10584,89416
200000,86,178915.0,199267,1023.92,21085,178915
400000,86,358480.0,317145,1616.64,41520,358480
600000,86,538478.0,318511,1626.82,61522,538478
800000,86,718521.0,319813,1636.52,81479,718521
1000000,86,898602.0,321088,1646.19,101398,898602
2,87,2.0,2,0.01,0,2
3,87,3.0,3,0.02,0,3
100,87,86.0,100,0.5,14,86
200,87,172.0,140,0.7,28,172
2000,87,1813.0,166,0.94,187,1813
10000,87,9024.0,318,2.28,976,9024
20000,87,17986.0,385,2.79,2014,17986
40000,87,35987.0,531,3.89,4013,35987
60000,87,54005.0,679,4.97,5995,54005
80000,87,71989.0,800,5.85,8011,71989
100000,87,89974.0,948,6.96,10026,89974
200000,87,179847.0,1630,12.11,20153,179847
400000,87,359563.0,2967,22.25,40437,359563
600000,87,539399.0,4278,32.14,60601,539399
800000,87,719359.0,5692,42.86,80641,719359
1000000,87,899418.0,7013,52.76,100582,899418
2,88,1.0,2,0.01,1,1
3,88,2.0,3,0.02,1,2
100,88,90.0,100,0.8,10,90
200,88,174.0,200,1.8,26,174
2000,88,1778.0,1995,19.7,222,1778
10000,88,8895.0,9965,98.93,1105,8895
20000,88,17781.0,19921,198.34,2219,17781
40000,88,35628.0,39864,397.41,4372,35628
60000,88,53476.0,59801,596.51,6524,53476
80000,88,71302.0,79735,795.56,8698,71302
100000,88,89103.0,99673,994.58,10897,89103
200000,88,178118.0,199358,1989.85,21882,178118
400000,88,356261.0,398694,3979.79,43739,356261
600000,88,534801.0,598039,5324.43,65199,534801
800000,88,714003.0,797387,6324.72,85997,714003
1000000,88,893197.0,996707,7324.73,106803,893197
2,89,1.0,2,0.01,1,1
3,89,2.0,3,0.02,1,2
100,89,89.0,100,0.52,11,89
200,89,179.0,200,1.02,21,179
2000,89,1799.0,1993,10.03,201,1799
10000,89,8960.0,9961,50.02,1040,8960
20000,89,17893.0,19931,100.02,2107,17893
40000,89,35811.0,39856,199.94,4189,35811
60000,89,53783.0,59796,299.95,6217,53783
80000,89,71681.0,79723,399.89,8319,71681
100000,89,89623.0,99658,499.88,10377,89623
200000,89,179199.0,199300,999.78,20801,179199
400000,89,358094.0,398539,1999.34,41906,358094
600000,89,537626.0,529115,2655.59,62374,537626
800000,89,717534.0,530507,2666.18,82466,717534
1000000,89,897698.0,531856,2676.44,102302,897698
2,90,2.0,2,0.01,0,2
3,90,3.0,3,0.02,0,3
100,90,83.0,100,0.5,17,83
200,90,168.0,200,1.02,32,168
2000,90,1748.0,1997,10.03,252,1748
10000,90,8904.0,9946,50.04,1096,8904
20000,90,17838.0,19893,99.97,2162,17838
40000,90,35734.0,39768,199.57,4266,35734
60000,90,53637.0,59693,300.15,6363,53637
80000,90,71603.0,79635,400.26,8397,71603
100000,90,89510.0,99565,500.19,10490,89510
200000,90,178954.0,199158,999.93,21046,178954
400000,90,358092.0,398514,2000.13,41908,358092
600000,90,536973.0,597857,3007.89,63027,536973
800000,90,716214.0,796358,4003.65,83786,716214
1000000,90,896444.0,812177,4085.92,103556,896444
2,91,2.0,2,0.01,0,2
3,91,3.0,3,0.02,0,3
100,91,88.0,100,0.5,12,88
200,91,179.0,200,1.0,21,179
2000,91,1758.0,1992,10.87,242,1758
10000,91,8895.0,9959,89.34,1105,8895
20000,91,17865.0,12225,111.82,2135,17865
40000,91,35868.0,12361,112.82,4132,35868
60000,91,53946.0,12482,113.72,6054,53946
80000,91,71916.0,12622,114.78,8084,71916
100000,91,89911.0,12749,115.66,10089,89911
200000,91,179917.0,13422,120.71,20083,179917
400000,91,360046.0,14830,131.37,39954,360046
600000,91,540078.0,16208,141.75,59922,540078
800000,91,720002.0,17530,151.52,79998,720002
1000000,91,899956.0,18869,161.59,100044,899956
2,92,2.0,2,0.01,0,2
3,92,3.0,3,0.02,0,3
100,92,89.0,100,0.5,11,89
200,92,183.0,200,1.0,17,183
2000,92,1794.0,1968,9.92,206,1794
10000,92,9002.0,9946,49.92,998,9002
20000,92,17980.0,19901,99.91,2020,17980
40000,92,35838.0,39837,199.92,4162,35838
60000,92,53758.0,59769,299.81,6242,53758
80000,92,71636.0,79702,399.84,8364,71636
100000,92,89564.0,99627,499.68,10436,89564
200000,92,179242.0,199291,999.7,20758,179242
400000,92,358450.0,398613,1999.51,41550,358450
600000,92,537535.0,597911,2999.27,62465,537535
800000,92,716369.0,797267,3999.36,83631,716369
1000000,92,895499.0,996584,4999.16,104501,895499
2,93,1.0,2,0.01,1,1
3,93,2.0,3,0.02,1,2
100,93,88.0,100,0.51,12,88
200,93,175.0,200,1.02,25,175
2000,93,1778.0,1968,9.89,222,1778
10000,93,8982.0,9942,49.92,1018,8982
20000,93,17974.0,19877,99.75,2026,17974
40000,93,35870.0,39803,199.73,4130,35870
60000,93,53716.0,59541,298.77,6284,53716
80000,93,71638.0,79467,398.72,8362,71638
100000,93,89549.0,99386,498.69,10451,89549
200000,93,179066.0,199063,998.78,20934,179066
400000,93,358938.0,248353,1248.64,41062,358938
600000,93,538845.0,249765,1259.19,61155,538845
800000,93,718584.0,251103,1269.22,81416,718584
1000000,93,898809.0,252472,1279.38,101191,898809
2,94,1.0,2,0.01,1,1
3,94,2.0,3,0.02,1,2
100,94,90.0,100,0.5,10,90
200,94,174.0,200,1.0,26,174
2000,94,1792.0,1989,11.22,208,1792
10000,94,8941.0,9954,51.16,1059,8941
20000,94,17950.0,19925,101.15,2050,17950
40000,94,35865.0,39855,201.08,4135,35865
60000,94,53735.0,59784,301.07,6265,53735
80000,94,71709.0,79616,400.49,8291,71709
100000,94,89673.0,92545,465.4,10327,89673
200000,94,179561.0,93252,470.6,20439,179561
400000,94,359142.0,94583,480.6,40858,359142
600000,94,539166.0,95921,490.73,60834,539166
800000,94,719180.0,97293,500.89,80820,719180
1000000,94,898866.0,98650,511.09,101134,898866
2,95,2.0,2,0.01,0,2
3,95,3.0,3,0.02,0,3
100,95,89.0,100,0.76,11,89
200,95,180.0,139,1.07,20,180
2000,95,1799.0,150,1.14,201,1799
10000,95,9009.0,233,1.72,991,9009
20000,95,18016.0,849,4.97,1984,18016
40000,95,36114.0,1600,9.46,3886,36114
60000,95,54055.0,1875,11.64,5945,54055
80000,95,72055.0,2093,13.55,7945,72055
100000,95,90000.0,2238,14.61,10000,90000
200000,95,180113.0,2866,19.37,19887,180113
400000,95,360233.0,4261,29.83,39767,360233
600000,95,540094.0,5613,40.01,59906,540094
800000,95,719938.0,6888,49.6,80062,719938
1000000,95,899812.0,8263,59.92,100188,899812
2,96,2.0,2,0.01,0,2
3,96,3.0,3,0.02,0,3
100,96,95.0,100,0.5,5,95
200,96,186.0,193,0.97,14,186
2000,96,1798.0,1982,9.94,202,1798
10000,96,8926.0,9820,49.33,1074,8926
20000,96,17873.0,19783,100.12,2127,17873
40000,96,35689.0,39718,200.29,4311,35689
60000,96,53681.0,42283,213.46,6319,53681
80000,96,71722.0,42409,214.39,8278,71722
100000,96,89757.0,42539,215.37,10243,89757
200000,96,179724.0,43206,220.51,20276,179724
400000,96,359900.0,44511,230.39,40100,359900
600000,96,539960.0,45840,240.54,60040,539960
800000,96,719807.0,47176,250.63,80193,719807
1000000,96,899546.0,48504,260.61,100454,899546
2,97,2.0,2,0.01,0,2
3,97,3.0,3,0.02,0,3
100,97,90.0,100,0.5,10,90
200,97,181.0,200,1.0,19,181
2000,97,1788.0,1310,6.57,212,1788
10000,97,8974.0,2492,13.13,1026,8974
20000,97,17978.0,2560,13.6,2022,17978
40000,97,36037.0,2683,14.52,3963,36037
60000,97,54075.0,2822,15.56,5925,54075
80000,97,72106.0,2943,16.46,7894,72106
100000,97,90059.0,3100,17.62,9941,90059
200000,97,180006.0,3818,22.92,19994,180006
400000,97,359877.0,5278,34.12,40123,359877
600000,97,539804.0,6635,44.14,60196,539804
800000,97,719818.0,7923,53.74,80182,719818
1000000,97,899930.0,9244,63.61,100070,899930
2,98,2.0,2,0.01,0,2
3,98,2.0,3,0.02,1,2
100,98,90.0,93,0.63,10,90
200,98,178.0,193,1.12,22,178
2000,98,1796.0,553,2.96,204,1796
10000,98,9013.0,605,3.34,987,9013
20000,98,17973.0,664,3.78,2027,17973
40000,98,35987.0,832,5.09,4013,35987
60000,98,53957.0,1121,7.64,6043,53957
80000,98,71997.0,1256,8.64,8003,71997
100000,98,90031.0,1404,9.82,9969,90031
200000,98,180041.0,2087,15.05,19959,180041
400000,98,360004.0,3528,25.84,39996,360004
600000,98,539722.0,4864,35.79,60278,539722
800000,98,719601.0,6225,46.13,80399,719601
1000000,98,899775.0,7506,55.92,100225,899775
2,99,2.0,2,0.01,0,2
3,99,3.0,3,0.02,0,3
100,99,94.0,100,0.5,6,94
200,99,184.0,198,0.99,16,184
2000,99,1800.0,1993,10.06,200,1800
10000,99,8965.0,9971,50.44,1035,8965
20000,99,17909.0,19932,100.42,2091,17909
40000,99,35803.0,39872,200.48,4197,35803
60000,99,53716.0,59817,300.54,6284,53716
80000,99,71612.0,79762,401.83,8388,71612
100000,99,89496.0,99699,501.83,10504,89496
200000,99,179156.0,199389,1002.05,20844,179156
400000,99,358232.0,398749,2002.16,41768,358232
600000,99,537323.0,598050,3002.13,62677,537323
800000,99,716309.0,788014,3955.15,83691,716309
1000000,99,896134.0,809504,4065.74,103866,896134
2,100,2.0,2,0.01,0,2
3,100,2.0,3,0.02,1,2
100,100,91.0,100,0.54,9,91
200,100,181.0,200,1.13,19,181
2000,100,1808.0,1984,10.38,192,1808
10000,100,8929.0,9923,56.25,1071,8929
20000,100,17847.0,19895,108.87,2153,17847
40000,100,35700.0,39694,208.18,4300,35700
60000,100,53689.0,59629,308.16,6311,53689
80000,100,71632.0,79571,408.15,8368,71632
100000,100,89570.0,99505,508.17,10430,89570
200000,100,179072.0,199176,1008.28,20928,179072
400000,100,357865.0,398493,2008.08,42135,357865
600000,100,536632.0,597799,3007.93,63368,536632
800000,100,715568.0,797122,4010.51,84432,715568
1000000,100,894656.0,996510,5010.91,105344,894656
