Timestep,Iteration,Total Reward,Suboptimal Arms,Total Regret,Zeros Count,Ones Count
2,1,2.0,0,0.0,0,2
3,1,3.0,0,0.0,0,3
100,1,82.0,86,4.3,18,82
200,1,165.0,185,9.25,35,165
2000,1,1675.0,1967,99.95,325,1675
10000,1,8696.0,5283,267.25,1304,8696
20000,1,17706.0,5345,271.75,2294,17706
40000,1,35604.0,5477,281.9,4396,35604
60000,1,53528.0,5591,290.55,6472,53528
80000,1,71541.0,5726,300.9,8459,71541
100000,1,89532.0,5864,311.25,10468,89532
200000,1,179500.0,6539,360.85,20500,179500
400000,1,359360.0,7913,463.6,40640,359360
600000,1,539129.0,9271,564.65,60871,539129
800000,1,718773.0,10662,669.15,81227,718773
1000000,1,898777.0,12001,770.35,101223,898777
2,2,1.0,0,0.0,1,1
3,2,2.0,0,0.0,1,2
100,2,92.0,22,1.75,8,92
200,2,182.0,22,1.75,18,182
2000,2,1781.0,166,9.35,219,1781
10000,2,8968.0,204,12.4,1032,8968
20000,2,17950.0,259,16.35,2050,17950
40000,2,35872.0,376,24.85,4128,35872
60000,2,53846.0,507,34.7,6154,53846
80000,2,71800.0,632,44.3,8200,71800
100000,2,89775.0,786,55.85,10225,89775
200000,2,179721.0,1490,108.4,20279,179721
400000,2,359569.0,2794,208.15,40431,359569
600000,2,539339.0,4143,310.45,60661,539339
800000,2,719670.0,5503,412.7,80330,719670
1000000,2,899293.0,6816,511.7,100707,899293
2,3,1.0,0,0.0,1,1
3,3,2.0,0,0.0,1,2
100,3,90.0,0,0.0,10,90
200,3,180.0,2,0.1,20,180
2000,3,1812.0,58,5.1,188,1812
10000,3,9014.0,106,9.0,986,9014
20000,3,18007.0,169,14.05,1993,18007
40000,3,36049.0,281,22.75,3951,36049
60000,3,54049.0,425,33.5,5951,54049
80000,3,72005.0,565,43.7,7995,72005
100000,3,89932.0,689,52.7,10068,89932
200000,3,179777.0,1399,104.65,20223,179777
400000,3,359828.0,2769,206.5,40172,359828
600000,3,539930.0,4047,303.05,60070,539930
800000,3,719986.0,5310,397.5,80014,719986
1000000,3,899995.0,6662,499.5,100005,899995
2,4,2.0,0,0.0,0,2
3,4,3.0,0,0.0,0,3
100,4,92.0,0,0.0,8,92
200,4,185.0,8,0.4,15,185
2000,4,1779.0,24,1.5,221,1779
10000,4,8971.0,97,7.55,1029,8971
20000,4,17927.0,154,12.0,2073,17927
40000,4,35958.0,263,20.0,4042,35958
60000,4,54022.0,388,29.3,5978,54022
80000,4,72070.0,528,39.95,7930,72070
100000,4,90068.0,659,50.25,9932,90068
200000,4,179990.0,1330,99.65,20010,179990
400000,4,359817.0,2602,193.55,40183,359817
600000,4,539793.0,3881,289.35,60207,539793
800000,4,719814.0,5260,393.85,80186,719814
1000000,4,900012.0,6606,494.85,99988,900012
2,5,2.0,0,0.0,0,2
3,5,3.0,0,0.0,0,3
100,5,94.0,0,0.0,6,94
200,5,187.0,3,0.3,13,187
2000,5,1792.0,20,1.6,208,1792
10000,5,8993.0,193,11.65,1007,8993
20000,5,17985.0,270,17.55,2015,17985
40000,5,35991.0,400,27.55,4009,35991
60000,5,53956.0,538,38.05,6044,53956
80000,5,71967.0,679,48.15,8033,71967
100000,5,89925.0,805,57.45,10075,89925
200000,5,179942.0,1415,104.0,20058,179942
400000,5,359789.0,2781,205.6,40211,359789
600000,5,539599.0,4100,304.0,60401,539599
800000,5,719670.0,5429,404.3,80330,719670
1000000,5,899596.0,6718,501.2,100404,899596
2,6,2.0,0,0.0,0,2
3,6,3.0,0,0.0,0,3
100,6,92.0,8,0.4,8,92
200,6,184.0,9,0.45,16,184
2000,6,1810.0,24,1.7,190,1810
10000,6,8989.0,71,4.95,1011,8989
20000,6,17970.0,124,9.05,2030,17970
40000,6,35947.0,252,18.85,4053,35947
60000,6,53894.0,399,29.9,6106,53894
80000,6,71927.0,513,38.7,8073,71927
100000,6,89909.0,661,49.7,10091,89909
200000,6,179884.0,1320,99.0,20116,179884
400000,6,359585.0,2667,201.65,40415,359585
600000,6,539354.0,3985,300.55,60646,539354
800000,6,719294.0,5325,400.4,80706,719294
1000000,6,898881.0,6642,501.25,101119,898881
2,7,2.0,0,0.0,0,2
3,7,3.0,0,0.0,0,3
100,7,90.0,0,0.0,10,90
200,7,179.0,5,0.25,21,179
2000,7,1803.0,17,1.25,197,1803
10000,7,9032.0,75,5.2,968,9032
20000,7,18011.0,139,10.05,1989,18011
40000,7,36010.0,267,20.1,3990,36010
60000,7,54003.0,398,29.85,5997,54003
80000,7,72004.0,530,38.75,7996,72004
100000,7,90057.0,657,47.85,9943,90057
200000,7,180126.0,1318,97.15,19874,180126
400000,7,359721.0,2679,199.75,40279,359721
600000,7,539614.0,4004,298.75,60386,539614
800000,7,719653.0,5326,396.4,80347,719653
1000000,7,899642.0,6613,492.95,100358,899642
2,8,2.0,0,0.0,0,2
3,8,3.0,0,0.0,0,3
100,8,94.0,0,0.0,6,94
200,8,181.0,1,0.05,19,181
2000,8,1805.0,9,0.65,195,1805
10000,8,9013.0,63,4.65,987,9013
20000,8,17989.0,136,10.15,2011,17989
40000,8,36014.0,262,19.55,3986,36014
60000,8,53941.0,402,30.55,6059,53941
80000,8,71978.0,551,41.8,8022,71978
100000,8,89963.0,667,50.85,10037,89963
200000,8,179940.0,1355,102.25,20060,179940
400000,8,359781.0,2663,200.7,40219,359781
600000,8,539531.0,4015,300.7,60469,539531
800000,8,719596.0,5320,399.25,80404,719596
1000000,8,899543.0,6643,498.85,100457,899543
2,9,1.0,0,0.0,1,1
3,9,2.0,0,0.0,1,2
100,9,89.0,4,0.4,11,89
200,9,180.0,5,0.45,20,180
2000,9,1789.0,19,1.55,211,1789
10000,9,9011.0,79,6.3,989,9011
20000,9,17968.0,143,11.25,2032,17968
40000,9,35878.0,263,20.65,4122,35878
60000,9,53852.0,377,29.55,6148,53852
80000,9,71902.0,497,38.6,8098,71902
100000,9,89816.0,638,49.4,10184,89816
200000,9,179734.0,1340,102.85,20266,179734
400000,9,359665.0,2798,211.6,40335,359665
600000,9,539855.0,4140,311.6,60145,539855
800000,9,719695.0,5475,413.5,80305,719695
1000000,9,899679.0,6789,512.65,100321,899679
2,10,2.0,0,0.0,0,2
3,10,3.0,0,0.0,0,3
100,10,88.0,5,0.25,12,88
200,10,173.0,5,0.25,27,173
2000,10,1801.0,27,2.15,199,1801
10000,10,9045.0,82,6.2,955,9045
20000,10,18051.0,152,10.95,1949,18051
40000,10,36000.0,281,20.45,4000,36000
60000,10,53970.0,419,30.7,6030,53970
80000,10,71923.0,559,41.4,8077,71923
100000,10,89914.0,686,51.1,10086,89914
200000,10,179736.0,1367,101.45,20264,179736
400000,10,359715.0,2711,201.95,40285,359715
600000,10,539749.0,4060,304.8,60251,539749
800000,10,719810.0,5379,404.2,80190,719810
1000000,10,899740.0,6695,504.15,100260,899740
2,11,2.0,0,0.0,0,2
3,11,3.0,0,0.0,0,3
100,11,93.0,25,1.25,7,93
200,11,182.0,28,1.4,18,182
2000,11,1799.0,55,3.8,201,1799
10000,11,9004.0,105,7.6,996,9004
20000,11,17965.0,175,12.6,2035,17965
40000,11,35986.0,306,22.55,4014,35986
60000,11,53985.0,447,32.9,6015,53985
80000,11,72070.0,565,41.75,7930,72070
100000,11,90034.0,700,52.3,9966,90034
200000,11,179866.0,1385,104.35,20134,179866
400000,11,359690.0,2681,202.45,40310,359690
600000,11,539452.0,3986,300.7,60548,539452
800000,11,719312.0,5306,400.2,80688,719312
1000000,11,899090.0,6711,505.55,100910,899090
2,12,2.0,0,0.0,0,2
3,12,3.0,0,0.0,0,3
100,12,92.0,0,0.0,8,92
200,12,179.0,5,0.25,21,179
2000,12,1789.0,22,1.25,211,1789
10000,12,9009.0,84,6.0,991,9009
20000,12,18003.0,154,11.4,1997,18003
40000,12,35981.0,289,21.8,4019,35981
60000,12,54049.0,409,31.1,5951,54049
80000,12,72030.0,536,40.65,7970,72030
100000,12,89994.0,668,50.6,10006,89994
200000,12,179927.0,1325,100.4,20073,179927
400000,12,360015.0,2620,198.45,39985,360015
600000,12,539806.0,3989,301.75,60194,539806
800000,12,719836.0,5279,397.7,80164,719836
1000000,12,899912.0,6620,497.7,100088,899912
2,13,2.0,0,0.0,0,2
3,13,3.0,0,0.0,0,3
100,13,92.0,0,0.0,8,92
200,13,174.0,1,0.1,26,174
2000,13,1797.0,32,1.95,203,1797
10000,13,8997.0,84,6.0,1003,8997
20000,13,18004.0,155,11.15,1996,18004
40000,13,35926.0,286,20.4,4074,35926
60000,13,53993.0,422,30.35,6007,53993
80000,13,71965.0,553,40.0,8035,71965
100000,13,90052.0,675,49.35,9948,90052
200000,13,179947.0,1342,99.1,20053,179947
400000,13,359869.0,2654,198.45,40131,359869
600000,13,539688.0,3970,296.7,60312,539688
800000,13,719470.0,5287,396.15,80530,719470
1000000,13,899368.0,6567,492.3,100632,899368
2,14,2.0,2,0.2,0,2
3,14,3.0,3,0.3,0,3
100,14,89.0,100,10.0,11,89
200,14,172.0,200,20.0,28,172
2000,14,1743.0,758,75.55,257,1743
10000,14,8967.0,816,80.3,1033,8967
20000,14,17882.0,882,85.5,2118,17882
40000,14,35951.0,1025,96.15,4049,35951
60000,14,53894.0,1145,105.45,6106,53894
80000,14,71857.0,1296,116.5,8143,71857
100000,14,89833.0,1427,126.5,10167,89833
200000,14,179758.0,2074,175.15,20242,179758
400000,14,359456.0,3427,277.25,40544,359456
600000,14,539256.0,4783,376.4,60744,539256
800000,14,719060.0,6153,481.2,80940,719060
1000000,14,898718.0,7504,581.2,101282,898718
2,15,2.0,0,0.0,0,2
3,15,3.0,0,0.0,0,3
100,15,94.0,0,0.0,6,94
200,15,188.0,7,0.45,12,188
2000,15,1808.0,25,1.7,192,1808
10000,15,9000.0,75,5.6,1000,9000
20000,15,18012.0,131,10.0,1988,18012
40000,15,36008.0,280,21.1,3992,36008
60000,15,53953.0,411,31.25,6047,53953
80000,15,71934.0,547,41.45,8066,71934
100000,15,89853.0,681,51.6,10147,89853
200000,15,179598.0,1366,103.05,20402,179598
400000,15,359394.0,2705,204.0,40606,359394
600000,15,539222.0,4063,305.45,60778,539222
800000,15,719107.0,5388,405.75,80893,719107
1000000,15,898798.0,6652,500.9,101202,898798
2,16,1.0,0,0.0,1,1
3,16,2.0,0,0.0,1,2
100,16,89.0,0,0.0,11,89
200,16,179.0,0,0.0,21,179
2000,16,1804.0,23,1.8,196,1804
10000,16,8995.0,76,5.8,1005,8995
20000,16,17986.0,145,11.0,2014,17986
40000,16,35990.0,292,21.8,4010,35990
60000,16,53981.0,425,31.9,6019,53981
80000,16,71968.0,562,42.6,8032,71968
100000,16,90003.0,685,52.05,9997,90003
200000,16,180025.0,1392,106.0,19975,180025
400000,16,359968.0,2665,202.3,40032,359968
600000,16,540015.0,3948,298.6,59985,540015
800000,16,720001.0,5261,396.85,79999,720001
1000000,16,899961.0,6588,496.45,100039,899961
2,17,2.0,0,0.0,0,2
3,17,3.0,0,0.0,0,3
100,17,89.0,6,0.55,11,89
200,17,183.0,7,0.6,17,183
2000,17,1814.0,16,1.25,186,1814
10000,17,9002.0,67,4.9,998,9002
20000,17,17976.0,139,10.15,2024,17976
40000,17,35966.0,288,21.35,4034,35966
60000,17,53898.0,414,30.55,6102,53898
80000,17,71872.0,543,40.1,8128,71872
100000,17,89834.0,679,50.15,10166,89834
200000,17,179833.0,1320,99.7,20167,179833
400000,17,359648.0,2626,198.55,40352,359648
600000,17,539671.0,3886,292.9,60329,539671
800000,17,719618.0,5258,396.55,80382,719618
1000000,17,899697.0,6562,493.35,100303,899697
2,18,2.0,0,0.0,0,2
3,18,3.0,0,0.0,0,3
100,18,91.0,0,0.0,9,91
200,18,178.0,0,0.0,22,178
2000,18,1788.0,15,1.0,212,1788
10000,18,9007.0,69,4.6,993,9007
20000,18,17988.0,125,8.7,2012,17988
40000,18,35958.0,253,18.7,4042,35958
60000,18,53910.0,376,27.85,6090,53910
80000,18,71934.0,514,37.95,8066,71934
100000,18,89914.0,645,47.6,10086,89914
200000,18,179964.0,1277,96.0,20036,179964
400000,18,359915.0,2590,195.0,40085,359915
600000,18,539933.0,3927,295.6,60067,539933
800000,18,719801.0,5271,395.15,80199,719801
1000000,18,899692.0,6569,493.45,100308,899692
2,19,2.0,0,0.0,0,2
3,19,3.0,0,0.0,0,3
100,19,91.0,0,0.0,9,91
200,19,184.0,6,0.4,16,184
2000,19,1828.0,14,0.95,172,1828
10000,19,9073.0,78,5.65,927,9073
20000,19,18034.0,147,10.8,1966,18034
40000,19,35952.0,283,21.3,4048,35952
60000,19,53848.0,433,32.35,6152,53848
80000,19,71855.0,599,44.75,8145,71855
100000,19,89798.0,726,53.95,10202,89798
200000,19,179679.0,1387,103.95,20321,179679
400000,19,359669.0,2688,202.75,40331,359669
600000,19,539631.0,4090,306.75,60369,539631
800000,19,719551.0,5459,409.15,80449,719551
1000000,19,899541.0,6821,512.45,100459,899541
2,20,2.0,0,0.0,0,2
3,20,3.0,0,0.0,0,3
100,20,92.0,1,0.1,8,92
200,20,184.0,33,3.3,16,184
2000,20,1808.0,52,4.7,192,1808
10000,20,9021.0,200,13.5,979,9021
20000,20,18017.0,264,18.3,1983,18017
40000,20,35992.0,393,28.3,4008,35992
60000,20,53979.0,539,39.5,6021,53979
80000,20,71998.0,678,49.9,8002,71998
100000,20,89975.0,804,59.45,10025,89975
200000,20,179836.0,1443,107.8,20164,179836
400000,20,359622.0,2771,207.8,40378,359622
600000,20,539682.0,4161,311.65,60318,539682
800000,20,719500.0,5512,411.4,80500,719500
1000000,20,899490.0,6888,513.5,100510,899490
2,21,2.0,0,0.0,0,2
3,21,2.0,0,0.0,1,2
100,21,89.0,9,0.9,11,89
200,21,180.0,39,3.0,20,180
2000,21,1801.0,49,3.55,199,1801
10000,21,9048.0,102,7.2,952,9048
20000,21,18109.0,184,13.15,1891,18109
40000,21,36106.0,349,26.05,3894,36106
60000,21,53987.0,495,36.75,6013,53987
80000,21,72058.0,612,45.4,7942,72058
100000,21,90014.0,746,55.6,9986,90014
200000,21,180008.0,1461,109.6,19992,180008
400000,21,359866.0,2809,211.8,40134,359866
600000,21,539608.0,4107,307.8,60392,539608
800000,21,719542.0,5495,411.95,80458,719542
1000000,21,899277.0,6852,513.9,100723,899277
2,22,2.0,0,0.0,0,2
3,22,2.0,0,0.0,1,2
100,22,89.0,0,0.0,11,89
200,22,180.0,0,0.0,20,180
2000,22,1805.0,21,1.6,195,1805
10000,22,8980.0,93,6.8,1020,8980
20000,22,17939.0,165,12.25,2061,17939
40000,22,35873.0,291,21.95,4127,35873
60000,22,53919.0,434,32.65,6081,53919
80000,22,71908.0,577,43.3,8092,71908
100000,22,89922.0,696,52.75,10078,89922
200000,22,179864.0,1361,103.2,20136,179864
400000,22,359982.0,2663,199.3,40018,359982
600000,22,539741.0,3965,295.45,60259,539741
800000,22,719663.0,5338,398.55,80337,719663
1000000,22,899448.0,6634,495.5,100552,899448
2,23,2.0,0,0.0,0,2
3,23,3.0,0,0.0,0,3
100,23,89.0,6,0.3,11,89
200,23,173.0,59,2.95,27,173
2000,23,1799.0,95,6.25,201,1799
10000,23,8960.0,149,10.3,1040,8960
20000,23,18006.0,205,14.8,1994,18006
40000,23,36020.0,343,24.95,3980,36020
60000,23,54047.0,451,33.3,5953,54047
80000,23,71976.0,567,41.85,8024,71976
100000,23,89996.0,680,50.4,10004,89996
200000,23,180015.0,1356,102.9,19985,180015
400000,23,359929.0,2773,207.15,40071,359929
600000,23,539746.0,4110,307.2,60254,539746
800000,23,719677.0,5395,403.75,80323,719677
1000000,23,899655.0,6760,506.1,100345,899655
2,24,0.0,0,0.0,2,0
3,24,1.0,0,0.0,2,1
100,24,86.0,0,0.0,14,86
200,24,177.0,2,0.1,23,177
2000,24,1796.0,12,1.0,204,1796
10000,24,9012.0,62,4.6,988,9012
20000,24,18028.0,137,9.95,1972,18028
40000,24,35908.0,254,18.45,4092,35908
60000,24,53926.0,383,28.45,6074,53926
80000,24,71869.0,523,39.25,8131,71869
100000,24,89876.0,645,48.5,10124,89876
200000,24,179761.0,1261,95.3,20239,179761
400000,24,359797.0,2559,191.5,40203,359797
600000,24,539659.0,3864,288.9,60341,539659
800000,24,719779.0,5184,388.45,80221,719779
1000000,24,899582.0,6510,487.6,100418,899582
2,25,2.0,0,0.0,0,2
3,25,3.0,0,0.0,0,3
100,25,87.0,2,0.2,13,87
200,25,177.0,2,0.2,23,177
2000,25,1797.0,12,0.85,203,1797
10000,25,8941.0,64,4.85,1059,8941
20000,25,17927.0,133,9.8,2073,17927
40000,25,35953.0,278,20.7,4047,35953
60000,25,54004.0,428,31.75,5996,54004
80000,25,71940.0,569,42.4,8060,71940
100000,25,89911.0,715,52.8,10089,89911
200000,25,179822.0,1378,102.25,20178,179822
400000,25,359649.0,2669,199.05,40351,359649
600000,25,539552.0,3967,297.9,60448,539552
800000,25,719443.0,5286,396.85,80557,719443
1000000,25,899350.0,6633,500.45,100650,899350
2,26,2.0,0,0.0,0,2
3,26,3.0,0,0.0,0,3
100,26,89.0,0,0.0,11,89
200,26,178.0,0,0.0,22,178
2000,26,1797.0,35,3.25,203,1797
10000,26,8949.0,92,7.55,1051,8949
20000,26,17972.0,161,12.55,2028,17972
40000,26,36006.0,282,22.1,3994,36006
60000,26,54031.0,416,31.65,5969,54031
80000,26,72021.0,559,42.4,7979,72021
100000,26,90062.0,690,52.55,9938,90062
200000,26,179892.0,1348,102.5,20108,179892
400000,26,360014.0,2702,203.8,39986,360014
600000,26,539805.0,4053,303.3,60195,539805
800000,26,719697.0,5393,403.1,80303,719697
1000000,26,899640.0,6801,508.65,100360,899640
2,27,2.0,0,0.0,0,2
3,27,3.0,0,0.0,0,3
100,27,88.0,0,0.0,12,88
200,27,179.0,0,0.0,21,179
2000,27,1791.0,49,2.9,209,1791
10000,27,8989.0,95,6.3,1011,8989
20000,27,17988.0,168,11.45,2012,17988
40000,27,35920.0,282,19.9,4080,35920
60000,27,53968.0,405,29.15,6032,53968
80000,27,71971.0,527,38.35,8029,71971
100000,27,89938.0,647,47.2,10062,89938
200000,27,179730.0,1277,95.7,20270,179730
400000,27,359508.0,2585,193.3,40492,359508
600000,27,539428.0,3936,296.2,60572,539428
800000,27,719387.0,5316,399.55,80613,719387
1000000,27,899303.0,6619,496.25,100697,899303
2,28,2.0,0,0.0,0,2
3,28,3.0,0,0.0,0,3
100,28,89.0,3,0.15,11,89
200,28,179.0,3,0.15,21,179
2000,28,1806.0,15,1.05,194,1806
10000,28,8973.0,60,4.3,1027,8973
20000,28,18040.0,131,9.6,1960,18040
40000,28,36024.0,255,18.5,3976,36024
60000,28,54019.0,399,28.95,5981,54019
80000,28,71996.0,548,40.85,8004,71996
100000,28,89983.0,684,50.8,10017,89983
200000,28,179940.0,1410,103.6,20060,179940
400000,28,359646.0,2743,203.6,40354,359646
600000,28,539525.0,4057,302.3,60475,539525
800000,28,719465.0,5360,398.9,80535,719465
1000000,28,899363.0,6702,499.3,100637,899363
2,29,2.0,0,0.0,0,2
3,29,3.0,0,0.0,0,3
100,29,89.0,8,0.8,11,89
200,29,178.0,8,0.8,22,178
2000,29,1779.0,22,1.55,221,1779
10000,29,8958.0,102,7.75,1042,8958
20000,29,17952.0,170,12.65,2048,17952
40000,29,35929.0,299,22.4,4071,35929
60000,29,53938.0,443,32.95,6062,53938
80000,29,71927.0,575,43.05,8073,71927
100000,29,89967.0,701,52.3,10033,89967
200000,29,180137.0,1420,106.3,19863,180137
400000,29,359903.0,2771,207.35,40097,359903
600000,29,539535.0,4143,310.7,60465,539535
800000,29,719505.0,5453,408.2,80495,719505
1000000,29,899348.0,6757,506.4,100652,899348
2,30,2.0,0,0.0,0,2
3,30,3.0,0,0.0,0,3
100,30,91.0,6,0.6,9,91
200,30,182.0,6,0.6,18,182
2000,30,1783.0,43,3.95,217,1783
10000,30,8974.0,114,9.35,1026,8974
20000,30,18012.0,187,14.75,1988,18012
40000,30,36060.0,309,23.8,3940,36060
60000,30,54002.0,442,33.9,5998,54002
80000,30,71963.0,567,43.0,8037,71963
100000,30,89897.0,701,52.05,10103,89897
200000,30,179670.0,1357,101.95,20330,179670
400000,30,359584.0,2673,201.35,40416,359584
600000,30,539490.0,3976,296.65,60510,539490
800000,30,719321.0,5259,392.6,80679,719321
1000000,30,899454.0,6589,494.1,100546,899454
2,31,1.0,0,0.0,1,1
3,31,2.0,0,0.0,1,2
100,31,91.0,0,0.0,9,91
200,31,179.0,0,0.0,21,179
2000,31,1792.0,22,1.55,208,1792
10000,31,9008.0,77,5.2,992,9008
20000,31,18045.0,131,9.4,1955,18045
40000,31,36053.0,260,19.1,3947,36053
60000,31,54038.0,385,28.25,5962,54038
80000,31,72035.0,511,37.4,7965,72035
100000,31,89990.0,630,46.65,10010,89990
200000,31,180016.0,1292,95.95,19984,180016
400000,31,359918.0,2604,194.05,40082,359918
600000,31,539932.0,3940,295.95,60068,539932
800000,31,719837.0,5264,393.0,80163,719837
1000000,31,899913.0,6603,493.85,100087,899913
2,32,2.0,0,0.0,0,2
3,32,2.0,0,0.0,1,2
100,32,87.0,3,0.3,13,87
200,32,178.0,3,0.3,22,178
2000,32,1814.0,33,2.0,186,1814
10000,32,8993.0,94,6.75,1007,8993
20000,32,18044.0,163,11.85,1956,18044
40000,32,36022.0,294,22.0,3978,36022
60000,32,54027.0,442,32.75,5973,54027
80000,32,71960.0,565,42.0,8040,71960
100000,32,89898.0,710,53.05,10102,89898
200000,32,179779.0,1388,103.4,20221,179779
400000,32,359836.0,2690,200.1,40164,359836
600000,32,539768.0,4002,297.45,60232,539768
800000,32,719612.0,5308,395.4,80388,719612
1000000,32,899535.0,6648,497.85,100465,899535
2,33,2.0,0,0.0,0,2
3,33,3.0,0,0.0,0,3
100,33,90.0,7,0.5,10,90
200,33,179.0,7,0.5,21,179
2000,33,1801.0,21,1.55,199,1801
10000,33,8958.0,70,5.4,1042,8958
20000,33,18002.0,131,9.8,1998,18002
40000,33,35983.0,261,19.65,4017,35983
60000,33,53932.0,383,28.85,6068,53932
80000,33,71931.0,528,39.8,8069,71931
100000,33,89965.0,670,50.55,10035,89965
200000,33,179955.0,1352,101.55,20045,179955
400000,33,359846.0,2669,200.9,40154,359846
600000,33,539703.0,3950,296.95,60297,539703
800000,33,719585.0,5362,401.5,80415,719585
1000000,33,899489.0,6780,506.65,100511,899489
2,34,2.0,0,0.0,0,2
3,34,3.0,0,0.0,0,3
100,34,88.0,0,0.0,12,88
200,34,180.0,5,0.5,20,180
2000,34,1796.0,22,1.8,204,1796
10000,34,9036.0,63,5.05,964,9036
20000,34,18054.0,131,10.15,1946,18054
40000,34,36068.0,271,20.85,3932,36068
60000,34,54133.0,393,30.1,5867,54133
80000,34,72041.0,515,39.4,7959,72041
100000,34,90033.0,673,51.5,9967,90033
200000,34,179932.0,1388,105.75,20068,179932
400000,34,360148.0,2733,206.95,39852,360148
600000,34,539810.0,4127,312.15,60190,539810
800000,34,719865.0,5477,415.15,80135,719865
1000000,34,900016.0,6888,520.55,99984,900016
2,35,0.0,0,0.0,2,0
3,35,1.0,0,0.0,2,1
100,35,87.0,0,0.0,13,87
200,35,178.0,0,0.0,22,178
2000,35,1806.0,18,1.4,194,1806
10000,35,9046.0,69,5.3,954,9046
20000,35,18049.0,141,11.0,1951,18049
40000,35,36015.0,278,21.65,3985,36015
60000,35,53920.0,401,31.05,6080,53920
80000,35,71889.0,541,41.6,8111,71889
100000,35,89847.0,682,52.55,10153,89847
200000,35,179776.0,1344,101.8,20224,179776
400000,35,359734.0,2649,198.95,40266,359734
600000,35,539445.0,3943,297.6,60555,539445
800000,35,719405.0,5277,397.15,80595,719405
1000000,35,899214.0,6607,498.5,100786,899214
2,36,2.0,0,0.0,0,2
3,36,3.0,0,0.0,0,3
100,36,92.0,16,0.8,8,92
200,36,179.0,16,0.8,21,179
2000,36,1804.0,45,2.65,196,1804
10000,36,8940.0,107,7.6,1060,8940
20000,36,17904.0,174,12.7,2096,17904
40000,36,35919.0,301,22.25,4081,35919
60000,36,53916.0,427,31.7,6084,53916
80000,36,71924.0,548,40.75,8076,71924
100000,36,89923.0,696,51.75,10077,89923
200000,36,179986.0,1331,99.25,20014,179986
400000,36,359801.0,2698,202.15,40199,359801
600000,36,539591.0,4011,298.7,60409,539591
800000,36,719425.0,5339,399.15,80575,719425
1000000,36,899150.0,6661,497.25,100850,899150
2,37,2.0,0,0.0,0,2
3,37,3.0,0,0.0,0,3
100,37,87.0,0,0.0,13,87
200,37,176.0,0,0.0,24,176
2000,37,1800.0,45,3.15,200,1800
10000,37,9016.0,101,7.55,984,9016
20000,37,17986.0,167,12.4,2014,17986
40000,37,35981.0,275,20.95,4019,35981
60000,37,53987.0,398,29.95,6013,53987
80000,37,71937.0,532,39.85,8063,71937
100000,37,89945.0,671,50.25,10055,89945
200000,37,179791.0,1335,99.4,20209,179791
400000,37,359483.0,2636,196.95,40517,359483
600000,37,539471.0,3952,295.3,60529,539471
800000,37,719449.0,5243,392.9,80551,719449
1000000,37,899396.0,6581,494.2,100604,899396
2,38,2.0,0,0.0,0,2
3,38,3.0,0,0.0,0,3
100,38,92.0,0,0.0,8,92
200,38,180.0,8,0.6,20,180
2000,38,1780.0,23,1.7,220,1780
10000,38,9000.0,114,7.25,1000,9000
20000,38,18005.0,172,11.25,1995,18005
40000,38,36005.0,294,20.1,3995,36005
60000,38,53984.0,437,30.85,6016,53984
80000,38,71880.0,562,40.1,8120,71880
100000,38,89941.0,698,50.4,10059,89941
200000,38,179796.0,1367,100.1,20204,179796
400000,38,359748.0,2726,201.4,40252,359748
600000,38,539644.0,4050,302.3,60356,539644
800000,38,719510.0,5465,409.05,80490,719510
1000000,38,899471.0,6784,509.0,100529,899471
2,39,2.0,0,0.0,0,2
3,39,3.0,0,0.0,0,3
100,39,89.0,0,0.0,11,89
200,39,181.0,0,0.0,19,181
2000,39,1794.0,8,0.4,206,1794
10000,39,9024.0,75,5.6,976,9024
20000,39,18027.0,159,12.0,1973,18027
40000,39,36011.0,306,23.0,3989,36011
60000,39,54041.0,444,33.75,5959,54041
80000,39,72104.0,567,42.8,7896,72104
100000,39,90195.0,718,54.25,9805,90195
200000,39,180223.0,1392,105.75,19777,180223
400000,39,360150.0,2630,198.65,39850,360150
600000,39,539949.0,4008,302.8,60051,539949
800000,39,719543.0,5392,406.65,80457,719543
1000000,39,899627.0,6780,510.3,100373,899627
2,40,2.0,0,0.0,0,2
3,40,2.0,0,0.0,1,2
100,40,91.0,0,0.0,9,91
200,40,179.0,66,6.6,21,179
2000,40,1784.0,102,9.7,216,1784
10000,40,8929.0,151,13.45,1071,8929
20000,40,17877.0,234,19.7,2123,17877
40000,40,35832.0,366,30.2,4168,35832
60000,40,53846.0,493,39.5,6154,53846
80000,40,71895.0,641,50.5,8105,71895
100000,40,89886.0,782,60.75,10114,89886
200000,40,179831.0,1437,109.55,20169,179831
400000,40,359649.0,2761,208.25,40351,359649
600000,40,539805.0,4024,302.9,60195,539805
800000,40,719839.0,5333,400.95,80161,719839
1000000,40,899899.0,6634,498.6,100101,899899
2,41,1.0,0,0.0,1,1
3,41,2.0,0,0.0,1,2
100,41,90.0,0,0.0,10,90
200,41,180.0,0,0.0,20,180
2000,41,1809.0,18,1.35,191,1809
10000,41,9022.0,66,4.85,978,9022
20000,41,18019.0,124,9.4,1981,18019
40000,41,36031.0,272,20.8,3969,36031
60000,41,54049.0,412,31.15,5951,54049
80000,41,72059.0,526,40.05,7941,72059
100000,41,90012.0,665,50.7,9988,90012
200000,41,179851.0,1319,99.3,20149,179851
400000,41,359634.0,2681,200.05,40366,359634
600000,41,539701.0,4011,299.6,60299,539701
800000,41,719659.0,5348,399.35,80341,719659
1000000,41,899704.0,6749,506.05,100296,899704
2,42,2.0,0,0.0,0,2
3,42,3.0,0,0.0,0,3
100,42,85.0,0,0.0,15,85
200,42,174.0,5,0.25,26,174
2000,42,1794.0,34,2.55,206,1794
10000,42,8973.0,92,6.65,1027,8973
20000,42,17933.0,172,12.6,2067,17933
40000,42,35914.0,308,22.45,4086,35914
60000,42,53908.0,439,32.25,6092,53908
80000,42,71883.0,592,44.05,8117,71883
100000,42,89875.0,736,55.25,10125,89875
200000,42,179883.0,1421,107.3,20117,179883
400000,42,359891.0,2813,212.75,40109,359891
600000,42,540028.0,4180,315.6,59972,540028
800000,42,719833.0,5480,414.15,80167,719833
1000000,42,899728.0,6816,514.3,100272,899728
2,43,2.0,0,0.0,0,2
3,43,3.0,0,0.0,0,3
100,43,84.0,0,0.0,16,84
200,43,175.0,1,0.05,25,175
2000,43,1785.0,13,0.9,215,1785
10000,43,9001.0,64,4.55,999,9001
20000,43,17976.0,129,9.3,2024,17976
40000,43,35906.0,259,19.35,4094,35906
60000,43,53877.0,387,29.15,6123,53877
80000,43,71820.0,514,38.9,8180,71820
100000,43,89805.0,666,50.25,10195,89805
200000,43,179838.0,1321,99.15,20162,179838
400000,43,359765.0,2641,198.3,40235,359765
600000,43,539663.0,3983,299.1,60337,539663
800000,43,719547.0,5334,400.4,80453,719547
1000000,43,899605.0,6727,505.85,100395,899605
2,44,1.0,0,0.0,1,1
3,44,2.0,0,0.0,1,2
100,44,89.0,0,0.0,11,89
200,44,180.0,22,2.1,20,180
2000,44,1776.0,78,7.35,224,1776
10000,44,8983.0,135,11.45,1017,8983
20000,44,17975.0,200,16.15,2025,17975
40000,44,35950.0,345,26.6,4050,35950
60000,44,53900.0,448,34.3,6100,53900
80000,44,71948.0,579,44.4,8052,71948
100000,44,89862.0,710,54.45,10138,89862
200000,44,179918.0,1352,103.7,20082,179918
400000,44,359903.0,2688,206.1,40097,359903
600000,44,539855.0,3987,303.55,60145,539855
800000,44,719674.0,5331,402.75,80326,719674
1000000,44,899406.0,6556,493.6,100594,899406
2,45,1.0,0,0.0,1,1
3,45,2.0,0,0.0,1,2
100,45,89.0,11,0.65,11,89
200,45,178.0,37,1.95,22,178
2000,45,1791.0,47,2.75,209,1791
10000,45,8974.0,103,6.9,1026,8974
20000,45,18006.0,174,12.2,1994,18006
40000,45,35993.0,286,20.45,4007,35993
60000,45,54002.0,402,29.2,5998,54002
80000,45,71987.0,512,37.45,8013,71987
100000,45,90002.0,645,47.2,9998,90002
200000,45,179976.0,1319,98.0,20024,179976
400000,45,359922.0,2644,197.15,40078,359922
600000,45,539788.0,3983,296.55,60212,539788
800000,45,719739.0,5363,400.1,80261,719739
1000000,45,899869.0,6663,498.05,100131,899869
2,46,2.0,0,0.0,0,2
3,46,3.0,0,0.0,0,3
100,46,91.0,0,0.0,9,91
200,46,177.0,1,0.1,23,177
2000,46,1817.0,15,1.05,183,1817
10000,46,9031.0,77,6.0,969,9031
20000,46,18052.0,135,10.45,1948,18052
40000,46,36043.0,263,19.85,3957,36043
60000,46,53991.0,389,29.45,6009,53991
80000,46,71997.0,507,37.95,8003,71997
100000,46,89962.0,641,47.9,10038,89962
200000,46,179784.0,1333,98.95,20216,179784
400000,46,359778.0,2706,202.25,40222,359778
600000,46,539500.0,4007,298.85,60500,539500
800000,46,719382.0,5301,395.7,80618,719382
1000000,46,899315.0,6609,492.7,100685,899315
2,47,2.0,0,0.0,0,2
3,47,3.0,0,0.0,0,3
100,47,88.0,3,0.15,12,88
200,47,178.0,95,9.3,22,178
2000,47,1805.0,127,12.05,195,1805
10000,47,9052.0,176,15.6,948,9052
20000,47,18055.0,245,20.95,1945,18055
40000,47,36009.0,363,29.75,3991,36009
60000,47,53949.0,472,38.1,6051,53949
80000,47,71921.0,590,46.5,8079,71921
100000,47,89902.0,740,57.15,10098,89902
200000,47,179734.0,1421,108.35,20266,179734
400000,47,359677.0,2783,210.3,40323,359677
600000,47,539757.0,4079,307.9,60243,539757
800000,47,719768.0,5427,409.15,80232,719768
1000000,47,899712.0,6759,509.55,100288,899712
2,48,1.0,0,0.0,1,1
3,48,2.0,0,0.0,1,2
100,48,87.0,3,0.15,13,87
200,48,176.0,3,0.15,24,176
2000,48,1780.0,19,1.55,220,1780
10000,48,8961.0,68,5.0,1039,8961
20000,48,17924.0,134,10.15,2076,17924
40000,48,35868.0,283,21.55,4132,35868
60000,48,53846.0,423,31.75,6154,53846
80000,48,71745.0,569,42.6,8255,71745
100000,48,89692.0,716,53.3,10308,89692
200000,48,179641.0,1374,100.75,20359,179641
400000,48,359611.0,2751,204.35,40389,359611
600000,48,539616.0,4079,304.1,60384,539616
800000,48,719399.0,5362,400.3,80601,719399
1000000,48,899560.0,6715,502.75,100440,899560
2,49,2.0,0,0.0,0,2
3,49,3.0,0,0.0,0,3
100,49,87.0,0,0.0,13,87
200,49,181.0,0,0.0,19,181
2000,49,1802.0,113,5.85,198,1802
10000,49,8939.0,175,10.75,1061,8939
20000,49,17943.0,238,15.35,2057,17943
40000,49,35907.0,383,26.35,4093,35907
60000,49,53920.0,500,35.2,6080,53920
80000,49,71873.0,630,45.05,8127,71873
100000,49,89873.0,777,56.35,10127,89873
200000,49,179866.0,1443,106.65,20134,179866
400000,49,359757.0,2797,209.15,40243,359757
600000,49,539737.0,4117,307.25,60263,539737
800000,49,719600.0,5454,408.5,80400,719600
1000000,49,899588.0,6770,506.3,100412,899588
2,50,1.0,0,0.0,1,1
3,50,2.0,0,0.0,1,2
100,50,89.0,0,0.0,11,89
200,50,171.0,1,0.1,29,171
2000,50,1770.0,9,0.7,230,1770
10000,50,8931.0,51,3.95,1069,8931
20000,50,17968.0,119,9.15,2032,17968
40000,50,35930.0,265,20.4,4070,35930
60000,50,53877.0,390,29.7,6123,53877
80000,50,71856.0,526,39.7,8144,71856
100000,50,89859.0,650,48.75,10141,89859
200000,50,179690.0,1344,100.35,20310,179690
400000,50,359566.0,2659,198.5,40434,359566
600000,50,539343.0,3978,299.9,60657,539343
800000,50,719337.0,5349,403.5,80663,719337
1000000,50,899101.0,6676,501.4,100899,899101
2,51,2.0,0,0.0,0,2
3,51,3.0,0,0.0,0,3
100,51,86.0,4,0.4,14,86
200,51,175.0,5,0.5,25,175
2000,51,1781.0,19,1.5,219,1781
10000,51,8974.0,66,5.15,1026,8974
20000,51,17972.0,119,8.8,2028,17972
40000,51,35949.0,264,19.7,4051,35949
60000,51,53839.0,416,31.45,6161,53839
80000,51,71829.0,539,40.55,8171,71829
100000,51,89862.0,677,50.75,10138,89862
200000,51,179766.0,1292,96.55,20234,179766
400000,51,359425.0,2665,199.15,40575,359425
600000,51,539130.0,3992,298.3,60870,539130
800000,51,718923.0,5410,403.35,81077,718923
1000000,51,898946.0,6700,498.75,101054,898946
2,52,2.0,0,0.0,0,2
3,52,3.0,0,0.0,0,3
100,52,86.0,5,0.25,14,86
200,52,180.0,5,0.25,20,180
2000,52,1803.0,19,1.45,197,1803
10000,52,8974.0,71,5.65,1026,8974
20000,52,17997.0,146,10.8,2003,17997
40000,52,35916.0,283,21.8,4084,35916
60000,52,53974.0,407,30.85,6026,53974
80000,52,71956.0,543,41.05,8044,71956
100000,52,89948.0,781,56.85,10052,89948
200000,52,179910.0,1480,108.6,20090,179910
400000,52,360108.0,2781,207.1,39892,360108
600000,52,540101.0,4140,308.8,59899,540101
800000,52,719896.0,5484,408.2,80104,719896
1000000,52,899773.0,6846,509.5,100227,899773
2,53,2.0,0,0.0,0,2
3,53,3.0,0,0.0,0,3
100,53,88.0,0,0.0,12,88
200,53,178.0,5,0.25,22,178
2000,53,1788.0,29,2.5,212,1788
10000,53,9013.0,77,6.25,987,9013
20000,53,17985.0,138,10.45,2015,17985
40000,53,35940.0,275,20.95,4060,35940
60000,53,53924.0,409,30.85,6076,53924
80000,53,71922.0,553,41.9,8078,71922
100000,53,89871.0,694,53.35,10129,89871
200000,53,179602.0,1340,101.0,20398,179602
400000,53,359431.0,2748,207.1,40569,359431
600000,53,539321.0,4044,304.3,60679,539321
800000,53,719294.0,5379,404.05,80706,719294
1000000,53,899134.0,6716,502.65,100866,899134
2,54,2.0,0,0.0,0,2
3,54,3.0,0,0.0,0,3
100,54,89.0,0,0.0,11,89
200,54,178.0,10,1.0,22,178
2000,54,1822.0,25,2.1,178,1822
10000,54,9001.0,85,6.35,999,9001
20000,54,17996.0,148,11.25,2004,17996
40000,54,35942.0,278,20.95,4058,35942
60000,54,53994.0,442,33.0,6006,53994
80000,54,72062.0,589,44.0,7938,72062
100000,54,90160.0,734,55.0,9840,90160
200000,54,179951.0,1422,106.65,20049,179951
400000,54,359916.0,2774,208.45,40084,359916
600000,54,539665.0,4125,310.65,60335,539665
800000,54,719402.0,5397,406.05,80598,719402
1000000,54,899209.0,6758,508.05,100791,899209
2,55,2.0,0,0.0,0,2
3,55,3.0,0,0.0,0,3
100,55,92.0,0,0.0,8,92
200,55,178.0,1,0.1,22,178
2000,55,1792.0,15,1.1,208,1792
10000,55,8950.0,81,5.55,1050,8950
20000,55,17939.0,146,10.35,2061,17939
40000,55,36013.0,269,19.55,3987,36013
60000,55,54029.0,420,30.95,5971,54029
80000,55,72060.0,576,42.55,7940,72060
100000,55,90056.0,702,51.9,9944,90056
200000,55,180147.0,1351,100.05,19853,180147
400000,55,360187.0,2675,199.4,39813,360187
600000,55,540115.0,4043,301.1,59885,540115
800000,55,720060.0,5367,400.75,79940,720060
1000000,55,900058.0,6708,502.95,99942,900058
2,56,2.0,0,0.0,0,2
3,56,2.0,0,0.0,1,2
100,56,87.0,13,0.65,13,87
200,56,178.0,13,0.65,22,178
2000,56,1783.0,147,8.05,217,1783
10000,56,9028.0,186,10.85,972,9028
20000,56,17986.0,254,16.05,2014,17986
40000,56,35959.0,406,27.3,4041,35959
60000,56,53897.0,529,36.3,6103,53897
80000,56,71986.0,667,46.9,8014,71986
100000,56,89908.0,813,57.6,10092,89908
200000,56,179865.0,1479,106.35,20135,179865
400000,56,359855.0,2807,206.4,40145,359855
600000,56,539777.0,4093,301.95,60223,539777
800000,56,719864.0,5446,403.1,80136,719864
1000000,56,899782.0,6794,502.8,100218,899782
2,57,1.0,0,0.0,1,1
3,57,2.0,0,0.0,1,2
100,57,86.0,3,0.3,14,86
200,57,180.0,3,0.3,20,180
2000,57,1814.0,18,1.55,186,1814
10000,57,8962.0,81,5.75,1038,8962
20000,57,17943.0,152,11.25,2057,17943
40000,57,35978.0,274,19.95,4022,35978
60000,57,54000.0,422,31.2,6000,54000
80000,57,72031.0,549,40.85,7969,72031
100000,57,90067.0,668,49.5,9933,90067
200000,57,180085.0,1351,100.9,19915,180085
400000,57,360002.0,2665,201.9,39998,360002
600000,57,539906.0,4049,306.0,60094,539906
800000,57,719882.0,5376,405.85,80118,719882
1000000,57,899960.0,6724,504.45,100040,899960
2,58,2.0,0,0.0,0,2
3,58,2.0,0,0.0,1,2
100,58,88.0,0,0.0,12,88
200,58,178.0,0,0.0,22,178
2000,58,1787.0,90,5.2,213,1787
10000,58,8940.0,139,8.7,1060,8940
20000,58,17888.0,209,14.0,2112,17888
40000,58,35858.0,338,23.5,4142,35858
60000,58,53828.0,464,33.6,6172,53828
80000,58,71811.0,605,45.05,8189,71811
100000,58,89831.0,734,55.15,10169,89831
200000,58,179972.0,1444,108.85,20028,179972
400000,58,359857.0,2766,208.1,40143,359857
600000,58,539903.0,4124,310.9,60097,539903
800000,58,719819.0,5480,412.15,80181,719819
1000000,58,899636.0,6854,514.15,100364,899636
2,59,2.0,0,0.0,0,2
3,59,3.0,0,0.0,0,3
100,59,82.0,69,6.9,18,82
200,59,164.0,169,16.9,36,164
2000,59,1611.0,1964,195.65,389,1611
10000,59,8395.0,9915,609.8,1605,8395
20000,59,17353.0,11207,676.05,2647,17353
40000,59,35321.0,11344,686.15,4679,35321
60000,59,53365.0,11510,698.3,6635,53365
80000,59,71327.0,11647,709.25,8673,71327
100000,59,89389.0,11779,719.3,10611,89389
200000,59,179371.0,12397,765.95,20629,179371
400000,59,359471.0,13787,870.4,40529,359471
600000,59,539403.0,15118,971.25,60597,539403
800000,59,719097.0,16493,1073.7,80903,719097
1000000,59,899040.0,17822,1173.15,100960,899040
2,60,2.0,0,0.0,0,2
3,60,3.0,0,0.0,0,3
100,60,89.0,0,0.0,11,89
200,60,175.0,7,0.35,25,175
2000,60,1803.0,35,2.55,197,1803
10000,60,8980.0,88,6.35,1020,8980
20000,60,17980.0,149,11.0,2020,17980
40000,60,35974.0,290,21.9,4026,35974
60000,60,53965.0,435,33.15,6035,53965
80000,60,71910.0,579,44.55,8090,71910
100000,60,89840.0,721,54.9,10160,89840
200000,60,179866.0,1387,105.35,20134,179866
400000,60,359723.0,2685,201.05,40277,359723
600000,60,539633.0,4027,301.2,60367,539633
800000,60,719423.0,5370,401.8,80577,719423
1000000,60,899355.0,6682,499.95,100645,899355
2,61,2.0,0,0.0,0,2
3,61,3.0,0,0.0,0,3
100,61,92.0,4,0.2,8,92
200,61,178.0,4,0.2,22,178
2000,61,1787.0,16,1.15,213,1787
10000,61,8986.0,114,7.25,1014,8986
20000,61,17968.0,169,11.45,2032,17968
40000,61,35971.0,302,21.45,4029,35971
60000,61,53913.0,460,33.1,6087,53913
80000,61,71935.0,583,42.45,8065,71935
100000,61,89978.0,710,52.15,10022,89978
200000,61,179935.0,1383,103.3,20065,179935
400000,61,360021.0,2707,202.3,39979,360021
600000,61,539788.0,4049,303.4,60212,539788
800000,61,719541.0,5293,396.65,80459,719541
1000000,61,899416.0,6613,494.3,100584,899416
2,62,2.0,0,0.0,0,2
3,62,2.0,0,0.0,1,2
100,62,88.0,6,0.3,12,88
200,62,180.0,6,0.3,20,180
2000,62,1782.0,50,2.7,218,1782
10000,62,8986.0,109,7.6,1014,8986
20000,62,17967.0,177,12.6,2033,17967
40000,62,36029.0,295,21.6,3971,36029
60000,62,54056.0,442,32.7,5944,54056
80000,62,72091.0,578,42.6,7909,72091
100000,62,90047.0,717,52.65,9953,90047
200000,62,180006.0,1407,103.35,19994,180006
400000,62,359842.0,2790,206.7,40158,359842
600000,62,539845.0,4183,311.3,60155,539845
800000,62,719816.0,5470,408.4,80184,719816
1000000,62,899749.0,6846,512.55,100251,899749
2,63,2.0,0,0.0,0,2
3,63,3.0,0,0.0,0,3
100,63,94.0,6,0.3,6,94
200,63,182.0,18,0.9,18,182
2000,63,1805.0,28,1.65,195,1805
10000,63,9027.0,90,5.95,973,9027
20000,63,18050.0,162,11.1,1950,18050
40000,63,36100.0,295,21.05,3900,36100
60000,63,54169.0,414,30.3,5831,54169
80000,63,72146.0,534,39.15,7854,72146
100000,63,90197.0,664,48.75,9803,90197
200000,63,180158.0,1336,100.65,19842,180158
400000,63,360213.0,2601,195.1,39787,360213
600000,63,540274.0,4023,303.25,59726,540274
800000,63,720161.0,5375,404.45,79839,720161
1000000,63,900305.0,6710,504.95,99695,900305
2,64,2.0,0,0.0,0,2
3,64,3.0,0,0.0,0,3
100,64,89.0,6,0.3,11,89
200,64,180.0,6,0.3,20,180
2000,64,1795.0,24,1.7,205,1795
10000,64,9002.0,67,5.05,998,9002
20000,64,17991.0,142,10.65,2009,17991
40000,64,35993.0,278,20.4,4007,35993
60000,64,54015.0,415,30.65,5985,54015
80000,64,71981.0,532,39.25,8019,71981
100000,64,89954.0,665,49.4,10046,89954
200000,64,179858.0,1371,101.75,20142,179858
400000,64,359472.0,2785,209.65,40528,359472
600000,64,539358.0,4041,302.55,60642,539358
800000,64,719361.0,5358,400.85,80639,719361
1000000,64,899285.0,6727,501.95,100715,899285
2,65,2.0,0,0.0,0,2
3,65,3.0,0,0.0,0,3
100,65,89.0,5,0.35,11,89
200,65,181.0,6,0.4,19,181
2000,65,1787.0,17,1.3,213,1787
10000,65,8930.0,90,7.3,1070,8930
20000,65,17940.0,150,11.75,2060,17940
40000,65,35993.0,288,22.65,4007,35993
60000,65,53943.0,419,32.7,6057,53943
80000,65,71927.0,555,43.05,8073,71927
100000,65,89898.0,677,52.55,10102,89898
200000,65,179764.0,1324,101.35,20236,179764
400000,65,359584.0,2621,199.8,40416,359584
600000,65,539728.0,3972,299.5,60272,539728
800000,65,719631.0,5334,401.05,80369,719631
1000000,65,899361.0,6685,502.2,100639,899361
2,66,2.0,0,0.0,0,2
3,66,3.0,0,0.0,0,3
100,66,87.0,6,0.35,13,87
200,66,181.0,6,0.35,19,181
2000,66,1817.0,17,1.2,183,1817
10000,66,8983.0,86,6.75,1017,8983
20000,66,17947.0,160,12.3,2053,17947
40000,66,35904.0,293,22.25,4096,35904
60000,66,53860.0,422,31.95,6140,53860
80000,66,71759.0,559,41.75,8241,71759
100000,66,89727.0,694,52.1,10273,89727
200000,66,179790.0,1342,100.95,20210,179790
400000,66,359710.0,2651,198.4,40290,359710
600000,66,539669.0,4004,300.7,60331,539669
800000,66,719446.0,5308,398.6,80554,719446
1000000,66,899287.0,6680,501.55,100713,899287
2,67,2.0,0,0.0,0,2
3,67,3.0,0,0.0,0,3
100,67,95.0,0,0.0,5,95
200,67,188.0,0,0.0,12,188
2000,67,1821.0,30,2.0,179,1821
10000,67,9024.0,90,6.6,976,9024
20000,67,18005.0,160,11.75,1995,18005
40000,67,35951.0,285,21.05,4049,35951
60000,67,53935.0,428,31.9,6065,53935
80000,67,71943.0,570,42.65,8057,71943
100000,67,89978.0,705,52.5,10022,89978
200000,67,179906.0,1333,99.85,20094,179906
400000,67,359496.0,2719,204.5,40504,359496
600000,67,539464.0,4093,307.45,60536,539464
800000,67,719477.0,5441,407.65,80523,719477
1000000,67,899361.0,6775,507.65,100639,899361
2,68,1.0,0,0.0,1,1
3,68,2.0,0,0.0,1,2
100,68,88.0,9,0.75,12,88
200,68,180.0,22,1.4,20,180
2000,68,1828.0,43,2.9,172,1828
10000,68,8965.0,112,7.7,1035,8965
20000,68,18009.0,174,12.6,1991,18009
40000,68,35958.0,307,22.4,4042,35958
60000,68,54062.0,458,33.5,5938,54062
80000,68,72038.0,603,44.55,7962,72038
100000,68,90107.0,733,53.85,9893,90107
200000,68,179898.0,1431,105.45,20102,179898
400000,68,359810.0,2781,207.0,40190,359810
600000,68,539931.0,4075,305.4,60069,539931
800000,68,719735.0,5408,405.0,80265,719735
1000000,68,899611.0,6686,500.85,100389,899611
2,69,2.0,0,0.0,0,2
3,69,3.0,0,0.0,0,3
100,69,89.0,0,0.0,11,89
200,69,178.0,15,0.9,22,178
2000,69,1813.0,22,1.4,187,1813
10000,69,8970.0,80,5.85,1030,8970
20000,69,17950.0,154,10.8,2050,17950
40000,69,35993.0,293,21.55,4007,35993
60000,69,53989.0,443,32.45,6011,53989
80000,69,72002.0,594,43.75,7998,72002
100000,69,89940.0,725,53.45,10060,89940
200000,69,179726.0,1416,104.7,20274,179726
400000,69,359795.0,2753,204.35,40205,359795
600000,69,539826.0,4127,306.6,60174,539826
800000,69,719598.0,5491,408.35,80402,719598
1000000,69,899444.0,6861,511.65,100556,899444
2,70,2.0,0,0.0,0,2
3,70,3.0,0,0.0,0,3
100,70,93.0,1,0.05,7,93
200,70,188.0,3,0.2,12,188
2000,70,1802.0,19,1.3,198,1802
10000,70,8992.0,72,5.4,1008,8992
20000,70,17989.0,129,9.85,2011,17989
40000,70,36014.0,255,19.3,3986,36014
60000,70,54003.0,385,28.7,5997,54003
80000,70,71970.0,519,38.85,8030,71970
100000,70,89920.0,658,49.0,10080,89920
200000,70,179962.0,1315,99.05,20038,179962
400000,70,359894.0,2612,196.05,40106,359894
600000,70,539647.0,3945,296.05,60353,539647
800000,70,719416.0,5229,391.65,80584,719416
1000000,70,899211.0,6536,489.9,100789,899211
2,71,2.0,0,0.0,0,2
3,71,3.0,0,0.0,0,3
100,71,89.0,20,1.9,11,89
200,71,177.0,20,1.9,23,177
2000,71,1782.0,32,2.65,218,1782
10000,71,8995.0,92,6.6,1005,8995
20000,71,18015.0,173,12.8,1985,18015
40000,71,35981.0,303,22.5,4019,35981
60000,71,53931.0,417,30.75,6069,53931
80000,71,71889.0,554,41.7,8111,71889
100000,71,89898.0,683,51.45,10102,89898
200000,71,179857.0,1356,102.3,20143,179857
400000,71,359941.0,2651,198.8,40059,359941
600000,71,539987.0,3954,294.6,60013,539987
800000,71,719714.0,5294,395.5,80286,719714
1000000,71,899613.0,6610,492.9,100387,899613
2,72,2.0,2,0.1,0,2
3,72,3.0,3,0.15,0,3
100,72,84.0,100,5.0,16,84
200,72,175.0,200,10.0,25,175
2000,72,1741.0,1690,86.8,259,1741
10000,72,8972.0,1746,91.0,1028,8972
20000,72,17983.0,1808,95.7,2017,17983
40000,72,36002.0,1964,107.5,3998,36002
60000,72,53987.0,2081,116.35,6013,53987
80000,72,71946.0,2221,127.05,8054,71946
100000,72,89954.0,2347,136.75,10046,89954
200000,72,179973.0,2995,185.3,20027,179973
400000,72,359713.0,4337,286.2,40287,359713
600000,72,539530.0,5660,386.6,60470,539530
800000,72,719503.0,6962,483.45,80497,719503
1000000,72,899304.0,8303,584.45,100696,899304
2,73,2.0,0,0.0,0,2
3,73,3.0,0,0.0,0,3
100,73,92.0,4,0.2,8,92
200,73,187.0,4,0.2,13,187
2000,73,1802.0,19,1.35,198,1802
10000,73,8987.0,62,4.75,1013,8987
20000,73,18023.0,140,10.85,1977,18023
40000,73,35971.0,295,22.1,4029,35971
60000,73,53926.0,425,31.95,6074,53926
80000,73,71949.0,556,41.6,8051,71949
100000,73,89988.0,695,51.8,10012,89988
200000,73,179771.0,1376,103.0,20229,179771
400000,73,359762.0,2706,202.3,40238,359762
600000,73,539765.0,4099,308.25,60235,539765
800000,73,719572.0,5471,411.3,80428,719572
1000000,73,899292.0,6769,508.9,100708,899292
2,74,2.0,0,0.0,0,2
3,74,3.0,0,0.0,0,3
100,74,94.0,1,0.1,6,94
200,74,185.0,2,0.2,15,185
2000,74,1809.0,52,2.85,191,1809
10000,74,9023.0,121,7.95,977,9023
20000,74,18002.0,187,12.9,1998,18002
40000,74,35994.0,329,23.3,4006,35994
60000,74,53971.0,472,33.75,6029,53971
80000,74,71981.0,592,42.6,8019,71981
100000,74,89943.0,729,52.6,10057,89943
200000,74,179911.0,1392,101.85,20089,179911
400000,74,359742.0,2746,202.65,40258,359742
600000,74,539646.0,4140,305.85,60354,539646
800000,74,719408.0,5530,409.6,80592,719408
1000000,74,899259.0,6796,506.45,100741,899259
2,75,1.0,0,0.0,1,1
3,75,2.0,0,0.0,1,2
100,75,94.0,0,0.0,6,94
200,75,179.0,0,0.0,21,179
2000,75,1796.0,21,1.6,204,1796
10000,75,9000.0,79,5.5,1000,9000
20000,75,18006.0,139,9.85,1994,18006
40000,75,35992.0,273,19.8,4008,35992
60000,75,53959.0,387,28.65,6041,53959
80000,75,71950.0,511,38.3,8050,71950
100000,75,90012.0,647,48.65,9988,90012
200000,75,179851.0,1310,98.2,20149,179851
400000,75,359807.0,2681,201.55,40193,359807
600000,75,539700.0,4010,300.05,60300,539700
800000,75,719635.0,5334,399.1,80365,719635
1000000,75,899565.0,6663,499.75,100435,899565
2,76,1.0,0,0.0,1,1
3,76,2.0,0,0.0,1,2
100,76,90.0,47,2.35,10,90
200,76,177.0,144,7.2,23,177
2000,76,1798.0,203,11.15,202,1798
10000,76,8963.0,258,15.6,1037,8963
20000,76,17978.0,323,20.6,2022,17978
40000,76,36001.0,458,30.5,3999,36001
60000,76,54017.0,594,40.6,5983,54017
80000,76,72017.0,724,50.55,7983,72017
100000,76,89958.0,862,60.95,10042,89958
200000,76,180150.0,1542,110.8,19850,180150
400000,76,359991.0,2849,207.75,40009,359991
600000,76,539755.0,4176,307.15,60245,539755
800000,76,719313.0,5509,406.75,80687,719313
1000000,76,899187.0,6909,510.25,100813,899187
2,77,2.0,0,0.0,0,2
3,77,3.0,0,0.0,0,3
100,77,93.0,0,0.0,7,93
200,77,187.0,0,0.0,13,187
2000,77,1802.0,22,1.6,198,1802
10000,77,8974.0,71,5.25,1026,8974
20000,77,18013.0,145,10.85,1987,18013
40000,77,35996.0,285,21.35,4004,35996
60000,77,54055.0,430,32.1,5945,54055
80000,77,72057.0,533,39.65,7943,72057
100000,77,90047.0,646,47.55,9953,90047
200000,77,179833.0,1317,98.0,20167,179833
400000,77,359669.0,2684,201.75,40331,359669
600000,77,539294.0,4013,302.55,60706,539294
800000,77,719191.0,5323,400.3,80809,719191
1000000,77,899030.0,6597,496.5,100970,899030
2,78,1.0,0,0.0,1,1
3,78,2.0,0,0.0,1,2
100,78,86.0,6,0.6,14,86
200,78,180.0,10,1.0,20,180
2000,78,1807.0,21,1.85,193,1807
10000,78,9043.0,66,5.15,957,9043
20000,78,18046.0,126,9.2,1954,18046
40000,78,36133.0,245,18.15,3867,36133
60000,78,54055.0,404,29.55,5945,54055
80000,78,72030.0,534,39.1,7970,72030
100000,78,90016.0,653,48.0,9984,90016
200000,78,180099.0,1287,96.0,19901,180099
400000,78,360357.0,2651,197.3,39643,360357
600000,78,540256.0,3978,296.9,59744,540256
800000,78,720050.0,5256,392.5,79950,720050
1000000,78,899881.0,6596,493.3,100119,899881
2,79,2.0,0,0.0,0,2
3,79,2.0,0,0.0,1,2
100,79,90.0,0,0.0,10,90
200,79,180.0,0,0.0,20,180
2000,79,1800.0,15,1.25,200,1800
10000,79,8992.0,79,5.85,1008,8992
20000,79,17966.0,165,12.3,2034,17966
40000,79,35908.0,295,21.75,4092,35908
60000,79,53920.0,424,31.75,6080,53920
80000,79,71881.0,566,42.65,8119,71881
100000,79,89955.0,689,51.6,10045,89955
200000,79,179830.0,1342,101.0,20170,179830
400000,79,359574.0,2679,201.05,40426,359574
600000,79,539698.0,3942,295.8,60302,539698
800000,79,719513.0,5298,396.5,80487,719513
1000000,79,899405.0,6674,499.85,100595,899405
2,80,0.0,0,0.0,2,0
3,80,1.0,0,0.0,2,1
100,80,83.0,11,1.1,17,83
200,80,173.0,12,1.15,27,173
2000,80,1792.0,35,2.8,208,1792
10000,80,9047.0,90,7.2,953,9047
20000,80,18024.0,150,11.8,1976,18024
40000,80,35943.0,288,22.15,4057,35943
60000,80,54007.0,417,31.95,5993,54007
80000,80,72029.0,544,41.4,7971,72029
100000,80,90082.0,675,51.0,9918,90082
200000,80,180025.0,1335,102.7,19975,180025
400000,80,359831.0,2686,204.4,40169,359831
600000,80,539881.0,3974,301.55,60119,539881
800000,80,719687.0,5335,403.35,80313,719687
1000000,80,899534.0,6678,504.5,100466,899534
2,81,2.0,0,0.0,0,2
3,81,3.0,0,0.0,0,3
100,81,87.0,0,0.0,13,87
200,81,175.0,0,0.0,25,175
2000,81,1787.0,53,3.45,213,1787
10000,81,9016.0,106,7.25,984,9016
20000,81,18020.0,167,11.65,1980,18020
40000,81,35962.0,312,22.65,4038,35962
60000,81,53969.0,452,32.7,6031,53969
80000,81,72006.0,575,41.75,7994,72006
100000,81,90001.0,732,53.65,9999,90001
200000,81,179851.0,1416,104.5,20149,179851
400000,81,359685.0,2756,205.35,40315,359685
600000,81,539631.0,4012,299.25,60369,539631
800000,81,719490.0,5353,399.3,80510,719490
1000000,81,899479.0,6648,497.05,100521,899479
2,82,2.0,0,0.0,0,2
3,82,3.0,0,0.0,0,3
100,82,96.0,0,0.0,4,96
200,82,184.0,4,0.3,16,184
2000,82,1815.0,11,0.8,185,1815
10000,82,9042.0,60,4.4,958,9042
20000,82,17989.0,124,8.95,2011,17989
40000,82,35968.0,246,18.25,4032,35968
60000,82,53948.0,383,28.3,6052,53948
80000,82,71974.0,515,38.2,8026,71974
100000,82,89971.0,644,47.45,10029,89971
200000,82,179951.0,1369,101.25,20049,179951
400000,82,359910.0,2680,199.95,40090,359910
600000,82,539724.0,4008,298.2,60276,539724
800000,82,719520.0,5287,393.5,80480,719520
1000000,82,899538.0,6643,493.9,100462,899538
2,83,1.0,0,0.0,1,1
3,83,2.0,0,0.0,1,2
100,83,87.0,28,1.4,13,87
200,83,176.0,28,1.4,24,176
2000,83,1771.0,56,4.05,229,1771
10000,83,8960.0,106,8.15,1040,8960
20000,83,17953.0,154,11.9,2047,17953
40000,83,35906.0,277,21.05,4094,35906
60000,83,53957.0,405,30.4,6043,53957
80000,83,71916.0,524,39.05,8084,71916
100000,83,89952.0,670,49.8,10048,89952
200000,83,179801.0,1316,97.65,20199,179801
400000,83,359677.0,2670,198.05,40323,359677
600000,83,539490.0,4023,298.5,60510,539490
800000,83,719644.0,5345,397.65,80356,719644
1000000,83,899505.0,6654,494.5,100495,899505
2,84,2.0,0,0.0,0,2
3,84,3.0,0,0.0,0,3
100,84,91.0,0,0.0,9,91
200,84,181.0,0,0.0,19,181
2000,84,1763.0,46,4.4,237,1763
10000,84,8909.0,106,8.7,1091,8909
20000,84,17927.0,173,13.6,2073,17927
40000,84,35943.0,314,23.85,4057,35943
60000,84,53956.0,456,34.65,6044,53956
80000,84,71946.0,585,44.25,8054,71946
100000,84,89959.0,722,54.75,10041,89959
200000,84,179855.0,1400,105.45,20145,179855
400000,84,359731.0,2746,207.2,40269,359731
600000,84,539729.0,4123,310.85,60271,539729
800000,84,719787.0,5506,414.55,80213,719787
1000000,84,899720.0,6867,516.65,100280,899720
2,85,1.0,0,0.0,1,1
3,85,2.0,0,0.0,1,2
100,85,91.0,0,0.0,9,91
200,85,183.0,0,0.0,17,183
2000,85,1782.0,18,1.5,218,1782
10000,85,8998.0,86,6.35,1002,8998
20000,85,17976.0,165,12.5,2024,17976
40000,85,35928.0,287,21.0,4072,35928
60000,85,53919.0,432,31.8,6081,53919
80000,85,71913.0,571,42.8,8087,71913
100000,85,89879.0,698,53.0,10121,89879
200000,85,179955.0,1344,100.85,20045,179955
400000,85,360088.0,2679,202.05,39912,360088
600000,85,539930.0,4041,305.05,60070,539930
800000,85,719800.0,5325,400.7,80200,719800
1000000,85,899667.0,6742,506.35,100333,899667
2,86,2.0,0,0.0,0,2
3,86,3.0,0,0.0,0,3
100,86,89.0,0,0.0,11,89
200,86,179.0,0,0.0,21,179
2000,86,1797.0,138,11.75,203,1797
10000,86,8972.0,200,16.2,1028,8972
20000,86,17986.0,256,20.45,2014,17986
40000,86,35984.0,374,29.1,4016,35984
60000,86,53947.0,501,38.7,6053,53947
80000,86,71914.0,637,48.7,8086,71914
100000,86,89899.0,794,60.75,10101,89899
200000,86,179795.0,1413,106.95,20205,179795
400000,86,359697.0,2794,210.55,40303,359697
600000,86,539516.0,4143,310.6,60484,539516
800000,86,719355.0,5483,410.05,80645,719355
1000000,86,899109.0,6771,506.5,100891,899109
2,87,2.0,0,0.0,0,2
3,87,3.0,0,0.0,0,3
100,87,90.0,3,0.15,10,90
200,87,181.0,7,0.55,19,181
2000,87,1809.0,11,0.8,191,1809
10000,87,9043.0,128,8.7,957,9043
20000,87,18068.0,192,13.5,1932,18068
40000,87,36016.0,327,23.2,3984,36016
60000,87,53963.0,445,32.15,6037,53963
80000,87,72001.0,554,40.35,7999,72001
100000,87,89961.0,687,50.4,10039,89961
200000,87,179910.0,1356,101.6,20090,179910
400000,87,359928.0,2744,204.5,40072,359928
600000,87,539713.0,4125,308.8,60287,539713
800000,87,719732.0,5427,406.1,80268,719732
1000000,87,899432.0,6752,506.2,100568,899432
2,88,0.0,0,0.0,2,0
3,88,1.0,0,0.0,2,1
100,88,85.0,0,0.0,15,85
200,88,177.0,0,0.0,23,177
2000,88,1797.0,21,1.65,203,1797
10000,88,8963.0,75,5.75,1037,8963
20000,88,17971.0,136,10.3,2029,17971
40000,88,35977.0,283,21.8,4023,35977
60000,88,54026.0,428,33.1,5974,54026
80000,88,72019.0,568,43.45,7981,72019
100000,88,89966.0,719,54.0,10034,89966
200000,88,179976.0,1323,99.85,20024,179976
400000,88,359795.0,2642,197.0,40205,359795
600000,88,539866.0,3904,291.1,60134,539866
800000,88,719802.0,5223,389.95,80198,719802
1000000,88,899638.0,6566,492.2,100362,899638
2,89,2.0,0,0.0,0,2
3,89,3.0,0,0.0,0,3
100,89,86.0,2,0.2,14,86
200,89,178.0,2,0.2,22,178
2000,89,1773.0,13,1.0,227,1773
10000,89,8962.0,68,5.15,1038,8962
20000,89,17972.0,129,9.7,2028,17972
40000,89,35978.0,263,20.15,4022,35978
60000,89,54015.0,389,29.3,5985,54015
80000,89,72027.0,513,38.45,7973,72027
100000,89,89986.0,652,48.8,10014,89986
200000,89,180063.0,1316,98.35,19937,180063
400000,89,359973.0,2608,195.05,40027,359973
600000,89,539599.0,3948,296.15,60401,539599
800000,89,719643.0,5308,398.05,80357,719643
1000000,89,899608.0,6627,497.7,100392,899608
2,90,2.0,0,0.0,0,2
3,90,3.0,0,0.0,0,3
100,90,95.0,1,0.1,5,95
200,90,185.0,2,0.2,15,185
2000,90,1798.0,169,8.9,202,1798
10000,90,9007.0,222,12.75,993,9007
20000,90,18032.0,298,18.35,1968,18032
40000,90,36062.0,441,28.9,3938,36062
60000,90,54048.0,562,38.05,5952,54048
80000,90,72096.0,691,47.4,7904,72096
100000,90,90123.0,828,58.05,9877,90123
200000,90,180103.0,1496,107.8,19897,180103
400000,90,360144.0,2796,206.95,39856,360144
600000,90,540152.0,4181,311.4,59848,540152
800000,90,720183.0,5492,409.3,79817,720183
1000000,90,899827.0,6838,511.15,100173,899827
2,91,2.0,0,0.0,0,2
3,91,3.0,0,0.0,0,3
100,91,89.0,11,0.7,11,89
200,91,178.0,13,0.8,22,178
2000,91,1810.0,20,1.3,190,1810
10000,91,9015.0,66,4.8,985,9015
20000,91,17935.0,144,10.75,2065,17935
40000,91,35907.0,276,20.5,4093,35907
60000,91,53961.0,398,29.7,6039,53961
80000,91,71988.0,515,38.05,8012,71988
100000,91,90006.0,623,46.25,9994,90006
200000,91,179973.0,1270,94.8,20027,179973
400000,91,359806.0,2583,192.75,40194,359806
600000,91,539906.0,3928,292.9,60094,539906
800000,91,719909.0,5229,390.4,80091,719909
1000000,91,899986.0,6547,489.05,100014,899986
2,92,2.0,0,0.0,0,2
3,92,3.0,0,0.0,0,3
100,92,83.0,3,0.15,17,83
200,92,177.0,5,0.25,23,177
2000,92,1790.0,20,1.65,210,1790
10000,92,8977.0,97,7.3,1023,8977
20000,92,17975.0,163,12.1,2025,17975
40000,92,35979.0,303,23.0,4021,35979
60000,92,54011.0,450,34.2,5989,54011
80000,92,72001.0,596,44.9,7999,72001
100000,92,90007.0,743,55.55,9993,90007
200000,92,180027.0,1392,104.4,19973,180027
400000,92,359731.0,2805,212.5,40269,359731
600000,92,539567.0,4080,309.15,60433,539567
800000,92,719531.0,5431,410.6,80469,719531
1000000,92,899299.0,6771,511.8,100701,899299
2,93,2.0,0,0.0,0,2
3,93,3.0,0,0.0,0,3
100,93,92.0,0,0.0,8,92
200,93,184.0,0,0.0,16,184
2000,93,1789.0,46,2.65,211,1789
10000,93,9005.0,93,6.2,995,9005
20000,93,17983.0,168,11.7,2017,17983
40000,93,35998.0,297,21.6,4002,35998
60000,93,53997.0,419,30.4,6003,53997
80000,93,71933.0,558,40.95,8067,71933
100000,93,89923.0,699,51.3,10077,89923
200000,93,179868.0,1402,103.2,20132,179868
400000,93,359628.0,2710,200.9,40372,359628
600000,93,539636.0,4030,299.95,60364,539636
800000,93,719583.0,5407,404.2,80417,719583
1000000,93,899192.0,6769,506.75,100808,899192
2,94,2.0,0,0.0,0,2
3,94,3.0,0,0.0,0,3
100,94,83.0,8,0.8,17,83
200,94,171.0,8,0.8,29,171
2000,94,1812.0,42,2.75,188,1812
10000,94,8997.0,97,6.95,1003,8997
20000,94,18015.0,157,11.5,1985,18015
40000,94,36085.0,307,23.4,3915,36085
60000,94,54116.0,456,34.7,5884,54116
80000,94,72066.0,596,45.25,7934,72066
100000,94,90051.0,720,54.55,9949,90051
200000,94,179864.0,1391,104.25,20136,179864
400000,94,359920.0,2749,206.75,40080,359920
600000,94,540039.0,4101,307.75,59961,540039
800000,94,719767.0,5436,408.8,80233,719767
1000000,94,899726.0,6760,508.9,100274,899726
2,95,2.0,0,0.0,0,2
3,95,3.0,0,0.0,0,3
100,95,95.0,0,0.0,5,95
200,95,183.0,0,0.0,17,183
2000,95,1808.0,14,1.0,192,1808
10000,95,8974.0,71,5.1,1026,8974
20000,95,17965.0,135,10.1,2035,17965
40000,95,35913.0,272,20.9,4087,35913
60000,95,53855.0,409,31.7,6145,53855
80000,95,71824.0,541,41.4,8176,71824
100000,95,89769.0,688,52.3,10231,89769
200000,95,179749.0,1352,101.8,20251,179749
400000,95,359717.0,2686,200.6,40283,359717
600000,95,539626.0,4048,302.6,60374,539626
800000,95,719587.0,5405,403.75,80413,719587
1000000,95,899525.0,6717,501.5,100475,899525
2,96,2.0,0,0.0,0,2
3,96,3.0,0,0.0,0,3
100,96,89.0,1,0.1,11,89
200,96,180.0,1,0.1,20,180
2000,96,1816.0,16,1.15,184,1816
10000,96,8975.0,110,7.4,1025,8975
20000,96,17978.0,179,12.65,2022,17978
40000,96,35937.0,311,22.9,4063,35937
60000,96,53929.0,424,31.3,6071,53929
80000,96,71907.0,540,40.65,8093,71907
100000,96,89906.0,656,49.55,10094,89906
200000,96,179822.0,1309,97.8,20178,179822
400000,96,359499.0,2611,195.8,40501,359499
600000,96,539367.0,4005,299.4,60633,539367
800000,96,719366.0,5337,398.65,80634,719366
1000000,96,899240.0,6644,496.2,100760,899240
2,97,2.0,0,0.0,0,2
3,97,3.0,0,0.0,0,3
100,97,91.0,4,0.4,9,91
200,97,179.0,8,0.6,21,179
2000,97,1790.0,14,0.95,210,1790
10000,97,9028.0,94,6.6,972,9028
20000,97,18052.0,145,10.3,1948,18052
40000,97,36088.0,270,19.1,3912,36088
60000,97,54088.0,395,27.85,5912,54088
80000,97,72158.0,547,39.3,7842,72158
100000,97,90090.0,663,48.2,9910,90090
200000,97,179942.0,1297,95.3,20058,179942
400000,97,359877.0,2583,190.25,40123,359877
600000,97,539705.0,3944,289.55,60295,539705
800000,97,719356.0,5251,387.0,80644,719356
1000000,97,899163.0,6615,488.8,100837,899163
2,98,2.0,0,0.0,0,2
3,98,3.0,0,0.0,0,3
100,98,90.0,5,0.5,10,90
200,98,182.0,5,0.5,18,182
2000,98,1786.0,18,1.45,214,1786
10000,98,8936.0,60,4.8,1064,8936
20000,98,17933.0,120,9.3,2067,17933
40000,98,35944.0,266,20.7,4056,35944
60000,98,53929.0,388,29.2,6071,53929
80000,98,71853.0,512,38.45,8147,71853
100000,98,89825.0,644,47.85,10175,89825
200000,98,179900.0,1299,97.1,20100,179900
400000,98,359899.0,2600,195.2,40101,359899
600000,98,539916.0,3900,293.55,60084,539916
800000,98,719867.0,5227,392.15,80133,719867
1000000,98,899929.0,6548,491.05,100071,899929
2,99,2.0,0,0.0,0,2
3,99,3.0,0,0.0,0,3
100,99,87.0,0,0.0,13,87
200,99,176.0,1,0.05,24,176
2000,99,1795.0,45,3.2,205,1795
10000,99,9000.0,97,7.35,1000,9000
20000,99,17994.0,162,12.3,2006,17994
40000,99,36044.0,310,22.55,3956,36044
60000,99,53994.0,528,36.45,6006,53994
80000,99,72024.0,684,48.15,7976,72024
100000,99,90006.0,806,57.65,9994,90006
200000,99,180125.0,1443,104.65,19875,180125
400000,99,360182.0,2718,200.45,39818,360182
600000,99,540092.0,4086,303.8,59908,540092
800000,99,719949.0,5399,401.85,80051,719949
1000000,99,900066.0,6731,502.0,99934,900066
2,100,2.0,0,0.0,0,2
3,100,3.0,0,0.0,0,3
100,100,86.0,0,0.0,14,86
200,100,176.0,1,0.1,24,176
2000,100,1784.0,20,1.55,216,1784
10000,100,8990.0,222,13.15,1010,8990
20000,100,17964.0,284,17.65,2036,17964
40000,100,35883.0,423,28.45,4117,35883
60000,100,53908.0,541,36.95,6092,53908
80000,100,71866.0,650,45.3,8134,71866
100000,100,89858.0,779,55.05,10142,89858
200000,100,179800.0,1462,106.55,20200,179800
400000,100,359807.0,2820,208.65,40193,359807
600000,100,539836.0,4181,311.1,60164,539836
800000,100,719815.0,5483,409.05,80185,719815
1000000,100,899817.0,6823,509.05,100183,899817
