Timestep,Iteration,Total Reward,Suboptimal Arms,Total Regret,Zeros Count,Ones Count
2,1,2.0,0,0.0,0,2
3,1,3.0,0,0.0,0,3
100,1,90.0,0,0.0,10,90
200,1,177.0,5,0.16,23,177
2000,1,1797.0,24,0.35,203,1797
10000,1,8982.0,84,1.95,1018,8982
20000,1,18040.0,165,4.06,1960,18040
40000,1,36017.0,277,7.41,3983,36017
60000,1,54088.0,410,11.05,5912,54088
80000,1,72011.0,553,14.6,7989,72011
100000,1,89997.0,702,18.41,10003,89997
200000,1,180071.0,1352,34.57,19929,180071
400000,1,359981.0,2683,72.27,40019,359981
600000,1,539899.0,3950,107.99,60101,539899
800000,1,719834.0,5252,144.74,80166,719834
1000000,1,899733.0,6612,181.15,100267,899733
2,2,2.0,0,0.0,0,2
3,2,3.0,0,0.0,0,3
100,2,85.0,28,0.28,15,85
200,2,171.0,28,0.28,29,171
2000,2,1799.0,45,0.77,201,1799
10000,2,9002.0,91,2.21,998,9002
20000,2,18023.0,283,10.37,1977,18023
40000,2,35986.0,503,18.27,4014,35986
60000,2,54015.0,643,22.43,5985,54015
80000,2,72039.0,765,25.88,7961,72039
100000,2,90043.0,916,30.41,9957,90043
200000,2,180084.0,1564,48.32,19916,180084
400000,2,360261.0,2941,85.26,39739,360261
600000,2,540460.0,4270,121.97,59540,540460
800000,2,720488.0,5714,159.25,79512,720488
1000000,2,900459.0,8302,202.11,99541,900459
2,3,2.0,0,0.0,0,2
3,3,3.0,0,0.0,0,3
100,3,92.0,0,0.0,8,92
200,3,186.0,0,0.0,14,186
2000,3,1797.0,52,0.44,203,1797
10000,3,8988.0,95,1.65,1012,8988
20000,3,18011.0,157,3.3,1989,18011
40000,3,35942.0,293,6.59,4058,35942
60000,3,53904.0,432,10.26,6096,53904
80000,3,71861.0,574,14.08,8139,71861
100000,3,89895.0,716,18.39,10105,89895
200000,3,179851.0,1616,38.14,20149,179851
400000,3,359892.0,3030,76.62,40108,359892
600000,3,539708.0,4266,109.35,60292,539708
800000,3,719440.0,5626,147.83,80560,719440
1000000,3,899615.0,6897,182.17,100385,899615
2,4,2.0,0,0.0,0,2
3,4,3.0,0,0.0,0,3
100,4,91.0,6,0.3,9,91
200,4,180.0,7,0.35,20,180
2000,4,1832.0,49,1.15,168,1832
10000,4,9048.0,1635,10.29,952,9048
20000,4,18096.0,1745,12.6,1904,18096
40000,4,36094.0,2410,19.25,3906,36094
60000,4,54048.0,2678,23.16,5952,54048
80000,4,72090.0,2816,27.49,7910,72090
100000,4,90153.0,2938,30.89,9847,90153
200000,4,180046.0,3618,49.32,19954,180046
400000,4,360013.0,4957,85.89,39987,360013
600000,4,540001.0,6315,123.24,59999,540001
800000,4,720127.0,7703,161.9,79873,720127
1000000,4,900039.0,8992,197.01,99961,900039
2,5,2.0,0,0.0,0,2
3,5,3.0,0,0.0,0,3
100,5,92.0,0,0.0,8,92
200,5,180.0,1,0.05,20,180
2000,5,1800.0,12,0.33,200,1800
10000,5,9007.0,110,2.26,993,9007
20000,5,17995.0,182,4.24,2005,17995
40000,5,35962.0,4116,27.28,4038,35962
60000,5,53888.0,4601,32.86,6112,53888
80000,5,71955.0,4740,36.3,8045,71955
100000,5,89888.0,4863,39.52,10112,89888
200000,5,179895.0,5530,58.65,20105,179895
400000,5,359899.0,6831,94.5,40101,359899
600000,5,539836.0,8206,134.04,60164,539836
800000,5,719888.0,9532,171.27,80112,719888
1000000,5,899878.0,10832,207.79,100122,899878
2,6,2.0,0,0.0,0,2
3,6,3.0,0,0.0,0,3
100,6,93.0,90,0.45,7,93
200,6,187.0,190,0.95,13,187
2000,6,1808.0,1985,10.83,192,1808
10000,6,8936.0,9796,52.58,1064,8936
20000,6,17939.0,10303,57.1,2061,17939
40000,6,35939.0,10451,61.35,4061,35939
60000,6,53954.0,10581,64.7,6046,53954
80000,6,71949.0,10700,67.77,8051,71949
100000,6,89977.0,10826,71.37,10023,89977
200000,6,180010.0,11490,90.03,19990,180010
400000,6,360158.0,12785,124.59,39842,360158
600000,6,540199.0,14119,160.78,59801,540199
800000,6,719934.0,15469,198.49,80066,719934
1000000,6,899998.0,16799,235.92,100002,899998
2,7,2.0,0,0.0,0,2
3,7,3.0,0,0.0,0,3
100,7,85.0,10,0.05,15,85
200,7,172.0,20,0.55,28,172
2000,7,1773.0,24,0.71,227,1773
10000,7,8946.0,308,3.47,1054,8946
20000,7,17909.0,377,5.44,2091,17909
40000,7,35939.0,613,9.86,4061,35939
60000,7,54065.0,749,13.38,5935,54065
80000,7,72123.0,864,16.25,7877,72123
100000,7,90124.0,993,20.22,9876,90124
200000,7,180196.0,1809,38.79,19804,180196
400000,7,360051.0,7341,96.24,39949,360051
600000,7,540076.0,8683,133.05,59924,540076
800000,7,719993.0,9987,170.44,80007,719993
1000000,7,900160.0,11323,207.18,99840,900160
2,8,2.0,0,0.0,0,2
3,8,3.0,0,0.0,0,3
100,8,93.0,8,0.4,7,93
200,8,180.0,15,0.48,20,180
2000,8,1798.0,28,1.04,202,1798
10000,8,8984.0,138,2.35,1016,8984
20000,8,17970.0,203,3.94,2030,17970
40000,8,35983.0,341,7.64,4017,35983
60000,8,53956.0,489,11.36,6044,53956
80000,8,71954.0,614,15.0,8046,71954
100000,8,89965.0,759,19.14,10035,89965
200000,8,179861.0,1404,36.5,20139,179861
400000,8,359770.0,2725,72.03,40230,359770
600000,8,539798.0,4052,109.04,60202,539798
800000,8,719976.0,5388,147.09,80024,719976
1000000,8,900081.0,6715,183.29,99919,900081
2,9,2.0,0,0.0,0,2
3,9,3.0,0,0.0,0,3
100,9,91.0,31,0.16,9,91
200,9,179.0,84,0.42,21,179
2000,9,1780.0,115,1.7,220,1780
10000,9,9009.0,167,3.31,991,9009
20000,9,18061.0,234,5.04,1939,18061
40000,9,36106.0,356,8.44,3894,36106
60000,9,54090.0,495,12.56,5910,54090
80000,9,72114.0,614,15.9,7886,72114
100000,9,90147.0,730,18.86,9853,90147
200000,9,180088.0,1404,36.23,19912,180088
400000,9,360050.0,2757,73.59,39950,360050
600000,9,539759.0,4121,112.45,60241,539759
800000,9,719930.0,5456,148.55,80070,719930
1000000,9,899950.0,6743,183.65,100050,899950
2,10,1.0,0,0.0,1,1
3,10,2.0,0,0.0,1,2
100,10,91.0,34,0.17,9,91
200,10,183.0,131,0.66,17,183
2000,10,1798.0,313,4.89,202,1798
10000,10,8981.0,371,6.53,1019,8981
20000,10,17978.0,437,8.17,2022,17978
40000,10,35906.0,579,11.49,4094,35906
60000,10,53820.0,735,15.15,6180,53820
80000,10,71840.0,1010,19.63,8160,71840
100000,10,89850.0,1423,24.17,10150,89850
200000,10,179910.0,2133,44.55,20090,179910
400000,10,360119.0,3707,82.61,39881,360119
600000,10,540085.0,5094,120.24,59915,540085
800000,10,720147.0,6415,156.59,79853,720147
1000000,10,900098.0,7805,193.24,99902,900098
2,11,1.0,0,0.0,1,1
3,11,2.0,0,0.0,1,2
100,11,92.0,6,0.03,8,92
200,11,181.0,7,0.04,19,181
2000,11,1789.0,27,0.72,211,1789
10000,11,8976.0,83,2.35,1024,8976
20000,11,17953.0,141,3.49,2047,17953
40000,11,35943.0,291,7.75,4057,35943
60000,11,53938.0,428,11.46,6062,53938
80000,11,71864.0,597,15.45,8136,71864
100000,11,89868.0,709,18.04,10132,89868
200000,11,179834.0,1340,35.68,20166,179834
400000,11,359739.0,2742,74.86,40261,359739
600000,11,539663.0,4049,111.82,60337,539663
800000,11,719643.0,5324,147.8,80357,719643
1000000,11,899596.0,6631,184.89,100404,899596
2,12,1.0,0,0.0,1,1
3,12,2.0,0,0.0,1,2
100,12,87.0,70,3.5,13,87
200,12,167.0,170,8.5,33,167
2000,12,1782.0,1967,19.65,218,1782
10000,12,8911.0,9945,60.39,1089,8911
20000,12,17869.0,19917,111.42,2131,17869
40000,12,35867.0,37694,203.41,4133,35867
60000,12,53841.0,37818,206.68,6159,53841
80000,12,71871.0,37942,210.32,8129,71871
100000,12,89895.0,38076,213.78,10105,89895
200000,12,179693.0,38754,231.43,20307,179693
400000,12,359379.0,40084,269.36,40621,359379
600000,12,539406.0,41458,307.37,60594,539406
800000,12,719330.0,42743,341.87,80670,719330
1000000,12,899170.0,44121,380.85,100830,899170
2,13,2.0,0,0.0,0,2
3,13,3.0,0,0.0,0,3
100,13,90.0,8,0.04,10,90
200,13,179.0,8,0.04,21,179
2000,13,1807.0,44,1.62,193,1807
10000,13,8982.0,149,2.99,1018,8982
20000,13,17927.0,224,4.76,2073,17927
40000,13,35969.0,421,9.03,4031,35969
60000,13,53987.0,553,12.8,6013,53987
80000,13,71970.0,679,16.18,8030,71970
100000,13,90000.0,818,19.75,10000,90000
200000,13,180020.0,1473,37.47,19980,180020
400000,13,359989.0,2771,73.7,40011,359989
600000,13,540057.0,4129,110.78,59943,540057
800000,13,719938.0,5504,149.24,80062,719938
1000000,13,899943.0,6855,186.69,100057,899943
2,14,2.0,0,0.0,0,2
3,14,3.0,0,0.0,0,3
100,14,87.0,6,0.3,13,87
200,14,174.0,10,0.32,26,174
2000,14,1792.0,21,0.69,208,1792
10000,14,8989.0,82,2.16,1011,8989
20000,14,17997.0,159,3.72,2003,17997
40000,14,35979.0,778,9.33,4021,35979
60000,14,54034.0,1050,13.4,5966,54034
80000,14,72101.0,1199,17.61,7899,72101
100000,14,90124.0,1343,21.48,9876,90124
200000,14,180155.0,2008,40.42,19845,180155
400000,14,360062.0,3394,78.89,39938,360062
600000,14,540115.0,4674,113.77,59885,540115
800000,14,720244.0,6021,150.25,79756,720244
1000000,14,900288.0,7400,189.82,99712,900288
2,15,2.0,0,0.0,0,2
3,15,3.0,0,0.0,0,3
100,15,93.0,0,0.0,7,93
200,15,178.0,14,0.34,22,178
2000,15,1796.0,29,0.87,204,1796
10000,15,8966.0,139,4.52,1034,8966
20000,15,17978.0,203,6.37,2022,17978
40000,15,35970.0,342,10.22,4030,35970
60000,15,53982.0,487,14.45,6018,53982
80000,15,71911.0,633,18.42,8089,71911
100000,15,89924.0,753,21.68,10076,89924
200000,15,179929.0,1471,41.78,20071,179929
400000,15,359927.0,2768,79.09,40073,359927
600000,15,539825.0,4058,113.17,60175,539825
800000,15,719762.0,5419,152.1,80238,719762
1000000,15,899920.0,6705,188.86,100080,899920
2,16,2.0,0,0.0,0,2
3,16,3.0,0,0.0,0,3
100,16,94.0,0,0.0,6,94
200,16,185.0,36,0.18,15,185
2000,16,1807.0,207,1.35,193,1807
10000,16,9011.0,260,2.92,989,9011
20000,16,17964.0,324,4.77,2036,17964
40000,16,35949.0,469,8.73,4051,35949
60000,16,54002.0,583,12.1,5998,54002
80000,16,72027.0,722,15.94,7973,72027
100000,16,89984.0,845,18.9,10016,89984
200000,16,179947.0,1499,36.75,20053,179947
400000,16,360039.0,2872,74.57,39961,360039
600000,16,539963.0,4208,111.08,60037,539963
800000,16,719914.0,5588,148.67,80086,719914
1000000,16,899732.0,6951,185.91,100268,899732
2,17,2.0,0,0.0,0,2
3,17,3.0,0,0.0,0,3
100,17,92.0,0,0.0,8,92
200,17,183.0,9,0.45,17,183
2000,17,1790.0,97,1.52,210,1790
10000,17,8992.0,820,6.44,1008,8992
20000,17,18020.0,931,8.61,1980,18020
40000,17,36007.0,1078,12.28,3993,36007
60000,17,53938.0,1243,15.89,6062,53938
80000,17,71953.0,1414,20.08,8047,71953
100000,17,89929.0,1902,25.75,10071,89929
200000,17,180001.0,3031,46.66,19999,180001
400000,17,359918.0,4389,84.09,40082,359918
600000,17,539916.0,5922,121.36,60084,539916
800000,17,719944.0,7272,157.41,80056,719944
1000000,17,899787.0,8572,192.75,100213,899787
2,18,2.0,0,0.0,0,2
3,18,3.0,0,0.0,0,3
100,18,89.0,7,0.22,11,89
200,18,176.0,8,0.27,24,176
2000,18,1809.0,17,0.58,191,1809
10000,18,9022.0,79,2.55,978,9022
20000,18,18026.0,148,4.2,1974,18026
40000,18,35947.0,287,8.14,4053,35947
60000,18,53944.0,444,12.26,6056,53944
80000,18,71972.0,552,15.18,8028,71972
100000,18,89932.0,884,20.08,10068,89932
200000,18,179809.0,2806,43.91,20191,179809
400000,18,359632.0,9168,105.96,40368,359632
600000,18,539616.0,10439,141.56,60384,539616
800000,18,719353.0,11766,178.53,80647,719353
1000000,18,899541.0,13141,216.86,100459,899541
2,19,2.0,0,0.0,0,2
3,19,3.0,0,0.0,0,3
100,19,88.0,0,0.0,12,88
200,19,182.0,1,0.01,18,182
2000,19,1804.0,30,1.37,196,1804
10000,19,9020.0,89,2.83,980,9020
20000,19,17959.0,163,4.5,2041,17959
40000,19,35996.0,304,8.49,4004,35996
60000,19,54027.0,451,12.34,5973,54027
80000,19,72045.0,567,15.3,7955,72045
100000,19,90041.0,698,19.02,9959,90041
200000,19,179872.0,1359,37.4,20128,179872
400000,19,359979.0,2606,71.17,40021,359979
600000,19,539780.0,3896,106.19,60220,539780
800000,19,719904.0,5237,142.15,80096,719904
1000000,19,899724.0,6591,177.99,100276,899724
2,20,2.0,0,0.0,0,2
3,20,3.0,0,0.0,0,3
100,20,89.0,0,0.0,11,89
200,20,177.0,0,0.0,23,177
2000,20,1805.0,16,0.44,195,1805
10000,20,8989.0,228,2.62,1011,8989
20000,20,17944.0,301,4.74,2056,17944
40000,20,35904.0,3152,22.29,4096,35904
60000,20,53894.0,3268,25.75,6106,53894
80000,20,71849.0,3396,29.13,8151,71849
100000,20,89813.0,3524,32.79,10187,89813
200000,20,179901.0,4207,51.55,20099,179901
400000,20,359874.0,5591,90.5,40126,359874
600000,20,539692.0,6971,128.59,60308,539692
800000,20,719301.0,8331,165.67,80699,719301
1000000,20,899213.0,9729,203.13,100787,899213
2,21,1.0,0,0.0,1,1
3,21,2.0,0,0.0,1,2
100,21,89.0,6,0.03,11,89
200,21,177.0,6,0.03,23,177
2000,21,1813.0,19,0.46,187,1813
10000,21,9035.0,75,2.08,965,9035
20000,21,17988.0,137,3.7,2012,17988
40000,21,36029.0,285,7.99,3971,36029
60000,21,53925.0,429,11.87,6075,53925
80000,21,71907.0,561,16.17,8093,71907
100000,21,89808.0,675,19.17,10192,89808
200000,21,179851.0,1297,36.01,20149,179851
400000,21,359867.0,2596,71.52,40133,359867
600000,21,539952.0,3900,107.47,60048,539952
800000,21,720008.0,5186,140.86,79992,720008
1000000,21,899997.0,6573,178.89,100003,899997
2,22,2.0,0,0.0,0,2
3,22,3.0,0,0.0,0,3
100,22,82.0,0,0.0,18,82
200,22,171.0,19,0.95,29,171
2000,22,1782.0,41,1.74,218,1782
10000,22,8968.0,137,3.43,1032,8968
20000,22,17968.0,314,5.53,2032,17968
40000,22,35936.0,444,8.65,4064,35936
60000,22,53936.0,653,13.44,6064,53936
80000,22,72004.0,769,16.45,7996,72004
100000,22,90022.0,1445,22.66,9978,90022
200000,22,180125.0,2929,45.29,19875,180125
400000,22,360086.0,4340,81.32,39914,360086
600000,22,540027.0,5623,116.13,59973,540027
800000,22,720150.0,6942,151.21,79850,720150
1000000,22,899995.0,8231,185.96,100005,899995
2,23,1.0,0,0.0,1,1
3,23,2.0,0,0.0,1,2
100,23,92.0,3,0.02,8,92
200,23,184.0,4,0.02,16,184
2000,23,1827.0,20,0.42,173,1827
10000,23,9028.0,63,1.26,972,9028
20000,23,18000.0,134,3.14,2000,18000
40000,23,36025.0,262,6.75,3975,36025
60000,23,54010.0,395,10.21,5990,54010
80000,23,71974.0,524,13.47,8026,71974
100000,23,89975.0,654,16.68,10025,89975
200000,23,179933.0,5044,52.72,20067,179933
400000,23,360063.0,6420,90.6,39937,360063
600000,23,540106.0,7758,126.9,59894,540106
800000,23,719966.0,9067,162.83,80034,719966
1000000,23,899989.0,10443,200.18,100011,899989
2,24,2.0,0,0.0,0,2
3,24,3.0,0,0.0,0,3
100,24,89.0,1,0.05,11,89
200,24,179.0,2,0.1,21,179
2000,24,1783.0,32,0.57,217,1783
10000,24,9018.0,108,1.8,982,9018
20000,24,18018.0,209,4.1,1982,18018
40000,24,35966.0,1780,14.66,4034,35966
60000,24,53949.0,2047,19.78,6051,53949
80000,24,71891.0,2262,23.87,8109,71891
100000,24,89809.0,2570,28.56,10191,89809
200000,24,179925.0,3505,49.79,20075,179925
400000,24,359775.0,4813,86.16,40225,359775
600000,24,539674.0,6127,121.4,60326,539674
800000,24,719525.0,7452,157.9,80475,719525
1000000,24,899456.0,8787,194.28,100544,899456
2,25,2.0,0,0.0,0,2
3,25,3.0,0,0.0,0,3
100,25,85.0,0,0.0,15,85
200,25,170.0,0,0.0,30,170
2000,25,1769.0,47,0.46,231,1769
10000,25,8998.0,112,2.76,1002,8998
20000,25,17957.0,471,6.49,2043,17957
40000,25,35938.0,1231,13.09,4062,35938
60000,25,54007.0,1403,16.78,5993,54007
80000,25,71991.0,2027,22.69,8009,71991
100000,25,89992.0,2244,26.92,10008,89992
200000,25,180003.0,2929,45.69,19997,180003
400000,25,360038.0,4197,81.82,39962,360038
600000,25,540066.0,5532,119.64,59934,540066
800000,25,720151.0,7707,158.82,79849,720151
1000000,25,899995.0,9033,195.69,100005,899995
2,26,2.0,0,0.0,0,2
3,26,3.0,0,0.0,0,3
100,26,90.0,49,0.29,10,90
200,26,182.0,149,0.84,18,182
2000,26,1804.0,1940,9.97,196,1804
10000,26,9005.0,9750,50.06,995,9005
20000,26,17890.0,19449,100.08,2110,17890
40000,26,35819.0,39380,202.57,4181,35819
60000,26,53675.0,59310,305.01,6325,53675
80000,26,71558.0,79242,407.77,8442,71558
100000,26,89461.0,99173,510.35,10539,89461
200000,26,178943.0,198143,1020.32,21057,178943
400000,26,357845.0,386951,1995.01,42155,357845
600000,26,536850.0,585501,3018.18,63150,536850
800000,26,716068.0,784822,4048.0,83932,716068
1000000,26,896045.0,830385,4304.97,103955,896045
2,27,2.0,0,0.0,0,2
3,27,3.0,0,0.0,0,3
100,27,91.0,8,0.04,9,91
200,27,184.0,8,0.04,16,184
2000,27,1815.0,34,0.58,185,1815
10000,27,9068.0,86,1.96,932,9068
20000,27,18072.0,160,3.77,1928,18072
40000,27,36047.0,317,8.78,3953,36047
60000,27,54071.0,454,12.89,5929,54071
80000,27,72075.0,590,16.54,7925,72075
100000,27,90058.0,713,20.26,9942,90058
200000,27,180034.0,1508,39.0,19966,180034
400000,27,359977.0,2880,76.81,40023,359977
600000,27,540096.0,4275,114.48,59904,540096
800000,27,720033.0,5560,149.7,79967,720033
1000000,27,900106.0,6960,187.89,99894,900106
2,28,2.0,0,0.0,0,2
3,28,3.0,0,0.0,0,3
100,28,95.0,0,0.0,5,95
200,28,185.0,0,0.0,15,185
2000,28,1818.0,33,1.11,182,1818
10000,28,9054.0,88,2.51,946,9054
20000,28,18027.0,273,5.1,1973,18027
40000,28,36009.0,386,8.27,3991,36009
60000,28,53976.0,525,11.81,6024,53976
80000,28,71948.0,670,15.5,8052,71948
100000,28,89974.0,872,19.62,10026,89974
200000,28,179953.0,3977,49.58,20047,179953
400000,28,359971.0,5331,87.49,40029,359971
600000,28,539938.0,6654,123.85,60062,539938
800000,28,719779.0,8120,162.01,80221,719779
1000000,28,899850.0,9601,195.78,100150,899850
2,29,2.0,0,0.0,0,2
3,29,3.0,0,0.0,0,3
100,29,92.0,8,0.04,8,92
200,29,181.0,8,0.04,19,181
2000,29,1806.0,24,0.57,194,1806
10000,29,8980.0,85,2.45,1020,8980
20000,29,17961.0,159,4.26,2039,17961
40000,29,35947.0,302,8.03,4053,35947
60000,29,53921.0,481,11.9,6079,53921
80000,29,71902.0,845,16.65,8098,71902
100000,29,89932.0,968,20.68,10068,89932
200000,29,179855.0,2233,43.07,20145,179855
400000,29,359906.0,4227,82.29,40094,359906
600000,29,539727.0,5503,116.16,60273,539727
800000,29,720065.0,7475,154.64,79935,720065
1000000,29,899939.0,8812,191.43,100061,899939
2,30,2.0,0,0.0,0,2
3,30,3.0,0,0.0,0,3
100,30,95.0,3,0.02,5,95
200,30,186.0,4,0.02,14,186
2000,30,1814.0,20,0.51,186,1814
10000,30,9023.0,86,2.27,977,9023
20000,30,18040.0,164,4.64,1960,18040
40000,30,36009.0,303,8.4,3991,36009
60000,30,53985.0,3691,27.9,6015,53985
80000,30,72011.0,3855,31.51,7989,72011
100000,30,90004.0,3984,35.04,9996,90004
200000,30,180077.0,4680,54.09,19923,180077
400000,30,360097.0,6047,90.89,39903,360097
600000,30,540178.0,7428,129.21,59822,540178
800000,30,719952.0,8771,165.67,80048,719952
1000000,30,899871.0,10124,202.67,100129,899871
2,31,2.0,0,0.0,0,2
3,31,3.0,0,0.0,0,3
100,31,93.0,0,0.0,7,93
200,31,182.0,6,0.3,18,182
2000,31,1811.0,29,0.87,189,1811
10000,31,8998.0,79,2.51,1002,8998
20000,31,18028.0,158,4.84,1972,18028
40000,31,36061.0,346,8.97,3939,36061
60000,31,54002.0,495,13.64,5998,54002
80000,31,71953.0,3815,33.56,8047,71953
100000,31,90029.0,3951,37.48,9971,90029
200000,31,180042.0,4580,54.76,19958,180042
400000,31,360164.0,5916,91.5,39836,360164
600000,31,539822.0,7245,128.65,60178,539822
800000,31,719807.0,8592,165.22,80193,719807
1000000,31,899954.0,9896,200.77,100046,899954
2,32,2.0,0,0.0,0,2
3,32,3.0,0,0.0,0,3
100,32,89.0,0,0.0,11,89
200,32,177.0,7,0.13,23,177
2000,32,1787.0,16,0.22,213,1787
10000,32,8990.0,124,4.4,1010,8990
20000,32,17999.0,214,7.41,2001,17999
40000,32,35977.0,340,10.97,4023,35977
60000,32,53887.0,483,14.21,6113,53887
80000,32,71860.0,1229,20.81,8140,71860
100000,32,89801.0,1363,24.45,10199,89801
200000,32,179786.0,2015,42.79,20214,179786
400000,32,359830.0,3376,80.55,40170,359830
600000,32,539746.0,4723,118.34,60254,539746
800000,32,719700.0,5987,152.06,80300,719700
1000000,32,899788.0,7331,189.43,100212,899788
2,33,2.0,0,0.0,0,2
3,33,3.0,0,0.0,0,3
100,33,96.0,0,0.0,4,96
200,33,185.0,7,0.04,15,185
2000,33,1795.0,36,0.86,205,1795
10000,33,8991.0,131,4.25,1009,8991
20000,33,17964.0,242,8.27,2036,17964
40000,33,35971.0,388,11.44,4029,35971
60000,33,53900.0,510,14.66,6100,53900
80000,33,71824.0,644,18.48,8176,71824
100000,33,89820.0,778,21.94,10180,89820
200000,33,179839.0,1445,40.17,20161,179839
400000,33,359783.0,2819,77.81,40217,359783
600000,33,539741.0,4131,114.39,60259,539741
800000,33,719934.0,5431,148.83,80066,719934
1000000,33,899850.0,6815,187.52,100150,899850
2,34,1.0,0,0.0,1,1
3,34,2.0,0,0.0,1,2
100,34,87.0,4,0.02,13,87
200,34,177.0,4,0.02,23,177
2000,34,1788.0,52,2.11,212,1788
10000,34,8982.0,107,3.64,1018,8982
20000,34,17954.0,761,8.35,2046,17954
40000,34,35991.0,889,11.69,4009,35991
60000,34,54083.0,1016,14.8,5917,54083
80000,34,72068.0,1176,18.89,7932,72068
100000,34,90070.0,1330,22.9,9930,90070
200000,34,180096.0,2502,44.77,19904,180096
400000,34,360154.0,3815,79.78,39846,360154
600000,34,540228.0,5146,115.32,59772,540228
800000,34,720368.0,6424,151.41,79632,720368
1000000,34,900347.0,7771,187.26,99653,900347
2,35,1.0,0,0.0,1,1
3,35,2.0,0,0.0,1,2
100,35,90.0,0,0.0,10,90
200,35,180.0,7,0.04,20,180
2000,35,1785.0,294,5.65,215,1785
10000,35,8973.0,560,8.69,1027,8973
20000,35,17953.0,634,10.82,2047,17953
40000,35,36028.0,770,14.56,3972,36028
60000,35,54083.0,899,18.0,5917,54083
80000,35,72072.0,1042,21.23,7928,72072
100000,35,89979.0,3022,34.55,10021,89979
200000,35,180015.0,3698,52.82,19985,180015
400000,35,360013.0,5002,89.18,39987,360013
600000,35,539626.0,6358,126.29,60374,539626
800000,35,719557.0,7649,161.63,80443,719557
1000000,35,899364.0,8984,197.96,100636,899364
2,36,2.0,0,0.0,0,2
3,36,3.0,0,0.0,0,3
100,36,92.0,0,0.0,8,92
200,36,180.0,22,1.1,20,180
2000,36,1792.0,67,2.31,208,1792
10000,36,8962.0,126,3.91,1038,8962
20000,36,17985.0,203,5.6,2015,17985
40000,36,35976.0,349,9.4,4024,35976
60000,36,53952.0,500,13.75,6048,53952
80000,36,71986.0,637,17.09,8014,71986
100000,36,89971.0,776,21.12,10029,89971
200000,36,179889.0,1465,40.09,20111,179889
400000,36,359655.0,2878,78.24,40345,359655
600000,36,539607.0,4219,115.73,60393,539607
800000,36,719516.0,5515,151.86,80484,719516
1000000,36,899389.0,6826,187.67,100611,899389
2,37,2.0,0,0.0,0,2
3,37,2.0,0,0.0,1,2
100,37,93.0,0,0.0,7,93
200,37,184.0,27,0.14,16,184
2000,37,1800.0,191,8.15,200,1800
10000,37,9003.0,274,9.79,997,9003
20000,37,18069.0,345,11.49,1931,18069
40000,37,36020.0,481,15.01,3980,36020
60000,37,53975.0,614,18.69,6025,53975
80000,37,71936.0,746,22.41,8064,71936
100000,37,89956.0,884,26.11,10044,89956
200000,37,180166.0,1593,44.01,19834,180166
400000,37,360015.0,3346,82.79,39985,360015
600000,37,540105.0,4725,119.52,59895,540105
800000,37,720190.0,6007,156.75,79810,720190
1000000,37,900037.0,7323,192.59,99963,900037
2,38,2.0,0,0.0,0,2
3,38,3.0,0,0.0,0,3
100,38,88.0,2,0.1,12,88
200,38,178.0,2,0.1,22,178
2000,38,1793.0,11,0.33,207,1793
10000,38,8992.0,80,1.8,1008,8992
20000,38,17966.0,141,3.18,2034,17966
40000,38,35974.0,4116,26.7,4026,35974
60000,38,54008.0,4237,29.91,5992,54008
80000,38,72047.0,4346,32.93,7953,72047
100000,38,90057.0,4467,36.55,9943,90057
200000,38,180005.0,5116,54.87,19995,180005
400000,38,359923.0,6498,91.17,40077,359923
600000,38,539958.0,7821,126.4,60042,539958
800000,38,719941.0,9158,164.14,80059,719941
1000000,38,899826.0,10537,201.77,100174,899826
2,39,2.0,0,0.0,0,2
3,39,3.0,0,0.0,0,3
100,39,89.0,2,0.01,11,89
200,39,180.0,4,0.07,20,180
2000,39,1793.0,17,0.4,207,1793
10000,39,8952.0,111,1.9,1048,8952
20000,39,17952.0,528,20.91,2048,17952
40000,39,35980.0,1500,28.87,4020,35980
60000,39,53897.0,2675,38.12,6103,53897
80000,39,71944.0,2828,41.86,8056,71944
100000,39,89955.0,2956,45.6,10045,89955
200000,39,179897.0,3653,64.66,20103,179897
400000,39,359959.0,4924,99.18,40041,359959
600000,39,540049.0,6345,138.01,59951,540049
800000,39,719874.0,7688,174.79,80126,719874
1000000,39,899759.0,9036,210.69,100241,899759
2,40,1.0,0,0.0,1,1
3,40,2.0,0,0.0,1,2
100,40,90.0,0,0.0,10,90
200,40,173.0,8,0.31,27,173
2000,40,1799.0,30,0.92,201,1799
10000,40,8968.0,246,3.43,1032,8968
20000,40,17915.0,317,5.63,2085,17915
40000,40,35845.0,458,9.35,4155,35845
60000,40,53832.0,576,12.69,6168,53832
80000,40,71952.0,800,17.14,8048,71952
100000,40,89987.0,932,20.68,10013,89987
200000,40,180129.0,1634,39.99,19871,180129
400000,40,360161.0,2975,75.31,39839,360161
600000,40,539945.0,4286,110.75,60055,539945
800000,40,720116.0,5612,146.81,79884,720116
1000000,40,900033.0,6980,185.2,99967,900033
2,41,2.0,0,0.0,0,2
3,41,3.0,0,0.0,0,3
100,41,90.0,0,0.0,10,90
200,41,183.0,0,0.0,17,183
2000,41,1819.0,20,0.82,181,1819
10000,41,9043.0,70,2.15,957,9043
20000,41,18042.0,150,3.76,1958,18042
40000,41,36027.0,293,7.76,3973,36027
60000,41,54025.0,442,12.38,5975,54025
80000,41,72003.0,561,15.54,7997,72003
100000,41,89994.0,725,19.96,10006,89994
200000,41,179952.0,1413,38.61,20048,179952
400000,41,359900.0,2770,75.36,40100,359900
600000,41,539861.0,4085,111.19,60139,539861
800000,41,719866.0,5417,147.55,80134,719866
1000000,41,899671.0,6786,186.43,100329,899671
2,42,2.0,0,0.0,0,2
3,42,2.0,0,0.0,1,2
100,42,84.0,58,0.43,16,84
200,42,176.0,148,0.88,24,176
2000,42,1805.0,1944,9.99,195,1805
10000,42,8951.0,9918,50.58,1049,8951
20000,42,17931.0,19890,101.74,2069,17931
40000,42,35805.0,39814,203.97,4195,35805
60000,42,53728.0,59753,306.91,6272,53728
80000,42,71638.0,79692,408.94,8362,71638
100000,42,89507.0,99625,511.4,10493,89507
200000,42,178991.0,199287,1024.24,21009,178991
400000,42,358030.0,398491,2050.82,41970,358030
600000,42,537039.0,597826,3077.11,62961,537039
800000,42,716052.0,797209,4105.03,83948,716052
1000000,42,895087.0,996575,5131.78,104913,895087
2,43,1.0,0,0.0,1,1
3,43,2.0,0,0.0,1,2
100,43,92.0,0,0.0,8,92
200,43,182.0,0,0.0,18,182
2000,43,1799.0,15,0.48,201,1799
10000,43,9013.0,63,1.94,987,9013
20000,43,17973.0,127,3.74,2027,17973
40000,43,36031.0,263,7.25,3969,36031
60000,43,54059.0,508,11.81,5941,54059
80000,43,72083.0,699,16.37,7917,72083
100000,43,90092.0,828,20.25,9908,90092
200000,43,180107.0,1499,39.4,19893,180107
400000,43,359935.0,2843,75.73,40065,359935
600000,43,539657.0,4148,112.45,60343,539657
800000,43,719968.0,5531,150.05,80032,719968
1000000,43,899812.0,6923,188.65,100188,899812
2,44,2.0,0,0.0,0,2
3,44,3.0,0,0.0,0,3
100,44,83.0,20,0.78,17,83
200,44,169.0,64,2.93,31,169
2000,44,1805.0,72,3.24,195,1805
10000,44,9078.0,124,4.85,922,9078
20000,44,18077.0,203,7.09,1923,18077
40000,44,36122.0,337,10.28,3878,36122
60000,44,54142.0,480,14.37,5858,54142
80000,44,72105.0,606,17.75,7895,72105
100000,44,90044.0,734,21.18,9956,90044
200000,44,179994.0,1376,39.1,20006,179994
400000,44,359844.0,2636,73.52,40156,359844
600000,44,539723.0,3949,110.24,60277,539723
800000,44,719500.0,5266,145.8,80500,719500
1000000,44,899390.0,6553,180.41,100610,899390
2,45,2.0,0,0.0,0,2
3,45,3.0,0,0.0,0,3
100,45,91.0,3,0.15,9,91
200,45,179.0,8,0.4,21,179
2000,45,1798.0,20,0.73,202,1798
10000,45,9021.0,79,2.19,979,9021
20000,45,18019.0,141,4.26,1981,18019
40000,45,35963.0,290,8.51,4037,35963
60000,45,53919.0,423,12.47,6081,53919
80000,45,71965.0,552,16.22,8035,71965
100000,45,89976.0,682,19.3,10024,89976
200000,45,180062.0,1340,37.62,19938,180062
400000,45,360049.0,2686,73.5,39951,360049
600000,45,539929.0,4197,110.13,60071,539929
800000,45,719890.0,5587,147.86,80110,719890
1000000,45,899882.0,6892,185.43,100118,899882
2,46,2.0,0,0.0,0,2
3,46,3.0,0,0.0,0,3
100,46,89.0,11,0.55,11,89
200,46,177.0,11,0.55,23,177
2000,46,1781.0,1403,7.87,219,1781
10000,46,8913.0,9383,49.39,1087,8913
20000,46,17841.0,19345,100.55,2159,17841
40000,46,35755.0,39289,203.15,4245,35755
60000,46,53611.0,59221,306.09,6389,53611
80000,46,71509.0,79169,408.67,8491,71509
100000,46,89404.0,99103,511.8,10596,89404
200000,46,178804.0,197401,1018.68,21196,178804
400000,46,358325.0,238403,1254.79,41675,358325
600000,46,538226.0,239766,1291.62,61774,538226
800000,46,718104.0,241114,1328.74,81896,718104
1000000,46,897886.0,242458,1365.97,102114,897886
2,47,2.0,0,0.0,0,2
3,47,3.0,0,0.0,0,3
100,47,86.0,0,0.0,14,86
200,47,168.0,21,1.05,32,168
2000,47,1731.0,1813,61.27,269,1731
10000,47,8924.0,9782,102.41,1076,8924
20000,47,17860.0,19750,153.83,2140,17860
40000,47,35792.0,39673,255.83,4208,35792
60000,47,53680.0,59606,357.43,6320,53680
80000,47,71576.0,79546,460.23,8424,71576
100000,47,89470.0,99487,562.32,10530,89470
200000,47,178940.0,199155,1075.52,21060,178940
400000,47,357865.0,398245,2102.33,42135,357865
600000,47,536860.0,597589,3130.82,63140,536860
800000,47,715784.0,796925,4157.2,84216,715784
1000000,47,894664.0,996297,5183.4,105336,894664
2,48,2.0,0,0.0,0,2
3,48,3.0,0,0.0,0,3
100,48,91.0,23,0.12,9,91
200,48,182.0,23,0.12,18,182
2000,48,1821.0,32,0.43,179,1821
10000,48,9055.0,74,1.63,945,9055
20000,48,18084.0,142,3.77,1916,18084
40000,48,36078.0,269,7.33,3922,36078
60000,48,54074.0,393,10.79,5926,54074
80000,48,72067.0,514,13.78,7933,72067
100000,48,90039.0,639,17.42,9961,90039
200000,48,180111.0,1307,35.74,19889,180111
400000,48,360094.0,2610,70.74,39906,360094
600000,48,540180.0,3878,104.66,59820,540180
800000,48,720148.0,5238,141.97,79852,720148
1000000,48,900190.0,6567,178.59,99810,900190
2,49,2.0,0,0.0,0,2
3,49,2.0,0,0.0,1,2
100,49,93.0,5,0.25,7,93
200,49,183.0,5,0.25,17,183
2000,49,1772.0,110,1.27,228,1772
10000,49,8926.0,4148,22.67,1074,8926
20000,49,17835.0,14112,74.25,2165,17835
40000,49,35805.0,34041,177.04,4195,35805
60000,49,53788.0,53969,280.33,6212,53788
80000,49,71696.0,73911,383.32,8304,71696
100000,49,89547.0,93842,486.85,10453,89547
200000,49,179169.0,193496,1000.96,20831,179169
400000,49,358076.0,392830,2027.56,41924,358076
600000,49,536873.0,592209,3056.22,63127,536873
800000,49,715595.0,791538,4080.99,84405,715595
1000000,49,894762.0,990871,5105.42,105238,894762
2,50,2.0,0,0.0,0,2
3,50,3.0,0,0.0,0,3
100,50,92.0,0,0.0,8,92
200,50,184.0,6,0.3,16,184
2000,50,1786.0,793,4.64,214,1786
10000,50,8968.0,8759,45.73,1032,8968
20000,50,17926.0,18734,97.0,2074,17926
40000,50,35847.0,38653,198.89,4153,35847
60000,50,53763.0,58571,301.76,6237,53763
80000,50,71701.0,78498,404.05,8299,71701
100000,50,89564.0,98438,506.99,10436,89564
200000,50,179074.0,198105,1020.76,20926,179074
400000,50,358622.0,316031,1638.93,41378,358622
600000,50,538672.0,317384,1676.02,61328,538672
800000,50,718972.0,318716,1712.11,81028,718972
1000000,50,898773.0,320005,1747.99,101227,898773
2,51,1.0,0,0.0,1,1
3,51,2.0,0,0.0,1,2
100,51,86.0,89,0.45,14,86
200,51,176.0,189,0.99,24,176
2000,51,1770.0,1982,10.32,230,1770
10000,51,8928.0,9967,51.73,1072,8928
20000,51,17866.0,19452,100.81,2134,17866
40000,51,35710.0,39373,203.07,4290,35710
60000,51,53590.0,59245,305.36,6410,53590
80000,51,71424.0,79162,407.15,8576,71424
100000,51,89338.0,99085,509.46,10662,89338
200000,51,179017.0,198738,1022.35,20983,179017
400000,51,357874.0,396493,2042.77,42126,357874
600000,51,536831.0,588896,3035.29,63169,536831
800000,51,715688.0,788206,4060.51,84312,715688
1000000,51,894776.0,987491,5085.64,105224,894776
2,52,2.0,0,0.0,0,2
3,52,3.0,0,0.0,0,3
100,52,85.0,79,0.4,15,85
200,52,173.0,179,0.9,27,173
2000,52,1783.0,1975,11.23,217,1783
10000,52,8956.0,9946,52.16,1044,8956
20000,52,17912.0,19897,103.53,2088,17912
40000,52,35744.0,39839,206.53,4256,35744
60000,52,53640.0,59769,309.64,6360,53640
80000,52,71476.0,79712,412.37,8524,71476
100000,52,89329.0,99651,514.95,10671,89329
200000,52,178984.0,199281,1026.51,21016,178984
400000,52,358110.0,398597,2052.21,41890,358110
600000,52,537193.0,597541,3077.17,62807,537193
800000,52,716051.0,796863,4105.23,83949,716051
1000000,52,895070.0,996109,5132.92,104930,895070
2,53,2.0,0,0.0,0,2
3,53,3.0,0,0.0,0,3
100,53,90.0,0,0.0,10,90
200,53,180.0,8,0.13,20,180
2000,53,1801.0,34,1.3,199,1801
10000,53,9001.0,476,5.21,999,9001
20000,53,17972.0,532,6.53,2028,17972
40000,53,35917.0,683,10.52,4083,35917
60000,53,53880.0,821,14.59,6120,53880
80000,53,71884.0,960,18.26,8116,71884
100000,53,89812.0,1110,22.02,10188,89812
200000,53,179757.0,1778,40.8,20243,179757
400000,53,359742.0,3892,81.83,40258,359742
600000,53,539487.0,5144,116.75,60513,539487
800000,53,719297.0,6499,154.58,80703,719297
1000000,53,899299.0,7791,190.97,100701,899299
2,54,2.0,2,0.01,0,2
3,54,3.0,3,0.02,0,3
100,54,89.0,100,2.93,11,89
200,54,175.0,200,5.63,25,175
2000,54,1784.0,1993,14.78,216,1784
10000,54,8942.0,9971,55.62,1058,8942
20000,54,17880.0,19940,106.72,2120,17880
40000,54,35771.0,39867,209.86,4229,35771
60000,54,53617.0,59805,313.06,6383,53617
80000,54,71471.0,79751,416.08,8529,71471
100000,54,89364.0,99683,518.57,10636,89364
200000,54,178851.0,199325,1031.86,21149,178851
400000,54,358549.0,279953,1464.97,41451,358549
600000,54,538430.0,281277,1501.65,61570,538430
800000,54,718620.0,282613,1540.55,81380,718620
1000000,54,898526.0,283859,1575.22,101474,898526
2,55,2.0,0,0.0,0,2
3,55,3.0,0,0.0,0,3
100,55,88.0,0,0.0,12,88
200,55,176.0,0,0.0,24,176
2000,55,1781.0,154,5.31,219,1781
10000,55,8990.0,311,7.94,1010,8990
20000,55,18018.0,1028,12.7,1982,18018
40000,55,35969.0,1455,18.21,4031,35969
60000,55,53942.0,1582,21.82,6058,53942
80000,55,72010.0,1692,24.66,7990,72010
100000,55,90031.0,1809,28.13,9969,90031
200000,55,180193.0,2421,43.56,19807,180193
400000,55,360102.0,4508,85.18,39898,360102
600000,55,539889.0,6000,122.88,60111,539889
800000,55,719768.0,7408,161.01,80232,719768
1000000,55,899996.0,8757,199.12,100004,899996
2,56,2.0,0,0.0,0,2
3,56,3.0,0,0.0,0,3
100,56,93.0,0,0.0,7,93
200,56,186.0,9,0.45,14,186
2000,56,1801.0,20,0.78,199,1801
10000,56,9033.0,74,2.62,967,9033
20000,56,17997.0,306,8.23,2003,17997
40000,56,36039.0,487,12.02,3961,36039
60000,56,54024.0,620,15.57,5976,54024
80000,56,72012.0,746,19.08,7988,72012
100000,56,90018.0,884,22.83,9982,90018
200000,56,180025.0,1540,41.27,19975,180025
400000,56,359884.0,2805,75.67,40116,359884
600000,56,539983.0,4120,112.22,60017,539983
800000,56,720140.0,5470,150.06,79860,720140
1000000,56,900211.0,6826,187.4,99789,900211
2,57,2.0,0,0.0,0,2
3,57,3.0,0,0.0,0,3
100,57,87.0,0,0.0,13,87
200,57,176.0,0,0.0,24,176
2000,57,1811.0,15,0.53,189,1811
10000,57,8977.0,161,3.28,1023,8977
20000,57,17981.0,223,4.89,2019,17981
40000,57,35953.0,361,8.37,4047,35953
60000,57,53867.0,481,11.5,6133,53867
80000,57,71815.0,616,15.23,8185,71815
100000,57,89776.0,768,19.41,10224,89776
200000,57,179656.0,1382,36.21,20344,179656
400000,57,359706.0,2780,76.09,40294,359706
600000,57,539618.0,4100,111.8,60382,539618
800000,57,719302.0,5453,148.4,80698,719302
1000000,57,899246.0,6705,182.2,100754,899246
2,58,2.0,0,0.0,0,2
3,58,3.0,0,0.0,0,3
100,58,96.0,0,0.0,4,96
200,58,192.0,0,0.0,8,192
2000,58,1770.0,377,2.11,230,1770
10000,58,8948.0,437,3.89,1052,8948
20000,58,17912.0,499,5.46,2088,17912
40000,58,35918.0,640,9.18,4082,35918
60000,58,53890.0,789,12.99,6110,53890
80000,58,71857.0,924,17.09,8143,71857
100000,58,89886.0,1068,21.45,10114,89886
200000,58,179993.0,1717,39.28,20007,179993
400000,58,360098.0,3026,75.43,39902,360098
600000,58,540078.0,4375,110.03,59922,540078
800000,58,720091.0,5725,147.92,79909,720091
1000000,58,900152.0,7022,182.84,99848,900152
2,59,2.0,0,0.0,0,2
3,59,3.0,0,0.0,0,3
100,59,89.0,1,0.01,11,89
200,59,182.0,1,0.01,18,182
2000,59,1799.0,35,1.39,201,1799
10000,59,9011.0,153,3.37,989,9011
20000,59,18004.0,667,7.61,1996,18004
40000,59,36075.0,881,11.92,3925,36075
60000,59,54070.0,1005,15.47,5930,54070
80000,59,72093.0,1138,18.97,7907,72093
100000,59,90055.0,1280,22.92,9945,90055
200000,59,180091.0,1917,39.6,19909,180091
400000,59,360078.0,3287,77.27,39922,360078
600000,59,539964.0,11575,148.86,60036,539964
800000,59,720084.0,12896,186.74,79916,720084
1000000,59,899985.0,14211,222.21,100015,899985
2,60,2.0,0,0.0,0,2
3,60,3.0,0,0.0,0,3
100,60,94.0,0,0.0,6,94
200,60,179.0,0,0.0,21,179
2000,60,1785.0,20,0.6,215,1785
10000,60,9002.0,113,2.05,998,9002
20000,60,17989.0,180,3.96,2011,17989
40000,60,35989.0,346,8.43,4011,35989
60000,60,53980.0,458,11.52,6020,53980
80000,60,71966.0,599,15.15,8034,71966
100000,60,90045.0,755,19.26,9955,90045
200000,60,180033.0,1858,40.57,19967,180033
400000,60,360100.0,3227,79.09,39900,360100
600000,60,540173.0,4537,115.74,59827,540173
800000,60,719844.0,5857,152.22,80156,719844
1000000,60,900073.0,7165,186.26,99927,900073
2,61,2.0,0,0.0,0,2
3,61,3.0,0,0.0,0,3
100,61,88.0,0,0.0,12,88
200,61,178.0,0,0.0,22,178
2000,61,1784.0,1083,5.77,216,1784
10000,61,8971.0,8883,46.4,1029,8971
20000,61,17880.0,18848,97.34,2120,17880
40000,61,35777.0,38787,199.96,4223,35777
60000,61,53698.0,58714,302.39,6302,53698
80000,61,71618.0,78642,405.36,8382,71618
100000,61,89401.0,98566,508.22,10599,89401
200000,61,178818.0,198261,1022.67,21182,178818
400000,61,357648.0,397075,2046.04,42352,357648
600000,61,536625.0,596418,3072.23,63375,536625
800000,61,715627.0,795757,4098.44,84373,715627
1000000,61,894660.0,995120,5124.55,105340,894660
2,62,2.0,0,0.0,0,2
3,62,3.0,0,0.0,0,3
100,62,91.0,6,0.03,9,91
200,62,180.0,24,0.89,20,180
2000,62,1800.0,45,1.31,200,1800
10000,62,8978.0,103,2.85,1022,8978
20000,62,18018.0,170,4.72,1982,18018
40000,62,35961.0,311,8.03,4039,35961
60000,62,53956.0,451,11.89,6044,53956
80000,62,71960.0,581,15.28,8040,71960
100000,62,89995.0,725,19.15,10005,89995
200000,62,179923.0,1416,38.63,20077,179923
400000,62,360158.0,2714,73.6,39842,360158
600000,62,540164.0,4668,115.54,59836,540164
800000,62,720334.0,5986,152.33,79666,720334
1000000,62,900381.0,7316,188.99,99619,900381
2,63,2.0,0,0.0,0,2
3,63,3.0,0,0.0,0,3
100,63,94.0,0,0.0,6,94
200,63,188.0,0,0.0,12,188
2000,63,1806.0,42,1.79,194,1806
10000,63,8987.0,103,3.35,1013,8987
20000,63,17967.0,170,5.3,2033,17967
40000,63,35910.0,295,8.85,4090,35910
60000,63,53847.0,423,11.79,6153,53847
80000,63,71845.0,653,16.45,8155,71845
100000,63,89866.0,1074,20.94,10134,89866
200000,63,179965.0,1815,40.57,20035,179965
400000,63,360302.0,4983,87.38,39698,360302
600000,63,540307.0,6303,123.49,59693,540307
800000,63,720235.0,7649,159.07,79765,720235
1000000,63,900146.0,8951,195.46,99854,900146
2,64,1.0,0,0.0,1,1
3,64,1.0,0,0.0,2,1
100,64,91.0,0,0.0,9,91
200,64,181.0,2,0.01,19,181
2000,64,1806.0,11,0.28,194,1806
10000,64,9009.0,67,2.14,991,9009
20000,64,18020.0,133,3.95,1980,18020
40000,64,36057.0,243,7.15,3943,36057
60000,64,54086.0,392,11.14,5914,54086
80000,64,72116.0,523,14.95,7884,72116
100000,64,90057.0,653,18.34,9943,90057
200000,64,179965.0,1327,37.19,20035,179965
400000,64,360150.0,2666,76.15,39850,360150
600000,64,539878.0,4237,114.96,60122,539878
800000,64,719747.0,5574,151.93,80253,719747
1000000,64,899767.0,6972,190.02,100233,899767
2,65,2.0,0,0.0,0,2
3,65,3.0,0,0.0,0,3
100,65,94.0,4,0.02,6,94
200,65,183.0,24,1.02,17,183
2000,65,1781.0,35,1.39,219,1781
10000,65,8939.0,94,2.76,1061,8939
20000,65,17951.0,155,4.51,2049,17951
40000,65,35890.0,309,8.2,4110,35890
60000,65,53901.0,439,11.38,6099,53901
80000,65,71827.0,573,14.79,8173,71827
100000,65,89837.0,701,18.27,10163,89837
200000,65,179688.0,1372,35.93,20312,179688
400000,65,359835.0,5293,85.23,40165,359835
600000,65,539810.0,6636,122.32,60190,539810
800000,65,719760.0,8010,159.75,80240,719760
1000000,65,899615.0,9322,196.23,100385,899615
2,66,2.0,0,0.0,0,2
3,66,3.0,0,0.0,0,3
100,66,90.0,30,1.5,10,90
200,66,180.0,129,6.4,20,180
2000,66,1786.0,215,10.53,214,1786
10000,66,8934.0,256,11.59,1066,8934
20000,66,17929.0,884,16.53,2071,17929
40000,66,35905.0,999,19.67,4095,35905
60000,66,53986.0,1137,23.64,6014,53986
80000,66,71998.0,1289,27.51,8002,71998
100000,66,90065.0,1432,31.69,9935,90065
200000,66,179936.0,2078,49.27,20064,179936
400000,66,359966.0,3341,83.48,40034,359966
600000,66,539978.0,4614,117.79,60022,539978
800000,66,719889.0,5892,151.77,80111,719889
1000000,66,899736.0,7168,187.53,100264,899736
2,67,2.0,0,0.0,0,2
3,67,3.0,0,0.0,0,3
100,67,85.0,0,0.0,15,85
200,67,178.0,21,0.2,22,178
2000,67,1791.0,47,0.55,209,1791
10000,67,9009.0,104,1.96,991,9009
20000,67,18052.0,164,3.56,1948,18052
40000,67,36089.0,289,7.02,3911,36089
60000,67,54129.0,419,10.29,5871,54129
80000,67,72095.0,542,13.87,7905,72095
100000,67,90101.0,671,17.04,9899,90101
200000,67,180101.0,1337,35.89,19899,180101
400000,67,360174.0,2651,71.35,39826,360174
600000,67,540059.0,3950,106.46,59941,540059
800000,67,720229.0,5310,143.41,79771,720229
1000000,67,900464.0,6601,178.08,99536,900464
2,68,2.0,0,0.0,0,2
3,68,3.0,0,0.0,0,3
100,68,86.0,0,0.0,14,86
200,68,179.0,0,0.0,21,179
2000,68,1788.0,82,1.13,212,1788
10000,68,8987.0,133,2.64,1013,8987
20000,68,17989.0,206,4.67,2011,17989
40000,68,35995.0,328,8.3,4005,35995
60000,68,54034.0,452,11.53,5966,54034
80000,68,72041.0,576,14.72,7959,72041
100000,68,90049.0,716,18.7,9951,90049
200000,68,179981.0,1336,36.47,20019,179981
400000,68,359972.0,2650,72.51,40028,359972
600000,68,540058.0,3932,109.3,59942,540058
800000,68,719838.0,5320,145.94,80162,719838
1000000,68,899956.0,6672,183.52,100044,899956
2,69,2.0,0,0.0,0,2
3,69,3.0,0,0.0,0,3
100,69,91.0,0,0.0,9,91
200,69,181.0,0,0.0,19,181
2000,69,1809.0,233,1.52,191,1809
10000,69,8978.0,282,3.03,1022,8978
20000,69,17922.0,381,5.23,2078,17922
40000,69,35948.0,514,8.73,4052,35948
60000,69,53961.0,707,12.13,6039,53961
80000,69,71941.0,856,16.48,8059,71941
100000,69,89869.0,1161,20.93,10131,89869
200000,69,179898.0,1909,40.41,20102,179898
400000,69,359763.0,3310,77.25,40237,359763
600000,69,539520.0,4688,115.87,60480,539520
800000,69,719301.0,6012,152.77,80699,719301
1000000,69,899371.0,7297,186.92,100629,899371
2,70,2.0,0,0.0,0,2
3,70,3.0,0,0.0,0,3
100,70,90.0,0,0.0,10,90
200,70,177.0,6,0.03,23,177
2000,70,1803.0,23,0.57,197,1803
10000,70,8984.0,116,2.74,1016,8984
20000,70,17948.0,463,6.18,2052,17948
40000,70,35942.0,596,10.18,4058,35942
60000,70,54004.0,721,13.73,5996,54004
80000,70,72047.0,826,16.06,7953,72047
100000,70,90034.0,950,19.47,9966,90034
200000,70,180135.0,1602,36.85,19865,180135
400000,70,360320.0,2903,74.5,39680,360320
600000,70,540257.0,4229,110.69,59743,540257
800000,70,720342.0,5573,147.56,79658,720342
1000000,70,900391.0,6909,184.08,99609,900391
2,71,1.0,0,0.0,1,1
3,71,1.0,0,0.0,2,1
100,71,91.0,0,0.0,9,91
200,71,181.0,0,0.0,19,181
2000,71,1777.0,24,0.35,223,1777
10000,71,8958.0,77,1.92,1042,8958
20000,71,18012.0,141,3.81,1988,18012
40000,71,36024.0,283,7.49,3976,36024
60000,71,54043.0,419,11.23,5957,54043
80000,71,72018.0,542,13.96,7982,72018
100000,71,90094.0,667,17.33,9906,90094
200000,71,179963.0,1329,35.81,20037,179963
400000,71,359725.0,2668,73.64,40275,359725
600000,71,539626.0,4029,111.63,60374,539626
800000,71,719699.0,5355,148.5,80301,719699
1000000,71,899587.0,6737,186.59,100413,899587
2,72,2.0,0,0.0,0,2
3,72,3.0,0,0.0,0,3
100,72,91.0,1,0.01,9,91
200,72,180.0,1,0.01,20,180
2000,72,1803.0,46,1.94,197,1803
10000,72,9018.0,109,3.29,982,9018
20000,72,18029.0,167,4.88,1971,18029
40000,72,36057.0,291,8.34,3943,36057
60000,72,54045.0,429,12.0,5955,54045
80000,72,72009.0,546,15.38,7991,72009
100000,72,90039.0,687,20.13,9961,90039
200000,72,179960.0,1328,37.87,20040,179960
400000,72,359890.0,2627,72.26,40110,359890
600000,72,539728.0,3945,110.04,60272,539728
800000,72,719527.0,5302,147.56,80473,719527
1000000,72,899291.0,6695,185.12,100709,899291
2,73,2.0,0,0.0,0,2
3,73,2.0,0,0.0,1,2
100,73,91.0,0,0.0,9,91
200,73,179.0,0,0.0,21,179
2000,73,1827.0,40,0.56,173,1827
10000,73,9034.0,233,3.82,966,9034
20000,73,18063.0,312,5.52,1937,18063
40000,73,35957.0,441,8.73,4043,35957
60000,73,54013.0,587,12.43,5987,54013
80000,73,72009.0,723,16.71,7991,72009
100000,73,89962.0,844,19.7,10038,89962
200000,73,179825.0,1519,38.06,20175,179825
400000,73,359909.0,2864,75.88,40091,359909
600000,73,539625.0,4138,110.91,60375,539625
800000,73,719406.0,5516,149.3,80594,719406
1000000,73,899335.0,6856,185.97,100665,899335
2,74,2.0,0,0.0,0,2
3,74,3.0,0,0.0,0,3
100,74,92.0,0,0.0,8,92
200,74,183.0,10,0.28,17,183
2000,74,1800.0,31,0.88,200,1800
10000,74,8992.0,85,2.22,1008,8992
20000,74,17963.0,356,5.33,2037,17963
40000,74,36004.0,559,9.59,3996,36004
60000,74,53988.0,678,12.89,6012,53988
80000,74,71968.0,819,16.83,8032,71968
100000,74,89890.0,965,21.12,10110,89890
200000,74,179912.0,1630,38.53,20088,179912
400000,74,359886.0,7244,94.85,40114,359886
600000,74,539671.0,8521,129.81,60329,539671
800000,74,719676.0,9817,166.49,80324,719676
1000000,74,899323.0,11170,203.81,100677,899323
2,75,2.0,0,0.0,0,2
3,75,3.0,0,0.0,0,3
100,75,88.0,0,0.0,12,88
200,75,168.0,3,0.15,32,168
2000,75,1802.0,81,0.72,198,1802
10000,75,8991.0,820,5.63,1009,8991
20000,75,17992.0,888,7.5,2008,17992
40000,75,36043.0,1037,11.67,3957,36043
60000,75,54005.0,1156,15.32,5995,54005
80000,75,72025.0,1301,19.15,7975,72025
100000,75,89970.0,1444,23.11,10030,89970
200000,75,180077.0,2095,41.84,19923,180077
400000,75,360015.0,3410,78.65,39985,360015
600000,75,539963.0,4708,112.77,60037,539963
800000,75,720168.0,6081,149.56,79832,720168
1000000,75,899897.0,7403,186.01,100103,899897
2,76,2.0,0,0.0,0,2
3,76,3.0,0,0.0,0,3
100,76,87.0,5,0.25,13,87
200,76,181.0,85,0.65,19,181
2000,76,1806.0,1879,10.12,194,1806
10000,76,8945.0,9840,50.87,1055,8945
20000,76,17920.0,19750,102.21,2080,17920
40000,76,35806.0,38871,200.74,4194,35806
60000,76,53594.0,58799,304.16,6406,53594
80000,76,71485.0,77954,403.04,8515,71485
100000,76,89363.0,97379,502.51,10637,89363
200000,76,178831.0,197024,1016.21,21169,178831
400000,76,357603.0,396369,2042.91,42397,357603
600000,76,536480.0,595346,3069.21,63520,536480
800000,76,715408.0,794653,4096.12,84592,715408
1000000,76,894335.0,993967,5123.15,105665,894335
2,77,2.0,0,0.0,0,2
3,77,3.0,0,0.0,0,3
100,77,91.0,1,0.01,9,91
200,77,184.0,1,0.01,16,184
2000,77,1820.0,16,0.49,180,1820
10000,77,9008.0,77,2.05,992,9008
20000,77,18072.0,143,3.59,1928,18072
40000,77,36025.0,281,7.25,3975,36025
60000,77,53988.0,423,10.98,6012,53988
80000,77,72015.0,560,14.41,7985,72015
100000,77,90040.0,683,18.13,9960,90040
200000,77,179753.0,1347,35.94,20247,179753
400000,77,359551.0,2657,71.74,40449,359551
600000,77,539549.0,4022,108.13,60451,539549
800000,77,719586.0,5420,147.83,80414,719586
1000000,77,899286.0,6769,185.67,100714,899286
2,78,2.0,0,0.0,0,2
3,78,3.0,0,0.0,0,3
100,78,94.0,0,0.0,6,94
200,78,183.0,3,0.02,17,183
2000,78,1782.0,20,0.69,218,1782
10000,78,8984.0,163,2.7,1016,8984
20000,78,17991.0,223,4.62,2009,17991
40000,78,35942.0,377,8.63,4058,35942
60000,78,53936.0,500,12.18,6064,53936
80000,78,71960.0,634,15.77,8040,71960
100000,78,90001.0,760,19.6,9999,90001
200000,78,179956.0,1338,35.09,20044,179956
400000,78,359877.0,2678,71.48,40123,359877
600000,78,540080.0,4058,108.17,59920,540080
800000,78,720041.0,5404,145.91,79959,720041
1000000,78,900088.0,6730,183.72,99912,900088
2,79,2.0,0,0.0,0,2
3,79,3.0,0,0.0,0,3
100,79,88.0,6,0.3,12,88
200,79,175.0,6,0.3,25,175
2000,79,1810.0,15,0.44,190,1810
10000,79,9011.0,322,3.18,989,9011
20000,79,17990.0,371,4.33,2010,17990
40000,79,36013.0,499,8.25,3987,36013
60000,79,53924.0,642,12.71,6076,53924
80000,79,71910.0,778,16.54,8090,71910
100000,79,89933.0,948,20.67,10067,89933
200000,79,179880.0,1601,37.75,20120,179880
400000,79,360021.0,3007,76.23,39979,360021
600000,79,540162.0,4342,114.32,59838,540162
800000,79,720210.0,5721,150.91,79790,720210
1000000,79,900186.0,7066,188.1,99814,900186
2,80,1.0,0,0.0,1,1
3,80,1.0,0,0.0,2,1
100,80,87.0,0,0.0,13,87
200,80,184.0,8,0.4,16,184
2000,80,1797.0,32,1.2,203,1797
10000,80,9009.0,81,2.61,991,9009
20000,80,18017.0,201,4.83,1983,18017
40000,80,36055.0,344,8.69,3945,36055
60000,80,54008.0,534,15.86,5992,54008
80000,80,72132.0,642,18.56,7868,72132
100000,80,90144.0,766,22.1,9856,90144
200000,80,180236.0,1422,40.23,19764,180236
400000,80,360184.0,2791,78.03,39816,360184
600000,80,539960.0,4100,113.51,60040,539960
800000,80,719715.0,5455,151.2,80285,719715
1000000,80,899684.0,6857,187.42,100316,899684
2,81,2.0,0,0.0,0,2
3,81,3.0,0,0.0,0,3
100,81,92.0,1,0.01,8,92
200,81,186.0,1,0.01,14,186
2000,81,1800.0,22,0.7,200,1800
10000,81,9024.0,112,2.63,976,9024
20000,81,18035.0,215,4.36,1965,18035
40000,81,36067.0,344,8.24,3933,36067
60000,81,54042.0,479,11.89,5958,54042
80000,81,72071.0,615,15.09,7929,72071
100000,81,90061.0,767,19.36,9939,90061
200000,81,180180.0,1452,38.18,19820,180180
400000,81,360216.0,2719,72.54,39784,360216
600000,81,540310.0,4113,111.19,59690,540310
800000,81,720337.0,5437,147.33,79663,720337
1000000,81,900538.0,6706,182.43,99462,900538
2,82,2.0,0,0.0,0,2
3,82,3.0,1,0.05,0,3
100,82,86.0,96,4.71,14,86
200,82,166.0,195,9.62,34,166
2000,82,1766.0,530,26.1,234,1766
10000,82,8937.0,581,27.61,1063,8937
20000,82,18032.0,837,30.33,1968,18032
40000,82,36005.0,974,33.58,3995,36005
60000,82,54023.0,1101,36.83,5977,54023
80000,82,72013.0,1218,40.24,7987,72013
100000,82,90007.0,1357,44.85,9993,90007
200000,82,180210.0,1966,61.04,19790,180210
400000,82,360108.0,3208,95.42,39892,360108
600000,82,539971.0,4596,133.36,60029,539971
800000,82,720051.0,5924,170.47,79949,720051
1000000,82,899954.0,7272,209.03,100046,899954
2,83,1.0,0,0.0,1,1
3,83,2.0,0,0.0,1,2
100,83,89.0,78,0.48,11,89
200,83,177.0,178,0.98,23,177
2000,83,1807.0,1974,10.28,193,1807
10000,83,8975.0,9943,51.74,1025,8975
20000,83,17928.0,19921,103.11,2072,17928
40000,83,35804.0,39847,205.49,4196,35804
60000,83,53662.0,59782,308.27,6338,53662
80000,83,71600.0,79724,411.31,8400,71600
100000,83,89440.0,98573,508.39,10560,89440
200000,83,179417.0,99217,525.92,20583,179417
400000,83,359487.0,100517,561.31,40513,359487
600000,83,539570.0,101882,600.08,60430,539570
800000,83,719389.0,103239,637.06,80611,719389
1000000,83,899469.0,104559,673.14,100531,899469
2,84,2.0,0,0.0,0,2
3,84,3.0,0,0.0,0,3
100,84,91.0,0,0.0,9,91
200,84,182.0,18,0.09,18,182
2000,84,1794.0,1786,9.34,206,1794
10000,84,8954.0,9660,49.92,1046,8954
20000,84,17891.0,19614,100.77,2109,17891
40000,84,35825.0,39554,203.39,4175,35825
60000,84,53730.0,59494,306.15,6270,53730
80000,84,71578.0,79433,408.82,8422,71578
100000,84,89533.0,99356,511.31,10467,89533
200000,84,179016.0,199017,1023.97,20984,179016
400000,84,358119.0,386697,1990.95,41881,358119
600000,84,538097.0,387987,2027.37,61903,538097
800000,84,718269.0,389294,2062.17,81731,718269
1000000,84,898402.0,390601,2097.73,101598,898402
2,85,2.0,0,0.0,0,2
3,85,3.0,0,0.0,0,3
100,85,89.0,5,0.25,11,89
200,85,180.0,5,0.25,20,180
2000,85,1810.0,27,0.86,190,1810
10000,85,9047.0,134,2.47,953,9047
20000,85,18060.0,196,4.4,1940,18060
40000,85,36013.0,324,7.6,3987,36013
60000,85,53981.0,455,11.32,6019,53981
80000,85,72003.0,585,14.72,7997,72003
100000,85,90007.0,710,18.4,9993,90007
200000,85,179950.0,1329,35.09,20050,179950
400000,85,359791.0,2633,70.27,40209,359791
600000,85,539870.0,3932,105.47,60130,539870
800000,85,719864.0,5299,142.59,80136,719864
1000000,85,899873.0,6578,177.65,100127,899873
2,86,2.0,0,0.0,0,2
3,86,3.0,0,0.0,0,3
100,86,87.0,0,0.0,13,87
200,86,179.0,0,0.0,21,179
2000,86,1798.0,13,0.38,202,1798
10000,86,8963.0,496,3.96,1037,8963
20000,86,17961.0,559,5.54,2039,17961
40000,86,35910.0,709,8.99,4090,35910
60000,86,53899.0,839,12.48,6101,53899
80000,86,71934.0,972,16.25,8066,71934
100000,86,89873.0,1104,19.88,10127,89873
200000,86,179915.0,1781,38.56,20085,179915
400000,86,359987.0,3063,72.33,40013,359987
600000,86,540119.0,4427,109.79,59881,540119
800000,86,719915.0,5720,144.79,80085,719915
1000000,86,899986.0,7053,182.41,100014,899986
2,87,2.0,0,0.0,0,2
3,87,3.0,0,0.0,0,3
100,87,89.0,0,0.0,11,89
200,87,181.0,0,0.0,19,181
2000,87,1825.0,37,1.63,175,1825
10000,87,9012.0,752,6.32,988,9012
20000,87,17962.0,2565,17.01,2038,17962
40000,87,35936.0,2700,20.25,4064,35936
60000,87,53883.0,2832,23.84,6117,53883
80000,87,71776.0,2948,26.67,8224,71776
100000,87,89814.0,4027,35.03,10186,89814
200000,87,179803.0,15932,108.1,20197,179803
400000,87,359958.0,17244,144.31,40042,359958
600000,87,539952.0,18559,180.72,60048,539952
800000,87,719994.0,19886,217.37,80006,719994
1000000,87,899954.0,21202,253.48,100046,899954
2,88,2.0,0,0.0,0,2
3,88,3.0,0,0.0,0,3
100,88,86.0,10,0.05,14,86
200,88,174.0,12,0.11,26,174
2000,88,1790.0,35,0.49,210,1790
10000,88,8959.0,164,3.97,1041,8959
20000,88,17990.0,244,6.17,2010,17990
40000,88,35941.0,378,9.63,4059,35941
60000,88,53904.0,503,12.82,6096,53904
80000,88,71852.0,617,16.0,8148,71852
100000,88,89858.0,727,18.98,10142,89858
200000,88,179871.0,2026,40.1,20129,179871
400000,88,359759.0,3385,76.91,40241,359759
600000,88,539750.0,4686,111.85,60250,539750
800000,88,719718.0,5943,145.23,80282,719718
1000000,88,899677.0,7238,181.94,100323,899677
2,89,1.0,0,0.0,1,1
3,89,1.0,0,0.0,2,1
100,89,92.0,3,0.15,8,92
200,89,180.0,6,0.17,20,180
2000,89,1826.0,28,0.5,174,1826
10000,89,8992.0,146,2.26,1008,8992
20000,89,17999.0,199,3.78,2001,17999
40000,89,35913.0,817,9.62,4087,35913
60000,89,53907.0,6150,39.35,6093,53907
80000,89,71915.0,6298,43.42,8085,71915
100000,89,89846.0,6424,46.43,10154,89846
200000,89,179894.0,7124,65.01,20106,179894
400000,89,359865.0,8457,102.09,40135,359865
600000,89,539930.0,9824,140.2,60070,539930
800000,89,719953.0,11149,177.24,80047,719953
1000000,89,900074.0,12463,213.61,99926,900074
2,90,2.0,0,0.0,0,2
3,90,3.0,0,0.0,0,3
100,90,89.0,4,0.2,11,89
200,90,181.0,5,0.25,19,181
2000,90,1779.0,24,0.66,221,1779
10000,90,8987.0,85,2.4,1013,8987
20000,90,17999.0,145,3.78,2001,17999
40000,90,36028.0,293,8.17,3972,36028
60000,90,54035.0,419,11.55,5965,54035
80000,90,72066.0,552,15.27,7934,72066
100000,90,90133.0,667,18.46,9867,90133
200000,90,180188.0,1280,34.93,19812,180188
400000,90,360216.0,2643,73.06,39784,360216
600000,90,540346.0,3926,108.41,59654,540346
800000,90,720187.0,5263,144.66,79813,720187
1000000,90,900074.0,6621,181.69,99926,900074
2,91,2.0,0,0.0,0,2
3,91,3.0,0,0.0,0,3
100,91,95.0,0,0.0,5,95
200,91,183.0,0,0.0,17,183
2000,91,1809.0,27,0.95,191,1809
10000,91,8980.0,74,2.48,1020,8980
20000,91,17982.0,155,4.24,2018,17982
40000,91,35989.0,296,8.09,4011,35989
60000,91,53893.0,429,12.45,6107,53893
80000,91,71810.0,556,15.79,8190,71810
100000,91,89742.0,688,19.33,10258,89742
200000,91,179680.0,2214,42.57,20320,179680
400000,91,359768.0,3496,77.78,40232,359768
600000,91,539693.0,4784,113.24,60307,539693
800000,91,719706.0,6125,150.14,80294,719706
1000000,91,899735.0,7350,183.9,100265,899735
2,92,2.0,0,0.0,0,2
3,92,3.0,0,0.0,0,3
100,92,91.0,0,0.0,9,91
200,92,181.0,0,0.0,19,181
2000,92,1796.0,16,0.44,204,1796
10000,92,8972.0,77,2.05,1028,8972
20000,92,17969.0,141,3.54,2031,17969
40000,92,35947.0,281,7.57,4053,35947
60000,92,53994.0,422,11.29,6006,53994
80000,92,71976.0,1465,19.57,8024,71976
100000,92,89916.0,1709,24.03,10084,89916
200000,92,179841.0,7015,64.42,20159,179841
400000,92,360164.0,8389,101.53,39836,360164
600000,92,540296.0,9747,138.78,59704,540296
800000,92,719903.0,11117,176.19,80097,719903
1000000,92,899857.0,12507,214.5,100143,899857
2,93,2.0,0,0.0,0,2
3,93,3.0,0,0.0,0,3
100,93,96.0,0,0.0,4,96
200,93,193.0,0,0.0,7,193
2000,93,1803.0,16,0.58,197,1803
10000,93,8975.0,372,3.61,1025,8975
20000,93,17963.0,448,5.34,2037,17963
40000,93,35910.0,621,9.45,4090,35910
60000,93,53868.0,755,13.54,6132,53868
80000,93,71828.0,902,17.38,8172,71828
100000,93,89778.0,1039,21.04,10222,89778
200000,93,179818.0,1894,41.51,20182,179818
400000,93,359394.0,3339,79.11,40606,359394
600000,93,539519.0,4657,116.16,60481,539519
800000,93,719470.0,5961,151.71,80530,719470
1000000,93,899622.0,7283,187.3,100378,899622
2,94,2.0,0,0.0,0,2
3,94,3.0,0,0.0,0,3
100,94,90.0,0,0.0,10,90
200,94,181.0,2,0.1,19,181
2000,94,1783.0,53,1.12,217,1783
10000,94,8989.0,704,5.99,1011,8989
20000,94,17948.0,1470,11.9,2052,17948
40000,94,35948.0,1614,16.76,4052,35948
60000,94,53904.0,1750,20.5,6096,53904
80000,94,71906.0,1889,24.43,8094,71906
100000,94,89939.0,2030,28.38,10061,89939
200000,94,179996.0,2729,48.16,20004,179996
400000,94,359961.0,4051,84.24,40039,359961
600000,94,539902.0,5340,117.64,60098,539902
800000,94,720044.0,6679,156.06,79956,720044
1000000,94,900051.0,8074,192.56,99949,900051
2,95,2.0,0,0.0,0,2
3,95,3.0,0,0.0,0,3
100,95,90.0,6,0.3,10,90
200,95,172.0,7,0.35,28,172
2000,95,1793.0,1692,9.09,207,1793
10000,95,8993.0,9669,50.19,1007,8993
20000,95,17919.0,19643,102.44,2081,17919
40000,95,35823.0,39578,204.95,4177,35823
60000,95,53785.0,59507,307.84,6215,53785
80000,95,71679.0,79459,409.85,8321,71679
100000,95,89507.0,99388,512.1,10493,89507
200000,95,178877.0,199051,1024.91,21123,178877
400000,95,357905.0,397302,2045.19,42095,357905
600000,95,536828.0,596635,3072.59,63172,536828
800000,95,716479.0,725545,3747.02,83521,716479
1000000,95,896265.0,726875,3784.23,103735,896265
2,96,2.0,0,0.0,0,2
3,96,3.0,0,0.0,0,3
100,96,93.0,31,0.43,7,93
200,96,182.0,68,0.61,18,182
2000,96,1825.0,267,2.05,175,1825
10000,96,9029.0,315,3.82,971,9029
20000,96,18000.0,396,6.12,2000,18000
40000,96,36052.0,553,11.59,3948,36052
60000,96,54034.0,699,15.51,5966,54034
80000,96,72045.0,832,19.55,7955,72045
100000,96,90032.0,957,23.19,9968,90032
200000,96,180147.0,1572,41.11,19853,180147
400000,96,360054.0,3867,80.85,39946,360054
600000,96,540146.0,5186,117.23,59854,540146
800000,96,720141.0,6505,153.66,79859,720141
1000000,96,900017.0,7841,191.26,99983,900017
2,97,1.0,0,0.0,1,1
3,97,2.0,0,0.0,1,2
100,97,87.0,9,0.45,13,87
200,97,179.0,12,0.47,21,179
2000,97,1799.0,20,0.64,201,1799
10000,97,8962.0,75,2.09,1038,8962
20000,97,17991.0,140,3.85,2009,17991
40000,97,36056.0,252,6.93,3944,36056
60000,97,54109.0,367,10.3,5891,54109
80000,97,72098.0,533,13.78,7902,72098
100000,97,90022.0,672,17.54,9978,90022
200000,97,180027.0,1319,35.49,19973,180027
400000,97,359775.0,2674,72.41,40225,359775
600000,97,539675.0,5040,115.11,60325,539675
800000,97,719862.0,6427,152.96,80138,719862
1000000,97,899803.0,7767,188.86,100197,899803
2,98,2.0,0,0.0,0,2
3,98,3.0,0,0.0,0,3
100,98,83.0,0,0.0,17,83
200,98,178.0,19,0.28,22,178
2000,98,1780.0,35,0.45,220,1780
10000,98,9006.0,88,2.28,994,9006
20000,98,17998.0,240,5.02,2002,17998
40000,98,36027.0,381,8.83,3973,36027
60000,98,54009.0,542,13.24,5991,54009
80000,98,72019.0,665,16.47,7981,72019
100000,98,89966.0,808,20.29,10034,89966
200000,98,179835.0,1492,38.6,20165,179835
400000,98,359574.0,2833,74.55,40426,359574
600000,98,539459.0,4204,111.74,60541,539459
800000,98,719350.0,5506,147.95,80650,719350
1000000,98,899444.0,6896,185.59,100556,899444
2,99,2.0,0,0.0,0,2
3,99,3.0,0,0.0,0,3
100,99,92.0,0,0.0,8,92
200,99,182.0,6,0.03,18,182
2000,99,1811.0,16,0.35,189,1811
10000,99,8995.0,74,2.13,1005,8995
20000,99,18013.0,133,3.77,1987,18013
40000,99,36062.0,288,8.01,3938,36062
60000,99,54020.0,948,14.6,5980,54020
80000,99,71979.0,1101,18.83,8021,71979
100000,99,89950.0,1238,22.8,10050,89950
200000,99,179882.0,1862,40.18,20118,179882
400000,99,359992.0,3330,78.21,40008,359992
600000,99,539939.0,4657,114.99,60061,539939
800000,99,719902.0,5999,151.45,80098,719902
1000000,99,899942.0,7390,189.86,100058,899942
2,100,2.0,1,0.01,0,2
3,100,3.0,1,0.01,0,3
100,100,87.0,96,0.57,13,87
200,100,175.0,195,1.06,25,175
2000,100,1778.0,1993,10.33,222,1778
10000,100,8978.0,9961,51.43,1022,8978
20000,100,17936.0,19898,102.77,2064,17936
40000,100,35770.0,39827,205.43,4230,35770
60000,100,53678.0,59707,307.53,6322,53678
80000,100,71582.0,79646,410.15,8418,71582
100000,100,89574.0,99583,512.54,10426,89574
200000,100,179067.0,199259,1026.67,20933,179067
400000,100,358228.0,398562,2051.94,41772,358228
600000,100,537404.0,543343,2806.36,62596,537404
800000,100,717469.0,544660,2842.19,82531,717469
1000000,100,897371.0,545984,2879.46,102629,897371
