Timestep,Iteration,Total Reward,Suboptimal Arms,Total Regret,Zeros Count,Ones Count
2,1,2.0,0,0.0,0,2
3,1,3.0,0,0.0,0,3
100,1,87.0,0,0.0,13,87
200,1,176.0,6,0.6,24,176
2000,1,1799.0,18,1.8,201,1799
10000,1,9000.0,52,5.2,1000,9000
20000,1,18014.0,103,10.3,1986,18014
40000,1,35960.0,201,20.1,4040,35960
60000,1,53971.0,301,30.1,6029,53971
80000,1,71835.0,401,40.1,8165,71835
100000,1,89843.0,503,50.3,10157,89843
200000,1,179936.0,1013,101.3,20064,179936
400000,1,359804.0,1975,197.5,40196,359804
600000,1,539893.0,2937,293.7,60107,539893
800000,1,719899.0,3907,390.7,80101,719899
1000000,1,899753.0,4891,489.1,100247,899753
2,2,1.0,0,0.0,1,1
3,2,1.0,0,0.0,2,1
100,2,83.0,6,0.6,17,83
200,2,172.0,6,0.6,28,172
2000,2,1782.0,17,1.7,218,1782
10000,2,8966.0,54,5.4,1034,8966
20000,2,17919.0,98,9.8,2081,17919
40000,2,35939.0,195,19.5,4061,35939
60000,2,53911.0,286,28.6,6089,53911
80000,2,71908.0,373,37.3,8092,71908
100000,2,89916.0,467,46.7,10084,89916
200000,2,179836.0,956,95.6,20164,179836
400000,2,359736.0,1920,192.0,40264,359736
600000,2,539613.0,2950,295.0,60387,539613
800000,2,719339.0,3950,395.0,80661,719339
1000000,2,899280.0,4921,492.1,100720,899280
2,3,1.0,0,0.0,1,1
3,3,2.0,0,0.0,1,2
100,3,90.0,0,0.0,10,90
200,3,174.0,0,0.0,26,174
2000,3,1774.0,13,1.3,226,1774
10000,3,8964.0,58,5.8,1036,8964
20000,3,17987.0,101,10.1,2013,17987
40000,3,36012.0,219,21.9,3988,36012
60000,3,54023.0,321,32.1,5977,54023
80000,3,72019.0,410,41.0,7981,72019
100000,3,90040.0,501,50.1,9960,90040
200000,3,179836.0,994,99.4,20164,179836
400000,3,359611.0,1979,197.9,40389,359611
600000,3,539632.0,2972,297.2,60368,539632
800000,3,719587.0,3949,394.9,80413,719587
1000000,3,899748.0,4995,499.5,100252,899748
2,4,2.0,0,0.0,0,2
3,4,3.0,0,0.0,0,3
100,4,90.0,0,0.0,10,90
200,4,178.0,0,0.0,22,178
2000,4,1805.0,34,3.4,195,1805
10000,4,8995.0,73,7.3,1005,8995
20000,4,17928.0,129,12.9,2072,17928
40000,4,35895.0,227,22.7,4105,35895
60000,4,53841.0,351,35.1,6159,53841
80000,4,71774.0,454,45.4,8226,71774
100000,4,89747.0,555,55.5,10253,89747
200000,4,179627.0,1053,105.3,20373,179627
400000,4,359459.0,2064,206.4,40541,359459
600000,4,539456.0,3053,305.3,60544,539456
800000,4,719420.0,4070,407.0,80580,719420
1000000,4,899535.0,5064,506.4,100465,899535
2,5,2.0,0,0.0,0,2
3,5,3.0,0,0.0,0,3
100,5,93.0,0,0.0,7,93
200,5,184.0,0,0.0,16,184
2000,5,1796.0,13,1.3,204,1796
10000,5,8991.0,48,4.8,1009,8991
20000,5,18037.0,103,10.3,1963,18037
40000,5,36087.0,191,19.1,3913,36087
60000,5,54033.0,304,30.4,5967,54033
80000,5,71959.0,400,40.0,8041,71959
100000,5,89915.0,512,51.2,10085,89915
200000,5,179878.0,982,98.2,20122,179878
400000,5,359976.0,2035,203.5,40024,359976
600000,5,539761.0,3026,302.6,60239,539761
800000,5,719680.0,4093,409.3,80320,719680
1000000,5,899601.0,5086,508.6,100399,899601
2,6,2.0,2,0.2,0,2
3,6,3.0,3,0.3,0,3
100,6,79.0,100,10.0,21,79
200,6,168.0,146,14.6,32,168
2000,6,1799.0,150,15.0,201,1799
10000,6,8979.0,191,19.1,1021,8979
20000,6,17979.0,237,23.7,2021,17979
40000,6,35969.0,334,33.4,4031,35969
60000,6,53938.0,446,44.6,6062,53938
80000,6,71926.0,544,54.4,8074,71926
100000,6,89965.0,639,63.9,10035,89965
200000,6,179810.0,1187,118.7,20190,179810
400000,6,359744.0,2192,219.2,40256,359744
600000,6,539670.0,3188,318.8,60330,539670
800000,6,719520.0,4138,413.8,80480,719520
1000000,6,899508.0,5122,512.2,100492,899508
2,7,1.0,0,0.0,1,1
3,7,2.0,0,0.0,1,2
100,7,92.0,0,0.0,8,92
200,7,185.0,10,1.0,15,185
2000,7,1817.0,23,2.3,183,1817
10000,7,9002.0,64,6.4,998,9002
20000,7,17985.0,104,10.4,2015,17985
40000,7,35983.0,190,19.0,4017,35983
60000,7,53932.0,280,28.0,6068,53932
80000,7,71918.0,391,39.1,8082,71918
100000,7,89961.0,493,49.3,10039,89961
200000,7,180055.0,966,96.6,19945,180055
400000,7,360219.0,2004,200.4,39781,360219
600000,7,540221.0,3009,300.9,59779,540221
800000,7,720224.0,3994,399.4,79776,720224
1000000,7,900394.0,4977,497.7,99606,900394
2,8,2.0,0,0.0,0,2
3,8,2.0,0,0.0,1,2
100,8,89.0,5,0.5,11,89
200,8,184.0,5,0.5,16,184
2000,8,1803.0,21,2.1,197,1803
10000,8,8994.0,61,6.1,1006,8994
20000,8,17975.0,105,10.5,2025,17975
40000,8,36006.0,195,19.5,3994,36006
60000,8,53959.0,289,28.9,6041,53959
80000,8,71989.0,383,38.3,8011,71989
100000,8,89941.0,481,48.1,10059,89941
200000,8,179895.0,970,97.0,20105,179895
400000,8,359651.0,1935,193.5,40349,359651
600000,8,539593.0,2904,290.4,60407,539593
800000,8,719620.0,3904,390.4,80380,719620
1000000,8,899545.0,4856,485.6,100455,899545
2,9,2.0,0,0.0,0,2
3,9,3.0,0,0.0,0,3
100,9,92.0,0,0.0,8,92
200,9,181.0,0,0.0,19,181
2000,9,1792.0,5,0.5,208,1792
10000,9,8982.0,53,5.3,1018,8982
20000,9,17962.0,91,9.1,2038,17962
40000,9,35964.0,198,19.8,4036,35964
60000,9,53956.0,302,30.2,6044,53956
80000,9,71960.0,409,40.9,8040,71960
100000,9,89993.0,506,50.6,10007,89993
200000,9,179948.0,1010,101.0,20052,179948
400000,9,360015.0,2010,201.0,39985,360015
600000,9,539798.0,3008,300.8,60202,539798
800000,9,719683.0,4041,404.1,80317,719683
1000000,9,899615.0,5026,502.6,100385,899615
2,10,2.0,0,0.0,0,2
3,10,2.0,0,0.0,1,2
100,10,89.0,0,0.0,11,89
200,10,179.0,7,0.7,21,179
2000,10,1799.0,19,1.9,201,1799
10000,10,8984.0,53,5.3,1016,8984
20000,10,17931.0,99,9.9,2069,17931
40000,10,35905.0,209,20.9,4095,35905
60000,10,53872.0,321,32.1,6128,53872
80000,10,71918.0,436,43.6,8082,71918
100000,10,89950.0,545,54.5,10050,89950
200000,10,179862.0,1048,104.8,20138,179862
400000,10,359745.0,2036,203.6,40255,359745
600000,10,539700.0,3025,302.5,60300,539700
800000,10,719646.0,3998,399.8,80354,719646
1000000,10,899394.0,5013,501.3,100606,899394
2,11,2.0,0,0.0,0,2
3,11,3.0,0,0.0,0,3
100,11,87.0,0,0.0,13,87
200,11,172.0,0,0.0,28,172
2000,11,1810.0,13,1.3,190,1810
10000,11,8976.0,58,5.8,1024,8976
20000,11,17942.0,119,11.9,2058,17942
40000,11,35959.0,228,22.8,4041,35959
60000,11,53968.0,316,31.6,6032,53968
80000,11,71893.0,409,40.9,8107,71893
100000,11,89877.0,487,48.7,10123,89877
200000,11,179745.0,963,96.3,20255,179745
400000,11,359462.0,1964,196.4,40538,359462
600000,11,539595.0,2982,298.2,60405,539595
800000,11,719385.0,3995,399.5,80615,719385
1000000,11,899366.0,4984,498.4,100634,899366
2,12,1.0,0,0.0,1,1
3,12,2.0,0,0.0,1,2
100,12,90.0,1,0.1,10,90
200,12,176.0,2,0.2,24,176
2000,12,1778.0,11,1.1,222,1778
10000,12,9000.0,48,4.8,1000,9000
20000,12,17976.0,100,10.0,2024,17976
40000,12,35932.0,188,18.8,4068,35932
60000,12,53937.0,285,28.5,6063,53937
80000,12,71976.0,381,38.1,8024,71976
100000,12,89970.0,497,49.7,10030,89970
200000,12,179899.0,991,99.1,20101,179899
400000,12,359917.0,1971,197.1,40083,359917
600000,12,539792.0,2940,294.0,60208,539792
800000,12,719840.0,4031,403.1,80160,719840
1000000,12,899728.0,5017,501.7,100272,899728
2,13,2.0,0,0.0,0,2
3,13,3.0,0,0.0,0,3
100,13,91.0,0,0.0,9,91
200,13,178.0,13,1.3,22,178
2000,13,1823.0,19,1.9,177,1823
10000,13,9013.0,53,5.3,987,9013
20000,13,17968.0,117,11.7,2032,17968
40000,13,35971.0,213,21.3,4029,35971
60000,13,53936.0,302,30.2,6064,53936
80000,13,71838.0,416,41.6,8162,71838
100000,13,89802.0,528,52.8,10198,89802
200000,13,179638.0,1040,104.0,20362,179638
400000,13,359683.0,2055,205.5,40317,359683
600000,13,539651.0,3069,306.9,60349,539651
800000,13,719573.0,4029,402.9,80427,719573
1000000,13,899583.0,5045,504.5,100417,899583
2,14,2.0,0,0.0,0,2
3,14,3.0,0,0.0,0,3
100,14,92.0,0,0.0,8,92
200,14,183.0,0,0.0,17,183
2000,14,1791.0,11,1.1,209,1791
10000,14,8973.0,57,5.7,1027,8973
20000,14,17975.0,107,10.7,2025,17975
40000,14,36015.0,189,18.9,3985,36015
60000,14,54050.0,296,29.6,5950,54050
80000,14,72076.0,386,38.6,7924,72076
100000,14,90025.0,483,48.3,9975,90025
200000,14,180036.0,983,98.3,19964,180036
400000,14,359968.0,1934,193.4,40032,359968
600000,14,539768.0,2931,293.1,60232,539768
800000,14,719592.0,3942,394.2,80408,719592
1000000,14,899591.0,4939,493.9,100409,899591
2,15,2.0,0,0.0,0,2
3,15,3.0,0,0.0,0,3
100,15,88.0,2,0.2,12,88
200,15,175.0,2,0.2,25,175
2000,15,1810.0,8,0.8,190,1810
10000,15,8979.0,76,7.6,1021,8979
20000,15,17960.0,131,13.1,2040,17960
40000,15,35934.0,235,23.5,4066,35934
60000,15,53866.0,327,32.7,6134,53866
80000,15,71870.0,436,43.6,8130,71870
100000,15,89825.0,540,54.0,10175,89825
200000,15,179798.0,1057,105.7,20202,179798
400000,15,359758.0,2018,201.8,40242,359758
600000,15,539632.0,2999,299.9,60368,539632
800000,15,719483.0,4001,400.1,80517,719483
1000000,15,899297.0,4982,498.2,100703,899297
2,16,2.0,0,0.0,0,2
3,16,3.0,0,0.0,0,3
100,16,90.0,0,0.0,10,90
200,16,177.0,2,0.2,23,177
2000,16,1784.0,12,1.2,216,1784
10000,16,8953.0,50,5.0,1047,8953
20000,16,17961.0,91,9.1,2039,17961
40000,16,35938.0,192,19.2,4062,35938
60000,16,53932.0,301,30.1,6068,53932
80000,16,71952.0,403,40.3,8048,71952
100000,16,89883.0,507,50.7,10117,89883
200000,16,179904.0,997,99.7,20096,179904
400000,16,359905.0,1983,198.3,40095,359905
600000,16,539852.0,2968,296.8,60148,539852
800000,16,719798.0,3963,396.3,80202,719798
1000000,16,899665.0,4958,495.8,100335,899665
2,17,2.0,0,0.0,0,2
3,17,2.0,1,0.1,1,2
100,17,86.0,2,0.2,14,86
200,17,177.0,2,0.2,23,177
2000,17,1790.0,15,1.5,210,1790
10000,17,8993.0,55,5.5,1007,8993
20000,17,18008.0,86,8.6,1992,18008
40000,17,35973.0,180,18.0,4027,35973
60000,17,53951.0,292,29.2,6049,53951
80000,17,72015.0,382,38.2,7985,72015
100000,17,90012.0,481,48.1,9988,90012
200000,17,180087.0,1003,100.3,19913,180087
400000,17,360142.0,2045,204.5,39858,360142
600000,17,540226.0,3027,302.7,59774,540226
800000,17,720231.0,4007,400.7,79769,720231
1000000,17,900165.0,5033,503.3,99835,900165
2,18,1.0,0,0.0,1,1
3,18,2.0,0,0.0,1,2
100,18,86.0,0,0.0,14,86
200,18,177.0,0,0.0,23,177
2000,18,1791.0,4,0.4,209,1791
10000,18,8981.0,50,5.0,1019,8981
20000,18,18000.0,102,10.2,2000,18000
40000,18,35937.0,207,20.7,4063,35937
60000,18,53997.0,315,31.5,6003,53997
80000,18,71940.0,409,40.9,8060,71940
100000,18,89922.0,494,49.4,10078,89922
200000,18,179837.0,987,98.7,20163,179837
400000,18,359878.0,1999,199.9,40122,359878
600000,18,539739.0,3003,300.3,60261,539739
800000,18,719875.0,4012,401.2,80125,719875
1000000,18,899728.0,5047,504.7,100272,899728
2,19,2.0,0,0.0,0,2
3,19,3.0,1,0.1,0,3
100,19,89.0,2,0.2,11,89
200,19,181.0,3,0.3,19,181
2000,19,1811.0,11,1.1,189,1811
10000,19,9008.0,54,5.4,992,9008
20000,19,17983.0,102,10.2,2017,17983
40000,19,35947.0,206,20.6,4053,35947
60000,19,53938.0,313,31.3,6062,53938
80000,19,71935.0,397,39.7,8065,71935
100000,19,89879.0,506,50.6,10121,89879
200000,19,179888.0,976,97.6,20112,179888
400000,19,359833.0,2028,202.8,40167,359833
600000,19,539648.0,3003,300.3,60352,539648
800000,19,719512.0,3973,397.3,80488,719512
1000000,19,899488.0,4976,497.6,100512,899488
2,20,2.0,0,0.0,0,2
3,20,3.0,0,0.0,0,3
100,20,93.0,0,0.0,7,93
200,20,183.0,0,0.0,17,183
2000,20,1799.0,20,2.0,201,1799
10000,20,9008.0,68,6.8,992,9008
20000,20,18024.0,115,11.5,1976,18024
40000,20,36013.0,207,20.7,3987,36013
60000,20,53975.0,315,31.5,6025,53975
80000,20,71935.0,424,42.4,8065,71935
100000,20,89923.0,509,50.9,10077,89923
200000,20,179920.0,1051,105.1,20080,179920
400000,20,359531.0,2081,208.1,40469,359531
600000,20,539402.0,3097,309.7,60598,539402
800000,20,719392.0,4055,405.5,80608,719392
1000000,20,899239.0,5064,506.4,100761,899239
2,21,2.0,0,0.0,0,2
3,21,3.0,0,0.0,0,3
100,21,92.0,2,0.2,8,92
200,21,179.0,4,0.4,21,179
2000,21,1809.0,15,1.5,191,1809
10000,21,9010.0,41,4.1,990,9010
20000,21,18014.0,97,9.7,1986,18014
40000,21,36049.0,194,19.4,3951,36049
60000,21,54089.0,300,30.0,5911,54089
80000,21,72060.0,393,39.3,7940,72060
100000,21,90087.0,506,50.6,9913,90087
200000,21,179971.0,1006,100.6,20029,179971
400000,21,359763.0,1972,197.2,40237,359763
600000,21,539892.0,2966,296.6,60108,539892
800000,21,719679.0,4010,401.0,80321,719679
1000000,21,899775.0,4992,499.2,100225,899775
2,22,2.0,0,0.0,0,2
3,22,3.0,0,0.0,0,3
100,22,87.0,3,0.3,13,87
200,22,172.0,3,0.3,28,172
2000,22,1793.0,8,0.8,207,1793
10000,22,9034.0,49,4.9,966,9034
20000,22,18039.0,103,10.3,1961,18039
40000,22,36029.0,178,17.8,3971,36029
60000,22,54076.0,285,28.5,5924,54076
80000,22,71989.0,383,38.3,8011,71989
100000,22,89992.0,481,48.1,10008,89992
200000,22,180194.0,977,97.7,19806,180194
400000,22,360062.0,2000,200.0,39938,360062
600000,22,540011.0,3013,301.3,59989,540011
800000,22,719860.0,3981,398.1,80140,719860
1000000,22,899839.0,4999,499.9,100161,899839
2,23,2.0,0,0.0,0,2
3,23,3.0,0,0.0,0,3
100,23,91.0,0,0.0,9,91
200,23,186.0,0,0.0,14,186
2000,23,1810.0,14,1.4,190,1810
10000,23,8982.0,59,5.9,1018,8982
20000,23,17999.0,105,10.5,2001,17999
40000,23,35955.0,210,21.0,4045,35955
60000,23,54011.0,317,31.7,5989,54011
80000,23,71940.0,422,42.2,8060,71940
100000,23,89953.0,537,53.7,10047,89953
200000,23,179836.0,1043,104.3,20164,179836
400000,23,359783.0,2064,206.4,40217,359783
600000,23,539790.0,3072,307.2,60210,539790
800000,23,719848.0,4120,412.0,80152,719848
1000000,23,899924.0,5152,515.2,100076,899924
2,24,2.0,0,0.0,0,2
3,24,3.0,0,0.0,0,3
100,24,88.0,0,0.0,12,88
200,24,179.0,2,0.2,21,179
2000,24,1783.0,14,1.4,217,1783
10000,24,8970.0,40,4.0,1030,8970
20000,24,17961.0,93,9.3,2039,17961
40000,24,35923.0,199,19.9,4077,35923
60000,24,53933.0,283,28.3,6067,53933
80000,24,71897.0,392,39.2,8103,71897
100000,24,89799.0,497,49.7,10201,89799
200000,24,179668.0,994,99.4,20332,179668
400000,24,359641.0,1999,199.9,40359,359641
600000,24,539319.0,3030,303.0,60681,539319
800000,24,719164.0,4041,404.1,80836,719164
1000000,24,898995.0,5087,508.7,101005,898995
2,25,2.0,0,0.0,0,2
3,25,3.0,0,0.0,0,3
100,25,95.0,0,0.0,5,95
200,25,185.0,30,3.0,15,185
2000,25,1814.0,42,4.2,186,1814
10000,25,8996.0,81,8.1,1004,8996
20000,25,17996.0,125,12.5,2004,17996
40000,25,36031.0,227,22.7,3969,36031
60000,25,54058.0,333,33.3,5942,54058
80000,25,72082.0,426,42.6,7918,72082
100000,25,90162.0,529,52.9,9838,90162
200000,25,180016.0,1066,106.6,19984,180016
400000,25,359778.0,2085,208.5,40222,359778
600000,25,539792.0,3051,305.1,60208,539792
800000,25,719671.0,4078,407.8,80329,719671
1000000,25,899471.0,5054,505.4,100529,899471
2,26,1.0,0,0.0,1,1
3,26,1.0,0,0.0,2,1
100,26,81.0,94,9.4,19,81
200,26,167.0,194,19.4,33,167
2000,26,1617.0,1987,198.7,383,1617
10000,26,8770.0,2540,254.0,1230,8770
20000,26,17778.0,2588,258.8,2222,17778
40000,26,35775.0,2674,267.4,4225,35775
60000,26,53785.0,2772,277.2,6215,53785
80000,26,71774.0,2863,286.3,8226,71774
100000,26,89817.0,2948,294.8,10183,89817
200000,26,179905.0,3439,343.9,20095,179905
400000,26,359837.0,4484,448.4,40163,359837
600000,26,539873.0,5487,548.7,60127,539873
800000,26,719958.0,6527,652.7,80042,719958
1000000,26,899867.0,7474,747.4,100133,899867
2,27,2.0,0,0.0,0,2
3,27,3.0,0,0.0,0,3
100,27,90.0,0,0.0,10,90
200,27,178.0,0,0.0,22,178
2000,27,1769.0,5,0.5,231,1769
10000,27,9020.0,59,5.9,980,9020
20000,27,18009.0,109,10.9,1991,18009
40000,27,35991.0,218,21.8,4009,35991
60000,27,54036.0,321,32.1,5964,54036
80000,27,72054.0,426,42.6,7946,72054
100000,27,90099.0,518,51.8,9901,90099
200000,27,180085.0,1051,105.1,19915,180085
400000,27,359948.0,2051,205.1,40052,359948
600000,27,539732.0,3055,305.5,60268,539732
800000,27,719593.0,3994,399.4,80407,719593
1000000,27,899663.0,5014,501.4,100337,899663
2,28,2.0,0,0.0,0,2
3,28,3.0,0,0.0,0,3
100,28,92.0,4,0.4,8,92
200,28,179.0,4,0.4,21,179
2000,28,1791.0,23,2.3,209,1791
10000,28,8994.0,56,5.6,1006,8994
20000,28,18041.0,98,9.8,1959,18041
40000,28,35972.0,190,19.0,4028,35972
60000,28,53974.0,291,29.1,6026,53974
80000,28,71967.0,385,38.5,8033,71967
100000,28,90013.0,489,48.9,9987,90013
200000,28,179839.0,995,99.5,20161,179839
400000,28,359705.0,2003,200.3,40295,359705
600000,28,539668.0,3017,301.7,60332,539668
800000,28,719659.0,4007,400.7,80341,719659
1000000,28,899498.0,5048,504.8,100502,899498
2,29,2.0,0,0.0,0,2
3,29,2.0,0,0.0,1,2
100,29,90.0,0,0.0,10,90
200,29,179.0,0,0.0,21,179
2000,29,1789.0,10,1.0,211,1789
10000,29,9014.0,52,5.2,986,9014
20000,29,18044.0,113,11.3,1956,18044
40000,29,36064.0,206,20.6,3936,36064
60000,29,54039.0,289,28.9,5961,54039
80000,29,71961.0,397,39.7,8039,71961
100000,29,90017.0,501,50.1,9983,90017
200000,29,179983.0,1017,101.7,20017,179983
400000,29,359556.0,1964,196.4,40444,359556
600000,29,539447.0,2938,293.8,60553,539447
800000,29,719476.0,3981,398.1,80524,719476
1000000,29,899260.0,4968,496.8,100740,899260
2,30,2.0,0,0.0,0,2
3,30,3.0,0,0.0,0,3
100,30,90.0,8,0.8,10,90
200,30,177.0,9,0.9,23,177
2000,30,1803.0,20,2.0,197,1803
10000,30,9050.0,58,5.8,950,9050
20000,30,17999.0,99,9.9,2001,17999
40000,30,35987.0,207,20.7,4013,35987
60000,30,53954.0,304,30.4,6046,53954
80000,30,71954.0,409,40.9,8046,71954
100000,30,89863.0,497,49.7,10137,89863
200000,30,179791.0,963,96.3,20209,179791
400000,30,359411.0,1927,192.7,40589,359411
600000,30,539290.0,2895,289.5,60710,539290
800000,30,719311.0,3871,387.1,80689,719311
1000000,30,899150.0,4849,484.9,100850,899150
2,31,1.0,0,0.0,1,1
3,31,2.0,0,0.0,1,2
100,31,90.0,0,0.0,10,90
200,31,182.0,0,0.0,18,182
2000,31,1802.0,15,1.5,198,1802
10000,31,9006.0,50,5.0,994,9006
20000,31,17925.0,108,10.8,2075,17925
40000,31,35921.0,200,20.0,4079,35921
60000,31,53908.0,285,28.5,6092,53908
80000,31,71904.0,400,40.0,8096,71904
100000,31,89920.0,500,50.0,10080,89920
200000,31,180062.0,1064,106.4,19938,180062
400000,31,360135.0,2095,209.5,39865,360135
600000,31,540100.0,3144,314.4,59900,540100
800000,31,719862.0,4136,413.6,80138,719862
1000000,31,899594.0,5186,518.6,100406,899594
2,32,2.0,0,0.0,0,2
3,32,3.0,0,0.0,0,3
100,32,86.0,1,0.1,14,86
200,32,178.0,1,0.1,22,178
2000,32,1812.0,16,1.6,188,1812
10000,32,9004.0,45,4.5,996,9004
20000,32,17963.0,91,9.1,2037,17963
40000,32,35943.0,181,18.1,4057,35943
60000,32,53957.0,287,28.7,6043,53957
80000,32,71949.0,375,37.5,8051,71949
100000,32,89887.0,501,50.1,10113,89887
200000,32,179925.0,1001,100.1,20075,179925
400000,32,360062.0,1971,197.1,39938,360062
600000,32,540020.0,3019,301.9,59980,540020
800000,32,719909.0,3983,398.3,80091,719909
1000000,32,899880.0,4951,495.1,100120,899880
2,33,2.0,0,0.0,0,2
3,33,3.0,0,0.0,0,3
100,33,90.0,0,0.0,10,90
200,33,178.0,2,0.2,22,178
2000,33,1801.0,12,1.2,199,1801
10000,33,9019.0,48,4.8,981,9019
20000,33,17974.0,94,9.4,2026,17974
40000,33,35965.0,177,17.7,4035,35965
60000,33,53979.0,262,26.2,6021,53979
80000,33,71987.0,366,36.6,8013,71987
100000,33,89967.0,463,46.3,10033,89967
200000,33,179933.0,985,98.5,20067,179933
400000,33,359726.0,2018,201.8,40274,359726
600000,33,539737.0,3033,303.3,60263,539737
800000,33,719621.0,4029,402.9,80379,719621
1000000,33,899492.0,5035,503.5,100508,899492
2,34,1.0,1,0.1,1,1
3,34,1.0,1,0.1,2,1
100,34,85.0,1,0.1,15,85
200,34,175.0,2,0.2,25,175
2000,34,1799.0,8,0.8,201,1799
10000,34,8968.0,52,5.2,1032,8968
20000,34,17961.0,101,10.1,2039,17961
40000,34,35931.0,201,20.1,4069,35931
60000,34,53906.0,289,28.9,6094,53906
80000,34,71897.0,414,41.4,8103,71897
100000,34,89837.0,511,51.1,10163,89837
200000,34,179692.0,1010,101.0,20308,179692
400000,34,359508.0,1995,199.5,40492,359508
600000,34,539283.0,2993,299.3,60717,539283
800000,34,719266.0,3943,394.3,80734,719266
1000000,34,899223.0,4994,499.4,100777,899223
2,35,2.0,0,0.0,0,2
3,35,3.0,0,0.0,0,3
100,35,91.0,0,0.0,9,91
200,35,179.0,0,0.0,21,179
2000,35,1778.0,12,1.2,222,1778
10000,35,8943.0,54,5.4,1057,8943
20000,35,17915.0,97,9.7,2085,17915
40000,35,35912.0,203,20.3,4088,35912
60000,35,53920.0,292,29.2,6080,53920
80000,35,71858.0,403,40.3,8142,71858
100000,35,89867.0,503,50.3,10133,89867
200000,35,179770.0,1014,101.4,20230,179770
400000,35,359763.0,2019,201.9,40237,359763
600000,35,539612.0,3055,305.5,60388,539612
800000,35,719479.0,4084,408.4,80521,719479
1000000,35,899370.0,5097,509.7,100630,899370
2,36,2.0,0,0.0,0,2
3,36,2.0,0,0.0,1,2
100,36,88.0,0,0.0,12,88
200,36,181.0,0,0.0,19,181
2000,36,1791.0,7,0.7,209,1791
10000,36,8979.0,50,5.0,1021,8979
20000,36,17947.0,117,11.7,2053,17947
40000,36,35900.0,221,22.1,4100,35900
60000,36,53849.0,307,30.7,6151,53849
80000,36,71875.0,402,40.2,8125,71875
100000,36,89832.0,514,51.4,10168,89832
200000,36,179627.0,1072,107.2,20373,179627
400000,36,359569.0,2107,210.7,40431,359569
600000,36,539640.0,3085,308.5,60360,539640
800000,36,719680.0,4106,410.6,80320,719680
1000000,36,899633.0,5060,506.0,100367,899633
2,37,2.0,0,0.0,0,2
3,37,3.0,0,0.0,0,3
100,37,91.0,0,0.0,9,91
200,37,178.0,0,0.0,22,178
2000,37,1801.0,12,1.2,199,1801
10000,37,8956.0,65,6.5,1044,8956
20000,37,17909.0,119,11.9,2091,17909
40000,37,35950.0,217,21.7,4050,35950
60000,37,53847.0,322,32.2,6153,53847
80000,37,71837.0,414,41.4,8163,71837
100000,37,89869.0,508,50.8,10131,89869
200000,37,179793.0,1034,103.4,20207,179793
400000,37,359920.0,1980,198.0,40080,359920
600000,37,539701.0,3015,301.5,60299,539701
800000,37,719531.0,4021,402.1,80469,719531
1000000,37,899238.0,5066,506.6,100762,899238
2,38,2.0,0,0.0,0,2
3,38,3.0,0,0.0,0,3
100,38,92.0,0,0.0,8,92
200,38,186.0,0,0.0,14,186
2000,38,1800.0,11,1.1,200,1800
10000,38,9002.0,49,4.9,998,9002
20000,38,18029.0,97,9.7,1971,18029
40000,38,36066.0,192,19.2,3934,36066
60000,38,54047.0,294,29.4,5953,54047
80000,38,72060.0,406,40.6,7940,72060
100000,38,90095.0,503,50.3,9905,90095
200000,38,180200.0,1037,103.7,19800,180200
400000,38,360047.0,2051,205.1,39953,360047
600000,38,540139.0,3078,307.8,59861,540139
800000,38,720014.0,4068,406.8,79986,720014
1000000,38,899660.0,5008,500.8,100340,899660
2,39,2.0,0,0.0,0,2
3,39,3.0,1,0.1,0,3
100,39,83.0,20,2.0,17,83
200,39,175.0,20,2.0,25,175
2000,39,1822.0,28,2.8,178,1822
10000,39,9033.0,77,7.7,967,9033
20000,39,18009.0,138,13.8,1991,18009
40000,39,36018.0,233,23.3,3982,36018
60000,39,53952.0,361,36.1,6048,53952
80000,39,71975.0,469,46.9,8025,71975
100000,39,89985.0,569,56.9,10015,89985
200000,39,179840.0,1124,112.4,20160,179840
400000,39,359910.0,2160,216.0,40090,359910
600000,39,539712.0,3135,313.5,60288,539712
800000,39,719695.0,4153,415.3,80305,719695
1000000,39,899560.0,5140,514.0,100440,899560
2,40,2.0,0,0.0,0,2
3,40,3.0,0,0.0,0,3
100,40,91.0,0,0.0,9,91
200,40,183.0,0,0.0,17,183
2000,40,1804.0,12,1.2,196,1804
10000,40,9050.0,40,4.0,950,9050
20000,40,17991.0,94,9.4,2009,17991
40000,40,35972.0,190,19.0,4028,35972
60000,40,53976.0,278,27.8,6024,53976
80000,40,72022.0,361,36.1,7978,72022
100000,40,89977.0,465,46.5,10023,89977
200000,40,180043.0,974,97.4,19957,180043
400000,40,360026.0,1975,197.5,39974,360026
600000,40,540184.0,2988,298.8,59816,540184
800000,40,720132.0,3948,394.8,79868,720132
1000000,40,900136.0,4957,495.7,99864,900136
2,41,2.0,0,0.0,0,2
3,41,3.0,0,0.0,0,3
100,41,95.0,0,0.0,5,95
200,41,188.0,1,0.1,12,188
2000,41,1797.0,12,1.2,203,1797
10000,41,9005.0,49,4.9,995,9005
20000,41,18041.0,114,11.4,1959,18041
40000,41,36014.0,219,21.9,3986,36014
60000,41,53969.0,306,30.6,6031,53969
80000,41,72036.0,423,42.3,7964,72036
100000,41,90065.0,523,52.3,9935,90065
200000,41,179874.0,1054,105.4,20126,179874
400000,41,359812.0,2029,202.9,40188,359812
600000,41,539934.0,3046,304.6,60066,539934
800000,41,719876.0,4028,402.8,80124,719876
1000000,41,900000.0,5060,506.0,100000,900000
2,42,2.0,0,0.0,0,2
3,42,3.0,0,0.0,0,3
100,42,88.0,3,0.3,12,88
200,42,184.0,4,0.4,16,184
2000,42,1787.0,15,1.5,213,1787
10000,42,8951.0,53,5.3,1049,8951
20000,42,17913.0,98,9.8,2087,17913
40000,42,35885.0,184,18.4,4115,35885
60000,42,53896.0,286,28.6,6104,53896
80000,42,71968.0,365,36.5,8032,71968
100000,42,89965.0,448,44.8,10035,89965
200000,42,179912.0,963,96.3,20088,179912
400000,42,359745.0,1953,195.3,40255,359745
600000,42,539642.0,2986,298.6,60358,539642
800000,42,719478.0,3984,398.4,80522,719478
1000000,42,899264.0,4957,495.7,100736,899264
2,43,2.0,0,0.0,0,2
3,43,3.0,0,0.0,0,3
100,43,93.0,4,0.4,7,93
200,43,182.0,5,0.5,18,182
2000,43,1808.0,17,1.7,192,1808
10000,43,9014.0,58,5.8,986,9014
20000,43,17991.0,97,9.7,2009,17991
40000,43,36003.0,178,17.8,3997,36003
60000,43,54022.0,275,27.5,5978,54022
80000,43,72050.0,386,38.6,7950,72050
100000,43,90056.0,475,47.5,9944,90056
200000,43,180011.0,948,94.8,19989,180011
400000,43,359925.0,1920,192.0,40075,359925
600000,43,539643.0,2931,293.1,60357,539643
800000,43,719605.0,3950,395.0,80395,719605
1000000,43,899470.0,4983,498.3,100530,899470
2,44,2.0,0,0.0,0,2
3,44,3.0,0,0.0,0,3
100,44,85.0,1,0.1,15,85
200,44,177.0,1,0.1,23,177
2000,44,1782.0,10,1.0,218,1782
10000,44,9009.0,48,4.8,991,9009
20000,44,18050.0,107,10.7,1950,18050
40000,44,36055.0,203,20.3,3945,36055
60000,44,54088.0,295,29.5,5912,54088
80000,44,72123.0,411,41.1,7877,72123
100000,44,90087.0,514,51.4,9913,90087
200000,44,180056.0,1002,100.2,19944,180056
400000,44,360080.0,1984,198.4,39920,360080
600000,44,540137.0,3055,305.5,59863,540137
800000,44,719943.0,4073,407.3,80057,719943
1000000,44,900007.0,5030,503.0,99993,900007
2,45,2.0,0,0.0,0,2
3,45,3.0,0,0.0,0,3
100,45,93.0,4,0.4,7,93
200,45,177.0,5,0.5,23,177
2000,45,1778.0,12,1.2,222,1778
10000,45,8976.0,50,5.0,1024,8976
20000,45,17967.0,98,9.8,2033,17967
40000,45,35974.0,189,18.9,4026,35974
60000,45,54008.0,284,28.4,5992,54008
80000,45,72015.0,387,38.7,7985,72015
100000,45,90049.0,486,48.6,9951,90049
200000,45,180075.0,972,97.2,19925,180075
400000,45,359949.0,1938,193.8,40051,359949
600000,45,539906.0,2959,295.9,60094,539906
800000,45,719697.0,3966,396.6,80303,719697
1000000,45,899606.0,4958,495.8,100394,899606
2,46,2.0,0,0.0,0,2
3,46,3.0,0,0.0,0,3
100,46,92.0,0,0.0,8,92
200,46,179.0,1,0.1,21,179
2000,46,1803.0,12,1.2,197,1803
10000,46,9018.0,67,6.7,982,9018
20000,46,17984.0,117,11.7,2016,17984
40000,46,35960.0,227,22.7,4040,35960
60000,46,53994.0,324,32.4,6006,53994
80000,46,71968.0,433,43.3,8032,71968
100000,46,89969.0,528,52.8,10031,89969
200000,46,179921.0,1060,106.0,20079,179921
400000,46,359902.0,2131,213.1,40098,359902
600000,46,539902.0,3105,310.5,60098,539902
800000,46,719733.0,4104,410.4,80267,719733
1000000,46,899585.0,5079,507.9,100415,899585
2,47,2.0,0,0.0,0,2
3,47,3.0,0,0.0,0,3
100,47,93.0,0,0.0,7,93
200,47,180.0,5,0.5,20,180
2000,47,1802.0,34,3.4,198,1802
10000,47,8991.0,77,7.7,1009,8991
20000,47,18031.0,130,13.0,1969,18031
40000,47,36051.0,218,21.8,3949,36051
60000,47,54016.0,303,30.3,5984,54016
80000,47,72001.0,404,40.4,7999,72001
100000,47,90010.0,501,50.1,9990,90010
200000,47,180069.0,1023,102.3,19931,180069
400000,47,359797.0,1966,196.6,40203,359797
600000,47,539713.0,2959,295.9,60287,539713
800000,47,719621.0,3953,395.3,80379,719621
1000000,47,899577.0,4978,497.8,100423,899577
2,48,2.0,0,0.0,0,2
3,48,3.0,0,0.0,0,3
100,48,92.0,0,0.0,8,92
200,48,182.0,0,0.0,18,182
2000,48,1817.0,8,0.8,183,1817
10000,48,8978.0,67,6.7,1022,8978
20000,48,17970.0,114,11.4,2030,17970
40000,48,35992.0,208,20.8,4008,35992
60000,48,53984.0,280,28.0,6016,53984
80000,48,71993.0,396,39.6,8007,71993
100000,48,89985.0,491,49.1,10015,89985
200000,48,179982.0,1003,100.3,20018,179982
400000,48,359828.0,1959,195.9,40172,359828
600000,48,539510.0,2991,299.1,60490,539510
800000,48,719357.0,3984,398.4,80643,719357
1000000,48,899267.0,5022,502.2,100733,899267
2,49,2.0,0,0.0,0,2
3,49,3.0,0,0.0,0,3
100,49,91.0,0,0.0,9,91
200,49,176.0,0,0.0,24,176
2000,49,1771.0,50,5.0,229,1771
10000,49,8931.0,87,8.7,1069,8931
20000,49,17882.0,134,13.4,2118,17882
40000,49,35852.0,222,22.2,4148,35852
60000,49,53936.0,309,30.9,6064,53936
80000,49,71911.0,419,41.9,8089,71911
100000,49,90004.0,522,52.2,9996,90004
200000,49,179979.0,1026,102.6,20021,179979
400000,49,359841.0,2030,203.0,40159,359841
600000,49,539764.0,2985,298.5,60236,539764
800000,49,719634.0,4038,403.8,80366,719634
1000000,49,899356.0,4979,497.9,100644,899356
2,50,1.0,0,0.0,1,1
3,50,2.0,0,0.0,1,2
100,50,90.0,1,0.1,10,90
200,50,176.0,1,0.1,24,176
2000,50,1805.0,11,1.1,195,1805
10000,50,8964.0,67,6.7,1036,8964
20000,50,17990.0,111,11.1,2010,17990
40000,50,35951.0,225,22.5,4049,35951
60000,50,53953.0,313,31.3,6047,53953
80000,50,71964.0,402,40.2,8036,71964
100000,50,89919.0,507,50.7,10081,89919
200000,50,179780.0,1027,102.7,20220,179780
400000,50,359590.0,1989,198.9,40410,359590
600000,50,539478.0,2938,293.8,60522,539478
800000,50,719421.0,3973,397.3,80579,719421
1000000,50,899169.0,5040,504.0,100831,899169
2,51,2.0,0,0.0,0,2
3,51,3.0,0,0.0,0,3
100,51,92.0,0,0.0,8,92
200,51,183.0,0,0.0,17,183
2000,51,1799.0,11,1.1,201,1799
10000,51,8989.0,60,6.0,1011,8989
20000,51,17990.0,100,10.0,2010,17990
40000,51,35932.0,202,20.2,4068,35932
60000,51,53921.0,321,32.1,6079,53921
80000,51,71859.0,422,42.2,8141,71859
100000,51,89863.0,511,51.1,10137,89863
200000,51,179731.0,1008,100.8,20269,179731
400000,51,359790.0,2021,202.1,40210,359790
600000,51,539878.0,3016,301.6,60122,539878
800000,51,719872.0,4001,400.1,80128,719872
1000000,51,899663.0,5018,501.8,100337,899663
2,52,2.0,0,0.0,0,2
3,52,3.0,0,0.0,0,3
100,52,88.0,0,0.0,12,88
200,52,180.0,12,1.2,20,180
2000,52,1791.0,39,3.9,209,1791
10000,52,8979.0,78,7.8,1021,8979
20000,52,17936.0,120,12.0,2064,17936
40000,52,35925.0,242,24.2,4075,35925
60000,52,53886.0,332,33.2,6114,53886
80000,52,71891.0,424,42.4,8109,71891
100000,52,89845.0,513,51.3,10155,89845
200000,52,179824.0,1028,102.8,20176,179824
400000,52,359730.0,2046,204.6,40270,359730
600000,52,539751.0,3016,301.6,60249,539751
800000,52,719627.0,4000,400.0,80373,719627
1000000,52,899772.0,4991,499.1,100228,899772
2,53,2.0,0,0.0,0,2
3,53,3.0,0,0.0,0,3
100,53,94.0,0,0.0,6,94
200,53,179.0,2,0.2,21,179
2000,53,1790.0,8,0.8,210,1790
10000,53,8971.0,41,4.1,1029,8971
20000,53,17951.0,89,8.9,2049,17951
40000,53,35928.0,185,18.5,4072,35928
60000,53,53925.0,289,28.9,6075,53925
80000,53,71949.0,371,37.1,8051,71949
100000,53,89957.0,472,47.2,10043,89957
200000,53,179983.0,991,99.1,20017,179983
400000,53,359838.0,2007,200.7,40162,359838
600000,53,539882.0,2948,294.8,60118,539882
800000,53,719671.0,3915,391.5,80329,719671
1000000,53,899632.0,4930,493.0,100368,899632
2,54,1.0,0,0.0,1,1
3,54,2.0,0,0.0,1,2
100,54,89.0,0,0.0,11,89
200,54,177.0,0,0.0,23,177
2000,54,1789.0,10,1.0,211,1789
10000,54,8975.0,43,4.3,1025,8975
20000,54,17942.0,96,9.6,2058,17942
40000,54,35948.0,215,21.5,4052,35948
60000,54,53988.0,306,30.6,6012,53988
80000,54,71995.0,409,40.9,8005,71995
100000,54,89967.0,520,52.0,10033,89967
200000,54,179925.0,1004,100.4,20075,179925
400000,54,360009.0,2028,202.8,39991,360009
600000,54,539917.0,3021,302.1,60083,539917
800000,54,719913.0,4057,405.7,80087,719913
1000000,54,899819.0,5051,505.1,100181,899819
2,55,2.0,0,0.0,0,2
3,55,3.0,0,0.0,0,3
100,55,94.0,6,0.6,6,94
200,55,181.0,8,0.8,19,181
2000,55,1787.0,18,1.8,213,1787
10000,55,9019.0,53,5.3,981,9019
20000,55,17987.0,106,10.6,2013,17987
40000,55,36004.0,201,20.1,3996,36004
60000,55,53986.0,308,30.8,6014,53986
80000,55,71918.0,396,39.6,8082,71918
100000,55,89886.0,498,49.8,10114,89886
200000,55,179792.0,949,94.9,20208,179792
400000,55,359421.0,1952,195.2,40579,359421
600000,55,539242.0,2942,294.2,60758,539242
800000,55,718979.0,4005,400.5,81021,718979
1000000,55,898894.0,5004,500.4,101106,898894
2,56,2.0,0,0.0,0,2
3,56,3.0,0,0.0,0,3
100,56,91.0,0,0.0,9,91
200,56,177.0,0,0.0,23,177
2000,56,1775.0,14,1.4,225,1775
10000,56,9010.0,57,5.7,990,9010
20000,56,18031.0,109,10.9,1969,18031
40000,56,35989.0,204,20.4,4011,35989
60000,56,54012.0,332,33.2,5988,54012
80000,56,71957.0,420,42.0,8043,71957
100000,56,89947.0,532,53.2,10053,89947
200000,56,179799.0,1030,103.0,20201,179799
400000,56,359875.0,2006,200.6,40125,359875
600000,56,539715.0,2960,296.0,60285,539715
800000,56,719156.0,3936,393.6,80844,719156
1000000,56,899281.0,4938,493.8,100719,899281
2,57,2.0,0,0.0,0,2
3,57,3.0,0,0.0,0,3
100,57,90.0,3,0.3,10,90
200,57,179.0,4,0.4,21,179
2000,57,1806.0,12,1.2,194,1806
10000,57,9027.0,48,4.8,973,9027
20000,57,17991.0,92,9.2,2009,17991
40000,57,35921.0,192,19.2,4079,35921
60000,57,53843.0,284,28.4,6157,53843
80000,57,71809.0,389,38.9,8191,71809
100000,57,89827.0,486,48.6,10173,89827
200000,57,179707.0,975,97.5,20293,179707
400000,57,359330.0,2000,200.0,40670,359330
600000,57,539366.0,3004,300.4,60634,539366
800000,57,719318.0,4011,401.1,80682,719318
1000000,57,899185.0,5010,501.0,100815,899185
2,58,2.0,0,0.0,0,2
3,58,3.0,0,0.0,0,3
100,58,88.0,27,2.7,12,88
200,58,177.0,65,6.5,23,177
2000,58,1794.0,75,7.5,206,1794
10000,58,8997.0,119,11.9,1003,8997
20000,58,18004.0,167,16.7,1996,18004
40000,58,35990.0,266,26.6,4010,35990
60000,58,54021.0,374,37.4,5979,54021
80000,58,72082.0,477,47.7,7918,72082
100000,58,90039.0,585,58.5,9961,90039
200000,58,180098.0,1082,108.2,19902,180098
400000,58,359966.0,2112,211.2,40034,359966
600000,58,540021.0,3092,309.2,59979,540021
800000,58,719683.0,4094,409.4,80317,719683
1000000,58,899415.0,5157,515.7,100585,899415
2,59,2.0,0,0.0,0,2
3,59,3.0,0,0.0,0,3
100,59,93.0,0,0.0,7,93
200,59,176.0,4,0.4,24,176
2000,59,1792.0,57,5.7,208,1792
10000,59,8953.0,111,11.1,1047,8953
20000,59,17967.0,160,16.0,2033,17967
40000,59,35968.0,256,25.6,4032,35968
60000,59,54017.0,354,35.4,5983,54017
80000,59,71995.0,474,47.4,8005,71995
100000,59,90028.0,581,58.1,9972,90028
200000,59,179987.0,1070,107.0,20013,179987
400000,59,359957.0,2081,208.1,40043,359957
600000,59,539619.0,3129,312.9,60381,539619
800000,59,719686.0,4145,414.5,80314,719686
1000000,59,899407.0,5118,511.8,100593,899407
2,60,2.0,0,0.0,0,2
3,60,3.0,0,0.0,0,3
100,60,92.0,0,0.0,8,92
200,60,186.0,0,0.0,14,186
2000,60,1783.0,27,2.7,217,1783
10000,60,9022.0,64,6.4,978,9022
20000,60,17989.0,113,11.3,2011,17989
40000,60,35985.0,233,23.3,4015,35985
60000,60,53953.0,331,33.1,6047,53953
80000,60,71907.0,431,43.1,8093,71907
100000,60,89831.0,519,51.9,10169,89831
200000,60,179792.0,980,98.0,20208,179792
400000,60,359651.0,1981,198.1,40349,359651
600000,60,539496.0,2999,299.9,60504,539496
800000,60,719211.0,4033,403.3,80789,719211
1000000,60,899230.0,5065,506.5,100770,899230
2,61,2.0,0,0.0,0,2
3,61,2.0,0,0.0,1,2
100,61,94.0,5,0.5,6,94
200,61,181.0,5,0.5,19,181
2000,61,1803.0,10,1.0,197,1803
10000,61,8991.0,59,5.9,1009,8991
20000,61,17972.0,122,12.2,2028,17972
40000,61,35845.0,236,23.6,4155,35845
60000,61,53824.0,328,32.8,6176,53824
80000,61,71806.0,416,41.6,8194,71806
100000,61,89823.0,530,53.0,10177,89823
200000,61,179616.0,1062,106.2,20384,179616
400000,61,359485.0,2060,206.0,40515,359485
600000,61,539270.0,3047,304.7,60730,539270
800000,61,719297.0,4025,402.5,80703,719297
1000000,61,899414.0,4976,497.6,100586,899414
2,62,2.0,0,0.0,0,2
3,62,3.0,0,0.0,0,3
100,62,94.0,5,0.5,6,94
200,62,181.0,7,0.7,19,181
2000,62,1778.0,14,1.4,222,1778
10000,62,8946.0,50,5.0,1054,8946
20000,62,17955.0,105,10.5,2045,17955
40000,62,35952.0,225,22.5,4048,35952
60000,62,54004.0,308,30.8,5996,54004
80000,62,71980.0,409,40.9,8020,71980
100000,62,90027.0,515,51.5,9973,90027
200000,62,179885.0,987,98.7,20115,179885
400000,62,359822.0,2027,202.7,40178,359822
600000,62,539595.0,3025,302.5,60405,539595
800000,62,719562.0,4035,403.5,80438,719562
1000000,62,899288.0,5020,502.0,100712,899288
2,63,2.0,0,0.0,0,2
3,63,3.0,0,0.0,0,3
100,63,93.0,0,0.0,7,93
200,63,187.0,0,0.0,13,187
2000,63,1793.0,13,1.3,207,1793
10000,63,9013.0,52,5.2,987,9013
20000,63,17996.0,98,9.8,2004,17996
40000,63,35960.0,206,20.6,4040,35960
60000,63,53953.0,317,31.7,6047,53953
80000,63,71955.0,400,40.0,8045,71955
100000,63,89891.0,484,48.4,10109,89891
200000,63,179905.0,969,96.9,20095,179905
400000,63,359863.0,1923,192.3,40137,359863
600000,63,539608.0,2922,292.2,60392,539608
800000,63,719430.0,3957,395.7,80570,719430
1000000,63,899415.0,4949,494.9,100585,899415
2,64,2.0,0,0.0,0,2
3,64,3.0,0,0.0,0,3
100,64,94.0,0,0.0,6,94
200,64,178.0,1,0.1,22,178
2000,64,1802.0,10,1.0,198,1802
10000,64,9021.0,52,5.2,979,9021
20000,64,18040.0,104,10.4,1960,18040
40000,64,35980.0,208,20.8,4020,35980
60000,64,53919.0,298,29.8,6081,53919
80000,64,71964.0,386,38.6,8036,71964
100000,64,89904.0,494,49.4,10096,89904
200000,64,179794.0,951,95.1,20206,179794
400000,64,359774.0,1947,194.7,40226,359774
600000,64,539577.0,3007,300.7,60423,539577
800000,64,719706.0,3981,398.1,80294,719706
1000000,64,899601.0,5000,500.0,100399,899601
2,65,2.0,0,0.0,0,2
3,65,3.0,0,0.0,0,3
100,65,89.0,0,0.0,11,89
200,65,175.0,0,0.0,25,175
2000,65,1790.0,5,0.5,210,1790
10000,65,8994.0,44,4.4,1006,8994
20000,65,18030.0,91,9.1,1970,18030
40000,65,36118.0,207,20.7,3882,36118
60000,65,54084.0,308,30.8,5916,54084
80000,65,72092.0,442,44.2,7908,72092
100000,65,90069.0,544,54.4,9931,90069
200000,65,180053.0,1020,102.0,19947,180053
400000,65,359941.0,1971,197.1,40059,359941
600000,65,539597.0,3055,305.5,60403,539597
800000,65,719656.0,4028,402.8,80344,719656
1000000,65,899469.0,5083,508.3,100531,899469
2,66,2.0,0,0.0,0,2
3,66,3.0,0,0.0,0,3
100,66,93.0,5,0.5,7,93
200,66,183.0,5,0.5,17,183
2000,66,1800.0,11,1.1,200,1800
10000,66,9017.0,46,4.6,983,9017
20000,66,17979.0,100,10.0,2021,17979
40000,66,35989.0,214,21.4,4011,35989
60000,66,54023.0,315,31.5,5977,54023
80000,66,72024.0,434,43.4,7976,72024
100000,66,90071.0,534,53.4,9929,90071
200000,66,179788.0,1051,105.1,20212,179788
400000,66,359850.0,2038,203.8,40150,359850
600000,66,539740.0,3063,306.3,60260,539740
800000,66,719587.0,4043,404.3,80413,719587
1000000,66,899517.0,5057,505.7,100483,899517
2,67,2.0,0,0.0,0,2
3,67,3.0,0,0.0,0,3
100,67,89.0,0,0.0,11,89
200,67,180.0,0,0.0,20,180
2000,67,1794.0,11,1.1,206,1794
10000,67,8993.0,54,5.4,1007,8993
20000,67,18004.0,101,10.1,1996,18004
40000,67,36005.0,206,20.6,3995,36005
60000,67,53987.0,283,28.3,6013,53987
80000,67,71970.0,367,36.7,8030,71970
100000,67,90053.0,463,46.3,9947,90053
200000,67,179911.0,969,96.9,20089,179911
400000,67,359912.0,1916,191.6,40088,359912
600000,67,539919.0,2896,289.6,60081,539919
800000,67,720041.0,3925,392.5,79959,720041
1000000,67,899747.0,4902,490.2,100253,899747
2,68,2.0,0,0.0,0,2
3,68,3.0,0,0.0,0,3
100,68,91.0,0,0.0,9,91
200,68,182.0,1,0.1,18,182
2000,68,1811.0,8,0.8,189,1811
10000,68,9044.0,42,4.2,956,9044
20000,68,18070.0,92,9.2,1930,18070
40000,68,36027.0,184,18.4,3973,36027
60000,68,54113.0,285,28.5,5887,54113
80000,68,71989.0,379,37.9,8011,71989
100000,68,89940.0,490,49.0,10060,89940
200000,68,180009.0,996,99.6,19991,180009
400000,68,359608.0,1967,196.7,40392,359608
600000,68,539473.0,2935,293.5,60527,539473
800000,68,719475.0,3898,389.8,80525,719475
1000000,68,899361.0,4899,489.9,100639,899361
2,69,2.0,0,0.0,0,2
3,69,3.0,0,0.0,0,3
100,69,88.0,0,0.0,12,88
200,69,179.0,0,0.0,21,179
2000,69,1794.0,5,0.5,206,1794
10000,69,8960.0,49,4.9,1040,8960
20000,69,17989.0,102,10.2,2011,17989
40000,69,35990.0,202,20.2,4010,35990
60000,69,53978.0,306,30.6,6022,53978
80000,69,71949.0,400,40.0,8051,71949
100000,69,89928.0,495,49.5,10072,89928
200000,69,179935.0,976,97.6,20065,179935
400000,69,359939.0,2009,200.9,40061,359939
600000,69,539847.0,3014,301.4,60153,539847
800000,69,719788.0,4000,400.0,80212,719788
1000000,69,899634.0,5017,501.7,100366,899634
2,70,1.0,0,0.0,1,1
3,70,2.0,0,0.0,1,2
100,70,89.0,0,0.0,11,89
200,70,180.0,0,0.0,20,180
2000,70,1809.0,14,1.4,191,1809
10000,70,8953.0,58,5.8,1047,8953
20000,70,17993.0,105,10.5,2007,17993
40000,70,36003.0,205,20.5,3997,36003
60000,70,53996.0,311,31.1,6004,53996
80000,70,72051.0,409,40.9,7949,72051
100000,70,90038.0,513,51.3,9962,90038
200000,70,179777.0,1012,101.2,20223,179777
400000,70,359613.0,2059,205.9,40387,359613
600000,70,539286.0,3090,309.0,60714,539286
800000,70,719118.0,4100,410.0,80882,719118
1000000,70,899165.0,5093,509.3,100835,899165
2,71,1.0,0,0.0,1,1
3,71,2.0,0,0.0,1,2
100,71,91.0,0,0.0,9,91
200,71,184.0,34,3.4,16,184
2000,71,1771.0,91,9.1,229,1771
10000,71,8958.0,138,13.8,1042,8958
20000,71,17910.0,181,18.1,2090,17910
40000,71,35885.0,287,28.7,4115,35885
60000,71,53831.0,388,38.8,6169,53831
80000,71,71837.0,485,48.5,8163,71837
100000,71,89778.0,587,58.7,10222,89778
200000,71,179616.0,1078,107.8,20384,179616
400000,71,359702.0,2084,208.4,40298,359702
600000,71,539531.0,3081,308.1,60469,539531
800000,71,719654.0,4076,407.6,80346,719654
1000000,71,899836.0,5100,510.0,100164,899836
2,72,2.0,0,0.0,0,2
3,72,3.0,0,0.0,0,3
100,72,95.0,8,0.8,5,95
200,72,186.0,8,0.8,14,186
2000,72,1823.0,21,2.1,177,1823
10000,72,9064.0,54,5.4,936,9064
20000,72,18049.0,112,11.2,1951,18049
40000,72,36069.0,210,21.0,3931,36069
60000,72,54053.0,304,30.4,5947,54053
80000,72,72114.0,399,39.9,7886,72114
100000,72,90056.0,508,50.8,9944,90056
200000,72,180066.0,1031,103.1,19934,180066
400000,72,359926.0,2003,200.3,40074,359926
600000,72,539932.0,3054,305.4,60068,539932
800000,72,719799.0,4061,406.1,80201,719799
1000000,72,899582.0,5013,501.3,100418,899582
2,73,2.0,0,0.0,0,2
3,73,3.0,0,0.0,0,3
100,73,93.0,0,0.0,7,93
200,73,182.0,2,0.2,18,182
2000,73,1794.0,11,1.1,206,1794
10000,73,9016.0,46,4.6,984,9016
20000,73,17990.0,82,8.2,2010,17990
40000,73,35983.0,178,17.8,4017,35983
60000,73,54002.0,281,28.1,5998,54002
80000,73,71974.0,367,36.7,8026,71974
100000,73,89973.0,456,45.6,10027,89973
200000,73,179746.0,946,94.6,20254,179746
400000,73,359677.0,1952,195.2,40323,359677
600000,73,539565.0,2901,290.1,60435,539565
800000,73,719412.0,3929,392.9,80588,719412
1000000,73,899318.0,4921,492.1,100682,899318
2,74,2.0,0,0.0,0,2
3,74,3.0,0,0.0,0,3
100,74,93.0,12,1.2,7,93
200,74,181.0,38,3.8,19,181
2000,74,1806.0,51,5.1,194,1806
10000,74,9010.0,106,10.6,990,9010
20000,74,17940.0,154,15.4,2060,17940
40000,74,35947.0,257,25.7,4053,35947
60000,74,53935.0,356,35.6,6065,53935
80000,74,71933.0,460,46.0,8067,71933
100000,74,89902.0,538,53.8,10098,89902
200000,74,179906.0,1036,103.6,20094,179906
400000,74,359845.0,1980,198.0,40155,359845
600000,74,539768.0,3020,302.0,60232,539768
800000,74,719564.0,4008,400.8,80436,719564
1000000,74,899434.0,4992,499.2,100566,899434
2,75,2.0,0,0.0,0,2
3,75,3.0,0,0.0,0,3
100,75,91.0,1,0.1,9,91
200,75,178.0,2,0.2,22,178
2000,75,1783.0,29,2.9,217,1783
10000,75,8999.0,64,6.4,1001,8999
20000,75,17974.0,114,11.4,2026,17974
40000,75,35978.0,233,23.3,4022,35978
60000,75,53944.0,352,35.2,6056,53944
80000,75,71990.0,464,46.4,8010,71990
100000,75,90069.0,570,57.0,9931,90069
200000,75,180015.0,1109,110.9,19985,180015
400000,75,359658.0,2030,203.0,40342,359658
600000,75,539725.0,3050,305.0,60275,539725
800000,75,719636.0,4044,404.4,80364,719636
1000000,75,899590.0,5116,511.6,100410,899590
2,76,2.0,0,0.0,0,2
3,76,3.0,0,0.0,0,3
100,76,91.0,0,0.0,9,91
200,76,179.0,3,0.3,21,179
2000,76,1773.0,8,0.8,227,1773
10000,76,8978.0,49,4.9,1022,8978
20000,76,17962.0,91,9.1,2038,17962
40000,76,35976.0,181,18.1,4024,35976
60000,76,53931.0,275,27.5,6069,53931
80000,76,71870.0,400,40.0,8130,71870
100000,76,89852.0,495,49.5,10148,89852
200000,76,179880.0,986,98.6,20120,179880
400000,76,359710.0,2035,203.5,40290,359710
600000,76,539815.0,3079,307.9,60185,539815
800000,76,719759.0,4114,411.4,80241,719759
1000000,76,899686.0,5110,511.0,100314,899686
2,77,1.0,0,0.0,1,1
3,77,2.0,0,0.0,1,2
100,77,85.0,0,0.0,15,85
200,77,179.0,0,0.0,21,179
2000,77,1808.0,18,1.8,192,1808
10000,77,9012.0,67,6.7,988,9012
20000,77,17997.0,117,11.7,2003,17997
40000,77,36014.0,198,19.8,3986,36014
60000,77,54016.0,287,28.7,5984,54016
80000,77,72020.0,392,39.2,7980,72020
100000,77,90052.0,489,48.9,9948,90052
200000,77,180161.0,999,99.9,19839,180161
400000,77,360130.0,1977,197.7,39870,360130
600000,77,539906.0,2988,298.8,60094,539906
800000,77,719973.0,4004,400.4,80027,719973
1000000,77,899953.0,4960,496.0,100047,899953
2,78,1.0,0,0.0,1,1
3,78,2.0,0,0.0,1,2
100,78,93.0,0,0.0,7,93
200,78,181.0,4,0.4,19,181
2000,78,1798.0,12,1.2,202,1798
10000,78,9028.0,65,6.5,972,9028
20000,78,18040.0,107,10.7,1960,18040
40000,78,36046.0,205,20.5,3954,36046
60000,78,54134.0,295,29.5,5866,54134
80000,78,72077.0,387,38.7,7923,72077
100000,78,90024.0,496,49.6,9976,90024
200000,78,180019.0,966,96.6,19981,180019
400000,78,359941.0,1971,197.1,40059,359941
600000,78,539653.0,2975,297.5,60347,539653
800000,78,719422.0,3954,395.4,80578,719422
1000000,78,899228.0,4918,491.8,100772,899228
2,79,2.0,0,0.0,0,2
3,79,3.0,0,0.0,0,3
100,79,87.0,3,0.3,13,87
200,79,182.0,5,0.5,18,182
2000,79,1774.0,16,1.6,226,1774
10000,79,8975.0,74,7.4,1025,8975
20000,79,17922.0,120,12.0,2078,17922
40000,79,35899.0,216,21.6,4101,35899
60000,79,53911.0,321,32.1,6089,53911
80000,79,71959.0,444,44.4,8041,71959
100000,79,89935.0,552,55.2,10065,89935
200000,79,179931.0,1064,106.4,20069,179931
400000,79,359939.0,2099,209.9,40061,359939
600000,79,539776.0,3027,302.7,60224,539776
800000,79,719647.0,4010,401.0,80353,719647
1000000,79,899422.0,5043,504.3,100578,899422
2,80,2.0,0,0.0,0,2
3,80,3.0,0,0.0,0,3
100,80,91.0,0,0.0,9,91
200,80,185.0,0,0.0,15,185
2000,80,1807.0,18,1.8,193,1807
10000,80,8964.0,56,5.6,1036,8964
20000,80,17966.0,107,10.7,2034,17966
40000,80,35902.0,211,21.1,4098,35902
60000,80,53956.0,307,30.7,6044,53956
80000,80,71868.0,391,39.1,8132,71868
100000,80,89856.0,488,48.8,10144,89856
200000,80,179833.0,995,99.5,20167,179833
400000,80,359835.0,1977,197.7,40165,359835
600000,80,539571.0,2956,295.6,60429,539571
800000,80,719487.0,3962,396.2,80513,719487
1000000,80,899222.0,4949,494.9,100778,899222
2,81,1.0,0,0.0,1,1
3,81,2.0,0,0.0,1,2
100,81,85.0,4,0.4,15,85
200,81,177.0,4,0.4,23,177
2000,81,1792.0,10,1.0,208,1792
10000,81,8978.0,50,5.0,1022,8978
20000,81,17906.0,96,9.6,2094,17906
40000,81,35901.0,198,19.8,4099,35901
60000,81,53897.0,280,28.0,6103,53897
80000,81,71982.0,375,37.5,8018,71982
100000,81,89965.0,482,48.2,10035,89965
200000,81,180016.0,972,97.2,19984,180016
400000,81,360013.0,1912,191.2,39987,360013
600000,81,540000.0,2958,295.8,60000,540000
800000,81,719789.0,3933,393.3,80211,719789
1000000,81,899727.0,4939,493.9,100273,899727
2,82,2.0,0,0.0,0,2
3,82,3.0,0,0.0,0,3
100,82,90.0,1,0.1,10,90
200,82,179.0,2,0.2,21,179
2000,82,1817.0,13,1.3,183,1817
10000,82,9030.0,57,5.7,970,9030
20000,82,18032.0,127,12.7,1968,18032
40000,82,36037.0,230,23.0,3963,36037
60000,82,54027.0,317,31.7,5973,54027
80000,82,72079.0,415,41.5,7921,72079
100000,82,90170.0,516,51.6,9830,90170
200000,82,180059.0,1030,103.0,19941,180059
400000,82,360020.0,2025,202.5,39980,360020
600000,82,539833.0,2960,296.0,60167,539833
800000,82,719590.0,3927,392.7,80410,719590
1000000,82,899743.0,4974,497.4,100257,899743
2,83,2.0,0,0.0,0,2
3,83,3.0,0,0.0,0,3
100,83,89.0,1,0.1,11,89
200,83,184.0,1,0.1,16,184
2000,83,1814.0,10,1.0,186,1814
10000,83,9026.0,61,6.1,974,9026
20000,83,18041.0,114,11.4,1959,18041
40000,83,36020.0,218,21.8,3980,36020
60000,83,53941.0,313,31.3,6059,53941
80000,83,71933.0,411,41.1,8067,71933
100000,83,90014.0,510,51.0,9986,90014
200000,83,180026.0,1023,102.3,19974,180026
400000,83,359917.0,2022,202.2,40083,359917
600000,83,539691.0,3049,304.9,60309,539691
800000,83,719821.0,4032,403.2,80179,719821
1000000,83,899843.0,5005,500.5,100157,899843
2,84,2.0,0,0.0,0,2
3,84,3.0,0,0.0,0,3
100,84,91.0,2,0.2,9,91
200,84,182.0,5,0.5,18,182
2000,84,1789.0,15,1.5,211,1789
10000,84,8982.0,57,5.7,1018,8982
20000,84,17963.0,110,11.0,2037,17963
40000,84,35929.0,193,19.3,4071,35929
60000,84,53907.0,305,30.5,6093,53907
80000,84,71930.0,404,40.4,8070,71930
100000,84,89914.0,513,51.3,10086,89914
200000,84,179802.0,1043,104.3,20198,179802
400000,84,359664.0,2005,200.5,40336,359664
600000,84,539672.0,2974,297.4,60328,539672
800000,84,719636.0,3972,397.2,80364,719636
1000000,84,899565.0,4970,497.0,100435,899565
2,85,2.0,0,0.0,0,2
3,85,2.0,0,0.0,1,2
100,85,89.0,5,0.5,11,89
200,85,179.0,5,0.5,21,179
2000,85,1810.0,39,3.9,190,1810
10000,85,9026.0,77,7.7,974,9026
20000,85,17977.0,120,12.0,2023,17977
40000,85,35957.0,228,22.8,4043,35957
60000,85,53955.0,317,31.7,6045,53955
80000,85,71872.0,438,43.8,8128,71872
100000,85,89899.0,528,52.8,10101,89899
200000,85,179691.0,1026,102.6,20309,179691
400000,85,359679.0,2042,204.2,40321,359679
600000,85,539397.0,3002,300.2,60603,539397
800000,85,719195.0,4022,402.2,80805,719195
1000000,85,898963.0,5021,502.1,101037,898963
2,86,1.0,0,0.0,1,1
3,86,2.0,0,0.0,1,2
100,86,94.0,0,0.0,6,94
200,86,189.0,0,0.0,11,189
2000,86,1797.0,17,1.7,203,1797
10000,86,8970.0,56,5.6,1030,8970
20000,86,17983.0,99,9.9,2017,17983
40000,86,35984.0,206,20.6,4016,35984
60000,86,53968.0,307,30.7,6032,53968
80000,86,71962.0,423,42.3,8038,71962
100000,86,89916.0,511,51.1,10084,89916
200000,86,179967.0,1010,101.0,20033,179967
400000,86,359941.0,2018,201.8,40059,359941
600000,86,540058.0,2975,297.5,59942,540058
800000,86,719832.0,3957,395.7,80168,719832
1000000,86,899500.0,4950,495.0,100500,899500
2,87,2.0,0,0.0,0,2
3,87,3.0,0,0.0,0,3
100,87,91.0,0,0.0,9,91
200,87,177.0,4,0.4,23,177
2000,87,1778.0,46,4.6,222,1778
10000,87,8951.0,82,8.2,1049,8951
20000,87,17984.0,130,13.0,2016,17984
40000,87,35884.0,239,23.9,4116,35884
60000,87,53854.0,350,35.0,6146,53854
80000,87,71846.0,445,44.5,8154,71846
100000,87,89865.0,536,53.6,10135,89865
200000,87,179790.0,1048,104.8,20210,179790
400000,87,359627.0,2098,209.8,40373,359627
600000,87,539503.0,3038,303.8,60497,539503
800000,87,719384.0,4026,402.6,80616,719384
1000000,87,899156.0,4987,498.7,100844,899156
2,88,2.0,0,0.0,0,2
3,88,3.0,0,0.0,0,3
100,88,88.0,0,0.0,12,88
200,88,182.0,0,0.0,18,182
2000,88,1814.0,10,1.0,186,1814
10000,88,9018.0,41,4.1,982,9018
20000,88,17982.0,89,8.9,2018,17982
40000,88,35997.0,178,17.8,4003,35997
60000,88,53991.0,270,27.0,6009,53991
80000,88,71989.0,375,37.5,8011,71989
100000,88,89938.0,478,47.8,10062,89938
200000,88,179853.0,963,96.3,20147,179853
400000,88,359904.0,1993,199.3,40096,359904
600000,88,539736.0,2979,297.9,60264,539736
800000,88,719766.0,3973,397.3,80234,719766
1000000,88,899611.0,4976,497.6,100389,899611
2,89,2.0,0,0.0,0,2
3,89,3.0,0,0.0,0,3
100,89,91.0,0,0.0,9,91
200,89,178.0,0,0.0,22,178
2000,89,1804.0,11,1.1,196,1804
10000,89,9001.0,55,5.5,999,9001
20000,89,18031.0,99,9.9,1969,18031
40000,89,36016.0,192,19.2,3984,36016
60000,89,54001.0,309,30.9,5999,54001
80000,89,72059.0,429,42.9,7941,72059
100000,89,90031.0,534,53.4,9969,90031
200000,89,180038.0,1052,105.2,19962,180038
400000,89,359962.0,2052,205.2,40038,359962
600000,89,539572.0,3094,309.4,60428,539572
800000,89,719308.0,4140,414.0,80692,719308
1000000,89,899345.0,5134,513.4,100655,899345
2,90,1.0,0,0.0,1,1
3,90,1.0,0,0.0,2,1
100,90,88.0,0,0.0,12,88
200,90,182.0,2,0.2,18,182
2000,90,1801.0,11,1.1,199,1801
10000,90,8972.0,54,5.4,1028,8972
20000,90,17914.0,106,10.6,2086,17914
40000,90,35864.0,209,20.9,4136,35864
60000,90,53819.0,299,29.9,6181,53819
80000,90,71824.0,398,39.8,8176,71824
100000,90,89815.0,506,50.6,10185,89815
200000,90,179759.0,976,97.6,20241,179759
400000,90,359649.0,1910,191.0,40351,359649
600000,90,539283.0,2903,290.3,60717,539283
800000,90,719132.0,3921,392.1,80868,719132
1000000,90,898859.0,4929,492.9,101141,898859
2,91,2.0,0,0.0,0,2
3,91,3.0,0,0.0,0,3
100,91,95.0,0,0.0,5,95
200,91,187.0,0,0.0,13,187
2000,91,1818.0,12,1.2,182,1818
10000,91,8935.0,49,4.9,1065,8935
20000,91,17968.0,93,9.3,2032,17968
40000,91,35935.0,198,19.8,4065,35935
60000,91,53861.0,293,29.3,6139,53861
80000,91,71824.0,400,40.0,8176,71824
100000,91,89729.0,496,49.6,10271,89729
200000,91,179788.0,970,97.0,20212,179788
400000,91,359713.0,1934,193.4,40287,359713
600000,91,539450.0,2936,293.6,60550,539450
800000,91,719519.0,3933,393.3,80481,719519
1000000,91,899344.0,4966,496.6,100656,899344
2,92,2.0,0,0.0,0,2
3,92,3.0,0,0.0,0,3
100,92,90.0,0,0.0,10,90
200,92,180.0,2,0.2,20,180
2000,92,1757.0,12,1.2,243,1757
10000,92,8972.0,51,5.1,1028,8972
20000,92,18012.0,96,9.6,1988,18012
40000,92,35985.0,195,19.5,4015,35985
60000,92,54052.0,290,29.0,5948,54052
80000,92,71991.0,385,38.5,8009,71991
100000,92,89982.0,470,47.0,10018,89982
200000,92,180085.0,973,97.3,19915,180085
400000,92,360007.0,1981,198.1,39993,360007
600000,92,539843.0,2962,296.2,60157,539843
800000,92,719713.0,4039,403.9,80287,719713
1000000,92,899538.0,5012,501.2,100462,899538
2,93,2.0,0,0.0,0,2
3,93,3.0,0,0.0,0,3
100,93,85.0,3,0.3,15,85
200,93,176.0,4,0.4,24,176
2000,93,1795.0,14,1.4,205,1795
10000,93,8951.0,66,6.6,1049,8951
20000,93,18021.0,120,12.0,1979,18021
40000,93,35987.0,210,21.0,4013,35987
60000,93,53882.0,319,31.9,6118,53882
80000,93,71816.0,420,42.0,8184,71816
100000,93,89758.0,523,52.3,10242,89758
200000,93,179738.0,1024,102.4,20262,179738
400000,93,359825.0,2040,204.0,40175,359825
600000,93,539778.0,3023,302.3,60222,539778
800000,93,719597.0,4012,401.2,80403,719597
1000000,93,899459.0,4998,499.8,100541,899459
2,94,2.0,0,0.0,0,2
3,94,3.0,0,0.0,0,3
100,94,88.0,3,0.3,12,88
200,94,179.0,3,0.3,21,179
2000,94,1818.0,12,1.2,182,1818
10000,94,9040.0,44,4.4,960,9040
20000,94,18082.0,88,8.8,1918,18082
40000,94,36110.0,199,19.9,3890,36110
60000,94,54168.0,283,28.3,5832,54168
80000,94,72137.0,376,37.6,7863,72137
100000,94,90129.0,480,48.0,9871,90129
200000,94,180121.0,985,98.5,19879,180121
400000,94,360087.0,1968,196.8,39913,360087
600000,94,539962.0,3041,304.1,60038,539962
800000,94,719914.0,4035,403.5,80086,719914
1000000,94,899811.0,5034,503.4,100189,899811
2,95,2.0,0,0.0,0,2
3,95,2.0,0,0.0,1,2
100,95,88.0,0,0.0,12,88
200,95,175.0,0,0.0,25,175
2000,95,1797.0,8,0.8,203,1797
10000,95,9021.0,43,4.3,979,9021
20000,95,18014.0,103,10.3,1986,18014
40000,95,35953.0,218,21.8,4047,35953
60000,95,53920.0,309,30.9,6080,53920
80000,95,71953.0,415,41.5,8047,71953
100000,95,89954.0,528,52.8,10046,89954
200000,95,179838.0,1009,100.9,20162,179838
400000,95,359794.0,2001,200.1,40206,359794
600000,95,539583.0,3033,303.3,60417,539583
800000,95,719637.0,4051,405.1,80363,719637
1000000,95,899734.0,4939,493.9,100266,899734
2,96,2.0,0,0.0,0,2
3,96,2.0,0,0.0,1,2
100,96,87.0,0,0.0,13,87
200,96,180.0,0,0.0,20,180
2000,96,1793.0,9,0.9,207,1793
10000,96,8957.0,47,4.7,1043,8957
20000,96,17931.0,95,9.5,2069,17931
40000,96,35833.0,177,17.7,4167,35833
60000,96,53836.0,254,25.4,6164,53836
80000,96,71819.0,334,33.4,8181,71819
100000,96,89770.0,449,44.9,10230,89770
200000,96,179875.0,982,98.2,20125,179875
400000,96,359766.0,1955,195.5,40234,359766
600000,96,539615.0,2991,299.1,60385,539615
800000,96,719387.0,3973,397.3,80613,719387
1000000,96,898956.0,4969,496.9,101044,898956
2,97,2.0,0,0.0,0,2
3,97,3.0,0,0.0,0,3
100,97,87.0,0,0.0,13,87
200,97,178.0,4,0.4,22,178
2000,97,1817.0,11,1.1,183,1817
10000,97,8985.0,56,5.6,1015,8985
20000,97,17990.0,109,10.9,2010,17990
40000,97,35895.0,224,22.4,4105,35895
60000,97,53860.0,336,33.6,6140,53860
80000,97,71808.0,437,43.7,8192,71808
100000,97,89771.0,553,55.3,10229,89771
200000,97,179692.0,1052,105.2,20308,179692
400000,97,359711.0,2022,202.2,40289,359711
600000,97,539281.0,3032,303.2,60719,539281
800000,97,719179.0,4008,400.8,80821,719179
1000000,97,898858.0,5058,505.8,101142,898858
2,98,2.0,0,0.0,0,2
3,98,3.0,0,0.0,0,3
100,98,92.0,0,0.0,8,92
200,98,182.0,0,0.0,18,182
2000,98,1807.0,9,0.9,193,1807
10000,98,8965.0,45,4.5,1035,8965
20000,98,17950.0,104,10.4,2050,17950
40000,98,35946.0,195,19.5,4054,35946
60000,98,53954.0,288,28.8,6046,53954
80000,98,71973.0,396,39.6,8027,71973
100000,98,90063.0,476,47.6,9937,90063
200000,98,179900.0,992,99.2,20100,179900
400000,98,359644.0,2010,201.0,40356,359644
600000,98,539353.0,3011,301.1,60647,539353
800000,98,719350.0,4065,406.5,80650,719350
1000000,98,899357.0,5142,514.2,100643,899357
2,99,2.0,0,0.0,0,2
3,99,3.0,0,0.0,0,3
100,99,92.0,0,0.0,8,92
200,99,179.0,0,0.0,21,179
2000,99,1794.0,25,2.5,206,1794
10000,99,8992.0,50,5.0,1008,8992
20000,99,17949.0,101,10.1,2051,17949
40000,99,35931.0,203,20.3,4069,35931
60000,99,53908.0,311,31.1,6092,53908
80000,99,71965.0,421,42.1,8035,71965
100000,99,89949.0,504,50.4,10051,89949
200000,99,179825.0,1034,103.4,20175,179825
400000,99,359750.0,2033,203.3,40250,359750
600000,99,539609.0,3066,306.6,60391,539609
800000,99,719661.0,4076,407.6,80339,719661
1000000,99,899489.0,5108,510.8,100511,899489
2,100,2.0,0,0.0,0,2
3,100,3.0,0,0.0,0,3
100,100,88.0,0,0.0,12,88
200,100,175.0,2,0.2,25,175
2000,100,1781.0,10,1.0,219,1781
10000,100,8972.0,48,4.8,1028,8972
20000,100,17948.0,96,9.6,2052,17948
40000,100,35956.0,196,19.6,4044,35956
60000,100,53970.0,300,30.0,6030,53970
80000,100,71957.0,411,41.1,8043,71957
100000,100,90004.0,512,51.2,9996,90004
200000,100,180018.0,979,97.9,19982,180018
400000,100,359977.0,1967,196.7,40023,359977
600000,100,539974.0,2955,295.5,60026,539974
800000,100,719797.0,3964,396.4,80203,719797
1000000,100,899711.0,4958,495.8,100289,899711
