Timestep,Iteration,Total Reward,Suboptimal Arms,Total Regret,Zeros Count,Ones Count
2,1,2.0,2,0.01,0,2
3,1,3.0,3,0.02,0,3
100,1,93.0,28,0.14,7,93
200,1,183.0,91,0.46,17,183
2000,1,1788.0,126,0.63,212,1788
10000,1,8964.0,6196,30.98,1036,8964
20000,1,17941.0,7508,37.54,2059,17941
40000,1,35946.0,7664,38.32,4054,35946
60000,1,53972.0,7814,39.07,6028,53972
80000,1,71952.0,8137,40.69,8048,71952
100000,1,89958.0,8258,41.29,10042,89958
200000,1,179914.0,8918,44.59,20086,179914
400000,1,359900.0,10586,52.93,40100,359900
600000,1,539886.0,12760,63.8,60114,539886
800000,1,720021.0,14326,71.63,79979,720021
1000000,1,900131.0,15598,77.99,99869,900131
2,2,2.0,2,0.01,0,2
3,2,3.0,3,0.02,0,3
100,2,94.0,92,0.46,6,94
200,2,181.0,192,0.96,19,181
2000,2,1806.0,1988,9.94,194,1806
10000,2,8988.0,9963,49.82,1012,8988
20000,2,17923.0,19909,99.54,2077,17923
40000,2,35792.0,39840,199.2,4208,35792
60000,2,53622.0,59741,298.7,6378,53622
80000,2,71536.0,78731,393.65,8464,71536
100000,2,89415.0,98668,493.34,10585,89415
200000,2,178929.0,198308,991.54,21071,178929
400000,2,357897.0,397638,1988.19,42103,357897
600000,2,536607.0,596966,2984.83,63393,536607
800000,2,715812.0,796264,3981.32,84188,715812
1000000,2,894788.0,995448,4977.24,105212,894788
2,3,2.0,2,0.01,0,2
3,3,3.0,3,0.02,0,3
100,3,95.0,100,0.5,5,95
200,3,187.0,114,0.57,13,187
2000,3,1782.0,1550,7.75,218,1782
10000,3,8906.0,9525,47.63,1094,8906
20000,3,17909.0,19497,97.48,2091,17909
40000,3,35730.0,39440,197.2,4270,35730
60000,3,53632.0,59383,296.91,6368,53632
80000,3,71521.0,79332,396.66,8479,71521
100000,3,89390.0,99265,496.32,10610,89390
200000,3,178893.0,198940,994.7,21107,178893
400000,3,357868.0,398266,1991.33,42132,357868
600000,3,536986.0,597594,2987.97,63014,536986
800000,3,715861.0,796931,3984.66,84139,715861
1000000,3,894625.0,996157,4980.79,105375,894625
2,4,2.0,2,0.01,0,2
3,4,3.0,3,0.02,0,3
100,4,93.0,97,0.49,7,93
200,4,182.0,197,0.99,18,182
2000,4,1773.0,1993,9.97,227,1773
10000,4,8942.0,9871,49.36,1058,8942
20000,4,17900.0,19686,98.43,2100,17900
40000,4,35896.0,39604,198.02,4104,35896
60000,4,53811.0,59527,297.63,6189,53811
80000,4,71649.0,79458,397.29,8351,71649
100000,4,89560.0,99358,496.79,10440,89560
200000,4,179094.0,199042,995.21,20906,179094
400000,4,358407.0,302829,1514.15,41593,358407
600000,4,538231.0,304176,1520.88,61769,538231
800000,4,718258.0,305535,1527.68,81742,718258
1000000,4,898344.0,306864,1534.32,101656,898344
2,5,2.0,2,0.01,0,2
3,5,3.0,3,0.02,0,3
100,5,90.0,100,0.5,10,90
200,5,184.0,200,1.0,16,184
2000,5,1793.0,1946,9.73,207,1793
10000,5,8934.0,9796,48.98,1066,8934
20000,5,17867.0,19767,98.83,2133,17867
40000,5,35729.0,39707,198.53,4271,35729
60000,5,53615.0,59632,298.16,6385,53615
80000,5,71498.0,79574,397.87,8502,71498
100000,5,89419.0,99498,497.49,10581,89419
200000,5,178812.0,199178,995.89,21188,178812
400000,5,357850.0,398516,1992.58,42150,357850
600000,5,536936.0,596020,2980.1,63064,536936
800000,5,716931.0,615601,3078.01,83069,716931
1000000,5,896917.0,616985,3084.93,103083,896917
2,6,1.0,2,0.01,1,1
3,6,2.0,3,0.02,1,2
100,6,88.0,100,0.5,12,88
200,6,178.0,200,1.0,22,178
2000,6,1779.0,1993,9.97,221,1779
10000,6,8910.0,9968,49.84,1090,8910
20000,6,17865.0,19933,99.66,2135,17865
40000,6,35734.0,39863,199.31,4266,35734
60000,6,53648.0,59797,298.98,6352,53648
80000,6,71496.0,79713,398.56,8504,71496
100000,6,89421.0,99640,498.2,10579,89421
200000,6,179414.0,130834,654.17,20586,179414
400000,6,359465.0,132171,660.85,40535,359465
600000,6,539292.0,133488,667.44,60708,539292
800000,6,719397.0,134820,674.1,80603,719397
1000000,6,899209.0,136209,681.04,100791,899209
2,7,2.0,2,0.01,0,2
3,7,3.0,3,0.02,0,3
100,7,95.0,97,0.49,5,95
200,7,185.0,163,0.82,15,185
2000,7,1777.0,1948,9.74,223,1777
10000,7,8924.0,9925,49.63,1076,8924
20000,7,17838.0,19892,99.46,2162,17838
40000,7,35766.0,39657,198.28,4234,35766
60000,7,53719.0,59542,297.71,6281,53719
80000,7,71596.0,79468,397.34,8404,71596
100000,7,89571.0,87896,439.48,10429,89571
200000,7,179478.0,88510,442.55,20522,179478
400000,7,359284.0,89796,448.98,40716,359284
600000,7,539492.0,91135,455.67,60508,539492
800000,7,719512.0,92488,462.44,80488,719512
1000000,7,899312.0,93805,469.02,100688,899312
2,8,1.0,2,0.01,1,1
3,8,2.0,3,0.02,1,2
100,8,89.0,95,0.48,11,89
200,8,181.0,195,0.98,19,181
2000,8,1799.0,1990,9.95,201,1799
10000,8,8975.0,9962,49.81,1025,8975
20000,8,17882.0,19933,99.66,2118,17882
40000,8,35935.0,24850,124.25,4065,35935
60000,8,53855.0,24968,124.84,6145,53855
80000,8,71855.0,25082,125.41,8145,71855
100000,8,89955.0,25226,126.13,10045,89955
200000,8,180127.0,25922,129.61,19873,180127
400000,8,360119.0,27254,136.27,39881,360119
600000,8,540171.0,28532,142.66,59829,540171
800000,8,720045.0,29832,149.16,79955,720045
1000000,8,900018.0,31198,155.99,99982,900018
2,9,2.0,2,0.01,0,2
3,9,3.0,3,0.02,0,3
100,9,86.0,100,0.5,14,86
200,9,176.0,197,0.99,24,176
2000,9,1785.0,1992,9.96,215,1785
10000,9,8970.0,9651,48.26,1030,8970
20000,9,17936.0,19619,98.09,2064,17936
40000,9,35848.0,39559,197.79,4152,35848
60000,9,53760.0,59493,297.46,6240,53760
80000,9,71668.0,79443,397.21,8332,71668
100000,9,89559.0,99378,496.89,10441,89559
200000,9,179125.0,199047,995.23,20875,179125
400000,9,358223.0,398337,1991.69,41777,358223
600000,9,537039.0,597629,2988.15,62961,537039
800000,9,716305.0,745766,3728.83,83695,716305
1000000,9,896232.0,747059,3735.3,103768,896232
2,10,2.0,2,0.01,0,2
3,10,3.0,3,0.02,0,3
100,10,87.0,100,0.5,13,87
200,10,179.0,181,0.91,21,179
2000,10,1793.0,1976,9.88,207,1793
10000,10,8930.0,9954,49.77,1070,8930
20000,10,17885.0,19926,99.63,2115,17885
40000,10,35751.0,39864,199.32,4249,35751
60000,10,53724.0,59796,298.98,6276,53724
80000,10,71599.0,79722,398.61,8401,71599
100000,10,89603.0,99656,498.28,10397,89603
200000,10,179087.0,198800,994.0,20913,179087
400000,10,358846.0,297102,1485.51,41154,358846
600000,10,538895.0,298513,1492.57,61105,538895
800000,10,718747.0,299842,1499.21,81253,718747
1000000,10,898648.0,301097,1505.49,101352,898648
2,11,2.0,2,0.01,0,2
3,11,3.0,3,0.02,0,3
100,11,95.0,87,0.44,5,95
200,11,178.0,162,0.81,22,178
2000,11,1783.0,207,1.04,217,1783
10000,11,8959.0,258,1.29,1041,8959
20000,11,17969.0,405,2.02,2031,17969
40000,11,35909.0,1533,7.66,4091,35909
60000,11,53832.0,2463,12.32,6168,53832
80000,11,71885.0,2603,13.02,8115,71885
100000,11,89907.0,2733,13.67,10093,89907
200000,11,179834.0,3404,17.02,20166,179834
400000,11,359808.0,4759,23.79,40192,359808
600000,11,539925.0,6149,30.74,60075,539925
800000,11,719880.0,7493,37.47,80120,719880
1000000,11,899938.0,8781,43.91,100062,899938
2,12,2.0,2,0.01,0,2
3,12,3.0,3,0.02,0,3
100,12,90.0,100,0.5,10,90
200,12,178.0,192,0.96,22,178
2000,12,1795.0,758,3.79,205,1795
10000,12,8954.0,855,4.27,1046,8954
20000,12,17916.0,958,4.79,2084,17916
40000,12,35840.0,1083,5.41,4160,35840
60000,12,53854.0,1228,6.14,6146,53854
80000,12,71781.0,1361,6.8,8219,71781
100000,12,89742.0,1489,7.44,10258,89742
200000,12,179786.0,2188,10.94,20214,179786
400000,12,359670.0,3478,17.39,40330,359670
600000,12,539719.0,4860,24.3,60281,539719
800000,12,719549.0,6182,30.91,80451,719549
1000000,12,899588.0,7505,37.53,100412,899588
2,13,1.0,2,0.01,1,1
3,13,2.0,3,0.02,1,2
100,13,88.0,100,0.5,12,88
200,13,180.0,200,1.0,20,180
2000,13,1783.0,1993,9.97,217,1783
10000,13,8960.0,9957,49.79,1040,8960
20000,13,17883.0,19218,96.09,2117,17883
40000,13,35836.0,39106,195.53,4164,35836
60000,13,53727.0,59035,295.17,6273,53727
80000,13,71669.0,78975,394.87,8331,71669
100000,13,89575.0,98905,494.52,10425,89575
200000,13,178977.0,198568,992.84,21023,178977
400000,13,358022.0,397810,1989.05,41978,358022
600000,13,537155.0,596804,2984.02,62845,537155
800000,13,716252.0,794963,3974.82,83748,716252
1000000,13,895106.0,994153,4970.77,104894,895106
2,14,2.0,2,0.01,0,2
3,14,3.0,3,0.02,0,3
100,14,92.0,100,0.5,8,92
200,14,178.0,200,1.0,22,178
2000,14,1766.0,1988,9.94,234,1766
10000,14,8974.0,7681,38.41,1026,8974
20000,14,18075.0,7747,38.74,1925,18075
40000,14,36095.0,7872,39.36,3905,36095
60000,14,54080.0,8013,40.07,5920,54080
80000,14,72114.0,8161,40.81,7886,72114
100000,14,90060.0,8283,41.42,9940,90060
200000,14,180223.0,8980,44.9,19777,180223
400000,14,360230.0,10292,51.46,39770,360230
600000,14,540146.0,11677,58.39,59854,540146
800000,14,720172.0,13004,65.02,79828,720172
1000000,14,900186.0,14313,71.57,99814,900186
2,15,2.0,2,0.01,0,2
3,15,3.0,3,0.02,0,3
100,15,87.0,100,0.5,13,87
200,15,175.0,200,1.0,25,175
2000,15,1779.0,1994,9.97,221,1779
10000,15,8917.0,9974,49.87,1083,8917
20000,15,17890.0,19935,99.67,2110,17890
40000,15,35781.0,39875,199.37,4219,35781
60000,15,53598.0,59811,299.05,6402,53598
80000,15,71535.0,79750,398.75,8465,71535
100000,15,89386.0,99653,498.26,10614,89386
200000,15,179286.0,143084,715.42,20714,179286
400000,15,359049.0,144388,721.94,40951,359049
600000,15,539079.0,145739,728.69,60921,539079
800000,15,719125.0,147043,735.21,80875,719125
1000000,15,899154.0,148430,742.15,100846,899154
2,16,2.0,2,0.01,0,2
3,16,2.0,3,0.02,1,2
100,16,90.0,100,0.5,10,90
200,16,177.0,200,1.0,23,177
2000,16,1803.0,1908,9.54,197,1803
10000,16,8978.0,9877,49.39,1022,8978
20000,16,17889.0,19789,98.94,2111,17889
40000,16,35776.0,28340,141.7,4224,35776
60000,16,53608.0,46522,232.61,6392,53608
80000,16,71553.0,46657,233.28,8447,71553
100000,16,89572.0,46779,233.89,10428,89572
200000,16,179468.0,47458,237.29,20532,179468
400000,16,359305.0,49120,245.6,40695,359305
600000,16,539535.0,51204,256.02,60465,539535
800000,16,719635.0,52537,262.68,80365,719635
1000000,16,899478.0,53903,269.51,100522,899478
2,17,2.0,2,0.01,0,2
3,17,3.0,3,0.02,0,3
100,17,93.0,70,0.35,7,93
200,17,179.0,72,0.36,21,179
2000,17,1795.0,108,0.54,205,1795
10000,17,9018.0,4420,22.1,982,9018
20000,17,17987.0,8535,42.68,2013,17987
40000,17,36048.0,8655,43.28,3952,36048
60000,17,54047.0,8789,43.95,5953,54047
80000,17,72013.0,8929,44.65,7987,72013
100000,17,90063.0,13079,65.4,9937,90063
200000,17,180051.0,15860,79.3,19949,180051
400000,17,359954.0,17905,89.52,40046,359954
600000,17,539830.0,20688,103.44,60170,539830
800000,17,719771.0,23499,117.49,80229,719771
1000000,17,899725.0,24833,124.16,100275,899725
2,18,2.0,2,0.01,0,2
3,18,3.0,3,0.02,0,3
100,18,95.0,45,0.23,5,95
200,18,184.0,53,0.27,16,184
2000,18,1805.0,77,0.39,195,1805
10000,18,8984.0,187,0.94,1016,8984
20000,18,17973.0,246,1.23,2027,17973
40000,18,35928.0,400,2.0,4072,35928
60000,18,53868.0,526,2.63,6132,53868
80000,18,71905.0,649,3.24,8095,71905
100000,18,89922.0,1017,5.08,10078,89922
200000,18,179905.0,1693,8.46,20095,179905
400000,18,359740.0,3086,15.43,40260,359740
600000,18,539894.0,4418,22.09,60106,539894
800000,18,719836.0,5680,28.4,80164,719836
1000000,18,899764.0,7070,35.35,100236,899764
2,19,2.0,2,0.01,0,2
3,19,2.0,3,0.02,1,2
100,19,88.0,100,0.5,12,88
200,19,179.0,200,1.0,21,179
2000,19,1782.0,1994,9.97,218,1782
10000,19,8957.0,9918,49.59,1043,8957
20000,19,17897.0,19863,99.31,2103,17897
40000,19,35822.0,39451,197.25,4178,35822
60000,19,53667.0,59380,296.9,6333,53667
80000,19,71603.0,79298,396.49,8397,71603
100000,19,89522.0,99225,496.12,10478,89522
200000,19,179109.0,198878,994.39,20891,179109
400000,19,358112.0,398168,1990.84,41888,358112
600000,19,537258.0,597523,2987.62,62742,537258
800000,19,716146.0,796827,3984.14,83854,716146
1000000,19,894874.0,995997,4979.99,105126,894874
2,20,2.0,2,0.01,0,2
3,20,3.0,3,0.02,0,3
100,20,88.0,100,0.5,12,88
200,20,180.0,200,1.0,20,180
2000,20,1809.0,1936,9.68,191,1809
10000,20,9034.0,9914,49.57,966,9034
20000,20,17955.0,19878,99.39,2045,17955
40000,20,35909.0,39765,198.82,4091,35909
60000,20,53803.0,59701,298.5,6197,53803
80000,20,71782.0,79636,398.18,8218,71782
100000,20,89701.0,99559,497.79,10299,89701
200000,20,179046.0,199216,996.08,20954,179046
400000,20,358878.0,230925,1154.63,41122,358878
600000,20,538665.0,232276,1161.38,61335,538665
800000,20,718898.0,233639,1168.2,81102,718898
1000000,20,898822.0,234943,1174.72,101178,898822
2,21,1.0,2,0.01,1,1
3,21,2.0,3,0.02,1,2
100,21,91.0,100,0.5,9,91
200,21,181.0,190,0.95,19,181
2000,21,1809.0,312,1.56,191,1809
10000,21,8993.0,421,2.1,1007,8993
20000,21,17971.0,2914,14.57,2029,17971
40000,21,35950.0,3080,15.4,4050,35950
60000,21,53838.0,3945,19.73,6162,53838
80000,21,71821.0,4064,20.32,8179,71821
100000,21,89846.0,4204,21.02,10154,89846
200000,21,179853.0,4904,24.52,20147,179853
400000,21,359878.0,6232,31.16,40122,359878
600000,21,539835.0,7566,37.83,60165,539835
800000,21,719835.0,8826,44.13,80165,719835
1000000,21,899524.0,10187,50.94,100476,899524
2,22,2.0,2,0.01,0,2
3,22,3.0,3,0.02,0,3
100,22,90.0,100,0.5,10,90
200,22,176.0,200,1.0,24,176
2000,22,1763.0,1800,9.0,237,1763
10000,22,8919.0,9777,48.89,1081,8919
20000,22,17887.0,19749,98.74,2113,17887
40000,22,35851.0,39687,198.43,4149,35851
60000,22,53712.0,59628,298.14,6288,53712
80000,22,71649.0,79554,397.77,8351,71649
100000,22,89523.0,99496,497.48,10477,89523
200000,22,178949.0,199180,995.9,21051,178949
400000,22,358060.0,398306,1991.53,41940,358060
600000,22,538005.0,421391,2106.96,61995,538005
800000,22,717857.0,422765,2113.83,82143,717857
1000000,22,897902.0,424164,2120.82,102098,897902
2,23,2.0,2,0.01,0,2
3,23,3.0,3,0.02,0,3
100,23,85.0,100,0.5,15,85
200,23,178.0,199,1.0,22,178
2000,23,1788.0,1991,9.96,212,1788
10000,23,8934.0,9963,49.82,1066,8934
20000,23,17890.0,19929,99.64,2110,17890
40000,23,35876.0,21838,109.19,4124,35876
60000,23,53791.0,21973,109.86,6209,53791
80000,23,71826.0,22096,110.48,8174,71826
100000,23,89876.0,22221,111.1,10124,89876
200000,23,179828.0,23067,115.33,20172,179828
400000,23,359767.0,24460,122.3,40233,359767
600000,23,539785.0,26286,131.43,60215,539785
800000,23,720027.0,27616,138.08,79973,720027
1000000,23,900145.0,28945,144.72,99855,900145
2,24,1.0,2,0.01,1,1
3,24,2.0,3,0.02,1,2
100,24,83.0,100,0.5,17,83
200,24,169.0,200,1.0,31,169
2000,24,1800.0,567,2.83,200,1800
10000,24,8981.0,862,4.31,1019,8981
20000,24,17975.0,932,4.66,2025,17975
40000,24,35955.0,1056,5.28,4045,35955
60000,24,53943.0,1209,6.04,6057,53943
80000,24,71946.0,1335,6.67,8054,71946
100000,24,89911.0,1478,7.39,10089,89911
200000,24,179831.0,2172,10.86,20169,179831
400000,24,359758.0,3490,17.45,40242,359758
600000,24,539847.0,4836,24.18,60153,539847
800000,24,719660.0,7498,37.49,80340,719660
1000000,24,899479.0,8798,43.99,100521,899479
2,25,2.0,2,0.01,0,2
3,25,3.0,3,0.02,0,3
100,25,91.0,100,0.5,9,91
200,25,178.0,200,1.0,22,178
2000,25,1791.0,1972,9.86,209,1791
10000,25,8965.0,2698,13.49,1035,8965
20000,25,17979.0,2753,13.77,2021,17979
40000,25,35902.0,2877,14.39,4098,35902
60000,25,53889.0,3025,15.13,6111,53889
80000,25,71859.0,3155,15.78,8141,71859
100000,25,89871.0,3292,16.46,10129,89871
200000,25,179885.0,3922,19.61,20115,179885
400000,25,359813.0,5250,26.25,40187,359813
600000,25,539778.0,6607,33.03,60222,539778
800000,25,719828.0,7971,39.86,80172,719828
1000000,25,899921.0,9300,46.5,100079,899921
2,26,2.0,2,0.01,0,2
3,26,3.0,3,0.02,0,3
100,26,92.0,98,0.49,8,92
200,26,181.0,198,0.99,19,181
2000,26,1805.0,1993,9.97,195,1805
10000,26,8927.0,9626,48.13,1073,8927
20000,26,17864.0,19598,97.99,2136,17864
40000,26,35792.0,39543,197.71,4208,35792
60000,26,53656.0,59487,297.43,6344,53656
80000,26,71568.0,78839,394.19,8432,71568
100000,26,89468.0,98746,493.73,10532,89468
200000,26,178964.0,198410,992.05,21036,178964
400000,26,357968.0,397705,1988.53,42032,357968
600000,26,536802.0,596895,2984.48,63198,536802
800000,26,715877.0,796247,3981.24,84123,715877
1000000,26,895328.0,857409,4287.05,104672,895328
2,27,2.0,2,0.01,0,2
3,27,3.0,3,0.02,0,3
100,27,90.0,100,0.5,10,90
200,27,178.0,200,1.0,22,178
2000,27,1796.0,498,2.49,204,1796
10000,27,8964.0,556,2.78,1036,8964
20000,27,17945.0,621,3.1,2055,17945
40000,27,35917.0,737,3.68,4083,35917
60000,27,53942.0,855,4.27,6058,53942
80000,27,72007.0,1003,5.01,7993,72007
100000,27,89961.0,1157,5.78,10039,89961
200000,27,179953.0,1798,8.99,20047,179953
400000,27,360097.0,3659,18.3,39903,360097
600000,27,540117.0,4989,24.94,59883,540117
800000,27,720035.0,6388,31.94,79965,720035
1000000,27,900253.0,7751,38.76,99747,900253
2,28,2.0,2,0.01,0,2
3,28,3.0,3,0.02,0,3
100,28,85.0,100,0.5,15,85
200,28,180.0,200,1.0,20,180
2000,28,1809.0,1992,9.96,191,1809
10000,28,8959.0,9891,49.46,1041,8959
20000,28,17968.0,19431,97.15,2032,17968
40000,28,35886.0,39367,196.83,4114,35886
60000,28,53824.0,50934,254.67,6176,53824
80000,28,71742.0,65601,328.0,8258,71742
100000,28,89677.0,85551,427.75,10323,89677
200000,28,179532.0,118978,594.89,20468,179532
400000,28,359537.0,120311,601.55,40463,359537
600000,28,539504.0,121614,608.07,60496,539504
800000,28,719448.0,122873,614.36,80552,719448
1000000,28,899276.0,124179,620.89,100724,899276
2,29,2.0,2,0.01,0,2
3,29,3.0,3,0.02,0,3
100,29,87.0,100,0.5,13,87
200,29,171.0,200,1.0,29,171
2000,29,1776.0,1985,9.93,224,1776
10000,29,8909.0,9957,49.79,1091,8909
20000,29,17835.0,19913,99.56,2165,17835
40000,29,35711.0,39836,199.18,4289,35711
60000,29,53657.0,59750,298.75,6343,53657
80000,29,71604.0,79692,398.46,8396,71604
100000,29,89518.0,99638,498.19,10482,89518
200000,29,179010.0,199332,996.66,20990,179010
400000,29,357845.0,398687,1993.44,42155,357845
600000,29,537048.0,595618,2978.09,62952,537048
800000,29,715910.0,794970,3974.85,84090,715910
1000000,29,894919.0,994345,4971.73,105081,894919
2,30,2.0,2,0.01,0,2
3,30,3.0,3,0.02,0,3
100,30,84.0,98,0.49,16,84
200,30,176.0,198,0.99,24,176
2000,30,1762.0,1990,9.95,238,1762
10000,30,8903.0,9967,49.84,1097,8903
20000,30,17855.0,19931,99.65,2145,17855
40000,30,35764.0,39473,197.36,4236,35764
60000,30,53673.0,59402,297.01,6327,53673
80000,30,71524.0,79342,396.71,8476,71524
100000,30,89457.0,99269,496.34,10543,89457
200000,30,178991.0,198924,994.62,21009,178991
400000,30,358337.0,398241,1991.21,41663,358337
600000,30,537611.0,597576,2987.88,62389,537611
800000,30,716652.0,796490,3982.45,83348,716652
1000000,30,895569.0,994733,4973.67,104431,895569
2,31,1.0,2,0.01,1,1
3,31,2.0,3,0.02,1,2
100,31,91.0,100,0.5,9,91
200,31,181.0,200,1.0,19,181
2000,31,1793.0,1645,8.22,207,1793
10000,31,9005.0,1946,9.73,995,9005
20000,31,18004.0,2024,10.12,1996,18004
40000,31,36018.0,2146,10.73,3982,36018
60000,31,54056.0,2281,11.41,5944,54056
80000,31,72092.0,2425,12.13,7908,72092
100000,31,90116.0,2547,12.74,9884,90116
200000,31,180153.0,3256,16.28,19847,180153
400000,31,360108.0,4607,23.03,39892,360108
600000,31,540105.0,5925,29.62,59895,540105
800000,31,719957.0,7235,36.18,80043,719957
1000000,31,900061.0,8562,42.81,99939,900061
2,32,1.0,2,0.01,1,1
3,32,2.0,3,0.02,1,2
100,32,89.0,96,0.48,11,89
200,32,175.0,188,0.94,25,175
2000,32,1781.0,1983,9.92,219,1781
10000,32,8933.0,9918,49.59,1067,8933
20000,32,17942.0,19875,99.37,2058,17942
40000,32,35884.0,39813,199.06,4116,35884
60000,32,53818.0,59756,298.78,6182,53818
80000,32,71731.0,79685,398.42,8269,71731
100000,32,89704.0,99625,498.12,10296,89704
200000,32,179240.0,199267,996.33,20760,179240
400000,32,358241.0,398618,1993.09,41759,358241
600000,32,537661.0,550368,2751.84,62339,537661
800000,32,717635.0,551737,2758.69,82365,717635
1000000,32,897568.0,553074,2765.37,102432,897568
2,33,1.0,2,0.01,1,1
3,33,2.0,3,0.02,1,2
100,33,84.0,98,0.49,16,84
200,33,168.0,198,0.99,32,168
2000,33,1804.0,1993,9.97,196,1804
10000,33,8991.0,9946,49.73,1009,8991
20000,33,17957.0,19915,99.57,2043,17957
40000,33,35787.0,39843,199.21,4213,35787
60000,33,53686.0,59769,298.84,6314,53686
80000,33,71583.0,79690,398.45,8417,71583
100000,33,89473.0,99619,498.09,10527,89473
200000,33,178906.0,199289,996.44,21094,178906
400000,33,357882.0,398654,1993.27,42118,357882
600000,33,536858.0,546060,2730.3,63142,536858
800000,33,716746.0,547374,2736.87,83254,716746
1000000,33,896556.0,548751,2743.76,103444,896556
2,34,1.0,2,0.01,1,1
3,34,2.0,3,0.02,1,2
100,34,88.0,94,0.47,12,88
200,34,178.0,194,0.97,22,178
2000,34,1776.0,1957,9.79,224,1776
10000,34,8960.0,9930,49.65,1040,8960
20000,34,17901.0,19896,99.48,2099,17901
40000,34,35847.0,39839,199.19,4153,35847
60000,34,53745.0,59705,298.52,6255,53745
80000,34,71615.0,79539,397.69,8385,71615
100000,34,89565.0,99471,497.35,10435,89565
200000,34,179228.0,199146,995.73,20772,179228
400000,34,358376.0,398443,1992.22,41624,358376
600000,34,537387.0,597782,2988.91,62613,537387
800000,34,716393.0,797087,3985.44,83607,716393
1000000,34,896348.0,843754,4218.77,103652,896348
2,35,2.0,2,0.01,0,2
3,35,3.0,3,0.02,0,3
100,35,95.0,100,0.5,5,95
200,35,181.0,200,1.0,19,181
2000,35,1793.0,876,4.38,207,1793
10000,35,8966.0,938,4.69,1034,8966
20000,35,17956.0,997,4.98,2044,17956
40000,35,35946.0,1131,5.65,4054,35946
60000,35,53933.0,1277,6.38,6067,53933
80000,35,71968.0,1418,7.09,8032,71968
100000,35,89960.0,1537,7.68,10040,89960
200000,35,180043.0,2230,11.15,19957,180043
400000,35,360055.0,3593,17.97,39945,360055
600000,35,540138.0,4923,24.61,59862,540138
800000,35,720077.0,6533,32.66,79923,720077
1000000,35,899889.0,7927,39.64,100111,899889
2,36,1.0,2,0.01,1,1
3,36,2.0,3,0.02,1,2
100,36,84.0,100,0.5,16,84
200,36,172.0,200,1.0,28,172
2000,36,1778.0,238,1.19,222,1778
10000,36,8998.0,275,1.37,1002,8998
20000,36,18014.0,340,1.7,1986,18014
40000,36,35991.0,476,2.38,4009,35991
60000,36,53997.0,604,3.02,6003,53997
80000,36,71956.0,739,3.69,8044,71956
100000,36,90018.0,869,4.34,9982,90018
200000,36,180019.0,1531,7.65,19981,180019
400000,36,359981.0,2820,14.1,40019,359981
600000,36,539863.0,4176,20.88,60137,539863
800000,36,719970.0,5481,27.4,80030,719970
1000000,36,899815.0,6844,34.22,100185,899815
2,37,1.0,2,0.01,1,1
3,37,2.0,3,0.02,1,2
100,37,89.0,100,0.5,11,89
200,37,175.0,200,1.0,25,175
2000,37,1786.0,830,4.15,214,1786
10000,37,9029.0,949,4.74,971,9029
20000,37,18023.0,1020,5.1,1977,18023
40000,37,36008.0,1134,5.67,3992,36008
60000,37,54019.0,1241,6.2,5981,54019
80000,37,72065.0,1382,6.91,7935,72065
100000,37,90034.0,1507,7.53,9966,90034
200000,37,180104.0,2167,10.84,19896,180104
400000,37,360206.0,5111,25.55,39794,360206
600000,37,540094.0,6455,32.27,59906,540094
800000,37,720170.0,7730,38.65,79830,720170
1000000,37,900149.0,9090,45.45,99851,900149
2,38,2.0,2,0.01,0,2
3,38,3.0,3,0.02,0,3
100,38,91.0,100,0.5,9,91
200,38,181.0,200,1.0,19,181
2000,38,1784.0,1988,9.94,216,1784
10000,38,8991.0,9932,49.66,1009,8991
20000,38,17951.0,19901,99.5,2049,17951
40000,38,35932.0,39819,199.09,4068,35932
60000,38,53819.0,59748,298.74,6181,53819
80000,38,71725.0,79686,398.43,8275,71725
100000,38,89639.0,99628,498.14,10361,89639
200000,38,179357.0,199203,996.01,20643,179357
400000,38,358105.0,398534,1992.67,41895,358105
600000,38,537280.0,597847,2989.24,62720,537280
800000,38,716084.0,797207,3986.04,83916,716084
1000000,38,895064.0,996556,4982.78,104936,895064
2,39,2.0,2,0.01,0,2
3,39,3.0,3,0.02,0,3
100,39,94.0,100,0.5,6,94
200,39,179.0,199,1.0,21,179
2000,39,1793.0,1994,9.97,207,1793
10000,39,8987.0,2327,11.64,1013,8987
20000,39,17976.0,2558,12.79,2024,17976
40000,39,35993.0,2816,14.08,4007,35993
60000,39,53982.0,2933,14.67,6018,53982
80000,39,71988.0,3051,15.26,8012,71988
100000,39,90019.0,3181,15.91,9981,90019
200000,39,180130.0,3906,19.53,19870,180130
400000,39,360001.0,9028,45.14,39999,360001
600000,39,540153.0,10423,52.12,59847,540153
800000,39,720210.0,11838,59.19,79790,720210
1000000,39,900199.0,13193,65.97,99801,900199
2,40,1.0,2,0.01,1,1
3,40,2.0,3,0.02,1,2
100,40,89.0,100,0.5,11,89
200,40,178.0,193,0.97,22,178
2000,40,1780.0,1984,9.92,220,1780
10000,40,8977.0,9956,49.78,1023,8977
20000,40,17964.0,19922,99.61,2036,17964
40000,40,35877.0,39638,198.19,4123,35877
60000,40,53753.0,59589,297.94,6247,53753
80000,40,71689.0,79524,397.62,8311,71689
100000,40,89652.0,99474,497.37,10348,89652
200000,40,179203.0,199095,995.47,20797,179203
400000,40,358233.0,394719,1973.6,41767,358233
600000,40,537983.0,405090,2025.45,62017,537983
800000,40,718144.0,406406,2032.03,81856,718144
1000000,40,897655.0,407698,2038.49,102345,897655
2,41,2.0,2,0.01,0,2
3,41,2.0,3,0.02,1,2
100,41,88.0,100,0.5,12,88
200,41,178.0,200,1.0,22,178
2000,41,1785.0,1994,9.97,215,1785
10000,41,8936.0,9942,49.71,1064,8936
20000,41,17857.0,19907,99.53,2143,17857
40000,41,35808.0,39784,198.92,4192,35808
60000,41,53830.0,43664,218.32,6170,53830
80000,41,71878.0,43800,219.0,8122,71878
100000,41,89896.0,43942,219.71,10104,89896
200000,41,179753.0,44677,223.38,20247,179753
400000,41,359531.0,45985,229.92,40469,359531
600000,41,539638.0,47295,236.47,60362,539638
800000,41,719587.0,48595,242.97,80413,719587
1000000,41,899624.0,49899,249.49,100376,899624
2,42,2.0,2,0.01,0,2
3,42,3.0,3,0.02,0,3
100,42,89.0,89,0.45,11,89
200,42,179.0,111,0.56,21,179
2000,42,1807.0,134,0.67,193,1807
10000,42,9037.0,291,1.45,963,9037
20000,42,18058.0,493,2.46,1942,18058
40000,42,36078.0,616,3.08,3922,36078
60000,42,54038.0,794,3.97,5962,54038
80000,42,72055.0,930,4.65,7945,72055
100000,42,90033.0,1059,5.29,9967,90033
200000,42,180020.0,1869,9.35,19980,180020
400000,42,359925.0,3235,16.18,40075,359925
600000,42,539833.0,4589,22.94,60167,539833
800000,42,719997.0,5934,29.67,80003,719997
1000000,42,899969.0,7293,36.47,100031,899969
2,43,2.0,2,0.01,0,2
3,43,2.0,3,0.02,1,2
100,43,84.0,100,0.5,16,84
200,43,173.0,200,1.0,27,173
2000,43,1772.0,1993,9.97,228,1772
10000,43,8985.0,2671,13.36,1015,8985
20000,43,17933.0,2743,13.72,2067,17933
40000,43,35956.0,2892,14.46,4044,35956
60000,43,53985.0,3116,15.58,6015,53985
80000,43,71944.0,3241,16.21,8056,71944
100000,43,89935.0,3379,16.9,10065,89935
200000,43,179965.0,4053,20.27,20035,179965
400000,43,360176.0,5468,27.34,39824,360176
600000,43,540214.0,6851,34.25,59786,540214
800000,43,720137.0,8146,40.73,79863,720137
1000000,43,900057.0,9548,47.74,99943,900057
2,44,1.0,2,0.01,1,1
3,44,2.0,3,0.02,1,2
100,44,85.0,97,0.49,15,85
200,44,174.0,197,0.99,26,174
2000,44,1800.0,1987,9.94,200,1800
10000,44,8975.0,9953,49.77,1025,8975
20000,44,17940.0,19887,99.43,2060,17940
40000,44,35815.0,39801,199.0,4185,35815
60000,44,53701.0,59730,298.65,6299,53701
80000,44,71588.0,79648,398.24,8412,71588
100000,44,89491.0,99563,497.81,10509,89491
200000,44,178992.0,198861,994.3,21008,178992
400000,44,358659.0,266062,1330.31,41341,358659
600000,44,538765.0,267371,1336.86,61235,538765
800000,44,718930.0,268676,1343.38,81070,718930
1000000,44,899070.0,270032,1350.16,100930,899070
2,45,2.0,2,0.01,0,2
3,45,3.0,3,0.02,0,3
100,45,88.0,99,0.5,12,88
200,45,171.0,199,1.0,29,171
2000,45,1797.0,1996,9.98,203,1797
10000,45,9046.0,9935,49.68,954,9046
20000,45,18053.0,19895,99.47,1947,18053
40000,45,35937.0,39670,198.35,4063,35937
60000,45,53853.0,58091,290.45,6147,53853
80000,45,71701.0,77161,385.8,8299,71701
100000,45,89636.0,96902,484.51,10364,89636
200000,45,179154.0,196584,982.92,20846,179154
400000,45,359204.0,227819,1139.1,40796,359204
600000,45,539244.0,229095,1145.48,60756,539244
800000,45,719378.0,230419,1152.1,80622,719378
1000000,45,899266.0,231786,1158.93,100734,899266
2,46,2.0,2,0.01,0,2
3,46,3.0,3,0.02,0,3
100,46,89.0,100,0.5,11,89
200,46,181.0,192,0.96,19,181
2000,46,1796.0,1874,9.37,204,1796
10000,46,8958.0,9844,49.22,1042,8958
20000,46,17870.0,19816,99.08,2130,17870
40000,46,35766.0,39747,198.73,4234,35766
60000,46,53699.0,59648,298.24,6301,53699
80000,46,71643.0,79551,397.75,8357,71643
100000,46,89535.0,96905,484.52,10465,89535
200000,46,179471.0,97555,487.77,20529,179471
400000,46,359395.0,98925,494.62,40605,359395
600000,46,539382.0,100286,501.43,60618,539382
800000,46,719448.0,101582,507.91,80552,719448
1000000,46,899516.0,102870,514.35,100484,899516
2,47,2.0,2,0.01,0,2
3,47,3.0,3,0.02,0,3
100,47,85.0,98,0.49,15,85
200,47,176.0,198,0.99,24,176
2000,47,1784.0,1993,9.97,216,1784
10000,47,8948.0,9962,49.81,1052,8948
20000,47,17898.0,19925,99.62,2102,17898
40000,47,35790.0,36367,181.83,4210,35790
60000,47,53698.0,41564,207.82,6302,53698
80000,47,71618.0,44819,224.09,8382,71618
100000,47,89561.0,44952,224.76,10439,89561
200000,47,179622.0,45611,228.05,20378,179622
400000,47,359494.0,46933,234.66,40506,359494
600000,47,539473.0,48319,241.59,60527,539473
800000,47,719351.0,49632,248.16,80649,719351
1000000,47,899540.0,50970,254.85,100460,899540
2,48,2.0,2,0.01,0,2
3,48,3.0,3,0.02,0,3
100,48,89.0,77,0.39,11,89
200,48,181.0,134,0.67,19,181
2000,48,1793.0,1927,9.64,207,1793
10000,48,8961.0,9908,49.54,1039,8961
20000,48,17891.0,19872,99.36,2109,17891
40000,48,35816.0,39469,197.34,4184,35816
60000,48,53788.0,59413,297.06,6212,53788
80000,48,71689.0,75927,379.63,8311,71689
100000,48,89587.0,95830,479.15,10413,89587
200000,48,179369.0,142705,713.52,20631,179369
400000,48,359203.0,143972,719.86,40797,359203
600000,48,539022.0,145297,726.48,60978,539022
800000,48,718743.0,146637,733.18,81257,718743
1000000,48,898826.0,147959,739.79,101174,898826
2,49,2.0,2,0.01,0,2
3,49,3.0,3,0.02,0,3
100,49,91.0,98,0.49,9,91
200,49,178.0,198,0.99,22,178
2000,49,1794.0,1994,9.97,206,1794
10000,49,8983.0,9837,49.19,1017,8983
20000,49,17947.0,19730,98.65,2053,17947
40000,49,35892.0,39655,198.27,4108,35892
60000,49,53835.0,59589,297.94,6165,53835
80000,49,71721.0,79516,397.58,8279,71721
100000,49,89605.0,99348,496.74,10395,89605
200000,49,179263.0,199016,995.08,20737,179263
400000,49,358079.0,398178,1990.89,41921,358079
600000,49,537840.0,400100,2000.5,62160,537840
800000,49,717875.0,401453,2007.27,82125,717875
1000000,49,897786.0,402754,2013.77,102214,897786
2,50,2.0,2,0.01,0,2
3,50,3.0,3,0.02,0,3
100,50,89.0,85,0.43,11,89
200,50,180.0,185,0.93,20,180
2000,50,1784.0,1959,9.8,216,1784
10000,50,8939.0,9932,49.66,1061,8939
20000,50,17905.0,19899,99.49,2095,17905
40000,50,35837.0,39837,199.18,4163,35837
60000,50,53871.0,59785,298.92,6129,53871
80000,50,71771.0,79713,398.56,8229,71771
100000,50,89679.0,99637,498.18,10321,89679
200000,50,179239.0,199325,996.62,20761,179239
400000,50,358285.0,398700,1993.5,41715,358285
600000,50,537618.0,597953,2989.77,62382,537618
800000,50,716736.0,797294,3986.47,83264,716736
1000000,50,895956.0,996632,4983.16,104044,895956
2,51,2.0,2,0.01,0,2
3,51,3.0,3,0.02,0,3
100,51,90.0,100,0.5,10,90
200,51,179.0,200,1.0,21,179
2000,51,1779.0,1974,9.87,221,1779
10000,51,8931.0,9934,49.67,1069,8931
20000,51,17887.0,19899,99.49,2113,17887
40000,51,35739.0,39665,198.32,4261,35739
60000,51,53662.0,59468,297.34,6338,53662
80000,51,71587.0,79396,396.98,8413,71587
100000,51,89503.0,99319,496.59,10497,89503
200000,51,179089.0,198972,994.86,20911,179089
400000,51,357727.0,397916,1989.58,42273,357727
600000,51,536976.0,558480,2792.4,63024,536976
800000,51,716984.0,559809,2799.05,83016,716984
1000000,51,896942.0,561185,2805.93,103058,896942
2,52,2.0,2,0.01,0,2
3,52,3.0,3,0.02,0,3
100,52,87.0,100,0.5,13,87
200,52,173.0,197,0.99,27,173
2000,52,1792.0,1990,9.95,208,1792
10000,52,8982.0,9963,49.82,1018,8982
20000,52,17908.0,19923,99.61,2092,17908
40000,52,35770.0,39858,199.29,4230,35770
60000,52,53654.0,59781,298.9,6346,53654
80000,52,71523.0,79715,398.57,8477,71523
100000,52,89398.0,99645,498.22,10602,89398
200000,52,178968.0,198678,993.39,21032,178968
400000,52,357985.0,397908,1989.54,42015,357985
600000,52,537098.0,585284,2926.42,62902,537098
800000,52,716190.0,784616,3923.08,83810,716190
1000000,52,895099.0,983960,4919.8,104901,895099
2,53,2.0,2,0.01,0,2
3,53,3.0,3,0.02,0,3
100,53,89.0,100,0.5,11,89
200,53,177.0,200,1.0,23,177
2000,53,1813.0,225,1.12,187,1813
10000,53,9007.0,281,1.4,993,9007
20000,53,18003.0,355,1.77,1997,18003
40000,53,35999.0,522,2.61,4001,35999
60000,53,54009.0,779,3.89,5991,54009
80000,53,72009.0,1039,5.19,7991,72009
100000,53,89984.0,1186,5.93,10016,89984
200000,53,180093.0,1854,9.27,19907,180093
400000,53,360075.0,3160,15.8,39925,360075
600000,53,539891.0,4472,22.36,60109,539891
800000,53,719791.0,6326,31.63,80209,719791
1000000,53,899703.0,9166,45.83,100297,899703
2,54,2.0,2,0.01,0,2
3,54,3.0,3,0.02,0,3
100,54,87.0,100,0.5,13,87
200,54,179.0,200,1.0,21,179
2000,54,1806.0,1998,9.99,194,1806
10000,54,8967.0,9966,49.83,1033,8967
20000,54,17895.0,19929,99.64,2105,17895
40000,54,35774.0,39851,199.25,4226,35774
60000,54,53697.0,59636,298.18,6303,53697
80000,54,71490.0,79400,397.0,8510,71490
100000,54,89388.0,99302,496.51,10612,89388
200000,54,178969.0,198949,994.74,21031,178969
400000,54,358211.0,398272,1991.36,41789,358211
600000,54,537355.0,597643,2988.22,62645,537355
800000,54,716149.0,796601,3983.01,83851,716149
1000000,54,894978.0,995883,4979.42,105022,894978
2,55,2.0,2,0.01,0,2
3,55,3.0,3,0.02,0,3
100,55,93.0,80,0.4,7,93
200,55,182.0,137,0.69,18,182
2000,55,1785.0,1627,8.13,215,1785
10000,55,8931.0,9600,48.0,1069,8931
20000,55,17862.0,19549,97.74,2138,17862
40000,55,35726.0,39480,197.4,4274,35726
60000,55,53740.0,46197,230.98,6260,53740
80000,55,71745.0,46339,231.69,8255,71745
100000,55,89751.0,46488,232.44,10249,89751
200000,55,179679.0,47151,235.75,20321,179679
400000,55,359693.0,48483,242.41,40307,359693
600000,55,539650.0,49878,249.39,60350,539650
800000,55,719828.0,51209,256.04,80172,719828
1000000,55,899565.0,52524,262.62,100435,899565
2,56,1.0,2,0.01,1,1
3,56,2.0,3,0.02,1,2
100,56,91.0,100,0.5,9,91
200,56,178.0,200,1.0,22,178
2000,56,1797.0,1979,9.9,203,1797
10000,56,8938.0,9939,49.7,1062,8938
20000,56,17915.0,19908,99.54,2085,17915
40000,56,35793.0,39854,199.27,4207,35793
60000,56,53710.0,59779,298.89,6290,53710
80000,56,71618.0,79733,398.66,8382,71618
100000,56,89415.0,99659,498.29,10585,89415
200000,56,178814.0,199045,995.22,21186,178814
400000,56,357767.0,398400,1992.0,42233,357767
600000,56,536933.0,597712,2988.56,63067,536933
800000,56,716657.0,658144,3290.72,83343,716657
1000000,56,896572.0,659456,3297.28,103428,896572
2,57,2.0,2,0.01,0,2
3,57,3.0,3,0.02,0,3
100,57,87.0,100,0.5,13,87
200,57,180.0,200,1.0,20,180
2000,57,1801.0,1872,9.36,199,1801
10000,57,8960.0,9824,49.12,1040,8960
20000,57,17887.0,19798,98.99,2113,17887
40000,57,35774.0,39729,198.64,4226,35774
60000,57,53699.0,59587,297.93,6301,53699
80000,57,71631.0,79519,397.59,8369,71631
100000,57,89608.0,99459,497.29,10392,89608
200000,57,179360.0,151295,756.47,20640,179360
400000,57,359212.0,153522,767.61,40788,359212
600000,57,539193.0,154998,774.99,60807,539193
800000,57,719391.0,156352,781.76,80609,719391
1000000,57,899352.0,157711,788.55,100648,899352
2,58,2.0,2,0.01,0,2
3,58,3.0,3,0.02,0,3
100,58,87.0,100,0.5,13,87
200,58,171.0,200,1.0,29,171
2000,58,1805.0,863,4.31,195,1805
10000,58,8961.0,919,4.59,1039,8961
20000,58,17960.0,986,4.93,2040,17960
40000,58,35977.0,1114,5.57,4023,35977
60000,58,53959.0,1250,6.25,6041,53959
80000,58,71884.0,1394,6.97,8116,71884
100000,58,89836.0,1522,7.61,10164,89836
200000,58,180094.0,2201,11.01,19906,180094
400000,58,359981.0,3483,17.42,40019,359981
600000,58,539755.0,4795,23.97,60245,539755
800000,58,719750.0,6101,30.5,80250,719750
1000000,58,899739.0,7399,37.0,100261,899739
2,59,2.0,2,0.01,0,2
3,59,2.0,3,0.02,1,2
100,59,93.0,100,0.5,7,93
200,59,181.0,200,1.0,19,181
2000,59,1806.0,1994,9.97,194,1806
10000,59,8947.0,9963,49.82,1053,8947
20000,59,17987.0,12425,62.13,2013,17987
40000,59,35975.0,12557,62.79,4025,35975
60000,59,53953.0,12704,63.52,6047,53953
80000,59,72010.0,12848,64.24,7990,72010
100000,59,89987.0,12988,64.94,10013,89987
200000,59,180094.0,13622,68.11,19906,180094
400000,59,360215.0,14922,74.61,39785,360215
600000,59,540174.0,16274,81.37,59826,540174
800000,59,720158.0,17606,88.03,79842,720158
1000000,59,900107.0,18893,94.46,99893,900107
2,60,2.0,2,0.01,0,2
3,60,3.0,3,0.02,0,3
100,60,91.0,98,0.49,9,91
200,60,178.0,198,0.99,22,178
2000,60,1816.0,1992,9.96,184,1816
10000,60,9010.0,9971,49.86,990,9010
20000,60,17932.0,19939,99.69,2068,17932
40000,60,35879.0,38483,192.41,4121,35879
60000,60,53754.0,58431,292.15,6246,53754
80000,60,71689.0,78370,391.85,8311,71689
100000,60,89605.0,97922,489.61,10395,89605
200000,60,179173.0,195508,977.54,20827,179173
400000,60,358122.0,394802,1974.01,41878,358122
600000,60,537222.0,594139,2970.7,62778,537222
800000,60,716170.0,793470,3967.35,83830,716170
1000000,60,895417.0,991647,4958.24,104583,895417
2,61,1.0,2,0.01,1,1
3,61,2.0,3,0.02,1,2
100,61,91.0,100,0.5,9,91
200,61,180.0,200,1.0,20,180
2000,61,1792.0,1970,9.85,208,1792
10000,61,8955.0,9945,49.73,1045,8955
20000,61,17907.0,19925,99.62,2093,17907
40000,61,35875.0,39867,199.33,4125,35875
60000,61,53751.0,59805,299.02,6249,53751
80000,61,71718.0,79732,398.66,8282,71718
100000,61,89564.0,99669,498.34,10436,89564
200000,61,179333.0,140009,700.04,20667,179333
400000,61,359561.0,141363,706.81,40439,359561
600000,61,539596.0,142675,713.37,60404,539596
800000,61,719727.0,144022,720.11,80273,719727
1000000,61,899782.0,145349,726.74,100218,899782
2,62,1.0,2,0.01,1,1
3,62,2.0,3,0.02,1,2
100,62,86.0,100,0.5,14,86
200,62,176.0,200,1.0,24,176
2000,62,1783.0,1993,9.97,217,1783
10000,62,8916.0,9963,49.82,1084,8916
20000,62,17903.0,19930,99.65,2097,17903
40000,62,35780.0,39873,199.36,4220,35780
60000,62,53594.0,58206,291.03,6406,53594
80000,62,71464.0,78124,390.62,8536,71464
100000,62,89318.0,98065,490.32,10682,89318
200000,62,178913.0,197710,988.55,21087,178913
400000,62,358737.0,269252,1346.26,41263,358737
600000,62,538962.0,270657,1353.29,61038,538962
800000,62,719058.0,272002,1360.01,80942,719058
1000000,62,899044.0,273303,1366.52,100956,899044
2,63,2.0,2,0.01,0,2
3,63,3.0,3,0.02,0,3
100,63,92.0,100,0.5,8,92
200,63,182.0,200,1.0,18,182
2000,63,1797.0,1994,9.97,203,1797
10000,63,8969.0,9971,49.86,1031,8969
20000,63,17912.0,19938,99.69,2088,17912
40000,63,35743.0,39872,199.36,4257,35743
60000,63,53638.0,59803,299.01,6362,53638
80000,63,71546.0,79725,398.62,8454,71546
100000,63,89404.0,99651,498.25,10596,89404
200000,63,179027.0,199300,996.5,20973,179027
400000,63,358099.0,398622,1993.11,41901,358099
600000,63,537134.0,597944,2989.72,62866,537134
800000,63,716192.0,797283,3986.42,83808,716192
1000000,63,895260.0,996612,4983.06,104740,895260
2,64,2.0,2,0.01,0,2
3,64,3.0,3,0.02,0,3
100,64,87.0,97,0.49,13,87
200,64,178.0,197,0.99,22,178
2000,64,1770.0,1992,9.96,230,1770
10000,64,8920.0,9800,49.0,1080,8920
20000,64,17899.0,19770,98.85,2101,17899
40000,64,35793.0,39711,198.55,4207,35793
60000,64,53727.0,55475,277.37,6273,53727
80000,64,71633.0,55795,278.97,8367,71633
100000,64,89647.0,55943,279.71,10353,89647
200000,64,179675.0,56678,283.39,20325,179675
400000,64,359392.0,58110,290.55,40608,359392
600000,64,539487.0,59467,297.33,60513,539487
800000,64,719644.0,60765,303.82,80356,719644
1000000,64,899647.0,62181,310.9,100353,899647
2,65,2.0,2,0.01,0,2
3,65,3.0,3,0.02,0,3
100,65,94.0,100,0.5,6,94
200,65,185.0,200,1.0,15,185
2000,65,1788.0,1973,9.87,212,1788
10000,65,8995.0,9904,49.52,1005,8995
20000,65,17937.0,19860,99.3,2063,17937
40000,65,35858.0,39183,195.91,4142,35858
60000,65,53768.0,59120,295.6,6232,53768
80000,65,71721.0,79054,395.27,8279,71721
100000,65,89603.0,98865,494.32,10397,89603
200000,65,179559.0,123542,617.71,20441,179559
400000,65,359564.0,124814,624.07,40436,359564
600000,65,539262.0,126135,630.67,60738,539262
800000,65,719215.0,127451,637.25,80785,719215
1000000,65,899287.0,128773,643.86,100713,899287
2,66,2.0,2,0.01,0,2
3,66,3.0,3,0.02,0,3
100,66,89.0,100,0.5,11,89
200,66,179.0,200,1.0,21,179
2000,66,1761.0,1995,9.98,239,1761
10000,66,8913.0,9978,49.89,1087,8913
20000,66,17910.0,11045,55.23,2090,17910
40000,66,35895.0,13563,67.82,4105,35895
60000,66,53861.0,13708,68.54,6139,53861
80000,66,71918.0,13844,69.22,8082,71918
100000,66,89907.0,13963,69.82,10093,89907
200000,66,179901.0,14602,73.01,20099,179901
400000,66,359871.0,15935,79.68,40129,359871
600000,66,540206.0,17295,86.47,59794,540206
800000,66,720237.0,18615,93.07,79763,720237
1000000,66,900146.0,19924,99.62,99854,900146
2,67,1.0,2,0.01,1,1
3,67,2.0,3,0.02,1,2
100,67,82.0,100,0.5,18,82
200,67,174.0,200,1.0,26,174
2000,67,1783.0,1968,9.84,217,1783
10000,67,8948.0,9936,49.68,1052,8948
20000,67,17907.0,19869,99.34,2093,17907
40000,67,35778.0,35923,179.61,4222,35778
60000,67,53674.0,54446,272.23,6326,53674
80000,67,71575.0,74388,371.94,8425,71575
100000,67,89458.0,94326,471.63,10542,89458
200000,67,178921.0,193825,969.12,21079,178921
400000,67,357938.0,393150,1965.75,42062,357938
600000,67,536954.0,592434,2962.17,63046,536954
800000,67,716855.0,599475,2997.38,83145,716855
1000000,67,896949.0,600850,3004.25,103051,896949
2,68,2.0,2,0.01,0,2
3,68,3.0,3,0.02,0,3
100,68,86.0,100,0.5,14,86
200,68,175.0,200,1.0,25,175
2000,68,1787.0,927,4.63,213,1787
10000,68,8973.0,1228,6.14,1027,8973
20000,68,17970.0,1289,6.44,2030,17970
40000,68,35910.0,1418,7.09,4090,35910
60000,68,53919.0,1534,7.67,6081,53919
80000,68,71955.0,1671,8.35,8045,71955
100000,68,90035.0,1790,8.95,9965,90035
200000,68,180048.0,2429,12.15,19952,180048
400000,68,360114.0,3760,18.8,39886,360114
600000,68,540070.0,5123,25.61,59930,540070
800000,68,720277.0,6474,32.37,79723,720277
1000000,68,900023.0,7844,39.22,99977,900023
2,69,2.0,2,0.01,0,2
3,69,3.0,3,0.02,0,3
100,69,89.0,18,0.09,11,89
200,69,178.0,21,0.11,22,178
2000,69,1805.0,49,0.25,195,1805
10000,69,8940.0,113,0.57,1060,8940
20000,69,17901.0,188,0.94,2099,17901
40000,69,35944.0,314,1.57,4056,35944
60000,69,53952.0,421,2.1,6048,53952
80000,69,71909.0,540,2.7,8091,71909
100000,69,89977.0,668,3.34,10023,89977
200000,69,179895.0,1324,6.62,20105,179895
400000,69,359799.0,2722,13.61,40201,359799
600000,69,539771.0,4113,20.57,60229,539771
800000,69,719963.0,5650,28.25,80037,719963
1000000,69,899708.0,7023,35.11,100292,899708
2,70,2.0,2,0.01,0,2
3,70,3.0,3,0.02,0,3
100,70,85.0,100,0.5,15,85
200,70,180.0,200,1.0,20,180
2000,70,1809.0,470,2.35,191,1809
10000,70,9039.0,571,2.85,961,9039
20000,70,18050.0,984,4.92,1950,18050
40000,70,36012.0,1551,7.75,3988,36012
60000,70,54042.0,2014,10.07,5958,54042
80000,70,72039.0,2167,10.84,7961,72039
100000,70,90034.0,2319,11.6,9966,90034
200000,70,180058.0,3003,15.02,19942,180058
400000,70,359756.0,4277,21.39,40244,359756
600000,70,539707.0,5569,27.84,60293,539707
800000,70,719527.0,7822,39.11,80473,719527
1000000,70,899603.0,9133,45.67,100397,899603
2,71,1.0,2,0.01,1,1
3,71,2.0,3,0.02,1,2
100,71,90.0,100,0.5,10,90
200,71,173.0,200,1.0,27,173
2000,71,1768.0,1978,9.89,232,1768
10000,71,8900.0,9949,49.75,1100,8900
20000,71,17838.0,19910,99.55,2162,17838
40000,71,35761.0,39460,197.3,4239,35761
60000,71,53656.0,53886,269.43,6344,53656
80000,71,71658.0,54020,270.1,8342,71658
100000,71,89679.0,54170,270.85,10321,89679
200000,71,179721.0,54873,274.36,20279,179721
400000,71,360012.0,56242,281.21,39988,360012
600000,71,540036.0,57580,287.9,59964,540036
800000,71,719906.0,58872,294.36,80094,719906
1000000,71,899902.0,60193,300.96,100098,899902
2,72,2.0,2,0.01,0,2
3,72,3.0,3,0.02,0,3
100,72,88.0,100,0.5,12,88
200,72,180.0,200,1.0,20,180
2000,72,1797.0,1983,9.92,203,1797
10000,72,8967.0,9807,49.04,1033,8967
20000,72,17934.0,19730,98.65,2066,17934
40000,72,35815.0,39584,197.92,4185,35815
60000,72,53661.0,59507,297.53,6339,53661
80000,72,71584.0,79440,397.2,8416,71584
100000,72,89534.0,99377,496.88,10466,89534
200000,72,179073.0,199031,995.15,20927,179073
400000,72,357948.0,398407,1992.04,42052,357948
600000,72,536948.0,597586,2987.93,63052,536948
800000,72,715874.0,745089,3725.45,84126,715874
1000000,72,896043.0,746389,3731.95,103957,896043
2,73,2.0,2,0.01,0,2
3,73,3.0,3,0.02,0,3
100,73,97.0,83,0.42,3,97
200,73,188.0,175,0.88,12,188
2000,73,1810.0,1970,9.85,190,1810
10000,73,8993.0,9943,49.72,1007,8993
20000,73,17902.0,19902,99.51,2098,17902
40000,73,35758.0,39825,199.12,4242,35758
60000,73,53688.0,59752,298.76,6312,53688
80000,73,71578.0,79686,398.43,8422,71578
100000,73,89502.0,99616,498.08,10498,89502
200000,73,178987.0,199289,996.44,21013,178987
400000,73,357962.0,398446,1992.23,42038,357962
600000,73,536952.0,597601,2988.01,63048,536952
800000,73,715994.0,796912,3984.56,84006,715994
1000000,73,895109.0,980924,4904.62,104891,895109
2,74,2.0,2,0.01,0,2
3,74,3.0,3,0.02,0,3
100,74,87.0,100,0.5,13,87
200,74,179.0,199,1.0,21,179
2000,74,1781.0,1995,9.98,219,1781
10000,74,8908.0,9912,49.56,1092,8908
20000,74,17872.0,19886,99.43,2128,17872
40000,74,35747.0,39756,198.78,4253,35747
60000,74,53545.0,59699,298.49,6455,53545
80000,74,71498.0,79639,398.19,8502,71498
100000,74,89421.0,99548,497.74,10579,89421
200000,74,178785.0,198701,993.5,21215,178785
400000,74,357935.0,398071,1990.36,42065,357935
600000,74,536840.0,597415,2987.08,63160,536840
800000,74,715947.0,796745,3983.73,84053,715947
1000000,74,894996.0,996077,4980.39,105004,894996
2,75,2.0,2,0.01,0,2
3,75,3.0,3,0.02,0,3
100,75,92.0,100,0.5,8,92
200,75,184.0,200,1.0,16,184
2000,75,1812.0,1958,9.79,188,1812
10000,75,8935.0,9915,49.58,1065,8935
20000,75,17831.0,19887,99.43,2169,17831
40000,75,35730.0,39808,199.04,4270,35730
60000,75,53674.0,59733,298.66,6326,53674
80000,75,71569.0,79647,398.23,8431,71569
100000,75,89479.0,99587,497.93,10521,89479
200000,75,178966.0,198672,993.36,21034,178966
400000,75,358635.0,280700,1403.5,41365,358635
600000,75,538724.0,281994,1409.97,61276,538724
800000,75,718566.0,283342,1416.71,81434,718566
1000000,75,898610.0,284701,1423.51,101390,898610
2,76,2.0,2,0.01,0,2
3,76,3.0,3,0.02,0,3
100,76,88.0,97,0.49,12,88
200,76,180.0,197,0.99,20,180
2000,76,1781.0,1989,9.95,219,1781
10000,76,8947.0,9968,49.84,1053,8947
20000,76,17899.0,19935,99.67,2101,17899
40000,76,35853.0,39869,199.34,4147,35853
60000,76,53756.0,59800,299.0,6244,53756
80000,76,71676.0,79739,398.69,8324,71676
100000,76,89663.0,99679,498.39,10337,89663
200000,76,179610.0,115513,577.56,20390,179610
400000,76,359511.0,116839,584.19,40489,359511
600000,76,539499.0,118212,591.06,60501,539499
800000,76,719503.0,119547,597.73,80497,719503
1000000,76,899279.0,120907,604.53,100721,899279
2,77,2.0,2,0.01,0,2
3,77,3.0,3,0.02,0,3
100,77,94.0,26,0.13,6,94
200,77,186.0,36,0.18,14,186
2000,77,1788.0,468,2.34,212,1788
10000,77,8921.0,7327,36.64,1079,8921
20000,77,17897.0,17289,86.44,2103,17897
40000,77,35803.0,37228,186.14,4197,35803
60000,77,53733.0,57152,285.76,6267,53733
80000,77,71591.0,77088,385.44,8409,71591
100000,77,89462.0,97013,485.06,10538,89462
200000,77,179146.0,196691,983.45,20854,179146
400000,77,357950.0,396028,1980.14,42050,357950
600000,77,537003.0,595367,2976.84,62997,537003
800000,77,715882.0,794701,3973.51,84118,715882
1000000,77,895419.0,908706,4543.53,104581,895419
2,78,2.0,2,0.01,0,2
3,78,3.0,3,0.02,0,3
100,78,92.0,93,0.47,8,92
200,78,183.0,193,0.97,17,183
2000,78,1791.0,1982,9.91,209,1791
10000,78,8993.0,2207,11.04,1007,8993
20000,78,17943.0,2544,12.72,2057,17943
40000,78,35919.0,2669,13.35,4081,35919
60000,78,53900.0,2783,13.92,6100,53900
80000,78,71850.0,2914,14.57,8150,71850
100000,78,89859.0,3045,15.23,10141,89859
200000,78,179898.0,3758,18.79,20102,179898
400000,78,359938.0,5582,27.91,40062,359938
600000,78,540352.0,6953,34.76,59648,540352
800000,78,720432.0,8288,41.44,79568,720432
1000000,78,900464.0,9618,48.09,99536,900464
2,79,2.0,2,0.01,0,2
3,79,3.0,3,0.02,0,3
100,79,91.0,100,0.5,9,91
200,79,181.0,200,1.0,19,181
2000,79,1794.0,1987,9.94,206,1794
10000,79,8962.0,7891,39.46,1038,8962
20000,79,17925.0,7944,39.72,2075,17925
40000,79,35974.0,8084,40.42,4026,35974
60000,79,54003.0,8217,41.09,5997,54003
80000,79,71983.0,8343,41.72,8017,71983
100000,79,90052.0,8492,42.46,9948,90052
200000,79,180067.0,9178,45.89,19933,180067
400000,79,360235.0,10487,52.44,39765,360235
600000,79,540049.0,11807,59.04,59951,540049
800000,79,719920.0,13146,65.73,80080,719920
1000000,79,899801.0,14473,72.37,100199,899801
2,80,1.0,2,0.01,1,1
3,80,2.0,3,0.02,1,2
100,80,88.0,100,0.5,12,88
200,80,173.0,200,1.0,27,173
2000,80,1772.0,1995,9.98,228,1772
10000,80,8972.0,9968,49.84,1028,8972
20000,80,17910.0,19918,99.59,2090,17910
40000,80,35762.0,39844,199.22,4238,35762
60000,80,53666.0,59781,298.9,6334,53666
80000,80,71564.0,79712,398.56,8436,71564
100000,80,89434.0,99655,498.27,10566,89434
200000,80,178919.0,199298,996.49,21081,178919
400000,80,357852.0,398651,1993.26,42148,357852
600000,80,536792.0,597970,2989.85,63208,536792
800000,80,715867.0,797002,3985.01,84133,715867
1000000,80,894866.0,995678,4978.39,105134,894866
2,81,2.0,2,0.01,0,2
3,81,3.0,3,0.02,0,3
100,81,89.0,77,0.39,11,89
200,81,173.0,171,0.86,27,173
2000,81,1763.0,1963,9.82,237,1763
10000,81,8926.0,9932,49.66,1074,8926
20000,81,17936.0,19907,99.53,2064,17936
40000,81,35826.0,39844,199.22,4174,35826
60000,81,53785.0,59778,298.89,6215,53785
80000,81,71632.0,79713,398.56,8368,71632
100000,81,89574.0,99648,498.24,10426,89574
200000,81,178928.0,199321,996.6,21072,178928
400000,81,358042.0,398686,1993.43,41958,358042
600000,81,537023.0,597985,2989.93,62977,537023
800000,81,716079.0,797251,3986.26,83921,716079
1000000,81,895043.0,996549,4982.75,104957,895043
2,82,2.0,2,0.01,0,2
3,82,3.0,3,0.02,0,3
100,82,92.0,94,0.47,8,92
200,82,182.0,194,0.97,18,182
2000,82,1795.0,1987,9.94,205,1795
10000,82,8971.0,9961,49.81,1029,8971
20000,82,17957.0,19938,99.69,2043,17957
40000,82,35837.0,36597,182.98,4163,35837
60000,82,53786.0,45068,225.34,6214,53786
80000,82,71794.0,45187,225.93,8206,71794
100000,82,89846.0,45326,226.63,10154,89846
200000,82,179667.0,45954,229.77,20333,179667
400000,82,359451.0,47221,236.1,40549,359451
600000,82,539403.0,48560,242.8,60597,539403
800000,82,719617.0,49929,249.64,80383,719617
1000000,82,899592.0,51212,256.06,100408,899592
2,83,2.0,2,0.01,0,2
3,83,2.0,3,0.02,1,2
100,83,93.0,95,0.48,7,93
200,83,186.0,95,0.48,14,186
2000,83,1807.0,1199,5.99,193,1807
10000,83,8966.0,8990,44.95,1034,8966
20000,83,17911.0,18953,94.76,2089,17911
40000,83,35787.0,38888,194.44,4213,35787
60000,83,53747.0,58822,294.11,6253,53747
80000,83,71653.0,78756,393.78,8347,71653
100000,83,89559.0,93819,469.09,10441,89559
200000,83,179459.0,94481,472.4,20541,179459
400000,83,359243.0,95772,478.86,40757,359243
600000,83,539338.0,97123,485.61,60662,539338
800000,83,719334.0,98470,492.35,80666,719334
1000000,83,899358.0,99801,499.0,100642,899358
2,84,2.0,2,0.01,0,2
3,84,3.0,3,0.02,0,3
100,84,93.0,99,0.5,7,93
200,84,182.0,199,1.0,18,182
2000,84,1785.0,1996,9.98,215,1785
10000,84,8883.0,9946,49.73,1117,8883
20000,84,17791.0,19914,99.57,2209,17791
40000,84,35722.0,39847,199.23,4278,35722
60000,84,53649.0,59796,298.98,6351,53649
80000,84,71533.0,79725,398.62,8467,71533
100000,84,89459.0,99651,498.25,10541,89459
200000,84,178889.0,198776,993.88,21111,178889
400000,84,358495.0,331636,1658.18,41505,358495
600000,84,538536.0,333003,1665.02,61464,538536
800000,84,718612.0,334325,1671.63,81388,718612
1000000,84,898734.0,335635,1678.18,101266,898734
2,85,2.0,2,0.01,0,2
3,85,3.0,3,0.02,0,3
100,85,92.0,100,0.5,8,92
200,85,178.0,200,1.0,22,178
2000,85,1772.0,1992,9.96,228,1772
10000,85,8917.0,9948,49.74,1083,8917
20000,85,17909.0,19913,99.56,2091,17909
40000,85,35876.0,39845,199.22,4124,35876
60000,85,53793.0,58768,293.84,6207,53793
80000,85,71718.0,78716,393.58,8282,71718
100000,85,89588.0,98663,493.31,10412,89588
200000,85,179069.0,197901,989.5,20931,179069
400000,85,358075.0,395968,1979.84,41925,358075
600000,85,537737.0,475438,2377.19,62263,537737
800000,85,717643.0,476732,2383.66,82357,717643
1000000,85,897625.0,478044,2390.22,102375,897625
2,86,2.0,2,0.01,0,2
3,86,3.0,3,0.02,0,3
100,86,95.0,97,0.49,5,95
200,86,186.0,197,0.99,14,186
2000,86,1801.0,1989,9.95,199,1801
10000,86,8957.0,9959,49.8,1043,8957
20000,86,17907.0,19930,99.65,2093,17907
40000,86,35885.0,33826,169.13,4115,35885
60000,86,53853.0,33947,169.73,6147,53853
80000,86,71897.0,34066,170.33,8103,71897
100000,86,89868.0,34210,171.05,10132,89868
200000,86,179824.0,34901,174.5,20176,179824
400000,86,359841.0,36259,181.29,40159,359841
600000,86,539596.0,37643,188.21,60404,539596
800000,86,719527.0,38967,194.83,80473,719527
1000000,86,899425.0,40329,201.64,100575,899425
2,87,1.0,2,0.01,1,1
3,87,1.0,3,0.02,2,1
100,87,89.0,100,0.5,11,89
200,87,180.0,200,1.0,20,180
2000,87,1819.0,1157,5.78,181,1819
10000,87,9005.0,9093,45.47,995,9005
20000,87,17951.0,19060,95.3,2049,17951
40000,87,35827.0,36650,183.25,4173,35827
60000,87,53690.0,50089,250.44,6310,53690
80000,87,71694.0,50227,251.13,8306,71694
100000,87,89704.0,50348,251.74,10296,89704
200000,87,179717.0,51013,255.06,20283,179717
400000,87,359661.0,52349,261.74,40339,359661
600000,87,539716.0,53698,268.49,60284,539716
800000,87,719772.0,55031,275.15,80228,719772
1000000,87,899890.0,56421,282.1,100110,899890
2,88,1.0,2,0.01,1,1
3,88,2.0,3,0.02,1,2
100,88,87.0,88,0.44,13,87
200,88,177.0,188,0.94,23,177
2000,88,1786.0,1985,9.93,214,1786
10000,88,8966.0,9905,49.53,1034,8966
20000,88,17938.0,19873,99.36,2062,17938
40000,88,35810.0,39742,198.71,4190,35810
60000,88,53700.0,59677,298.38,6300,53700
80000,88,71585.0,79593,397.96,8415,71585
100000,88,89532.0,99524,497.62,10468,89532
200000,88,179226.0,199203,996.01,20774,179226
400000,88,358491.0,311547,1557.74,41509,358491
600000,88,538502.0,312888,1564.44,61498,538502
800000,88,718449.0,314281,1571.41,81551,718449
1000000,88,898373.0,315559,1577.8,101627,898373
2,89,2.0,2,0.01,0,2
3,89,3.0,3,0.02,0,3
100,89,89.0,100,0.5,11,89
200,89,178.0,200,1.0,22,178
2000,89,1816.0,1994,9.97,184,1816
10000,89,8979.0,9966,49.83,1021,8979
20000,89,17983.0,11490,57.45,2017,17983
40000,89,36018.0,11656,58.28,3982,36018
60000,89,54042.0,11789,58.95,5958,54042
80000,89,72026.0,11904,59.52,7974,72026
100000,89,90036.0,12048,60.24,9964,90036
200000,89,180161.0,12714,63.57,19839,180161
400000,89,360195.0,14069,70.35,39805,360195
600000,89,540260.0,15411,77.06,59740,540260
800000,89,720281.0,16736,83.68,79719,720281
1000000,89,900487.0,18056,90.28,99513,900487
2,90,2.0,2,0.01,0,2
3,90,3.0,3,0.02,0,3
100,90,88.0,100,0.5,12,88
200,90,181.0,200,1.0,19,181
2000,90,1776.0,1993,9.97,224,1776
10000,90,8938.0,9968,49.84,1062,8938
20000,90,17935.0,19928,99.64,2065,17935
40000,90,35828.0,39862,199.31,4172,35828
60000,90,53826.0,59808,299.04,6174,53826
80000,90,71696.0,79733,398.66,8304,71696
100000,90,89619.0,99676,498.38,10381,89619
200000,90,179027.0,199329,996.64,20973,179027
400000,90,358138.0,398658,1993.29,41862,358138
600000,90,537047.0,598009,2990.05,62953,537047
800000,90,715967.0,797362,3986.81,84033,715967
1000000,90,895143.0,996548,4982.74,104857,895143
2,91,2.0,2,0.01,0,2
3,91,3.0,3,0.02,0,3
100,91,88.0,98,0.49,12,88
200,91,174.0,198,0.99,26,174
2000,91,1787.0,1993,9.97,213,1787
10000,91,8903.0,9972,49.86,1097,8903
20000,91,17860.0,19939,99.69,2140,17860
40000,91,35739.0,39869,199.34,4261,35739
60000,91,53602.0,59807,299.03,6398,53602
80000,91,71550.0,79730,398.65,8450,71550
100000,91,89419.0,99625,498.12,10581,89419
200000,91,179408.0,103506,517.53,20592,179408
400000,91,359401.0,104870,524.35,40599,359401
600000,91,539452.0,106195,530.97,60548,539452
800000,91,719411.0,107505,537.52,80589,719411
1000000,91,899548.0,108952,544.76,100452,899548
2,92,2.0,2,0.01,0,2
3,92,3.0,3,0.02,0,3
100,92,91.0,100,0.5,9,91
200,92,179.0,194,0.97,21,179
2000,92,1783.0,1986,9.93,217,1783
10000,92,8932.0,9788,48.94,1068,8932
20000,92,17915.0,19756,98.78,2085,17915
40000,92,35800.0,39701,198.5,4200,35800
60000,92,53691.0,59639,298.19,6309,53691
80000,92,71571.0,79561,397.8,8429,71571
100000,92,89558.0,99497,497.48,10442,89558
200000,92,179218.0,199145,995.72,20782,179218
400000,92,359155.0,217625,1088.13,40845,359155
600000,92,538937.0,218945,1094.73,61063,538937
800000,92,718750.0,220245,1101.23,81250,718750
1000000,92,898906.0,221532,1107.66,101094,898906
2,93,2.0,2,0.01,0,2
3,93,3.0,3,0.02,0,3
100,93,85.0,100,0.5,15,85
200,93,177.0,199,1.0,23,177
2000,93,1794.0,1996,9.98,206,1794
10000,93,8946.0,9976,49.88,1054,8946
20000,93,17908.0,19926,99.63,2092,17908
40000,93,35782.0,39808,199.04,4218,35782
60000,93,53684.0,59701,298.5,6316,53684
80000,93,71569.0,71578,357.89,8431,71569
100000,93,89563.0,71723,358.61,10437,89563
200000,93,179614.0,72440,362.2,20386,179614
400000,93,359892.0,74713,373.56,40108,359892
600000,93,539900.0,76870,384.35,60100,539900
800000,93,719716.0,78235,391.17,80284,719716
1000000,93,899650.0,79571,397.85,100350,899650
2,94,1.0,2,0.01,1,1
3,94,2.0,3,0.02,1,2
100,94,86.0,100,0.5,14,86
200,94,174.0,200,1.0,26,174
2000,94,1762.0,377,1.88,238,1762
10000,94,8918.0,8103,40.52,1082,8918
20000,94,17905.0,18066,90.33,2095,17905
40000,94,35769.0,37999,189.99,4231,35769
60000,94,53684.0,57925,289.62,6316,53684
80000,94,71635.0,77859,389.29,8365,71635
100000,94,89444.0,97794,488.97,10556,89444
200000,94,178895.0,197480,987.4,21105,178895
400000,94,357880.0,396804,1984.02,42120,357880
600000,94,536765.0,596171,2980.86,63235,536765
800000,94,715937.0,795468,3977.34,84063,715937
1000000,94,895711.0,846143,4230.72,104289,895711
2,95,2.0,2,0.01,0,2
3,95,2.0,3,0.02,1,2
100,95,89.0,100,0.5,11,89
200,95,172.0,200,1.0,28,172
2000,95,1797.0,1968,9.84,203,1797
10000,95,8971.0,9944,49.72,1029,8971
20000,95,17916.0,19897,99.48,2084,17916
40000,95,35817.0,39835,199.17,4183,35817
60000,95,53773.0,59776,298.88,6227,53773
80000,95,71675.0,79723,398.61,8325,71675
100000,95,89584.0,99648,498.24,10416,89584
200000,95,179166.0,199290,996.45,20834,179166
400000,95,358175.0,398510,1992.55,41825,358175
600000,95,537940.0,432876,2164.38,62060,537940
800000,95,717945.0,434203,2171.02,82055,717945
1000000,95,897812.0,435545,2177.73,102188,897812
2,96,2.0,2,0.01,0,2
3,96,3.0,3,0.02,0,3
100,96,90.0,100,0.5,10,90
200,96,177.0,196,0.98,23,177
2000,96,1806.0,1993,9.97,194,1806
10000,96,8975.0,9957,49.79,1025,8975
20000,96,17891.0,19928,99.64,2109,17891
40000,96,35778.0,39869,199.34,4222,35778
60000,96,53661.0,59608,298.04,6339,53661
80000,96,71555.0,79545,397.72,8445,71555
100000,96,89366.0,99482,497.41,10634,89366
200000,96,178924.0,163574,817.87,21076,178924
400000,96,358910.0,164878,824.39,41090,358910
600000,96,539010.0,166202,831.01,60990,539010
800000,96,718891.0,167517,837.58,81109,718891
1000000,96,898850.0,168836,844.18,101150,898850
2,97,2.0,2,0.01,0,2
3,97,3.0,3,0.02,0,3
100,97,91.0,100,0.5,9,91
200,97,180.0,200,1.0,20,180
2000,97,1790.0,1978,9.89,210,1790
10000,97,8890.0,9930,49.65,1110,8890
20000,97,17866.0,19897,99.48,2134,17866
40000,97,35759.0,39830,199.15,4241,35759
60000,97,53607.0,59756,298.78,6393,53607
80000,97,71550.0,79695,398.47,8450,71550
100000,97,89491.0,99600,498.0,10509,89491
200000,97,179203.0,125888,629.44,20797,179203
400000,97,359264.0,127274,636.37,40736,359264
600000,97,539022.0,128628,643.14,60978,539022
800000,97,719038.0,129940,649.7,80962,719038
1000000,97,898947.0,131304,656.52,101053,898947
2,98,2.0,2,0.01,0,2
3,98,3.0,3,0.02,0,3
100,98,91.0,100,0.5,9,91
200,98,180.0,200,1.0,20,180
2000,98,1789.0,1691,8.45,211,1789
10000,98,8984.0,9662,48.31,1016,8984
20000,98,17918.0,19638,98.19,2082,17918
40000,98,35885.0,39569,197.84,4115,35885
60000,98,53766.0,59507,297.53,6234,53766
80000,98,71634.0,79447,397.23,8366,71634
100000,98,89528.0,99220,496.1,10472,89528
200000,98,179001.0,198888,994.44,20999,179001
400000,98,358024.0,398206,1991.03,41976,358024
600000,98,536751.0,597564,2987.82,63249,536751
800000,98,715875.0,796861,3984.31,84125,715875
1000000,98,895298.0,922417,4612.09,104702,895298
2,99,2.0,2,0.01,0,2
3,99,3.0,3,0.02,0,3
100,99,91.0,100,0.5,9,91
200,99,180.0,200,1.0,20,180
2000,99,1809.0,1990,9.95,191,1809
10000,99,8934.0,9915,49.58,1066,8934
20000,99,17901.0,19885,99.42,2099,17901
40000,99,35768.0,39766,198.83,4232,35768
60000,99,53752.0,59703,298.51,6248,53752
80000,99,71633.0,79388,396.94,8367,71633
100000,99,89568.0,99193,495.96,10432,89568
200000,99,179112.0,198839,994.19,20888,179112
400000,99,358178.0,398179,1990.9,41822,358178
600000,99,537128.0,597478,2987.39,62872,537128
800000,99,716145.0,796787,3983.94,83855,716145
1000000,99,895124.0,996130,4980.65,104876,895124
2,100,2.0,2,0.01,0,2
3,100,3.0,3,0.02,0,3
100,100,90.0,93,0.47,10,90
200,100,180.0,193,0.97,20,180
2000,100,1775.0,1986,9.93,225,1775
10000,100,8934.0,3825,19.13,1066,8934
20000,100,17926.0,3882,19.41,2074,17926
40000,100,35975.0,4021,20.11,4025,35975
60000,100,54020.0,4160,20.8,5980,54020
80000,100,71968.0,4303,21.52,8032,71968
100000,100,90075.0,4428,22.14,9925,90075
200000,100,179934.0,5091,25.45,20066,179934
400000,100,360001.0,8151,40.76,39999,360001
600000,100,539794.0,9442,47.21,60206,539794
800000,100,720051.0,10839,54.2,79949,720051
1000000,100,899905.0,12204,61.02,100095,899905
