Timestep,Iteration,Total Reward,Suboptimal Arms,Total Regret,Zeros Count,Ones Count
2,1,2.0,0,0.0,0,2
3,1,3.0,0,0.0,0,3
100,1,92.0,0,0.0,8,92
200,1,183.0,0,0.0,17,183
2000,1,1782.0,26,0.53,218,1782
10000,1,8911.0,70,1.75,1089,8911
20000,1,17867.0,134,3.35,2133,17867
40000,1,35739.0,252,6.58,4261,35739
60000,1,53602.0,392,10.08,6398,53602
80000,1,71520.0,505,12.61,8480,71520
100000,1,89377.0,653,16.27,10623,89377
200000,1,178745.0,1379,32.46,21255,178745
400000,1,357819.0,2913,66.61,42181,357819
600000,1,536825.0,4798,103.59,63175,536825
800000,1,715618.0,6136,136.36,84382,715618
1000000,1,894734.0,7521,171.2,105266,894734
2,2,2.0,0,0.0,0,2
3,2,3.0,0,0.0,0,3
100,2,92.0,0,0.0,8,92
200,2,179.0,0,0.0,21,179
2000,2,1800.0,57,0.69,200,1800
10000,2,8923.0,117,1.94,1077,8923
20000,2,17865.0,723,6.73,2135,17865
40000,2,35718.0,873,10.28,4282,35718
60000,2,53610.0,1021,14.07,6390,53610
80000,2,71526.0,1162,16.93,8474,71526
100000,2,89395.0,1315,20.9,10605,89395
200000,2,178823.0,1967,37.0,21177,178823
400000,2,357614.0,3293,71.15,42386,357614
600000,2,536768.0,4615,104.16,63232,536768
800000,2,715724.0,5960,138.0,84276,715724
1000000,2,894521.0,7295,171.91,105479,894521
2,3,2.0,0,0.0,0,2
3,3,3.0,0,0.0,0,3
100,3,87.0,0,0.0,13,87
200,3,175.0,0,0.0,25,175
2000,3,1798.0,14,0.27,202,1798
10000,3,8960.0,83,1.73,1040,8960
20000,3,17923.0,3076,18.06,2077,17923
40000,3,35828.0,3439,22.44,4172,35828
60000,3,53734.0,4273,29.48,6266,53734
80000,3,71573.0,4421,32.9,8427,71573
100000,3,89551.0,4587,37.18,10449,89551
200000,3,178990.0,5189,52.79,21010,178990
400000,3,358176.0,6516,85.62,41824,358176
600000,3,536966.0,8681,123.12,63034,536966
800000,3,715888.0,9963,155.57,84112,715888
1000000,3,894953.0,11245,188.1,105047,894953
2,4,2.0,0,0.0,0,2
3,4,3.0,0,0.0,0,3
100,4,89.0,0,0.0,11,89
200,4,181.0,0,0.0,19,181
2000,4,1787.0,1616,8.4,213,1787
10000,4,8920.0,2270,12.51,1080,8920
20000,4,17860.0,2348,14.7,2140,17860
40000,4,35706.0,2486,18.39,4294,35706
60000,4,53561.0,2637,22.07,6439,53561
80000,4,71459.0,2761,25.33,8541,71459
100000,4,89377.0,2888,28.48,10623,89377
200000,4,178825.0,3541,44.71,21175,178825
400000,4,357759.0,4865,78.01,42241,357759
600000,4,536705.0,6097,109.05,63295,536705
800000,4,715700.0,7415,142.11,84300,715700
1000000,4,894938.0,8651,173.81,105062,894938
2,5,1.0,0,0.0,1,1
3,5,2.0,0,0.0,1,2
100,5,87.0,0,0.0,13,87
200,5,177.0,0,0.0,23,177
2000,5,1779.0,36,0.5,221,1779
10000,5,8940.0,104,1.84,1060,8940
20000,5,17885.0,162,3.17,2115,17885
40000,5,35804.0,871,8.83,4196,35804
60000,5,53738.0,1070,12.51,6262,53738
80000,5,71672.0,1219,16.74,8328,71672
100000,5,89570.0,1344,20.08,10430,89570
200000,5,179110.0,2049,37.41,20890,179110
400000,5,358037.0,3422,72.67,41963,358037
600000,5,536836.0,4735,104.88,63164,536836
800000,5,715677.0,6116,140.54,84323,715677
1000000,5,894959.0,7471,174.03,105041,894959
2,6,1.0,0,0.0,1,1
3,6,2.0,0,0.0,1,2
100,6,88.0,0,0.0,12,88
200,6,181.0,0,0.0,19,181
2000,6,1774.0,15,0.44,226,1774
10000,6,8924.0,95,2.11,1076,8924
20000,6,17848.0,182,3.63,2152,17848
40000,6,35729.0,319,7.23,4271,35729
60000,6,53635.0,439,10.08,6365,53635
80000,6,71561.0,563,13.38,8439,71561
100000,6,89504.0,688,16.6,10496,89504
200000,6,179011.0,1368,33.4,20989,179011
400000,6,357811.0,2734,67.71,42189,357811
600000,6,536569.0,4103,102.12,63431,536569
800000,6,715625.0,5419,133.61,84375,715625
1000000,6,894654.0,6704,165.88,105346,894654
2,7,2.0,0,0.0,0,2
3,7,3.0,0,0.0,0,3
100,7,89.0,3,0.14,11,89
200,7,176.0,6,0.19,24,176
2000,7,1792.0,12,0.3,208,1792
10000,7,8921.0,64,1.52,1079,8921
20000,7,17869.0,118,2.95,2131,17869
40000,7,35752.0,261,6.46,4248,35752
60000,7,53703.0,412,9.46,6297,53703
80000,7,71564.0,545,12.61,8436,71564
100000,7,89430.0,743,16.88,10570,89430
200000,7,178982.0,1453,33.55,21018,178982
400000,7,358184.0,2790,67.43,41816,358184
600000,7,537022.0,4149,101.43,62978,537022
800000,7,716081.0,5506,135.49,83919,716081
1000000,7,895176.0,6849,168.68,104824,895176
2,8,1.0,0,0.0,1,1
3,8,2.0,0,0.0,1,2
100,8,90.0,0,0.0,10,90
200,8,182.0,1,0.05,18,182
2000,8,1796.0,24,0.4,204,1796
10000,8,8957.0,71,1.51,1043,8957
20000,8,17892.0,397,5.02,2108,17892
40000,8,35800.0,544,8.84,4200,35800
60000,8,53734.0,685,12.03,6266,53734
80000,8,71651.0,807,15.28,8349,71651
100000,8,89445.0,949,18.67,10555,89445
200000,8,178920.0,1612,35.74,21080,178920
400000,8,357676.0,2941,69.11,42324,357676
600000,8,536675.0,4300,104.22,63325,536675
800000,8,715688.0,5653,137.22,84312,715688
1000000,8,894645.0,6985,170.76,105355,894645
2,9,2.0,0,0.0,0,2
3,9,3.0,0,0.0,0,3
100,9,96.0,42,0.21,4,96
200,9,185.0,91,0.46,15,185
2000,9,1780.0,595,14.62,220,1780
10000,9,8904.0,8369,55.73,1096,8904
20000,9,17751.0,18338,107.05,2249,17751
40000,9,35560.0,38286,209.71,4440,35560
60000,9,53339.0,58220,311.82,6661,53339
80000,9,71151.0,78153,413.84,8849,71151
100000,9,88954.0,98099,516.53,11046,88954
200000,9,177855.0,197787,1027.97,22145,177855
400000,9,355779.0,397127,2049.88,44221,355779
600000,9,534032.0,570492,2942.9,65968,534032
800000,9,713075.0,571778,2974.61,86925,713075
1000000,9,891892.0,573127,3008.36,108108,891892
2,10,1.0,0,0.0,1,1
3,10,2.0,0,0.0,1,2
100,10,86.0,0,0.0,14,86
200,10,180.0,62,0.31,20,180
2000,10,1778.0,1849,9.41,222,1778
10000,10,8874.0,9823,50.4,1126,8874
20000,10,17783.0,19793,101.48,2217,17783
40000,10,35567.0,39732,203.9,4433,35567
60000,10,53496.0,46406,239.71,6504,53496
80000,10,71332.0,46548,243.46,8668,71332
100000,10,89257.0,46692,247.42,10743,89257
200000,10,178846.0,47362,264.77,21154,178846
400000,10,357799.0,48725,300.46,42201,357799
600000,10,536621.0,50052,334.18,63379,536621
800000,10,715615.0,51370,368.29,84385,715615
1000000,10,894785.0,52703,401.91,105215,894785
2,11,1.0,0,0.0,1,1
3,11,2.0,0,0.0,1,2
100,11,88.0,0,0.0,12,88
200,11,178.0,0,0.0,22,178
2000,11,1767.0,488,3.08,233,1767
10000,11,8952.0,541,4.58,1048,8952
20000,11,17885.0,606,6.31,2115,17885
40000,11,35866.0,744,9.76,4134,35866
60000,11,53734.0,887,13.6,6266,53734
80000,11,71676.0,1020,17.1,8324,71676
100000,11,89530.0,1150,20.47,10470,89530
200000,11,178937.0,1831,37.4,21063,178937
400000,11,357942.0,3174,70.43,42058,357942
600000,11,537151.0,4484,104.22,62849,537151
800000,11,716222.0,5804,137.06,83778,716222
1000000,11,895228.0,7122,170.17,104772,895228
2,12,2.0,0,0.0,0,2
3,12,3.0,0,0.0,0,3
100,12,89.0,3,0.02,11,89
200,12,177.0,4,0.06,23,177
2000,12,1797.0,191,1.35,203,1797
10000,12,8987.0,2948,16.18,1013,8987
20000,12,17854.0,3049,18.25,2146,17854
40000,12,35693.0,6356,38.3,4307,35693
60000,12,53623.0,6477,41.19,6377,53623
80000,12,71533.0,6607,44.48,8467,71533
100000,12,89397.0,6732,47.7,10603,89397
200000,12,178947.0,7382,63.15,21053,178947
400000,12,357765.0,8686,95.47,42235,357765
600000,12,536665.0,10029,129.46,63335,536665
800000,12,715806.0,11317,160.98,84194,715806
1000000,12,894580.0,12636,193.58,105420,894580
2,13,1.0,0,0.0,1,1
3,13,2.0,0,0.0,1,2
100,13,83.0,27,0.14,17,83
200,13,170.0,127,0.64,30,170
2000,13,1763.0,1919,11.04,237,1763
10000,13,8885.0,9892,51.98,1115,8885
20000,13,17793.0,19865,103.2,2207,17793
40000,13,35580.0,39819,205.73,4420,35580
60000,13,53319.0,59739,308.17,6681,53319
80000,13,71164.0,79666,411.09,8836,71164
100000,13,89017.0,99605,513.54,10983,89017
200000,13,178154.0,183615,946.59,21846,178154
400000,13,357154.0,184918,978.87,42846,357154
600000,13,535937.0,186247,1012.27,64063,535937
800000,13,715191.0,187613,1048.06,84809,715191
1000000,13,894393.0,188959,1083.15,105607,894393
2,14,2.0,0,0.0,0,2
3,14,2.0,0,0.0,1,2
100,14,86.0,2,0.09,14,86
200,14,174.0,2,0.09,26,174
2000,14,1773.0,221,8.9,227,1773
10000,14,8937.0,1345,15.81,1063,8937
20000,14,17943.0,1419,17.74,2057,17943
40000,14,35826.0,1557,20.99,4174,35826
60000,14,53698.0,1698,24.45,6302,53698
80000,14,71581.0,1820,27.22,8419,71581
100000,14,89519.0,1961,30.57,10481,89519
200000,14,179025.0,2664,47.88,20975,179025
400000,14,358049.0,3936,79.88,41951,358049
600000,14,537085.0,5318,115.39,62915,537085
800000,14,716105.0,6696,148.92,83895,716105
1000000,14,895160.0,8176,183.48,104840,895160
2,15,2.0,0,0.0,0,2
3,15,3.0,0,0.0,0,3
100,15,86.0,1,0.05,14,86
200,15,178.0,3,0.14,22,178
2000,15,1777.0,21,0.51,223,1777
10000,15,8960.0,73,1.68,1040,8960
20000,15,17857.0,141,3.14,2143,17857
40000,15,35784.0,283,6.45,4216,35784
60000,15,53616.0,423,10.0,6384,53616
80000,15,71575.0,561,13.33,8425,71575
100000,15,89523.0,696,17.08,10477,89523
200000,15,178999.0,1380,33.14,21001,178999
400000,15,357945.0,2670,65.91,42055,357945
600000,15,537075.0,3984,99.24,62925,537075
800000,15,716063.0,5979,135.05,83937,716063
1000000,15,894858.0,7303,167.79,105142,894858
2,16,2.0,0,0.0,0,2
3,16,3.0,0,0.0,0,3
100,16,94.0,9,0.05,6,94
200,16,181.0,9,0.05,19,181
2000,16,1792.0,97,3.8,208,1792
10000,16,8941.0,166,5.31,1059,8941
20000,16,17876.0,231,6.99,2124,17876
40000,16,35783.0,385,10.57,4217,35783
60000,16,53723.0,599,13.92,6277,53723
80000,16,71653.0,757,18.35,8347,71653
100000,16,89542.0,889,21.61,10458,89542
200000,16,179000.0,1543,38.16,21000,179000
400000,16,358166.0,2785,68.17,41834,358166
600000,16,536976.0,5027,107.05,63024,536976
800000,16,715972.0,6379,138.05,84028,715972
1000000,16,894867.0,7725,173.02,105133,894867
2,17,2.0,0,0.0,0,2
3,17,3.0,0,0.0,0,3
100,17,84.0,1,0.01,16,84
200,17,172.0,1,0.01,28,172
2000,17,1771.0,240,2.08,229,1771
10000,17,8921.0,287,3.31,1079,8921
20000,17,17900.0,360,5.24,2100,17900
40000,17,35782.0,495,8.75,4218,35782
60000,17,53647.0,615,12.04,6353,53647
80000,17,71456.0,746,15.01,8544,71456
100000,17,89434.0,887,18.56,10566,89434
200000,17,178932.0,1574,36.63,21068,178932
400000,17,357752.0,2836,67.46,42248,357752
600000,17,536618.0,4157,100.27,63382,536618
800000,17,715693.0,5517,134.02,84307,715693
1000000,17,894588.0,6873,167.96,105412,894588
2,18,2.0,0,0.0,0,2
3,18,3.0,0,0.0,0,3
100,18,89.0,0,0.0,11,89
200,18,172.0,5,0.23,28,172
2000,18,1775.0,198,1.31,225,1775
10000,18,8923.0,254,2.79,1077,8923
20000,18,17912.0,307,4.13,2088,17912
40000,18,35769.0,422,7.31,4231,35769
60000,18,53645.0,558,10.35,6355,53645
80000,18,71572.0,704,13.88,8428,71572
100000,18,89449.0,839,17.44,10551,89449
200000,18,178820.0,1480,32.56,21180,178820
400000,18,357831.0,2855,68.0,42169,357831
600000,18,536700.0,4180,103.14,63300,536700
800000,18,715610.0,5497,135.64,84390,715610
1000000,18,894332.0,6771,167.05,105668,894332
2,19,2.0,0,0.0,0,2
3,19,3.0,0,0.0,0,3
100,19,93.0,3,0.14,7,93
200,19,179.0,4,0.18,21,179
2000,19,1792.0,140,1.1,208,1792
10000,19,8889.0,194,2.37,1111,8889
20000,19,17832.0,264,4.2,2168,17832
40000,19,35729.0,389,7.14,4271,35729
60000,19,53656.0,521,10.37,6344,53656
80000,19,71586.0,651,13.66,8414,71586
100000,19,89445.0,804,16.86,10555,89445
200000,19,178979.0,1453,33.35,21021,178979
400000,19,357933.0,2806,68.15,42067,357933
600000,19,536775.0,4118,99.51,63225,536775
800000,19,716000.0,5478,133.59,84000,716000
1000000,19,894936.0,6842,167.33,105064,894936
2,20,2.0,0,0.0,0,2
3,20,3.0,0,0.0,0,3
100,20,94.0,93,2.26,6,94
200,20,181.0,191,4.71,19,181
2000,20,1779.0,1986,19.09,221,1779
10000,20,8936.0,9962,59.89,1064,8936
20000,20,17808.0,19909,111.46,2192,17808
40000,20,35642.0,39838,213.55,4358,35642
60000,20,53503.0,44435,239.29,6497,53503
80000,20,71364.0,44559,242.07,8636,71364
100000,20,89262.0,44691,245.25,10738,89262
200000,20,178885.0,45316,260.58,21115,178885
400000,20,358048.0,46664,295.4,41952,358048
600000,20,536939.0,48017,329.96,63061,536939
800000,20,716067.0,49388,364.66,83933,716067
1000000,20,895161.0,50734,397.23,104839,895161
2,21,2.0,0,0.0,0,2
3,21,3.0,0,0.0,0,3
100,21,88.0,21,0.87,12,88
200,21,178.0,121,5.36,22,178
2000,21,1711.0,1880,83.84,289,1711
10000,21,8747.0,9864,208.4,1253,8747
20000,21,17650.0,19824,259.48,2350,17650
40000,21,35500.0,39750,361.87,4500,35500
60000,21,53332.0,59698,464.41,6668,53332
80000,21,71109.0,79644,566.74,8891,71109
100000,21,88909.0,99588,668.58,11091,88909
200000,21,177797.0,199222,1179.47,22203,177797
400000,21,355748.0,398573,2201.83,44252,355748
600000,21,533744.0,597194,3221.97,66256,533744
800000,21,712467.0,640980,3468.62,87533,712467
1000000,21,891234.0,642312,3501.88,108766,891234
2,22,1.0,0,0.0,1,1
3,22,2.0,0,0.0,1,2
100,22,89.0,0,0.0,11,89
200,22,175.0,0,0.0,25,175
2000,22,1787.0,17,0.33,213,1787
10000,22,8953.0,1331,7.93,1047,8953
20000,22,17896.0,1434,9.49,2104,17896
40000,22,35802.0,1821,13.79,4198,35802
60000,22,53665.0,2483,19.49,6335,53665
80000,22,71510.0,2960,24.36,8490,71510
100000,22,89382.0,3355,29.13,10618,89382
200000,22,178974.0,3996,44.62,21026,178974
400000,22,357821.0,5318,77.83,42179,357821
600000,22,536661.0,6650,111.17,63339,536661
800000,22,715433.0,7957,143.62,84567,715433
1000000,22,894096.0,9298,177.25,105904,894096
2,23,2.0,0,0.0,0,2
3,23,3.0,0,0.0,0,3
100,23,87.0,0,0.0,13,87
200,23,178.0,0,0.0,22,178
2000,23,1782.0,934,4.83,218,1782
10000,23,8926.0,2026,11.37,1074,8926
20000,23,17899.0,2078,12.67,2101,17899
40000,23,35810.0,2209,15.73,4190,35810
60000,23,53704.0,2381,19.91,6296,53704
80000,23,71549.0,2508,23.14,8451,71549
100000,23,89483.0,2620,25.74,10517,89483
200000,23,178940.0,3284,42.94,21060,178940
400000,23,357945.0,4659,77.3,42055,357945
600000,23,536871.0,5970,110.29,63129,536871
800000,23,716021.0,7319,144.91,83979,716021
1000000,23,895127.0,8633,178.52,104873,895127
2,24,2.0,0,0.0,0,2
3,24,3.0,0,0.0,0,3
100,24,91.0,0,0.0,9,91
200,24,184.0,4,0.02,16,184
2000,24,1814.0,59,2.05,186,1814
10000,24,8961.0,173,3.78,1039,8961
20000,24,17952.0,233,5.56,2048,17952
40000,24,35810.0,406,9.07,4190,35810
60000,24,53657.0,552,12.84,6343,53657
80000,24,71588.0,697,16.49,8412,71588
100000,24,89502.0,836,19.82,10498,89502
200000,24,178812.0,1489,36.41,21188,178812
400000,24,357612.0,2790,69.63,42388,357612
600000,24,536591.0,4089,102.81,63409,536591
800000,24,715398.0,5417,137.12,84602,715398
1000000,24,894447.0,6764,169.74,105553,894447
2,25,2.0,0,0.0,0,2
3,25,3.0,0,0.0,0,3
100,25,88.0,1,0.01,12,88
200,25,177.0,25,1.09,23,177
2000,25,1781.0,45,1.78,219,1781
10000,25,8945.0,101,3.22,1055,8945
20000,25,17918.0,162,4.45,2082,17918
40000,25,35842.0,292,7.74,4158,35842
60000,25,53752.0,416,11.04,6248,53752
80000,25,71586.0,550,14.39,8414,71586
100000,25,89435.0,675,17.34,10565,89435
200000,25,178949.0,2449,40.05,21051,178949
400000,25,358348.0,4092,76.18,41652,358348
600000,25,537214.0,6316,114.06,62786,537214
800000,25,716230.0,7674,148.37,83770,716230
1000000,25,895099.0,9292,182.98,104901,895099
2,26,0.0,0,0.0,2,0
3,26,1.0,0,0.0,2,1
100,26,88.0,5,0.03,12,88
200,26,177.0,5,0.03,23,177
2000,26,1798.0,169,1.36,202,1798
10000,26,8960.0,229,2.7,1040,8960
20000,26,17869.0,735,6.75,2131,17869
40000,26,35777.0,854,9.59,4223,35777
60000,26,53667.0,976,12.52,6333,53667
80000,26,71566.0,1416,17.52,8434,71566
100000,26,89445.0,1549,20.59,10555,89445
200000,26,178894.0,2224,36.6,21106,178894
400000,26,357697.0,3591,70.64,42303,357697
600000,26,536649.0,4830,102.19,63351,536649
800000,26,715448.0,6217,136.84,84552,715448
1000000,26,894228.0,7547,170.73,105772,894228
2,27,2.0,0,0.0,0,2
3,27,3.0,0,0.0,0,3
100,27,92.0,0,0.0,8,92
200,27,184.0,11,0.06,16,184
2000,27,1773.0,73,0.89,227,1773
10000,27,8940.0,149,2.22,1060,8940
20000,27,17913.0,228,4.22,2087,17913
40000,27,35849.0,487,8.19,4151,35849
60000,27,53694.0,656,12.04,6306,53694
80000,27,71570.0,782,15.31,8430,71570
100000,27,89505.0,910,18.79,10495,89505
200000,27,179047.0,1571,34.86,20953,179047
400000,27,357923.0,2946,69.57,42077,357923
600000,27,536980.0,4256,100.92,63020,536980
800000,27,715895.0,5554,133.85,84105,715895
1000000,27,894948.0,6878,167.11,105052,894948
2,28,2.0,0,0.0,0,2
3,28,3.0,0,0.0,0,3
100,28,93.0,0,0.0,7,93
200,28,182.0,0,0.0,18,182
2000,28,1773.0,36,1.1,227,1773
10000,28,8923.0,87,2.19,1077,8923
20000,28,17869.0,228,4.34,2131,17869
40000,28,35742.0,374,8.15,4258,35742
60000,28,53647.0,615,12.24,6353,53647
80000,28,71541.0,824,15.84,8459,71541
100000,28,89400.0,970,19.41,10600,89400
200000,28,178787.0,1623,35.68,21213,178787
400000,28,357953.0,2911,67.8,42047,357953
600000,28,536697.0,4251,101.38,63303,536697
800000,28,715679.0,5638,136.91,84321,715679
1000000,28,894773.0,6960,168.92,105227,894773
2,29,2.0,0,0.0,0,2
3,29,3.0,0,0.0,0,3
100,29,94.0,38,1.15,6,94
200,29,186.0,38,1.15,14,186
2000,29,1791.0,395,4.37,209,1791
10000,29,8970.0,444,5.46,1030,8970
20000,29,17931.0,506,6.73,2069,17931
40000,29,35816.0,806,11.07,4184,35816
60000,29,53751.0,961,14.57,6249,53751
80000,29,71591.0,1079,17.28,8409,71591
100000,29,89532.0,1226,20.93,10468,89532
200000,29,178994.0,1888,37.4,21006,178994
400000,29,357824.0,3219,69.94,42176,357824
600000,29,536739.0,4564,102.5,63261,536739
800000,29,715545.0,5892,135.78,84455,715545
1000000,29,894271.0,7218,168.73,105729,894271
2,30,2.0,0,0.0,0,2
3,30,3.0,0,0.0,0,3
100,30,92.0,8,0.36,8,92
200,30,186.0,8,0.36,14,186
2000,30,1827.0,24,0.92,173,1827
10000,30,9014.0,78,2.43,986,9014
20000,30,17908.0,130,3.73,2092,17908
40000,30,35852.0,256,7.0,4148,35852
60000,30,53828.0,390,10.39,6172,53828
80000,30,71730.0,519,13.72,8270,71730
100000,30,89612.0,672,17.52,10388,89612
200000,30,179003.0,1306,33.57,20997,179003
400000,30,357873.0,2644,66.74,42127,357873
600000,30,536697.0,4025,100.09,63303,536697
800000,30,715584.0,5392,134.56,84416,715584
1000000,30,894376.0,37300,321.82,105624,894376
2,31,1.0,0,0.0,1,1
3,31,2.0,0,0.0,1,2
100,31,86.0,0,0.0,14,86
200,31,175.0,0,0.0,25,175
2000,31,1800.0,66,1.05,200,1800
10000,31,8964.0,267,6.21,1036,8964
20000,31,17881.0,350,8.47,2119,17881
40000,31,35752.0,483,11.94,4248,35752
60000,31,53629.0,623,15.2,6371,53629
80000,31,71502.0,811,18.94,8498,71502
100000,31,89418.0,935,21.88,10582,89418
200000,31,178769.0,1927,40.48,21231,178769
400000,31,357574.0,3224,72.84,42426,357574
600000,31,536441.0,4489,104.97,63559,536441
800000,31,715530.0,5814,138.03,84470,715530
1000000,31,894425.0,7128,170.2,105575,894425
2,32,2.0,0,0.0,0,2
3,32,3.0,0,0.0,0,3
100,32,86.0,26,1.17,14,86
200,32,174.0,122,5.49,26,174
2000,32,1795.0,1918,24.35,205,1795
10000,32,8955.0,9887,65.24,1045,8955
20000,32,17915.0,19866,116.33,2085,17915
40000,32,35724.0,39793,218.44,4276,35724
60000,32,53579.0,59733,321.34,6421,53579
80000,32,71499.0,79674,423.13,8501,71499
100000,32,89291.0,99602,524.73,10709,89291
200000,32,178306.0,199291,1038.13,21694,178306
400000,32,356292.0,398655,2062.8,43708,356292
600000,32,534164.0,597980,3086.5,65836,534164
800000,32,712261.0,797274,4111.13,87739,712261
1000000,32,890322.0,996580,5133.58,109678,890322
2,33,2.0,0,0.0,0,2
3,33,3.0,0,0.0,0,3
100,33,90.0,0,0.0,10,90
200,33,180.0,0,0.0,20,180
2000,33,1787.0,29,1.19,213,1787
10000,33,8961.0,121,3.96,1039,8961
20000,33,17919.0,198,5.79,2081,17919
40000,33,35793.0,2554,20.33,4207,35793
60000,33,53695.0,2896,24.88,6305,53695
80000,33,71595.0,3049,28.49,8405,71595
100000,33,89434.0,3192,32.36,10566,89434
200000,33,179005.0,3828,48.02,20995,179005
400000,33,357789.0,6760,90.36,42211,357789
600000,33,536599.0,8048,122.8,63401,536599
800000,33,715729.0,9396,156.74,84271,715729
1000000,33,894732.0,15488,212.76,105268,894732
2,34,1.0,1,0.01,1,1
3,34,2.0,1,0.01,1,2
100,34,90.0,1,0.01,10,90
200,34,180.0,5,0.19,20,180
2000,34,1793.0,43,1.3,207,1793
10000,34,8936.0,6864,37.64,1064,8936
20000,34,17842.0,12862,68.63,2158,17842
40000,34,35722.0,13242,73.73,4278,35722
60000,34,53695.0,13372,76.9,6305,53695
80000,34,71562.0,13492,79.78,8438,71562
100000,34,89444.0,13636,83.34,10556,89444
200000,34,179005.0,14293,99.99,20995,179005
400000,34,358083.0,15678,134.11,41917,358083
600000,34,537223.0,16984,165.6,62777,537223
800000,34,716275.0,18338,200.61,83725,716275
1000000,34,895085.0,19669,233.58,104915,895085
2,35,2.0,0,0.0,0,2
3,35,3.0,0,0.0,0,3
100,35,89.0,0,0.0,11,89
200,35,180.0,2,0.09,20,180
2000,35,1788.0,25,0.77,212,1788
10000,35,8965.0,66,2.21,1035,8965
20000,35,17907.0,131,3.73,2093,17907
40000,35,35788.0,264,7.12,4212,35788
60000,35,53711.0,382,10.19,6289,53711
80000,35,71595.0,513,13.45,8405,71595
100000,35,89485.0,650,16.77,10515,89485
200000,35,179077.0,1324,33.18,20923,179077
400000,35,357889.0,2635,65.86,42111,357889
600000,35,536687.0,3936,98.48,63313,536687
800000,35,715724.0,5260,132.46,84276,715724
1000000,35,894613.0,6542,164.11,105387,894613
2,36,2.0,0,0.0,0,2
3,36,3.0,0,0.0,0,3
100,36,91.0,0,0.0,9,91
200,36,177.0,11,0.22,23,177
2000,36,1780.0,25,0.61,220,1780
10000,36,8979.0,97,2.44,1021,8979
20000,36,17952.0,169,4.12,2048,17952
40000,36,35840.0,289,7.04,4160,35840
60000,36,53738.0,425,10.21,6262,53738
80000,36,71658.0,570,14.17,8342,71658
100000,36,89600.0,693,16.99,10400,89600
200000,36,179084.0,1329,32.45,20916,179084
400000,36,358010.0,2586,63.85,41990,358010
600000,36,537031.0,3868,95.7,62969,537031
800000,36,716136.0,5144,127.44,83864,716136
1000000,36,894727.0,6584,163.36,105273,894727
2,37,2.0,0,0.0,0,2
3,37,3.0,0,0.0,0,3
100,37,91.0,0,0.0,9,91
200,37,182.0,19,0.1,18,182
2000,37,1796.0,151,1.79,204,1796
10000,37,8979.0,195,2.73,1021,8979
20000,37,17946.0,267,4.49,2054,17946
40000,37,35873.0,391,7.39,4127,35873
60000,37,53881.0,500,10.38,6119,53881
80000,37,71754.0,638,13.95,8246,71754
100000,37,89662.0,768,17.24,10338,89662
200000,37,179121.0,1464,35.04,20879,179121
400000,37,357736.0,2810,68.69,42264,357736
600000,37,536951.0,4159,102.32,63049,536951
800000,37,715821.0,5509,135.18,84179,715821
1000000,37,894693.0,6838,168.55,105307,894693
2,38,2.0,0,0.0,0,2
3,38,3.0,0,0.0,0,3
100,38,90.0,27,1.22,10,90
200,38,179.0,29,1.31,21,179
2000,38,1791.0,1408,8.32,209,1791
10000,38,8968.0,9385,49.65,1032,8968
20000,38,17837.0,19345,100.52,2163,17837
40000,38,35569.0,39059,201.65,4431,35569
60000,38,53328.0,58921,304.44,6672,53328
80000,38,71087.0,78837,406.42,8913,71087
100000,38,88995.0,79514,412.61,11005,88995
200000,38,178367.0,80202,430.05,21633,178367
400000,38,357405.0,81608,465.32,42595,357405
600000,38,536340.0,82982,499.91,63660,536340
800000,38,715277.0,84290,533.01,84723,715277
1000000,38,894204.0,85628,566.94,105796,894204
2,39,0.0,0,0.0,2,0
3,39,1.0,0,0.0,2,1
100,39,95.0,0,0.0,5,95
200,39,185.0,1,0.01,15,185
2000,39,1788.0,12,0.3,212,1788
10000,39,8922.0,292,2.42,1078,8922
20000,39,17865.0,355,4.17,2135,17865
40000,39,35805.0,474,7.09,4195,35805
60000,39,53717.0,607,10.07,6283,53717
80000,39,71683.0,724,12.74,8317,71683
100000,39,89516.0,907,15.66,10484,89516
200000,39,178934.0,1605,32.63,21066,178934
400000,39,357579.0,2983,66.24,42421,357579
600000,39,536607.0,4362,101.21,63393,536607
800000,39,715305.0,5622,132.31,84695,715305
1000000,39,894097.0,6916,164.06,105903,894097
2,40,2.0,0,0.0,0,2
3,40,3.0,0,0.0,0,3
100,40,86.0,48,2.12,14,86
200,40,176.0,48,2.12,24,176
2000,40,1810.0,57,2.32,190,1810
10000,40,8939.0,118,3.91,1061,8939
20000,40,17895.0,257,6.04,2105,17895
40000,40,35799.0,392,9.24,4201,35799
60000,40,53676.0,533,12.71,6324,53676
80000,40,71567.0,664,16.04,8433,71567
100000,40,89464.0,810,19.73,10536,89464
200000,40,178828.0,1452,35.7,21172,178828
400000,40,358022.0,2875,70.06,41978,358022
600000,40,537010.0,4186,103.25,62990,537010
800000,40,715901.0,5511,135.79,84099,715901
1000000,40,894700.0,6864,170.04,105300,894700
2,41,2.0,0,0.0,0,2
3,41,3.0,0,0.0,0,3
100,41,88.0,6,0.27,12,88
200,41,179.0,23,0.4,21,179
2000,41,1798.0,36,0.66,202,1798
10000,41,8918.0,109,2.14,1082,8918
20000,41,17904.0,227,6.01,2096,17904
40000,41,35784.0,369,9.53,4216,35784
60000,41,53641.0,6682,43.45,6359,53641
80000,41,71533.0,6790,46.47,8467,71533
100000,41,89412.0,6938,49.89,10588,89412
200000,41,178935.0,7669,66.31,21065,178935
400000,41,358029.0,8982,98.63,41971,358029
600000,41,536959.0,10364,133.06,63041,536959
800000,41,716080.0,11779,168.85,83920,716080
1000000,41,895017.0,13119,200.71,104983,895017
2,42,1.0,0,0.0,1,1
3,42,2.0,0,0.0,1,2
100,42,89.0,0,0.0,11,89
200,42,171.0,0,0.0,29,171
2000,42,1797.0,27,0.5,203,1797
10000,42,8956.0,105,1.92,1044,8956
20000,42,17876.0,178,3.85,2124,17876
40000,42,35749.0,934,10.23,4251,35749
60000,42,53657.0,1054,13.27,6343,53657
80000,42,71586.0,1162,15.77,8414,71586
100000,42,89543.0,1297,19.49,10457,89543
200000,42,178886.0,1971,36.22,21114,178886
400000,42,357900.0,3290,69.09,42100,357900
600000,42,536869.0,4659,103.82,63131,536869
800000,42,715986.0,5988,137.1,84014,715986
1000000,42,894846.0,7312,171.6,105154,894846
2,43,2.0,0,0.0,0,2
3,43,3.0,0,0.0,0,3
100,43,92.0,32,0.16,8,92
200,43,181.0,113,1.8,19,181
2000,43,1796.0,280,5.0,204,1796
10000,43,8898.0,3718,23.47,1102,8898
20000,43,17780.0,11058,61.49,2220,17780
40000,43,35578.0,25407,135.63,4422,35578
60000,43,53485.0,25527,138.27,6515,53485
80000,43,71334.0,25678,142.43,8666,71334
100000,43,89247.0,25796,145.34,10753,89247
200000,43,178755.0,26475,162.13,21245,178755
400000,43,357930.0,27846,195.75,42070,357930
600000,43,536771.0,29161,229.0,63229,536771
800000,43,715522.0,30528,263.52,84478,715522
1000000,43,894480.0,31848,297.2,105520,894480
2,44,2.0,0,0.0,0,2
3,44,3.0,0,0.0,0,3
100,44,85.0,0,0.0,15,85
200,44,172.0,0,0.0,28,172
2000,44,1768.0,19,0.54,232,1768
10000,44,8948.0,145,5.64,1052,8948
20000,44,17923.0,211,7.41,2077,17923
40000,44,35781.0,353,11.33,4219,35781
60000,44,53689.0,491,14.82,6311,53689
80000,44,71562.0,609,17.77,8438,71562
100000,44,89381.0,747,21.1,10619,89381
200000,44,178819.0,1423,37.96,21181,178819
400000,44,357621.0,2802,72.89,42379,357621
600000,44,536636.0,4180,108.06,63364,536636
800000,44,715564.0,5562,142.97,84436,715564
1000000,44,894643.0,6924,177.46,105357,894643
2,45,2.0,1,0.01,0,2
3,45,3.0,1,0.01,0,3
100,45,88.0,26,1.05,12,88
200,45,183.0,26,1.05,17,183
2000,45,1779.0,33,1.16,221,1779
10000,45,8928.0,113,2.8,1072,8928
20000,45,17846.0,176,4.32,2154,17846
40000,45,35712.0,2861,20.39,4288,35712
60000,45,53585.0,2996,24.02,6415,53585
80000,45,71361.0,3333,28.27,8639,71361
100000,45,89223.0,3465,31.21,10777,89223
200000,45,178670.0,4168,47.72,21330,178670
400000,45,357788.0,5491,80.38,42212,357788
600000,45,536861.0,6810,114.81,63139,536861
800000,45,715822.0,8130,149.45,84178,715822
1000000,45,894482.0,9402,181.57,105518,894482
2,46,1.0,0,0.0,1,1
3,46,2.0,0,0.0,1,2
100,46,93.0,14,0.23,7,93
200,46,183.0,65,0.53,17,183
2000,46,1789.0,289,1.76,211,1789
10000,46,8905.0,348,3.42,1095,8905
20000,46,17847.0,422,5.59,2153,17847
40000,46,35791.0,542,8.87,4209,35791
60000,46,53716.0,691,12.62,6284,53716
80000,46,71628.0,798,15.31,8372,71628
100000,46,89558.0,929,18.85,10442,89558
200000,46,178932.0,1543,33.96,21068,178932
400000,46,357992.0,2884,66.58,42008,357992
600000,46,536907.0,4209,99.69,63093,536907
800000,46,715910.0,5547,133.97,84090,715910
1000000,46,894974.0,6843,166.09,105026,894974
2,47,2.0,0,0.0,0,2
3,47,3.0,0,0.0,0,3
100,47,92.0,0,0.0,8,92
200,47,185.0,1,0.01,15,185
2000,47,1802.0,19,0.62,198,1802
10000,47,8988.0,202,2.73,1012,8988
20000,47,17919.0,285,5.06,2081,17919
40000,47,35857.0,406,7.99,4143,35857
60000,47,53724.0,536,11.32,6276,53724
80000,47,71581.0,660,14.46,8419,71581
100000,47,89551.0,786,17.65,10449,89551
200000,47,178885.0,1465,33.89,21115,178885
400000,47,357876.0,3075,67.5,42124,357876
600000,47,536970.0,4341,98.67,63030,536970
800000,47,716089.0,5670,132.51,83911,716089
1000000,47,895233.0,7047,166.95,104767,895233
2,48,2.0,0,0.0,0,2
3,48,3.0,0,0.0,0,3
100,48,88.0,0,0.0,12,88
200,48,178.0,0,0.0,22,178
2000,48,1788.0,20,0.3,212,1788
10000,48,8955.0,70,1.55,1045,8955
20000,48,17914.0,143,3.43,2086,17914
40000,48,35777.0,513,8.24,4223,35777
60000,48,53676.0,651,11.38,6324,53676
80000,48,71585.0,780,14.42,8415,71585
100000,48,89385.0,928,18.2,10615,89385
200000,48,179117.0,1571,34.98,20883,179117
400000,48,357902.0,4189,73.67,42098,357902
600000,48,536864.0,5502,107.31,63136,536864
800000,48,716142.0,6813,139.86,83858,716142
1000000,48,894826.0,8168,173.4,105174,894826
2,49,2.0,0,0.0,0,2
3,49,3.0,0,0.0,0,3
100,49,87.0,0,0.0,13,87
200,49,175.0,28,0.14,25,175
2000,49,1775.0,168,1.76,225,1775
10000,49,8915.0,219,2.93,1085,8915
20000,49,17909.0,281,4.28,2091,17909
40000,49,35861.0,414,7.91,4139,35861
60000,49,53751.0,548,11.54,6249,53751
80000,49,71587.0,667,14.42,8413,71587
100000,49,89523.0,801,17.81,10477,89523
200000,49,179114.0,1512,35.56,20886,179114
400000,49,358065.0,2852,67.34,41935,358065
600000,49,537192.0,4200,102.2,62808,537192
800000,49,716092.0,5508,134.38,83908,716092
1000000,49,894863.0,6796,166.34,105137,894863
2,50,2.0,0,0.0,0,2
3,50,3.0,0,0.0,0,3
100,50,87.0,0,0.0,13,87
200,50,175.0,0,0.0,25,175
2000,50,1781.0,35,1.34,219,1781
10000,50,8897.0,299,3.57,1103,8897
20000,50,17837.0,352,4.72,2163,17837
40000,50,35718.0,513,8.36,4282,35718
60000,50,53594.0,638,11.79,6406,53594
80000,50,71463.0,769,15.13,8537,71463
100000,50,89381.0,895,18.04,10619,89381
200000,50,179031.0,1657,36.29,20969,179031
400000,50,358255.0,2972,70.18,41745,358255
600000,50,537364.0,4315,103.1,62636,537364
800000,50,716107.0,5692,137.58,83893,716107
1000000,50,895346.0,7062,172.79,104654,895346
2,51,2.0,0,0.0,0,2
3,51,3.0,0,0.0,0,3
100,51,92.0,7,0.04,8,92
200,51,179.0,7,0.04,21,179
2000,51,1795.0,23,0.48,205,1795
10000,51,8935.0,80,2.0,1065,8935
20000,51,17858.0,143,3.39,2142,17858
40000,51,35707.0,291,6.97,4293,35707
60000,51,53579.0,393,9.88,6421,53579
80000,51,71543.0,533,13.39,8457,71543
100000,51,89410.0,671,16.96,10590,89410
200000,51,178899.0,1357,34.55,21101,178899
400000,51,357546.0,2688,68.08,42454,357546
600000,51,536432.0,4046,102.03,63568,536432
800000,51,715722.0,5373,135.94,84278,715722
1000000,51,894608.0,6844,170.38,105392,894608
2,52,2.0,0,0.0,0,2
3,52,3.0,0,0.0,0,3
100,52,94.0,0,0.0,6,94
200,52,184.0,9,0.41,16,184
2000,52,1790.0,21,0.67,210,1790
10000,52,8907.0,68,1.7,1093,8907
20000,52,17859.0,147,3.73,2141,17859
40000,52,35754.0,289,6.8,4246,35754
60000,52,53678.0,409,9.61,6322,53678
80000,52,71609.0,548,12.94,8391,71609
100000,52,89565.0,695,16.04,10435,89565
200000,52,179018.0,1333,31.87,20982,179018
400000,52,358034.0,2695,65.8,41966,358034
600000,52,537075.0,4063,101.28,62925,537075
800000,52,716230.0,5394,134.13,83770,716230
1000000,52,894895.0,6752,168.72,105105,894895
2,53,1.0,0,0.0,1,1
3,53,2.0,0,0.0,1,2
100,53,92.0,4,0.18,8,92
200,53,185.0,4,0.18,15,185
2000,53,1772.0,21,0.55,228,1772
10000,53,8945.0,96,2.32,1055,8945
20000,53,17828.0,163,4.05,2172,17828
40000,53,35722.0,317,7.98,4278,35722
60000,53,53584.0,467,11.34,6416,53584
80000,53,71474.0,608,14.2,8526,71474
100000,53,89416.0,742,17.55,10584,89416
200000,53,178948.0,1463,34.72,21052,178948
400000,53,358153.0,2779,66.58,41847,358153
600000,53,537164.0,4185,100.53,62836,537164
800000,53,716080.0,5438,131.31,83920,716080
1000000,53,894881.0,6785,166.04,105119,894881
2,54,2.0,0,0.0,0,2
3,54,3.0,0,0.0,0,3
100,54,93.0,0,0.0,7,93
200,54,184.0,0,0.0,16,184
2000,54,1787.0,34,1.21,213,1787
10000,54,8950.0,99,2.77,1050,8950
20000,54,17873.0,161,4.36,2127,17873
40000,54,35780.0,292,7.54,4220,35780
60000,54,53606.0,415,10.84,6394,53606
80000,54,71545.0,3775,30.35,8455,71545
100000,54,89387.0,3947,34.25,10613,89387
200000,54,178753.0,4605,50.78,21247,178753
400000,54,357572.0,6460,86.38,42428,357572
600000,54,536619.0,7818,120.25,63381,536619
800000,54,715774.0,9445,154.1,84226,715774
1000000,54,894613.0,11391,189.03,105387,894613
2,55,2.0,0,0.0,0,2
3,55,3.0,0,0.0,0,3
100,55,87.0,0,0.0,13,87
200,55,176.0,4,0.18,24,176
2000,55,1780.0,24,0.84,220,1780
10000,55,8959.0,102,2.99,1041,8959
20000,55,17889.0,173,5.02,2111,17889
40000,55,35825.0,284,7.66,4175,35825
60000,55,53721.0,434,11.21,6279,53721
80000,55,71633.0,563,14.38,8367,71633
100000,55,89426.0,681,17.49,10574,89426
200000,55,178768.0,1299,32.38,21232,178768
400000,55,357589.0,2631,65.48,42411,357589
600000,55,536687.0,3929,98.45,63313,536687
800000,55,715687.0,5258,132.17,84313,715687
1000000,55,894663.0,6612,165.5,105337,894663
2,56,2.0,0,0.0,0,2
3,56,3.0,0,0.0,0,3
100,56,90.0,0,0.0,10,90
200,56,180.0,13,0.07,20,180
2000,56,1790.0,69,2.14,210,1790
10000,56,8978.0,142,3.59,1022,8978
20000,56,17906.0,209,4.88,2094,17906
40000,56,35776.0,352,8.28,4224,35776
60000,56,53675.0,498,12.13,6325,53675
80000,56,71609.0,609,15.37,8391,71609
100000,56,89555.0,738,18.25,10445,89555
200000,56,179060.0,1442,36.49,20940,179060
400000,56,358219.0,2770,68.13,41781,358219
600000,56,537273.0,4107,102.66,62727,537273
800000,56,716024.0,5422,135.39,83976,716024
1000000,56,894894.0,6782,168.91,105106,894894
2,57,2.0,0,0.0,0,2
3,57,3.0,0,0.0,0,3
100,57,88.0,6,0.03,12,88
200,57,179.0,6,0.03,21,179
2000,57,1785.0,52,1.86,215,1785
10000,57,8978.0,122,3.29,1022,8978
20000,57,17910.0,203,5.01,2090,17910
40000,57,35826.0,330,8.17,4174,35826
60000,57,53669.0,1746,17.53,6331,53669
80000,57,71585.0,1867,20.74,8415,71585
100000,57,89514.0,2006,23.99,10486,89514
200000,57,179039.0,2714,41.61,20961,179039
400000,57,358075.0,4086,75.31,41925,358075
600000,57,537016.0,5386,107.65,62984,537016
800000,57,715922.0,6773,142.9,84078,715922
1000000,57,895054.0,8131,176.33,104946,895054
2,58,2.0,0,0.0,0,2
3,58,3.0,0,0.0,0,3
100,58,90.0,0,0.0,10,90
200,58,180.0,2,0.09,20,180
2000,58,1801.0,19,0.38,199,1801
10000,58,8976.0,83,2.01,1024,8976
20000,58,17964.0,155,3.53,2036,17964
40000,58,35879.0,284,7.26,4121,35879
60000,58,53815.0,404,10.18,6185,53815
80000,58,71724.0,542,13.47,8276,71724
100000,58,89596.0,678,16.79,10404,89596
200000,58,179178.0,1330,32.57,20822,179178
400000,58,358359.0,2615,62.88,41641,358359
600000,58,537428.0,3870,94.67,62572,537428
800000,58,716207.0,5208,129.48,83793,716207
1000000,58,894852.0,6581,163.58,105148,894852
2,59,2.0,0,0.0,0,2
3,59,3.0,0,0.0,0,3
100,59,88.0,3,0.14,12,88
200,59,180.0,9,0.17,20,180
2000,59,1807.0,23,0.4,193,1807
10000,59,8904.0,74,1.57,1096,8904
20000,59,17795.0,139,3.33,2205,17795
40000,59,35663.0,276,6.98,4337,35663
60000,59,53553.0,404,10.26,6447,53553
80000,59,71440.0,534,12.99,8560,71440
100000,59,89304.0,672,16.6,10696,89304
200000,59,178744.0,1354,33.17,21256,178744
400000,59,357692.0,2666,65.89,42308,357692
600000,59,536652.0,4000,98.2,63348,536652
800000,59,715688.0,5292,130.38,84312,715688
1000000,59,894579.0,6654,164.07,105421,894579
2,60,0.0,0,0.0,2,0
3,60,0.0,0,0.0,3,0
100,60,87.0,88,0.44,13,87
200,60,182.0,186,1.01,18,182
2000,60,1761.0,1982,10.23,239,1761
10000,60,8965.0,6294,32.95,1035,8965
20000,60,17900.0,6357,34.1,2100,17900
40000,60,35775.0,6498,37.57,4225,35775
60000,60,53680.0,6615,40.55,6320,53680
80000,60,71531.0,6741,43.34,8469,71531
100000,60,89407.0,6887,46.99,10593,89407
200000,60,178877.0,7521,62.65,21123,178877
400000,60,357936.0,8828,95.34,42064,357936
600000,60,536805.0,10119,128.15,63195,536805
800000,60,715704.0,11421,160.38,84296,715704
1000000,60,894675.0,12789,193.5,105325,894675
2,61,2.0,0,0.0,0,2
3,61,3.0,0,0.0,0,3
100,61,90.0,35,0.18,10,90
200,61,180.0,134,0.67,20,180
2000,61,1800.0,1929,9.81,200,1800
10000,61,8920.0,9904,51.24,1080,8920
20000,61,17794.0,19874,102.57,2206,17794
40000,61,35554.0,39797,204.98,4446,35554
60000,61,53377.0,59410,305.45,6623,53377
80000,61,71230.0,59532,308.06,8770,71230
100000,61,89089.0,59655,311.83,10911,89089
200000,61,178653.0,60294,327.71,21347,178653
400000,61,357583.0,61548,359.54,42417,357583
600000,61,536656.0,62928,393.48,63344,536656
800000,61,715615.0,64311,428.59,84385,715615
1000000,61,894607.0,65695,464.35,105393,894607
2,62,1.0,0,0.0,1,1
3,62,1.0,0,0.0,2,1
100,62,90.0,83,0.42,10,90
200,62,177.0,178,0.89,23,177
2000,62,1777.0,1974,10.03,223,1777
10000,62,8864.0,9883,50.62,1136,8864
20000,62,17707.0,19847,101.83,2293,17707
40000,62,35570.0,39776,203.88,4430,35570
60000,62,53347.0,59713,306.08,6653,53347
80000,62,71169.0,77608,398.2,8831,71169
100000,62,88865.0,97271,499.07,11135,88865
200000,62,177850.0,196691,1008.97,22150,177850
400000,62,356144.0,394601,2026.05,43856,356144
600000,62,534092.0,593867,3049.46,65908,534092
800000,62,712046.0,793149,4073.23,87954,712046
1000000,62,890329.0,956130,4916.01,109671,890329
2,63,1.0,0,0.0,1,1
3,63,2.0,0,0.0,1,2
100,63,87.0,0,0.0,13,87
200,63,176.0,0,0.0,24,176
2000,63,1775.0,1632,11.2,225,1775
10000,63,8860.0,9595,52.18,1140,8860
20000,63,17718.0,19564,103.62,2282,17718
40000,63,35573.0,39503,205.71,4427,35573
60000,63,53410.0,59419,307.97,6590,53410
80000,63,71195.0,79342,410.67,8805,71195
100000,63,88976.0,99274,513.09,11024,88976
200000,63,177799.0,198950,1025.11,22201,177799
400000,63,356430.0,284503,1478.16,43570,356430
600000,63,535546.0,285801,1510.61,64454,535546
800000,63,714292.0,287182,1543.75,85708,714292
1000000,63,893378.0,288490,1577.41,106622,893378
2,64,2.0,0,0.0,0,2
3,64,3.0,0,0.0,0,3
100,64,91.0,7,0.32,9,91
200,64,181.0,7,0.32,19,181
2000,64,1784.0,134,1.67,216,1784
10000,64,8993.0,181,3.1,1007,8993
20000,64,17937.0,363,5.45,2063,17937
40000,64,35858.0,510,9.07,4142,35858
60000,64,53807.0,623,11.8,6193,53807
80000,64,71679.0,803,15.42,8321,71679
100000,64,89658.0,942,18.75,10342,89658
200000,64,179188.0,1627,36.26,20812,179188
400000,64,358243.0,6436,85.5,41757,358243
600000,64,536959.0,9601,130.84,63041,536959
800000,64,716072.0,10952,164.0,83928,716072
1000000,64,895259.0,12235,195.77,104741,895259
2,65,2.0,0,0.0,0,2
3,65,2.0,0,0.0,1,2
100,65,86.0,4,0.18,14,86
200,65,173.0,16,0.24,27,173
2000,65,1777.0,49,0.57,223,1777
10000,65,8889.0,114,2.25,1111,8889
20000,65,17870.0,182,4.15,2130,17870
40000,65,35778.0,302,6.99,4222,35778
60000,65,53641.0,408,9.52,6359,53641
80000,65,71516.0,553,13.41,8484,71516
100000,65,89448.0,798,17.43,10552,89448
200000,65,178752.0,1447,33.64,21248,178752
400000,65,357500.0,3680,71.12,42500,357500
600000,65,536427.0,5040,104.08,63573,536427
800000,65,715456.0,6430,138.35,84544,715456
1000000,65,894747.0,7702,169.35,105253,894747
2,66,2.0,0,0.0,0,2
3,66,3.0,0,0.0,0,3
100,66,87.0,5,0.23,13,87
200,66,177.0,11,0.26,23,177
2000,66,1793.0,25,0.77,207,1793
10000,66,8986.0,1371,8.77,1014,8986
20000,66,17938.0,1437,10.54,2062,17938
40000,66,35812.0,1564,14.1,4188,35812
60000,66,53691.0,1703,18.11,6309,53691
80000,66,71619.0,1833,21.49,8381,71619
100000,66,89470.0,1978,25.05,10530,89470
200000,66,178878.0,2620,40.22,21122,178878
400000,66,357543.0,3929,71.93,42457,357543
600000,66,536351.0,5219,104.62,63649,536351
800000,66,715283.0,6594,140.09,84717,715283
1000000,66,894150.0,7972,173.3,105850,894150
2,67,2.0,0,0.0,0,2
3,67,3.0,0,0.0,0,3
100,67,88.0,0,0.0,12,88
200,67,173.0,49,0.25,27,173
2000,67,1793.0,1846,9.99,207,1793
10000,67,8941.0,9820,52.9,1059,8941
20000,67,17842.0,19794,104.17,2158,17842
40000,67,35606.0,39716,206.58,4394,35606
60000,67,53426.0,59646,308.99,6574,53426
80000,67,71230.0,79583,411.07,8770,71230
100000,67,89060.0,99518,512.83,10940,89060
200000,67,177933.0,199148,1024.62,22067,177933
400000,67,355778.0,395864,2035.56,44222,355778
600000,67,534276.0,507494,2620.75,65724,534276
800000,67,713184.0,508804,2654.02,86816,713184
1000000,67,892078.0,510143,2687.4,107922,892078
2,68,1.0,0,0.0,1,1
3,68,2.0,0,0.0,1,2
100,68,91.0,24,0.12,9,91
200,68,186.0,24,0.12,14,186
2000,68,1809.0,53,0.83,191,1809
10000,68,8998.0,310,2.95,1002,8998
20000,68,17931.0,394,5.05,2069,17931
40000,68,35915.0,539,8.85,4085,35915
60000,68,53823.0,674,12.25,6177,53823
80000,68,71756.0,815,15.52,8244,71756
100000,68,89654.0,970,19.21,10346,89654
200000,68,179085.0,1645,35.51,20915,179085
400000,68,358094.0,2981,68.63,41906,358094
600000,68,536949.0,4276,101.3,63051,536949
800000,68,715872.0,5606,134.15,84128,715872
1000000,68,894919.0,6880,166.2,105081,894919
2,69,1.0,0,0.0,1,1
3,69,2.0,0,0.0,1,2
100,69,86.0,11,0.06,14,86
200,69,181.0,111,0.56,19,181
2000,69,1762.0,1908,9.54,238,1762
10000,69,8853.0,9868,63.18,1147,8853
20000,69,17738.0,19824,114.48,2262,17738
40000,69,35581.0,39737,217.04,4419,35581
60000,69,53342.0,59256,317.2,6658,53342
80000,69,71174.0,79184,418.96,8826,71174
100000,69,88910.0,99024,520.92,11090,88910
200000,69,178164.0,198689,1031.68,21836,178164
400000,69,356314.0,374266,1935.89,43686,356314
600000,69,535413.0,375581,1969.47,64587,535413
800000,69,714418.0,376969,2004.69,85582,714418
1000000,69,893344.0,378285,2037.79,106656,893344
2,70,1.0,0,0.0,1,1
3,70,2.0,0,0.0,1,2
100,70,87.0,1,0.05,13,87
200,70,176.0,1,0.05,24,176
2000,70,1787.0,46,0.35,213,1787
10000,70,8964.0,90,1.49,1036,8964
20000,70,17823.0,168,3.48,2177,17823
40000,70,35710.0,1155,10.9,4290,35710
60000,70,53614.0,1276,13.94,6386,53614
80000,70,71439.0,1411,17.34,8561,71439
100000,70,89379.0,1554,20.49,10621,89379
200000,70,178856.0,2210,36.53,21144,178856
400000,70,357702.0,3521,70.65,42298,357702
600000,70,536470.0,4872,104.28,63530,536470
800000,70,715525.0,6229,138.22,84475,715525
1000000,70,894421.0,8468,175.94,105579,894421
2,71,2.0,0,0.0,0,2
3,71,3.0,0,0.0,0,3
100,71,86.0,0,0.0,14,86
200,71,181.0,0,0.0,19,181
2000,71,1782.0,72,0.84,218,1782
10000,71,8935.0,137,2.44,1065,8935
20000,71,17877.0,344,5.12,2123,17877
40000,71,35832.0,674,8.49,4168,35832
60000,71,53754.0,801,11.88,6246,53754
80000,71,71655.0,930,14.81,8345,71655
100000,71,89536.0,1067,18.46,10464,89536
200000,71,178980.0,1983,36.04,21020,178980
400000,71,357735.0,4591,73.88,42265,357735
600000,71,536516.0,6433,109.69,63484,536516
800000,71,715729.0,7855,145.91,84271,715729
1000000,71,894770.0,9178,178.97,105230,894770
2,72,2.0,0,0.0,0,2
3,72,3.0,0,0.0,0,3
100,72,93.0,0,0.0,7,93
200,72,182.0,8,0.04,18,182
2000,72,1778.0,70,2.43,222,1778
10000,72,8919.0,2177,14.41,1081,8919
20000,72,17880.0,12140,65.7,2120,17880
40000,72,35675.0,32077,167.58,4325,35675
60000,72,53492.0,52016,270.2,6508,53492
80000,72,71248.0,71948,372.94,8752,71248
100000,72,89045.0,81216,421.6,10955,89045
200000,72,178448.0,81832,436.76,21552,178448
400000,72,357444.0,83168,470.12,42556,357444
600000,72,536222.0,84498,504.49,63778,536222
800000,72,715249.0,85735,536.31,84751,715249
1000000,72,894126.0,87051,569.01,105874,894126
2,73,2.0,0,0.0,0,2
3,73,3.0,0,0.0,0,3
100,73,92.0,4,0.18,8,92
200,73,184.0,4,0.18,16,184
2000,73,1812.0,19,0.46,188,1812
10000,73,8955.0,99,2.81,1045,8955
20000,73,17947.0,180,4.3,2053,17947
40000,73,35843.0,384,10.6,4157,35843
60000,73,53714.0,941,15.39,6286,53714
80000,73,71609.0,1066,18.73,8391,71609
100000,73,89544.0,1193,22.05,10456,89544
200000,73,178982.0,1845,37.75,21018,178982
400000,73,357837.0,3209,71.73,42163,357837
600000,73,536956.0,4516,103.1,63044,536956
800000,73,715702.0,5854,136.83,84298,715702
1000000,73,894748.0,7133,167.62,105252,894748
2,74,2.0,0,0.0,0,2
3,74,3.0,0,0.0,0,3
100,74,90.0,4,0.18,10,90
200,74,176.0,7,0.2,24,176
2000,74,1799.0,20,0.38,201,1799
10000,74,9002.0,243,2.73,998,9002
20000,74,17957.0,321,4.68,2043,17957
40000,74,35818.0,883,9.86,4182,35818
60000,74,53728.0,1027,13.34,6272,53728
80000,74,71601.0,1183,17.68,8399,71601
100000,74,89504.0,1550,21.95,10496,89504
200000,74,178961.0,2229,38.79,21039,178961
400000,74,357920.0,3532,72.06,42080,357920
600000,74,536875.0,4840,104.4,63125,536875
800000,74,715836.0,6149,137.9,84164,715836
1000000,74,894907.0,7471,170.03,105093,894907
2,75,2.0,0,0.0,0,2
3,75,3.0,0,0.0,0,3
100,75,91.0,37,1.43,9,91
200,75,179.0,134,5.75,21,179
2000,75,1797.0,142,5.99,203,1797
10000,75,8954.0,195,7.29,1046,8954
20000,75,17918.0,387,9.74,2082,17918
40000,75,35773.0,557,14.07,4227,35773
60000,75,53663.0,685,17.23,6337,53663
80000,75,71581.0,808,20.24,8419,71581
100000,75,89500.0,934,23.31,10500,89500
200000,75,179143.0,1594,39.37,20857,179143
400000,75,358185.0,2881,72.41,41815,358185
600000,75,537029.0,4178,104.81,62971,537029
800000,75,716055.0,5792,139.16,83945,716055
1000000,75,895049.0,7146,173.33,104951,895049
2,76,2.0,0,0.0,0,2
3,76,3.0,0,0.0,0,3
100,76,87.0,0,0.0,13,87
200,76,179.0,0,0.0,21,179
2000,76,1806.0,23,0.64,194,1806
10000,76,8963.0,588,4.46,1037,8963
20000,76,17913.0,649,5.96,2087,17913
40000,76,35756.0,805,9.5,4244,35756
60000,76,53676.0,1112,13.32,6324,53676
80000,76,71511.0,1259,16.62,8489,71511
100000,76,89457.0,1409,20.69,10543,89457
200000,76,178960.0,2324,37.98,21040,178960
400000,76,357872.0,3643,70.54,42128,357872
600000,76,537038.0,4936,102.72,62962,537038
800000,76,716019.0,6263,134.55,83981,716019
1000000,76,895005.0,7606,168.75,104995,895005
2,77,2.0,0,0.0,0,2
3,77,3.0,0,0.0,0,3
100,77,90.0,0,0.0,10,90
200,77,177.0,34,0.33,23,177
2000,77,1747.0,1821,9.87,253,1747
10000,77,8865.0,9799,50.64,1135,8865
20000,77,17813.0,19755,101.85,2187,17813
40000,77,35658.0,39691,204.17,4342,35658
60000,77,53349.0,59610,306.45,6651,53349
80000,77,71193.0,79545,408.56,8807,71193
100000,77,88978.0,99480,510.56,11022,88978
200000,77,178121.0,199156,1023.1,21879,178121
400000,77,356325.0,398488,2046.84,43675,356325
600000,77,534387.0,597798,3071.59,65613,534387
800000,77,712165.0,797205,4095.11,87835,712165
1000000,77,890210.0,996587,5116.78,109790,890210
2,78,1.0,0,0.0,1,1
3,78,2.0,0,0.0,1,2
100,78,88.0,27,1.22,12,88
200,78,180.0,27,1.22,20,180
2000,78,1802.0,40,1.56,198,1802
10000,78,8923.0,197,3.58,1077,8923
20000,78,17844.0,271,5.59,2156,17844
40000,78,35711.0,816,10.88,4289,35711
60000,78,53585.0,936,13.8,6415,53585
80000,78,71515.0,1074,17.21,8485,71515
100000,78,89332.0,1198,20.47,10668,89332
200000,78,178637.0,1888,38.56,21363,178637
400000,78,357486.0,3240,71.92,42514,357486
600000,78,536575.0,4647,106.84,63425,536575
800000,78,715391.0,5975,139.87,84609,715391
1000000,78,894292.0,7272,172.84,105708,894292
2,79,2.0,0,0.0,0,2
3,79,3.0,0,0.0,0,3
100,79,87.0,0,0.0,13,87
200,79,182.0,55,2.47,18,182
2000,79,1753.0,319,12.47,247,1753
10000,79,8943.0,378,13.93,1057,8943
20000,79,17942.0,455,16.08,2058,17942
40000,79,35841.0,585,19.25,4159,35841
60000,79,53726.0,719,22.24,6274,53726
80000,79,71604.0,828,24.74,8396,71604
100000,79,89526.0,956,28.02,10474,89526
200000,79,179070.0,1643,46.54,20930,179070
400000,79,357936.0,3038,81.47,42064,357936
600000,79,536781.0,4361,115.01,63219,536781
800000,79,715752.0,5664,148.16,84248,715752
1000000,79,894750.0,7023,182.63,105250,894750
2,80,2.0,0,0.0,0,2
3,80,3.0,0,0.0,0,3
100,80,92.0,0,0.0,8,92
200,80,183.0,2,0.09,17,183
2000,80,1802.0,14,0.43,198,1802
10000,80,8992.0,159,5.55,1008,8992
20000,80,17932.0,224,7.2,2068,17932
40000,80,35796.0,379,11.06,4204,35796
60000,80,53696.0,492,13.66,6304,53696
80000,80,71670.0,617,16.89,8330,71670
100000,80,89597.0,760,20.48,10403,89597
200000,80,179128.0,1409,36.69,20872,179128
400000,80,358080.0,2693,68.39,41920,358080
600000,80,536986.0,3991,99.6,63014,536986
800000,80,715991.0,5280,131.92,84009,715991
1000000,80,894892.0,6578,165.93,105108,894892
2,81,2.0,0,0.0,0,2
3,81,3.0,0,0.0,0,3
100,81,92.0,30,1.35,8,92
200,81,185.0,30,1.35,15,185
2000,81,1798.0,157,2.34,202,1798
10000,81,8984.0,262,6.19,1016,8984
20000,81,17953.0,897,11.17,2047,17953
40000,81,35860.0,1035,15.06,4140,35860
60000,81,53785.0,1162,18.05,6215,53785
80000,81,71668.0,1299,21.1,8332,71668
100000,81,89602.0,1435,24.62,10398,89602
200000,81,179206.0,2043,39.22,20794,179206
400000,81,358384.0,3375,73.04,41616,358384
600000,81,537298.0,4690,105.05,62702,537298
800000,81,716259.0,5972,137.38,83741,716259
1000000,81,895247.0,7318,170.47,104753,895247
2,82,2.0,0,0.0,0,2
3,82,3.0,0,0.0,0,3
100,82,90.0,1,0.01,10,90
200,82,179.0,2,0.01,21,179
2000,82,1797.0,14,0.31,203,1797
10000,82,8950.0,86,1.95,1050,8950
20000,82,17899.0,472,5.4,2101,17899
40000,82,35832.0,619,8.93,4168,35832
60000,82,53780.0,750,12.35,6220,53780
80000,82,71721.0,875,15.26,8279,71721
100000,82,89601.0,1004,18.62,10399,89601
200000,82,179007.0,2050,35.65,20993,179007
400000,82,358042.0,3513,70.69,41958,358042
600000,82,537064.0,4838,102.11,62936,537064
800000,82,715931.0,6205,136.66,84069,715931
1000000,82,894974.0,7484,168.66,105026,894974
2,83,2.0,0,0.0,0,2
3,83,3.0,0,0.0,0,3
100,83,86.0,0,0.0,14,86
200,83,168.0,0,0.0,32,168
2000,83,1764.0,51,0.7,236,1764
10000,83,8938.0,113,2.52,1062,8938
20000,83,17886.0,185,4.0,2114,17886
40000,83,35736.0,1641,13.89,4264,35736
60000,83,53635.0,1767,16.92,6365,53635
80000,83,71543.0,1898,20.21,8457,71543
100000,83,89458.0,2037,23.43,10542,89458
200000,83,178822.0,2737,39.77,21178,178822
400000,83,357753.0,4118,73.07,42247,357753
600000,83,536828.0,5486,106.55,63172,536828
800000,83,715563.0,6827,139.69,84437,715563
1000000,83,894690.0,8105,171.8,105310,894690
2,84,0.0,0,0.0,2,0
3,84,0.0,0,0.0,3,0
100,84,89.0,21,0.95,11,89
200,84,171.0,119,5.35,29,171
2000,84,1782.0,1907,15.18,218,1782
10000,84,8912.0,9879,56.36,1088,8912
20000,84,17780.0,19846,107.63,2220,17780
40000,84,35539.0,39777,210.44,4461,35539
60000,84,53333.0,59709,312.02,6667,53333
80000,84,71226.0,66221,346.94,8774,71226
100000,84,89112.0,66355,350.69,10888,89112
200000,84,178492.0,67039,366.99,21508,178492
400000,84,357397.0,68340,398.62,42603,357397
600000,84,536351.0,69662,431.15,63649,536351
800000,84,715428.0,71036,465.94,84572,715428
1000000,84,894346.0,72354,498.13,105654,894346
2,85,1.0,0,0.0,1,1
3,85,2.0,0,0.0,1,2
100,85,85.0,0,0.0,15,85
200,85,174.0,2,0.01,26,174
2000,85,1792.0,41,1.56,208,1792
10000,85,8924.0,239,9.36,1076,8924
20000,85,17885.0,352,11.76,2115,17885
40000,85,35791.0,522,15.49,4209,35791
60000,85,53751.0,658,18.89,6249,53751
80000,85,71658.0,801,22.29,8342,71658
100000,85,89585.0,918,25.11,10415,89585
200000,85,179162.0,1609,42.33,20838,179162
400000,85,358109.0,2900,74.62,41891,358109
600000,85,537202.0,4222,106.91,62798,537202
800000,85,716346.0,5628,141.5,83654,716346
1000000,85,895397.0,6924,173.86,104603,895397
2,86,2.0,0,0.0,0,2
3,86,2.0,0,0.0,1,2
100,86,90.0,0,0.0,10,90
200,86,181.0,0,0.0,19,181
2000,86,1780.0,14,0.43,220,1780
10000,86,8935.0,76,2.18,1065,8935
20000,86,17964.0,168,4.68,2036,17964
40000,86,35850.0,293,7.7,4150,35850
60000,86,53779.0,758,12.67,6221,53779
80000,86,71619.0,895,16.36,8381,71619
100000,86,89472.0,1026,19.57,10528,89472
200000,86,178918.0,1741,37.67,21082,178918
400000,86,357925.0,3292,71.06,42075,357925
600000,86,536846.0,4644,102.62,63154,536846
800000,86,715954.0,6012,135.82,84046,715954
1000000,86,895124.0,7360,170.28,104876,895124
2,87,2.0,0,0.0,0,2
3,87,2.0,0,0.0,1,2
100,87,85.0,0,0.0,15,85
200,87,175.0,31,1.4,25,175
2000,87,1782.0,55,1.71,218,1782
10000,87,8908.0,121,3.36,1092,8908
20000,87,17837.0,184,4.64,2163,17837
40000,87,35778.0,314,8.13,4222,35778
60000,87,53667.0,462,11.51,6333,53667
80000,87,71621.0,580,14.62,8379,71621
100000,87,89529.0,717,17.63,10471,89529
200000,87,179061.0,1472,35.56,20939,179061
400000,87,357941.0,2812,69.5,42059,357941
600000,87,537063.0,4189,104.83,62937,537063
800000,87,716086.0,5503,138.07,83914,716086
1000000,87,895128.0,6846,172.79,104872,895128
2,88,2.0,0,0.0,0,2
3,88,3.0,0,0.0,0,3
100,88,93.0,0,0.0,7,93
200,88,174.0,0,0.0,26,174
2000,88,1779.0,30,1.23,221,1779
10000,88,8951.0,65,2.12,1049,8951
20000,88,17905.0,148,4.1,2095,17905
40000,88,35814.0,309,7.62,4186,35814
60000,88,53729.0,475,11.18,6271,53729
80000,88,71691.0,1507,18.9,8309,71691
100000,88,89589.0,1635,21.98,10411,89589
200000,88,179067.0,2348,40.26,20933,179067
400000,88,358248.0,3663,72.4,41752,358248
600000,88,537158.0,4969,105.25,62842,537158
800000,88,716080.0,6299,137.81,83920,716080
1000000,88,895222.0,7605,171.3,104778,895222
2,89,2.0,0,0.0,0,2
3,89,3.0,0,0.0,0,3
100,89,92.0,0,0.0,8,92
200,89,181.0,32,0.16,19,181
2000,89,1777.0,60,0.7,223,1777
10000,89,8982.0,120,2.12,1018,8982
20000,89,17978.0,195,4.05,2022,17978
40000,89,35953.0,343,8.15,4047,35953
60000,89,53861.0,491,12.1,6139,53861
80000,89,71664.0,620,15.26,8336,71664
100000,89,89564.0,771,18.94,10436,89564
200000,89,178971.0,1409,35.21,21029,178971
400000,89,357994.0,2738,68.45,42006,357994
600000,89,536825.0,4079,102.2,63175,536825
800000,89,715759.0,5349,132.74,84241,715759
1000000,89,894756.0,6678,165.91,105244,894756
2,90,2.0,0,0.0,0,2
3,90,3.0,0,0.0,0,3
100,90,90.0,0,0.0,10,90
200,90,182.0,0,0.0,18,182
2000,90,1805.0,264,4.36,195,1805
10000,90,8947.0,383,5.59,1053,8947
20000,90,17847.0,457,7.36,2153,17847
40000,90,35773.0,599,11.0,4227,35773
60000,90,53634.0,733,14.39,6366,53634
80000,90,71570.0,853,17.47,8430,71570
100000,90,89477.0,1012,21.54,10523,89477
200000,90,178953.0,1734,39.31,21047,178953
400000,90,357915.0,3116,72.98,42085,357915
600000,90,536952.0,4403,103.5,63048,536952
800000,90,715900.0,5766,138.59,84100,715900
1000000,90,894878.0,7081,170.96,105122,894878
2,91,1.0,0,0.0,1,1
3,91,2.0,0,0.0,1,2
100,91,82.0,2,0.09,18,82
200,91,171.0,3,0.14,29,171
2000,91,1774.0,31,0.48,226,1774
10000,91,8888.0,87,2.19,1112,8888
20000,91,17858.0,203,4.01,2142,17858
40000,91,35775.0,322,7.09,4225,35775
60000,91,53705.0,1079,13.56,6295,53705
80000,91,71601.0,1239,17.24,8399,71601
100000,91,89554.0,1427,21.02,10446,89554
200000,91,179008.0,2111,38.16,20992,179008
400000,91,357966.0,4052,74.78,42034,357966
600000,91,537027.0,6130,111.97,62973,537027
800000,91,716080.0,7518,146.91,83920,716080
1000000,91,895156.0,8906,181.21,104844,895156
2,92,2.0,0,0.0,0,2
3,92,3.0,0,0.0,0,3
100,92,85.0,0,0.0,15,85
200,92,179.0,0,0.0,21,179
2000,92,1775.0,21,0.67,225,1775
10000,92,8936.0,84,2.42,1064,8936
20000,92,17821.0,146,4.01,2179,17821
40000,92,35851.0,1085,15.75,4149,35851
60000,92,53739.0,1234,19.45,6261,53739
80000,92,71673.0,1361,22.37,8327,71673
100000,92,89563.0,1479,25.32,10437,89563
200000,92,179269.0,2150,41.83,20731,179269
400000,92,358189.0,3580,74.82,41811,358189
600000,92,537338.0,4869,106.19,62662,537338
800000,92,716372.0,6201,139.96,83628,716372
1000000,92,895515.0,7541,172.86,104485,895515
2,93,2.0,0,0.0,0,2
3,93,2.0,0,0.0,1,2
100,93,88.0,3,0.02,12,88
200,93,172.0,6,0.15,28,172
2000,93,1779.0,12,0.3,221,1779
10000,93,8962.0,156,2.18,1038,8962
20000,93,17885.0,221,4.06,2115,17885
40000,93,35783.0,486,8.27,4217,35783
60000,93,53749.0,629,11.43,6251,53749
80000,93,71607.0,781,15.27,8393,71607
100000,93,89485.0,917,18.75,10515,89485
200000,93,178775.0,1555,34.7,21225,178775
400000,93,357742.0,2944,68.96,42258,357742
600000,93,536598.0,4283,103.9,63402,536598
800000,93,715535.0,5583,136.67,84465,715535
1000000,93,894330.0,6943,170.87,105670,894330
2,94,2.0,0,0.0,0,2
3,94,3.0,0,0.0,0,3
100,94,84.0,0,0.0,16,84
200,94,170.0,17,0.77,30,170
2000,94,1770.0,1767,9.72,230,1770
10000,94,8889.0,9736,50.52,1111,8889
20000,94,17757.0,19698,101.05,2243,17757
40000,94,35538.0,39582,203.35,4462,35538
60000,94,53303.0,59487,306.35,6697,53303
80000,94,71134.0,79408,408.64,8866,71134
100000,94,88940.0,99342,510.75,11060,88940
200000,94,177848.0,198904,1023.0,22152,177848
400000,94,355824.0,398071,2043.36,44176,355824
600000,94,533665.0,597177,3065.21,66335,533665
800000,94,712598.0,662224,3416.96,87402,712598
1000000,94,891752.0,663585,3451.13,108248,891752
2,95,2.0,0,0.0,0,2
3,95,3.0,0,0.0,0,3
100,95,90.0,1,0.05,10,90
200,95,182.0,1,0.05,18,182
2000,95,1783.0,38,0.35,217,1783
10000,95,8909.0,148,2.14,1091,8909
20000,95,17838.0,288,4.16,2162,17838
40000,95,35626.0,11927,65.44,4374,35626
60000,95,53520.0,12184,69.64,6480,53520
80000,95,71436.0,12322,73.09,8564,71436
100000,95,89327.0,12456,76.36,10673,89327
200000,95,178981.0,13119,92.6,21019,178981
400000,95,357981.0,14507,126.22,42019,357981
600000,95,536991.0,15828,160.58,63009,536991
800000,95,715937.0,17216,195.56,84063,715937
1000000,95,894876.0,18561,230.4,105124,894876
2,96,2.0,0,0.0,0,2
3,96,3.0,0,0.0,0,3
100,96,79.0,0,0.0,21,79
200,96,172.0,6,0.03,28,172
2000,96,1763.0,11,0.18,237,1763
10000,96,8897.0,336,3.56,1103,8897
20000,96,17840.0,440,6.24,2160,17840
40000,96,35780.0,558,9.19,4220,35780
60000,96,53668.0,702,12.83,6332,53668
80000,96,71668.0,841,16.25,8332,71668
100000,96,89532.0,971,19.54,10468,89532
200000,96,178994.0,1645,36.35,21006,178994
400000,96,357963.0,3257,69.97,42037,357963
600000,96,536934.0,4541,101.67,63066,536934
800000,96,715662.0,5840,134.24,84338,715662
1000000,96,894464.0,7143,166.99,105536,894464
2,97,2.0,0,0.0,0,2
3,97,3.0,0,0.0,0,3
100,97,92.0,86,0.47,8,92
200,97,181.0,186,0.97,19,181
2000,97,1776.0,1982,11.59,224,1776
10000,97,8906.0,9422,49.51,1094,8906
20000,97,17859.0,9498,51.49,2141,17859
40000,97,35761.0,9644,54.7,4239,35761
60000,97,53745.0,9771,57.78,6255,53745
80000,97,71717.0,9896,60.88,8283,71717
100000,97,89559.0,10036,64.54,10441,89559
200000,97,179134.0,10720,81.64,20866,179134
400000,97,358040.0,12061,115.75,41960,358040
600000,97,537222.0,13405,149.02,62778,537222
800000,97,716216.0,14774,183.31,83784,716216
1000000,97,895009.0,16080,215.92,104991,895009
2,98,2.0,0,0.0,0,2
3,98,3.0,0,0.0,0,3
100,98,86.0,0,0.0,14,86
200,98,172.0,34,0.17,28,172
2000,98,1780.0,51,0.58,220,1780
10000,98,8982.0,125,2.7,1018,8982
20000,98,17920.0,192,4.28,2080,17920
40000,98,35826.0,334,7.63,4174,35826
60000,98,53731.0,466,10.89,6269,53731
80000,98,71572.0,623,14.68,8428,71572
100000,98,89443.0,739,17.54,10557,89443
200000,98,178911.0,1411,34.06,21089,178911
400000,98,357846.0,2790,68.51,42154,357846
600000,98,536860.0,4129,102.61,63140,536860
800000,98,715921.0,5512,136.2,84079,715921
1000000,98,894894.0,6916,171.66,105106,894894
2,99,2.0,0,0.0,0,2
3,99,3.0,0,0.0,0,3
100,99,92.0,0,0.0,8,92
200,99,186.0,4,0.18,14,186
2000,99,1800.0,33,0.69,200,1800
10000,99,8903.0,95,2.55,1097,8903
20000,99,17857.0,181,4.62,2143,17857
40000,99,35746.0,314,7.85,4254,35746
60000,99,53533.0,463,11.28,6467,53533
80000,99,71497.0,594,14.61,8503,71497
100000,99,89328.0,742,18.35,10672,89328
200000,99,178914.0,1449,34.41,21086,178914
400000,99,357610.0,2863,70.08,42390,357610
600000,99,536573.0,4177,103.81,63427,536573
800000,99,715654.0,5535,137.83,84346,715654
1000000,99,894712.0,6877,172.22,105288,894712
2,100,1.0,0,0.0,1,1
3,100,2.0,0,0.0,1,2
100,100,86.0,2,0.09,14,86
200,100,174.0,90,0.53,26,174
2000,100,1781.0,1881,9.65,219,1781
10000,100,8910.0,9860,51.14,1090,8910
20000,100,17803.0,19838,102.51,2197,17803
40000,100,35596.0,39787,205.37,4404,35596
60000,100,53385.0,59728,307.48,6615,53385
80000,100,71137.0,79669,410.42,8863,71137
100000,100,88926.0,99598,513.07,11074,88926
200000,100,178216.0,136247,710.19,21784,178216
400000,100,357228.0,137592,744.24,42772,357228
600000,100,536406.0,138947,779.25,63594,536406
800000,100,715333.0,140241,812.2,84667,715333
1000000,100,894417.0,141575,844.95,105583,894417
