Timestep,Iteration,Total Reward,Suboptimal Arms,Total Regret,Zeros Count,Ones Count
2,1,2.0,1,0.01,0,2
3,1,2.0,2,0.01,1,2
100,1,94.0,67,0.34,6,94
200,1,188.0,133,0.67,12,188
2000,1,1784.0,1289,6.44,216,1784
10000,1,8986.0,6380,31.9,1014,8986
20000,1,17973.0,13555,67.78,2027,17973
40000,1,35944.0,25683,128.41,4056,35944
60000,1,53902.0,37279,186.39,6098,53902
80000,1,71873.0,49170,245.85,8127,71873
10000,1,8986.0,6380,31.9,1014,8986
2,2,2.0,1,0.01,0,2
3,2,3.0,2,0.01,0,3
100,2,93.0,70,0.35,7,93
200,2,181.0,138,0.69,19,181
2000,2,1780.0,1402,7.01,220,1780
10000,2,8965.0,6487,32.43,1035,8965
20000,2,17946.0,12579,62.9,2054,17946
40000,2,35856.0,25417,127.08,4144,35856
60000,2,53767.0,37711,188.55,6233,53767
80000,2,71755.0,52722,263.61,8245,71755
10000,2,8965.0,6487,32.43,1035,8965
2,3,1.0,1,0.01,1,1
3,3,2.0,2,0.01,1,2
100,3,96.0,66,0.33,4,96
200,3,180.0,139,0.7,20,180
2000,3,1769.0,1231,6.15,231,1769
10000,3,8913.0,6155,30.77,1087,8913
20000,3,17840.0,13160,65.8,2160,17840
40000,3,35784.0,24126,120.63,4216,35784
60000,3,53774.0,31108,155.54,6226,53774
80000,3,71840.0,39897,199.48,8160,71840
10000,3,8913.0,6155,30.77,1087,8913
2,4,2.0,1,0.01,0,2
3,4,2.0,2,0.01,1,2
100,4,86.0,61,0.31,14,86
200,4,175.0,119,0.6,25,175
2000,4,1786.0,1369,6.84,214,1786
10000,4,8953.0,6708,33.54,1047,8953
20000,4,17891.0,12107,60.54,2109,17891
40000,4,35911.0,20632,103.16,4089,35911
60000,4,53893.0,30716,153.58,6107,53893
80000,4,71823.0,43923,219.61,8177,71823
10000,4,8953.0,6708,33.54,1047,8953
2,5,2.0,1,0.01,0,2
3,5,3.0,2,0.01,0,3
100,5,90.0,70,0.35,10,90
200,5,177.0,132,0.66,23,177
2000,5,1786.0,1314,6.57,214,1786
10000,5,8942.0,6235,31.17,1058,8942
20000,5,17921.0,11973,59.87,2079,17921
40000,5,35894.0,26923,134.61,4106,35894
60000,5,53911.0,38509,192.54,6089,53911
80000,5,71846.0,50961,254.8,8154,71846
10000,5,8942.0,6235,31.17,1058,8942
2,6,2.0,1,0.01,0,2
3,6,2.0,2,0.01,1,2
100,6,94.0,64,0.32,6,94
200,6,182.0,123,0.62,18,182
2000,6,1818.0,1244,6.22,182,1818
10000,6,9038.0,6425,32.12,962,9038
20000,6,18001.0,12483,62.42,1999,18001
40000,6,35888.0,25338,126.69,4112,35888
60000,6,53782.0,37370,186.85,6218,53782
80000,6,71723.0,47683,238.41,8277,71723
10000,6,9038.0,6425,32.12,962,9038
2,7,2.0,1,0.01,0,2
3,7,3.0,2,0.01,0,3
100,7,88.0,67,0.34,12,88
200,7,179.0,130,0.65,21,179
2000,7,1815.0,1215,6.07,185,1815
10000,7,8973.0,6427,32.13,1027,8973
20000,7,17921.0,11831,59.16,2079,17921
40000,7,35877.0,22159,110.79,4123,35877
60000,7,53868.0,33444,167.22,6132,53868
80000,7,71903.0,42751,213.75,8097,71903
10000,7,8973.0,6427,32.13,1027,8973
2,8,2.0,1,0.01,0,2
3,8,3.0,2,0.01,0,3
100,8,89.0,65,0.33,11,89
200,8,179.0,131,0.66,21,179
2000,8,1776.0,1175,5.87,224,1776
10000,8,8968.0,5523,27.61,1032,8968
20000,8,17935.0,11851,59.26,2065,17935
40000,8,35809.0,24185,120.92,4191,35809
60000,8,53771.0,36024,180.12,6229,53771
80000,8,71718.0,43487,217.43,8282,71718
10000,8,8968.0,5523,27.61,1032,8968
2,9,2.0,1,0.01,0,2
3,9,3.0,2,0.01,0,3
100,9,90.0,68,0.34,10,90
200,9,174.0,136,0.68,26,174
2000,9,1757.0,1285,6.42,243,1757
10000,9,8903.0,5267,26.33,1097,8903
20000,9,17871.0,10349,51.75,2129,17871
40000,9,35819.0,21223,106.11,4181,35819
60000,9,53790.0,33215,166.07,6210,53790
80000,9,71763.0,44022,220.11,8237,71763
10000,9,8903.0,5267,26.33,1097,8903
2,10,2.0,1,0.01,0,2
3,10,3.0,2,0.01,0,3
100,10,92.0,64,0.32,8,92
200,10,180.0,124,0.62,20,180
2000,10,1790.0,1227,6.13,210,1790
10000,10,8964.0,5921,29.6,1036,8964
20000,10,17983.0,10902,54.51,2017,17983
40000,10,35918.0,20195,100.97,4082,35918
60000,10,53880.0,29748,148.74,6120,53880
80000,10,71859.0,37938,189.69,8141,71859
10000,10,8964.0,5921,29.6,1036,8964
2,11,1.0,1,0.01,1,1
3,11,2.0,2,0.01,1,2
100,11,88.0,69,0.35,12,88
200,11,177.0,134,0.67,23,177
2000,11,1796.0,1257,6.28,204,1796
10000,11,8953.0,6264,31.32,1047,8953
20000,11,17929.0,12759,63.8,2071,17929
40000,11,35884.0,23575,117.87,4116,35884
60000,11,53797.0,32955,164.77,6203,53797
80000,11,71739.0,41812,209.06,8261,71739
10000,11,8953.0,6264,31.32,1047,8953
2,12,1.0,1,0.01,1,1
3,12,1.0,2,0.01,2,1
100,12,88.0,67,0.34,12,88
200,12,177.0,134,0.67,23,177
2000,12,1800.0,1267,6.33,200,1800
10000,12,8985.0,6052,30.26,1015,8985
20000,12,17936.0,11862,59.31,2064,17936
40000,12,35870.0,22398,111.99,4130,35870
60000,12,53763.0,34093,170.46,6237,53763
80000,12,71732.0,41699,208.49,8268,71732
10000,12,8985.0,6052,30.26,1015,8985
2,13,2.0,1,0.01,0,2
3,13,3.0,2,0.01,0,3
100,13,89.0,67,0.34,11,89
200,13,178.0,136,0.68,22,178
2000,13,1781.0,1255,6.27,219,1781
10000,13,8966.0,5873,29.36,1034,8966
20000,13,17901.0,10902,54.51,2099,17901
40000,13,35860.0,21992,109.96,4140,35860
60000,13,53860.0,31998,159.99,6140,53860
80000,13,71829.0,43449,217.24,8171,71829
10000,13,8966.0,5873,29.36,1034,8966
2,14,2.0,1,0.01,0,2
3,14,3.0,2,0.01,0,3
100,14,95.0,67,0.34,5,95
200,14,187.0,135,0.68,13,187
2000,14,1793.0,1336,6.68,207,1793
10000,14,8945.0,6932,34.66,1055,8945
20000,14,17894.0,13556,67.78,2106,17894
40000,14,35845.0,25154,125.77,4155,35845
60000,14,53799.0,32696,163.48,6201,53799
80000,14,71743.0,44274,221.37,8257,71743
10000,14,8945.0,6932,34.66,1055,8945
2,15,2.0,1,0.01,0,2
3,15,3.0,2,0.01,0,3
100,15,93.0,66,0.33,7,93
200,15,179.0,137,0.69,21,179
2000,15,1785.0,1305,6.52,215,1785
10000,15,8971.0,5993,29.96,1029,8971
20000,15,17925.0,11305,56.53,2075,17925
40000,15,35876.0,23915,119.57,4124,35876
60000,15,53780.0,35260,176.3,6220,53780
80000,15,71772.0,47536,237.68,8228,71772
10000,15,8971.0,5993,29.96,1029,8971
2,16,1.0,1,0.01,1,1
3,16,2.0,2,0.01,1,2
100,16,90.0,64,0.32,10,90
200,16,177.0,131,0.66,23,177
2000,16,1781.0,1319,6.59,219,1781
10000,16,8979.0,6133,30.66,1021,8979
20000,16,17879.0,12618,63.09,2121,17879
40000,16,35832.0,26966,134.83,4168,35832
60000,16,53806.0,37084,185.42,6194,53806
80000,16,71680.0,48722,243.61,8320,71680
10000,16,8979.0,6133,30.66,1021,8979
2,17,2.0,1,0.01,0,2
3,17,3.0,2,0.01,0,3
100,17,82.0,65,0.33,18,82
200,17,178.0,132,0.66,22,178
2000,17,1831.0,1415,7.07,169,1831
10000,17,9005.0,6484,32.42,995,9005
20000,17,17957.0,12122,60.61,2043,17957
40000,17,35870.0,23568,117.84,4130,35870
60000,17,53796.0,36171,180.85,6204,53796
80000,17,71761.0,46903,234.51,8239,71761
10000,17,9005.0,6484,32.42,995,9005
2,18,2.0,1,0.01,0,2
3,18,3.0,2,0.01,0,3
100,18,88.0,66,0.33,12,88
200,18,179.0,134,0.67,21,179
2000,18,1781.0,1296,6.48,219,1781
10000,18,8975.0,6576,32.88,1025,8975
20000,18,17930.0,14602,73.01,2070,17930
40000,18,35923.0,27326,136.63,4077,35923
60000,18,53840.0,39290,196.45,6160,53840
80000,18,71791.0,53018,265.09,8209,71791
10000,18,8975.0,6576,32.88,1025,8975
2,19,2.0,1,0.01,0,2
3,19,3.0,2,0.01,0,3
100,19,92.0,69,0.35,8,92
200,19,181.0,139,0.7,19,181
2000,19,1767.0,1435,7.17,233,1767
10000,19,8933.0,6747,33.73,1067,8933
20000,19,17890.0,12604,63.02,2110,17890
40000,19,35851.0,23318,116.59,4149,35851
60000,19,53842.0,32864,164.32,6158,53842
80000,19,71757.0,43275,216.37,8243,71757
10000,19,8933.0,6747,33.73,1067,8933
2,20,2.0,1,0.01,0,2
3,20,3.0,2,0.01,0,3
100,20,93.0,70,0.35,7,93
200,20,181.0,147,0.74,19,181
2000,20,1808.0,1460,7.3,192,1808
10000,20,8997.0,6706,33.53,1003,8997
20000,20,17921.0,13775,68.88,2079,17921
40000,20,35876.0,24437,122.18,4124,35876
60000,20,53900.0,35831,179.15,6100,53900
80000,20,71872.0,45354,226.77,8128,71872
10000,20,8997.0,6706,33.53,1003,8997
2,21,2.0,1,0.01,0,2
3,21,3.0,2,0.01,0,3
100,21,91.0,65,0.33,9,91
200,21,179.0,129,0.65,21,179
2000,21,1784.0,1199,5.99,216,1784
10000,21,8901.0,6952,34.76,1099,8901
20000,21,17871.0,12835,64.18,2129,17871
40000,21,35867.0,22984,114.92,4133,35867
60000,21,53857.0,34419,172.09,6143,53857
80000,21,71801.0,44293,221.46,8199,71801
10000,21,8901.0,6952,34.76,1099,8901
2,22,2.0,1,0.01,0,2
3,22,2.0,2,0.01,1,2
100,22,88.0,65,0.33,12,88
200,22,180.0,127,0.64,20,180
2000,22,1827.0,1205,6.02,173,1827
10000,22,9031.0,6012,30.06,969,9031
20000,22,18038.0,12125,60.63,1962,18038
40000,22,35893.0,23781,118.9,4107,35893
60000,22,53837.0,35298,176.49,6163,53837
80000,22,71824.0,45730,228.65,8176,71824
10000,22,9031.0,6012,30.06,969,9031
2,23,2.0,1,0.01,0,2
3,23,3.0,2,0.01,0,3
100,23,90.0,67,0.34,10,90
200,23,173.0,134,0.67,27,173
2000,23,1774.0,1313,6.56,226,1774
10000,23,8948.0,6907,34.53,1052,8948
20000,23,17923.0,12645,63.23,2077,17923
40000,23,35843.0,23540,117.7,4157,35843
60000,23,53712.0,35767,178.83,6288,53712
80000,23,71747.0,47790,238.95,8253,71747
10000,23,8948.0,6907,34.53,1052,8948
2,24,2.0,1,0.01,0,2
3,24,3.0,2,0.01,0,3
100,24,91.0,65,0.33,9,91
200,24,181.0,125,0.63,19,181
2000,24,1822.0,1295,6.47,178,1822
10000,24,8960.0,6508,32.54,1040,8960
20000,24,17950.0,11556,57.78,2050,17950
40000,24,35885.0,23315,116.57,4115,35885
60000,24,53838.0,33687,168.43,6162,53838
80000,24,71808.0,42610,213.05,8192,71808
10000,24,8960.0,6508,32.54,1040,8960
2,25,2.0,1,0.01,0,2
3,25,3.0,2,0.01,0,3
100,25,92.0,66,0.33,8,92
200,25,180.0,131,0.66,20,180
2000,25,1824.0,1319,6.59,176,1824
10000,25,9063.0,6239,31.19,937,9063
20000,25,18048.0,12052,60.26,1952,18048
40000,25,35938.0,22537,112.68,4062,35938
60000,25,53928.0,32281,161.4,6072,53928
80000,25,71892.0,39504,197.52,8108,71892
10000,25,9063.0,6239,31.19,937,9063
2,26,2.0,1,0.01,0,2
3,26,3.0,2,0.01,0,3
100,26,89.0,69,0.35,11,89
200,26,181.0,136,0.68,19,181
2000,26,1796.0,1421,7.1,204,1796
10000,26,8963.0,6702,33.51,1037,8963
20000,26,17916.0,12338,61.69,2084,17916
40000,26,35873.0,24678,123.39,4127,35873
60000,26,53749.0,36764,183.82,6251,53749
80000,26,71747.0,47330,236.65,8253,71747
10000,26,8963.0,6702,33.51,1037,8963
2,27,2.0,1,0.01,0,2
3,27,2.0,2,0.01,1,2
100,27,85.0,65,0.33,15,85
200,27,173.0,129,0.65,27,173
2000,27,1792.0,1298,6.49,208,1792
10000,27,8908.0,6270,31.35,1092,8908
20000,27,17909.0,12775,63.88,2091,17909
40000,27,35831.0,23996,119.98,4169,35831
60000,27,53713.0,32818,164.09,6287,53713
80000,27,71639.0,46891,234.45,8361,71639
10000,27,8908.0,6270,31.35,1092,8908
2,28,2.0,1,0.01,0,2
3,28,3.0,2,0.01,0,3
100,28,92.0,66,0.33,8,92
200,28,179.0,131,0.66,21,179
2000,28,1808.0,1205,6.02,192,1808
10000,28,8965.0,6183,30.91,1035,8965
20000,28,17964.0,12763,63.82,2036,17964
40000,28,35873.0,21140,105.7,4127,35873
60000,28,53802.0,34184,170.92,6198,53802
80000,28,71848.0,41208,206.04,8152,71848
10000,28,8965.0,6183,30.91,1035,8965
2,29,2.0,1,0.01,0,2
3,29,3.0,2,0.01,0,3
100,29,88.0,67,0.34,12,88
200,29,176.0,130,0.65,24,176
2000,29,1792.0,1169,5.84,208,1792
10000,29,8947.0,6247,31.23,1053,8947
20000,29,18004.0,12798,63.99,1996,18004
40000,29,35908.0,22946,114.73,4092,35908
60000,29,53814.0,33595,167.97,6186,53814
80000,29,71750.0,44353,221.76,8250,71750
10000,29,8947.0,6247,31.23,1053,8947
2,30,2.0,1,0.01,0,2
3,30,3.0,2,0.01,0,3
100,30,89.0,64,0.32,11,89
200,30,179.0,133,0.67,21,179
2000,30,1794.0,1337,6.68,206,1794
10000,30,8939.0,6426,32.13,1061,8939
20000,30,17950.0,12952,64.76,2050,17950
40000,30,35802.0,24336,121.68,4198,35802
60000,30,53675.0,35255,176.27,6325,53675
80000,30,71608.0,46411,232.05,8392,71608
10000,30,8939.0,6426,32.13,1061,8939
2,31,2.0,1,0.01,0,2
3,31,3.0,2,0.01,0,3
100,31,90.0,66,0.33,10,90
200,31,177.0,135,0.68,23,177
2000,31,1794.0,1406,7.03,206,1794
10000,31,8968.0,5884,29.42,1032,8968
20000,31,17980.0,11016,55.08,2020,17980
40000,31,35952.0,21836,109.18,4048,35952
60000,31,53875.0,32464,162.32,6125,53875
80000,31,71774.0,44608,223.04,8226,71774
10000,31,8968.0,5884,29.42,1032,8968
2,32,1.0,1,0.01,1,1
3,32,2.0,2,0.01,1,2
100,32,91.0,65,0.33,9,91
200,32,180.0,124,0.62,20,180
2000,32,1812.0,1169,5.84,188,1812
10000,32,9012.0,5882,29.41,988,9012
20000,32,17996.0,10151,50.76,2004,17996
40000,32,35912.0,20180,100.9,4088,35912
60000,32,53914.0,32936,164.68,6086,53914
80000,32,71776.0,44653,223.26,8224,71776
10000,32,9012.0,5882,29.41,988,9012
2,33,2.0,1,0.01,0,2
3,33,3.0,2,0.01,0,3
100,33,89.0,65,0.33,11,89
200,33,177.0,134,0.67,23,177
2000,33,1810.0,1219,6.09,190,1810
10000,33,8990.0,6051,30.25,1010,8990
20000,33,17907.0,12960,64.8,2093,17907
40000,33,35847.0,24559,122.79,4153,35847
60000,33,53776.0,35079,175.39,6224,53776
80000,33,71711.0,42979,214.89,8289,71711
10000,33,8990.0,6051,30.25,1010,8990
2,34,1.0,1,0.01,1,1
3,34,2.0,2,0.01,1,2
100,34,84.0,70,0.35,16,84
200,34,178.0,140,0.7,22,178
2000,34,1816.0,1483,7.41,184,1816
10000,34,8952.0,7096,35.48,1048,8952
20000,34,17889.0,14111,70.56,2111,17889
40000,34,35839.0,25889,129.44,4161,35839
60000,34,53878.0,34463,172.31,6122,53878
80000,34,71926.0,40505,202.52,8074,71926
10000,34,8952.0,7096,35.48,1048,8952
2,35,2.0,1,0.01,0,2
3,35,3.0,2,0.01,0,3
100,35,90.0,68,0.34,10,90
200,35,179.0,141,0.71,21,179
2000,35,1789.0,1246,6.23,211,1789
10000,35,8976.0,6315,31.57,1024,8976
20000,35,17925.0,12118,60.59,2075,17925
40000,35,35903.0,21968,109.84,4097,35903
60000,35,53842.0,31421,157.1,6158,53842
80000,35,71807.0,38600,193.0,8193,71807
10000,35,8976.0,6315,31.57,1024,8976
2,36,1.0,1,0.01,1,1
3,36,2.0,2,0.01,1,2
100,36,93.0,63,0.32,7,93
200,36,186.0,129,0.65,14,186
2000,36,1801.0,1300,6.5,199,1801
10000,36,8967.0,5811,29.05,1033,8967
20000,36,17943.0,11409,57.05,2057,17943
40000,36,35846.0,21522,107.61,4154,35846
60000,36,53764.0,31294,156.47,6236,53764
80000,36,71710.0,39413,197.06,8290,71710
10000,36,8967.0,5811,29.05,1033,8967
2,37,2.0,1,0.01,0,2
3,37,3.0,2,0.01,0,3
100,37,90.0,68,0.34,10,90
200,37,185.0,134,0.67,15,185
2000,37,1806.0,1258,6.29,194,1806
10000,37,8961.0,6618,33.09,1039,8961
20000,37,17913.0,13029,65.15,2087,17913
40000,37,35837.0,25096,125.48,4163,35837
60000,37,53775.0,37048,185.24,6225,53775
80000,37,71797.0,48651,243.25,8203,71797
10000,37,8961.0,6618,33.09,1039,8961
2,38,2.0,1,0.01,0,2
3,38,3.0,2,0.01,0,3
100,38,91.0,67,0.34,9,91
200,38,182.0,138,0.69,18,182
2000,38,1786.0,1280,6.4,214,1786
10000,38,8931.0,6313,31.56,1069,8931
20000,38,17905.0,12313,61.57,2095,17905
40000,38,35839.0,23339,116.69,4161,35839
60000,38,53794.0,34887,174.43,6206,53794
80000,38,71685.0,47207,236.03,8315,71685
10000,38,8931.0,6313,31.56,1069,8931
2,39,2.0,1,0.01,0,2
3,39,3.0,2,0.01,0,3
100,39,94.0,68,0.34,6,94
200,39,184.0,139,0.7,16,184
2000,39,1789.0,1381,6.9,211,1789
10000,39,8947.0,6922,34.61,1053,8947
20000,39,17930.0,14123,70.62,2070,17930
40000,39,35940.0,27093,135.46,4060,35940
60000,39,53901.0,35375,176.87,6099,53901
80000,39,71785.0,46094,230.47,8215,71785
10000,39,8947.0,6922,34.61,1053,8947
2,40,2.0,1,0.01,0,2
3,40,3.0,2,0.01,0,3
100,40,86.0,70,0.35,14,86
200,40,178.0,138,0.69,22,178
2000,40,1798.0,1241,6.2,202,1798
10000,40,8983.0,6537,32.68,1017,8983
20000,40,17930.0,12534,62.67,2070,17930
40000,40,35864.0,24318,121.59,4136,35864
60000,40,53856.0,35036,175.18,6144,53856
80000,40,71794.0,46895,234.47,8206,71794
10000,40,8983.0,6537,32.68,1017,8983
2,41,2.0,1,0.01,0,2
3,41,3.0,2,0.01,0,3
100,41,92.0,67,0.34,8,92
200,41,184.0,136,0.68,16,184
2000,41,1786.0,1347,6.73,214,1786
10000,41,8983.0,6660,33.3,1017,8983
20000,41,17934.0,13493,67.47,2066,17934
40000,41,35876.0,25965,129.82,4124,35876
60000,41,53819.0,39157,195.78,6181,53819
80000,41,71802.0,50048,250.24,8198,71802
10000,41,8983.0,6660,33.3,1017,8983
2,42,2.0,1,0.01,0,2
3,42,3.0,2,0.01,0,3
100,42,89.0,68,0.34,11,89
200,42,180.0,135,0.68,20,180
2000,42,1789.0,1297,6.48,211,1789
10000,42,9026.0,6517,32.58,974,9026
20000,42,18063.0,13172,65.86,1937,18063
40000,42,36047.0,26021,130.1,3953,36047
60000,42,53956.0,35994,179.97,6044,53956
80000,42,71954.0,46279,231.39,8046,71954
10000,42,9026.0,6517,32.58,974,9026
2,43,1.0,1,0.01,1,1
3,43,2.0,2,0.01,1,2
100,43,88.0,67,0.34,12,88
200,43,176.0,134,0.67,24,176
2000,43,1777.0,1276,6.38,223,1777
10000,43,8980.0,5822,29.11,1020,8980
20000,43,17987.0,10716,53.58,2013,17987
40000,43,35872.0,19264,96.32,4128,35872
60000,43,53857.0,26286,131.43,6143,53857
80000,43,71747.0,34323,171.61,8253,71747
10000,43,8980.0,5822,29.11,1020,8980
2,44,2.0,1,0.01,0,2
3,44,3.0,2,0.01,0,3
100,44,90.0,66,0.33,10,90
200,44,181.0,129,0.65,19,181
2000,44,1805.0,1271,6.35,195,1805
10000,44,8993.0,5392,26.96,1007,8993
20000,44,17982.0,11559,57.8,2018,17982
40000,44,35877.0,21044,105.22,4123,35877
60000,44,53867.0,30756,153.78,6133,53867
80000,44,71832.0,40594,202.97,8168,71832
10000,44,8993.0,5392,26.96,1007,8993
2,45,2.0,1,0.01,0,2
3,45,3.0,2,0.01,0,3
100,45,90.0,72,0.36,10,90
200,45,178.0,137,0.69,22,178
2000,45,1798.0,1254,6.27,202,1798
10000,45,8970.0,6721,33.6,1030,8970
20000,45,17922.0,12007,60.04,2078,17922
40000,45,35897.0,20881,104.4,4103,35897
60000,45,53829.0,30824,154.12,6171,53829
80000,45,71738.0,40261,201.3,8262,71738
10000,45,8970.0,6721,33.6,1030,8970
2,46,2.0,1,0.01,0,2
3,46,3.0,2,0.01,0,3
100,46,92.0,64,0.32,8,92
200,46,187.0,126,0.63,13,187
2000,46,1807.0,1264,6.32,193,1807
10000,46,8994.0,6663,33.31,1006,8994
20000,46,17934.0,12321,61.61,2066,17934
40000,46,35816.0,26236,131.18,4184,35816
60000,46,53743.0,40043,200.21,6257,53743
80000,46,71661.0,51861,259.3,8339,71661
10000,46,8994.0,6663,33.31,1006,8994
2,47,2.0,1,0.01,0,2
3,47,3.0,2,0.01,0,3
100,47,87.0,66,0.33,13,87
200,47,175.0,133,0.67,25,175
2000,47,1790.0,1204,6.02,210,1790
10000,47,8968.0,5948,29.74,1032,8968
20000,47,17904.0,12735,63.68,2096,17904
40000,47,35851.0,24401,122.0,4149,35851
60000,47,53763.0,37764,188.82,6237,53763
80000,47,71751.0,45051,225.25,8249,71751
10000,47,8968.0,5948,29.74,1032,8968
2,48,2.0,1,0.01,0,2
3,48,3.0,2,0.01,0,3
100,48,89.0,64,0.32,11,89
200,48,182.0,124,0.62,18,182
2000,48,1783.0,1319,6.59,217,1783
10000,48,8931.0,6598,32.99,1069,8931
20000,48,17898.0,11873,59.37,2102,17898
40000,48,35814.0,22914,114.57,4186,35814
60000,48,53799.0,33741,168.7,6201,53799
80000,48,71750.0,45177,225.88,8250,71750
10000,48,8931.0,6598,32.99,1069,8931
2,49,1.0,1,0.01,1,1
3,49,2.0,2,0.01,1,2
100,49,91.0,69,0.35,9,91
200,49,179.0,128,0.64,21,179
2000,49,1803.0,1297,6.48,197,1803
10000,49,8935.0,6520,32.6,1065,8935
20000,49,17916.0,13057,65.29,2084,17916
40000,49,35797.0,25919,129.59,4203,35797
60000,49,53632.0,39347,196.73,6368,53632
80000,49,71537.0,50239,251.19,8463,71537
10000,49,8935.0,6520,32.6,1065,8935
2,50,2.0,1,0.01,0,2
3,50,3.0,2,0.01,0,3
100,50,87.0,66,0.33,13,87
200,50,180.0,132,0.66,20,180
2000,50,1789.0,1316,6.58,211,1789
10000,50,8928.0,6575,32.87,1072,8928
20000,50,17865.0,12886,64.43,2135,17865
40000,50,35729.0,25878,129.39,4271,35729
60000,50,53729.0,35828,179.14,6271,53729
80000,50,71598.0,46871,234.35,8402,71598
10000,50,8928.0,6575,32.87,1072,8928
2,51,2.0,1,0.01,0,2
3,51,3.0,2,0.01,0,3
100,51,86.0,66,0.33,14,86
200,51,174.0,136,0.68,26,174
2000,51,1777.0,1324,6.62,223,1777
10000,51,8946.0,6578,32.89,1054,8946
20000,51,17922.0,11256,56.28,2078,17922
40000,51,35844.0,20322,101.61,4156,35844
60000,51,53940.0,26629,133.14,6060,53940
80000,51,71862.0,35851,179.25,8138,71862
10000,51,8946.0,6578,32.89,1054,8946
2,52,1.0,1,0.01,1,1
3,52,2.0,2,0.01,1,2
100,52,92.0,67,0.34,8,92
200,52,177.0,136,0.68,23,177
2000,52,1792.0,1412,7.06,208,1792
10000,52,8955.0,6560,32.8,1045,8955
20000,52,17938.0,12584,62.92,2062,17938
40000,52,35797.0,25497,127.48,4203,35797
60000,52,53728.0,37250,186.25,6272,53728
80000,52,71593.0,47444,237.22,8407,71593
10000,52,8955.0,6560,32.8,1045,8955
2,53,2.0,1,0.01,0,2
3,53,3.0,2,0.01,0,3
100,53,91.0,67,0.34,9,91
200,53,179.0,134,0.67,21,179
2000,53,1799.0,1327,6.63,201,1799
10000,53,8908.0,6467,32.33,1092,8908
20000,53,17910.0,12662,63.31,2090,17910
40000,53,35857.0,25622,128.11,4143,35857
60000,53,53814.0,36717,183.58,6186,53814
80000,53,71806.0,45738,228.69,8194,71806
10000,53,8908.0,6467,32.33,1092,8908
2,54,1.0,1,0.01,1,1
3,54,2.0,2,0.01,1,2
100,54,89.0,63,0.32,11,89
200,54,176.0,130,0.65,24,176
2000,54,1787.0,1239,6.19,213,1787
10000,54,8965.0,7021,35.1,1035,8965
20000,54,17989.0,13664,68.32,2011,17989
40000,54,35974.0,25860,129.3,4026,35974
60000,54,53949.0,35720,178.6,6051,53949
80000,54,71930.0,46276,231.38,8070,71930
10000,54,8965.0,7021,35.1,1035,8965
2,55,2.0,1,0.01,0,2
3,55,3.0,2,0.01,0,3
100,55,86.0,66,0.33,14,86
200,55,177.0,127,0.64,23,177
2000,55,1789.0,1208,6.04,211,1789
10000,55,8979.0,5443,27.21,1021,8979
20000,55,17928.0,10395,51.98,2072,17928
40000,55,35971.0,19825,99.12,4029,35971
60000,55,53918.0,30325,151.62,6082,53918
80000,55,71926.0,41891,209.45,8074,71926
10000,55,8979.0,5443,27.21,1021,8979
2,56,0.0,1,0.01,2,0
3,56,1.0,2,0.01,2,1
100,56,91.0,69,0.35,9,91
200,56,182.0,135,0.68,18,182
2000,56,1795.0,1234,6.17,205,1795
10000,56,9021.0,6570,32.85,979,9021
20000,56,17934.0,12718,63.59,2066,17934
40000,56,35888.0,26766,133.83,4112,35888
60000,56,53846.0,40531,202.65,6154,53846
80000,56,71802.0,49278,246.39,8198,71802
10000,56,9021.0,6570,32.85,979,9021
2,57,2.0,1,0.01,0,2
3,57,3.0,2,0.01,0,3
100,57,82.0,64,0.32,18,82
200,57,171.0,126,0.63,29,171
2000,57,1766.0,1408,7.04,234,1766
10000,57,8938.0,6662,33.31,1062,8938
20000,57,17893.0,12325,61.63,2107,17893
40000,57,35842.0,24044,120.22,4158,35842
60000,57,53788.0,35034,175.17,6212,53788
80000,57,71706.0,46685,233.42,8294,71706
10000,57,8938.0,6662,33.31,1062,8938
2,58,1.0,1,0.01,1,1
3,58,2.0,2,0.01,1,2
100,58,91.0,68,0.34,9,91
200,58,175.0,134,0.67,25,175
2000,58,1807.0,1435,7.17,193,1807
10000,58,8980.0,6861,34.3,1020,8980
20000,58,17956.0,13035,65.18,2044,17956
40000,58,35934.0,26622,133.11,4066,35934
60000,58,53828.0,37851,189.25,6172,53828
80000,58,71846.0,46019,230.09,8154,71846
10000,58,8980.0,6861,34.3,1020,8980
2,59,1.0,1,0.01,1,1
3,59,2.0,2,0.01,1,2
100,59,93.0,64,0.32,7,93
200,59,186.0,131,0.66,14,186
2000,59,1783.0,1465,7.32,217,1783
10000,59,8957.0,7021,35.1,1043,8957
20000,59,17879.0,13251,66.26,2121,17879
40000,59,35824.0,25926,129.63,4176,35824
60000,59,53715.0,37724,188.62,6285,53715
80000,59,71567.0,48403,242.01,8433,71567
10000,59,8957.0,7021,35.1,1043,8957
2,60,1.0,1,0.01,1,1
3,60,2.0,2,0.01,1,2
100,60,90.0,61,0.31,10,90
200,60,184.0,119,0.6,16,184
2000,60,1782.0,1201,6.0,218,1782
10000,60,8909.0,5917,29.58,1091,8909
20000,60,17822.0,12708,63.54,2178,17822
40000,60,35769.0,25160,125.8,4231,35769
60000,60,53658.0,33889,169.44,6342,53658
80000,60,71563.0,43608,218.04,8437,71563
10000,60,8909.0,5917,29.58,1091,8909
2,61,1.0,1,0.01,1,1
3,61,2.0,2,0.01,1,2
100,61,90.0,64,0.32,10,90
200,61,173.0,130,0.65,27,173
2000,61,1794.0,1269,6.34,206,1794
10000,61,8995.0,6361,31.8,1005,8995
20000,61,17969.0,12003,60.02,2031,17969
40000,61,35910.0,23234,116.17,4090,35910
60000,61,53797.0,36793,183.96,6203,53797
80000,61,71674.0,47967,239.83,8326,71674
10000,61,8995.0,6361,31.8,1005,8995
2,62,2.0,1,0.01,0,2
3,62,3.0,2,0.01,0,3
100,62,88.0,71,0.36,12,88
200,62,177.0,133,0.67,23,177
2000,62,1789.0,1463,7.31,211,1789
10000,62,8935.0,7135,35.67,1065,8935
20000,62,17896.0,13148,65.74,2104,17896
40000,62,35850.0,25932,129.66,4150,35850
60000,62,53817.0,38684,193.42,6183,53817
80000,62,71745.0,52660,263.3,8255,71745
10000,62,8935.0,7135,35.67,1065,8935
2,63,1.0,1,0.01,1,1
3,63,2.0,2,0.01,1,2
100,63,92.0,69,0.35,8,92
200,63,181.0,139,0.7,19,181
2000,63,1816.0,1473,7.36,184,1816
10000,63,8947.0,6743,33.71,1053,8947
20000,63,17908.0,13972,69.86,2092,17908
40000,63,35884.0,24292,121.46,4116,35884
60000,63,53845.0,37015,185.07,6155,53845
80000,63,71790.0,46948,234.74,8210,71790
10000,63,8947.0,6743,33.71,1053,8947
2,64,2.0,1,0.01,0,2
3,64,3.0,2,0.01,0,3
100,64,92.0,66,0.33,8,92
200,64,182.0,131,0.66,18,182
2000,64,1822.0,1392,6.96,178,1822
10000,64,9009.0,6367,31.83,991,9009
20000,64,17969.0,12602,63.01,2031,17969
40000,64,35867.0,23211,116.05,4133,35867
60000,64,53868.0,32799,163.99,6132,53868
80000,64,71811.0,42203,211.01,8189,71811
10000,64,9009.0,6367,31.83,991,9009
2,65,2.0,1,0.01,0,2
3,65,3.0,2,0.01,0,3
100,65,94.0,65,0.33,6,94
200,65,181.0,125,0.63,19,181
2000,65,1790.0,1282,6.41,210,1790
10000,65,8993.0,6203,31.01,1007,8993
20000,65,17938.0,11663,58.32,2062,17938
40000,65,35862.0,22799,113.99,4138,35862
60000,65,53745.0,33151,165.75,6255,53745
80000,65,71649.0,45764,228.82,8351,71649
10000,65,8993.0,6203,31.01,1007,8993
2,66,2.0,1,0.01,0,2
3,66,3.0,2,0.01,0,3
100,66,88.0,74,0.37,12,88
200,66,175.0,149,0.75,25,175
2000,66,1803.0,1498,7.49,197,1803
10000,66,8984.0,6511,32.55,1016,8984
20000,66,17927.0,12125,60.63,2073,17927
40000,66,35868.0,22804,114.02,4132,35868
60000,66,53782.0,34402,172.01,6218,53782
80000,66,71755.0,44487,222.43,8245,71755
10000,66,8984.0,6511,32.55,1016,8984
2,67,2.0,1,0.01,0,2
3,67,3.0,2,0.01,0,3
100,67,89.0,68,0.34,11,89
200,67,176.0,141,0.71,24,176
2000,67,1778.0,1304,6.52,222,1778
10000,67,8932.0,6729,33.64,1068,8932
20000,67,17876.0,13661,68.31,2124,17876
40000,67,35738.0,25775,128.87,4262,35738
60000,67,53761.0,34075,170.37,6239,53761
80000,67,71779.0,40134,200.67,8221,71779
10000,67,8932.0,6729,33.64,1068,8932
2,68,2.0,1,0.01,0,2
3,68,3.0,2,0.01,0,3
100,68,88.0,60,0.3,12,88
200,68,179.0,122,0.61,21,179
2000,68,1791.0,1158,5.79,209,1791
10000,68,8954.0,5246,26.23,1046,8954
20000,68,17938.0,11781,58.91,2062,17938
40000,68,35915.0,24168,120.84,4085,35915
60000,68,53906.0,37833,189.16,6094,53906
80000,68,71843.0,51002,255.01,8157,71843
10000,68,8954.0,5246,26.23,1046,8954
2,69,2.0,1,0.01,0,2
3,69,3.0,2,0.01,0,3
100,69,96.0,68,0.34,4,96
200,69,186.0,131,0.66,14,186
2000,69,1808.0,1368,6.84,192,1808
10000,69,8975.0,6655,33.27,1025,8975
20000,69,17965.0,12742,63.71,2035,17965
40000,69,35906.0,24332,121.66,4094,35906
60000,69,53784.0,37203,186.01,6216,53784
80000,69,71809.0,47253,236.26,8191,71809
10000,69,8975.0,6655,33.27,1025,8975
2,70,2.0,1,0.01,0,2
3,70,3.0,2,0.01,0,3
100,70,96.0,68,0.34,4,96
200,70,180.0,140,0.7,20,180
2000,70,1797.0,1384,6.92,203,1797
10000,70,8970.0,6772,33.86,1030,8970
20000,70,17921.0,11877,59.39,2079,17921
40000,70,35868.0,22684,113.42,4132,35868
60000,70,53835.0,33258,166.29,6165,53835
80000,70,71783.0,43212,216.06,8217,71783
10000,70,8970.0,6772,33.86,1030,8970
2,71,2.0,1,0.01,0,2
3,71,3.0,2,0.01,0,3
100,71,93.0,66,0.33,7,93
200,71,179.0,134,0.67,21,179
2000,71,1795.0,1301,6.5,205,1795
10000,71,8992.0,5586,27.93,1008,8992
20000,71,17937.0,11200,56.0,2063,17937
40000,71,35906.0,22343,111.71,4094,35906
60000,71,53921.0,29130,145.65,6079,53921
80000,71,71913.0,36025,180.12,8087,71913
10000,71,8992.0,5586,27.93,1008,8992
2,72,2.0,1,0.01,0,2
3,72,3.0,2,0.01,0,3
100,72,89.0,63,0.32,11,89
200,72,187.0,129,0.65,13,187
2000,72,1792.0,1192,5.96,208,1792
10000,72,9015.0,6221,31.1,985,9015
20000,72,18027.0,11998,59.99,1973,18027
40000,72,35963.0,23000,115.0,4037,35963
60000,72,53923.0,31784,158.92,6077,53923
80000,72,71837.0,41331,206.65,8163,71837
10000,72,9015.0,6221,31.1,985,9015
2,73,2.0,1,0.01,0,2
3,73,3.0,2,0.01,0,3
100,73,91.0,64,0.32,9,91
200,73,183.0,128,0.64,17,183
2000,73,1816.0,1179,5.89,184,1816
10000,73,9009.0,6041,30.2,991,9009
20000,73,18028.0,11681,58.41,1972,18028
40000,73,35945.0,23515,117.57,4055,35945
60000,73,53908.0,35527,177.63,6092,53908
80000,73,71823.0,46123,230.61,8177,71823
10000,73,9009.0,6041,30.2,991,9009
2,74,1.0,1,0.01,1,1
3,74,2.0,2,0.01,1,2
100,74,91.0,67,0.34,9,91
200,74,180.0,137,0.69,20,180
2000,74,1785.0,1205,6.02,215,1785
10000,74,8922.0,5826,29.13,1078,8922
20000,74,17910.0,11517,57.59,2090,17910
40000,74,35901.0,22838,114.19,4099,35901
60000,74,53873.0,32432,162.16,6127,53873
80000,74,71764.0,44296,221.48,8236,71764
10000,74,8922.0,5826,29.13,1078,8922
2,75,2.0,1,0.01,0,2
3,75,3.0,2,0.01,0,3
100,75,93.0,70,0.35,7,93
200,75,183.0,141,0.71,17,183
2000,75,1802.0,1355,6.77,198,1802
10000,75,8945.0,6624,33.12,1055,8945
20000,75,17956.0,12958,64.79,2044,17956
40000,75,35889.0,24876,124.38,4111,35889
60000,75,53834.0,35505,177.52,6166,53834
80000,75,71751.0,45647,228.23,8249,71751
10000,75,8945.0,6624,33.12,1055,8945
2,76,2.0,1,0.01,0,2
3,76,3.0,2,0.01,0,3
100,76,89.0,66,0.33,11,89
200,76,173.0,130,0.65,27,173
2000,76,1777.0,1114,5.57,223,1777
10000,76,8975.0,5490,27.45,1025,8975
20000,76,17909.0,11894,59.47,2091,17909
40000,76,35822.0,22951,114.75,4178,35822
60000,76,53782.0,34405,172.02,6218,53782
80000,76,71716.0,42746,213.73,8284,71716
10000,76,8975.0,5490,27.45,1025,8975
2,77,2.0,1,0.01,0,2
3,77,2.0,2,0.01,1,2
100,77,87.0,60,0.3,13,87
200,77,177.0,125,0.63,23,177
2000,77,1790.0,1154,5.77,210,1790
10000,77,8962.0,5651,28.25,1038,8962
20000,77,17925.0,11157,55.79,2075,17925
40000,77,35896.0,21202,106.01,4104,35896
60000,77,53807.0,32389,161.94,6193,53807
80000,77,71709.0,43799,218.99,8291,71709
10000,77,8962.0,5651,28.25,1038,8962
2,78,2.0,1,0.01,0,2
3,78,3.0,2,0.01,0,3
100,78,96.0,70,0.35,4,96
200,78,183.0,138,0.69,17,183
2000,78,1781.0,1318,6.59,219,1781
10000,78,9005.0,6070,30.35,995,9005
20000,78,17985.0,12348,61.74,2015,17985
40000,78,35955.0,22919,114.59,4045,35955
60000,78,53899.0,34498,172.49,6101,53899
80000,78,71843.0,44911,224.55,8157,71843
10000,78,9005.0,6070,30.35,995,9005
2,79,2.0,1,0.01,0,2
3,79,3.0,2,0.01,0,3
100,79,90.0,68,0.34,10,90
200,79,183.0,131,0.66,17,183
2000,79,1806.0,1386,6.93,194,1806
10000,79,9041.0,7196,35.98,959,9041
20000,79,17954.0,14943,74.72,2046,17954
40000,79,35909.0,28043,140.21,4091,35909
60000,79,53868.0,39833,199.16,6132,53868
80000,79,71798.0,53212,266.06,8202,71798
10000,79,9041.0,7196,35.98,959,9041
2,80,2.0,1,0.01,0,2
3,80,3.0,2,0.01,0,3
100,80,90.0,65,0.33,10,90
200,80,178.0,136,0.68,22,178
2000,80,1777.0,1353,6.76,223,1777
10000,80,8967.0,6251,31.25,1033,8967
20000,80,17922.0,12553,62.77,2078,17922
40000,80,35864.0,23527,117.63,4136,35864
60000,80,53833.0,33297,166.48,6167,53833
80000,80,71754.0,41555,207.77,8246,71754
10000,80,8967.0,6251,31.25,1033,8967
2,81,2.0,1,0.01,0,2
3,81,3.0,2,0.01,0,3
100,81,84.0,66,0.33,16,84
200,81,169.0,132,0.66,31,169
2000,81,1760.0,1400,7.0,240,1760
10000,81,8910.0,6496,32.48,1090,8910
20000,81,17881.0,12292,61.46,2119,17881
40000,81,35857.0,23977,119.88,4143,35857
60000,81,53754.0,32520,162.6,6246,53754
80000,81,71686.0,45904,229.52,8314,71686
10000,81,8910.0,6496,32.48,1090,8910
2,82,2.0,1,0.01,0,2
3,82,2.0,2,0.01,1,2
100,82,90.0,66,0.33,10,90
200,82,182.0,137,0.69,18,182
2000,82,1793.0,1235,6.17,207,1793
10000,82,8978.0,5611,28.05,1022,8978
20000,82,17966.0,12167,60.84,2034,17966
40000,82,35977.0,25118,125.59,4023,35977
60000,82,53989.0,38677,193.38,6011,53989
80000,82,71919.0,49449,247.24,8081,71919
10000,82,8978.0,5611,28.05,1022,8978
2,83,1.0,1,0.01,1,1
3,83,2.0,2,0.01,1,2
100,83,91.0,66,0.33,9,91
200,83,181.0,136,0.68,19,181
2000,83,1821.0,1180,5.9,179,1821
10000,83,8955.0,5694,28.47,1045,8955
20000,83,18003.0,10767,53.84,1997,18003
40000,83,35956.0,21917,109.58,4044,35956
60000,83,53808.0,32875,164.37,6192,53808
80000,83,71744.0,44135,220.67,8256,71744
10000,83,8955.0,5694,28.47,1045,8955
2,84,2.0,1,0.01,0,2
3,84,3.0,2,0.01,0,3
100,84,88.0,67,0.34,12,88
200,84,179.0,137,0.69,21,179
2000,84,1773.0,1358,6.79,227,1773
10000,84,8952.0,6246,31.23,1048,8952
20000,84,17900.0,12806,64.03,2100,17900
40000,84,35876.0,21835,109.17,4124,35876
60000,84,53844.0,35871,179.35,6156,53844
80000,84,71796.0,46748,233.74,8204,71796
10000,84,8952.0,6246,31.23,1048,8952
2,85,1.0,1,0.01,1,1
3,85,2.0,2,0.01,1,2
100,85,90.0,68,0.34,10,90
200,85,184.0,139,0.7,16,184
2000,85,1805.0,1326,6.63,195,1805
10000,85,8946.0,6650,33.25,1054,8946
20000,85,17933.0,11998,59.99,2067,17933
40000,85,35867.0,23668,118.34,4133,35867
60000,85,53818.0,35339,176.69,6182,53818
80000,85,71703.0,44830,224.15,8297,71703
10000,85,8946.0,6650,33.25,1054,8946
2,86,2.0,1,0.01,0,2
3,86,3.0,2,0.01,0,3
100,86,94.0,68,0.34,6,94
200,86,186.0,135,0.68,14,186
2000,86,1783.0,1382,6.91,217,1783
10000,86,8966.0,6056,30.28,1034,8966
20000,86,17938.0,12425,62.13,2062,17938
40000,86,35866.0,22199,110.99,4134,35866
60000,86,53813.0,33710,168.55,6187,53813
80000,86,71791.0,42036,210.18,8209,71791
10000,86,8966.0,6056,30.28,1034,8966
2,87,2.0,1,0.01,0,2
3,87,3.0,2,0.01,0,3
100,87,87.0,67,0.34,13,87
200,87,181.0,132,0.66,19,181
2000,87,1779.0,1203,6.01,221,1779
10000,87,8968.0,5916,29.58,1032,8968
20000,87,17955.0,12123,60.62,2045,17955
40000,87,35850.0,21931,109.65,4150,35850
60000,87,53738.0,32261,161.3,6262,53738
80000,87,71735.0,43100,215.5,8265,71735
10000,87,8968.0,5916,29.58,1032,8968
2,88,2.0,1,0.01,0,2
3,88,3.0,2,0.01,0,3
100,88,88.0,62,0.31,12,88
200,88,172.0,125,0.63,28,172
2000,88,1785.0,1230,6.15,215,1785
10000,88,8975.0,5772,28.86,1025,8975
20000,88,17919.0,11738,58.69,2081,17919
40000,88,35827.0,21382,106.91,4173,35827
60000,88,53713.0,33162,165.81,6287,53713
80000,88,71676.0,40118,200.59,8324,71676
10000,88,8975.0,5772,28.86,1025,8975
2,89,2.0,1,0.01,0,2
3,89,3.0,2,0.01,0,3
100,89,88.0,64,0.32,12,88
200,89,177.0,125,0.63,23,177
2000,89,1799.0,1243,6.21,201,1799
10000,89,8920.0,5489,27.44,1080,8920
20000,89,17863.0,11073,55.37,2137,17863
40000,89,35782.0,25014,125.07,4218,35782
60000,89,53716.0,38968,194.84,6284,53716
80000,89,71663.0,47332,236.66,8337,71663
10000,89,8920.0,5489,27.44,1080,8920
2,90,2.0,1,0.01,0,2
3,90,2.0,2,0.01,1,2
100,90,85.0,64,0.32,15,85
200,90,178.0,136,0.68,22,178
2000,90,1779.0,1293,6.46,221,1779
10000,90,8939.0,7021,35.1,1061,8939
20000,90,17985.0,13988,69.94,2015,17985
40000,90,35907.0,25776,128.88,4093,35907
60000,90,53828.0,35877,179.38,6172,53828
80000,90,71724.0,47556,237.78,8276,71724
10000,90,8939.0,7021,35.1,1061,8939
2,91,2.0,1,0.01,0,2
3,91,3.0,2,0.01,0,3
100,91,89.0,68,0.34,11,89
200,91,181.0,136,0.68,19,181
2000,91,1776.0,1298,6.49,224,1776
10000,91,8967.0,5868,29.34,1033,8967
20000,91,17924.0,12215,61.08,2076,17924
40000,91,35909.0,20252,101.26,4091,35909
60000,91,53872.0,28338,141.69,6128,53872
80000,91,71866.0,35511,177.55,8134,71866
10000,91,8967.0,5868,29.34,1033,8967
2,92,2.0,1,0.01,0,2
3,92,3.0,2,0.01,0,3
100,92,92.0,64,0.32,8,92
200,92,183.0,133,0.67,17,183
2000,92,1783.0,1354,6.77,217,1783
10000,92,8955.0,7202,36.01,1045,8955
20000,92,17924.0,13856,69.28,2076,17924
40000,92,35841.0,25426,127.13,4159,35841
60000,92,53796.0,39910,199.55,6204,53796
80000,92,71713.0,49563,247.81,8287,71713
10000,92,8955.0,7202,36.01,1045,8955
2,93,1.0,1,0.01,1,1
3,93,2.0,2,0.01,1,2
100,93,91.0,71,0.36,9,91
200,93,187.0,142,0.71,13,187
2000,93,1798.0,1310,6.55,202,1798
10000,93,8975.0,5895,29.47,1025,8975
20000,93,17922.0,11849,59.25,2078,17922
40000,93,35934.0,24438,122.19,4066,35934
60000,93,53909.0,34972,174.86,6091,53909
80000,93,71902.0,44506,222.53,8098,71902
10000,93,8975.0,5895,29.47,1025,8975
2,94,2.0,1,0.01,0,2
3,94,3.0,2,0.01,0,3
100,94,92.0,65,0.33,8,92
200,94,181.0,122,0.61,19,181
2000,94,1818.0,1124,5.62,182,1818
10000,94,8957.0,6321,31.6,1043,8957
20000,94,17883.0,12306,61.53,2117,17883
40000,94,35862.0,22207,111.03,4138,35862
60000,94,53802.0,33966,169.83,6198,53802
80000,94,71784.0,46303,231.51,8216,71784
10000,94,8957.0,6321,31.6,1043,8957
2,95,2.0,1,0.01,0,2
3,95,2.0,2,0.01,1,2
100,95,87.0,64,0.32,13,87
200,95,174.0,132,0.66,26,174
2000,95,1802.0,1291,6.45,198,1802
10000,95,8996.0,5866,29.33,1004,8996
20000,95,17942.0,12032,60.16,2058,17942
40000,95,35824.0,25196,125.98,4176,35824
60000,95,53757.0,36453,182.26,6243,53757
80000,95,71787.0,47613,238.06,8213,71787
10000,95,8996.0,5866,29.33,1004,8996
2,96,2.0,1,0.01,0,2
3,96,3.0,2,0.01,0,3
100,96,86.0,68,0.34,14,86
200,96,181.0,139,0.7,19,181
2000,96,1784.0,1343,6.71,216,1784
10000,96,8991.0,6202,31.01,1009,8991
20000,96,17953.0,12859,64.3,2047,17953
40000,96,35945.0,25242,126.21,4055,35945
60000,96,53864.0,38030,190.15,6136,53864
80000,96,71832.0,49751,248.75,8168,71832
10000,96,8991.0,6202,31.01,1009,8991
2,97,2.0,1,0.01,0,2
3,97,3.0,2,0.01,0,3
100,97,90.0,65,0.33,10,90
200,97,182.0,133,0.67,18,182
2000,97,1806.0,1195,5.97,194,1806
10000,97,8977.0,6402,32.01,1023,8977
20000,97,17961.0,11665,58.33,2039,17961
40000,97,35883.0,21939,109.69,4117,35883
60000,97,53833.0,32662,163.31,6167,53833
80000,97,71740.0,42148,210.74,8260,71740
10000,97,8977.0,6402,32.01,1023,8977
2,98,2.0,1,0.01,0,2
3,98,3.0,2,0.01,0,3
100,98,87.0,66,0.33,13,87
200,98,177.0,131,0.66,23,177
2000,98,1788.0,1329,6.64,212,1788
10000,98,8965.0,6865,34.32,1035,8965
20000,98,17893.0,12848,64.24,2107,17893
40000,98,35839.0,23050,115.25,4161,35839
60000,98,53846.0,35719,178.59,6154,53846
80000,98,71871.0,47466,237.33,8129,71871
10000,98,8965.0,6865,34.32,1035,8965
2,99,2.0,1,0.01,0,2
3,99,3.0,2,0.01,0,3
100,99,89.0,64,0.32,11,89
200,99,177.0,125,0.63,23,177
2000,99,1790.0,1299,6.49,210,1790
10000,99,9010.0,6347,31.73,990,9010
20000,99,17967.0,11571,57.86,2033,17967
40000,99,35872.0,21073,105.36,4128,35872
60000,99,53783.0,30524,152.62,6217,53783
80000,99,71684.0,39895,199.47,8316,71684
10000,99,9010.0,6347,31.73,990,9010
2,100,1.0,1,0.01,1,1
3,100,2.0,2,0.01,1,2
100,100,91.0,67,0.34,9,91
200,100,183.0,135,0.68,17,183
2000,100,1819.0,1341,6.7,181,1819
10000,100,9017.0,6503,32.51,983,9017
20000,100,17961.0,11847,59.24,2039,17961
40000,100,35872.0,23669,118.34,4128,35872
60000,100,53806.0,34191,170.95,6194,53806
80000,100,71785.0,43784,218.92,8215,71785
10000,100,9017.0,6503,32.51,983,9017
