Timestep,Iteration,Total Reward,Suboptimal Arms,Total Regret,Zeros Count,Ones Count
2,1,1.0,1,0.05,1,1
3,1,2.0,2,0.06,1,2
100,1,85.0,62,1.7,15,85
200,1,170.0,122,3.3,30,170
2000,1,1778.0,1232,30.48,222,1778
10000,1,8910.0,4791,110.59,1090,8910
20000,1,17845.0,8739,175.07,2155,17845
40000,1,35733.0,15173,261.93,4267,35733
60000,1,53726.0,18907,305.95,6274,53726
80000,1,71564.0,25636,388.76,8436,71564
10000,1,8910.0,4791,110.59,1090,8910
2,2,2.0,1,0.05,0,2
3,2,3.0,2,0.06,0,3
100,2,89.0,65,1.97,11,89
200,2,176.0,133,3.85,24,176
2000,2,1773.0,1133,28.33,227,1773
10000,2,8848.0,5101,101.29,1152,8848
20000,2,17767.0,9602,170.94,2233,17767
40000,2,35764.0,15153,241.57,4236,35764
60000,2,53727.0,20314,311.78,6273,53727
80000,2,71693.0,23158,357.82,8307,71693
10000,2,8848.0,5101,101.29,1152,8848
2,3,2.0,1,0.05,0,2
3,3,3.0,2,0.06,0,3
100,3,91.0,66,1.9,9,91
200,3,173.0,129,3.61,27,173
2000,3,1756.0,1062,30.06,244,1756
10000,3,8913.0,4398,103.94,1087,8913
20000,3,17834.0,7792,179.72,2166,17834
40000,3,35705.0,12899,260.87,4295,35705
60000,3,53579.0,17490,326.22,6421,53579
80000,3,71410.0,21704,385.68,8590,71410
10000,3,8913.0,4398,103.94,1087,8913
2,4,1.0,1,0.05,1,1
3,4,2.0,2,0.06,1,2
100,4,81.0,64,1.76,19,81
200,4,169.0,126,3.42,31,169
2000,4,1740.0,1157,28.17,260,1740
10000,4,8848.0,4376,90.64,1152,8848
20000,4,17795.0,7740,140.92,2205,17795
40000,4,35692.0,16839,254.19,4308,35692
60000,4,53645.0,20483,301.47,6355,53645
80000,4,71610.0,25179,362.51,8390,71610
10000,4,8848.0,4376,90.64,1152,8848
2,5,2.0,1,0.05,0,2
3,5,3.0,2,0.06,0,3
100,5,85.0,66,1.78,15,85
200,5,174.0,136,3.6,26,174
2000,5,1762.0,1317,29.41,238,1762
10000,5,8874.0,5164,112.0,1126,8874
20000,5,17783.0,8835,167.91,2217,17783
40000,5,35649.0,14822,252.94,4351,35649
60000,5,53688.0,16389,276.69,6312,53688
80000,5,71632.0,18932,312.08,8368,71632
10000,5,8874.0,5164,112.0,1126,8874
2,6,2.0,1,0.05,0,2
3,6,3.0,2,0.06,0,3
100,6,92.0,67,2.03,8,92
200,6,180.0,132,3.88,20,180
2000,6,1773.0,1267,32.19,227,1773
10000,6,8914.0,4806,97.82,1086,8914
20000,6,17833.0,9641,164.61,2167,17833
40000,6,35767.0,14887,260.15,4233,35767
60000,6,53646.0,22109,349.25,6354,53646
80000,6,71641.0,24447,381.47,8359,71641
10000,6,8914.0,4806,97.82,1086,8914
2,7,2.0,1,0.05,0,2
3,7,3.0,2,0.06,0,3
100,7,88.0,63,1.91,12,88
200,7,174.0,128,3.88,26,174
2000,7,1785.0,1212,35.68,215,1785
10000,7,8929.0,5572,119.56,1071,8929
20000,7,17959.0,8502,181.82,2041,17959
40000,7,35795.0,14304,277.6,4205,35795
60000,7,53720.0,21054,358.06,6280,53720
80000,7,71626.0,26838,428.82,8374,71626
10000,7,8929.0,5572,119.56,1071,8929
2,8,1.0,1,0.05,1,1
3,8,2.0,2,0.06,1,2
100,8,86.0,65,1.85,14,86
200,8,166.0,136,3.8,34,166
2000,8,1754.0,1174,31.38,246,1754
10000,8,8925.0,4583,91.47,1075,8925
20000,8,17909.0,8365,149.97,2091,17909
40000,8,35805.0,13922,245.78,4195,35805
60000,8,53768.0,17937,313.05,6232,53768
80000,8,71685.0,22335,367.83,8315,71685
10000,8,8925.0,4583,91.47,1075,8925
2,9,1.0,1,0.05,1,1
3,9,1.0,2,0.06,2,1
100,9,88.0,62,1.94,12,88
200,9,175.0,130,3.98,25,175
2000,9,1781.0,1092,26.24,219,1781
10000,9,8934.0,5286,98.86,1066,8934
20000,9,17851.0,10201,172.89,2149,17851
40000,9,35714.0,17748,276.32,4286,35714
60000,9,53681.0,21651,333.67,6319,53681
80000,9,71681.0,24255,368.75,8319,71681
10000,9,8934.0,5286,98.86,1066,8934
2,10,2.0,1,0.05,0,2
3,10,3.0,2,0.06,0,3
100,10,89.0,69,2.09,11,89
200,10,177.0,139,4.07,23,177
2000,10,1770.0,1199,29.95,230,1770
10000,10,8911.0,6133,114.41,1089,8911
20000,10,17873.0,10536,174.28,2127,17873
40000,10,35807.0,19081,288.77,4193,35807
60000,10,53757.0,25108,355.48,6243,53757
80000,10,71766.0,29075,401.71,8234,71766
10000,10,8911.0,6133,114.41,1089,8911
2,11,2.0,1,0.05,0,2
3,11,3.0,2,0.06,0,3
100,11,90.0,70,2.02,10,90
200,11,179.0,142,3.9,21,179
2000,11,1774.0,1268,29.4,226,1774
10000,11,8888.0,5178,102.86,1112,8888
20000,11,17817.0,8816,174.08,2183,17817
40000,11,35628.0,15548,280.52,4372,35628
60000,11,53536.0,21914,376.3,6464,53536
80000,11,71472.0,26053,425.01,8528,71472
10000,11,8888.0,5178,102.86,1112,8888
2,12,1.0,1,0.05,1,1
3,12,2.0,2,0.06,1,2
100,12,90.0,67,2.03,10,90
200,12,178.0,129,3.65,22,178
2000,12,1759.0,1173,29.69,241,1759
10000,12,8862.0,5438,112.42,1138,8862
20000,12,17804.0,8819,165.47,2196,17804
40000,12,35764.0,14422,251.5,4236,35764
60000,12,53640.0,19310,336.26,6360,53640
80000,12,71656.0,22095,377.79,8344,71656
10000,12,8862.0,5438,112.42,1138,8862
2,13,2.0,1,0.05,0,2
3,13,3.0,2,0.06,0,3
100,13,92.0,65,1.89,8,92
200,13,180.0,131,3.63,20,180
2000,13,1768.0,1175,31.11,232,1768
10000,13,8870.0,5621,110.13,1130,8870
20000,13,17778.0,9307,167.07,2222,17778
40000,13,35610.0,16984,276.84,4390,35610
60000,13,53495.0,22280,340.92,6505,53495
80000,13,71512.0,24141,374.57,8488,71512
10000,13,8870.0,5621,110.13,1130,8870
2,14,2.0,1,0.05,0,2
3,14,3.0,2,0.06,0,3
100,14,89.0,68,2.04,11,89
200,14,175.0,136,4.08,25,175
2000,14,1758.0,1047,25.99,242,1758
10000,14,8904.0,4204,90.64,1096,8904
20000,14,17845.0,7963,159.43,2155,17845
40000,14,35870.0,11823,210.87,4130,35870
60000,14,53801.0,15209,263.45,6199,53801
80000,14,71682.0,19674,323.98,8318,71682
10000,14,8904.0,4204,90.64,1096,8904
2,15,1.0,1,0.05,1,1
3,15,2.0,2,0.06,1,2
100,15,91.0,66,1.9,9,91
200,15,178.0,132,3.72,22,178
2000,15,1764.0,1129,30.49,236,1764
10000,15,8858.0,5216,114.04,1142,8858
20000,15,17803.0,8133,156.49,2197,17803
40000,15,35694.0,14696,253.16,4306,35694
60000,15,53605.0,21381,334.81,6395,53605
80000,15,71454.0,26571,433.47,8546,71454
10000,15,8858.0,5216,114.04,1142,8858
2,16,2.0,1,0.05,0,2
3,16,2.0,2,0.06,1,2
100,16,88.0,65,2.05,12,88
200,16,174.0,127,3.91,26,174
2000,16,1779.0,1237,31.93,221,1779
10000,16,8882.0,5486,109.18,1118,8882
20000,16,17781.0,9340,182.52,2219,17781
40000,16,35639.0,15045,262.85,4361,35639
60000,16,53652.0,17242,293.62,6348,53652
80000,16,71598.0,20415,330.67,8402,71598
10000,16,8882.0,5486,109.18,1118,8882
2,17,1.0,1,0.05,1,1
3,17,2.0,2,0.06,1,2
100,17,87.0,68,1.88,13,87
200,17,172.0,129,3.45,28,172
2000,17,1768.0,1164,31.28,232,1768
10000,17,8928.0,5100,104.84,1072,8928
20000,17,17862.0,8894,161.54,2138,17862
40000,17,35795.0,14755,235.19,4205,35795
60000,17,53791.0,19723,296.55,6209,53791
80000,17,71585.0,25330,391.86,8415,71585
10000,17,8928.0,5100,104.84,1072,8928
2,18,2.0,1,0.05,0,2
3,18,3.0,2,0.06,0,3
100,18,89.0,67,1.79,11,89
200,18,180.0,134,3.66,20,180
2000,18,1795.0,1140,27.96,205,1795
10000,18,8913.0,4422,109.14,1087,8913
20000,18,17847.0,8635,179.03,2153,17847
40000,18,35683.0,14268,262.88,4317,35683
60000,18,53585.0,19112,343.36,6415,53585
80000,18,71601.0,22587,385.91,8399,71601
10000,18,8913.0,4422,109.14,1087,8913
2,19,2.0,1,0.05,0,2
3,19,3.0,2,0.06,0,3
100,19,92.0,67,1.99,8,92
200,19,180.0,130,3.82,20,180
2000,19,1785.0,1250,31.22,215,1785
10000,19,8858.0,5483,134.99,1142,8858
20000,19,17822.0,10424,207.08,2178,17822
40000,19,35617.0,17290,313.46,4383,35617
60000,19,53529.0,20974,368.46,6471,53529
80000,19,71426.0,25076,418.44,8574,71426
10000,19,8858.0,5483,134.99,1142,8858
2,20,0.0,1,0.05,2,0
3,20,1.0,2,0.06,2,1
100,20,82.0,67,2.03,18,82
200,20,167.0,133,3.81,33,167
2000,20,1742.0,1244,31.68,258,1742
10000,20,8900.0,4782,96.98,1100,8900
20000,20,17879.0,8341,153.53,2121,17879
40000,20,35713.0,15339,260.15,4287,35713
60000,20,53559.0,21121,333.69,6441,53559
80000,20,71573.0,25478,385.58,8427,71573
10000,20,8900.0,4782,96.98,1100,8900
2,21,2.0,1,0.05,0,2
3,21,3.0,2,0.06,0,3
100,21,88.0,62,1.94,12,88
200,21,175.0,125,3.77,25,175
2000,21,1771.0,1199,34.47,229,1771
10000,21,8907.0,5077,114.01,1093,8907
20000,21,17814.0,9329,192.33,2186,17814
40000,21,35748.0,14082,280.46,4252,35748
60000,21,53735.0,21236,378.24,6265,53735
80000,21,71643.0,25649,438.69,8357,71643
10000,21,8907.0,5077,114.01,1093,8907
2,22,2.0,1,0.05,0,2
3,22,3.0,2,0.06,0,3
100,22,87.0,70,2.14,13,87
200,22,176.0,137,3.89,24,176
2000,22,1754.0,1216,28.68,246,1754
10000,22,8892.0,4691,94.35,1108,8892
20000,22,17864.0,7957,164.09,2136,17864
40000,22,35778.0,12866,230.74,4222,35778
60000,22,53732.0,17201,283.29,6268,53732
80000,22,71595.0,21874,340.42,8405,71595
10000,22,8892.0,4691,94.35,1108,8892
2,23,2.0,1,0.05,0,2
3,23,3.0,2,0.06,0,3
100,23,84.0,61,1.69,16,84
200,23,172.0,129,3.49,28,172
2000,23,1763.0,1153,29.89,237,1763
10000,23,8906.0,5516,120.28,1094,8906
20000,23,17847.0,8365,164.73,2153,17847
40000,23,35789.0,17050,271.34,4211,35789
60000,23,53688.0,24123,359.47,6312,53688
80000,23,71648.0,30544,427.56,8352,71648
10000,23,8906.0,5516,120.28,1094,8906
2,24,2.0,1,0.05,0,2
3,24,2.0,2,0.06,1,2
100,24,87.0,64,1.84,13,87
200,24,177.0,122,3.3,23,177
2000,24,1782.0,1160,30.04,218,1782
10000,24,8914.0,4652,98.0,1086,8914
20000,24,17801.0,7812,155.52,2199,17801
40000,24,35765.0,12219,226.47,4235,35765
60000,24,53733.0,17372,286.88,6267,53733
80000,24,71643.0,21692,362.6,8357,71643
10000,24,8914.0,4652,98.0,1086,8914
2,25,0.0,1,0.05,2,0
3,25,1.0,2,0.06,2,1
100,25,85.0,67,1.91,15,85
200,25,171.0,126,3.54,29,171
2000,25,1744.0,1290,30.86,256,1744
10000,25,8838.0,5581,109.97,1162,8838
20000,25,17797.0,9589,163.37,2203,17797
40000,25,35719.0,16521,275.81,4281,35719
60000,25,53659.0,22234,356.1,6341,53659
80000,25,71593.0,26447,411.43,8407,71593
10000,25,8838.0,5581,109.97,1162,8838
2,26,2.0,1,0.05,0,2
3,26,2.0,2,0.06,1,2
100,26,86.0,66,2.02,14,86
200,26,177.0,126,3.82,23,177
2000,26,1768.0,1151,30.11,232,1768
10000,26,8878.0,4637,100.81,1122,8878
20000,26,17787.0,8323,181.35,2213,17787
40000,26,35671.0,15281,289.41,4329,35671
60000,26,53512.0,23185,381.25,6488,53512
80000,26,71445.0,26735,436.03,8555,71445
10000,26,8878.0,4637,100.81,1122,8878
2,27,2.0,1,0.05,0,2
3,27,2.0,2,0.06,1,2
100,27,88.0,67,2.11,12,88
200,27,178.0,125,3.85,22,178
2000,27,1770.0,1170,31.66,230,1770
10000,27,8844.0,4789,109.85,1156,8844
20000,27,17837.0,8771,163.83,2163,17837
40000,27,35759.0,15346,256.18,4241,35759
60000,27,53636.0,23969,362.61,6364,53636
80000,27,71609.0,27893,414.21,8391,71609
10000,27,8844.0,4789,109.85,1156,8844
2,28,2.0,1,0.05,0,2
3,28,3.0,2,0.06,0,3
100,28,90.0,70,2.14,10,90
200,28,182.0,133,4.01,18,182
2000,28,1787.0,1227,35.87,213,1787
10000,28,8917.0,5614,131.18,1083,8917
20000,28,17866.0,9622,197.7,2134,17866
40000,28,35751.0,17811,313.59,4249,35751
60000,28,53681.0,25634,407.34,6319,53681
80000,28,71652.0,28827,445.71,8348,71652
10000,28,8917.0,5614,131.18,1083,8917
2,29,2.0,1,0.05,0,2
3,29,3.0,2,0.06,0,3
100,29,89.0,65,1.77,11,89
200,29,178.0,128,3.68,22,178
2000,29,1746.0,1266,35.46,254,1746
10000,29,8927.0,4609,103.65,1073,8927
20000,29,17820.0,7486,164.7,2180,17820
40000,29,35708.0,12449,244.29,4292,35708
60000,29,53613.0,15440,292.2,6387,53613
80000,29,71484.0,19497,344.81,8516,71484
10000,29,8927.0,4609,103.65,1073,8927
2,30,2.0,1,0.05,0,2
3,30,3.0,2,0.06,0,3
100,30,88.0,58,1.66,12,88
200,30,181.0,115,3.47,19,181
2000,30,1767.0,1102,31.26,233,1767
10000,30,8875.0,4946,113.46,1125,8875
20000,30,17828.0,10635,193.91,2172,17828
40000,30,35706.0,16278,285.38,4294,35706
60000,30,53621.0,23503,377.23,6379,53621
80000,30,71579.0,28202,450.3,8421,71579
10000,30,8875.0,4946,113.46,1125,8875
2,31,2.0,1,0.05,0,2
3,31,3.0,2,0.06,0,3
100,31,92.0,68,2.12,8,92
200,31,179.0,135,4.11,21,179
2000,31,1770.0,1202,31.94,230,1770
10000,31,8935.0,4686,100.9,1065,8935
20000,31,17856.0,8997,163.65,2144,17856
40000,31,35750.0,17015,279.87,4250,35750
60000,31,53560.0,25229,380.33,6440,53560
80000,31,71466.0,29531,442.07,8534,71466
10000,31,8935.0,4686,100.9,1065,8935
2,32,2.0,1,0.05,0,2
3,32,3.0,2,0.06,0,3
100,32,94.0,67,1.95,6,94
200,32,178.0,128,3.56,22,178
2000,32,1813.0,1182,31.82,187,1813
10000,32,8909.0,5000,103.64,1091,8909
20000,32,17869.0,8333,171.37,2131,17869
40000,32,35885.0,12936,252.32,4115,35885
60000,32,53824.0,15933,307.05,6176,53824
80000,32,71794.0,18645,348.57,8206,71794
10000,32,8909.0,5000,103.64,1091,8909
2,33,1.0,1,0.05,1,1
3,33,1.0,2,0.06,2,1
100,33,90.0,66,1.94,10,90
200,33,178.0,128,3.84,22,178
2000,33,1765.0,1261,31.53,235,1765
10000,33,8878.0,5576,120.08,1122,8878
20000,33,17853.0,9482,191.14,2147,17853
40000,33,35719.0,16771,311.67,4281,35719
60000,33,53647.0,21805,390.29,6353,53647
80000,33,71557.0,25320,441.48,8443,71557
10000,33,8878.0,5576,120.08,1122,8878
2,34,2.0,1,0.05,0,2
3,34,3.0,2,0.06,0,3
100,34,83.0,67,2.15,17,83
200,34,169.0,124,4.08,31,169
2000,34,1737.0,1241,33.05,263,1737
10000,34,8871.0,4743,104.83,1129,8871
20000,34,17829.0,8152,161.24,2171,17829
40000,34,35733.0,14907,262.07,4267,35733
60000,34,53716.0,20337,332.57,6284,53716
80000,34,71602.0,25312,414.84,8398,71602
10000,34,8871.0,4743,104.83,1129,8871
2,35,2.0,1,0.05,0,2
3,35,3.0,2,0.06,0,3
100,35,95.0,66,1.98,5,95
200,35,183.0,125,3.89,17,183
2000,35,1754.0,1260,33.24,246,1754
10000,35,8862.0,4564,99.96,1138,8862
20000,35,17772.0,9088,176.24,2228,17772
40000,35,35814.0,13618,233.3,4186,35814
60000,35,53722.0,18394,299.46,6278,53722
80000,35,71722.0,22289,356.69,8278,71722
10000,35,8862.0,4564,99.96,1138,8862
2,36,1.0,1,0.05,1,1
3,36,2.0,2,0.06,1,2
100,36,85.0,68,1.92,15,85
200,36,176.0,133,3.69,24,176
2000,36,1770.0,1226,31.94,230,1770
10000,36,8880.0,5955,134.67,1120,8880
20000,36,17783.0,9704,208.0,2217,17783
40000,36,35631.0,14781,287.45,4369,35631
60000,36,53696.0,18049,335.49,6304,53696
80000,36,71672.0,20857,380.93,8328,71672
10000,36,8880.0,5955,134.67,1120,8880
2,37,1.0,1,0.05,1,1
3,37,2.0,2,0.06,1,2
100,37,91.0,66,1.98,9,91
200,37,179.0,124,3.72,21,179
2000,37,1768.0,950,23.62,232,1768
10000,37,8825.0,4236,99.24,1175,8825
20000,37,17780.0,8047,172.23,2220,17780
40000,37,35650.0,15093,273.17,4350,35650
60000,37,53627.0,19442,342.54,6373,53627
80000,37,71569.0,23651,402.75,8431,71569
10000,37,8825.0,4236,99.24,1175,8825
2,38,1.0,1,0.05,1,1
3,38,2.0,2,0.06,1,2
100,38,87.0,68,1.96,13,87
200,38,175.0,128,3.52,25,175
2000,38,1760.0,1039,28.67,240,1760
10000,38,8861.0,4057,106.49,1139,8861
20000,38,17832.0,6996,156.4,2168,17832
40000,38,35732.0,12617,244.33,4268,35732
60000,38,53621.0,16041,288.49,6379,53621
80000,38,71496.0,24512,378.16,8504,71496
10000,38,8861.0,4057,106.49,1139,8861
2,39,2.0,1,0.05,0,2
3,39,3.0,2,0.06,0,3
100,39,88.0,62,1.86,12,88
200,39,175.0,124,3.8,25,175
2000,39,1787.0,1172,28.28,213,1787
10000,39,8877.0,5692,110.08,1123,8877
20000,39,17812.0,9278,166.3,2188,17812
40000,39,35759.0,15118,264.62,4241,35759
60000,39,53704.0,18090,311.62,6296,53704
80000,39,71636.0,21824,370.4,8364,71636
10000,39,8877.0,5692,110.08,1123,8877
2,40,2.0,1,0.05,0,2
3,40,3.0,2,0.06,0,3
100,40,85.0,65,2.01,15,85
200,40,171.0,131,3.99,29,171
2000,40,1765.0,1217,35.33,235,1765
10000,40,8906.0,5034,104.22,1094,8906
20000,40,17790.0,11067,214.71,2210,17790
40000,40,35677.0,18464,320.84,4323,35677
60000,40,53606.0,23359,403.47,6394,53606
80000,40,71529.0,27868,466.4,8471,71529
10000,40,8906.0,5034,104.22,1094,8906
2,41,2.0,1,0.05,0,2
3,41,3.0,2,0.06,0,3
100,41,87.0,68,1.96,13,87
200,41,177.0,138,3.86,23,177
2000,41,1791.0,1165,31.45,209,1791
10000,41,8903.0,5408,114.56,1097,8903
20000,41,17805.0,9181,172.77,2195,17805
40000,41,35825.0,15106,265.5,4175,35825
60000,41,53732.0,19411,332.27,6268,53732
80000,41,71725.0,24243,425.31,8275,71725
10000,41,8903.0,5408,114.56,1097,8903
2,42,2.0,1,0.05,0,2
3,42,3.0,2,0.06,0,3
100,42,90.0,66,1.94,10,90
200,42,183.0,132,3.88,17,183
2000,42,1762.0,1242,32.58,238,1762
10000,42,8859.0,5964,125.68,1141,8859
20000,42,17750.0,10119,205.31,2250,17750
40000,42,35680.0,14832,277.2,4320,35680
60000,42,53669.0,19542,331.26,6331,53669
80000,42,71605.0,23299,403.75,8395,71605
10000,42,8859.0,5964,125.68,1141,8859
2,43,2.0,1,0.05,0,2
3,43,3.0,2,0.06,0,3
100,43,89.0,72,2.12,11,89
200,43,175.0,144,4.32,25,175
2000,43,1771.0,1160,27.84,229,1771
10000,43,8899.0,5120,107.96,1101,8899
20000,43,17796.0,9284,174.12,2204,17796
40000,43,35768.0,16281,263.17,4232,35768
60000,43,53643.0,23016,341.8,6357,53643
80000,43,71725.0,23969,359.41,8275,71725
10000,43,8899.0,5120,107.96,1101,8899
2,44,2.0,1,0.05,0,2
3,44,3.0,2,0.06,0,3
100,44,88.0,69,2.01,12,88
200,44,185.0,138,4.02,15,185
2000,44,1772.0,1267,35.35,228,1772
10000,44,8895.0,5244,110.72,1105,8895
20000,44,17837.0,9847,189.27,2163,17837
40000,44,35699.0,19044,303.36,4301,35699
60000,44,53564.0,24787,374.19,6436,53564
80000,44,71461.0,30403,438.71,8539,71461
10000,44,8895.0,5244,110.72,1105,8895
2,45,2.0,1,0.05,0,2
3,45,3.0,2,0.06,0,3
100,45,85.0,68,2.0,15,85
200,45,175.0,132,3.56,25,175
2000,45,1781.0,1302,32.5,219,1781
10000,45,8918.0,5235,108.83,1082,8918
20000,45,17880.0,9553,180.21,2120,17880
40000,45,35910.0,15342,265.26,4090,35910
60000,45,53851.0,21330,342.38,6149,53851
80000,45,71818.0,25263,396.83,8182,71818
10000,45,8918.0,5235,108.83,1082,8918
2,46,1.0,1,0.05,1,1
3,46,2.0,2,0.06,1,2
100,46,89.0,67,1.87,11,89
200,46,175.0,132,3.68,25,175
2000,46,1741.0,1141,30.49,259,1741
10000,46,8898.0,4732,90.72,1102,8898
20000,46,17822.0,8982,162.98,2178,17822
40000,46,35772.0,15023,261.99,4228,35772
60000,46,53740.0,20820,330.24,6260,53740
80000,46,71684.0,23971,368.67,8316,71684
10000,46,8898.0,4732,90.72,1102,8898
2,47,1.0,1,0.05,1,1
3,47,2.0,2,0.06,1,2
100,47,88.0,62,1.94,12,88
200,47,179.0,119,3.59,21,179
2000,47,1777.0,1131,28.11,223,1777
10000,47,8891.0,4460,90.28,1109,8891
20000,47,17797.0,9307,163.55,2203,17797
40000,47,35705.0,15363,247.79,4295,35705
60000,47,53640.0,18851,306.19,6360,53640
80000,47,71647.0,20996,332.2,8353,71647
10000,47,8891.0,4460,90.28,1109,8891
2,48,2.0,1,0.05,0,2
3,48,3.0,2,0.06,0,3
100,48,84.0,66,1.94,16,84
200,48,176.0,130,3.82,24,176
2000,48,1754.0,1247,30.95,246,1754
10000,48,8864.0,5528,110.12,1136,8864
20000,48,17751.0,9821,184.53,2249,17751
40000,48,35724.0,15651,272.91,4276,35724
60000,48,53673.0,20450,355.26,6327,53673
80000,48,71578.0,25971,440.07,8422,71578
10000,48,8864.0,5528,110.12,1136,8864
2,49,2.0,1,0.05,0,2
3,49,3.0,2,0.06,0,3
100,49,86.0,61,1.65,14,86
200,49,180.0,130,3.62,20,180
2000,49,1756.0,1133,27.61,244,1756
10000,49,8863.0,5136,102.72,1137,8863
20000,49,17828.0,7477,147.53,2172,17828
40000,49,35725.0,14104,236.64,4275,35725
60000,49,53685.0,16838,289.46,6315,53685
80000,49,71674.0,19336,325.04,8326,71674
10000,49,8863.0,5136,102.72,1137,8863
2,50,1.0,1,0.05,1,1
3,50,2.0,2,0.06,1,2
100,50,85.0,62,1.58,15,85
200,50,176.0,123,3.39,24,176
2000,50,1777.0,1127,32.11,223,1777
10000,50,8915.0,4949,114.65,1085,8915
20000,50,17808.0,10472,194.96,2192,17808
40000,50,35673.0,16721,294.05,4327,35673
60000,50,53600.0,21884,367.96,6400,53600
80000,50,71660.0,24562,403.18,8340,71660
10000,50,8915.0,4949,114.65,1085,8915
2,51,2.0,1,0.05,0,2
3,51,2.0,2,0.06,1,2
100,51,90.0,62,1.98,10,90
200,51,179.0,127,4.03,21,179
2000,51,1771.0,1145,29.29,229,1771
10000,51,8907.0,4398,106.34,1093,8907
20000,51,17861.0,7411,157.59,2139,17861
40000,51,35810.0,12536,261.76,4190,35810
60000,51,53852.0,15168,309.48,6148,53852
80000,51,71744.0,18280,354.16,8256,71744
10000,51,8907.0,4398,106.34,1093,8907
2,52,2.0,1,0.05,0,2
3,52,3.0,2,0.06,0,3
100,52,85.0,63,1.75,15,85
200,52,170.0,120,3.32,30,170
2000,52,1783.0,1151,30.19,217,1783
10000,52,8905.0,5014,111.62,1095,8905
20000,52,17897.0,8199,166.91,2103,17897
40000,52,35830.0,14741,255.73,4170,35830
60000,52,53749.0,19039,328.63,6251,53749
80000,52,71704.0,22750,373.14,8296,71704
10000,52,8905.0,5014,111.62,1095,8905
2,53,1.0,1,0.05,1,1
3,53,2.0,2,0.06,1,2
100,53,90.0,70,2.06,10,90
200,53,179.0,141,4.09,21,179
2000,53,1773.0,1160,34.56,227,1773
10000,53,8852.0,4337,119.93,1148,8852
20000,53,17794.0,8195,181.79,2206,17794
40000,53,35579.0,15435,303.31,4421,35579
60000,53,53476.0,18458,352.26,6524,53476
80000,53,71460.0,19670,370.38,8540,71460
10000,53,8852.0,4337,119.93,1148,8852
2,54,2.0,1,0.05,0,2
3,54,3.0,2,0.06,0,3
100,54,82.0,69,2.01,18,82
200,54,175.0,144,4.16,25,175
2000,54,1775.0,1186,35.22,225,1775
10000,54,8868.0,6401,125.85,1132,8868
20000,54,17813.0,11689,195.69,2187,17813
40000,54,35735.0,19990,289.42,4265,35735
60000,54,53698.0,25184,348.88,6302,53698
80000,54,71614.0,33623,445.03,8386,71614
10000,54,8868.0,6401,125.85,1132,8868
2,55,2.0,1,0.05,0,2
3,55,3.0,2,0.06,0,3
100,55,89.0,63,1.95,11,89
200,55,179.0,119,3.59,21,179
2000,55,1753.0,1225,30.97,247,1753
10000,55,8891.0,5606,113.5,1109,8891
20000,55,17814.0,10281,209.65,2186,17814
40000,55,35628.0,18708,332.96,4372,35628
60000,55,53521.0,26544,435.04,6479,53521
80000,55,71488.0,30899,488.59,8512,71488
10000,55,8891.0,5606,113.5,1109,8891
2,56,2.0,1,0.05,0,2
3,56,3.0,2,0.06,0,3
100,56,87.0,68,2.04,13,87
200,56,174.0,136,4.08,26,174
2000,56,1796.0,1231,29.59,204,1796
10000,56,8923.0,5428,100.28,1077,8923
20000,56,17927.0,9460,165.68,2073,17927
40000,56,35758.0,17463,283.75,4242,35758
60000,56,53672.0,25202,379.18,6328,53672
80000,56,71642.0,29772,435.36,8358,71642
10000,56,8923.0,5428,100.28,1077,8923
2,57,2.0,1,0.05,0,2
3,57,3.0,2,0.06,0,3
100,57,92.0,64,1.84,8,92
200,57,187.0,133,3.69,13,187
2000,57,1776.0,1300,32.36,224,1776
10000,57,8914.0,5614,108.26,1086,8914
20000,57,17937.0,8543,152.39,2063,17937
40000,57,35826.0,12839,228.35,4174,35826
60000,57,53764.0,17594,301.1,6236,53764
80000,57,71681.0,20361,342.45,8319,71681
10000,57,8914.0,5614,108.26,1086,8914
2,58,2.0,1,0.05,0,2
3,58,3.0,2,0.06,0,3
100,58,87.0,66,1.94,13,87
200,58,176.0,130,3.7,24,176
2000,58,1777.0,1261,32.73,223,1777
10000,58,8866.0,5324,124.64,1134,8866
20000,58,17761.0,10732,211.84,2239,17761
40000,58,35656.0,15458,290.14,4344,35656
60000,58,53574.0,19596,348.0,6426,53574
80000,58,71475.0,23556,406.68,8525,71475
10000,58,8866.0,5324,124.64,1134,8866
2,59,2.0,1,0.05,0,2
3,59,2.0,2,0.06,1,2
100,59,89.0,64,1.92,11,89
200,59,179.0,130,4.1,21,179
2000,59,1769.0,1218,31.58,231,1769
10000,59,8913.0,5143,113.67,1087,8913
20000,59,17821.0,9760,191.72,2179,17821
40000,59,35646.0,16333,299.65,4354,35646
60000,59,53570.0,20954,360.1,6430,53570
80000,59,71565.0,23166,395.82,8435,71565
10000,59,8913.0,5143,113.67,1087,8913
2,60,2.0,1,0.05,0,2
3,60,3.0,2,0.06,0,3
100,60,79.0,66,1.94,21,79
200,60,169.0,137,4.01,31,169
2000,60,1765.0,1238,29.18,235,1765
10000,60,8929.0,5476,103.76,1071,8929
20000,60,17874.0,9289,168.05,2126,17874
40000,60,35785.0,16006,269.38,4215,35785
60000,60,53724.0,20576,326.92,6276,53724
80000,60,71731.0,27859,407.03,8269,71731
10000,60,8929.0,5476,103.76,1071,8929
2,61,2.0,1,0.05,0,2
3,61,3.0,2,0.06,0,3
100,61,87.0,64,1.92,13,87
200,61,177.0,124,3.76,23,177
2000,61,1773.0,1115,30.75,227,1773
10000,61,8918.0,5415,105.59,1082,8918
20000,61,17828.0,8642,164.22,2172,17828
40000,61,35749.0,15853,255.21,4251,35749
60000,61,53609.0,22612,334.36,6391,53609
80000,61,71526.0,26272,384.24,8474,71526
10000,61,8918.0,5415,105.59,1082,8918
2,62,2.0,1,0.05,0,2
3,62,2.0,2,0.06,1,2
100,62,87.0,62,1.94,13,87
200,62,176.0,122,3.74,24,176
2000,62,1754.0,1097,31.01,246,1754
10000,62,8870.0,5685,108.37,1130,8870
20000,62,17814.0,10103,176.19,2186,17814
40000,62,35751.0,17552,270.68,4249,35751
60000,62,53731.0,23898,353.98,6269,53731
80000,62,71691.0,27363,396.63,8309,71691
10000,62,8870.0,5685,108.37,1130,8870
2,63,2.0,1,0.05,0,2
3,63,3.0,2,0.06,0,3
100,63,87.0,68,1.96,13,87
200,63,177.0,131,3.63,23,177
2000,63,1755.0,1052,26.88,245,1755
10000,63,8913.0,4732,104.28,1087,8913
20000,63,17802.0,8242,166.54,2198,17802
40000,63,35827.0,12076,228.52,4173,35827
60000,63,53806.0,16091,286.71,6194,53806
80000,63,71690.0,20365,343.13,8310,71690
10000,63,8913.0,4732,104.28,1087,8913
2,64,2.0,1,0.05,0,2
3,64,3.0,2,0.06,0,3
100,64,84.0,62,1.82,16,84
200,64,168.0,126,3.34,32,168
2000,64,1775.0,985,23.65,225,1775
10000,64,8941.0,4654,90.26,1059,8941
20000,64,17934.0,7735,149.43,2066,17934
40000,64,35780.0,13113,228.77,4220,35780
60000,64,53675.0,17338,287.98,6325,53675
80000,64,71638.0,21115,338.95,8362,71638
10000,64,8941.0,4654,90.26,1059,8941
2,65,1.0,1,0.05,1,1
3,65,2.0,2,0.06,1,2
100,65,79.0,65,1.73,21,79
200,65,171.0,132,3.64,29,171
2000,65,1767.0,1173,26.85,233,1767
10000,65,8927.0,4847,94.99,1073,8927
20000,65,17830.0,8644,164.72,2170,17830
40000,65,35773.0,13247,247.51,4227,35773
60000,65,53782.0,17737,304.69,6218,53782
80000,65,71727.0,21656,349.6,8273,71727
10000,65,8927.0,4847,94.99,1073,8927
2,66,2.0,1,0.05,0,2
3,66,3.0,2,0.06,0,3
100,66,85.0,63,1.91,15,85
200,66,167.0,124,3.48,33,167
2000,66,1758.0,1050,27.3,242,1758
10000,66,8897.0,5066,99.66,1103,8897
20000,66,17870.0,10634,184.18,2130,17870
40000,66,35760.0,16470,275.42,4240,35760
60000,66,53696.0,23520,360.92,6304,53696
80000,66,71605.0,28252,415.48,8395,71605
10000,66,8897.0,5066,99.66,1103,8897
2,67,2.0,1,0.05,0,2
3,67,3.0,2,0.06,0,3
100,67,87.0,69,2.21,13,87
200,67,179.0,138,4.26,21,179
2000,67,1762.0,1162,32.7,238,1762
10000,67,8917.0,4504,98.04,1083,8917
20000,67,17801.0,9207,178.91,2199,17801
40000,67,35688.0,16362,278.82,4312,35688
60000,67,53624.0,20066,347.3,6376,53624
80000,67,71601.0,21587,371.15,8399,71601
10000,67,8917.0,4504,98.04,1083,8917
2,68,2.0,1,0.05,0,2
3,68,3.0,2,0.06,0,3
100,68,87.0,64,1.92,13,87
200,68,176.0,122,3.42,24,176
2000,68,1796.0,1252,32.92,204,1796
10000,68,8846.0,5171,109.35,1154,8846
20000,68,17817.0,9725,175.17,2183,17817
40000,68,35727.0,16145,262.41,4273,35727
60000,68,53656.0,23660,348.0,6344,53656
80000,68,71633.0,27014,389.54,8367,71633
10000,68,8846.0,5171,109.35,1154,8846
2,69,2.0,1,0.05,0,2
3,69,2.0,2,0.06,1,2
100,69,89.0,67,1.87,11,89
200,69,178.0,132,3.72,22,178
2000,69,1785.0,1234,33.22,215,1785
10000,69,8855.0,5351,113.79,1145,8855
20000,69,17746.0,9666,179.54,2254,17746
40000,69,35632.0,15059,262.87,4368,35632
60000,69,53590.0,19844,329.96,6410,53590
80000,69,71523.0,22600,375.08,8477,71523
10000,69,8855.0,5351,113.79,1145,8855
2,70,2.0,1,0.05,0,2
3,70,2.0,2,0.06,1,2
100,70,89.0,59,1.83,11,89
200,70,177.0,120,3.52,23,177
2000,70,1763.0,1198,28.46,237,1763
10000,70,8877.0,5453,103.97,1123,8877
20000,70,17768.0,9413,177.77,2232,17768
40000,70,35639.0,15644,261.0,4361,35639
60000,70,53621.0,19802,331.54,6379,53621
80000,70,71537.0,24789,397.17,8463,71537
10000,70,8877.0,5453,103.97,1123,8877
2,71,2.0,1,0.05,0,2
3,71,2.0,2,0.06,1,2
100,71,90.0,67,2.03,10,90
200,71,179.0,133,3.85,21,179
2000,71,1780.0,1204,31.56,220,1780
10000,71,8922.0,4972,109.72,1078,8922
20000,71,17838.0,9549,192.29,2162,17838
40000,71,35697.0,15968,304.52,4303,35697
60000,71,53568.0,22897,395.85,6432,53568
80000,71,71557.0,25436,429.76,8443,71557
10000,71,8922.0,4972,109.72,1078,8922
2,72,2.0,1,0.05,0,2
3,72,3.0,2,0.06,0,3
100,72,96.0,66,1.94,4,96
200,72,186.0,133,3.73,14,186
2000,72,1766.0,1181,26.97,234,1766
10000,72,8910.0,4929,90.25,1090,8910
20000,72,17844.0,8375,145.39,2156,17844
40000,72,35725.0,16928,275.6,4275,35725
60000,72,53643.0,23460,357.64,6357,53643
80000,72,71636.0,28360,409.36,8364,71636
10000,72,8910.0,4929,90.25,1090,8910
2,73,2.0,1,0.05,0,2
3,73,3.0,2,0.06,0,3
100,73,88.0,67,2.11,12,88
200,73,169.0,141,4.25,31,169
2000,73,1772.0,1293,32.73,228,1772
10000,73,8943.0,4891,97.31,1057,8943
20000,73,17885.0,8538,154.18,2115,17885
40000,73,35813.0,15401,243.57,4187,35813
60000,73,53691.0,21842,324.82,6309,53691
80000,73,71666.0,26331,387.19,8334,71666
10000,73,8943.0,4891,97.31,1057,8943
2,74,2.0,1,0.05,0,2
3,74,3.0,2,0.06,0,3
100,74,87.0,66,1.78,13,87
200,74,176.0,134,3.34,24,176
2000,74,1780.0,1116,29.24,220,1780
10000,74,8897.0,5535,114.63,1103,8897
20000,74,17836.0,8766,171.66,2164,17836
40000,74,35704.0,14599,252.27,4296,35704
60000,74,53612.0,21166,340.38,6388,53612
80000,74,71550.0,25008,385.0,8450,71550
10000,74,8897.0,5535,114.63,1103,8897
2,75,2.0,1,0.05,0,2
3,75,3.0,2,0.06,0,3
100,75,86.0,63,1.83,14,86
200,75,172.0,124,3.64,28,172
2000,75,1781.0,1155,30.99,219,1781
10000,75,8921.0,5464,112.44,1079,8921
20000,75,17846.0,9538,170.58,2154,17846
40000,75,35767.0,15303,252.47,4233,35767
60000,75,53744.0,19409,312.89,6256,53744
80000,75,71704.0,23608,365.2,8296,71704
10000,75,8921.0,5464,112.44,1079,8921
2,76,2.0,1,0.05,0,2
3,76,3.0,2,0.06,0,3
100,76,90.0,64,1.92,10,90
200,76,175.0,128,3.84,25,175
2000,76,1799.0,1222,36.02,201,1799
10000,76,8946.0,4898,119.58,1054,8946
20000,76,17887.0,7970,173.98,2113,17887
40000,76,35872.0,12420,248.2,4128,35872
60000,76,53763.0,17688,331.08,6237,53763
80000,76,71701.0,22850,392.26,8299,71701
10000,76,8946.0,4898,119.58,1054,8946
2,77,2.0,1,0.05,0,2
3,77,3.0,2,0.06,0,3
100,77,87.0,60,1.92,13,87
200,77,175.0,118,4.02,25,175
2000,77,1747.0,1197,30.89,253,1747
10000,77,8911.0,4606,89.5,1089,8911
20000,77,17821.0,9451,160.79,2179,17821
40000,77,35703.0,17114,265.9,4297,35703
60000,77,53739.0,20012,299.48,6261,53739
80000,77,71702.0,24534,360.86,8298,71702
10000,77,8911.0,4606,89.5,1089,8911
2,78,2.0,1,0.05,0,2
3,78,3.0,2,0.06,0,3
100,78,94.0,65,1.93,6,94
200,78,181.0,128,3.56,19,181
2000,78,1768.0,1233,31.85,232,1768
10000,78,8879.0,4729,104.81,1121,8879
20000,78,17843.0,7942,153.98,2157,17843
40000,78,35781.0,12238,216.38,4219,35781
60000,78,53696.0,17297,314.85,6304,53696
80000,78,71620.0,23120,396.32,8380,71620
10000,78,8879.0,4729,104.81,1121,8879
2,79,2.0,1,0.05,0,2
3,79,3.0,2,0.06,0,3
100,79,85.0,68,2.0,15,85
200,79,173.0,138,4.06,27,173
2000,79,1752.0,1099,30.83,248,1752
10000,79,8859.0,4488,89.68,1141,8859
20000,79,17767.0,8209,140.41,2233,17767
40000,79,35654.0,15904,258.68,4346,35654
60000,79,53586.0,21700,329.64,6414,53586
80000,79,71529.0,25573,380.37,8471,71529
10000,79,8859.0,4488,89.68,1141,8859
2,80,1.0,1,0.05,1,1
3,80,2.0,2,0.06,1,2
100,80,90.0,68,2.0,10,90
200,80,178.0,141,4.05,22,178
2000,80,1766.0,1263,27.75,234,1766
10000,80,8941.0,5525,99.33,1059,8941
20000,80,17926.0,9844,166.8,2074,17926
40000,80,35819.0,16685,271.13,4181,35819
60000,80,53736.0,23294,356.46,6264,53736
80000,80,71670.0,30555,442.55,8330,71670
10000,80,8941.0,5525,99.33,1059,8941
2,81,2.0,1,0.05,0,2
3,81,3.0,2,0.06,0,3
100,81,88.0,62,1.78,12,88
200,81,178.0,125,3.69,22,178
2000,81,1794.0,1075,32.11,206,1794
10000,81,8902.0,4575,106.47,1098,8902
20000,81,17835.0,7981,156.45,2165,17835
40000,81,35764.0,13252,235.08,4236,35764
60000,81,53757.0,17350,292.5,6243,53757
80000,81,71710.0,20157,336.41,8290,71710
10000,81,8902.0,4575,106.47,1098,8902
2,82,1.0,1,0.05,1,1
3,82,2.0,2,0.06,1,2
100,82,83.0,66,1.94,17,83
200,82,175.0,136,3.92,25,175
2000,82,1764.0,1199,34.59,236,1764
10000,82,8874.0,4886,115.94,1126,8874
20000,82,17794.0,8962,187.7,2206,17794
40000,82,35751.0,15521,277.29,4249,35751
60000,82,53622.0,22603,363.39,6378,53622
80000,82,71589.0,28587,431.39,8411,71589
10000,82,8874.0,4886,115.94,1126,8874
2,83,2.0,1,0.05,0,2
3,83,3.0,2,0.06,0,3
100,83,88.0,62,1.78,12,88
200,83,178.0,122,3.46,22,178
2000,83,1787.0,1104,27.8,213,1787
10000,83,8914.0,5501,124.53,1086,8914
20000,83,17834.0,10072,190.16,2166,17834
40000,83,35773.0,16833,290.85,4227,35773
60000,83,53742.0,21833,371.05,6258,53742
80000,83,71692.0,28080,443.36,8308,71692
10000,83,8914.0,5501,124.53,1086,8914
2,84,2.0,1,0.05,0,2
3,84,3.0,2,0.06,0,3
100,84,91.0,65,2.05,9,91
200,84,183.0,128,4.0,17,183
2000,84,1779.0,1267,32.95,221,1779
10000,84,8885.0,5374,105.02,1115,8885
20000,84,17776.0,8766,166.62,2224,17776
40000,84,35738.0,13975,254.95,4262,35738
60000,84,53753.0,17569,300.25,6247,53753
80000,84,71610.0,23539,411.27,8390,71610
10000,84,8885.0,5374,105.02,1115,8885
2,85,2.0,1,0.05,0,2
3,85,3.0,2,0.06,0,3
100,85,91.0,65,1.85,9,91
200,85,180.0,125,3.57,20,180
2000,85,1750.0,1142,34.38,250,1750
10000,85,8872.0,3873,99.29,1128,8872
20000,85,17784.0,8478,181.18,2216,17784
40000,85,35674.0,14674,269.94,4326,35674
60000,85,53628.0,17960,316.28,6372,53628
80000,85,71551.0,23197,374.21,8449,71551
10000,85,8872.0,3873,99.29,1128,8872
2,86,2.0,1,0.05,0,2
3,86,3.0,2,0.06,0,3
100,86,83.0,73,2.17,17,83
200,86,169.0,146,4.38,31,169
2000,86,1780.0,1324,34.16,220,1780
10000,86,8872.0,5449,118.61,1128,8872
20000,86,17813.0,9093,196.73,2187,17813
40000,86,35754.0,16498,289.9,4246,35754
60000,86,53763.0,22094,365.18,6237,53763
80000,86,71725.0,25217,413.81,8275,71725
10000,86,8872.0,5449,118.61,1128,8872
2,87,2.0,1,0.05,0,2
3,87,3.0,2,0.06,0,3
100,87,86.0,68,2.0,14,86
200,87,172.0,128,3.72,28,172
2000,87,1773.0,1323,33.11,227,1773
10000,87,8877.0,5695,117.31,1123,8877
20000,87,17759.0,10591,196.15,2241,17759
40000,87,35706.0,17409,296.25,4294,35706
60000,87,53577.0,25180,391.12,6423,53577
80000,87,71579.0,29205,439.45,8421,71579
10000,87,8877.0,5695,117.31,1123,8877
2,88,2.0,1,0.05,0,2
3,88,2.0,2,0.06,1,2
100,88,87.0,66,1.94,13,87
200,88,171.0,130,3.74,29,171
2000,88,1754.0,1141,29.85,246,1754
10000,88,8891.0,5231,96.27,1109,8891
20000,88,17885.0,7634,134.7,2115,17885
40000,88,35776.0,13282,224.98,4224,35776
60000,88,53722.0,18230,289.94,6278,53722
80000,88,71620.0,21903,333.11,8380,71620
10000,88,8891.0,5231,96.27,1109,8891
2,89,2.0,1,0.05,0,2
3,89,3.0,2,0.06,0,3
100,89,95.0,64,1.88,5,95
200,89,184.0,130,3.82,16,184
2000,89,1774.0,1142,33.22,226,1774
10000,89,8887.0,4572,117.72,1113,8887
20000,89,17887.0,8111,188.99,2113,17887
40000,89,35684.0,14905,306.25,4316,35684
60000,89,53619.0,19274,381.46,6381,53619
80000,89,71534.0,24445,446.49,8466,71534
10000,89,8887.0,4572,117.72,1113,8887
2,90,2.0,1,0.05,0,2
3,90,3.0,2,0.06,0,3
100,90,90.0,67,1.95,10,90
200,90,177.0,127,3.55,23,177
2000,90,1777.0,1191,30.23,223,1777
10000,90,8944.0,4035,91.75,1056,8944
20000,90,17911.0,7367,144.31,2089,17911
40000,90,35781.0,13418,244.46,4219,35781
60000,90,53744.0,17008,290.84,6256,53744
80000,90,71619.0,20815,352.55,8381,71619
10000,90,8944.0,4035,91.75,1056,8944
2,91,2.0,1,0.05,0,2
3,91,3.0,2,0.06,0,3
100,91,89.0,65,2.05,11,89
200,91,175.0,128,4.0,25,175
2000,91,1773.0,1159,27.95,227,1773
10000,91,8929.0,4626,92.22,1071,8929
20000,91,17808.0,8552,157.12,2192,17808
40000,91,35708.0,15015,259.39,4292,35708
60000,91,53673.0,20315,318.99,6327,53673
80000,91,71555.0,24892,393.12,8445,71555
10000,91,8929.0,4626,92.22,1071,8929
2,92,2.0,1,0.05,0,2
3,92,3.0,2,0.06,0,3
100,92,86.0,66,1.82,14,86
200,92,174.0,127,3.47,26,174
2000,92,1778.0,1087,24.95,222,1778
10000,92,8890.0,4648,82.92,1110,8890
20000,92,17827.0,8438,139.94,2173,17827
40000,92,35767.0,14058,219.34,4233,35767
60000,92,53649.0,19676,300.2,6351,53649
80000,92,71550.0,23683,347.07,8450,71550
10000,92,8890.0,4648,82.92,1110,8890
2,93,1.0,1,0.05,1,1
3,93,2.0,2,0.06,1,2
100,93,87.0,65,2.01,13,87
200,93,179.0,126,3.78,21,179
2000,93,1761.0,1154,32.34,239,1761
10000,93,8860.0,5234,111.34,1140,8860
20000,93,17792.0,8406,174.18,2208,17792
40000,93,35591.0,14185,262.93,4409,35591
60000,93,53585.0,15860,292.4,6415,53585
80000,93,71541.0,20302,343.66,8459,71541
10000,93,8860.0,5234,111.34,1140,8860
2,94,2.0,1,0.05,0,2
3,94,3.0,2,0.06,0,3
100,94,86.0,69,2.09,14,86
200,94,175.0,144,4.32,25,175
2000,94,1736.0,1399,30.43,264,1736
10000,94,8843.0,4845,101.81,1157,8843
20000,94,17768.0,8721,156.01,2232,17768
40000,94,35671.0,15924,245.64,4329,35671
60000,94,53615.0,20593,302.41,6385,53615
80000,94,71531.0,27221,381.17,8469,71531
10000,94,8843.0,4845,101.81,1157,8843
2,95,2.0,1,0.05,0,2
3,95,3.0,2,0.06,0,3
100,95,93.0,64,1.92,7,93
200,95,187.0,133,4.01,13,187
2000,95,1792.0,1162,32.78,208,1792
10000,95,8892.0,4486,104.58,1108,8892
20000,95,17814.0,8056,166.6,2186,17814
40000,95,35698.0,13716,255.88,4302,35698
60000,95,53613.0,21060,352.12,6387,53613
80000,95,71527.0,26574,423.18,8473,71527
10000,95,8892.0,4486,104.58,1108,8892
2,96,2.0,1,0.05,0,2
3,96,3.0,2,0.06,0,3
100,96,83.0,63,1.75,17,83
200,96,170.0,116,3.28,30,170
2000,96,1755.0,1087,28.39,245,1755
10000,96,8928.0,4279,86.55,1072,8928
20000,96,17888.0,8141,154.05,2112,17888
40000,96,35870.0,15706,247.14,4130,35870
60000,96,53783.0,22581,343.05,6217,53783
80000,96,71726.0,25837,387.81,8274,71726
10000,96,8928.0,4279,86.55,1072,8928
2,97,2.0,1,0.05,0,2
3,97,3.0,2,0.06,0,3
100,97,86.0,63,1.95,14,86
200,97,171.0,126,3.54,29,171
2000,97,1779.0,1133,26.05,221,1779
10000,97,8872.0,4792,103.64,1128,8872
20000,97,17845.0,8538,161.62,2155,17845
40000,97,35667.0,15126,245.66,4333,35667
60000,97,53627.0,20816,309.76,6373,53627
80000,97,71558.0,27884,388.36,8442,71558
10000,97,8872.0,4792,103.64,1128,8872
2,98,2.0,1,0.05,0,2
3,98,3.0,2,0.06,0,3
100,98,91.0,67,1.95,9,91
200,98,176.0,130,3.78,24,176
2000,98,1763.0,1203,34.75,237,1763
10000,98,8876.0,5384,123.32,1124,8876
20000,98,17818.0,10107,195.43,2182,17818
40000,98,35697.0,16677,288.45,4303,35697
60000,98,53541.0,23076,365.68,6459,53541
80000,98,71504.0,28749,429.89,8496,71504
10000,98,8876.0,5384,123.32,1124,8876
2,99,1.0,1,0.05,1,1
3,99,2.0,2,0.06,1,2
100,99,89.0,67,1.87,11,89
200,99,180.0,131,3.63,20,180
2000,99,1778.0,1388,32.0,222,1778
10000,99,8860.0,5558,116.98,1140,8860
20000,99,17787.0,10032,180.16,2213,17787
40000,99,35688.0,16657,283.37,4312,35688
60000,99,53616.0,25864,394.0,6384,53616
80000,99,71470.0,32440,476.44,8530,71470
10000,99,8860.0,5558,116.98,1140,8860
2,100,2.0,1,0.05,0,2
3,100,3.0,2,0.06,0,3
100,100,89.0,64,1.92,11,89
200,100,179.0,127,3.71,21,179
2000,100,1789.0,1121,32.21,211,1789
10000,100,8908.0,4003,88.83,1092,8908
20000,100,17875.0,7284,137.0,2125,17875
40000,100,35855.0,13241,233.93,4145,35855
60000,100,53772.0,19384,313.84,6228,53772
80000,100,71755.0,22124,351.76,8245,71755
10000,100,8908.0,4003,88.83,1092,8908
