Timestep,Iteration,Total Reward,Suboptimal Arms,Total Regret,Zeros Count,Ones Count
2,1,2.0,1,0.0,0,2
3,1,3.0,1,0.0,0,3
100,1,82.0,53,0.0,18,82
200,1,162.0,100,0.0,38,162
2000,1,1611.0,1112,0.0,389,1611
10000,1,8031.0,5487,0.0,1969,8031
20000,1,15954.0,11076,0.0,4046,15954
40000,1,31924.0,25347,0.0,8076,31924
60000,1,47938.0,40370,0.0,12062,47938
80000,1,64032.0,49000,0.0,15968,64032
10000,1,8031.0,5487,0.0,1969,8031
2,2,2.0,1,0.0,0,2
3,2,3.0,1,0.0,0,3
100,2,78.0,55,0.0,22,78
200,2,163.0,103,0.0,37,163
2000,2,1612.0,1066,0.0,388,1612
10000,2,7931.0,5627,0.0,2069,7931
20000,2,15944.0,10616,0.0,4056,15944
40000,2,32023.0,24756,0.0,7977,32023
60000,2,47976.0,37468,0.0,12024,47976
80000,2,63924.0,48003,0.0,16076,63924
10000,2,7931.0,5627,0.0,2069,7931
2,3,1.0,1,0.0,1,1
3,3,2.0,1,0.0,1,2
100,3,85.0,55,0.0,15,85
200,3,167.0,105,0.0,33,167
2000,3,1595.0,904,0.0,405,1595
10000,3,8076.0,4336,0.0,1924,8076
20000,3,16081.0,10254,0.0,3919,16081
40000,3,32046.0,20016,0.0,7954,32046
60000,3,48122.0,27959,0.0,11878,48122
80000,3,64101.0,40771,0.0,15899,64101
10000,3,8076.0,4336,0.0,1924,8076
2,4,2.0,1,0.0,0,2
3,4,3.0,1,0.0,0,3
100,4,80.0,50,0.0,20,80
200,4,152.0,100,0.0,48,152
2000,4,1568.0,813,0.0,432,1568
10000,4,7965.0,5205,0.0,2035,7965
20000,4,15961.0,12046,0.0,4039,15961
40000,4,31936.0,24512,0.0,8064,31936
60000,4,47908.0,38576,0.0,12092,47908
80000,4,63928.0,47996,0.0,16072,63928
10000,4,7965.0,5205,0.0,2035,7965
2,5,2.0,1,0.0,0,2
3,5,3.0,1,0.0,0,3
100,5,80.0,48,0.0,20,80
200,5,159.0,103,0.0,41,159
2000,5,1580.0,777,0.0,420,1580
10000,5,7959.0,4682,0.0,2041,7959
20000,5,15956.0,11629,0.0,4044,15956
40000,5,31964.0,20490,0.0,8036,31964
60000,5,47973.0,31534,0.0,12027,47973
80000,5,63976.0,42072,0.0,16024,63976
10000,5,7959.0,4682,0.0,2041,7959
2,6,2.0,1,0.0,0,2
3,6,3.0,1,0.0,0,3
100,6,79.0,48,0.0,21,79
200,6,161.0,91,0.0,39,161
2000,6,1590.0,902,0.0,410,1590
10000,6,7995.0,4103,0.0,2005,7995
20000,6,15992.0,8671,0.0,4008,15992
40000,6,31981.0,18003,0.0,8019,31981
60000,6,47937.0,24845,0.0,12063,47937
80000,6,63952.0,34465,0.0,16048,63952
10000,6,7995.0,4103,0.0,2005,7995
2,7,1.0,1,0.0,1,1
3,7,1.0,1,0.0,2,1
100,7,84.0,53,0.0,16,84
200,7,164.0,100,0.0,36,164
2000,7,1613.0,1195,0.0,387,1613
10000,7,8003.0,6744,0.0,1997,8003
20000,7,15995.0,12619,0.0,4005,15995
40000,7,32016.0,24762,0.0,7984,32016
60000,7,47963.0,34877,0.0,12037,47963
80000,7,64026.0,50765,0.0,15974,64026
10000,7,8003.0,6744,0.0,1997,8003
2,8,2.0,1,0.0,0,2
3,8,3.0,1,0.0,0,3
100,8,83.0,50,0.0,17,83
200,8,165.0,104,0.0,35,165
2000,8,1630.0,1034,0.0,370,1630
10000,8,8058.0,5064,0.0,1942,8058
20000,8,16075.0,9689,0.0,3925,16075
40000,8,32030.0,23481,0.0,7970,32030
60000,8,48089.0,27704,0.0,11911,48089
80000,8,64123.0,35427,0.0,15877,64123
10000,8,8058.0,5064,0.0,1942,8058
2,9,2.0,1,0.0,0,2
3,9,3.0,1,0.0,0,3
100,9,83.0,50,0.0,17,83
200,9,165.0,106,0.0,35,165
2000,9,1621.0,986,0.0,379,1621
10000,9,7989.0,5447,0.0,2011,7989
20000,9,16065.0,12553,0.0,3935,16065
40000,9,32084.0,22221,0.0,7916,32084
60000,9,47994.0,34559,0.0,12006,47994
80000,9,63932.0,44603,0.0,16068,63932
10000,9,7989.0,5447,0.0,2011,7989
2,10,2.0,1,0.0,0,2
3,10,3.0,1,0.0,0,3
100,10,85.0,48,0.0,15,85
200,10,167.0,95,0.0,33,167
2000,10,1616.0,1168,0.0,384,1616
10000,10,8057.0,5060,0.0,1943,8057
20000,10,16010.0,10266,0.0,3990,16010
40000,10,32055.0,17564,0.0,7945,32055
60000,10,48054.0,27916,0.0,11946,48054
80000,10,64110.0,43503,0.0,15890,64110
10000,10,8057.0,5060,0.0,1943,8057
2,11,2.0,1,0.0,0,2
3,11,3.0,1,0.0,0,3
100,11,77.0,35,0.0,23,77
200,11,159.0,83,0.0,41,159
2000,11,1642.0,1091,0.0,358,1642
10000,11,8113.0,4536,0.0,1887,8113
20000,11,16085.0,10310,0.0,3915,16085
40000,11,32030.0,21322,0.0,7970,32030
60000,11,48110.0,38471,0.0,11890,48110
80000,11,64122.0,51169,0.0,15878,64122
10000,11,8113.0,4536,0.0,1887,8113
2,12,2.0,1,0.0,0,2
3,12,2.0,1,0.0,1,2
100,12,79.0,55,0.0,21,79
200,12,153.0,115,0.0,47,153
2000,12,1569.0,1289,0.0,431,1569
10000,12,7925.0,4817,0.0,2075,7925
20000,12,15928.0,11488,0.0,4072,15928
40000,12,31957.0,24211,0.0,8043,31957
60000,12,47902.0,36478,0.0,12098,47902
80000,12,63894.0,46034,0.0,16106,63894
10000,12,7925.0,4817,0.0,2075,7925
2,13,2.0,1,0.0,0,2
3,13,2.0,1,0.0,1,2
100,13,83.0,60,0.0,17,83
200,13,161.0,118,0.0,39,161
2000,13,1596.0,870,0.0,404,1596
10000,13,8139.0,4970,0.0,1861,8139
20000,13,16148.0,11211,0.0,3852,16148
40000,13,32080.0,22013,0.0,7920,32080
60000,13,48045.0,30172,0.0,11955,48045
80000,13,64061.0,38404,0.0,15939,64061
10000,13,8139.0,4970,0.0,1861,8139
2,14,1.0,1,0.0,1,1
3,14,2.0,1,0.0,1,2
100,14,75.0,47,0.0,25,75
200,14,158.0,94,0.0,42,158
2000,14,1615.0,1056,0.0,385,1615
10000,14,7968.0,6168,0.0,2032,7968
20000,14,16009.0,9675,0.0,3991,16009
40000,14,31910.0,18281,0.0,8090,31910
60000,14,47868.0,29708,0.0,12132,47868
80000,14,63874.0,39592,0.0,16126,63874
10000,14,7968.0,6168,0.0,2032,7968
2,15,2.0,1,0.0,0,2
3,15,2.0,1,0.0,1,2
100,15,79.0,43,0.0,21,79
200,15,159.0,92,0.0,41,159
2000,15,1562.0,829,0.0,438,1562
10000,15,7969.0,4518,0.0,2031,7969
20000,15,15989.0,6066,0.0,4011,15989
40000,15,31993.0,13767,0.0,8007,31993
60000,15,47938.0,22252,0.0,12062,47938
80000,15,63875.0,27394,0.0,16125,63875
10000,15,7969.0,4518,0.0,2031,7969
2,16,2.0,1,0.0,0,2
3,16,3.0,1,0.0,0,3
100,16,76.0,55,0.0,24,76
200,16,154.0,109,0.0,46,154
2000,16,1564.0,1116,0.0,436,1564
10000,16,7929.0,5174,0.0,2071,7929
20000,16,15935.0,7463,0.0,4065,15935
40000,16,31959.0,18109,0.0,8041,31959
60000,16,47868.0,28441,0.0,12132,47868
80000,16,63857.0,39428,0.0,16143,63857
10000,16,7929.0,5174,0.0,2071,7929
2,17,2.0,1,0.0,0,2
3,17,2.0,1,0.0,1,2
100,17,82.0,50,0.0,18,82
200,17,156.0,100,0.0,44,156
2000,17,1599.0,1282,0.0,401,1599
10000,17,8048.0,6039,0.0,1952,8048
20000,17,16053.0,13042,0.0,3947,16053
40000,17,32079.0,25155,0.0,7921,32079
60000,17,48149.0,34764,0.0,11851,48149
80000,17,64157.0,48715,0.0,15843,64157
10000,17,8048.0,6039,0.0,1952,8048
2,18,2.0,1,0.0,0,2
3,18,2.0,1,0.0,1,2
100,18,84.0,53,0.0,16,84
200,18,168.0,111,0.0,32,168
2000,18,1588.0,906,0.0,412,1588
10000,18,7987.0,4819,0.0,2013,7987
20000,18,15879.0,10330,0.0,4121,15879
40000,18,31888.0,21206,0.0,8112,31888
60000,18,47824.0,33569,0.0,12176,47824
80000,18,63848.0,39375,0.0,16152,63848
10000,18,7987.0,4819,0.0,2013,7987
2,19,2.0,1,0.0,0,2
3,19,3.0,1,0.0,0,3
100,19,82.0,56,0.0,18,82
200,19,160.0,114,0.0,40,160
2000,19,1572.0,1292,0.0,428,1572
10000,19,7957.0,5574,0.0,2043,7957
20000,19,15997.0,12763,0.0,4003,15997
40000,19,31971.0,26329,0.0,8029,31971
60000,19,47951.0,36286,0.0,12049,47951
80000,19,64016.0,45151,0.0,15984,64016
10000,19,7957.0,5574,0.0,2043,7957
2,20,2.0,1,0.0,0,2
3,20,3.0,1,0.0,0,3
100,20,80.0,46,0.0,20,80
200,20,159.0,107,0.0,41,159
2000,20,1610.0,945,0.0,390,1610
10000,20,7933.0,5218,0.0,2067,7933
20000,20,15936.0,10752,0.0,4064,15936
40000,20,31855.0,24071,0.0,8145,31855
60000,20,47777.0,31491,0.0,12223,47777
80000,20,63719.0,46049,0.0,16281,63719
10000,20,7933.0,5218,0.0,2067,7933
2,21,2.0,1,0.0,0,2
3,21,3.0,1,0.0,0,3
100,21,79.0,50,0.0,21,79
200,21,164.0,91,0.0,36,164
2000,21,1619.0,1017,0.0,381,1619
10000,21,8074.0,4665,0.0,1926,8074
20000,21,16077.0,9881,0.0,3923,16077
40000,21,32011.0,18206,0.0,7989,32011
60000,21,47958.0,23406,0.0,12042,47958
80000,21,63901.0,28015,0.0,16099,63901
10000,21,8074.0,4665,0.0,1926,8074
2,22,2.0,1,0.0,0,2
3,22,2.0,1,0.0,1,2
100,22,73.0,46,0.0,27,73
200,22,152.0,85,0.0,48,152
2000,22,1579.0,665,0.0,421,1579
10000,22,7991.0,4827,0.0,2009,7991
20000,22,15938.0,10625,0.0,4062,15938
40000,22,31929.0,21400,0.0,8071,31929
60000,22,47908.0,32029,0.0,12092,47908
80000,22,63775.0,42618,0.0,16225,63775
10000,22,7991.0,4827,0.0,2009,7991
2,23,1.0,1,0.0,1,1
3,23,1.0,1,0.0,2,1
100,23,75.0,47,0.0,25,75
200,23,160.0,103,0.0,40,160
2000,23,1601.0,939,0.0,399,1601
10000,23,7948.0,4109,0.0,2052,7948
20000,23,15915.0,9091,0.0,4085,15915
40000,23,31956.0,21424,0.0,8044,31956
60000,23,48017.0,34328,0.0,11983,48017
80000,23,64067.0,48133,0.0,15933,64067
10000,23,7948.0,4109,0.0,2052,7948
2,24,1.0,1,0.0,1,1
3,24,1.0,2,0.0,2,1
100,24,82.0,52,0.0,18,82
200,24,167.0,107,0.0,33,167
2000,24,1617.0,1114,0.0,383,1617
10000,24,8025.0,5265,0.0,1975,8025
20000,24,16019.0,8945,0.0,3981,16019
40000,24,32029.0,19170,0.0,7971,32029
60000,24,47963.0,30139,0.0,12037,47963
80000,24,64017.0,33563,0.0,15983,64017
10000,24,8025.0,5265,0.0,1975,8025
2,25,2.0,1,0.0,0,2
3,25,2.0,1,0.0,1,2
100,25,84.0,54,0.0,16,84
200,25,169.0,100,0.0,31,169
2000,25,1581.0,1045,0.0,419,1581
10000,25,7973.0,5246,0.0,2027,7973
20000,25,15983.0,9471,0.0,4017,15983
40000,25,31928.0,20196,0.0,8072,31928
60000,25,47875.0,30693,0.0,12125,47875
80000,25,63918.0,47578,0.0,16082,63918
10000,25,7973.0,5246,0.0,2027,7973
2,26,2.0,1,0.0,0,2
3,26,3.0,1,0.0,0,3
100,26,82.0,50,0.0,18,82
200,26,170.0,92,0.0,30,170
2000,26,1619.0,964,0.0,381,1619
10000,26,8012.0,4327,0.0,1988,8012
20000,26,16002.0,7732,0.0,3998,16002
40000,26,31948.0,18211,0.0,8052,31948
60000,26,47958.0,23569,0.0,12042,47958
80000,26,63971.0,28617,0.0,16029,63971
10000,26,8012.0,4327,0.0,1988,8012
2,27,1.0,1,0.0,1,1
3,27,1.0,1,0.0,2,1
100,27,68.0,55,0.0,32,68
200,27,146.0,120,0.0,54,146
2000,27,1580.0,1032,0.0,420,1580
10000,27,7971.0,5534,0.0,2029,7971
20000,27,15917.0,9342,0.0,4083,15917
40000,27,31951.0,21745,0.0,8049,31951
60000,27,47926.0,29858,0.0,12074,47926
80000,27,63900.0,43736,0.0,16100,63900
10000,27,7971.0,5534,0.0,2029,7971
2,28,2.0,1,0.0,0,2
3,28,3.0,1,0.0,0,3
100,28,76.0,60,0.0,24,76
200,28,158.0,134,0.0,42,158
2000,28,1603.0,1143,0.0,397,1603
10000,28,8020.0,6662,0.0,1980,8020
20000,28,16003.0,13103,0.0,3997,16003
40000,28,31984.0,26097,0.0,8016,31984
60000,28,48031.0,39490,0.0,11969,48031
80000,28,64043.0,50983,0.0,15957,64043
10000,28,8020.0,6662,0.0,1980,8020
2,29,2.0,1,0.0,0,2
3,29,2.0,1,0.0,1,2
100,29,83.0,44,0.0,17,83
200,29,166.0,72,0.0,34,166
2000,29,1608.0,747,0.0,392,1608
10000,29,7983.0,4645,0.0,2017,7983
20000,29,16009.0,10009,0.0,3991,16009
40000,29,31963.0,22158,0.0,8037,31963
60000,29,48005.0,35492,0.0,11995,48005
80000,29,64088.0,51007,0.0,15912,64088
10000,29,7983.0,4645,0.0,2017,7983
2,30,2.0,1,0.0,0,2
3,30,3.0,1,0.0,0,3
100,30,84.0,50,0.0,16,84
200,30,163.0,102,0.0,37,163
2000,30,1586.0,1107,0.0,414,1586
10000,30,7960.0,4492,0.0,2040,7960
20000,30,16006.0,8960,0.0,3994,16006
40000,30,32032.0,19211,0.0,7968,32032
60000,30,48030.0,28928,0.0,11970,48030
80000,30,64026.0,36957,0.0,15974,64026
10000,30,7960.0,4492,0.0,2040,7960
2,31,2.0,1,0.0,0,2
3,31,3.0,1,0.0,0,3
100,31,89.0,52,0.0,11,89
200,31,167.0,105,0.0,33,167
2000,31,1625.0,817,0.0,375,1625
10000,31,8059.0,4747,0.0,1941,8059
20000,31,16104.0,10139,0.0,3896,16104
40000,31,32068.0,18940,0.0,7932,32068
60000,31,48077.0,27854,0.0,11923,48077
80000,31,64085.0,40736,0.0,15915,64085
10000,31,8059.0,4747,0.0,1941,8059
2,32,2.0,1,0.0,0,2
3,32,2.0,1,0.0,1,2
100,32,87.0,51,0.0,13,87
200,32,171.0,88,0.0,29,171
2000,32,1626.0,1095,0.0,374,1626
10000,32,8062.0,5510,0.0,1938,8062
20000,32,15993.0,10873,0.0,4007,15993
40000,32,32069.0,21565,0.0,7931,32069
60000,32,48140.0,29251,0.0,11860,48140
80000,32,64081.0,38463,0.0,15919,64081
10000,32,8062.0,5510,0.0,1938,8062
2,33,1.0,1,0.0,1,1
3,33,2.0,2,0.0,1,2
100,33,83.0,48,0.0,17,83
200,33,158.0,93,0.0,42,158
2000,33,1600.0,951,0.0,400,1600
10000,33,8024.0,4823,0.0,1976,8024
20000,33,16009.0,11178,0.0,3991,16009
40000,33,32044.0,25738,0.0,7956,32044
60000,33,48041.0,37354,0.0,11959,48041
80000,33,64110.0,51933,0.0,15890,64110
10000,33,8024.0,4823,0.0,1976,8024
2,34,2.0,1,0.0,0,2
3,34,3.0,1,0.0,0,3
100,34,79.0,46,0.0,21,79
200,34,166.0,90,0.0,34,166
2000,34,1577.0,963,0.0,423,1577
10000,34,7946.0,4957,0.0,2054,7946
20000,34,16038.0,10195,0.0,3962,16038
40000,34,32091.0,20966,0.0,7909,32091
60000,34,48152.0,26983,0.0,11848,48152
80000,34,64083.0,33331,0.0,15917,64083
10000,34,7946.0,4957,0.0,2054,7946
2,35,1.0,1,0.0,1,1
3,35,2.0,1,0.0,1,2
100,35,79.0,47,0.0,21,79
200,35,163.0,93,0.0,37,163
2000,35,1630.0,757,0.0,370,1630
10000,35,8046.0,4586,0.0,1954,8046
20000,35,16034.0,8222,0.0,3966,16034
40000,35,32021.0,19267,0.0,7979,32021
60000,35,48020.0,28012,0.0,11980,48020
80000,35,63947.0,35715,0.0,16053,63947
10000,35,8046.0,4586,0.0,1954,8046
2,36,1.0,1,0.0,1,1
3,36,2.0,1,0.0,1,2
100,36,81.0,48,0.0,19,81
200,36,157.0,97,0.0,43,157
2000,36,1600.0,878,0.0,400,1600
10000,36,8005.0,5144,0.0,1995,8005
20000,36,15996.0,9563,0.0,4004,15996
40000,36,32093.0,21188,0.0,7907,32093
60000,36,48151.0,29139,0.0,11849,48151
80000,36,64139.0,38129,0.0,15861,64139
10000,36,8005.0,5144,0.0,1995,8005
2,37,2.0,1,0.0,0,2
3,37,3.0,1,0.0,0,3
100,37,79.0,47,0.0,21,79
200,37,162.0,103,0.0,38,162
2000,37,1595.0,1008,0.0,405,1595
10000,37,7954.0,4247,0.0,2046,7954
20000,37,15914.0,7874,0.0,4086,15914
40000,37,31932.0,16152,0.0,8068,31932
60000,37,48038.0,21702,0.0,11962,48038
80000,37,64119.0,28598,0.0,15881,64119
10000,37,7954.0,4247,0.0,2046,7954
2,38,2.0,1,0.0,0,2
3,38,2.0,1,0.0,1,2
100,38,79.0,49,0.0,21,79
200,38,155.0,101,0.0,45,155
2000,38,1604.0,968,0.0,396,1604
10000,38,8022.0,4875,0.0,1978,8022
20000,38,15900.0,9607,0.0,4100,15900
40000,38,31926.0,20079,0.0,8074,31926
60000,38,47905.0,30902,0.0,12095,47905
80000,38,63935.0,46401,0.0,16065,63935
10000,38,8022.0,4875,0.0,1978,8022
2,39,2.0,1,0.0,0,2
3,39,2.0,1,0.0,1,2
100,39,75.0,48,0.0,25,75
200,39,154.0,100,0.0,46,154
2000,39,1587.0,837,0.0,413,1587
10000,39,7972.0,4774,0.0,2028,7972
20000,39,15913.0,9009,0.0,4087,15913
40000,39,31925.0,21673,0.0,8075,31925
60000,39,47987.0,30152,0.0,12013,47987
80000,39,64006.0,38399,0.0,15994,64006
10000,39,7972.0,4774,0.0,2028,7972
2,40,1.0,1,0.0,1,1
3,40,2.0,1,0.0,1,2
100,40,74.0,56,0.0,26,74
200,40,155.0,103,0.0,45,155
2000,40,1611.0,1095,0.0,389,1611
10000,40,8019.0,5902,0.0,1981,8019
20000,40,16084.0,9101,0.0,3916,16084
40000,40,32070.0,20316,0.0,7930,32070
60000,40,48055.0,28930,0.0,11945,48055
80000,40,64038.0,41005,0.0,15962,64038
10000,40,8019.0,5902,0.0,1981,8019
2,41,1.0,1,0.0,1,1
3,41,2.0,1,0.0,1,2
100,41,77.0,42,0.0,23,77
200,41,158.0,91,0.0,42,158
2000,41,1613.0,882,0.0,387,1613
10000,41,8049.0,5469,0.0,1951,8049
20000,41,16040.0,12012,0.0,3960,16040
40000,41,31992.0,24797,0.0,8008,31992
60000,41,47968.0,36748,0.0,12032,47968
80000,41,63873.0,47688,0.0,16127,63873
10000,41,8049.0,5469,0.0,1951,8049
2,42,1.0,1,0.0,1,1
3,42,2.0,1,0.0,1,2
100,42,80.0,54,0.0,20,80
200,42,160.0,103,0.0,40,160
2000,42,1585.0,1175,0.0,415,1585
10000,42,7929.0,6220,0.0,2071,7929
20000,42,15908.0,10960,0.0,4092,15908
40000,42,31855.0,24303,0.0,8145,31855
60000,42,47878.0,35392,0.0,12122,47878
80000,42,63832.0,48861,0.0,16168,63832
10000,42,7929.0,6220,0.0,2071,7929
2,43,1.0,1,0.0,1,1
3,43,1.0,2,0.0,2,1
100,43,80.0,58,0.0,20,80
200,43,158.0,116,0.0,42,158
2000,43,1586.0,1240,0.0,414,1586
10000,43,7991.0,4926,0.0,2009,7991
20000,43,15982.0,8687,0.0,4018,15982
40000,43,31954.0,18623,0.0,8046,31954
60000,43,48029.0,26376,0.0,11971,48029
80000,43,63998.0,36590,0.0,16002,63998
10000,43,7991.0,4926,0.0,2009,7991
2,44,2.0,1,0.0,0,2
3,44,3.0,1,0.0,0,3
100,44,79.0,48,0.0,21,79
200,44,160.0,86,0.0,40,160
2000,44,1591.0,949,0.0,409,1591
10000,44,7990.0,4809,0.0,2010,7990
20000,44,15979.0,7439,0.0,4021,15979
40000,44,31962.0,17497,0.0,8038,31962
60000,44,47961.0,22964,0.0,12039,47961
80000,44,63989.0,38922,0.0,16011,63989
10000,44,7990.0,4809,0.0,2010,7990
2,45,1.0,1,0.0,1,1
3,45,2.0,1,0.0,1,2
100,45,82.0,46,0.0,18,82
200,45,164.0,91,0.0,36,164
2000,45,1614.0,768,0.0,386,1614
10000,45,8025.0,4192,0.0,1975,8025
20000,45,15977.0,6702,0.0,4023,15977
40000,45,32077.0,16023,0.0,7923,32077
60000,45,48107.0,24593,0.0,11893,48107
80000,45,64159.0,36625,0.0,15841,64159
10000,45,8025.0,4192,0.0,1975,8025
2,46,2.0,1,0.0,0,2
3,46,3.0,1,0.0,0,3
100,46,81.0,52,0.0,19,81
200,46,157.0,107,0.0,43,157
2000,46,1584.0,967,0.0,416,1584
10000,46,7973.0,5075,0.0,2027,7973
20000,46,15942.0,10225,0.0,4058,15942
40000,46,31972.0,19173,0.0,8028,31972
60000,46,47923.0,32424,0.0,12077,47923
80000,46,63857.0,46696,0.0,16143,63857
10000,46,7973.0,5075,0.0,2027,7973
2,47,2.0,1,0.0,0,2
3,47,2.0,1,0.0,1,2
100,47,82.0,58,0.0,18,82
200,47,163.0,121,0.0,37,163
2000,47,1596.0,1362,0.0,404,1596
10000,47,7970.0,5824,0.0,2030,7970
20000,47,15882.0,11148,0.0,4118,15882
40000,47,31795.0,18385,0.0,8205,31795
60000,47,47785.0,29265,0.0,12215,47785
80000,47,63747.0,41712,0.0,16253,63747
10000,47,7970.0,5824,0.0,2030,7970
2,48,0.0,1,0.0,2,0
3,48,1.0,1,0.0,2,1
100,48,76.0,55,0.0,24,76
200,48,149.0,103,0.0,51,149
2000,48,1583.0,1062,0.0,417,1583
10000,48,8019.0,5886,0.0,1981,8019
20000,48,16042.0,12061,0.0,3958,16042
40000,48,32120.0,22014,0.0,7880,32120
60000,48,48087.0,31707,0.0,11913,48087
80000,48,64179.0,40743,0.0,15821,64179
10000,48,8019.0,5886,0.0,1981,8019
2,49,2.0,1,0.0,0,2
3,49,2.0,1,0.0,1,2
100,49,81.0,50,0.0,19,81
200,49,160.0,89,0.0,40,160
2000,49,1591.0,807,0.0,409,1591
10000,49,7956.0,3214,0.0,2044,7956
20000,49,16006.0,6398,0.0,3994,16006
40000,49,31983.0,11145,0.0,8017,31983
60000,49,48066.0,20899,0.0,11934,48066
80000,49,64137.0,29045,0.0,15863,64137
10000,49,7956.0,3214,0.0,2044,7956
2,50,2.0,1,0.0,0,2
3,50,3.0,1,0.0,0,3
100,50,81.0,48,0.0,19,81
200,50,156.0,95,0.0,44,156
2000,50,1646.0,915,0.0,354,1646
10000,50,7978.0,4733,0.0,2022,7978
20000,50,15990.0,8433,0.0,4010,15990
40000,50,31942.0,18184,0.0,8058,31942
60000,50,47957.0,33727,0.0,12043,47957
80000,50,64023.0,45623,0.0,15977,64023
10000,50,7978.0,4733,0.0,2022,7978
2,51,1.0,1,0.0,1,1
3,51,2.0,2,0.0,1,2
100,51,83.0,47,0.0,17,83
200,51,160.0,91,0.0,40,160
2000,51,1596.0,1055,0.0,404,1596
10000,51,7973.0,4225,0.0,2027,7973
20000,51,15915.0,9068,0.0,4085,15915
40000,51,31971.0,17392,0.0,8029,31971
60000,51,48007.0,29851,0.0,11993,48007
80000,51,63955.0,38862,0.0,16045,63955
10000,51,7973.0,4225,0.0,2027,7973
2,52,2.0,1,0.0,0,2
3,52,3.0,1,0.0,0,3
100,52,78.0,44,0.0,22,78
200,52,162.0,101,0.0,38,162
2000,52,1585.0,1104,0.0,415,1585
10000,52,8029.0,5730,0.0,1971,8029
20000,52,15982.0,11773,0.0,4018,15982
40000,52,32053.0,18894,0.0,7947,32053
60000,52,48022.0,26157,0.0,11978,48022
80000,52,63973.0,32499,0.0,16027,63973
10000,52,8029.0,5730,0.0,1971,8029
2,53,2.0,1,0.0,0,2
3,53,3.0,1,0.0,0,3
100,53,81.0,52,0.0,19,81
200,53,161.0,107,0.0,39,161
2000,53,1603.0,972,0.0,397,1603
10000,53,7996.0,5341,0.0,2004,7996
20000,53,16038.0,10255,0.0,3962,16038
40000,53,32099.0,16731,0.0,7901,32099
60000,53,48109.0,23666,0.0,11891,48109
80000,53,64181.0,34865,0.0,15819,64181
10000,53,7996.0,5341,0.0,2004,7996
2,54,2.0,1,0.0,0,2
3,54,3.0,1,0.0,0,3
100,54,78.0,50,0.0,22,78
200,54,150.0,100,0.0,50,150
2000,54,1564.0,794,0.0,436,1564
10000,54,7992.0,3632,0.0,2008,7992
20000,54,16051.0,6042,0.0,3949,16051
40000,54,32020.0,12404,0.0,7980,32020
60000,54,47972.0,22971,0.0,12028,47972
80000,54,63852.0,32247,0.0,16148,63852
10000,54,7992.0,3632,0.0,2008,7992
2,55,1.0,1,0.0,1,1
3,55,2.0,2,0.0,1,2
100,55,82.0,58,0.0,18,82
200,55,161.0,116,0.0,39,161
2000,55,1564.0,1089,0.0,436,1564
10000,55,7956.0,4892,0.0,2044,7956
20000,55,15999.0,10853,0.0,4001,15999
40000,55,31889.0,21460,0.0,8111,31889
60000,55,47843.0,25308,0.0,12157,47843
80000,55,63766.0,36086,0.0,16234,63766
10000,55,7956.0,4892,0.0,2044,7956
2,56,2.0,1,0.0,0,2
3,56,3.0,1,0.0,0,3
100,56,79.0,45,0.0,21,79
200,56,164.0,91,0.0,36,164
2000,56,1602.0,767,0.0,398,1602
10000,56,7955.0,3166,0.0,2045,7955
20000,56,15962.0,7417,0.0,4038,15962
40000,56,31948.0,20813,0.0,8052,31948
60000,56,47969.0,27335,0.0,12031,47969
80000,56,63926.0,37248,0.0,16074,63926
10000,56,7955.0,3166,0.0,2045,7955
2,57,2.0,1,0.0,0,2
3,57,3.0,1,0.0,0,3
100,57,84.0,57,0.0,16,84
200,57,171.0,112,0.0,29,171
2000,57,1583.0,770,0.0,417,1583
10000,57,8003.0,3898,0.0,1997,8003
20000,57,16004.0,6924,0.0,3996,16004
40000,57,32050.0,13941,0.0,7950,32050
60000,57,48067.0,25676,0.0,11933,48067
80000,57,64117.0,35270,0.0,15883,64117
10000,57,8003.0,3898,0.0,1997,8003
2,58,2.0,1,0.0,0,2
3,58,2.0,1,0.0,1,2
100,58,81.0,50,0.0,19,81
200,58,162.0,105,0.0,38,162
2000,58,1589.0,875,0.0,411,1589
10000,58,7921.0,3933,0.0,2079,7921
20000,58,15930.0,8814,0.0,4070,15930
40000,58,31975.0,11780,0.0,8025,31975
60000,58,47989.0,20031,0.0,12011,47989
80000,58,63882.0,27145,0.0,16118,63882
10000,58,7921.0,3933,0.0,2079,7921
2,59,2.0,1,0.0,0,2
3,59,3.0,1,0.0,0,3
100,59,89.0,52,0.0,11,89
200,59,170.0,108,0.0,30,170
2000,59,1622.0,1122,0.0,378,1622
10000,59,8022.0,6187,0.0,1978,8022
20000,59,16006.0,11310,0.0,3994,16006
40000,59,32046.0,20040,0.0,7954,32046
60000,59,48043.0,26585,0.0,11957,48043
80000,59,64026.0,34030,0.0,15974,64026
10000,59,8022.0,6187,0.0,1978,8022
2,60,1.0,1,0.0,1,1
3,60,2.0,1,0.0,1,2
100,60,82.0,51,0.0,18,82
200,60,165.0,105,0.0,35,165
2000,60,1570.0,1060,0.0,430,1570
10000,60,7974.0,5340,0.0,2026,7974
20000,60,15907.0,8944,0.0,4093,15907
40000,60,31808.0,19657,0.0,8192,31808
60000,60,47697.0,32866,0.0,12303,47697
80000,60,63727.0,46718,0.0,16273,63727
10000,60,7974.0,5340,0.0,2026,7974
2,61,2.0,1,0.0,0,2
3,61,2.0,1,0.0,1,2
100,61,79.0,52,0.0,21,79
200,61,151.0,91,0.0,49,151
2000,61,1589.0,1346,0.0,411,1589
10000,61,7984.0,6440,0.0,2016,7984
20000,61,16007.0,11751,0.0,3993,16007
40000,61,31956.0,24765,0.0,8044,31956
60000,61,47863.0,36854,0.0,12137,47863
80000,61,63811.0,49743,0.0,16189,63811
10000,61,7984.0,6440,0.0,2016,7984
2,62,2.0,1,0.0,0,2
3,62,3.0,1,0.0,0,3
100,62,83.0,52,0.0,17,83
200,62,151.0,103,0.0,49,151
2000,62,1611.0,1205,0.0,389,1611
10000,62,8047.0,6142,0.0,1953,8047
20000,62,16022.0,11493,0.0,3978,16022
40000,62,31846.0,23502,0.0,8154,31846
60000,62,47773.0,31474,0.0,12227,47773
80000,62,63765.0,38661,0.0,16235,63765
10000,62,8047.0,6142,0.0,1953,8047
2,63,2.0,1,0.0,0,2
3,63,3.0,1,0.0,0,3
100,63,78.0,52,0.0,22,78
200,63,162.0,105,0.0,38,162
2000,63,1602.0,1174,0.0,398,1602
10000,63,7920.0,4032,0.0,2080,7920
20000,63,15970.0,7232,0.0,4030,15970
40000,63,32049.0,19884,0.0,7951,32049
60000,63,48025.0,33021,0.0,11975,48025
80000,63,64053.0,45667,0.0,15947,64053
10000,63,7920.0,4032,0.0,2080,7920
2,64,2.0,1,0.0,0,2
3,64,3.0,1,0.0,0,3
100,64,86.0,47,0.0,14,86
200,64,172.0,93,0.0,28,172
2000,64,1641.0,678,0.0,359,1641
10000,64,8004.0,3999,0.0,1996,8004
20000,64,15983.0,9585,0.0,4017,15983
40000,64,32003.0,19959,0.0,7997,32003
60000,64,48056.0,31462,0.0,11944,48056
80000,64,64156.0,47659,0.0,15844,64156
10000,64,8004.0,3999,0.0,1996,8004
2,65,1.0,1,0.0,1,1
3,65,2.0,1,0.0,1,2
100,65,75.0,54,0.0,25,75
200,65,153.0,113,0.0,47,153
2000,65,1596.0,996,0.0,404,1596
10000,65,8002.0,6001,0.0,1998,8002
20000,65,16047.0,11693,0.0,3953,16047
40000,65,32102.0,22372,0.0,7898,32102
60000,65,48068.0,32838,0.0,11932,48068
80000,65,64166.0,45547,0.0,15834,64166
10000,65,8002.0,6001,0.0,1998,8002
2,66,2.0,1,0.0,0,2
3,66,3.0,1,0.0,0,3
100,66,83.0,52,0.0,17,83
200,66,163.0,99,0.0,37,163
2000,66,1612.0,1115,0.0,388,1612
10000,66,8014.0,4797,0.0,1986,8014
20000,66,16050.0,10044,0.0,3950,16050
40000,66,32037.0,22675,0.0,7963,32037
60000,66,48042.0,30883,0.0,11958,48042
80000,66,64018.0,43479,0.0,15982,64018
10000,66,8014.0,4797,0.0,1986,8014
2,67,1.0,1,0.0,1,1
3,67,1.0,2,0.0,2,1
100,67,81.0,55,0.0,19,81
200,67,162.0,102,0.0,38,162
2000,67,1609.0,1006,0.0,391,1609
10000,67,7966.0,3537,0.0,2034,7966
20000,67,15945.0,8230,0.0,4055,15945
40000,67,31969.0,12603,0.0,8031,31969
60000,67,47885.0,18282,0.0,12115,47885
80000,67,63929.0,36970,0.0,16071,63929
10000,67,7966.0,3537,0.0,2034,7966
2,68,2.0,1,0.0,0,2
3,68,3.0,1,0.0,0,3
100,68,79.0,57,0.0,21,79
200,68,162.0,116,0.0,38,162
2000,68,1595.0,1021,0.0,405,1595
10000,68,7976.0,5885,0.0,2024,7976
20000,68,16012.0,12690,0.0,3988,16012
40000,68,31984.0,24976,0.0,8016,31984
60000,68,47973.0,33679,0.0,12027,47973
80000,68,63995.0,39746,0.0,16005,63995
10000,68,7976.0,5885,0.0,2024,7976
2,69,2.0,1,0.0,0,2
3,69,3.0,1,0.0,0,3
100,69,84.0,60,0.0,16,84
200,69,151.0,112,0.0,49,151
2000,69,1604.0,1040,0.0,396,1604
10000,69,8033.0,5492,0.0,1967,8033
20000,69,15956.0,10386,0.0,4044,15956
40000,69,31873.0,18526,0.0,8127,31873
60000,69,47824.0,29766,0.0,12176,47824
80000,69,63821.0,38048,0.0,16179,63821
10000,69,8033.0,5492,0.0,1967,8033
2,70,2.0,1,0.0,0,2
3,70,3.0,1,0.0,0,3
100,70,85.0,48,0.0,15,85
200,70,170.0,92,0.0,30,170
2000,70,1599.0,807,0.0,401,1599
10000,70,8006.0,5180,0.0,1994,8006
20000,70,16023.0,10725,0.0,3977,16023
40000,70,31979.0,19320,0.0,8021,31979
60000,70,48031.0,24990,0.0,11969,48031
80000,70,64046.0,33771,0.0,15954,64046
10000,70,8006.0,5180,0.0,1994,8006
2,71,2.0,1,0.0,0,2
3,71,2.0,1,0.0,1,2
100,71,80.0,53,0.0,20,80
200,71,159.0,97,0.0,41,159
2000,71,1622.0,1045,0.0,378,1622
10000,71,8017.0,4697,0.0,1983,8017
20000,71,15990.0,8266,0.0,4010,15990
40000,71,32073.0,17397,0.0,7927,32073
60000,71,48129.0,25911,0.0,11871,48129
80000,71,64021.0,32672,0.0,15979,64021
10000,71,8017.0,4697,0.0,1983,8017
2,72,2.0,1,0.0,0,2
3,72,3.0,1,0.0,0,3
100,72,78.0,40,0.0,22,78
200,72,166.0,90,0.0,34,166
2000,72,1609.0,884,0.0,391,1609
10000,72,7966.0,4991,0.0,2034,7966
20000,72,15976.0,10591,0.0,4024,15976
40000,72,32049.0,17625,0.0,7951,32049
60000,72,47964.0,27358,0.0,12036,47964
80000,72,63995.0,35219,0.0,16005,63995
10000,72,7966.0,4991,0.0,2034,7966
2,73,2.0,1,0.0,0,2
3,73,3.0,1,0.0,0,3
100,73,88.0,47,0.0,12,88
200,73,173.0,99,0.0,27,173
2000,73,1632.0,808,0.0,368,1632
10000,73,8067.0,4681,0.0,1933,8067
20000,73,16102.0,8325,0.0,3898,16102
40000,73,32102.0,17754,0.0,7898,32102
60000,73,48028.0,24677,0.0,11972,48028
80000,73,64109.0,32799,0.0,15891,64109
10000,73,8067.0,4681,0.0,1933,8067
2,74,2.0,1,0.0,0,2
3,74,3.0,1,0.0,0,3
100,74,85.0,51,0.0,15,85
200,74,161.0,98,0.0,39,161
2000,74,1614.0,837,0.0,386,1614
10000,74,8026.0,4682,0.0,1974,8026
20000,74,16006.0,10431,0.0,3994,16006
40000,74,31961.0,20959,0.0,8039,31961
60000,74,47925.0,25712,0.0,12075,47925
80000,74,63873.0,34352,0.0,16127,63873
10000,74,8026.0,4682,0.0,1974,8026
2,75,2.0,1,0.0,0,2
3,75,2.0,1,0.0,1,2
100,75,79.0,50,0.0,21,79
200,75,169.0,104,0.0,31,169
2000,75,1590.0,1183,0.0,410,1590
10000,75,8045.0,5595,0.0,1955,8045
20000,75,16112.0,10420,0.0,3888,16112
40000,75,32071.0,20799,0.0,7929,32071
60000,75,48084.0,32556,0.0,11916,48084
80000,75,63979.0,41274,0.0,16021,63979
10000,75,8045.0,5595,0.0,1955,8045
2,76,2.0,1,0.0,0,2
3,76,3.0,1,0.0,0,3
100,76,74.0,44,0.0,26,74
200,76,159.0,89,0.0,41,159
2000,76,1603.0,986,0.0,397,1603
10000,76,7962.0,4426,0.0,2038,7962
20000,76,15907.0,8203,0.0,4093,15907
40000,76,31872.0,16690,0.0,8128,31872
60000,76,47842.0,23245,0.0,12158,47842
80000,76,63903.0,35129,0.0,16097,63903
10000,76,7962.0,4426,0.0,2038,7962
2,77,1.0,1,0.0,1,1
3,77,2.0,2,0.0,1,2
100,77,77.0,54,0.0,23,77
200,77,155.0,107,0.0,45,155
2000,77,1606.0,956,0.0,394,1606
10000,77,7977.0,4924,0.0,2023,7977
20000,77,15955.0,8721,0.0,4045,15955
40000,77,32069.0,16675,0.0,7931,32069
60000,77,48157.0,23900,0.0,11843,48157
80000,77,64077.0,31564,0.0,15923,64077
10000,77,7977.0,4924,0.0,2023,7977
2,78,2.0,1,0.0,0,2
3,78,3.0,1,0.0,0,3
100,78,82.0,46,0.0,18,82
200,78,164.0,94,0.0,36,164
2000,78,1584.0,1000,0.0,416,1584
10000,78,7994.0,4153,0.0,2006,7994
20000,78,15987.0,8164,0.0,4013,15987
40000,78,32003.0,17498,0.0,7997,32003
60000,78,47985.0,29286,0.0,12015,47985
80000,78,63909.0,38256,0.0,16091,63909
10000,78,7994.0,4153,0.0,2006,7994
2,79,2.0,1,0.0,0,2
3,79,3.0,1,0.0,0,3
100,79,76.0,50,0.0,24,76
200,79,156.0,100,0.0,44,156
2000,79,1613.0,989,0.0,387,1613
10000,79,7998.0,5065,0.0,2002,7998
20000,79,16069.0,8822,0.0,3931,16069
40000,79,32027.0,15029,0.0,7973,32027
60000,79,48004.0,21358,0.0,11996,48004
80000,79,63948.0,29567,0.0,16052,63948
10000,79,7998.0,5065,0.0,2002,7998
2,80,1.0,1,0.0,1,1
3,80,2.0,2,0.0,1,2
100,80,82.0,57,0.0,18,82
200,80,167.0,119,0.0,33,167
2000,80,1612.0,1121,0.0,388,1612
10000,80,8004.0,6152,0.0,1996,8004
20000,80,15985.0,10452,0.0,4015,15985
40000,80,31881.0,18731,0.0,8119,31881
60000,80,47850.0,27517,0.0,12150,47850
80000,80,63850.0,41292,0.0,16150,63850
10000,80,8004.0,6152,0.0,1996,8004
2,81,2.0,1,0.0,0,2
3,81,3.0,1,0.0,0,3
100,81,81.0,52,0.0,19,81
200,81,157.0,96,0.0,43,157
2000,81,1558.0,958,0.0,442,1558
10000,81,7942.0,5647,0.0,2058,7942
20000,81,15844.0,12448,0.0,4156,15844
40000,81,31929.0,26997,0.0,8071,31929
60000,81,47868.0,40355,0.0,12132,47868
80000,81,63966.0,45482,0.0,16034,63966
10000,81,7942.0,5647,0.0,2058,7942
2,82,1.0,1,0.0,1,1
3,82,2.0,2,0.0,1,2
100,82,70.0,53,0.0,30,70
200,82,143.0,101,0.0,57,143
2000,82,1567.0,1056,0.0,433,1567
10000,82,7934.0,4803,0.0,2066,7934
20000,82,15972.0,10011,0.0,4028,15972
40000,82,31950.0,20018,0.0,8050,31950
60000,82,47935.0,26886,0.0,12065,47935
80000,82,63921.0,36783,0.0,16079,63921
10000,82,7934.0,4803,0.0,2066,7934
2,83,2.0,1,0.0,0,2
3,83,3.0,1,0.0,0,3
100,83,76.0,53,0.0,24,76
200,83,156.0,100,0.0,44,156
2000,83,1598.0,934,0.0,402,1598
10000,83,8047.0,4416,0.0,1953,8047
20000,83,16001.0,9481,0.0,3999,16001
40000,83,31897.0,16197,0.0,8103,31897
60000,83,47900.0,29108,0.0,12100,47900
80000,83,63894.0,44085,0.0,16106,63894
10000,83,8047.0,4416,0.0,1953,8047
2,84,2.0,1,0.0,0,2
3,84,3.0,1,0.0,0,3
100,84,76.0,45,0.0,24,76
200,84,157.0,79,0.0,43,157
2000,84,1588.0,764,0.0,412,1588
10000,84,8040.0,4314,0.0,1960,8040
20000,84,16033.0,8249,0.0,3967,16033
40000,84,32055.0,20748,0.0,7945,32055
60000,84,48045.0,32976,0.0,11955,48045
80000,84,64070.0,43593,0.0,15930,64070
10000,84,8040.0,4314,0.0,1960,8040
2,85,2.0,1,0.0,0,2
3,85,3.0,1,0.0,0,3
100,85,80.0,54,0.0,20,80
200,85,157.0,82,0.0,43,157
2000,85,1597.0,973,0.0,403,1597
10000,85,8039.0,5088,0.0,1961,8039
20000,85,16074.0,9123,0.0,3926,16074
40000,85,32040.0,20402,0.0,7960,32040
60000,85,48078.0,26037,0.0,11922,48078
80000,85,64132.0,31519,0.0,15868,64132
10000,85,8039.0,5088,0.0,1961,8039
2,86,2.0,1,0.0,0,2
3,86,3.0,1,0.0,0,3
100,86,82.0,53,0.0,18,82
200,86,160.0,102,0.0,40,160
2000,86,1615.0,1040,0.0,385,1615
10000,86,8023.0,4360,0.0,1977,8023
20000,86,16015.0,9956,0.0,3985,16015
40000,86,31971.0,20873,0.0,8029,31971
60000,86,48010.0,28177,0.0,11990,48010
80000,86,63943.0,33812,0.0,16057,63943
10000,86,8023.0,4360,0.0,1977,8023
2,87,2.0,1,0.0,0,2
3,87,3.0,1,0.0,0,3
100,87,88.0,44,0.0,12,88
200,87,170.0,92,0.0,30,170
2000,87,1615.0,1108,0.0,385,1615
10000,87,8054.0,5420,0.0,1946,8054
20000,87,15993.0,10153,0.0,4007,15993
40000,87,31924.0,22147,0.0,8076,31924
60000,87,47836.0,36388,0.0,12164,47836
80000,87,63847.0,46151,0.0,16153,63847
10000,87,8054.0,5420,0.0,1946,8054
2,88,2.0,1,0.0,0,2
3,88,3.0,1,0.0,0,3
100,88,80.0,46,0.0,20,80
200,88,154.0,99,0.0,46,154
2000,88,1618.0,933,0.0,382,1618
10000,88,7972.0,5426,0.0,2028,7972
20000,88,15997.0,9785,0.0,4003,15997
40000,88,32082.0,17416,0.0,7918,32082
60000,88,48033.0,26815,0.0,11967,48033
80000,88,64064.0,38040,0.0,15936,64064
10000,88,7972.0,5426,0.0,2028,7972
2,89,2.0,1,0.0,0,2
3,89,3.0,1,0.0,0,3
100,89,83.0,48,0.0,17,83
200,89,164.0,100,0.0,36,164
2000,89,1566.0,932,0.0,434,1566
10000,89,7986.0,5188,0.0,2014,7986
20000,89,15941.0,10806,0.0,4059,15941
40000,89,32051.0,20489,0.0,7949,32051
60000,89,47953.0,28810,0.0,12047,47953
80000,89,64070.0,40854,0.0,15930,64070
10000,89,7986.0,5188,0.0,2014,7986
2,90,1.0,1,0.0,1,1
3,90,2.0,2,0.0,1,2
100,90,83.0,56,0.0,17,83
200,90,165.0,95,0.0,35,165
2000,90,1568.0,1026,0.0,432,1568
10000,90,7948.0,3951,0.0,2052,7948
20000,90,15902.0,7344,0.0,4098,15902
40000,90,31953.0,16617,0.0,8047,31953
60000,90,47883.0,28783,0.0,12117,47883
80000,90,63905.0,39689,0.0,16095,63905
10000,90,7948.0,3951,0.0,2052,7948
2,91,2.0,1,0.0,0,2
3,91,3.0,1,0.0,0,3
100,91,84.0,54,0.0,16,84
200,91,162.0,100,0.0,38,162
2000,91,1594.0,926,0.0,406,1594
10000,91,7989.0,6078,0.0,2011,7989
20000,91,16021.0,12433,0.0,3979,16021
40000,91,31908.0,24227,0.0,8092,31908
60000,91,47955.0,33443,0.0,12045,47955
80000,91,63995.0,45090,0.0,16005,63995
10000,91,7989.0,6078,0.0,2011,7989
2,92,2.0,1,0.0,0,2
3,92,2.0,1,0.0,1,2
100,92,76.0,45,0.0,24,76
200,92,149.0,92,0.0,51,149
2000,92,1549.0,1279,0.0,451,1549
10000,92,8015.0,4858,0.0,1985,8015
20000,92,16022.0,9899,0.0,3978,16022
40000,92,32106.0,17498,0.0,7894,32106
60000,92,48096.0,24547,0.0,11904,48096
80000,92,64079.0,36603,0.0,15921,64079
10000,92,8015.0,4858,0.0,1985,8015
2,93,1.0,1,0.0,1,1
3,93,2.0,1,0.0,1,2
100,93,82.0,58,0.0,18,82
200,93,165.0,115,0.0,35,165
2000,93,1593.0,1182,0.0,407,1593
10000,93,8048.0,5119,0.0,1952,8048
20000,93,16114.0,10652,0.0,3886,16114
40000,93,32146.0,22375,0.0,7854,32146
60000,93,48093.0,34556,0.0,11907,48093
80000,93,64049.0,48906,0.0,15951,64049
10000,93,8048.0,5119,0.0,1952,8048
2,94,2.0,1,0.0,0,2
3,94,3.0,1,0.0,0,3
100,94,84.0,52,0.0,16,84
200,94,163.0,106,0.0,37,163
2000,94,1619.0,1135,0.0,381,1619
10000,94,8016.0,5273,0.0,1984,8016
20000,94,16052.0,10861,0.0,3948,16052
40000,94,31993.0,18021,0.0,8007,31993
60000,94,47984.0,33778,0.0,12016,47984
80000,94,64035.0,45951,0.0,15965,64035
10000,94,8016.0,5273,0.0,1984,8016
2,95,2.0,1,0.0,0,2
3,95,3.0,1,0.0,0,3
100,95,84.0,50,0.0,16,84
200,95,163.0,94,0.0,37,163
2000,95,1616.0,1009,0.0,384,1616
10000,95,8012.0,4684,0.0,1988,8012
20000,95,16035.0,11124,0.0,3965,16035
40000,95,32017.0,19740,0.0,7983,32017
60000,95,48071.0,33027,0.0,11929,48071
80000,95,64047.0,44921,0.0,15953,64047
10000,95,8012.0,4684,0.0,1988,8012
2,96,2.0,1,0.0,0,2
3,96,3.0,1,0.0,0,3
100,96,86.0,47,0.0,14,86
200,96,160.0,102,0.0,40,160
2000,96,1632.0,1044,0.0,368,1632
10000,96,8053.0,6161,0.0,1947,8053
20000,96,16037.0,12103,0.0,3963,16037
40000,96,32073.0,19316,0.0,7927,32073
60000,96,47928.0,29446,0.0,12072,47928
80000,96,63931.0,38735,0.0,16069,63931
10000,96,8053.0,6161,0.0,1947,8053
2,97,1.0,1,0.0,1,1
3,97,1.0,2,0.0,2,1
100,97,77.0,48,0.0,23,77
200,97,152.0,87,0.0,48,152
2000,97,1580.0,831,0.0,420,1580
10000,97,7981.0,3907,0.0,2019,7981
20000,97,15974.0,9496,0.0,4026,15974
40000,97,31873.0,17435,0.0,8127,31873
60000,97,47864.0,26536,0.0,12136,47864
80000,97,63835.0,39997,0.0,16165,63835
10000,97,7981.0,3907,0.0,2019,7981
2,98,2.0,1,0.0,0,2
3,98,3.0,1,0.0,0,3
100,98,78.0,50,0.0,22,78
200,98,159.0,101,0.0,41,159
2000,98,1596.0,1056,0.0,404,1596
10000,98,7996.0,5127,0.0,2004,7996
20000,98,15940.0,10902,0.0,4060,15940
40000,98,31966.0,25708,0.0,8034,31966
60000,98,47989.0,34544,0.0,12011,47989
80000,98,64021.0,48116,0.0,15979,64021
10000,98,7996.0,5127,0.0,2004,7996
2,99,1.0,1,0.0,1,1
3,99,2.0,2,0.0,1,2
100,99,82.0,52,0.0,18,82
200,99,163.0,106,0.0,37,163
2000,99,1602.0,920,0.0,398,1602
10000,99,8025.0,5509,0.0,1975,8025
20000,99,16041.0,10364,0.0,3959,16041
40000,99,32036.0,16089,0.0,7964,32036
60000,99,48047.0,26900,0.0,11953,48047
80000,99,63953.0,33192,0.0,16047,63953
10000,99,8025.0,5509,0.0,1975,8025
2,100,2.0,1,0.0,0,2
3,100,3.0,1,0.0,0,3
100,100,71.0,54,0.0,29,71
200,100,148.0,109,0.0,52,148
2000,100,1576.0,1187,0.0,424,1576
10000,100,7981.0,5166,0.0,2019,7981
20000,100,15955.0,11996,0.0,4045,15955
40000,100,31840.0,22849,0.0,8160,31840
60000,100,47853.0,35897,0.0,12147,47853
80000,100,63858.0,46527,0.0,16142,63858
10000,100,7981.0,5166,0.0,2019,7981
