Timestep,Iteration,Total Reward,Suboptimal Arms,Total Regret,Zeros Count,Ones Count
2,1,2.0,1,0.09,0,2
3,1,3.0,2,0.09,0,3
100,1,89.0,52,0.9,11,89
200,1,181.0,53,0.9,19,181
2000,1,1779.0,53,0.9,221,1779
10000,1,8906.0,59,0.9,1094,8906
20000,1,17775.0,59,0.9,2225,17775
40000,1,35515.0,59,0.9,4485,35515
60000,1,53349.0,59,0.9,6651,53349
80000,1,71218.0,59,0.9,8782,71218
100000,1,89048.0,59,0.9,10952,89048
200000,1,178141.0,59,0.9,21859,178141
400000,1,356115.0,59,0.9,43885,356115
600000,1,534099.0,59,0.9,65901,534099
800000,1,712191.0,59,0.9,87809,712191
1000000,1,890536.0,59,0.9,109464,890536
2,2,1.0,1,0.09,1,1
3,2,2.0,2,0.09,1,2
100,2,91.0,90,0.9,9,91
200,2,181.0,190,0.9,19,181
2000,2,1768.0,1990,0.9,232,1768
10000,2,8880.0,9990,0.9,1120,8880
20000,2,17792.0,19990,0.9,2208,17792
40000,2,35635.0,39990,0.9,4365,35635
60000,2,53499.0,59990,0.9,6501,53499
80000,2,71332.0,79990,0.9,8668,71332
100000,2,89124.0,99990,0.9,10876,89124
200000,2,178074.0,199990,0.9,21926,178074
400000,2,355963.0,399990,0.9,44037,355963
600000,2,533818.0,599990,0.9,66182,533818
800000,2,711946.0,799990,0.9,88054,711946
1000000,2,890034.0,999990,0.9,109966,890034
2,3,1.0,1,0.09,1,1
3,3,2.0,2,0.09,1,2
100,3,86.0,85,0.9,14,86
200,3,177.0,185,0.9,23,177
2000,3,1809.0,1985,0.9,191,1809
10000,3,8893.0,9985,0.9,1107,8893
20000,3,17835.0,19985,0.9,2165,17835
40000,3,35675.0,39985,0.9,4325,35675
60000,3,53444.0,59985,0.9,6556,53444
80000,3,71320.0,79985,0.9,8680,71320
100000,3,89064.0,99985,0.9,10936,89064
200000,3,177993.0,199985,0.9,22007,177993
400000,3,356407.0,399985,0.9,43593,356407
600000,3,534424.0,599985,0.9,65576,534424
800000,3,712339.0,799985,0.9,87661,712339
1000000,3,890409.0,999985,0.9,109591,890409
2,4,1.0,1,0.09,1,1
3,4,2.0,2,0.09,1,2
100,4,79.0,36,0.9,21,79
200,4,169.0,36,0.9,31,169
2000,4,1756.0,36,0.9,244,1756
10000,4,8924.0,36,0.9,1076,8924
20000,4,17889.0,36,0.9,2111,17889
40000,4,35707.0,36,0.9,4293,35707
60000,4,53504.0,36,0.9,6496,53504
80000,4,71377.0,36,0.9,8623,71377
100000,4,89189.0,36,0.9,10811,89189
200000,4,178112.0,36,0.9,21888,178112
400000,4,356108.0,36,0.9,43892,356108
600000,4,534110.0,36,0.9,65890,534110
800000,4,712060.0,36,0.9,87940,712060
1000000,4,890139.0,36,0.9,109861,890139
2,5,2.0,1,0.09,0,2
3,5,3.0,2,0.09,0,3
100,5,89.0,90,0.9,11,89
200,5,179.0,190,0.9,21,179
2000,5,1789.0,225,0.9,211,1789
10000,5,8911.0,225,0.9,1089,8911
20000,5,17862.0,225,0.9,2138,17862
40000,5,35763.0,225,0.9,4237,35763
60000,5,53578.0,225,0.9,6422,53578
80000,5,71436.0,225,0.9,8564,71436
100000,5,89191.0,225,0.9,10809,89191
200000,5,178261.0,225,0.9,21739,178261
400000,5,356240.0,225,0.9,43760,356240
600000,5,534187.0,225,0.9,65813,534187
800000,5,712129.0,225,0.9,87871,712129
1000000,5,890019.0,225,0.9,109981,890019
2,6,2.0,1,0.09,0,2
3,6,3.0,2,0.09,0,3
100,6,84.0,20,0.9,16,84
200,6,176.0,20,0.9,24,176
2000,6,1784.0,20,0.9,216,1784
10000,6,8893.0,20,0.9,1107,8893
20000,6,17826.0,20,0.9,2174,17826
40000,6,35606.0,20,0.9,4394,35606
60000,6,53395.0,20,0.9,6605,53395
80000,6,71163.0,20,0.9,8837,71163
100000,6,89005.0,20,0.9,10995,89005
200000,6,178040.0,20,0.9,21960,178040
400000,6,355993.0,20,0.9,44007,355993
600000,6,533902.0,20,0.9,66098,533902
800000,6,712059.0,20,0.9,87941,712059
1000000,6,890208.0,20,0.9,109792,890208
2,7,2.0,1,0.09,0,2
3,7,3.0,2,0.09,0,3
100,7,91.0,22,0.9,9,91
200,7,180.0,23,0.9,20,180
2000,7,1771.0,23,0.9,229,1771
10000,7,8889.0,23,0.9,1111,8889
20000,7,17739.0,23,0.9,2261,17739
40000,7,35521.0,23,0.9,4479,35521
60000,7,53371.0,23,0.9,6629,53371
80000,7,71210.0,23,0.9,8790,71210
100000,7,89049.0,23,0.9,10951,89049
200000,7,177973.0,23,0.9,22027,177973
400000,7,355866.0,23,0.9,44134,355866
600000,7,533967.0,23,0.9,66033,533967
800000,7,712009.0,23,0.9,87991,712009
1000000,7,890095.0,23,0.9,109905,890095
2,8,1.0,1,0.09,1,1
3,8,2.0,2,0.09,1,2
100,8,90.0,90,0.9,10,90
200,8,182.0,190,0.9,18,182
2000,8,1791.0,1990,0.9,209,1791
10000,8,8909.0,9990,0.9,1091,8909
20000,8,17804.0,19990,0.9,2196,17804
40000,8,35659.0,39990,0.9,4341,35659
60000,8,53460.0,59990,0.9,6540,53460
80000,8,71335.0,79990,0.9,8665,71335
100000,8,89129.0,99990,0.9,10871,89129
200000,8,178247.0,199990,0.9,21753,178247
400000,8,356116.0,399990,0.9,43884,356116
600000,8,534310.0,599990,0.9,65690,534310
800000,8,712359.0,799990,0.9,87641,712359
1000000,8,890424.0,999990,0.9,109576,890424
2,9,1.0,1,0.09,1,1
3,9,2.0,2,0.09,1,2
100,9,89.0,20,0.9,11,89
200,9,181.0,20,0.9,19,181
2000,9,1796.0,20,0.9,204,1796
10000,9,8902.0,20,0.9,1098,8902
20000,9,17774.0,20,0.9,2226,17774
40000,9,35581.0,20,0.9,4419,35581
60000,9,53301.0,20,0.9,6699,53301
80000,9,71032.0,20,0.9,8968,71032
100000,9,88886.0,20,0.9,11114,88886
200000,9,177791.0,20,0.9,22209,177791
400000,9,355957.0,20,0.9,44043,355957
600000,9,534103.0,20,0.9,65897,534103
800000,9,711996.0,20,0.9,88004,711996
1000000,9,889801.0,20,0.9,110199,889801
2,10,2.0,1,0.09,0,2
3,10,3.0,2,0.09,0,3
100,10,87.0,90,0.9,13,87
200,10,174.0,190,0.9,26,174
2000,10,1745.0,1990,0.9,255,1745
10000,10,8874.0,9990,0.9,1126,8874
20000,10,17781.0,19990,0.9,2219,17781
40000,10,35574.0,39990,0.9,4426,35574
60000,10,53321.0,59990,0.9,6679,53321
80000,10,71125.0,79990,0.9,8875,71125
100000,10,88913.0,99990,0.9,11087,88913
200000,10,178048.0,199990,0.9,21952,178048
400000,10,356079.0,399990,0.9,43921,356079
600000,10,534199.0,599990,0.9,65801,534199
800000,10,712171.0,799990,0.9,87829,712171
1000000,10,890223.0,999990,0.9,109777,890223
2,11,2.0,1,0.09,0,2
3,11,3.0,2,0.09,0,3
100,11,91.0,90,0.9,9,91
200,11,183.0,190,0.9,17,183
2000,11,1792.0,1982,0.9,208,1792
10000,11,8876.0,9664,0.9,1124,8876
20000,11,17698.0,19581,0.9,2302,17698
40000,11,35461.0,39581,0.9,4539,35461
60000,11,53261.0,59581,0.9,6739,53261
80000,11,71060.0,79581,0.9,8940,71060
100000,11,88879.0,99581,0.9,11121,88879
200000,11,177898.0,199581,0.9,22102,177898
400000,11,356087.0,399581,0.9,43913,356087
600000,11,534315.0,599581,0.9,65685,534315
800000,11,712127.0,799581,0.9,87873,712127
1000000,11,890135.0,999581,0.9,109865,890135
2,12,2.0,1,0.09,0,2
3,12,3.0,2,0.09,0,3
100,12,90.0,32,1.89,10,90
200,12,177.0,32,1.89,23,177
2000,12,1794.0,32,1.89,206,1794
10000,12,8919.0,32,1.89,1081,8919
20000,12,17831.0,32,1.89,2169,17831
40000,12,35631.0,32,1.89,4369,35631
60000,12,53455.0,32,1.89,6545,53455
80000,12,71231.0,32,1.89,8769,71231
100000,12,89104.0,32,1.89,10896,89104
200000,12,178324.0,32,1.89,21676,178324
400000,12,356103.0,32,1.89,43897,356103
600000,12,534198.0,32,1.89,65802,534198
800000,12,712202.0,32,1.89,87798,712202
1000000,12,890212.0,32,1.89,109788,890212
2,13,2.0,1,0.09,0,2
3,13,3.0,2,0.09,0,3
100,13,86.0,26,0.9,14,86
200,13,180.0,26,0.9,20,180
2000,13,1794.0,26,0.9,206,1794
10000,13,8918.0,26,0.9,1082,8918
20000,13,17826.0,26,0.9,2174,17826
40000,13,35601.0,26,0.9,4399,35601
60000,13,53445.0,26,0.9,6555,53445
80000,13,71203.0,26,0.9,8797,71203
100000,13,89011.0,26,0.9,10989,89011
200000,13,177908.0,26,0.9,22092,177908
400000,13,356191.0,26,0.9,43809,356191
600000,13,534215.0,26,0.9,65785,534215
800000,13,712194.0,26,0.9,87806,712194
1000000,13,890338.0,26,0.9,109662,890338
2,14,2.0,1,0.09,0,2
3,14,3.0,2,0.09,0,3
100,14,90.0,20,0.9,10,90
200,14,184.0,20,0.9,16,184
2000,14,1782.0,39,0.9,218,1782
10000,14,8940.0,39,0.9,1060,8940
20000,14,17852.0,39,0.9,2148,17852
40000,14,35580.0,39,0.9,4420,35580
60000,14,53403.0,39,0.9,6597,53403
80000,14,71162.0,39,0.9,8838,71162
100000,14,88965.0,39,0.9,11035,88965
200000,14,177902.0,39,0.9,22098,177902
400000,14,355783.0,39,0.9,44217,355783
600000,14,534243.0,39,0.9,65757,534243
800000,14,712369.0,39,0.9,87631,712369
1000000,14,890169.0,39,0.9,109831,890169
2,15,2.0,1,0.09,0,2
3,15,3.0,2,0.09,0,3
100,15,86.0,22,1.08,14,86
200,15,168.0,22,1.08,32,168
2000,15,1781.0,22,1.08,219,1781
10000,15,8949.0,22,1.08,1051,8949
20000,15,17843.0,22,1.08,2157,17843
40000,15,35588.0,22,1.08,4412,35588
60000,15,53315.0,22,1.08,6685,53315
80000,15,71086.0,22,1.08,8914,71086
100000,15,88884.0,22,1.08,11116,88884
200000,15,177917.0,22,1.08,22083,177917
400000,15,355989.0,22,1.08,44011,355989
600000,15,533913.0,22,1.08,66087,533913
800000,15,711934.0,22,1.08,88066,711934
1000000,15,889807.0,22,1.08,110193,889807
2,16,2.0,1,0.09,0,2
3,16,3.0,2,0.09,0,3
100,16,83.0,68,0.9,17,83
200,16,172.0,68,0.9,28,172
2000,16,1761.0,68,0.9,239,1761
10000,16,8880.0,68,0.9,1120,8880
20000,16,17733.0,68,0.9,2267,17733
40000,16,35486.0,68,0.9,4514,35486
60000,16,53304.0,68,0.9,6696,53304
80000,16,71100.0,68,0.9,8900,71100
100000,16,89009.0,68,0.9,10991,89009
200000,16,178019.0,68,0.9,21981,178019
400000,16,356013.0,68,0.9,43987,356013
600000,16,534015.0,68,0.9,65985,534015
800000,16,712403.0,68,0.9,87597,712403
1000000,16,890545.0,68,0.9,109455,890545
2,17,2.0,1,0.09,0,2
3,17,3.0,2,0.09,0,3
100,17,90.0,90,0.9,10,90
200,17,183.0,190,0.9,17,183
2000,17,1774.0,1984,0.9,226,1774
10000,17,8875.0,9984,0.9,1125,8875
20000,17,17746.0,19984,0.9,2254,17746
40000,17,35503.0,39984,0.9,4497,35503
60000,17,53351.0,59984,0.9,6649,53351
80000,17,71175.0,79984,0.9,8825,71175
100000,17,88986.0,99984,0.9,11014,88986
200000,17,178008.0,199984,0.9,21992,178008
400000,17,356057.0,399984,0.9,43943,356057
600000,17,534275.0,599984,0.9,65725,534275
800000,17,712508.0,799984,0.9,87492,712508
1000000,17,890556.0,999984,0.9,109444,890556
2,18,1.0,1,0.09,1,1
3,18,2.0,2,0.09,1,2
100,18,90.0,90,0.9,10,90
200,18,179.0,190,0.9,21,179
2000,18,1799.0,1990,0.9,201,1799
10000,18,8936.0,9990,0.9,1064,8936
20000,18,17900.0,19990,0.9,2100,17900
40000,18,35679.0,39990,0.9,4321,35679
60000,18,53501.0,59990,0.9,6499,53501
80000,18,71233.0,79990,0.9,8767,71233
100000,18,89097.0,99990,0.9,10903,89097
200000,18,178095.0,199990,0.9,21905,178095
400000,18,356251.0,399990,0.9,43749,356251
600000,18,534197.0,599990,0.9,65803,534197
800000,18,712467.0,799990,0.9,87533,712467
1000000,18,890485.0,999990,0.9,109515,890485
2,19,1.0,1,0.09,1,1
3,19,2.0,2,0.09,1,2
100,19,84.0,32,0.9,16,84
200,19,173.0,44,0.9,27,173
2000,19,1780.0,44,0.9,220,1780
10000,19,8913.0,44,0.9,1087,8913
20000,19,17818.0,44,0.9,2182,17818
40000,19,35622.0,44,0.9,4378,35622
60000,19,53461.0,44,0.9,6539,53461
80000,19,71326.0,44,0.9,8674,71326
100000,19,89074.0,44,0.9,10926,89074
200000,19,178170.0,44,0.9,21830,178170
400000,19,356370.0,44,0.9,43630,356370
600000,19,534325.0,44,0.9,65675,534325
800000,19,712309.0,44,0.9,87691,712309
1000000,19,890385.0,44,0.9,109615,890385
2,20,1.0,1,0.09,1,1
3,20,1.0,2,0.09,2,1
100,20,87.0,25,1.35,13,87
200,20,175.0,25,1.35,25,175
2000,20,1784.0,30,1.8,216,1784
10000,20,8859.0,30,1.8,1141,8859
20000,20,17749.0,30,1.8,2251,17749
40000,20,35518.0,30,1.8,4482,35518
60000,20,53347.0,30,1.8,6653,53347
80000,20,71197.0,30,1.8,8803,71197
100000,20,88987.0,30,1.8,11013,88987
200000,20,178072.0,30,1.8,21928,178072
400000,20,355945.0,30,1.8,44055,355945
600000,20,534250.0,30,1.8,65750,534250
800000,20,712201.0,30,1.8,87799,712201
1000000,20,890283.0,30,1.8,109717,890283
2,21,2.0,1,0.09,0,2
3,21,3.0,2,0.09,0,3
100,21,87.0,20,0.9,13,87
200,21,180.0,20,0.9,20,180
2000,21,1777.0,20,0.9,223,1777
10000,21,8846.0,20,0.9,1154,8846
20000,21,17758.0,20,0.9,2242,17758
40000,21,35575.0,20,0.9,4425,35575
60000,21,53368.0,20,0.9,6632,53368
80000,21,71230.0,20,0.9,8770,71230
100000,21,88955.0,20,0.9,11045,88955
200000,21,177977.0,20,0.9,22023,177977
400000,21,355995.0,20,0.9,44005,355995
600000,21,533855.0,20,0.9,66145,533855
800000,21,711729.0,20,0.9,88271,711729
1000000,21,889743.0,20,0.9,110257,889743
2,22,2.0,1,0.09,0,2
3,22,3.0,2,0.09,0,3
100,22,92.0,20,0.9,8,92
200,22,184.0,20,0.9,16,184
2000,22,1762.0,23,1.17,238,1762
10000,22,8901.0,23,1.17,1099,8901
20000,22,17836.0,23,1.17,2164,17836
40000,22,35579.0,23,1.17,4421,35579
60000,22,53391.0,23,1.17,6609,53391
80000,22,71160.0,23,1.17,8840,71160
100000,22,89024.0,23,1.17,10976,89024
200000,22,177987.0,23,1.17,22013,177987
400000,22,356078.0,23,1.17,43922,356078
600000,22,534145.0,23,1.17,65855,534145
800000,22,711891.0,23,1.17,88109,711891
1000000,22,889982.0,23,1.17,110018,889982
2,23,1.0,1,0.09,1,1
3,23,2.0,2,0.09,1,2
100,23,90.0,20,0.9,10,90
200,23,183.0,20,0.9,17,183
2000,23,1793.0,20,0.9,207,1793
10000,23,8941.0,20,0.9,1059,8941
20000,23,17830.0,20,0.9,2170,17830
40000,23,35672.0,20,0.9,4328,35672
60000,23,53479.0,20,0.9,6521,53479
80000,23,71266.0,20,0.9,8734,71266
100000,23,89067.0,20,0.9,10933,89067
200000,23,178193.0,20,0.9,21807,178193
400000,23,356209.0,20,0.9,43791,356209
600000,23,534277.0,20,0.9,65723,534277
800000,23,712480.0,20,0.9,87520,712480
1000000,23,890499.0,20,0.9,109501,890499
2,24,2.0,1,0.09,0,2
3,24,3.0,2,0.09,0,3
100,24,88.0,90,0.9,12,88
200,24,174.0,190,0.9,26,174
2000,24,1793.0,1990,0.9,207,1793
10000,24,8923.0,9990,0.9,1077,8923
20000,24,17787.0,19990,0.9,2213,17787
40000,24,35533.0,39990,0.9,4467,35533
60000,24,53318.0,59990,0.9,6682,53318
80000,24,71083.0,79990,0.9,8917,71083
100000,24,88905.0,99990,0.9,11095,88905
200000,24,177870.0,199990,0.9,22130,177870
400000,24,355918.0,399990,0.9,44082,355918
600000,24,533905.0,599990,0.9,66095,533905
800000,24,711512.0,799990,0.9,88488,711512
1000000,24,889605.0,999990,0.9,110395,889605
2,25,2.0,1,0.09,0,2
3,25,3.0,2,0.09,0,3
100,25,93.0,90,0.9,7,93
200,25,177.0,137,1.17,23,177
2000,25,1759.0,1930,1.17,241,1759
10000,25,8880.0,9930,1.17,1120,8880
20000,25,17725.0,19930,1.17,2275,17725
40000,25,35508.0,39930,1.17,4492,35508
60000,25,53366.0,59930,1.17,6634,53366
80000,25,71119.0,79930,1.17,8881,71119
100000,25,88921.0,99930,1.17,11079,88921
200000,25,177809.0,199930,1.17,22191,177809
400000,25,355706.0,399930,1.17,44294,355706
600000,25,533664.0,599930,1.17,66336,533664
800000,25,711638.0,799930,1.17,88362,711638
1000000,25,889594.0,999930,1.17,110406,889594
2,26,1.0,1,0.09,1,1
3,26,2.0,2,0.09,1,2
100,26,85.0,21,0.9,15,85
200,26,169.0,21,0.9,31,169
2000,26,1767.0,21,0.9,233,1767
10000,26,8877.0,21,0.9,1123,8877
20000,26,17769.0,21,0.9,2231,17769
40000,26,35624.0,21,0.9,4376,35624
60000,26,53450.0,21,0.9,6550,53450
80000,26,71317.0,21,0.9,8683,71317
100000,26,89127.0,21,0.9,10873,89127
200000,26,178351.0,21,0.9,21649,178351
400000,26,356297.0,21,0.9,43703,356297
600000,26,534270.0,21,0.9,65730,534270
800000,26,712430.0,21,0.9,87570,712430
1000000,26,890393.0,21,0.9,109607,890393
2,27,2.0,1,0.09,0,2
3,27,3.0,2,0.09,0,3
100,27,91.0,27,1.08,9,91
200,27,185.0,27,1.08,15,185
2000,27,1779.0,27,1.08,221,1779
10000,27,8908.0,27,1.08,1092,8908
20000,27,17792.0,27,1.08,2208,17792
40000,27,35614.0,27,1.08,4386,35614
60000,27,53400.0,27,1.08,6600,53400
80000,27,71208.0,27,1.08,8792,71208
100000,27,88990.0,27,1.08,11010,88990
200000,27,177987.0,27,1.08,22013,177987
400000,27,355773.0,27,1.08,44227,355773
600000,27,533967.0,27,1.08,66033,533967
800000,27,711922.0,27,1.08,88078,711922
1000000,27,889823.0,27,1.08,110177,889823
2,28,2.0,1,0.09,0,2
3,28,3.0,2,0.09,0,3
100,28,79.0,90,2.52,21,79
200,28,168.0,190,2.52,32,168
2000,28,1786.0,1990,2.52,214,1786
10000,28,8908.0,9990,2.52,1092,8908
20000,28,17684.0,19990,2.52,2316,17684
40000,28,35466.0,39990,2.52,4534,35466
60000,28,53246.0,59990,2.52,6754,53246
80000,28,71049.0,79990,2.52,8951,71049
100000,28,88803.0,99990,2.52,11197,88803
200000,28,177785.0,199990,2.52,22215,177785
400000,28,355817.0,399990,2.52,44183,355817
600000,28,533561.0,599990,2.52,66439,533561
800000,28,711300.0,799990,2.52,88700,711300
1000000,28,889021.0,999990,2.52,110979,889021
2,29,2.0,1,0.09,0,2
3,29,3.0,2,0.09,0,3
100,29,86.0,86,0.9,14,86
200,29,173.0,186,0.9,27,173
2000,29,1761.0,1986,0.9,239,1761
10000,29,8870.0,9986,0.9,1130,8870
20000,29,17813.0,19986,0.9,2187,17813
40000,29,35586.0,39986,0.9,4414,35586
60000,29,53412.0,59986,0.9,6588,53412
80000,29,71203.0,79986,0.9,8797,71203
100000,29,88966.0,99986,0.9,11034,88966
200000,29,177940.0,199986,0.9,22060,177940
400000,29,355847.0,399986,0.9,44153,355847
600000,29,533793.0,599986,0.9,66207,533793
800000,29,711951.0,799986,0.9,88049,711951
1000000,29,889808.0,999986,0.9,110192,889808
2,30,2.0,1,0.09,0,2
3,30,3.0,2,0.09,0,3
100,30,88.0,39,0.9,12,88
200,30,179.0,133,0.9,21,179
2000,30,1783.0,1933,0.9,217,1783
10000,30,8912.0,9933,0.9,1088,8912
20000,30,17725.0,19933,0.9,2275,17725
40000,30,35524.0,39933,0.9,4476,35524
60000,30,53278.0,59933,0.9,6722,53278
80000,30,71137.0,79933,0.9,8863,71137
100000,30,88906.0,99933,0.9,11094,88906
200000,30,177768.0,199933,0.9,22232,177768
400000,30,356101.0,399933,0.9,43899,356101
600000,30,534266.0,599933,0.9,65734,534266
800000,30,712194.0,799933,0.9,87806,712194
1000000,30,890191.0,999933,0.9,109809,890191
2,31,2.0,1,0.09,0,2
3,31,2.0,2,0.09,1,2
100,31,81.0,90,7.2,19,81
200,31,156.0,190,16.2,44,156
2000,31,1610.0,1990,178.2,390,1610
10000,31,7994.0,9990,898.2,2006,7994
20000,31,16039.0,19990,1798.2,3961,16039
40000,31,32097.0,39990,3598.2,7903,32097
60000,31,48101.0,59990,5398.2,11899,48101
80000,31,64095.0,79990,7198.2,15905,64095
100000,31,80094.0,99990,8998.2,19906,80094
200000,31,159966.0,199990,17998.2,40034,159966
400000,31,319935.0,399990,35998.2,80065,319935
600000,31,480047.0,599990,53998.2,119953,480047
800000,31,640279.0,799990,71998.2,159721,640279
1000000,31,800490.0,999990,89998.2,199510,800490
2,32,2.0,1,0.09,0,2
3,32,3.0,2,0.09,0,3
100,32,88.0,85,0.9,12,88
200,32,177.0,185,0.9,23,177
2000,32,1773.0,1985,0.9,227,1773
10000,32,8889.0,9985,0.9,1111,8889
20000,32,17774.0,19985,0.9,2226,17774
40000,32,35572.0,39985,0.9,4428,35572
60000,32,53411.0,59985,0.9,6589,53411
80000,32,71261.0,79985,0.9,8739,71261
100000,32,89048.0,99985,0.9,10952,89048
200000,32,178038.0,199985,0.9,21962,178038
400000,32,356083.0,399985,0.9,43917,356083
600000,32,534114.0,599985,0.9,65886,534114
800000,32,712155.0,799985,0.9,87845,712155
1000000,32,890213.0,999985,0.9,109787,890213
2,33,1.0,1,0.09,1,1
3,33,2.0,2,0.09,1,2
100,33,92.0,20,0.9,8,92
200,33,182.0,20,0.9,18,182
2000,33,1761.0,23,0.9,239,1761
10000,33,8879.0,23,0.9,1121,8879
20000,33,17806.0,23,0.9,2194,17806
40000,33,35512.0,23,0.9,4488,35512
60000,33,53319.0,23,0.9,6681,53319
80000,33,71171.0,23,0.9,8829,71171
100000,33,89003.0,23,0.9,10997,89003
200000,33,177938.0,23,0.9,22062,177938
400000,33,355968.0,23,0.9,44032,355968
600000,33,534078.0,23,0.9,65922,534078
800000,33,712160.0,23,0.9,87840,712160
1000000,33,889813.0,23,0.9,110187,889813
2,34,2.0,1,0.09,0,2
3,34,2.0,2,0.09,1,2
100,34,83.0,20,0.9,17,83
200,34,164.0,20,0.9,36,164
2000,34,1775.0,20,0.9,225,1775
10000,34,8922.0,20,0.9,1078,8922
20000,34,17879.0,20,0.9,2121,17879
40000,34,35682.0,20,0.9,4318,35682
60000,34,53494.0,20,0.9,6506,53494
80000,34,71308.0,20,0.9,8692,71308
100000,34,89101.0,20,0.9,10899,89101
200000,34,178268.0,20,0.9,21732,178268
400000,34,356259.0,20,0.9,43741,356259
600000,34,534192.0,20,0.9,65808,534192
800000,34,712304.0,20,0.9,87696,712304
1000000,34,890230.0,20,0.9,109770,890230
2,35,1.0,1,0.09,1,1
3,35,2.0,2,0.09,1,2
100,35,86.0,90,1.08,14,86
200,35,178.0,190,1.08,22,178
2000,35,1775.0,1990,1.08,225,1775
10000,35,8885.0,9990,1.08,1115,8885
20000,35,17743.0,19990,1.08,2257,17743
40000,35,35490.0,39990,1.08,4510,35490
60000,35,53361.0,59990,1.08,6639,53361
80000,35,71138.0,79990,1.08,8862,71138
100000,35,88893.0,99990,1.08,11107,88893
200000,35,177842.0,199990,1.08,22158,177842
400000,35,355680.0,399990,1.08,44320,355680
600000,35,533678.0,599990,1.08,66322,533678
800000,35,711683.0,799990,1.08,88317,711683
1000000,35,889584.0,999990,1.08,110416,889584
2,36,2.0,1,0.09,0,2
3,36,3.0,2,0.09,0,3
100,36,81.0,90,4.14,19,81
200,36,172.0,190,4.14,28,172
2000,36,1769.0,1990,4.14,231,1769
10000,36,8940.0,9990,4.14,1060,8940
20000,36,17867.0,19990,4.14,2133,17867
40000,36,35685.0,39990,4.14,4315,35685
60000,36,53447.0,59990,4.14,6553,53447
80000,36,71195.0,79990,4.14,8805,71195
100000,36,88940.0,99990,4.14,11060,88940
200000,36,177765.0,199990,4.14,22235,177765
400000,36,355848.0,399990,4.14,44152,355848
600000,36,533731.0,599990,4.14,66269,533731
800000,36,711628.0,799990,4.14,88372,711628
1000000,36,889752.0,999990,4.14,110248,889752
2,37,2.0,1,0.09,0,2
3,37,3.0,2,0.09,0,3
100,37,86.0,77,4.41,14,86
200,37,177.0,177,4.41,23,177
2000,37,1788.0,1977,4.41,212,1788
10000,37,8936.0,9977,4.41,1064,8936
20000,37,17805.0,19977,4.41,2195,17805
40000,37,35613.0,39977,4.41,4387,35613
60000,37,53428.0,59977,4.41,6572,53428
80000,37,71229.0,79977,4.41,8771,71229
100000,37,89006.0,99977,4.41,10994,89006
200000,37,178205.0,199977,4.41,21795,178205
400000,37,356244.0,399977,4.41,43756,356244
600000,37,534523.0,599977,4.41,65477,534523
800000,37,712589.0,799977,4.41,87411,712589
1000000,37,890704.0,999977,4.41,109296,890704
2,38,1.0,1,0.09,1,1
3,38,2.0,2,0.09,1,2
100,38,82.0,83,0.9,18,82
200,38,171.0,183,0.9,29,171
2000,38,1762.0,1983,0.9,238,1762
10000,38,8878.0,9983,0.9,1122,8878
20000,38,17786.0,19983,0.9,2214,17786
40000,38,35618.0,39983,0.9,4382,35618
60000,38,53319.0,59983,0.9,6681,53319
80000,38,71185.0,79983,0.9,8815,71185
100000,38,88978.0,99983,0.9,11022,88978
200000,38,177956.0,199983,0.9,22044,177956
400000,38,356105.0,399983,0.9,43895,356105
600000,38,534041.0,599983,0.9,65959,534041
800000,38,712182.0,799983,0.9,87818,712182
1000000,38,890223.0,999983,0.9,109777,890223
2,39,2.0,1,0.09,0,2
3,39,3.0,2,0.09,0,3
100,39,83.0,48,3.42,17,83
200,39,168.0,48,3.42,32,168
2000,39,1762.0,48,3.42,238,1762
10000,39,8863.0,48,3.42,1137,8863
20000,39,17766.0,48,3.42,2234,17766
40000,39,35554.0,48,3.42,4446,35554
60000,39,53458.0,48,3.42,6542,53458
80000,39,71286.0,48,3.42,8714,71286
100000,39,89018.0,48,3.42,10982,89018
200000,39,178038.0,48,3.42,21962,178038
400000,39,355778.0,48,3.42,44222,355778
600000,39,533847.0,48,3.42,66153,533847
800000,39,711970.0,48,3.42,88030,711970
1000000,39,890105.0,48,3.42,109895,890105
2,40,1.0,1,0.09,1,1
3,40,2.0,2,0.09,1,2
100,40,88.0,25,0.9,12,88
200,40,179.0,25,0.9,21,179
2000,40,1767.0,25,0.9,233,1767
10000,40,8849.0,25,0.9,1151,8849
20000,40,17763.0,25,0.9,2237,17763
40000,40,35553.0,25,0.9,4447,35553
60000,40,53410.0,25,0.9,6590,53410
80000,40,71259.0,25,0.9,8741,71259
100000,40,89077.0,25,0.9,10923,89077
200000,40,178209.0,25,0.9,21791,178209
400000,40,356161.0,25,0.9,43839,356161
600000,40,534184.0,25,0.9,65816,534184
800000,40,712189.0,25,0.9,87811,712189
1000000,40,890239.0,25,0.9,109761,890239
2,41,2.0,1,0.09,0,2
3,41,3.0,2,0.09,0,3
100,41,87.0,40,0.9,13,87
200,41,172.0,90,0.9,28,172
2000,41,1803.0,90,0.9,197,1803
10000,41,8977.0,90,0.9,1023,8977
20000,41,17890.0,90,0.9,2110,17890
40000,41,35720.0,90,0.9,4280,35720
60000,41,53476.0,90,0.9,6524,53476
80000,41,71275.0,90,0.9,8725,71275
100000,41,89107.0,90,0.9,10893,89107
200000,41,178081.0,90,0.9,21919,178081
400000,41,356206.0,90,0.9,43794,356206
600000,41,534382.0,90,0.9,65618,534382
800000,41,712327.0,90,0.9,87673,712327
1000000,41,890306.0,90,0.9,109694,890306
2,42,1.0,1,0.09,1,1
3,42,2.0,2,0.09,1,2
100,42,94.0,20,0.9,6,94
200,42,185.0,20,0.9,15,185
2000,42,1807.0,38,0.9,193,1807
10000,42,8948.0,38,0.9,1052,8948
20000,42,17843.0,626,0.9,2157,17843
40000,42,35721.0,626,0.9,4279,35721
60000,42,53504.0,626,0.9,6496,53504
80000,42,71347.0,626,0.9,8653,71347
100000,42,89141.0,626,0.9,10859,89141
200000,42,178200.0,626,0.9,21800,178200
400000,42,356240.0,626,0.9,43760,356240
600000,42,534079.0,626,0.9,65921,534079
800000,42,712082.0,626,0.9,87918,712082
1000000,42,890037.0,626,0.9,109963,890037
2,43,1.0,1,0.09,1,1
3,43,2.0,2,0.09,1,2
100,43,86.0,90,0.9,14,86
200,43,181.0,190,0.9,19,181
2000,43,1784.0,1990,0.9,216,1784
10000,43,8891.0,9990,0.9,1109,8891
20000,43,17758.0,19990,0.9,2242,17758
40000,43,35587.0,39990,0.9,4413,35587
60000,43,53426.0,59990,0.9,6574,53426
80000,43,71275.0,79990,0.9,8725,71275
100000,43,89097.0,99990,0.9,10903,89097
200000,43,178062.0,199990,0.9,21938,178062
400000,43,355987.0,399990,0.9,44013,355987
600000,43,534119.0,599990,0.9,65881,534119
800000,43,712345.0,799990,0.9,87655,712345
1000000,43,890218.0,999990,0.9,109782,890218
2,44,2.0,1,0.09,0,2
3,44,3.0,2,0.09,0,3
100,44,79.0,90,7.2,21,79
200,44,163.0,190,16.2,37,163
2000,44,1620.0,1990,178.2,380,1620
10000,44,8466.0,4653,417.87,1534,8466
20000,44,17377.0,4653,417.87,2623,17377
40000,44,35155.0,4653,417.87,4845,35155
60000,44,52910.0,4653,417.87,7090,52910
80000,44,70683.0,4653,417.87,9317,70683
100000,44,88473.0,4653,417.87,11527,88473
200000,44,177418.0,4653,417.87,22582,177418
400000,44,355422.0,4653,417.87,44578,355422
600000,44,533450.0,4653,417.87,66550,533450
800000,44,711541.0,4653,417.87,88459,711541
1000000,44,889450.0,4653,417.87,110550,889450
2,45,2.0,1,0.09,0,2
3,45,3.0,2,0.09,0,3
100,45,88.0,90,0.9,12,88
200,45,178.0,190,0.9,22,178
2000,45,1765.0,1990,0.9,235,1765
10000,45,8894.0,9990,0.9,1106,8894
20000,45,17844.0,19990,0.9,2156,17844
40000,45,35622.0,39990,0.9,4378,35622
60000,45,53417.0,59990,0.9,6583,53417
80000,45,71255.0,79990,0.9,8745,71255
100000,45,89039.0,99990,0.9,10961,89039
200000,45,178101.0,199990,0.9,21899,178101
400000,45,355973.0,399990,0.9,44027,355973
600000,45,533972.0,599990,0.9,66028,533972
800000,45,712009.0,799990,0.9,87991,712009
1000000,45,889717.0,999990,0.9,110283,889717
2,46,2.0,1,0.09,0,2
3,46,3.0,2,0.09,0,3
100,46,88.0,20,0.9,12,88
200,46,183.0,20,0.9,17,183
2000,46,1768.0,20,0.9,232,1768
10000,46,8886.0,20,0.9,1114,8886
20000,46,17802.0,20,0.9,2198,17802
40000,46,35526.0,20,0.9,4474,35526
60000,46,53386.0,20,0.9,6614,53386
80000,46,71131.0,20,0.9,8869,71131
100000,46,88896.0,20,0.9,11104,88896
200000,46,177928.0,20,0.9,22072,177928
400000,46,355664.0,20,0.9,44336,355664
600000,46,533971.0,20,0.9,66029,533971
800000,46,712019.0,20,0.9,87981,712019
1000000,46,890264.0,20,0.9,109736,890264
2,47,1.0,1,0.09,1,1
3,47,2.0,2,0.09,1,2
100,47,84.0,90,0.9,16,84
200,47,176.0,190,0.9,24,176
2000,47,1793.0,1990,0.9,207,1793
10000,47,8902.0,9990,0.9,1098,8902
20000,47,17766.0,19990,0.9,2234,17766
40000,47,35468.0,39990,0.9,4532,35468
60000,47,53238.0,59990,0.9,6762,53238
80000,47,71085.0,79990,0.9,8915,71085
100000,47,88841.0,99990,0.9,11159,88841
200000,47,177759.0,199990,0.9,22241,177759
400000,47,355683.0,399990,0.9,44317,355683
600000,47,533613.0,599990,0.9,66387,533613
800000,47,711885.0,799990,0.9,88115,711885
1000000,47,889845.0,999990,0.9,110155,889845
2,48,1.0,1,0.09,1,1
3,48,2.0,2,0.09,1,2
100,48,85.0,26,0.9,15,85
200,48,172.0,26,0.9,28,172
2000,48,1781.0,26,0.9,219,1781
10000,48,8882.0,26,0.9,1118,8882
20000,48,17796.0,26,0.9,2204,17796
40000,48,35630.0,26,0.9,4370,35630
60000,48,53384.0,26,0.9,6616,53384
80000,48,71132.0,26,0.9,8868,71132
100000,48,88918.0,26,0.9,11082,88918
200000,48,178011.0,26,0.9,21989,178011
400000,48,355947.0,26,0.9,44053,355947
600000,48,533978.0,26,0.9,66022,533978
800000,48,711803.0,26,0.9,88197,711803
1000000,48,889794.0,26,0.9,110206,889794
2,49,1.0,1,0.09,1,1
3,49,2.0,2,0.09,1,2
100,49,85.0,90,0.9,15,85
200,49,173.0,190,0.9,27,173
2000,49,1760.0,1990,0.9,240,1760
10000,49,8845.0,9990,0.9,1155,8845
20000,49,17737.0,19990,0.9,2263,17737
40000,49,35581.0,39990,0.9,4419,35581
60000,49,53371.0,59990,0.9,6629,53371
80000,49,71200.0,79990,0.9,8800,71200
100000,49,89030.0,99990,0.9,10970,89030
200000,49,177952.0,199990,0.9,22048,177952
400000,49,355845.0,399990,0.9,44155,355845
600000,49,533760.0,599990,0.9,66240,533760
800000,49,711718.0,799990,0.9,88282,711718
1000000,49,889835.0,999990,0.9,110165,889835
2,50,1.0,1,0.09,1,1
3,50,2.0,2,0.09,1,2
100,50,91.0,90,0.9,9,91
200,50,185.0,190,0.9,15,185
2000,50,1766.0,1989,0.9,234,1766
10000,50,8916.0,9989,0.9,1084,8916
20000,50,17777.0,19989,0.9,2223,17777
40000,50,35614.0,39989,0.9,4386,35614
60000,50,53446.0,59989,0.9,6554,53446
80000,50,71218.0,79989,0.9,8782,71218
100000,50,88996.0,99989,0.9,11004,88996
200000,50,178001.0,199989,0.9,21999,178001
400000,50,355619.0,399989,0.9,44381,355619
600000,50,533645.0,599989,0.9,66355,533645
800000,50,711674.0,799989,0.9,88326,711674
1000000,50,889698.0,999989,0.9,110302,889698
2,51,2.0,1,0.09,0,2
3,51,2.0,2,0.09,1,2
100,51,82.0,20,0.9,18,82
200,51,169.0,20,0.9,31,169
2000,51,1787.0,20,0.9,213,1787
10000,51,8931.0,20,0.9,1069,8931
20000,51,17841.0,20,0.9,2159,17841
40000,51,35624.0,20,0.9,4376,35624
60000,51,53505.0,20,0.9,6495,53505
80000,51,71311.0,20,0.9,8689,71311
100000,51,89138.0,20,0.9,10862,89138
200000,51,177997.0,20,0.9,22003,177997
400000,51,355889.0,20,0.9,44111,355889
600000,51,533985.0,20,0.9,66015,533985
800000,51,712028.0,20,0.9,87972,712028
1000000,51,890151.0,20,0.9,109849,890151
2,52,1.0,1,0.09,1,1
3,52,2.0,2,0.09,1,2
100,52,83.0,90,1.71,17,83
200,52,175.0,190,1.71,25,175
2000,52,1771.0,1990,1.71,229,1771
10000,52,8890.0,9990,1.71,1110,8890
20000,52,17844.0,19990,1.71,2156,17844
40000,52,35589.0,39990,1.71,4411,35589
60000,52,53405.0,59990,1.71,6595,53405
80000,52,71299.0,79990,1.71,8701,71299
100000,52,89146.0,99990,1.71,10854,89146
200000,52,178136.0,199990,1.71,21864,178136
400000,52,356211.0,399990,1.71,43789,356211
600000,52,534500.0,599990,1.71,65500,534500
800000,52,712377.0,799990,1.71,87623,712377
1000000,52,890409.0,999990,1.71,109591,890409
2,53,2.0,1,0.09,0,2
3,53,2.0,2,0.09,1,2
100,53,88.0,42,0.9,12,88
200,53,177.0,42,0.9,23,177
2000,53,1777.0,52,0.9,223,1777
10000,53,8867.0,52,0.9,1133,8867
20000,53,17780.0,52,0.9,2220,17780
40000,53,35513.0,52,0.9,4487,35513
60000,53,53329.0,52,0.9,6671,53329
80000,53,71121.0,52,0.9,8879,71121
100000,53,88934.0,52,0.9,11066,88934
200000,53,178103.0,52,0.9,21897,178103
400000,53,356013.0,52,0.9,43987,356013
600000,53,534058.0,52,0.9,65942,534058
800000,53,711816.0,52,0.9,88184,711816
1000000,53,890059.0,52,0.9,109941,890059
2,54,1.0,1,0.09,1,1
3,54,2.0,2,0.09,1,2
100,54,80.0,29,1.71,20,80
200,54,169.0,129,2.16,31,169
2000,54,1763.0,1929,2.16,237,1763
10000,54,8880.0,9929,2.16,1120,8880
20000,54,17782.0,19929,2.16,2218,17782
40000,54,35509.0,39929,2.16,4491,35509
60000,54,53231.0,59929,2.16,6769,53231
80000,54,71046.0,79929,2.16,8954,71046
100000,54,88831.0,99929,2.16,11169,88831
200000,54,177697.0,199929,2.16,22303,177697
400000,54,355742.0,399929,2.16,44258,355742
600000,54,533972.0,599929,2.16,66028,533972
800000,54,712075.0,799929,2.16,87925,712075
1000000,54,890199.0,999929,2.16,109801,890199
2,55,2.0,1,0.09,0,2
3,55,3.0,2,0.09,0,3
100,55,91.0,73,0.9,9,91
200,55,183.0,173,0.9,17,183
2000,55,1775.0,1804,1.26,225,1775
10000,55,8869.0,9770,1.26,1131,8869
20000,55,17806.0,19770,1.26,2194,17806
40000,55,35646.0,39770,1.26,4354,35646
60000,55,53426.0,59770,1.26,6574,53426
80000,55,71240.0,79770,1.26,8760,71240
100000,55,89004.0,99770,1.26,10996,89004
200000,55,178033.0,199770,1.26,21967,178033
400000,55,356157.0,399770,1.26,43843,356157
600000,55,534185.0,599770,1.26,65815,534185
800000,55,712154.0,799770,1.26,87846,712154
1000000,55,889795.0,999770,1.26,110205,889795
2,56,2.0,1,0.09,0,2
3,56,3.0,2,0.09,0,3
100,56,88.0,90,0.9,12,88
200,56,179.0,190,0.9,21,179
2000,56,1755.0,1990,0.9,245,1755
10000,56,8856.0,9990,0.9,1144,8856
20000,56,17720.0,19990,0.9,2280,17720
40000,56,35554.0,39990,0.9,4446,35554
60000,56,53335.0,59990,0.9,6665,53335
80000,56,71087.0,79990,0.9,8913,71087
100000,56,88906.0,99990,0.9,11094,88906
200000,56,177872.0,199990,0.9,22128,177872
400000,56,355719.0,399990,0.9,44281,355719
600000,56,533929.0,599990,0.9,66071,533929
800000,56,711952.0,799990,0.9,88048,711952
1000000,56,889910.0,999990,0.9,110090,889910
2,57,1.0,1,0.09,1,1
3,57,2.0,2,0.09,1,2
100,57,76.0,90,6.66,24,76
200,57,166.0,190,7.02,34,166
2000,57,1780.0,1990,7.02,220,1780
10000,57,8893.0,9990,7.02,1107,8893
20000,57,17780.0,19990,7.02,2220,17780
40000,57,35539.0,39990,7.02,4461,35539
60000,57,53327.0,59990,7.02,6673,53327
80000,57,71133.0,79990,7.02,8867,71133
100000,57,88960.0,99990,7.02,11040,88960
200000,57,178078.0,199990,7.02,21922,178078
400000,57,356048.0,399990,7.02,43952,356048
600000,57,534264.0,599990,7.02,65736,534264
800000,57,712379.0,799990,7.02,87621,712379
1000000,57,890455.0,999990,7.02,109545,890455
2,58,2.0,1,0.09,0,2
3,58,3.0,2,0.09,0,3
100,58,89.0,72,0.9,11,89
200,58,176.0,93,0.9,24,176
2000,58,1779.0,96,0.9,221,1779
10000,58,8901.0,96,0.9,1099,8901
20000,58,17803.0,96,0.9,2197,17803
40000,58,35542.0,96,0.9,4458,35542
60000,58,53355.0,96,0.9,6645,53355
80000,58,71130.0,96,0.9,8870,71130
100000,58,89004.0,96,0.9,10996,89004
200000,58,177754.0,96,0.9,22246,177754
400000,58,355809.0,96,0.9,44191,355809
600000,58,533556.0,96,0.9,66444,533556
800000,58,711449.0,96,0.9,88551,711449
1000000,58,889369.0,96,0.9,110631,889369
2,59,2.0,1,0.09,0,2
3,59,3.0,2,0.09,0,3
100,59,89.0,90,0.9,11,89
200,59,175.0,190,0.9,25,175
2000,59,1817.0,1990,0.9,183,1817
10000,59,8933.0,9990,0.9,1067,8933
20000,59,17863.0,19990,0.9,2137,17863
40000,59,35567.0,39990,0.9,4433,35567
60000,59,53367.0,59990,0.9,6633,53367
80000,59,71143.0,79990,0.9,8857,71143
100000,59,88943.0,99990,0.9,11057,88943
200000,59,177982.0,199990,0.9,22018,177982
400000,59,356058.0,399990,0.9,43942,356058
600000,59,533765.0,599990,0.9,66235,533765
800000,59,711599.0,799990,0.9,88401,711599
1000000,59,889784.0,999990,0.9,110216,889784
2,60,1.0,1,0.09,1,1
3,60,1.0,2,0.09,2,1
100,60,91.0,20,0.9,9,91
200,60,178.0,29,0.9,22,178
2000,60,1784.0,33,0.9,216,1784
10000,60,8921.0,33,0.9,1079,8921
20000,60,17793.0,33,0.9,2207,17793
40000,60,35624.0,33,0.9,4376,35624
60000,60,53395.0,33,0.9,6605,53395
80000,60,71201.0,33,0.9,8799,71201
100000,60,89031.0,33,0.9,10969,89031
200000,60,178155.0,33,0.9,21845,178155
400000,60,356071.0,33,0.9,43929,356071
600000,60,534188.0,33,0.9,65812,534188
800000,60,712135.0,33,0.9,87865,712135
1000000,60,890142.0,33,0.9,109858,890142
2,61,2.0,1,0.09,0,2
3,61,3.0,2,0.09,0,3
100,61,89.0,28,0.9,11,89
200,61,178.0,28,0.9,22,178
2000,61,1799.0,29,0.9,201,1799
10000,61,8949.0,29,0.9,1051,8949
20000,61,17853.0,29,0.9,2147,17853
40000,61,35728.0,29,0.9,4272,35728
60000,61,53531.0,29,0.9,6469,53531
80000,61,71364.0,29,0.9,8636,71364
100000,61,89126.0,29,0.9,10874,89126
200000,61,178111.0,29,0.9,21889,178111
400000,61,356014.0,29,0.9,43986,356014
600000,61,533838.0,29,0.9,66162,533838
800000,61,711781.0,29,0.9,88219,711781
1000000,61,889872.0,29,0.9,110128,889872
2,62,1.0,1,0.09,1,1
3,62,2.0,2,0.09,1,2
100,62,84.0,20,0.9,16,84
200,62,172.0,20,0.9,28,172
2000,62,1785.0,20,0.9,215,1785
10000,62,8870.0,20,0.9,1130,8870
20000,62,17750.0,20,0.9,2250,17750
40000,62,35563.0,20,0.9,4437,35563
60000,62,53450.0,20,0.9,6550,53450
80000,62,71300.0,20,0.9,8700,71300
100000,62,89083.0,20,0.9,10917,89083
200000,62,178048.0,20,0.9,21952,178048
400000,62,356101.0,20,0.9,43899,356101
600000,62,534190.0,20,0.9,65810,534190
800000,62,712108.0,20,0.9,87892,712108
1000000,62,890017.0,20,0.9,109983,890017
2,63,2.0,1,0.09,0,2
3,63,3.0,2,0.09,0,3
100,63,90.0,20,0.9,10,90
200,63,176.0,20,0.9,24,176
2000,63,1788.0,20,0.9,212,1788
10000,63,8857.0,20,0.9,1143,8857
20000,63,17791.0,20,0.9,2209,17791
40000,63,35603.0,20,0.9,4397,35603
60000,63,53291.0,20,0.9,6709,53291
80000,63,71096.0,20,0.9,8904,71096
100000,63,88966.0,20,0.9,11034,88966
200000,63,177980.0,20,0.9,22020,177980
400000,63,356012.0,20,0.9,43988,356012
600000,63,533983.0,20,0.9,66017,533983
800000,63,712249.0,20,0.9,87751,712249
1000000,63,890077.0,20,0.9,109923,890077
2,64,2.0,1,0.09,0,2
3,64,3.0,2,0.09,0,3
100,64,83.0,25,1.35,17,83
200,64,172.0,25,1.35,28,172
2000,64,1786.0,25,1.35,214,1786
10000,64,8920.0,25,1.35,1080,8920
20000,64,17828.0,25,1.35,2172,17828
40000,64,35672.0,25,1.35,4328,35672
60000,64,53474.0,25,1.35,6526,53474
80000,64,71160.0,25,1.35,8840,71160
100000,64,89044.0,25,1.35,10956,89044
200000,64,178261.0,25,1.35,21739,178261
400000,64,356416.0,25,1.35,43584,356416
600000,64,534449.0,25,1.35,65551,534449
800000,64,712411.0,25,1.35,87589,712411
1000000,64,890255.0,25,1.35,109745,890255
2,65,1.0,1,0.09,1,1
3,65,2.0,2,0.09,1,2
100,65,86.0,90,0.9,14,86
200,65,173.0,190,0.9,27,173
2000,65,1811.0,1990,0.9,189,1811
10000,65,8937.0,9990,0.9,1063,8937
20000,65,17843.0,19990,0.9,2157,17843
40000,65,35553.0,39990,0.9,4447,35553
60000,65,53359.0,59990,0.9,6641,53359
80000,65,71142.0,79990,0.9,8858,71142
100000,65,88938.0,99990,0.9,11062,88938
200000,65,177925.0,199990,0.9,22075,177925
400000,65,356149.0,399990,0.9,43851,356149
600000,65,534267.0,599990,0.9,65733,534267
800000,65,712243.0,799990,0.9,87757,712243
1000000,65,890229.0,999990,0.9,109771,890229
2,66,2.0,1,0.09,0,2
3,66,2.0,2,0.09,1,2
100,66,89.0,84,0.9,11,89
200,66,177.0,179,0.9,23,177
2000,66,1766.0,1979,0.9,234,1766
10000,66,8880.0,9979,0.9,1120,8880
20000,66,17780.0,19979,0.9,2220,17780
40000,66,35532.0,39979,0.9,4468,35532
60000,66,53334.0,59979,0.9,6666,53334
80000,66,71099.0,79979,0.9,8901,71099
100000,66,88854.0,99979,0.9,11146,88854
200000,66,177945.0,199979,0.9,22055,177945
400000,66,355673.0,399979,0.9,44327,355673
600000,66,533533.0,599979,0.9,66467,533533
800000,66,711727.0,799979,0.9,88273,711727
1000000,66,889720.0,999979,0.9,110280,889720
2,67,2.0,1,0.09,0,2
3,67,3.0,2,0.09,0,3
100,67,82.0,90,0.9,18,82
200,67,174.0,190,0.9,26,174
2000,67,1776.0,1990,0.9,224,1776
10000,67,8902.0,9990,0.9,1098,8902
20000,67,17790.0,19990,0.9,2210,17790
40000,67,35684.0,39990,0.9,4316,35684
60000,67,53561.0,59990,0.9,6439,53561
80000,67,71398.0,79990,0.9,8602,71398
100000,67,89122.0,99990,0.9,10878,89122
200000,67,178075.0,199990,0.9,21925,178075
400000,67,356140.0,399990,0.9,43860,356140
600000,67,534366.0,599990,0.9,65634,534366
800000,67,712458.0,799990,0.9,87542,712458
1000000,67,890373.0,999990,0.9,109627,890373
2,68,2.0,1,0.09,0,2
3,68,3.0,2,0.09,0,3
100,68,90.0,90,0.9,10,90
200,68,174.0,186,0.9,26,174
2000,68,1777.0,1986,0.9,223,1777
10000,68,8895.0,9986,0.9,1105,8895
20000,68,17786.0,19986,0.9,2214,17786
40000,68,35592.0,39986,0.9,4408,35592
60000,68,53388.0,59986,0.9,6612,53388
80000,68,71153.0,79986,0.9,8847,71153
100000,68,88943.0,99986,0.9,11057,88943
200000,68,178104.0,199986,0.9,21896,178104
400000,68,356147.0,399986,0.9,43853,356147
600000,68,534113.0,599986,0.9,65887,534113
800000,68,711892.0,799986,0.9,88108,711892
1000000,68,890044.0,999986,0.9,109956,890044
2,69,2.0,1,0.09,0,2
3,69,3.0,2,0.09,0,3
100,69,90.0,21,0.9,10,90
200,69,175.0,40,0.9,25,175
2000,69,1780.0,40,0.9,220,1780
10000,69,8900.0,40,0.9,1100,8900
20000,69,17756.0,40,0.9,2244,17756
40000,69,35597.0,40,0.9,4403,35597
60000,69,53427.0,40,0.9,6573,53427
80000,69,71198.0,40,0.9,8802,71198
100000,69,89037.0,40,0.9,10963,89037
200000,69,177899.0,40,0.9,22101,177899
400000,69,355889.0,40,0.9,44111,355889
600000,69,534019.0,40,0.9,65981,534019
800000,69,711983.0,40,0.9,88017,711983
1000000,69,890049.0,40,0.9,109951,890049
2,70,2.0,1,0.09,0,2
3,70,3.0,2,0.09,0,3
100,70,89.0,88,1.8,11,89
200,70,183.0,188,1.8,17,183
2000,70,1780.0,1988,1.8,220,1780
10000,70,8910.0,9988,1.8,1090,8910
20000,70,17751.0,19988,1.8,2249,17751
40000,70,35533.0,39988,1.8,4467,35533
60000,70,53397.0,59988,1.8,6603,53397
80000,70,71182.0,79988,1.8,8818,71182
100000,70,88962.0,99988,1.8,11038,88962
200000,70,178056.0,199988,1.8,21944,178056
400000,70,355798.0,399988,1.8,44202,355798
600000,70,533749.0,599988,1.8,66251,533749
800000,70,711636.0,799988,1.8,88364,711636
1000000,70,889648.0,999988,1.8,110352,889648
2,71,1.0,1,0.09,1,1
3,71,1.0,2,0.09,2,1
100,71,76.0,81,6.21,24,76
200,71,159.0,181,15.21,41,159
2000,71,1570.0,1981,177.21,430,1570
10000,71,7959.0,9981,897.21,2041,7959
20000,71,15938.0,19981,1797.21,4062,15938
40000,71,31988.0,39981,3597.21,8012,31988
60000,71,47970.0,59981,5397.21,12030,47970
80000,71,63930.0,79981,7197.21,16070,63930
100000,71,79996.0,99981,8997.21,20004,79996
200000,71,159975.0,199981,17997.21,40025,159975
400000,71,319688.0,399981,35997.21,80312,319688
600000,71,479881.0,599981,53997.21,120119,479881
800000,71,640016.0,799981,71997.21,159984,640016
1000000,71,799932.0,999981,89997.21,200068,799932
2,72,2.0,1,0.09,0,2
3,72,3.0,2,0.09,0,3
100,72,93.0,90,1.35,7,93
200,72,178.0,190,1.35,22,178
2000,72,1763.0,1990,1.35,237,1763
10000,72,8855.0,9990,1.35,1145,8855
20000,72,17776.0,19990,1.35,2224,17776
40000,72,35578.0,39990,1.35,4422,35578
60000,72,53372.0,59990,1.35,6628,53372
80000,72,71170.0,79990,1.35,8830,71170
100000,72,88867.0,99990,1.35,11133,88867
200000,72,177947.0,199990,1.35,22053,177947
400000,72,355925.0,399990,1.35,44075,355925
600000,72,534216.0,599990,1.35,65784,534216
800000,72,712166.0,799990,1.35,87834,712166
1000000,72,890039.0,999990,1.35,109961,890039
2,73,1.0,1,0.09,1,1
3,73,2.0,2,0.09,1,2
100,73,85.0,90,0.9,15,85
200,73,175.0,190,0.9,25,175
2000,73,1792.0,1990,0.9,208,1792
10000,73,8937.0,9990,0.9,1063,8937
20000,73,17864.0,19990,0.9,2136,17864
40000,73,35690.0,39990,0.9,4310,35690
60000,73,53488.0,59990,0.9,6512,53488
80000,73,71355.0,79990,0.9,8645,71355
100000,73,89280.0,99990,0.9,10720,89280
200000,73,178278.0,199990,0.9,21722,178278
400000,73,356223.0,399990,0.9,43777,356223
600000,73,534162.0,599990,0.9,65838,534162
800000,73,711903.0,799990,0.9,88097,711903
1000000,73,890206.0,999990,0.9,109794,890206
2,74,1.0,1,0.09,1,1
3,74,2.0,2,0.09,1,2
100,74,78.0,88,7.02,22,78
200,74,164.0,188,16.02,36,164
2000,74,1606.0,1988,178.02,394,1606
10000,74,7985.0,9988,898.02,2015,7985
20000,74,16045.0,19988,1798.02,3955,16045
40000,74,32122.0,39988,3598.02,7878,32122
60000,74,48090.0,59988,5398.02,11910,48090
80000,74,64073.0,79988,7198.02,15927,64073
100000,74,80059.0,99988,8998.02,19941,80059
200000,74,159861.0,199988,17998.02,40139,159861
400000,74,319969.0,399988,35998.02,80031,319969
600000,74,479733.0,599988,53998.02,120267,479733
800000,74,640135.0,799988,71998.02,159865,640135
1000000,74,800203.0,999988,89998.02,199797,800203
2,75,2.0,1,0.09,0,2
3,75,2.0,2,0.09,1,2
100,75,90.0,87,0.9,10,90
200,75,174.0,187,0.9,26,174
2000,75,1771.0,1987,0.9,229,1771
10000,75,8884.0,9987,0.9,1116,8884
20000,75,17760.0,19987,0.9,2240,17760
40000,75,35591.0,39987,0.9,4409,35591
60000,75,53456.0,59987,0.9,6544,53456
80000,75,71251.0,79987,0.9,8749,71251
100000,75,89077.0,99987,0.9,10923,89077
200000,75,178030.0,199987,0.9,21970,178030
400000,75,356020.0,399987,0.9,43980,356020
600000,75,534045.0,599987,0.9,65955,534045
800000,75,711884.0,799987,0.9,88116,711884
1000000,75,889907.0,999987,0.9,110093,889907
2,76,2.0,1,0.09,0,2
3,76,3.0,2,0.09,0,3
100,76,88.0,39,0.9,12,88
200,76,179.0,39,0.9,21,179
2000,76,1786.0,39,0.9,214,1786
10000,76,8934.0,39,0.9,1066,8934
20000,76,17818.0,39,0.9,2182,17818
40000,76,35478.0,39,0.9,4522,35478
60000,76,53325.0,39,0.9,6675,53325
80000,76,71153.0,39,0.9,8847,71153
100000,76,88966.0,39,0.9,11034,88966
200000,76,178023.0,39,0.9,21977,178023
400000,76,356159.0,39,0.9,43841,356159
600000,76,533838.0,39,0.9,66162,533838
800000,76,711758.0,39,0.9,88242,711758
1000000,76,889714.0,39,0.9,110286,889714
2,77,2.0,1,0.09,0,2
3,77,3.0,2,0.09,0,3
100,77,88.0,20,0.9,12,88
200,77,179.0,20,0.9,21,179
2000,77,1782.0,20,0.9,218,1782
10000,77,8871.0,20,0.9,1129,8871
20000,77,17772.0,20,0.9,2228,17772
40000,77,35624.0,20,0.9,4376,35624
60000,77,53394.0,20,0.9,6606,53394
80000,77,71248.0,20,0.9,8752,71248
100000,77,89042.0,20,0.9,10958,89042
200000,77,178000.0,20,0.9,22000,178000
400000,77,355930.0,20,0.9,44070,355930
600000,77,533824.0,20,0.9,66176,533824
800000,77,711728.0,20,0.9,88272,711728
1000000,77,889757.0,20,0.9,110243,889757
2,78,2.0,1,0.09,0,2
3,78,3.0,2,0.09,0,3
100,78,88.0,90,0.9,12,88
200,78,176.0,190,0.9,24,176
2000,78,1783.0,1990,0.9,217,1783
10000,78,8929.0,9990,0.9,1071,8929
20000,78,17791.0,19990,0.9,2209,17791
40000,78,35673.0,39990,0.9,4327,35673
60000,78,53429.0,59990,0.9,6571,53429
80000,78,71245.0,79990,0.9,8755,71245
100000,78,89032.0,99990,0.9,10968,89032
200000,78,177978.0,199990,0.9,22022,177978
400000,78,356009.0,399990,0.9,43991,356009
600000,78,533900.0,599990,0.9,66100,533900
800000,78,711990.0,799990,0.9,88010,711990
1000000,78,889902.0,999990,0.9,110098,889902
2,79,2.0,1,0.09,0,2
3,79,3.0,2,0.09,0,3
100,79,83.0,20,0.9,17,83
200,79,176.0,20,0.9,24,176
2000,79,1791.0,20,0.9,209,1791
10000,79,8887.0,20,0.9,1113,8887
20000,79,17760.0,20,0.9,2240,17760
40000,79,35440.0,20,0.9,4560,35440
60000,79,53263.0,20,0.9,6737,53263
80000,79,71046.0,20,0.9,8954,71046
100000,79,88939.0,20,0.9,11061,88939
200000,79,177895.0,20,0.9,22105,177895
400000,79,356035.0,20,0.9,43965,356035
600000,79,534069.0,20,0.9,65931,534069
800000,79,712175.0,20,0.9,87825,712175
1000000,79,890060.0,20,0.9,109940,890060
2,80,2.0,1,0.09,0,2
3,80,3.0,2,0.09,0,3
100,80,84.0,36,2.25,16,84
200,80,175.0,36,2.25,25,175
2000,80,1770.0,36,2.25,230,1770
10000,80,8850.0,36,2.25,1150,8850
20000,80,17720.0,36,2.25,2280,17720
40000,80,35566.0,36,2.25,4434,35566
60000,80,53305.0,36,2.25,6695,53305
80000,80,71187.0,36,2.25,8813,71187
100000,80,88995.0,36,2.25,11005,88995
200000,80,177797.0,36,2.25,22203,177797
400000,80,355891.0,36,2.25,44109,355891
600000,80,533781.0,36,2.25,66219,533781
800000,80,711674.0,36,2.25,88326,711674
1000000,80,889634.0,36,2.25,110366,889634
2,81,2.0,1,0.09,0,2
3,81,3.0,2,0.09,0,3
100,81,90.0,20,0.9,10,90
200,81,180.0,20,0.9,20,180
2000,81,1802.0,20,0.9,198,1802
10000,81,8891.0,20,0.9,1109,8891
20000,81,17857.0,20,0.9,2143,17857
40000,81,35632.0,20,0.9,4368,35632
60000,81,53399.0,20,0.9,6601,53399
80000,81,71262.0,20,0.9,8738,71262
100000,81,89053.0,20,0.9,10947,89053
200000,81,177998.0,20,0.9,22002,177998
400000,81,356010.0,20,0.9,43990,356010
600000,81,533951.0,20,0.9,66049,533951
800000,81,711927.0,20,0.9,88073,711927
1000000,81,889845.0,20,0.9,110155,889845
2,82,2.0,1,0.09,0,2
3,82,3.0,2,0.09,0,3
100,82,83.0,90,6.48,17,83
200,82,164.0,190,15.21,36,164
2000,82,1606.0,1990,176.94,394,1606
10000,82,7942.0,9990,896.94,2058,7942
20000,82,15967.0,19990,1796.94,4033,15967
40000,82,31974.0,39990,3596.94,8026,31974
60000,82,47979.0,59990,5396.94,12021,47979
80000,82,63946.0,79990,7196.94,16054,63946
100000,82,79946.0,99990,8996.94,20054,79946
200000,82,159990.0,199990,17996.94,40010,159990
400000,82,320106.0,399990,35996.94,79894,320106
600000,82,480300.0,599990,53996.94,119700,480300
800000,82,640051.0,799990,71996.94,159949,640051
1000000,82,800026.0,999990,89996.94,199974,800026
2,83,2.0,1,0.09,0,2
3,83,3.0,2,0.09,0,3
100,83,88.0,90,0.9,12,88
200,83,183.0,190,0.9,17,183
2000,83,1808.0,1990,0.9,192,1808
10000,83,8932.0,9990,0.9,1068,8932
20000,83,17881.0,19990,0.9,2119,17881
40000,83,35732.0,39990,0.9,4268,35732
60000,83,53566.0,59990,0.9,6434,53566
80000,83,71361.0,79990,0.9,8639,71361
100000,83,89087.0,99990,0.9,10913,89087
200000,83,178030.0,199990,0.9,21970,178030
400000,83,355823.0,399990,0.9,44177,355823
600000,83,533802.0,599990,0.9,66198,533802
800000,83,711709.0,799990,0.9,88291,711709
1000000,83,889761.0,999990,0.9,110239,889761
2,84,2.0,1,0.09,0,2
3,84,3.0,2,0.09,0,3
100,84,88.0,20,0.9,12,88
200,84,177.0,20,0.9,23,177
2000,84,1769.0,20,0.9,231,1769
10000,84,8879.0,20,0.9,1121,8879
20000,84,17828.0,20,0.9,2172,17828
40000,84,35659.0,20,0.9,4341,35659
60000,84,53444.0,20,0.9,6556,53444
80000,84,71186.0,20,0.9,8814,71186
100000,84,88956.0,20,0.9,11044,88956
200000,84,178186.0,20,0.9,21814,178186
400000,84,356372.0,20,0.9,43628,356372
600000,84,534596.0,20,0.9,65404,534596
800000,84,712390.0,20,0.9,87610,712390
1000000,84,890461.0,20,0.9,109539,890461
2,85,2.0,1,0.09,0,2
3,85,3.0,2,0.09,0,3
100,85,94.0,20,0.9,6,94
200,85,174.0,30,0.9,26,174
2000,85,1784.0,30,0.9,216,1784
10000,85,8891.0,30,0.9,1109,8891
20000,85,17779.0,30,0.9,2221,17779
40000,85,35616.0,30,0.9,4384,35616
60000,85,53339.0,30,0.9,6661,53339
80000,85,71127.0,30,0.9,8873,71127
100000,85,88913.0,30,0.9,11087,88913
200000,85,177875.0,30,0.9,22125,177875
400000,85,355866.0,30,0.9,44134,355866
600000,85,533914.0,30,0.9,66086,533914
800000,85,711673.0,30,0.9,88327,711673
1000000,85,889729.0,30,0.9,110271,889729
2,86,1.0,1,0.09,1,1
3,86,2.0,2,0.09,1,2
100,86,87.0,48,0.9,13,87
200,86,177.0,148,0.9,23,177
2000,86,1778.0,1948,0.9,222,1778
10000,86,8859.0,9948,0.9,1141,8859
20000,86,17774.0,19948,0.9,2226,17774
40000,86,35515.0,39948,0.9,4485,35515
60000,86,53357.0,59948,0.9,6643,53357
80000,86,71113.0,79948,0.9,8887,71113
100000,86,88892.0,99948,0.9,11108,88892
200000,86,177973.0,199948,0.9,22027,177973
400000,86,355993.0,399948,0.9,44007,355993
600000,86,533877.0,599948,0.9,66123,533877
800000,86,711872.0,799948,0.9,88128,711872
1000000,86,889858.0,999948,0.9,110142,889858
2,87,2.0,1,0.09,0,2
3,87,3.0,2,0.09,0,3
100,87,85.0,90,0.9,15,85
200,87,168.0,190,0.9,32,168
2000,87,1758.0,1990,0.9,242,1758
10000,87,8874.0,9990,0.9,1126,8874
20000,87,17755.0,19990,0.9,2245,17755
40000,87,35571.0,39990,0.9,4429,35571
60000,87,53450.0,59990,0.9,6550,53450
80000,87,71268.0,79990,0.9,8732,71268
100000,87,89014.0,99990,0.9,10986,89014
200000,87,178001.0,199990,0.9,21999,178001
400000,87,356074.0,399990,0.9,43926,356074
600000,87,533915.0,599990,0.9,66085,533915
800000,87,711987.0,799990,0.9,88013,711987
1000000,87,889964.0,999990,0.9,110036,889964
2,88,1.0,1,0.09,1,1
3,88,2.0,2,0.09,1,2
100,88,88.0,82,0.9,12,88
200,88,181.0,182,0.9,19,181
2000,88,1789.0,1982,0.9,211,1789
10000,88,8971.0,9982,0.9,1029,8971
20000,88,17853.0,19982,0.9,2147,17853
40000,88,35657.0,39982,0.9,4343,35657
60000,88,53402.0,59982,0.9,6598,53402
80000,88,71193.0,79982,0.9,8807,71193
100000,88,88933.0,99982,0.9,11067,88933
200000,88,177992.0,199982,0.9,22008,177992
400000,88,355876.0,399982,0.9,44124,355876
600000,88,533679.0,599982,0.9,66321,533679
800000,88,711336.0,799982,0.9,88664,711336
1000000,88,889255.0,999982,0.9,110745,889255
2,89,2.0,1,0.09,0,2
3,89,3.0,2,0.09,0,3
100,89,78.0,73,0.9,22,78
200,89,171.0,73,0.9,29,171
2000,89,1776.0,73,0.9,224,1776
10000,89,8876.0,73,0.9,1124,8876
20000,89,17809.0,73,0.9,2191,17809
40000,89,35620.0,73,0.9,4380,35620
60000,89,53393.0,73,0.9,6607,53393
80000,89,71194.0,73,0.9,8806,71194
100000,89,89018.0,73,0.9,10982,89018
200000,89,178156.0,73,0.9,21844,178156
400000,89,356113.0,73,0.9,43887,356113
600000,89,534092.0,73,0.9,65908,534092
800000,89,712115.0,73,0.9,87885,712115
1000000,89,889850.0,73,0.9,110150,889850
2,90,2.0,1,0.09,0,2
3,90,3.0,2,0.09,0,3
100,90,88.0,45,0.9,12,88
200,90,180.0,45,0.9,20,180
2000,90,1779.0,45,0.9,221,1779
10000,90,8882.0,45,0.9,1118,8882
20000,90,17814.0,45,0.9,2186,17814
40000,90,35592.0,45,0.9,4408,35592
60000,90,53409.0,45,0.9,6591,53409
80000,90,71179.0,45,0.9,8821,71179
100000,90,89090.0,45,0.9,10910,89090
200000,90,178169.0,45,0.9,21831,178169
400000,90,356201.0,45,0.9,43799,356201
600000,90,534106.0,45,0.9,65894,534106
800000,90,712179.0,45,0.9,87821,712179
1000000,90,890257.0,45,0.9,109743,890257
2,91,2.0,1,0.09,0,2
3,91,3.0,2,0.09,0,3
100,91,87.0,90,0.9,13,87
200,91,177.0,190,0.9,23,177
2000,91,1778.0,1990,0.9,222,1778
10000,91,8900.0,9990,0.9,1100,8900
20000,91,17733.0,19990,0.9,2267,17733
40000,91,35626.0,39990,0.9,4374,35626
60000,91,53392.0,59990,0.9,6608,53392
80000,91,71132.0,79990,0.9,8868,71132
100000,91,88938.0,99990,0.9,11062,88938
200000,91,177921.0,199990,0.9,22079,177921
400000,91,355804.0,399990,0.9,44196,355804
600000,91,533835.0,599990,0.9,66165,533835
800000,91,711775.0,799990,0.9,88225,711775
1000000,91,889521.0,999990,0.9,110479,889521
2,92,1.0,1,0.09,1,1
3,92,1.0,2,0.09,2,1
100,92,85.0,23,0.9,15,85
200,92,172.0,23,0.9,28,172
2000,92,1754.0,23,0.9,246,1754
10000,92,8864.0,23,0.9,1136,8864
20000,92,17801.0,23,0.9,2199,17801
40000,92,35685.0,23,0.9,4315,35685
60000,92,53485.0,23,0.9,6515,53485
80000,92,71249.0,23,0.9,8751,71249
100000,92,89036.0,23,0.9,10964,89036
200000,92,178101.0,23,0.9,21899,178101
400000,92,355958.0,23,0.9,44042,355958
600000,92,533751.0,23,0.9,66249,533751
800000,92,711757.0,23,0.9,88243,711757
1000000,92,889629.0,23,0.9,110371,889629
2,93,2.0,1,0.09,0,2
3,93,3.0,2,0.09,0,3
100,93,89.0,85,0.9,11,89
200,93,179.0,185,0.9,21,179
2000,93,1780.0,1985,0.9,220,1780
10000,93,8920.0,9985,0.9,1080,8920
20000,93,17884.0,19985,0.9,2116,17884
40000,93,35732.0,39985,0.9,4268,35732
60000,93,53507.0,59985,0.9,6493,53507
80000,93,71307.0,79985,0.9,8693,71307
100000,93,89142.0,99985,0.9,10858,89142
200000,93,178231.0,199985,0.9,21769,178231
400000,93,356092.0,399985,0.9,43908,356092
600000,93,533950.0,599985,0.9,66050,533950
800000,93,712110.0,799985,0.9,87890,712110
1000000,93,890028.0,999985,0.9,109972,890028
2,94,1.0,1,0.09,1,1
3,94,2.0,2,0.09,1,2
100,94,81.0,86,0.9,19,81
200,94,169.0,186,0.9,31,169
2000,94,1769.0,1986,0.9,231,1769
10000,94,8918.0,9986,0.9,1082,8918
20000,94,17830.0,19986,0.9,2170,17830
40000,94,35556.0,39986,0.9,4444,35556
60000,94,53327.0,59986,0.9,6673,53327
80000,94,71096.0,79986,0.9,8904,71096
100000,94,88924.0,99986,0.9,11076,88924
200000,94,177920.0,199986,0.9,22080,177920
400000,94,355982.0,399986,0.9,44018,355982
600000,94,534015.0,599986,0.9,65985,534015
800000,94,712100.0,799986,0.9,87900,712100
1000000,94,890042.0,999986,0.9,109958,890042
2,95,2.0,1,0.09,0,2
3,95,3.0,2,0.09,0,3
100,95,85.0,78,4.41,15,85
200,95,165.0,126,6.48,35,165
2000,95,1760.0,126,6.48,240,1760
10000,95,8887.0,126,6.48,1113,8887
20000,95,17779.0,126,6.48,2221,17779
40000,95,35604.0,126,6.48,4396,35604
60000,95,53450.0,126,6.48,6550,53450
80000,95,71263.0,126,6.48,8737,71263
100000,95,89081.0,126,6.48,10919,89081
200000,95,177986.0,126,6.48,22014,177986
400000,95,355908.0,126,6.48,44092,355908
600000,95,533895.0,126,6.48,66105,533895
800000,95,711775.0,126,6.48,88225,711775
1000000,95,889670.0,126,6.48,110330,889670
2,96,2.0,1,0.09,0,2
3,96,3.0,2,0.09,0,3
100,96,83.0,53,1.08,17,83
200,96,171.0,53,1.08,29,171
2000,96,1771.0,53,1.08,229,1771
10000,96,8858.0,53,1.08,1142,8858
20000,96,17781.0,53,1.08,2219,17781
40000,96,35544.0,53,1.08,4456,35544
60000,96,53371.0,53,1.08,6629,53371
80000,96,71169.0,53,1.08,8831,71169
100000,96,88884.0,53,1.08,11116,88884
200000,96,177855.0,53,1.08,22145,177855
400000,96,355900.0,53,1.08,44100,355900
600000,96,533911.0,53,1.08,66089,533911
800000,96,712055.0,53,1.08,87945,712055
1000000,96,889703.0,53,1.08,110297,889703
2,97,2.0,1,0.09,0,2
3,97,3.0,2,0.09,0,3
100,97,84.0,79,0.9,16,84
200,97,171.0,178,0.9,29,171
2000,97,1765.0,1978,0.9,235,1765
10000,97,8953.0,9978,0.9,1047,8953
20000,97,17861.0,19978,0.9,2139,17861
40000,97,35686.0,39978,0.9,4314,35686
60000,97,53568.0,59978,0.9,6432,53568
80000,97,71335.0,79978,0.9,8665,71335
100000,97,89137.0,99978,0.9,10863,89137
200000,97,178428.0,199978,0.9,21572,178428
400000,97,356481.0,399978,0.9,43519,356481
600000,97,534430.0,599978,0.9,65570,534430
800000,97,712329.0,799978,0.9,87671,712329
1000000,97,890099.0,999978,0.9,109901,890099
2,98,2.0,1,0.09,0,2
3,98,3.0,2,0.09,0,3
100,98,90.0,85,0.9,10,90
200,98,181.0,185,0.9,19,181
2000,98,1770.0,1985,0.9,230,1770
10000,98,8897.0,9985,0.9,1103,8897
20000,98,17759.0,19985,0.9,2241,17759
40000,98,35509.0,39985,0.9,4491,35509
60000,98,53371.0,59985,0.9,6629,53371
80000,98,71192.0,79985,0.9,8808,71192
100000,98,89036.0,99985,0.9,10964,89036
200000,98,178022.0,199985,0.9,21978,178022
400000,98,356172.0,399985,0.9,43828,356172
600000,98,534342.0,599985,0.9,65658,534342
800000,98,712409.0,799985,0.9,87591,712409
1000000,98,890324.0,999985,0.9,109676,890324
2,99,2.0,1,0.09,0,2
3,99,3.0,2,0.09,0,3
100,99,86.0,90,1.26,14,86
200,99,175.0,190,1.35,25,175
2000,99,1789.0,1990,1.35,211,1789
10000,99,8883.0,9990,1.35,1117,8883
20000,99,17778.0,19990,1.35,2222,17778
40000,99,35609.0,39990,1.35,4391,35609
60000,99,53411.0,59990,1.35,6589,53411
80000,99,71208.0,79990,1.35,8792,71208
100000,99,89005.0,99990,1.35,10995,89005
200000,99,177992.0,199990,1.35,22008,177992
400000,99,355886.0,399990,1.35,44114,355886
600000,99,534039.0,599990,1.35,65961,534039
800000,99,712005.0,799990,1.35,87995,712005
1000000,99,889986.0,999990,1.35,110014,889986
2,100,2.0,1,0.09,0,2
3,100,3.0,2,0.09,0,3
100,100,91.0,68,0.9,9,91
200,100,176.0,79,0.9,24,176
2000,100,1760.0,123,0.9,240,1760
10000,100,8867.0,123,0.9,1133,8867
20000,100,17785.0,123,0.9,2215,17785
40000,100,35508.0,123,0.9,4492,35508
60000,100,53264.0,123,0.9,6736,53264
80000,100,71067.0,123,0.9,8933,71067
100000,100,88886.0,123,0.9,11114,88886
200000,100,177694.0,123,0.9,22306,177694
400000,100,355854.0,123,0.9,44146,355854
600000,100,533659.0,123,0.9,66341,533659
800000,100,711701.0,123,0.9,88299,711701
1000000,100,889661.0,123,0.9,110339,889661
