Timestep,Iteration,Total Reward,Suboptimal Arms,Total Regret,Zeros Count,Ones Count
2,1,2.0,1,0.05,0,2
3,1,3.0,2,0.14,0,3
100,1,86.0,20,1.4,14,86
200,1,176.0,20,1.4,24,176
2000,1,1799.0,20,1.4,201,1799
10000,1,8985.0,20,1.4,1015,8985
20000,1,17919.0,20,1.4,2081,17919
40000,1,35831.0,20,1.4,4169,35831
60000,1,53704.0,20,1.4,6296,53704
80000,1,71662.0,20,1.4,8338,71662
100000,1,89544.0,20,1.4,10456,89544
200000,1,179117.0,20,1.4,20883,179117
400000,1,358132.0,20,1.4,41868,358132
600000,1,537046.0,20,1.4,62954,537046
800000,1,716182.0,20,1.4,83818,716182
1000000,1,895285.0,20,1.4,104715,895285
2,2,2.0,1,0.05,0,2
3,2,3.0,2,0.14,0,3
100,2,85.0,90,8.05,15,85
200,2,165.0,190,17.55,35,165
2000,2,1765.0,299,27.9,235,1765
10000,2,8903.0,299,27.9,1097,8903
20000,2,17884.0,299,27.9,2116,17884
40000,2,35695.0,299,27.9,4305,35695
60000,2,53645.0,299,27.9,6355,53645
80000,2,71626.0,299,27.9,8374,71626
100000,2,89522.0,299,27.9,10478,89522
200000,2,179051.0,299,27.9,20949,179051
400000,2,357938.0,299,27.9,42062,357938
600000,2,536988.0,299,27.9,63012,536988
800000,2,716212.0,299,27.9,83788,716212
1000000,2,895193.0,299,27.9,104807,895193
2,3,1.0,1,0.05,1,1
3,3,2.0,2,0.14,1,2
100,3,80.0,82,7.29,20,80
200,3,161.0,182,16.79,39,161
2000,3,1598.0,1982,187.79,402,1598
10000,3,8037.0,9982,947.79,1963,8037
20000,3,16004.0,19982,1897.79,3996,16004
40000,3,32103.0,39982,3797.79,7897,32103
60000,3,48247.0,59982,5697.79,11753,48247
80000,3,64175.0,79982,7597.79,15825,64175
100000,3,80114.0,99982,9497.79,19886,80114
200000,3,160401.0,199982,18997.79,39599,160401
400000,3,320296.0,399982,37997.79,79704,320296
600000,3,480368.0,599982,56997.79,119632,480368
800000,3,640459.0,799982,75997.79,159541,640459
1000000,3,800670.0,999982,94997.79,199330,800670
2,4,2.0,1,0.05,0,2
3,4,3.0,2,0.14,0,3
100,4,87.0,20,1.4,13,87
200,4,181.0,20,1.4,19,181
2000,4,1782.0,20,1.4,218,1782
10000,4,8954.0,20,1.4,1046,8954
20000,4,17940.0,20,1.4,2060,17940
40000,4,35916.0,20,1.4,4084,35916
60000,4,53799.0,20,1.4,6201,53799
80000,4,71682.0,20,1.4,8318,71682
100000,4,89586.0,20,1.4,10414,89586
200000,4,179039.0,20,1.4,20961,179039
400000,4,357923.0,20,1.4,42077,357923
600000,4,536806.0,20,1.4,63194,536806
800000,4,715985.0,20,1.4,84015,715985
1000000,4,894954.0,20,1.4,105046,894954
2,5,1.0,1,0.05,1,1
3,5,2.0,2,0.14,1,2
100,5,85.0,89,7.0,15,85
200,5,170.0,189,16.51,30,170
2000,5,1713.0,1989,112.61,287,1713
10000,5,8514.0,9989,472.61,1486,8514
20000,5,17044.0,19989,922.6,2956,17044
40000,5,34055.0,39989,1822.61,5945,34055
60000,5,51096.0,59989,2722.61,8904,51096
80000,5,68126.0,79989,3622.61,11874,68126
100000,5,85143.0,99989,4522.61,14857,85143
200000,5,170065.0,199989,9022.61,29935,170065
400000,5,340165.0,399989,18022.6,59835,340165
600000,5,510040.0,599989,27022.6,89960,510040
800000,5,679937.0,799989,36022.6,120063,679937
1000000,5,849853.0,999989,45022.6,150147,849853
2,6,2.0,1,0.05,0,2
3,6,2.0,2,0.14,1,2
100,6,84.0,90,4.55,16,84
200,6,167.0,190,9.05,33,167
2000,6,1682.0,1990,90.05,318,1682
10000,6,8485.0,9990,450.05,1515,8485
20000,6,17008.0,19990,900.05,2992,17008
40000,6,33977.0,39990,1800.05,6023,33977
60000,6,50992.0,59990,2700.05,9008,50992
80000,6,67953.0,79990,3600.05,12047,67953
100000,6,84969.0,99990,4500.05,15031,84969
200000,6,170088.0,199990,9000.05,29912,170088
400000,6,340170.0,399990,18000.05,59830,340170
600000,6,510537.0,599990,27000.05,89463,510537
800000,6,680663.0,799990,36000.05,119337,680663
1000000,6,850559.0,999990,45000.05,149441,850559
2,7,0.0,1,0.05,2,0
3,7,1.0,2,0.14,2,1
100,7,85.0,34,2.73,15,85
200,7,176.0,34,2.73,24,176
2000,7,1780.0,46,3.87,220,1780
10000,7,8963.0,46,3.87,1037,8963
20000,7,17951.0,46,3.87,2049,17951
40000,7,35918.0,46,3.87,4082,35918
60000,7,53795.0,46,3.87,6205,53795
80000,7,71730.0,46,3.87,8270,71730
100000,7,89600.0,46,3.87,10400,89600
200000,7,178857.0,46,3.87,21143,178857
400000,7,357778.0,46,3.87,42222,357778
600000,7,536764.0,46,3.87,63236,536764
800000,7,715744.0,46,3.87,84256,715744
1000000,7,894898.0,46,3.87,105102,894898
2,8,1.0,1,0.05,1,1
3,8,1.0,2,0.14,2,1
100,8,83.0,87,4.41,17,83
200,8,163.0,187,8.91,37,163
2000,8,1687.0,1987,89.92,313,1687
10000,8,8477.0,9987,449.92,1523,8477
20000,8,16973.0,19987,899.91,3027,16973
40000,8,33965.0,39987,1799.92,6035,33965
60000,8,51098.0,59987,2699.92,8902,51098
80000,8,68081.0,79987,3599.92,11919,68081
100000,8,85115.0,99987,4499.92,14885,85115
200000,8,170102.0,199987,8999.92,29898,170102
400000,8,340194.0,399987,17999.91,59806,340194
600000,8,510059.0,599987,26999.91,89941,510059
800000,8,680364.0,799987,35999.91,119636,680364
1000000,8,850384.0,999987,44999.91,149616,850384
2,9,2.0,1,0.05,0,2
3,9,3.0,2,0.14,0,3
100,9,85.0,26,1.67,15,85
200,9,177.0,26,1.67,23,177
2000,9,1800.0,26,1.67,200,1800
10000,9,8924.0,26,1.67,1076,8924
20000,9,17918.0,26,1.67,2082,17918
40000,9,35866.0,26,1.67,4134,35866
60000,9,53802.0,26,1.67,6198,53802
80000,9,71690.0,26,1.67,8310,71690
100000,9,89551.0,26,1.67,10449,89551
200000,9,179106.0,26,1.67,20894,179106
400000,9,358021.0,26,1.67,41979,358021
600000,9,536765.0,26,1.67,63235,536765
800000,9,715808.0,26,1.67,84192,715808
1000000,9,894928.0,26,1.67,105072,894928
2,10,1.0,1,0.05,1,1
3,10,2.0,2,0.14,1,2
100,10,85.0,20,1.4,15,85
200,10,173.0,20,1.4,27,173
2000,10,1775.0,20,1.4,225,1775
10000,10,8924.0,20,1.4,1076,8924
20000,10,17887.0,20,1.4,2113,17887
40000,10,35831.0,20,1.4,4169,35831
60000,10,53747.0,20,1.4,6253,53747
80000,10,71622.0,20,1.4,8378,71622
100000,10,89500.0,20,1.4,10500,89500
200000,10,178916.0,20,1.4,21084,178916
400000,10,358002.0,20,1.4,41998,358002
600000,10,537249.0,20,1.4,62751,537249
800000,10,716068.0,20,1.4,83932,716068
1000000,10,894851.0,20,1.4,105149,894851
2,11,1.0,1,0.05,1,1
3,11,2.0,2,0.14,1,2
100,11,89.0,20,1.4,11,89
200,11,179.0,23,1.68,21,179
2000,11,1788.0,23,1.68,212,1788
10000,11,8970.0,23,1.68,1030,8970
20000,11,17945.0,23,1.68,2055,17945
40000,11,35887.0,23,1.68,4113,35887
60000,11,53805.0,23,1.68,6195,53805
80000,11,71785.0,23,1.68,8215,71785
100000,11,89647.0,23,1.68,10353,89647
200000,11,179305.0,23,1.68,20695,179305
400000,11,358375.0,23,1.68,41625,358375
600000,11,537082.0,23,1.68,62918,537082
800000,11,715921.0,23,1.68,84079,715921
1000000,11,895035.0,23,1.68,104965,895035
2,12,1.0,1,0.05,1,1
3,12,1.0,2,0.14,2,1
100,12,82.0,90,4.55,18,82
200,12,171.0,190,9.05,29,171
2000,12,1699.0,1990,90.05,301,1699
10000,12,8446.0,9990,450.05,1554,8446
20000,12,16979.0,19990,900.05,3021,16979
40000,12,34050.0,39990,1800.05,5950,34050
60000,12,51023.0,59990,2700.05,8977,51023
80000,12,68025.0,79990,3600.05,11975,68025
100000,12,85037.0,99990,4500.05,14963,85037
200000,12,170006.0,199990,9000.05,29994,170006
400000,12,340074.0,399990,18000.05,59926,340074
600000,12,510181.0,599990,27000.05,89819,510181
800000,12,679975.0,799990,36000.05,120025,679975
1000000,12,849723.0,999990,45000.05,150277,849723
2,13,2.0,1,0.05,0,2
3,13,3.0,2,0.14,0,3
100,13,88.0,34,2.03,12,88
200,13,174.0,34,2.03,26,174
2000,13,1777.0,34,2.03,223,1777
10000,13,8926.0,34,2.03,1074,8926
20000,13,17824.0,34,2.03,2176,17824
40000,13,35800.0,34,2.03,4200,35800
60000,13,53758.0,34,2.03,6242,53758
80000,13,71625.0,34,2.03,8375,71625
100000,13,89534.0,34,2.03,10466,89534
200000,13,179039.0,34,2.03,20961,179039
400000,13,357887.0,34,2.03,42113,357887
600000,13,536961.0,34,2.03,63039,536961
800000,13,715986.0,34,2.03,84014,715986
1000000,13,895043.0,34,2.03,104957,895043
2,14,2.0,1,0.05,0,2
3,14,3.0,2,0.14,0,3
100,14,89.0,20,1.4,11,89
200,14,177.0,20,1.4,23,177
2000,14,1792.0,20,1.4,208,1792
10000,14,8952.0,20,1.4,1048,8952
20000,14,17881.0,20,1.4,2119,17881
40000,14,35721.0,20,1.4,4279,35721
60000,14,53612.0,20,1.4,6388,53612
80000,14,71557.0,20,1.4,8443,71557
100000,14,89465.0,20,1.4,10535,89465
200000,14,178984.0,20,1.4,21016,178984
400000,14,357949.0,20,1.4,42051,357949
600000,14,536828.0,20,1.4,63172,536828
800000,14,715940.0,20,1.4,84060,715940
1000000,14,894823.0,20,1.4,105177,894823
2,15,2.0,1,0.05,0,2
3,15,3.0,2,0.14,0,3
100,15,92.0,29,2.26,8,92
200,15,178.0,33,2.48,22,178
2000,15,1802.0,33,2.48,198,1802
10000,15,8980.0,33,2.48,1020,8980
20000,15,17929.0,33,2.48,2071,17929
40000,15,35863.0,33,2.48,4137,35863
60000,15,53837.0,33,2.48,6163,53837
80000,15,71746.0,33,2.48,8254,71746
100000,15,89692.0,33,2.48,10308,89692
200000,15,179174.0,33,2.48,20826,179174
400000,15,358157.0,33,2.48,41843,358157
600000,15,537116.0,33,2.48,62884,537116
800000,15,716497.0,33,2.48,83503,716497
1000000,15,895459.0,33,2.48,104541,895459
2,16,1.0,1,0.05,1,1
3,16,1.0,2,0.14,2,1
100,16,85.0,48,3.56,15,85
200,16,176.0,48,3.56,24,176
2000,16,1783.0,48,3.56,217,1783
10000,16,8920.0,48,3.56,1080,8920
20000,16,17841.0,48,3.56,2159,17841
40000,16,35758.0,48,3.56,4242,35758
60000,16,53633.0,48,3.56,6367,53633
80000,16,71442.0,48,3.56,8558,71442
100000,16,89358.0,48,3.56,10642,89358
200000,16,178930.0,48,3.56,21070,178930
400000,16,358012.0,48,3.56,41988,358012
600000,16,537027.0,48,3.56,62973,537027
800000,16,716156.0,48,3.56,83844,716156
1000000,16,895175.0,48,3.56,104825,895175
2,17,2.0,1,0.05,0,2
3,17,3.0,2,0.14,0,3
100,17,92.0,20,1.4,8,92
200,17,179.0,20,1.4,21,179
2000,17,1792.0,24,1.58,208,1792
10000,17,8968.0,24,1.58,1032,8968
20000,17,17935.0,24,1.58,2065,17935
40000,17,35898.0,24,1.58,4102,35898
60000,17,53792.0,24,1.58,6208,53792
80000,17,71732.0,24,1.58,8268,71732
100000,17,89625.0,24,1.58,10375,89625
200000,17,179200.0,24,1.58,20800,179200
400000,17,358070.0,24,1.58,41930,358070
600000,17,537139.0,24,1.58,62861,537139
800000,17,716294.0,24,1.58,83706,716294
1000000,17,895370.0,24,1.58,104630,895370
2,18,2.0,1,0.05,0,2
3,18,3.0,2,0.14,0,3
100,18,85.0,35,2.82,15,85
200,18,173.0,35,2.82,27,173
2000,18,1790.0,35,2.82,210,1790
10000,18,8979.0,35,2.82,1021,8979
20000,18,17916.0,35,2.82,2084,17916
40000,18,35786.0,35,2.82,4214,35786
60000,18,53702.0,35,2.82,6298,53702
80000,18,71663.0,35,2.82,8337,71663
100000,18,89596.0,35,2.82,10404,89596
200000,18,178975.0,35,2.82,21025,178975
400000,18,358159.0,35,2.82,41841,358159
600000,18,537160.0,35,2.82,62840,537160
800000,18,716015.0,35,2.82,83985,716015
1000000,18,894982.0,35,2.82,105018,894982
2,19,2.0,1,0.05,0,2
3,19,3.0,2,0.14,0,3
100,19,91.0,20,1.4,9,91
200,19,182.0,20,1.4,18,182
2000,19,1787.0,25,1.62,213,1787
10000,19,8947.0,25,1.62,1053,8947
20000,19,17939.0,25,1.62,2061,17939
40000,19,35774.0,25,1.62,4226,35774
60000,19,53656.0,25,1.62,6344,53656
80000,19,71505.0,25,1.62,8495,71505
100000,19,89406.0,25,1.62,10594,89406
200000,19,179031.0,25,1.62,20969,179031
400000,19,358090.0,25,1.62,41910,358090
600000,19,537099.0,25,1.62,62901,537099
800000,19,716053.0,25,1.62,83947,716053
1000000,19,895042.0,25,1.62,104958,895042
2,20,2.0,1,0.05,0,2
3,20,3.0,2,0.14,0,3
100,20,79.0,79,4.35,21,79
200,20,161.0,179,8.85,39,161
2000,20,1667.0,1979,89.86,333,1667
10000,20,8462.0,9979,449.86,1538,8462
20000,20,16990.0,19979,899.85,3010,16990
40000,20,33940.0,39979,1799.86,6060,33940
60000,20,50932.0,59979,2699.86,9068,50932
80000,20,67882.0,79979,3599.86,12118,67882
100000,20,84781.0,99979,4499.86,15219,84781
200000,20,169539.0,199979,8999.86,30461,169539
400000,20,339506.0,399979,17999.85,60494,339506
600000,20,509231.0,599979,26999.85,90769,509231
800000,20,679196.0,799979,35999.85,120804,679196
1000000,20,848872.0,999979,44999.85,151128,848872
2,21,0.0,1,0.05,2,0
3,21,1.0,2,0.14,2,1
100,21,96.0,20,1.4,4,96
200,21,184.0,20,1.4,16,184
2000,21,1785.0,26,1.92,215,1785
10000,21,8897.0,26,1.92,1103,8897
20000,21,17835.0,26,1.92,2165,17835
40000,21,35711.0,26,1.92,4289,35711
60000,21,53666.0,26,1.92,6334,53666
80000,21,71561.0,26,1.92,8439,71561
100000,21,89404.0,26,1.92,10596,89404
200000,21,178788.0,26,1.92,21212,178788
400000,21,357626.0,26,1.92,42374,357626
600000,21,536737.0,26,1.92,63263,536737
800000,21,715894.0,26,1.92,84106,715894
1000000,21,894746.0,26,1.92,105254,894746
2,22,2.0,1,0.05,0,2
3,22,3.0,2,0.14,0,3
100,22,81.0,90,4.6,19,81
200,22,162.0,190,9.1,38,162
2000,22,1678.0,1990,90.1,322,1678
10000,22,8490.0,9990,450.1,1510,8490
20000,22,16997.0,19990,900.1,3003,16997
40000,22,34028.0,39990,1800.1,5972,34028
60000,22,51054.0,59990,2700.1,8946,51054
80000,22,68072.0,79990,3600.1,11928,68072
100000,22,85048.0,99990,4500.1,14952,85048
200000,22,170138.0,199990,9000.1,29862,170138
400000,22,340070.0,399990,18000.1,59930,340070
600000,22,510246.0,599990,27000.1,89754,510246
800000,22,680248.0,799990,36000.1,119752,680248
1000000,22,850229.0,999990,45000.1,149771,850229
2,23,2.0,1,0.05,0,2
3,23,3.0,2,0.14,0,3
100,23,83.0,90,5.75,17,83
200,23,170.0,190,10.25,30,170
2000,23,1693.0,1990,91.25,307,1693
10000,23,8540.0,9990,451.25,1460,8540
20000,23,17008.0,19990,901.25,2992,17008
40000,23,34035.0,39990,1801.25,5965,34035
60000,23,51001.0,59990,2701.25,8999,51001
80000,23,67979.0,79990,3601.25,12021,67979
100000,23,85000.0,99990,4501.25,15000,85000
200000,23,169894.0,199990,9001.25,30106,169894
400000,23,339857.0,399990,18001.25,60143,339857
600000,23,509921.0,599990,27001.25,90079,509921
800000,23,679750.0,799990,36001.25,120250,679750
1000000,23,849691.0,999990,45001.25,150309,849691
2,24,2.0,1,0.05,0,2
3,24,3.0,2,0.14,0,3
100,24,81.0,84,7.48,19,81
200,24,171.0,84,7.48,29,171
2000,24,1792.0,84,7.48,208,1792
10000,24,8907.0,84,7.48,1093,8907
20000,24,17892.0,84,7.48,2108,17892
40000,24,35819.0,84,7.48,4181,35819
60000,24,53718.0,84,7.48,6282,53718
80000,24,71628.0,84,7.48,8372,71628
100000,24,89593.0,84,7.48,10407,89593
200000,24,179041.0,84,7.48,20959,179041
400000,24,357880.0,84,7.48,42120,357880
600000,24,536793.0,84,7.48,63207,536793
800000,24,715781.0,84,7.48,84219,715781
1000000,24,894644.0,84,7.48,105356,894644
2,25,2.0,1,0.05,0,2
3,25,3.0,2,0.14,0,3
100,25,89.0,20,1.4,11,89
200,25,182.0,20,1.4,18,182
2000,25,1803.0,20,1.4,197,1803
10000,25,8918.0,20,1.4,1082,8918
20000,25,17798.0,20,1.4,2202,17798
40000,25,35575.0,20,1.4,4425,35575
60000,25,53566.0,20,1.4,6434,53566
80000,25,71487.0,20,1.4,8513,71487
100000,25,89357.0,20,1.4,10643,89357
200000,25,178825.0,20,1.4,21175,178825
400000,25,357593.0,20,1.4,42407,357593
600000,25,536591.0,20,1.4,63409,536591
800000,25,715396.0,20,1.4,84604,715396
1000000,25,894236.0,20,1.4,105764,894236
2,26,2.0,1,0.05,0,2
3,26,3.0,2,0.14,0,3
100,26,84.0,50,4.25,16,84
200,26,169.0,50,4.25,31,169
2000,26,1778.0,50,4.25,222,1778
10000,26,8882.0,50,4.25,1118,8882
20000,26,17848.0,50,4.25,2152,17848
40000,26,35754.0,50,4.25,4246,35754
60000,26,53647.0,50,4.25,6353,53647
80000,26,71531.0,50,4.25,8469,71531
100000,26,89433.0,50,4.25,10567,89433
200000,26,178860.0,50,4.25,21140,178860
400000,26,357766.0,50,4.25,42234,357766
600000,26,536843.0,50,4.25,63157,536843
800000,26,715847.0,50,4.25,84153,715847
1000000,26,894884.0,50,4.25,105116,894884
2,27,2.0,1,0.05,0,2
3,27,3.0,2,0.14,0,3
100,27,89.0,20,1.4,11,89
200,27,181.0,20,1.4,19,181
2000,27,1790.0,22,1.59,210,1790
10000,27,8976.0,22,1.59,1024,8976
20000,27,17905.0,22,1.59,2095,17905
40000,27,35788.0,22,1.59,4212,35788
60000,27,53634.0,22,1.59,6366,53634
80000,27,71646.0,22,1.59,8354,71646
100000,27,89577.0,22,1.59,10423,89577
200000,27,179143.0,22,1.59,20857,179143
400000,27,358283.0,22,1.59,41717,358283
600000,27,537372.0,22,1.59,62628,537372
800000,27,716279.0,22,1.59,83721,716279
1000000,27,895206.0,22,1.59,104794,895206
2,28,2.0,1,0.05,0,2
3,28,3.0,2,0.14,0,3
100,28,88.0,88,4.46,12,88
200,28,177.0,188,8.96,23,177
2000,28,1692.0,1988,89.96,308,1692
10000,28,8494.0,9988,449.96,1506,8494
20000,28,16978.0,19988,899.96,3022,16978
40000,28,34000.0,39988,1799.96,6000,34000
60000,28,50890.0,59988,2699.96,9110,50890
80000,28,67873.0,79988,3599.96,12127,67873
100000,28,84879.0,99988,4499.96,15121,84879
200000,28,169634.0,199988,8999.96,30366,169634
400000,28,339606.0,399988,17999.96,60394,339606
600000,28,509729.0,599988,26999.96,90271,509729
800000,28,679853.0,799988,35999.96,120147,679853
1000000,28,849684.0,999988,44999.96,150316,849684
2,29,1.0,1,0.05,1,1
3,29,2.0,2,0.14,1,2
100,29,85.0,20,1.4,15,85
200,29,176.0,20,1.4,24,176
2000,29,1785.0,20,1.4,215,1785
10000,29,8951.0,20,1.4,1049,8951
20000,29,17864.0,20,1.4,2136,17864
40000,29,35749.0,20,1.4,4251,35749
60000,29,53570.0,20,1.4,6430,53570
80000,29,71419.0,20,1.4,8581,71419
100000,29,89364.0,20,1.4,10636,89364
200000,29,178717.0,20,1.4,21283,178717
400000,29,357713.0,20,1.4,42287,357713
600000,29,536728.0,20,1.4,63272,536728
800000,29,715677.0,20,1.4,84323,715677
1000000,29,894778.0,20,1.4,105222,894778
2,30,2.0,1,0.05,0,2
3,30,3.0,2,0.14,0,3
100,30,86.0,20,1.4,14,86
200,30,174.0,20,1.4,26,174
2000,30,1779.0,20,1.4,221,1779
10000,30,8943.0,20,1.4,1057,8943
20000,30,17895.0,20,1.4,2105,17895
40000,30,35796.0,20,1.4,4204,35796
60000,30,53700.0,20,1.4,6300,53700
80000,30,71621.0,20,1.4,8379,71621
100000,30,89548.0,20,1.4,10452,89548
200000,30,179118.0,20,1.4,20882,179118
400000,30,358148.0,20,1.4,41852,358148
600000,30,537161.0,20,1.4,62839,537161
800000,30,715940.0,20,1.4,84060,715940
1000000,30,895158.0,20,1.4,104842,895158
2,31,2.0,1,0.05,0,2
3,31,3.0,2,0.14,0,3
100,31,89.0,20,1.4,11,89
200,31,184.0,20,1.4,16,184
2000,31,1767.0,20,1.4,233,1767
10000,31,8917.0,20,1.4,1083,8917
20000,31,17855.0,20,1.4,2145,17855
40000,31,35763.0,20,1.4,4237,35763
60000,31,53669.0,20,1.4,6331,53669
80000,31,71606.0,20,1.4,8394,71606
100000,31,89481.0,20,1.4,10519,89481
200000,31,178968.0,20,1.4,21032,178968
400000,31,357640.0,20,1.4,42360,357640
600000,31,536722.0,20,1.4,63278,536722
800000,31,715817.0,20,1.4,84183,715817
1000000,31,894927.0,20,1.4,105073,894927
2,32,2.0,1,0.05,0,2
3,32,3.0,2,0.14,0,3
100,32,88.0,20,1.4,12,88
200,32,179.0,20,1.4,21,179
2000,32,1788.0,20,1.4,212,1788
10000,32,8908.0,20,1.4,1092,8908
20000,32,17825.0,20,1.4,2175,17825
40000,32,35661.0,20,1.4,4339,35661
60000,32,53510.0,20,1.4,6490,53510
80000,32,71437.0,20,1.4,8563,71437
100000,32,89350.0,20,1.4,10650,89350
200000,32,178919.0,20,1.4,21081,178919
400000,32,357917.0,20,1.4,42083,357917
600000,32,537078.0,20,1.4,62922,537078
800000,32,716122.0,20,1.4,83878,716122
1000000,32,894996.0,20,1.4,105004,894996
2,33,1.0,1,0.05,1,1
3,33,2.0,2,0.14,1,2
100,33,79.0,56,4.72,21,79
200,33,172.0,56,4.72,28,172
2000,33,1781.0,56,4.72,219,1781
10000,33,8947.0,56,4.72,1053,8947
20000,33,17904.0,56,4.72,2096,17904
40000,33,35827.0,56,4.72,4173,35827
60000,33,53739.0,56,4.72,6261,53739
80000,33,71672.0,56,4.72,8328,71672
100000,33,89554.0,56,4.72,10446,89554
200000,33,179011.0,56,4.72,20989,179011
400000,33,357927.0,56,4.72,42073,357927
600000,33,536969.0,56,4.72,63031,536969
800000,33,716028.0,56,4.72,83972,716028
1000000,33,894934.0,56,4.72,105066,894934
2,34,1.0,1,0.05,1,1
3,34,2.0,2,0.14,1,2
100,34,84.0,90,4.9,16,84
200,34,164.0,190,9.4,36,164
2000,34,1712.0,1990,90.4,288,1712
10000,34,8560.0,9990,450.4,1440,8560
20000,34,17066.0,19990,900.4,2934,17066
40000,34,34124.0,39990,1800.4,5876,34124
60000,34,51250.0,59990,2700.4,8750,51250
80000,34,68217.0,79990,3600.4,11783,68217
100000,34,85221.0,99990,4500.4,14779,85221
200000,34,170445.0,199990,9000.4,29555,170445
400000,34,340395.0,399990,18000.4,59605,340395
600000,34,510318.0,599990,27000.4,89682,510318
800000,34,680397.0,799990,36000.4,119603,680397
1000000,34,850368.0,999990,45000.4,149632,850368
2,35,2.0,1,0.05,0,2
3,35,3.0,2,0.14,0,3
100,35,88.0,44,3.68,12,88
200,35,180.0,44,3.68,20,180
2000,35,1796.0,44,3.68,204,1796
10000,35,8923.0,44,3.68,1077,8923
20000,35,17841.0,44,3.68,2159,17841
40000,35,35760.0,44,3.68,4240,35760
60000,35,53662.0,44,3.68,6338,53662
80000,35,71581.0,44,3.68,8419,71581
100000,35,89493.0,44,3.68,10507,89493
200000,35,178921.0,44,3.68,21079,178921
400000,35,358055.0,44,3.68,41945,358055
600000,35,537220.0,44,3.68,62780,537220
800000,35,716527.0,44,3.68,83473,716527
1000000,35,895521.0,44,3.68,104479,895521
2,36,2.0,1,0.05,0,2
3,36,3.0,2,0.14,0,3
100,36,88.0,24,1.78,12,88
200,36,181.0,24,1.78,19,181
2000,36,1792.0,24,1.78,208,1792
10000,36,8966.0,24,1.78,1034,8966
20000,36,17877.0,24,1.78,2123,17877
40000,36,35785.0,24,1.78,4215,35785
60000,36,53691.0,24,1.78,6309,53691
80000,36,71603.0,24,1.78,8397,71603
100000,36,89546.0,24,1.78,10454,89546
200000,36,178966.0,24,1.78,21034,178966
400000,36,358128.0,24,1.78,41872,358128
600000,36,537188.0,24,1.78,62812,537188
800000,36,716368.0,24,1.78,83632,716368
1000000,36,895606.0,24,1.78,104394,895606
2,37,1.0,1,0.05,1,1
3,37,2.0,2,0.14,1,2
100,37,82.0,20,1.4,18,82
200,37,179.0,20,1.4,21,179
2000,37,1798.0,20,1.4,202,1798
10000,37,8983.0,20,1.4,1017,8983
20000,37,17902.0,20,1.4,2098,17902
40000,37,35873.0,20,1.4,4127,35873
60000,37,53791.0,20,1.4,6209,53791
80000,37,71758.0,20,1.4,8242,71758
100000,37,89636.0,20,1.4,10364,89636
200000,37,179287.0,20,1.4,20713,179287
400000,37,358102.0,20,1.4,41898,358102
600000,37,537188.0,20,1.4,62812,537188
800000,37,716175.0,20,1.4,83825,716175
1000000,37,894967.0,20,1.4,105033,894967
2,38,2.0,1,0.05,0,2
3,38,3.0,2,0.14,0,3
100,38,88.0,20,1.4,12,88
200,38,177.0,20,1.4,23,177
2000,38,1789.0,20,1.4,211,1789
10000,38,8947.0,20,1.4,1053,8947
20000,38,17869.0,20,1.4,2131,17869
40000,38,35787.0,20,1.4,4213,35787
60000,38,53710.0,20,1.4,6290,53710
80000,38,71574.0,20,1.4,8426,71574
100000,38,89427.0,20,1.4,10573,89427
200000,38,178977.0,20,1.4,21023,178977
400000,38,358138.0,20,1.4,41862,358138
600000,38,537280.0,20,1.4,62720,537280
800000,38,716170.0,20,1.4,83830,716170
1000000,38,895299.0,20,1.4,104701,895299
2,39,2.0,1,0.05,0,2
3,39,3.0,2,0.14,0,3
100,39,89.0,21,1.45,11,89
200,39,178.0,21,1.45,22,178
2000,39,1794.0,21,1.45,206,1794
10000,39,8907.0,21,1.45,1093,8907
20000,39,17860.0,21,1.45,2140,17860
40000,39,35798.0,21,1.45,4202,35798
60000,39,53736.0,21,1.45,6264,53736
80000,39,71571.0,21,1.45,8429,71571
100000,39,89376.0,21,1.45,10624,89376
200000,39,178805.0,21,1.45,21195,178805
400000,39,357656.0,21,1.45,42344,357656
600000,39,536461.0,21,1.45,63539,536461
800000,39,715226.0,21,1.45,84774,715226
1000000,39,894019.0,21,1.45,105981,894019
2,40,2.0,1,0.05,0,2
3,40,3.0,2,0.14,0,3
100,40,89.0,26,1.97,11,89
200,40,176.0,26,1.97,24,176
2000,40,1766.0,26,1.97,234,1766
10000,40,8953.0,26,1.97,1047,8953
20000,40,17955.0,26,1.97,2045,17955
40000,40,35897.0,26,1.97,4103,35897
60000,40,53744.0,26,1.97,6256,53744
80000,40,71619.0,26,1.97,8381,71619
100000,40,89506.0,26,1.97,10494,89506
200000,40,178968.0,26,1.97,21032,178968
400000,40,357744.0,26,1.97,42256,357744
600000,40,536694.0,26,1.97,63306,536694
800000,40,715649.0,26,1.97,84351,715649
1000000,40,894571.0,26,1.97,105429,894571
2,41,0.0,1,0.05,2,0
3,41,0.0,2,0.14,3,0
100,41,88.0,20,1.4,12,88
200,41,179.0,20,1.4,21,179
2000,41,1796.0,20,1.4,204,1796
10000,41,8970.0,20,1.4,1030,8970
20000,41,17963.0,20,1.4,2037,17963
40000,41,35899.0,20,1.4,4101,35899
60000,41,53825.0,20,1.4,6175,53825
80000,41,71722.0,20,1.4,8278,71722
100000,41,89578.0,20,1.4,10422,89578
200000,41,178947.0,20,1.4,21053,178947
400000,41,357815.0,20,1.4,42185,357815
600000,41,537004.0,20,1.4,62996,537004
800000,41,715976.0,20,1.4,84024,715976
1000000,41,894696.0,20,1.4,105304,894696
2,42,2.0,1,0.05,0,2
3,42,3.0,2,0.14,0,3
100,42,90.0,90,4.55,10,90
200,42,178.0,190,9.05,22,178
2000,42,1705.0,1990,90.05,295,1705
10000,42,8510.0,9990,450.05,1490,8510
20000,42,16983.0,19990,900.05,3017,16983
40000,42,33983.0,39990,1800.05,6017,33983
60000,42,50924.0,59990,2700.05,9076,50924
80000,42,67932.0,79990,3600.05,12068,67932
100000,42,84982.0,99990,4500.05,15018,84982
200000,42,170092.0,199990,9000.05,29908,170092
400000,42,339777.0,399990,18000.05,60223,339777
600000,42,509753.0,599990,27000.05,90247,509753
800000,42,679808.0,799990,36000.05,120192,679808
1000000,42,849519.0,999990,45000.05,150481,849519
2,43,2.0,1,0.05,0,2
3,43,3.0,2,0.14,0,3
100,43,86.0,55,4.27,14,86
200,43,168.0,121,7.24,32,168
2000,43,1769.0,189,10.35,231,1769
10000,43,8912.0,189,10.35,1088,8912
20000,43,17871.0,189,10.35,2129,17871
40000,43,35752.0,189,10.35,4248,35752
60000,43,53692.0,189,10.35,6308,53692
80000,43,71568.0,189,10.35,8432,71568
100000,43,89470.0,189,10.35,10530,89470
200000,43,178900.0,189,10.35,21100,178900
400000,43,357643.0,189,10.35,42357,357643
600000,43,536570.0,189,10.35,63430,536570
800000,43,715782.0,189,10.35,84218,715782
1000000,43,894941.0,189,10.35,105059,894941
2,44,2.0,1,0.05,0,2
3,44,3.0,2,0.14,0,3
100,44,84.0,29,2.26,16,84
200,44,168.0,29,2.26,32,168
2000,44,1772.0,29,2.26,228,1772
10000,44,8894.0,29,2.26,1106,8894
20000,44,17879.0,29,2.26,2121,17879
40000,44,35758.0,29,2.26,4242,35758
60000,44,53732.0,29,2.26,6268,53732
80000,44,71716.0,29,2.26,8284,71716
100000,44,89596.0,29,2.26,10404,89596
200000,44,179142.0,29,2.26,20858,179142
400000,44,358047.0,29,2.26,41953,358047
600000,44,536975.0,29,2.26,63025,536975
800000,44,716033.0,29,2.26,83967,716033
1000000,44,895070.0,29,2.26,104930,895070
2,45,1.0,1,0.05,1,1
3,45,2.0,2,0.14,1,2
100,45,84.0,20,1.4,16,84
200,45,174.0,20,1.4,26,174
2000,45,1805.0,20,1.4,195,1805
10000,45,8945.0,20,1.4,1055,8945
20000,45,17918.0,20,1.4,2082,17918
40000,45,35805.0,20,1.4,4195,35805
60000,45,53765.0,20,1.4,6235,53765
80000,45,71634.0,20,1.4,8366,71634
100000,45,89488.0,20,1.4,10512,89488
200000,45,179076.0,20,1.4,20924,179076
400000,45,357919.0,20,1.4,42081,357919
600000,45,536837.0,20,1.4,63163,536837
800000,45,715880.0,20,1.4,84120,715880
1000000,45,894966.0,20,1.4,105034,894966
2,46,1.0,1,0.05,1,1
3,46,1.0,2,0.14,2,1
100,46,87.0,89,4.5,13,87
200,46,171.0,189,9.0,29,171
2000,46,1676.0,1989,90.01,324,1676
10000,46,8522.0,9989,450.01,1478,8522
20000,46,17015.0,19989,900.0,2985,17015
40000,46,34006.0,39989,1800.01,5994,34006
60000,46,51019.0,59989,2700.01,8981,51019
80000,46,67942.0,79989,3600.01,12058,67942
100000,46,84949.0,99989,4500.01,15051,84949
200000,46,169962.0,199989,9000.01,30038,169962
400000,46,339887.0,399989,18000.0,60113,339887
600000,46,509801.0,599989,27000.0,90199,509801
800000,46,680271.0,799989,36000.0,119729,680271
1000000,46,850474.0,999989,45000.0,149526,850474
2,47,2.0,1,0.05,0,2
3,47,3.0,2,0.14,0,3
100,47,87.0,89,7.9,13,87
200,47,168.0,189,17.41,32,168
2000,47,1709.0,658,61.81,291,1709
10000,47,8831.0,658,61.81,1169,8831
20000,47,17797.0,658,61.81,2203,17797
40000,47,35664.0,658,61.81,4336,35664
60000,47,53573.0,658,61.81,6427,53573
80000,47,71454.0,658,61.81,8546,71454
100000,47,89278.0,658,61.81,10722,89278
200000,47,178852.0,658,61.81,21148,178852
400000,47,357823.0,658,61.81,42177,357823
600000,47,536616.0,658,61.81,63384,536616
800000,47,715541.0,658,61.81,84459,715541
1000000,47,894596.0,658,61.81,105404,894596
2,48,2.0,1,0.05,0,2
3,48,3.0,2,0.14,0,3
100,48,81.0,90,4.55,19,81
200,48,163.0,190,9.05,37,163
2000,48,1706.0,1990,90.05,294,1706
10000,48,8436.0,9990,450.05,1564,8436
20000,48,16941.0,19990,900.05,3059,16941
40000,48,33930.0,39990,1800.05,6070,33930
60000,48,50891.0,59990,2700.05,9109,50891
80000,48,67895.0,79990,3600.05,12105,67895
100000,48,84829.0,99990,4500.05,15171,84829
200000,48,169644.0,199990,9000.05,30356,169644
400000,48,339554.0,399990,18000.05,60446,339554
600000,48,509602.0,599990,27000.05,90398,509602
800000,48,679493.0,799990,36000.05,120507,679493
1000000,48,849501.0,999990,45000.05,150499,849501
2,49,2.0,1,0.05,0,2
3,49,3.0,2,0.14,0,3
100,49,86.0,20,1.4,14,86
200,49,169.0,20,1.4,31,169
2000,49,1778.0,20,1.4,222,1778
10000,49,8968.0,20,1.4,1032,8968
20000,49,17883.0,20,1.4,2117,17883
40000,49,35821.0,20,1.4,4179,35821
60000,49,53714.0,20,1.4,6286,53714
80000,49,71595.0,20,1.4,8405,71595
100000,49,89555.0,20,1.4,10445,89555
200000,49,179024.0,20,1.4,20976,179024
400000,49,358017.0,20,1.4,41983,358017
600000,49,537021.0,20,1.4,62979,537021
800000,49,716245.0,20,1.4,83755,716245
1000000,49,895004.0,20,1.4,104996,895004
2,50,1.0,1,0.05,1,1
3,50,2.0,2,0.14,1,2
100,50,89.0,21,1.5,11,89
200,50,179.0,21,1.5,21,179
2000,50,1779.0,21,1.5,221,1779
10000,50,8911.0,21,1.5,1089,8911
20000,50,17894.0,21,1.5,2106,17894
40000,50,35770.0,21,1.5,4230,35770
60000,50,53621.0,21,1.5,6379,53621
80000,50,71526.0,21,1.5,8474,71526
100000,50,89433.0,21,1.5,10567,89433
200000,50,178899.0,21,1.5,21101,178899
400000,50,357938.0,21,1.5,42062,357938
600000,50,537007.0,21,1.5,62993,537007
800000,50,716000.0,21,1.5,84000,716000
1000000,50,894925.0,21,1.5,105075,894925
2,51,1.0,1,0.05,1,1
3,51,2.0,2,0.14,1,2
100,51,87.0,42,3.49,13,87
200,51,173.0,120,10.9,27,173
2000,51,1763.0,223,20.68,237,1763
10000,51,8985.0,223,20.68,1015,8985
20000,51,17906.0,223,20.68,2094,17906
40000,51,35769.0,223,20.68,4231,35769
60000,51,53736.0,223,20.68,6264,53736
80000,51,71569.0,223,20.68,8431,71569
100000,51,89448.0,223,20.68,10552,89448
200000,51,178927.0,223,20.68,21073,178927
400000,51,357753.0,223,20.68,42247,357753
600000,51,536753.0,223,20.68,63247,536753
800000,51,715686.0,223,20.68,84314,715686
1000000,51,894898.0,223,20.68,105102,894898
2,52,2.0,1,0.05,0,2
3,52,2.0,2,0.14,1,2
100,52,89.0,34,2.03,11,89
200,52,175.0,34,2.03,25,175
2000,52,1784.0,36,2.12,216,1784
10000,52,8982.0,36,2.12,1018,8982
20000,52,17934.0,36,2.12,2066,17934
40000,52,35828.0,36,2.12,4172,35828
60000,52,53742.0,36,2.12,6258,53742
80000,52,71591.0,36,2.12,8409,71591
100000,52,89449.0,36,2.12,10551,89449
200000,52,179120.0,36,2.12,20880,179120
400000,52,357847.0,36,2.12,42153,357847
600000,52,536818.0,36,2.12,63182,536818
800000,52,715898.0,36,2.12,84102,715898
1000000,52,894886.0,36,2.12,105114,894886
2,53,2.0,1,0.05,0,2
3,53,3.0,2,0.14,0,3
100,53,93.0,20,1.4,7,93
200,53,187.0,20,1.4,13,187
2000,53,1783.0,23,1.54,217,1783
10000,53,8984.0,23,1.54,1016,8984
20000,53,17978.0,23,1.54,2022,17978
40000,53,35829.0,23,1.54,4171,35829
60000,53,53739.0,23,1.54,6261,53739
80000,53,71659.0,23,1.54,8341,71659
100000,53,89535.0,23,1.54,10465,89535
200000,53,179035.0,23,1.54,20965,179035
400000,53,358069.0,23,1.54,41931,358069
600000,53,537045.0,23,1.54,62955,537045
800000,53,716002.0,23,1.54,83998,716002
1000000,53,894896.0,23,1.54,105104,894896
2,54,2.0,1,0.05,0,2
3,54,3.0,2,0.14,0,3
100,54,82.0,71,3.69,18,82
200,54,166.0,171,8.19,34,166
2000,54,1697.0,1971,89.2,303,1697
10000,54,8499.0,9971,449.2,1501,8499
20000,54,16980.0,19971,899.19,3020,16980
40000,54,34071.0,39971,1799.2,5929,34071
60000,54,51038.0,59971,2699.2,8962,51038
80000,54,68004.0,79971,3599.2,11996,68004
100000,54,85004.0,99971,4499.2,14996,85004
200000,54,170077.0,199971,8999.2,29923,170077
400000,54,340333.0,399971,17999.19,59667,340333
600000,54,510132.0,599971,26999.19,89868,510132
800000,54,680312.0,799971,35999.19,119688,680312
1000000,54,850514.0,999971,44999.19,149486,850514
2,55,2.0,1,0.05,0,2
3,55,3.0,2,0.14,0,3
100,55,86.0,20,1.4,14,86
200,55,174.0,20,1.4,26,174
2000,55,1791.0,20,1.4,209,1791
10000,55,8996.0,20,1.4,1004,8996
20000,55,17921.0,20,1.4,2079,17921
40000,55,35807.0,20,1.4,4193,35807
60000,55,53702.0,20,1.4,6298,53702
80000,55,71606.0,20,1.4,8394,71606
100000,55,89420.0,20,1.4,10580,89420
200000,55,178900.0,20,1.4,21100,178900
400000,55,358147.0,20,1.4,41853,358147
600000,55,537056.0,20,1.4,62944,537056
800000,55,716148.0,20,1.4,83852,716148
1000000,55,895208.0,20,1.4,104792,895208
2,56,2.0,1,0.05,0,2
3,56,3.0,2,0.14,0,3
100,56,85.0,90,4.55,15,85
200,56,178.0,190,9.05,22,178
2000,56,1693.0,1990,90.05,307,1693
10000,56,8459.0,9990,450.05,1541,8459
20000,56,16962.0,19990,900.05,3038,16962
40000,56,33944.0,39990,1800.05,6056,33944
60000,56,50964.0,59990,2700.05,9036,50964
80000,56,67910.0,79990,3600.05,12090,67910
100000,56,84878.0,99990,4500.05,15122,84878
200000,56,169857.0,199990,9000.05,30143,169857
400000,56,339902.0,399990,18000.05,60098,339902
600000,56,509752.0,599990,27000.05,90248,509752
800000,56,679871.0,799990,36000.05,120129,679871
1000000,56,849711.0,999990,45000.05,150289,849711
2,57,1.0,1,0.05,1,1
3,57,2.0,2,0.14,1,2
100,57,85.0,87,7.76,15,85
200,57,168.0,183,16.89,32,168
2000,57,1680.0,1982,104.59,320,1680
10000,57,8444.0,9982,464.59,1556,8444
20000,57,16943.0,19982,914.59,3057,16943
40000,57,33916.0,39982,1814.59,6084,33916
60000,57,50928.0,59982,2714.59,9072,50928
80000,57,67968.0,79982,3614.59,12032,67968
100000,57,84969.0,99982,4514.59,15031,84969
200000,57,169942.0,199982,9014.59,30058,169942
400000,57,339797.0,399982,18014.59,60203,339797
600000,57,509859.0,599982,27014.59,90141,509859
800000,57,679723.0,799982,36014.59,120277,679723
1000000,57,849812.0,999982,45014.59,150188,849812
2,58,2.0,1,0.05,0,2
3,58,3.0,2,0.14,0,3
100,58,89.0,20,1.4,11,89
200,58,183.0,28,2.16,17,183
2000,58,1801.0,28,2.16,199,1801
10000,58,8962.0,28,2.16,1038,8962
20000,58,17861.0,28,2.16,2139,17861
40000,58,35829.0,28,2.16,4171,35829
60000,58,53756.0,28,2.16,6244,53756
80000,58,71649.0,28,2.16,8351,71649
100000,58,89510.0,28,2.16,10490,89510
200000,58,179098.0,28,2.16,20902,179098
400000,58,358030.0,28,2.16,41970,358030
600000,58,537072.0,28,2.16,62928,537072
800000,58,716142.0,28,2.16,83858,716142
1000000,58,895090.0,28,2.16,104910,895090
2,59,1.0,1,0.05,1,1
3,59,2.0,2,0.14,1,2
100,59,87.0,20,1.4,13,87
200,59,178.0,20,1.4,22,178
2000,59,1767.0,20,1.4,233,1767
10000,59,8877.0,20,1.4,1123,8877
20000,59,17835.0,20,1.4,2165,17835
40000,59,35774.0,20,1.4,4226,35774
60000,59,53739.0,20,1.4,6261,53739
80000,59,71563.0,20,1.4,8437,71563
100000,59,89435.0,20,1.4,10565,89435
200000,59,178936.0,20,1.4,21064,178936
400000,59,357837.0,20,1.4,42163,357837
600000,59,536711.0,20,1.4,63289,536711
800000,59,715760.0,20,1.4,84240,715760
1000000,59,894590.0,20,1.4,105410,894590
2,60,2.0,1,0.05,0,2
3,60,3.0,2,0.14,0,3
100,60,85.0,50,2.75,15,85
200,60,177.0,50,2.75,23,177
2000,60,1792.0,50,2.75,208,1792
10000,60,8950.0,50,2.75,1050,8950
20000,60,17858.0,50,2.75,2142,17858
40000,60,35746.0,50,2.75,4254,35746
60000,60,53611.0,50,2.75,6389,53611
80000,60,71527.0,50,2.75,8473,71527
100000,60,89391.0,50,2.75,10609,89391
200000,60,178884.0,50,2.75,21116,178884
400000,60,357932.0,50,2.75,42068,357932
600000,60,536919.0,50,2.75,63081,536919
800000,60,716050.0,50,2.75,83950,716050
1000000,60,895048.0,50,2.75,104952,895048
2,61,2.0,1,0.05,0,2
3,61,3.0,2,0.14,0,3
100,61,87.0,20,1.4,13,87
200,61,175.0,20,1.4,25,175
2000,61,1799.0,20,1.4,201,1799
10000,61,8983.0,20,1.4,1017,8983
20000,61,17891.0,20,1.4,2109,17891
40000,61,35813.0,20,1.4,4187,35813
60000,61,53714.0,20,1.4,6286,53714
80000,61,71632.0,20,1.4,8368,71632
100000,61,89479.0,20,1.4,10521,89479
200000,61,178843.0,20,1.4,21157,178843
400000,61,357862.0,20,1.4,42138,357862
600000,61,536849.0,20,1.4,63151,536849
800000,61,716022.0,20,1.4,83978,716022
1000000,61,895058.0,20,1.4,104942,895058
2,62,2.0,1,0.05,0,2
3,62,3.0,2,0.14,0,3
100,62,82.0,90,8.05,18,82
200,62,157.0,190,17.35,43,157
2000,62,1590.0,1990,188.35,410,1590
10000,62,7974.0,9990,948.35,2026,7974
20000,62,16004.0,19990,1898.35,3996,16004
40000,62,32005.0,39990,3798.35,7995,32005
60000,62,47985.0,59990,5698.35,12015,47985
80000,62,64033.0,79990,7598.35,15967,64033
100000,62,79959.0,99990,9498.35,20041,79959
200000,62,159902.0,199990,18998.35,40098,159902
400000,62,319932.0,399990,37998.35,80068,319932
600000,62,480072.0,599990,56998.35,119928,480072
800000,62,640063.0,799990,75998.35,159937,640063
1000000,62,799940.0,999990,94998.35,200060,799940
2,63,2.0,1,0.05,0,2
3,63,3.0,2,0.14,0,3
100,63,86.0,90,4.55,14,86
200,63,173.0,190,9.05,27,173
2000,63,1678.0,1990,90.05,322,1678
10000,63,8458.0,9990,450.05,1542,8458
20000,63,16960.0,19990,900.05,3040,16960
40000,63,34100.0,39990,1800.05,5900,34100
60000,63,51150.0,59990,2700.05,8850,51150
80000,63,68145.0,79990,3600.05,11855,68145
100000,63,85202.0,99990,4500.05,14798,85202
200000,63,170140.0,199990,9000.05,29860,170140
400000,63,340082.0,399990,18000.05,59918,340082
600000,63,510201.0,599990,27000.05,89799,510201
800000,63,680172.0,799990,36000.05,119828,680172
1000000,63,849788.0,999990,45000.05,150212,849788
2,64,1.0,1,0.05,1,1
3,64,1.0,2,0.14,2,1
100,64,89.0,20,1.4,11,89
200,64,175.0,22,1.49,25,175
2000,64,1788.0,22,1.49,212,1788
10000,64,8956.0,22,1.49,1044,8956
20000,64,17937.0,22,1.49,2063,17937
40000,64,35786.0,22,1.49,4214,35786
60000,64,53586.0,22,1.49,6414,53586
80000,64,71435.0,22,1.49,8565,71435
100000,64,89343.0,22,1.49,10657,89343
200000,64,178921.0,22,1.49,21079,178921
400000,64,357835.0,22,1.49,42165,357835
600000,64,537145.0,22,1.49,62855,537145
800000,64,716181.0,22,1.49,83819,716181
1000000,64,895413.0,22,1.49,104587,895413
2,65,2.0,1,0.05,0,2
3,65,3.0,2,0.14,0,3
100,65,85.0,46,3.32,15,85
200,65,178.0,46,3.32,22,178
2000,65,1784.0,46,3.32,216,1784
10000,65,8932.0,46,3.32,1068,8932
20000,65,17886.0,46,3.32,2114,17886
40000,65,35817.0,46,3.32,4183,35817
60000,65,53803.0,46,3.32,6197,53803
80000,65,71679.0,46,3.32,8321,71679
100000,65,89519.0,46,3.32,10481,89519
200000,65,179227.0,46,3.32,20773,179227
400000,65,358405.0,46,3.32,41595,358405
600000,65,537416.0,46,3.32,62584,537416
800000,65,716436.0,46,3.32,83564,716436
1000000,65,895385.0,46,3.32,104615,895385
2,66,2.0,1,0.05,0,2
3,66,3.0,2,0.14,0,3
100,66,90.0,29,2.0,10,90
200,66,176.0,29,2.0,24,176
2000,66,1787.0,29,2.0,213,1787
10000,66,8960.0,29,2.0,1040,8960
20000,66,17893.0,29,2.0,2107,17893
40000,66,35809.0,29,2.0,4191,35809
60000,66,53733.0,29,2.0,6267,53733
80000,66,71699.0,29,2.0,8301,71699
100000,66,89580.0,29,2.0,10420,89580
200000,66,179039.0,29,2.0,20961,179039
400000,66,358152.0,29,2.0,41848,358152
600000,66,537248.0,29,2.0,62752,537248
800000,66,716271.0,29,2.0,83729,716271
1000000,66,895310.0,29,2.0,104690,895310
2,67,2.0,1,0.05,0,2
3,67,2.0,2,0.14,1,2
100,67,87.0,55,3.02,13,87
200,67,177.0,55,3.02,23,177
2000,67,1801.0,55,3.02,199,1801
10000,67,8979.0,55,3.02,1021,8979
20000,67,17897.0,55,3.02,2103,17897
40000,67,35829.0,55,3.02,4171,35829
60000,67,53778.0,55,3.02,6222,53778
80000,67,71732.0,55,3.02,8268,71732
100000,67,89606.0,55,3.02,10394,89606
200000,67,179239.0,55,3.02,20761,179239
400000,67,358370.0,55,3.02,41630,358370
600000,67,537384.0,55,3.02,62616,537384
800000,67,716386.0,55,3.02,83614,716386
1000000,67,895342.0,55,3.02,104658,895342
2,68,2.0,1,0.05,0,2
3,68,3.0,2,0.14,0,3
100,68,87.0,23,1.54,13,87
200,68,179.0,23,1.54,21,179
2000,68,1795.0,23,1.54,205,1795
10000,68,8986.0,23,1.54,1014,8986
20000,68,17954.0,23,1.54,2046,17954
40000,68,35851.0,23,1.54,4149,35851
60000,68,53770.0,23,1.54,6230,53770
80000,68,71610.0,23,1.54,8390,71610
100000,68,89559.0,23,1.54,10441,89559
200000,68,178936.0,23,1.54,21064,178936
400000,68,357913.0,23,1.54,42087,357913
600000,68,536819.0,23,1.54,63181,536819
800000,68,715639.0,23,1.54,84361,715639
1000000,68,894507.0,23,1.54,105493,894507
2,69,1.0,1,0.05,1,1
3,69,2.0,2,0.14,1,2
100,69,90.0,35,2.07,10,90
200,69,179.0,35,2.07,21,179
2000,69,1796.0,35,2.07,204,1796
10000,69,8900.0,35,2.07,1100,8900
20000,69,17868.0,35,2.07,2132,17868
40000,69,35797.0,35,2.07,4203,35797
60000,69,53696.0,35,2.07,6304,53696
80000,69,71645.0,35,2.07,8355,71645
100000,69,89533.0,35,2.07,10467,89533
200000,69,179237.0,35,2.07,20763,179237
400000,69,358081.0,35,2.07,41919,358081
600000,69,536992.0,35,2.07,63008,536992
800000,69,716100.0,35,2.07,83900,716100
1000000,69,895030.0,35,2.07,104970,895030
2,70,1.0,1,0.05,1,1
3,70,1.0,2,0.14,2,1
100,70,87.0,22,1.49,13,87
200,70,175.0,22,1.49,25,175
2000,70,1774.0,22,1.49,226,1774
10000,70,8999.0,22,1.49,1001,8999
20000,70,17932.0,22,1.49,2068,17932
40000,70,35870.0,22,1.49,4130,35870
60000,70,53789.0,22,1.49,6211,53789
80000,70,71690.0,22,1.49,8310,71690
100000,70,89625.0,22,1.49,10375,89625
200000,70,179082.0,22,1.49,20918,179082
400000,70,357974.0,22,1.49,42026,357974
600000,70,536784.0,22,1.49,63216,536784
800000,70,715782.0,22,1.49,84218,715782
1000000,70,894799.0,22,1.49,105201,894799
2,71,1.0,1,0.05,1,1
3,71,2.0,2,0.14,1,2
100,71,91.0,20,1.4,9,91
200,71,180.0,20,1.4,20,180
2000,71,1792.0,20,1.4,208,1792
10000,71,8980.0,20,1.4,1020,8980
20000,71,17910.0,20,1.4,2090,17910
40000,71,35740.0,20,1.4,4260,35740
60000,71,53677.0,20,1.4,6323,53677
80000,71,71612.0,20,1.4,8388,71612
100000,71,89524.0,20,1.4,10476,89524
200000,71,178891.0,20,1.4,21109,178891
400000,71,357714.0,20,1.4,42286,357714
600000,71,536741.0,20,1.4,63259,536741
800000,71,715571.0,20,1.4,84429,715571
1000000,71,894668.0,20,1.4,105332,894668
2,72,1.0,1,0.05,1,1
3,72,2.0,2,0.14,1,2
100,72,86.0,20,1.4,14,86
200,72,174.0,20,1.4,26,174
2000,72,1804.0,20,1.4,196,1804
10000,72,8949.0,20,1.4,1051,8949
20000,72,17898.0,20,1.4,2102,17898
40000,72,35749.0,20,1.4,4251,35749
60000,72,53678.0,20,1.4,6322,53678
80000,72,71651.0,20,1.4,8349,71651
100000,72,89536.0,20,1.4,10464,89536
200000,72,178968.0,20,1.4,21032,178968
400000,72,357911.0,20,1.4,42089,357911
600000,72,537001.0,20,1.4,62999,537001
800000,72,715973.0,20,1.4,84027,715973
1000000,72,895063.0,20,1.4,104937,895063
2,73,1.0,1,0.05,1,1
3,73,2.0,2,0.14,1,2
100,73,90.0,20,1.4,10,90
200,73,173.0,54,4.63,27,173
2000,73,1796.0,54,4.63,204,1796
10000,73,8948.0,54,4.63,1052,8948
20000,73,17947.0,54,4.63,2053,17947
40000,73,35838.0,54,4.63,4162,35838
60000,73,53699.0,54,4.63,6301,53699
80000,73,71673.0,54,4.63,8327,71673
100000,73,89560.0,54,4.63,10440,89560
200000,73,179118.0,54,4.63,20882,179118
400000,73,357948.0,54,4.63,42052,357948
600000,73,536931.0,54,4.63,63069,536931
800000,73,715968.0,54,4.63,84032,715968
1000000,73,895081.0,54,4.63,104919,895081
2,74,2.0,1,0.05,0,2
3,74,3.0,2,0.14,0,3
100,74,91.0,79,4.05,9,91
200,74,184.0,79,4.05,16,184
2000,74,1805.0,89,4.8,195,1805
10000,74,8978.0,113,5.88,1022,8978
20000,74,17919.0,113,5.88,2081,17919
40000,74,35827.0,113,5.88,4173,35827
60000,74,53814.0,113,5.88,6186,53814
80000,74,71740.0,113,5.88,8260,71740
100000,74,89706.0,113,5.88,10294,89706
200000,74,179377.0,113,5.88,20623,179377
400000,74,358303.0,113,5.88,41697,358303
600000,74,537493.0,113,5.88,62507,537493
800000,74,716375.0,113,5.88,83625,716375
1000000,74,895462.0,113,5.88,104538,895462
2,75,2.0,1,0.05,0,2
3,75,2.0,2,0.14,1,2
100,75,85.0,21,1.45,15,85
200,75,173.0,21,1.45,27,173
2000,75,1767.0,21,1.45,233,1767
10000,75,8900.0,21,1.45,1100,8900
20000,75,17851.0,21,1.45,2149,17851
40000,75,35835.0,21,1.45,4165,35835
60000,75,53754.0,21,1.45,6246,53754
80000,75,71669.0,21,1.45,8331,71669
100000,75,89535.0,21,1.45,10465,89535
200000,75,179022.0,21,1.45,20978,179022
400000,75,357537.0,21,1.45,42463,357537
600000,75,536635.0,21,1.45,63365,536635
800000,75,715714.0,21,1.45,84286,715714
1000000,75,894933.0,21,1.45,105067,894933
2,76,2.0,1,0.05,0,2
3,76,2.0,2,0.14,1,2
100,76,82.0,85,4.32,18,82
200,76,162.0,185,8.82,38,162
2000,76,1707.0,1985,89.83,293,1707
10000,76,8535.0,9985,449.83,1465,8535
20000,76,16988.0,19985,899.82,3012,16988
40000,76,33986.0,39985,1799.83,6014,33986
60000,76,50911.0,59985,2699.83,9089,50911
80000,76,67828.0,79985,3599.83,12172,67828
100000,76,84819.0,99985,4499.83,15181,84819
200000,76,169890.0,199985,8999.83,30110,169890
400000,76,339928.0,399985,17999.82,60072,339928
600000,76,509822.0,599985,26999.82,90178,509822
800000,76,680025.0,799985,35999.82,119975,680025
1000000,76,850135.0,999985,44999.82,149865,850135
2,77,2.0,1,0.05,0,2
3,77,2.0,2,0.14,1,2
100,77,91.0,47,2.61,9,91
200,77,176.0,64,3.48,24,176
2000,77,1795.0,65,3.52,205,1795
10000,77,8973.0,65,3.52,1027,8973
20000,77,17943.0,65,3.52,2057,17943
40000,77,35840.0,65,3.52,4160,35840
60000,77,53646.0,65,3.52,6354,53646
80000,77,71502.0,65,3.52,8498,71502
100000,77,89359.0,65,3.52,10641,89359
200000,77,179058.0,65,3.52,20942,179058
400000,77,358252.0,65,3.52,41748,358252
600000,77,536965.0,65,3.52,63035,536965
800000,77,715844.0,65,3.52,84156,715844
1000000,77,894739.0,65,3.52,105261,894739
2,78,2.0,1,0.05,0,2
3,78,3.0,2,0.14,0,3
100,78,85.0,90,4.55,15,85
200,78,171.0,190,9.05,29,171
2000,78,1697.0,1990,90.05,303,1697
10000,78,8464.0,9990,450.05,1536,8464
20000,78,16985.0,19990,900.05,3015,16985
40000,78,33997.0,39990,1800.05,6003,33997
60000,78,50972.0,59990,2700.05,9028,50972
80000,78,67925.0,79990,3600.05,12075,67925
100000,78,84971.0,99990,4500.05,15029,84971
200000,78,170050.0,199990,9000.05,29950,170050
400000,78,340037.0,399990,18000.05,59963,340037
600000,78,510099.0,599990,27000.05,89901,510099
800000,78,680321.0,799990,36000.05,119679,680321
1000000,78,850107.0,999990,45000.05,149893,850107
2,79,2.0,1,0.05,0,2
3,79,2.0,2,0.14,1,2
100,79,84.0,62,3.29,16,84
200,79,171.0,162,7.79,29,171
2000,79,1770.0,237,11.16,230,1770
10000,79,8883.0,237,11.16,1117,8883
20000,79,17797.0,237,11.16,2203,17797
40000,79,35641.0,237,11.16,4359,35641
60000,79,53582.0,237,11.16,6418,53582
80000,79,71448.0,237,11.16,8552,71448
100000,79,89423.0,237,11.16,10577,89423
200000,79,178764.0,237,11.16,21236,178764
400000,79,357818.0,237,11.16,42182,357818
600000,79,536868.0,237,11.16,63132,536868
800000,79,715695.0,237,11.16,84305,715695
1000000,79,894785.0,237,11.16,105215,894785
2,80,2.0,1,0.05,0,2
3,80,3.0,2,0.14,0,3
100,80,84.0,20,1.4,16,84
200,80,173.0,20,1.4,27,173
2000,80,1779.0,20,1.4,221,1779
10000,80,8922.0,20,1.4,1078,8922
20000,80,17858.0,20,1.4,2142,17858
40000,80,35769.0,20,1.4,4231,35769
60000,80,53635.0,20,1.4,6365,53635
80000,80,71554.0,20,1.4,8446,71554
100000,80,89435.0,20,1.4,10565,89435
200000,80,178969.0,20,1.4,21031,178969
400000,80,358051.0,20,1.4,41949,358051
600000,80,536793.0,20,1.4,63207,536793
800000,80,715735.0,20,1.4,84265,715735
1000000,80,894905.0,20,1.4,105095,894905
2,81,2.0,1,0.05,0,2
3,81,3.0,2,0.14,0,3
100,81,88.0,23,1.54,12,88
200,81,182.0,23,1.54,18,182
2000,81,1775.0,23,1.54,225,1775
10000,81,8895.0,23,1.54,1105,8895
20000,81,17868.0,23,1.54,2132,17868
40000,81,35753.0,23,1.54,4247,35753
60000,81,53651.0,23,1.54,6349,53651
80000,81,71608.0,23,1.54,8392,71608
100000,81,89496.0,23,1.54,10504,89496
200000,81,178821.0,23,1.54,21179,178821
400000,81,357729.0,23,1.54,42271,357729
600000,81,536704.0,23,1.54,63296,536704
800000,81,715848.0,23,1.54,84152,715848
1000000,81,894705.0,23,1.54,105295,894705
2,82,2.0,1,0.05,0,2
3,82,3.0,2,0.14,0,3
100,82,92.0,20,1.4,8,92
200,82,181.0,20,1.4,19,181
2000,82,1786.0,23,1.68,214,1786
10000,82,8909.0,23,1.68,1091,8909
20000,82,17863.0,23,1.68,2137,17863
40000,82,35773.0,23,1.68,4227,35773
60000,82,53777.0,23,1.68,6223,53777
80000,82,71712.0,23,1.68,8288,71712
100000,82,89574.0,23,1.68,10426,89574
200000,82,178912.0,23,1.68,21088,178912
400000,82,358096.0,23,1.68,41904,358096
600000,82,537383.0,23,1.68,62617,537383
800000,82,716208.0,23,1.68,83792,716208
1000000,82,895174.0,23,1.68,104826,895174
2,83,1.0,1,0.05,1,1
3,83,2.0,2,0.14,1,2
100,83,81.0,64,4.43,19,81
200,83,168.0,164,8.93,32,168
2000,83,1693.0,1964,89.93,307,1693
10000,83,8536.0,9964,449.93,1464,8536
20000,83,17070.0,19964,899.93,2930,17070
40000,83,34082.0,39964,1799.93,5918,34082
60000,83,51066.0,59964,2699.93,8934,51066
80000,83,68006.0,79964,3599.93,11994,68006
100000,83,84999.0,99964,4499.93,15001,84999
200000,83,170018.0,199964,8999.93,29982,170018
400000,83,340190.0,399964,17999.93,59810,340190
600000,83,510148.0,599964,26999.93,89852,510148
800000,83,680279.0,799964,35999.93,119721,680279
1000000,83,850610.0,999964,44999.93,149390,850610
2,84,1.0,1,0.05,1,1
3,84,2.0,2,0.14,1,2
100,84,82.0,90,4.55,18,82
200,84,163.0,190,9.05,37,163
2000,84,1679.0,1990,90.05,321,1679
10000,84,8439.0,9990,450.05,1561,8439
20000,84,16890.0,19990,900.05,3110,16890
40000,84,33846.0,39990,1800.05,6154,33846
60000,84,50833.0,59990,2700.05,9167,50833
80000,84,67784.0,79990,3600.05,12216,67784
100000,84,84782.0,99990,4500.05,15218,84782
200000,84,169839.0,199990,9000.05,30161,169839
400000,84,339973.0,399990,18000.05,60027,339973
600000,84,509940.0,599990,27000.05,90060,509940
800000,84,679756.0,799990,36000.05,120244,679756
1000000,84,849468.0,999990,45000.05,150532,849468
2,85,2.0,1,0.05,0,2
3,85,2.0,2,0.14,1,2
100,85,90.0,20,1.4,10,90
200,85,180.0,20,1.4,20,180
2000,85,1786.0,20,1.4,214,1786
10000,85,8940.0,20,1.4,1060,8940
20000,85,17893.0,20,1.4,2107,17893
40000,85,35780.0,20,1.4,4220,35780
60000,85,53673.0,20,1.4,6327,53673
80000,85,71531.0,20,1.4,8469,71531
100000,85,89407.0,20,1.4,10593,89407
200000,85,178858.0,20,1.4,21142,178858
400000,85,357585.0,20,1.4,42415,357585
600000,85,536694.0,20,1.4,63306,536694
800000,85,715822.0,20,1.4,84178,715822
1000000,85,894651.0,20,1.4,105349,894651
2,86,1.0,1,0.05,1,1
3,86,2.0,2,0.14,1,2
100,86,81.0,90,4.55,19,81
200,86,170.0,190,9.05,30,170
2000,86,1710.0,1990,90.05,290,1710
10000,86,8474.0,9990,450.05,1526,8474
20000,86,16964.0,19990,900.05,3036,16964
40000,86,33957.0,39990,1800.05,6043,33957
60000,86,50925.0,59990,2700.05,9075,50925
80000,86,67965.0,79990,3600.05,12035,67965
100000,86,85011.0,99990,4500.05,14989,85011
200000,86,169931.0,199990,9000.05,30069,169931
400000,86,339686.0,399990,18000.05,60314,339686
600000,86,509811.0,599990,27000.05,90189,509811
800000,86,679952.0,799990,36000.05,120048,679952
1000000,86,849880.0,999990,45000.05,150120,849880
2,87,1.0,1,0.05,1,1
3,87,2.0,2,0.14,1,2
100,87,85.0,90,4.55,15,85
200,87,176.0,190,9.05,24,176
2000,87,1681.0,1990,90.05,319,1681
10000,87,8455.0,9990,450.05,1545,8455
20000,87,16963.0,19990,900.05,3037,16963
40000,87,34003.0,39990,1800.05,5997,34003
60000,87,50963.0,59990,2700.05,9037,50963
80000,87,67960.0,79990,3600.05,12040,67960
100000,87,84975.0,99990,4500.05,15025,84975
200000,87,170032.0,199990,9000.05,29968,170032
400000,87,340172.0,399990,18000.05,59828,340172
600000,87,510178.0,599990,27000.05,89822,510178
800000,87,680345.0,799990,36000.05,119655,680345
1000000,87,850591.0,999990,45000.05,149409,850591
2,88,2.0,1,0.05,0,2
3,88,3.0,2,0.14,0,3
100,88,86.0,90,4.75,14,86
200,88,176.0,190,9.25,24,176
2000,88,1692.0,1990,90.25,308,1692
10000,88,8486.0,9990,450.25,1514,8486
20000,88,16929.0,19990,900.25,3071,16929
40000,88,33977.0,39990,1800.25,6023,33977
60000,88,51015.0,59990,2700.25,8985,51015
80000,88,68087.0,79990,3600.25,11913,68087
100000,88,85037.0,99990,4500.25,14963,85037
200000,88,169975.0,199990,9000.25,30025,169975
400000,88,340255.0,399990,18000.25,59745,340255
600000,88,510116.0,599990,27000.25,89884,510116
800000,88,680086.0,799990,36000.25,119914,680086
1000000,88,849942.0,999990,45000.25,150058,849942
2,89,2.0,1,0.05,0,2
3,89,2.0,2,0.14,1,2
100,89,85.0,26,1.97,15,85
200,89,176.0,26,1.97,24,176
2000,89,1808.0,26,1.97,192,1808
10000,89,8933.0,26,1.97,1067,8933
20000,89,17904.0,26,1.97,2096,17904
40000,89,35773.0,26,1.97,4227,35773
60000,89,53785.0,26,1.97,6215,53785
80000,89,71632.0,26,1.97,8368,71632
100000,89,89501.0,26,1.97,10499,89501
200000,89,179015.0,26,1.97,20985,179015
400000,89,357909.0,26,1.97,42091,357909
600000,89,536998.0,26,1.97,63002,536998
800000,89,716160.0,26,1.97,83840,716160
1000000,89,895252.0,26,1.97,104748,895252
2,90,1.0,1,0.05,1,1
3,90,2.0,2,0.14,1,2
100,90,81.0,86,4.97,19,81
200,90,170.0,186,14.47,30,170
2000,90,1678.0,1986,122.27,322,1678
10000,90,8413.0,9986,482.27,1587,8413
20000,90,16928.0,19986,932.27,3072,16928
40000,90,33999.0,39986,1832.27,6001,33999
60000,90,51045.0,59986,2732.27,8955,51045
80000,90,68058.0,79986,3632.27,11942,68058
100000,90,85138.0,99986,4532.27,14862,85138
200000,90,170237.0,199986,9032.27,29763,170237
400000,90,340292.0,399986,18032.27,59708,340292
600000,90,510437.0,599986,27032.27,89563,510437
800000,90,680960.0,799986,36032.27,119040,680960
1000000,90,851012.0,999986,45032.27,148988,851012
2,91,1.0,1,0.05,1,1
3,91,2.0,2,0.14,1,2
100,91,77.0,41,2.74,23,77
200,91,165.0,41,2.74,35,165
2000,91,1788.0,41,2.74,212,1788
10000,91,8922.0,41,2.74,1078,8922
20000,91,17884.0,41,2.74,2116,17884
40000,91,35828.0,41,2.74,4172,35828
60000,91,53746.0,41,2.74,6254,53746
80000,91,71662.0,41,2.74,8338,71662
100000,91,89523.0,41,2.74,10477,89523
200000,91,179091.0,41,2.74,20909,179091
400000,91,358278.0,41,2.74,41722,358278
600000,91,537305.0,41,2.74,62695,537305
800000,91,716296.0,41,2.74,83704,716296
1000000,91,895191.0,41,2.74,104809,895191
2,92,2.0,1,0.05,0,2
3,92,2.0,2,0.14,1,2
100,92,88.0,20,1.4,12,88
200,92,178.0,20,1.4,22,178
2000,92,1789.0,20,1.4,211,1789
10000,92,8961.0,20,1.4,1039,8961
20000,92,17859.0,20,1.4,2141,17859
40000,92,35752.0,20,1.4,4248,35752
60000,92,53618.0,20,1.4,6382,53618
80000,92,71495.0,20,1.4,8505,71495
100000,92,89367.0,20,1.4,10633,89367
200000,92,178793.0,20,1.4,21207,178793
400000,92,358055.0,20,1.4,41945,358055
600000,92,537161.0,20,1.4,62839,537161
800000,92,716244.0,20,1.4,83756,716244
1000000,92,895086.0,20,1.4,104914,895086
2,93,2.0,1,0.05,0,2
3,93,3.0,2,0.14,0,3
100,93,86.0,88,4.46,14,86
200,93,175.0,188,8.96,25,175
2000,93,1690.0,1988,89.96,310,1690
10000,93,8469.0,9988,449.96,1531,8469
20000,93,16962.0,19988,899.96,3038,16962
40000,93,33971.0,39988,1799.96,6029,33971
60000,93,50981.0,59988,2699.96,9019,50981
80000,93,67897.0,79988,3599.96,12103,67897
100000,93,84894.0,99988,4499.96,15106,84894
200000,93,170009.0,199988,8999.96,29991,170009
400000,93,340037.0,399988,17999.96,59963,340037
600000,93,510218.0,599988,26999.96,89782,510218
800000,93,680493.0,799988,35999.96,119507,680493
1000000,93,850530.0,999988,44999.96,149470,850530
2,94,2.0,1,0.05,0,2
3,94,3.0,2,0.14,0,3
100,94,92.0,20,1.4,8,92
200,94,184.0,20,1.4,16,184
2000,94,1814.0,20,1.4,186,1814
10000,94,8951.0,28,2.11,1049,8951
20000,94,17890.0,28,2.11,2110,17890
40000,94,35831.0,28,2.11,4169,35831
60000,94,53664.0,28,2.11,6336,53664
80000,94,71601.0,28,2.11,8399,71601
100000,94,89388.0,28,2.11,10612,89388
200000,94,178753.0,28,2.11,21247,178753
400000,94,357629.0,28,2.11,42371,357629
600000,94,536698.0,28,2.11,63302,536698
800000,94,715857.0,28,2.11,84143,715857
1000000,94,894973.0,28,2.11,105027,894973
2,95,1.0,1,0.05,1,1
3,95,1.0,2,0.14,2,1
100,95,82.0,24,1.58,18,82
200,95,173.0,24,1.58,27,173
2000,95,1787.0,24,1.58,213,1787
10000,95,8937.0,24,1.58,1063,8937
20000,95,17832.0,24,1.58,2168,17832
40000,95,35697.0,24,1.58,4303,35697
60000,95,53530.0,24,1.58,6470,53530
80000,95,71442.0,24,1.58,8558,71442
100000,95,89257.0,24,1.58,10743,89257
200000,95,178690.0,24,1.58,21310,178690
400000,95,357573.0,24,1.58,42427,357573
600000,95,536780.0,24,1.58,63220,536780
800000,95,715800.0,24,1.58,84200,715800
1000000,95,894994.0,24,1.58,105006,894994
2,96,2.0,1,0.05,0,2
3,96,3.0,2,0.14,0,3
100,96,86.0,50,2.75,14,86
200,96,172.0,91,4.59,28,172
2000,96,1799.0,91,4.59,201,1799
10000,96,8911.0,91,4.59,1089,8911
20000,96,17895.0,91,4.59,2105,17895
40000,96,35848.0,91,4.59,4152,35848
60000,96,53745.0,91,4.59,6255,53745
80000,96,71677.0,91,4.59,8323,71677
100000,96,89568.0,91,4.59,10432,89568
200000,96,179005.0,91,4.59,20995,179005
400000,96,358033.0,91,4.59,41967,358033
600000,96,537312.0,91,4.59,62688,537312
800000,96,716560.0,91,4.59,83440,716560
1000000,96,895451.0,91,4.59,104549,895451
2,97,2.0,1,0.05,0,2
3,97,3.0,2,0.14,0,3
100,97,93.0,23,1.68,7,93
200,97,176.0,30,2.35,24,176
2000,97,1795.0,34,2.73,205,1795
10000,97,8982.0,34,2.73,1018,8982
20000,97,17952.0,34,2.73,2048,17952
40000,97,35849.0,34,2.73,4151,35849
60000,97,53817.0,34,2.73,6183,53817
80000,97,71725.0,34,2.73,8275,71725
100000,97,89550.0,34,2.73,10450,89550
200000,97,179116.0,34,2.73,20884,179116
400000,97,357896.0,34,2.73,42104,357896
600000,97,536791.0,34,2.73,63209,536791
800000,97,715772.0,34,2.73,84228,715772
1000000,97,894605.0,34,2.73,105395,894605
2,98,2.0,1,0.05,0,2
3,98,2.0,2,0.14,1,2
100,98,89.0,20,1.4,11,89
200,98,180.0,20,1.4,20,180
2000,98,1800.0,20,1.4,200,1800
10000,98,8938.0,20,1.4,1062,8938
20000,98,17849.0,20,1.4,2151,17849
40000,98,35737.0,20,1.4,4263,35737
60000,98,53680.0,20,1.4,6320,53680
80000,98,71652.0,20,1.4,8348,71652
100000,98,89535.0,20,1.4,10465,89535
200000,98,179059.0,20,1.4,20941,179059
400000,98,358006.0,20,1.4,41994,358006
600000,98,537024.0,20,1.4,62976,537024
800000,98,715908.0,20,1.4,84092,715908
1000000,98,895032.0,20,1.4,104968,895032
2,99,2.0,1,0.05,0,2
3,99,3.0,2,0.14,0,3
100,99,89.0,46,2.57,11,89
200,99,176.0,57,3.06,24,176
2000,99,1789.0,57,3.06,211,1789
10000,99,8994.0,57,3.06,1006,8994
20000,99,17940.0,57,3.06,2060,17940
40000,99,35812.0,57,3.06,4188,35812
60000,99,53685.0,57,3.06,6315,53685
80000,99,71539.0,57,3.06,8461,71539
100000,99,89517.0,57,3.06,10483,89517
200000,99,179053.0,57,3.06,20947,179053
400000,99,358033.0,57,3.06,41967,358033
600000,99,537059.0,57,3.06,62941,537059
800000,99,716112.0,57,3.06,83888,716112
1000000,99,895256.0,57,3.06,104744,895256
2,100,2.0,1,0.05,0,2
3,100,3.0,2,0.14,0,3
100,100,84.0,22,1.49,16,84
200,100,175.0,22,1.49,25,175
2000,100,1792.0,22,1.49,208,1792
10000,100,9001.0,22,1.49,999,9001
20000,100,17956.0,22,1.49,2044,17956
40000,100,35835.0,22,1.49,4165,35835
60000,100,53759.0,22,1.49,6241,53759
80000,100,71592.0,22,1.49,8408,71592
100000,100,89527.0,22,1.49,10473,89527
200000,100,178948.0,22,1.49,21052,178948
400000,100,357902.0,22,1.49,42098,357902
600000,100,537053.0,22,1.49,62947,537053
800000,100,716104.0,22,1.49,83896,716104
1000000,100,895189.0,22,1.49,104811,895189
