Timestep,Iteration,Total Reward,Suboptimal Arms,Total Regret,Zeros Count,Ones Count
2,1,2.0,1,0.0,0,2
3,1,3.0,2,0.05,0,3
100,1,85.0,29,0.95,15,85
200,1,172.0,29,0.95,28,172
2000,1,1681.0,29,0.95,319,1681
10000,1,8509.0,29,0.95,1491,8509
20000,1,17057.0,29,0.95,2943,17057
40000,1,33953.0,29,0.95,6047,33953
60000,1,50978.0,29,0.95,9022,50978
80000,1,68017.0,29,0.95,11983,68017
100000,1,84983.0,29,0.95,15017,84983
200000,1,170058.0,29,0.95,29942,170058
400000,1,340205.0,29,0.95,59795,340205
600000,1,510296.0,29,0.95,89704,510296
800000,1,680061.0,29,0.95,119939,680061
1000000,1,850261.0,29,0.95,149739,850261
2,2,2.0,1,0.0,0,2
3,2,2.0,2,0.05,1,2
100,2,81.0,20,0.5,19,81
200,2,169.0,20,0.5,31,169
2000,2,1709.0,20,0.5,291,1709
10000,2,8537.0,20,0.5,1463,8537
20000,2,17010.0,20,0.5,2990,17010
40000,2,34026.0,20,0.5,5974,34026
60000,2,50996.0,20,0.5,9004,50996
80000,2,67951.0,20,0.5,12049,67951
100000,2,84929.0,20,0.5,15071,84929
200000,2,169967.0,20,0.5,30033,169967
400000,2,340039.0,20,0.5,59961,340039
600000,2,510253.0,20,0.5,89747,510253
800000,2,680280.0,20,0.5,119720,680280
1000000,2,850296.0,20,0.5,149704,850296
2,3,2.0,1,0.0,0,2
3,3,3.0,2,0.05,0,3
100,3,83.0,27,0.5,17,83
200,3,167.0,28,0.5,33,167
2000,3,1720.0,28,0.5,280,1720
10000,3,8504.0,28,0.5,1496,8504
20000,3,16996.0,28,0.5,3004,16996
40000,3,34011.0,28,0.5,5989,34011
60000,3,51014.0,28,0.5,8986,51014
80000,3,67951.0,28,0.5,12049,67951
100000,3,84955.0,28,0.5,15045,84955
200000,3,169661.0,28,0.5,30339,169661
400000,3,339674.0,28,0.5,60326,339674
600000,3,509430.0,28,0.5,90570,509430
800000,3,679363.0,28,0.5,120637,679363
1000000,3,849423.0,28,0.5,150577,849423
2,4,2.0,1,0.0,0,2
3,4,3.0,2,0.05,0,3
100,4,85.0,71,0.75,15,85
200,4,171.0,171,0.75,29,171
2000,4,1676.0,1971,0.75,324,1676
10000,4,8481.0,9971,0.75,1519,8481
20000,4,16981.0,19971,0.75,3019,16981
40000,4,33944.0,39971,0.75,6056,33944
60000,4,50978.0,59971,0.75,9022,50978
80000,4,67919.0,79971,0.75,12081,67919
100000,4,84911.0,99971,0.75,15089,84911
200000,4,170024.0,199971,0.75,29976,170024
400000,4,339951.0,399971,0.75,60049,339951
600000,4,509928.0,599971,0.75,90072,509928
800000,4,679909.0,799971,0.75,120091,679909
1000000,4,849922.0,999971,0.75,150078,849922
2,5,2.0,1,0.0,0,2
3,5,3.0,2,0.05,0,3
100,5,89.0,90,0.5,11,89
200,5,174.0,190,0.5,26,174
2000,5,1735.0,1990,0.5,265,1735
10000,5,8521.0,9990,0.5,1479,8521
20000,5,17020.0,19990,0.5,2980,17020
40000,5,34031.0,39990,0.5,5969,34031
60000,5,51159.0,59990,0.5,8841,51159
80000,5,68170.0,79990,0.5,11830,68170
100000,5,85103.0,99990,0.5,14897,85103
200000,5,169935.0,199990,0.5,30065,169935
400000,5,339731.0,399990,0.5,60269,339731
600000,5,509815.0,599990,0.5,90185,509815
800000,5,679908.0,799990,0.5,120092,679908
1000000,5,849901.0,999990,0.5,150099,849901
2,6,2.0,1,0.0,0,2
3,6,3.0,2,0.05,0,3
100,6,83.0,35,0.5,17,83
200,6,165.0,41,0.5,35,165
2000,6,1709.0,41,0.5,291,1709
10000,6,8511.0,41,0.5,1489,8511
20000,6,17062.0,41,0.5,2938,17062
40000,6,34030.0,41,0.5,5970,34030
60000,6,51039.0,41,0.5,8961,51039
80000,6,67979.0,41,0.5,12021,67979
100000,6,85065.0,41,0.5,14935,85065
200000,6,170076.0,41,0.5,29924,170076
400000,6,340122.0,41,0.5,59878,340122
600000,6,510103.0,41,0.5,89897,510103
800000,6,680023.0,41,0.5,119977,680023
1000000,6,850242.0,41,0.5,149758,850242
2,7,2.0,1,0.0,0,2
3,7,2.0,2,0.05,1,2
100,7,86.0,76,0.5,14,86
200,7,168.0,176,0.5,32,168
2000,7,1705.0,1976,0.5,295,1705
10000,7,8514.0,9976,0.5,1486,8514
20000,7,17061.0,19976,0.5,2939,17061
40000,7,34089.0,39976,0.5,5911,34089
60000,7,51171.0,59976,0.5,8829,51171
80000,7,68215.0,79976,0.5,11785,68215
100000,7,85220.0,99976,0.5,14780,85220
200000,7,170312.0,199976,0.5,29688,170312
400000,7,339880.0,399976,0.5,60120,339880
600000,7,509989.0,599976,0.5,90011,509989
800000,7,679957.0,799976,0.5,120043,679957
1000000,7,849756.0,999976,0.5,150244,849756
2,8,2.0,1,0.0,0,2
3,8,2.0,2,0.05,1,2
100,8,90.0,62,0.5,10,90
200,8,180.0,162,0.5,20,180
2000,8,1712.0,1947,0.5,288,1712
10000,8,8575.0,9947,0.5,1425,8575
20000,8,17003.0,19947,0.5,2997,17003
40000,8,33980.0,39944,0.5,6020,33980
60000,8,50942.0,59944,0.5,9058,50942
80000,8,67993.0,79944,0.5,12007,67993
100000,8,85001.0,99944,0.5,14999,85001
200000,8,170031.0,199944,0.5,29969,170031
400000,8,340062.0,399944,0.5,59938,340062
600000,8,510194.0,599944,0.5,89806,510194
800000,8,680356.0,799944,0.5,119644,680356
1000000,8,850394.0,999944,0.5,149606,850394
2,9,2.0,1,0.0,0,2
3,9,3.0,2,0.05,0,3
100,9,85.0,66,0.5,15,85
200,9,172.0,166,0.5,28,172
2000,9,1686.0,1966,0.5,314,1686
10000,9,8532.0,9966,0.5,1468,8532
20000,9,17068.0,19966,0.5,2932,17068
40000,9,34126.0,39966,0.5,5874,34126
60000,9,51164.0,59966,0.5,8836,51164
80000,9,68074.0,79966,0.5,11926,68074
100000,9,85104.0,99966,0.5,14896,85104
200000,9,170080.0,199966,0.5,29920,170080
400000,9,339842.0,399966,0.5,60158,339842
600000,9,509638.0,599966,0.5,90362,509638
800000,9,679577.0,799966,0.5,120423,679577
1000000,9,849641.0,999966,0.5,150359,849641
2,10,1.0,1,0.0,1,1
3,10,2.0,2,0.05,1,2
100,10,86.0,23,0.65,14,86
200,10,173.0,23,0.65,27,173
2000,10,1711.0,27,0.85,289,1711
10000,10,8445.0,27,0.85,1555,8445
20000,10,16979.0,27,0.85,3021,16979
40000,10,33974.0,27,0.85,6026,33974
60000,10,51070.0,27,0.85,8930,51070
80000,10,68110.0,27,0.85,11890,68110
100000,10,84987.0,27,0.85,15013,84987
200000,10,170234.0,27,0.85,29766,170234
400000,10,340169.0,27,0.85,59831,340169
600000,10,510349.0,27,0.85,89651,510349
800000,10,680546.0,27,0.85,119454,680546
1000000,10,850548.0,27,0.85,149452,850548
2,11,1.0,1,0.0,1,1
3,11,2.0,2,0.05,1,2
100,11,88.0,89,0.7,12,88
200,11,168.0,189,0.75,32,168
2000,11,1702.0,1989,0.75,298,1702
10000,11,8511.0,9989,0.75,1489,8511
20000,11,17032.0,19989,0.75,2968,17032
40000,11,34034.0,39989,0.75,5966,34034
60000,11,51061.0,59989,0.75,8939,51061
80000,11,68200.0,79989,0.75,11800,68200
100000,11,85183.0,99989,0.75,14817,85183
200000,11,170340.0,199989,0.75,29660,170340
400000,11,340426.0,399989,0.75,59574,340426
600000,11,510332.0,599989,0.75,89668,510332
800000,11,680457.0,799989,0.75,119543,680457
1000000,11,850535.0,999989,0.75,149465,850535
2,12,2.0,1,0.0,0,2
3,12,3.0,2,0.05,0,3
100,12,77.0,22,0.6,23,77
200,12,162.0,22,0.6,38,162
2000,12,1692.0,22,0.6,308,1692
10000,12,8476.0,22,0.6,1524,8476
20000,12,17031.0,22,0.6,2969,17031
40000,12,34086.0,22,0.6,5914,34086
60000,12,51032.0,22,0.6,8968,51032
80000,12,67993.0,22,0.6,12007,67993
100000,12,85042.0,22,0.6,14958,85042
200000,12,169878.0,22,0.6,30122,169878
400000,12,339672.0,22,0.6,60328,339672
600000,12,509737.0,22,0.6,90263,509737
800000,12,679836.0,22,0.6,120164,679836
1000000,12,849797.0,22,0.6,150203,849797
2,13,1.0,1,0.0,1,1
3,13,2.0,2,0.05,1,2
100,13,88.0,90,0.6,12,88
200,13,174.0,190,0.6,26,174
2000,13,1704.0,1990,0.6,296,1704
10000,13,8563.0,9990,0.6,1437,8563
20000,13,17028.0,19990,0.6,2972,17028
40000,13,34006.0,39990,0.6,5994,34006
60000,13,51109.0,59990,0.6,8891,51109
80000,13,68040.0,79990,0.6,11960,68040
100000,13,85019.0,99990,0.6,14981,85019
200000,13,169830.0,199990,0.6,30170,169830
400000,13,339977.0,399990,0.6,60023,339977
600000,13,509936.0,599990,0.6,90064,509936
800000,13,679865.0,799990,0.6,120135,679865
1000000,13,849839.0,999990,0.6,150161,849839
2,14,2.0,1,0.0,0,2
3,14,3.0,2,0.05,0,3
100,14,93.0,65,0.5,7,93
200,14,175.0,138,0.75,25,175
2000,14,1747.0,250,0.85,253,1747
10000,14,8494.0,262,0.85,1506,8494
20000,14,16922.0,489,0.85,3078,16922
40000,14,33955.0,489,0.85,6045,33955
60000,14,50996.0,489,0.85,9004,50996
80000,14,67974.0,489,0.85,12026,67974
100000,14,84970.0,489,0.85,15030,84970
200000,14,169925.0,489,0.85,30075,169925
400000,14,339926.0,489,0.85,60074,339926
600000,14,509962.0,489,0.85,90038,509962
800000,14,679857.0,489,0.85,120143,679857
1000000,14,849822.0,489,0.85,150178,849822
2,15,2.0,1,0.0,0,2
3,15,3.0,2,0.05,0,3
100,15,88.0,76,0.55,12,88
200,15,172.0,176,0.55,28,172
2000,15,1712.0,1976,0.55,288,1712
10000,15,8504.0,9976,0.55,1496,8504
20000,15,16949.0,19976,0.55,3051,16949
40000,15,34007.0,39976,0.55,5993,34007
60000,15,51012.0,59976,0.55,8988,51012
80000,15,68018.0,79976,0.55,11982,68018
100000,15,85004.0,99976,0.55,14996,85004
200000,15,169790.0,199976,0.55,30210,169790
400000,15,339815.0,399976,0.55,60185,339815
600000,15,509724.0,599976,0.55,90276,509724
800000,15,679770.0,799976,0.55,120230,679770
1000000,15,849767.0,999976,0.55,150233,849767
2,16,2.0,1,0.0,0,2
3,16,3.0,2,0.05,0,3
100,16,83.0,90,0.5,17,83
200,16,167.0,190,0.5,33,167
2000,16,1686.0,1990,0.5,314,1686
10000,16,8452.0,9990,0.5,1548,8452
20000,16,16917.0,19990,0.5,3083,16917
40000,16,33901.0,39990,0.5,6099,33901
60000,16,50939.0,59990,0.5,9061,50939
80000,16,67952.0,79990,0.5,12048,67952
100000,16,84892.0,99990,0.5,15108,84892
200000,16,169920.0,199990,0.5,30080,169920
400000,16,340045.0,399990,0.5,59955,340045
600000,16,509898.0,599990,0.5,90102,509898
800000,16,680180.0,799990,0.5,119820,680180
1000000,16,850050.0,999990,0.5,149950,850050
2,17,2.0,1,0.0,0,2
3,17,2.0,2,0.05,1,2
100,17,89.0,87,0.5,11,89
200,17,177.0,187,0.5,23,177
2000,17,1724.0,1987,0.5,276,1724
10000,17,8531.0,9987,0.5,1469,8531
20000,17,17032.0,19987,0.5,2968,17032
40000,17,33936.0,39987,0.5,6064,33936
60000,17,50991.0,59987,0.5,9009,50991
80000,17,68017.0,79987,0.5,11983,68017
100000,17,84950.0,99987,0.5,15050,84950
200000,17,170060.0,199987,0.5,29940,170060
400000,17,340044.0,399987,0.5,59956,340044
600000,17,510188.0,599987,0.5,89812,510188
800000,17,680089.0,799987,0.5,119911,680089
1000000,17,849907.0,999987,0.5,150093,849907
2,18,1.0,1,0.0,1,1
3,18,2.0,2,0.05,1,2
100,18,78.0,83,3.35,22,78
200,18,164.0,183,8.35,36,164
2000,18,1621.0,1983,98.35,379,1621
10000,18,8005.0,9983,498.35,1995,8005
20000,18,16004.0,19983,998.35,3996,16004
40000,18,32015.0,39983,1998.35,7985,32015
60000,18,48030.0,59983,2998.35,11970,48030
80000,18,63997.0,79983,3998.35,16003,63997
100000,18,80039.0,99983,4998.35,19961,80039
200000,18,160204.0,199983,9998.35,39796,160204
400000,18,320185.0,399983,19998.35,79815,320185
600000,18,480012.0,599983,29998.35,119988,480012
800000,18,640306.0,799983,39998.35,159694,640306
1000000,18,800727.0,999983,49998.35,199273,800727
2,19,2.0,1,0.0,0,2
3,19,3.0,2,0.05,0,3
100,19,82.0,88,0.5,18,82
200,19,168.0,188,0.5,32,168
2000,19,1750.0,1988,0.5,250,1750
10000,19,8524.0,9988,0.5,1476,8524
20000,19,17028.0,19988,0.5,2972,17028
40000,19,34058.0,39988,0.5,5942,34058
60000,19,51078.0,59988,0.5,8922,51078
80000,19,68088.0,79988,0.5,11912,68088
100000,19,84995.0,99988,0.5,15005,84995
200000,19,169879.0,199988,0.5,30121,169879
400000,19,339902.0,399988,0.5,60098,339902
600000,19,509707.0,599988,0.5,90293,509707
800000,19,679884.0,799988,0.5,120116,679884
1000000,19,849953.0,999988,0.5,150047,849953
2,20,1.0,1,0.0,1,1
3,20,2.0,2,0.05,1,2
100,20,81.0,20,0.5,19,81
200,20,167.0,20,0.5,33,167
2000,20,1706.0,20,0.5,294,1706
10000,20,8465.0,20,0.5,1535,8465
20000,20,16873.0,20,0.5,3127,16873
40000,20,33893.0,20,0.5,6107,33893
60000,20,50866.0,20,0.5,9134,50866
80000,20,67837.0,20,0.5,12163,67837
100000,20,84802.0,20,0.5,15198,84802
200000,20,169903.0,20,0.5,30097,169903
400000,20,339916.0,20,0.5,60084,339916
600000,20,509826.0,20,0.5,90174,509826
800000,20,679689.0,20,0.5,120311,679689
1000000,20,849757.0,20,0.5,150243,849757
2,21,1.0,1,0.0,1,1
3,21,2.0,2,0.05,1,2
100,21,89.0,87,3.85,11,89
200,21,161.0,180,8.5,39,161
2000,21,1687.0,1979,10.15,313,1687
10000,21,8505.0,9979,10.15,1495,8505
20000,21,17029.0,19979,10.15,2971,17029
40000,21,34032.0,39979,10.15,5968,34032
60000,21,51030.0,59979,10.15,8970,51030
80000,21,67962.0,79979,10.15,12038,67962
100000,21,85021.0,99979,10.15,14979,85021
200000,21,170202.0,199979,10.15,29798,170202
400000,21,340273.0,399979,10.15,59727,340273
600000,21,510262.0,599979,10.15,89738,510262
800000,21,680262.0,799979,10.15,119738,680262
1000000,21,849885.0,999979,10.15,150115,849885
2,22,0.0,1,0.0,2,0
3,22,1.0,2,0.05,2,1
100,22,85.0,20,0.5,15,85
200,22,176.0,20,0.5,24,176
2000,22,1707.0,20,0.5,293,1707
10000,22,8530.0,20,0.5,1470,8530
20000,22,17035.0,20,0.5,2965,17035
40000,22,34053.0,20,0.5,5947,34053
60000,22,51088.0,20,0.5,8912,51088
80000,22,68045.0,20,0.5,11955,68045
100000,22,85066.0,20,0.5,14934,85066
200000,22,170110.0,20,0.5,29890,170110
400000,22,340094.0,20,0.5,59906,340094
600000,22,510113.0,20,0.5,89887,510113
800000,22,679967.0,20,0.5,120033,679967
1000000,22,850080.0,20,0.5,149920,850080
2,23,2.0,1,0.0,0,2
3,23,3.0,2,0.05,0,3
100,23,91.0,84,0.5,9,91
200,23,179.0,184,0.5,21,179
2000,23,1705.0,1980,0.5,295,1705
10000,23,8535.0,9979,0.5,1465,8535
20000,23,17068.0,19979,0.5,2932,17068
40000,23,34067.0,39979,0.5,5933,34067
60000,23,51032.0,59979,0.5,8968,51032
80000,23,68045.0,79979,0.5,11955,68045
100000,23,84943.0,99979,0.5,15057,84943
200000,23,169820.0,199979,0.5,30180,169820
400000,23,340055.0,399979,0.5,59945,340055
600000,23,510202.0,599979,0.5,89798,510202
800000,23,680383.0,799979,0.5,119617,680383
1000000,23,850335.0,999979,0.5,149665,850335
2,24,2.0,1,0.0,0,2
3,24,3.0,2,0.05,0,3
100,24,85.0,36,1.3,15,85
200,24,170.0,36,1.3,30,170
2000,24,1710.0,36,1.3,290,1710
10000,24,8522.0,36,1.3,1478,8522
20000,24,17106.0,36,1.3,2894,17106
40000,24,34051.0,36,1.3,5949,34051
60000,24,51004.0,36,1.3,8996,51004
80000,24,68021.0,36,1.3,11979,68021
100000,24,85057.0,36,1.3,14943,85057
200000,24,170210.0,36,1.3,29790,170210
400000,24,340379.0,36,1.3,59621,340379
600000,24,510415.0,36,1.3,89585,510415
800000,24,680415.0,36,1.3,119585,680415
1000000,24,850632.0,36,1.3,149368,850632
2,25,1.0,1,0.0,1,1
3,25,2.0,2,0.05,1,2
100,25,89.0,89,0.5,11,89
200,25,171.0,188,0.5,29,171
2000,25,1708.0,1988,0.5,292,1708
10000,25,8498.0,9988,0.5,1502,8498
20000,25,16971.0,19988,0.5,3029,16971
40000,25,33896.0,39988,0.5,6104,33896
60000,25,50929.0,59988,0.5,9071,50929
80000,25,67928.0,79988,0.5,12072,67928
100000,25,84957.0,99988,0.5,15043,84957
200000,25,169948.0,199988,0.5,30052,169948
400000,25,339742.0,399988,0.5,60258,339742
600000,25,510007.0,599988,0.5,89993,510007
800000,25,679971.0,799988,0.5,120029,679971
1000000,25,850002.0,999988,0.5,149998,850002
2,26,2.0,1,0.0,0,2
3,26,3.0,2,0.05,0,3
100,26,88.0,33,0.5,12,88
200,26,173.0,38,0.5,27,173
2000,26,1696.0,39,0.5,304,1696
10000,26,8496.0,39,0.5,1504,8496
20000,26,16980.0,39,0.5,3020,16980
40000,26,33974.0,39,0.5,6026,33974
60000,26,51008.0,39,0.5,8992,51008
80000,26,68076.0,39,0.5,11924,68076
100000,26,85063.0,39,0.5,14937,85063
200000,26,170089.0,39,0.5,29911,170089
400000,26,340111.0,39,0.5,59889,340111
600000,26,510160.0,39,0.5,89840,510160
800000,26,680074.0,39,0.5,119926,680074
1000000,26,849906.0,39,0.5,150094,849906
2,27,2.0,1,0.0,0,2
3,27,2.0,2,0.05,1,2
100,27,81.0,33,0.5,19,81
200,27,165.0,33,0.5,35,165
2000,27,1677.0,33,0.5,323,1677
10000,27,8492.0,33,0.5,1508,8492
20000,27,17029.0,33,0.5,2971,17029
40000,27,34090.0,33,0.5,5910,34090
60000,27,51032.0,33,0.5,8968,51032
80000,27,68070.0,33,0.5,11930,68070
100000,27,85135.0,33,0.5,14865,85135
200000,27,170108.0,33,0.5,29892,170108
400000,27,340177.0,33,0.5,59823,340177
600000,27,510320.0,33,0.5,89680,510320
800000,27,680134.0,33,0.5,119866,680134
1000000,27,850414.0,33,0.5,149586,850414
2,28,1.0,1,0.0,1,1
3,28,2.0,2,0.05,1,2
100,28,82.0,90,4.0,18,82
200,28,160.0,183,8.65,40,160
2000,28,1668.0,196,9.3,332,1668
10000,28,8379.0,196,9.3,1621,8379
20000,28,16916.0,196,9.3,3084,16916
40000,28,33825.0,196,9.3,6175,33825
60000,28,50824.0,196,9.3,9176,50824
80000,28,67768.0,196,9.3,12232,67768
100000,28,84745.0,196,9.3,15255,84745
200000,28,169589.0,196,9.3,30411,169589
400000,28,339694.0,196,9.3,60306,339694
600000,28,509751.0,196,9.3,90249,509751
800000,28,679767.0,196,9.3,120233,679767
1000000,28,849813.0,196,9.3,150187,849813
2,29,2.0,1,0.0,0,2
3,29,3.0,2,0.05,0,3
100,29,80.0,90,1.0,20,80
200,29,162.0,190,1.0,38,162
2000,29,1696.0,1990,1.05,304,1696
10000,29,8533.0,9990,1.05,1467,8533
20000,29,17054.0,19990,1.05,2946,17054
40000,29,34055.0,39990,1.05,5945,34055
60000,29,51108.0,59990,1.05,8892,51108
80000,29,68102.0,79990,1.05,11898,68102
100000,29,85178.0,99990,1.05,14822,85178
200000,29,169907.0,199990,1.05,30093,169907
400000,29,339662.0,399990,1.05,60338,339662
600000,29,509410.0,599990,1.05,90590,509410
800000,29,679826.0,799990,1.05,120174,679826
1000000,29,849612.0,999990,1.05,150388,849612
2,30,2.0,1,0.0,0,2
3,30,3.0,2,0.05,0,3
100,30,80.0,73,3.0,20,80
200,30,164.0,173,8.0,36,164
2000,30,1613.0,1973,98.0,387,1613
10000,30,8055.0,9973,498.0,1945,8055
20000,30,16041.0,19973,998.0,3959,16041
40000,30,32082.0,39973,1998.0,7918,32082
60000,30,48086.0,59973,2998.0,11914,48086
80000,30,64098.0,79973,3998.0,15902,64098
100000,30,80076.0,99973,4998.0,19924,80076
200000,30,160124.0,199973,9998.0,39876,160124
400000,30,320390.0,399973,19998.0,79610,320390
600000,30,480463.0,599973,29998.0,119537,480463
800000,30,640553.0,799973,39998.0,159447,640553
1000000,30,800734.0,999973,49998.0,199266,800734
2,31,2.0,1,0.0,0,2
3,31,2.0,2,0.05,1,2
100,31,82.0,20,0.5,18,82
200,31,161.0,20,0.5,39,161
2000,31,1704.0,20,0.5,296,1704
10000,31,8531.0,20,0.5,1469,8531
20000,31,17082.0,20,0.5,2918,17082
40000,31,34094.0,20,0.5,5906,34094
60000,31,51064.0,20,0.5,8936,51064
80000,31,68036.0,20,0.5,11964,68036
100000,31,85038.0,20,0.5,14962,85038
200000,31,170007.0,20,0.5,29993,170007
400000,31,339927.0,20,0.5,60073,339927
600000,31,510042.0,20,0.5,89958,510042
800000,31,679979.0,20,0.5,120021,679979
1000000,31,849779.0,20,0.5,150221,849779
2,32,1.0,1,0.0,1,1
3,32,2.0,2,0.05,1,2
100,32,82.0,23,0.55,18,82
200,32,166.0,23,0.55,34,166
2000,32,1702.0,23,0.55,298,1702
10000,32,8456.0,23,0.55,1544,8456
20000,32,16989.0,23,0.55,3011,16989
40000,32,34023.0,23,0.55,5977,34023
60000,32,50903.0,23,0.55,9097,50903
80000,32,67818.0,23,0.55,12182,67818
100000,32,84785.0,23,0.55,15215,84785
200000,32,169895.0,23,0.55,30105,169895
400000,32,339629.0,23,0.55,60371,339629
600000,32,509694.0,23,0.55,90306,509694
800000,32,679890.0,23,0.55,120110,679890
1000000,32,850048.0,23,0.55,149952,850048
2,33,2.0,1,0.0,0,2
3,33,3.0,2,0.05,0,3
100,33,80.0,20,0.5,20,80
200,33,162.0,20,0.5,38,162
2000,33,1680.0,20,0.5,320,1680
10000,33,8404.0,20,0.5,1596,8404
20000,33,16995.0,20,0.5,3005,16995
40000,33,33970.0,20,0.5,6030,33970
60000,33,50964.0,20,0.5,9036,50964
80000,33,67935.0,20,0.5,12065,67935
100000,33,84902.0,20,0.5,15098,84902
200000,33,170105.0,20,0.5,29895,170105
400000,33,340153.0,20,0.5,59847,340153
600000,33,510206.0,20,0.5,89794,510206
800000,33,680055.0,20,0.5,119945,680055
1000000,33,850390.0,20,0.5,149610,850390
2,34,2.0,1,0.0,0,2
3,34,3.0,2,0.05,0,3
100,34,87.0,46,0.5,13,87
200,34,171.0,137,0.5,29,171
2000,34,1714.0,1937,0.5,286,1714
10000,34,8481.0,9937,0.5,1519,8481
20000,34,16937.0,19937,0.5,3063,16937
40000,34,33898.0,39937,0.5,6102,33898
60000,34,50885.0,59937,0.5,9115,50885
80000,34,67948.0,79937,0.5,12052,67948
100000,34,84917.0,99937,0.5,15083,84917
200000,34,170131.0,199937,0.5,29869,170131
400000,34,340167.0,399937,0.5,59833,340167
600000,34,510162.0,599937,0.5,89838,510162
800000,34,680296.0,799937,0.5,119704,680296
1000000,34,850318.0,999937,0.5,149682,850318
2,35,2.0,1,0.0,0,2
3,35,3.0,2,0.05,0,3
100,35,94.0,90,1.6,6,94
200,35,178.0,190,3.85,22,178
2000,35,1700.0,1990,17.45,300,1700
10000,35,8512.0,9990,17.45,1488,8512
20000,35,16942.0,19990,17.45,3058,16942
40000,35,33984.0,39990,17.45,6016,33984
60000,35,50992.0,59990,17.45,9008,50992
80000,35,68020.0,79990,17.45,11980,68020
100000,35,85100.0,99990,17.45,14900,85100
200000,35,169923.0,199990,17.45,30077,169923
400000,35,339693.0,399990,17.45,60307,339693
600000,35,509421.0,599990,17.45,90579,509421
800000,35,679271.0,799990,17.45,120729,679271
1000000,35,849442.0,999990,17.45,150558,849442
2,36,2.0,1,0.0,0,2
3,36,3.0,2,0.05,0,3
100,36,82.0,77,3.35,18,82
200,36,160.0,177,8.35,40,160
2000,36,1592.0,1977,98.35,408,1592
10000,36,8014.0,9977,498.35,1986,8014
20000,36,16056.0,19977,998.35,3944,16056
40000,36,32032.0,39977,1998.35,7968,32032
60000,36,48042.0,59977,2998.35,11958,48042
80000,36,64022.0,79977,3998.35,15978,64022
100000,36,79971.0,99977,4998.35,20029,79971
200000,36,160044.0,199977,9998.35,39956,160044
400000,36,319831.0,399977,19998.35,80169,319831
600000,36,480044.0,599977,29998.35,119956,480044
800000,36,639806.0,799977,39998.35,160194,639806
1000000,36,799997.0,999977,49998.35,200003,799997
2,37,2.0,1,0.0,0,2
3,37,3.0,2,0.05,0,3
100,37,84.0,73,3.15,16,84
200,37,165.0,123,5.65,35,165
2000,37,1703.0,123,5.65,297,1703
10000,37,8483.0,123,5.65,1517,8483
20000,37,17044.0,123,5.65,2956,17044
40000,37,34092.0,123,5.65,5908,34092
60000,37,51033.0,123,5.65,8967,51033
80000,37,67973.0,123,5.65,12027,67973
100000,37,84995.0,123,5.65,15005,84995
200000,37,169959.0,123,5.65,30041,169959
400000,37,339841.0,123,5.65,60159,339841
600000,37,509960.0,123,5.65,90040,509960
800000,37,680079.0,123,5.65,119921,680079
1000000,37,850135.0,123,5.65,149865,850135
2,38,2.0,1,0.0,0,2
3,38,3.0,2,0.05,0,3
100,38,85.0,90,4.0,15,85
200,38,169.0,190,9.0,31,169
2000,38,1609.0,1809,89.95,391,1609
10000,38,8489.0,1809,89.95,1511,8489
20000,38,16974.0,1809,89.95,3026,16974
40000,38,34039.0,1809,89.95,5961,34039
60000,38,51007.0,1809,89.95,8993,51007
80000,38,68069.0,1809,89.95,11931,68069
100000,38,85095.0,1809,89.95,14905,85095
200000,38,170066.0,1809,89.95,29934,170066
400000,38,339808.0,1809,89.95,60192,339808
600000,38,509490.0,1809,89.95,90510,509490
800000,38,679692.0,1809,89.95,120308,679692
1000000,38,849722.0,1809,89.95,150278,849722
2,39,1.0,1,0.0,1,1
3,39,2.0,2,0.05,1,2
100,39,77.0,81,0.5,23,77
200,39,161.0,181,0.5,39,161
2000,39,1680.0,1981,0.5,320,1680
10000,39,8482.0,9981,0.5,1518,8482
20000,39,17009.0,19981,0.5,2991,17009
40000,39,34007.0,39981,0.5,5993,34007
60000,39,51122.0,59981,0.5,8878,51122
80000,39,68125.0,79981,0.5,11875,68125
100000,39,85158.0,99981,0.5,14842,85158
200000,39,170311.0,199981,0.5,29689,170311
400000,39,340346.0,399981,0.5,59654,340346
600000,39,510333.0,599981,0.5,89667,510333
800000,39,680574.0,799981,0.5,119426,680574
1000000,39,850688.0,999981,0.5,149312,850688
2,40,2.0,1,0.0,0,2
3,40,3.0,2,0.05,0,3
100,40,87.0,22,0.5,13,87
200,40,178.0,22,0.5,22,178
2000,40,1704.0,22,0.5,296,1704
10000,40,8475.0,22,0.5,1525,8475
20000,40,17006.0,22,0.5,2994,17006
40000,40,33962.0,22,0.5,6038,33962
60000,40,50928.0,22,0.5,9072,50928
80000,40,67892.0,22,0.5,12108,67892
100000,40,84917.0,22,0.5,15083,84917
200000,40,169900.0,22,0.5,30100,169900
400000,40,340289.0,22,0.5,59711,340289
600000,40,510368.0,22,0.5,89632,510368
800000,40,680369.0,22,0.5,119631,680369
1000000,40,850466.0,22,0.5,149534,850466
2,41,2.0,1,0.0,0,2
3,41,3.0,2,0.05,0,3
100,41,86.0,85,0.5,14,86
200,41,173.0,185,0.5,27,173
2000,41,1711.0,1985,0.5,289,1711
10000,41,8476.0,9985,0.5,1524,8476
20000,41,16980.0,19985,0.5,3020,16980
40000,41,33982.0,39985,0.5,6018,33982
60000,41,51028.0,59985,0.5,8972,51028
80000,41,68003.0,79985,0.5,11997,68003
100000,41,85018.0,99985,0.5,14982,85018
200000,41,169918.0,199985,0.5,30082,169918
400000,41,339914.0,399985,0.5,60086,339914
600000,41,510145.0,599985,0.5,89855,510145
800000,41,680151.0,799985,0.5,119849,680151
1000000,41,850263.0,999985,0.5,149737,850263
2,42,2.0,1,0.0,0,2
3,42,3.0,2,0.05,0,3
100,42,80.0,84,0.65,20,80
200,42,165.0,184,0.65,35,165
2000,42,1704.0,1984,0.65,296,1704
10000,42,8531.0,9984,0.65,1469,8531
20000,42,17037.0,19984,0.65,2963,17037
40000,42,33971.0,39984,0.65,6029,33971
60000,42,50973.0,59984,0.65,9027,50973
80000,42,67997.0,79984,0.65,12003,67997
100000,42,84894.0,99984,0.65,15106,84894
200000,42,169997.0,199984,0.65,30003,169997
400000,42,340241.0,399984,0.65,59759,340241
600000,42,510217.0,599984,0.65,89783,510217
800000,42,680008.0,799984,0.65,119992,680008
1000000,42,849652.0,999984,0.65,150348,849652
2,43,2.0,1,0.0,0,2
3,43,3.0,2,0.05,0,3
100,43,90.0,27,0.75,10,90
200,43,176.0,27,0.75,24,176
2000,43,1698.0,34,1.1,302,1698
10000,43,8546.0,34,1.1,1454,8546
20000,43,17087.0,34,1.1,2913,17087
40000,43,34132.0,34,1.1,5868,34132
60000,43,51109.0,34,1.1,8891,51109
80000,43,68086.0,34,1.1,11914,68086
100000,43,85157.0,34,1.1,14843,85157
200000,43,170330.0,34,1.1,29670,170330
400000,43,340318.0,34,1.1,59682,340318
600000,43,510400.0,34,1.1,89600,510400
800000,43,680422.0,34,1.1,119578,680422
1000000,43,850582.0,34,1.1,149418,850582
2,44,1.0,1,0.0,1,1
3,44,1.0,2,0.05,2,1
100,44,83.0,22,0.6,17,83
200,44,168.0,22,0.6,32,168
2000,44,1710.0,22,0.6,290,1710
10000,44,8510.0,22,0.6,1490,8510
20000,44,17009.0,22,0.6,2991,17009
40000,44,33965.0,22,0.6,6035,33965
60000,44,50934.0,22,0.6,9066,50934
80000,44,67965.0,22,0.6,12035,67965
100000,44,84981.0,22,0.6,15019,84981
200000,44,169888.0,22,0.6,30112,169888
400000,44,339875.0,22,0.6,60125,339875
600000,44,509513.0,22,0.6,90487,509513
800000,44,679287.0,22,0.6,120713,679287
1000000,44,849242.0,22,0.6,150758,849242
2,45,2.0,1,0.0,0,2
3,45,2.0,2,0.05,1,2
100,45,80.0,20,0.5,20,80
200,45,165.0,20,0.5,35,165
2000,45,1711.0,20,0.5,289,1711
10000,45,8526.0,20,0.5,1474,8526
20000,45,17035.0,20,0.5,2965,17035
40000,45,34078.0,20,0.5,5922,34078
60000,45,51191.0,20,0.5,8809,51191
80000,45,68273.0,20,0.5,11727,68273
100000,45,85262.0,20,0.5,14738,85262
200000,45,170419.0,20,0.5,29581,170419
400000,45,340273.0,20,0.5,59727,340273
600000,45,510070.0,20,0.5,89930,510070
800000,45,679971.0,20,0.5,120029,679971
1000000,45,850001.0,20,0.5,149999,850001
2,46,1.0,1,0.0,1,1
3,46,2.0,2,0.05,1,2
100,46,85.0,76,0.65,15,85
200,46,171.0,176,1.75,29,171
2000,46,1678.0,1976,1.75,322,1678
10000,46,8445.0,9976,1.75,1555,8445
20000,46,16880.0,19976,1.75,3120,16880
40000,46,33924.0,39976,1.75,6076,33924
60000,46,50952.0,59976,1.75,9048,50952
80000,46,68015.0,79976,1.75,11985,68015
100000,46,85017.0,99976,1.75,14983,85017
200000,46,170001.0,199976,1.75,29999,170001
400000,46,340208.0,399976,1.75,59792,340208
600000,46,510206.0,599976,1.75,89794,510206
800000,46,680170.0,799976,1.75,119830,680170
1000000,46,850079.0,999976,1.75,149921,850079
2,47,2.0,1,0.0,0,2
3,47,3.0,2,0.05,0,3
100,47,81.0,87,0.65,19,81
200,47,171.0,187,0.65,29,171
2000,47,1729.0,1987,0.65,271,1729
10000,47,8504.0,9987,0.65,1496,8504
20000,47,16999.0,19987,0.65,3001,16999
40000,47,34042.0,39987,0.65,5958,34042
60000,47,51033.0,59987,0.65,8967,51033
80000,47,68040.0,79987,0.65,11960,68040
100000,47,85147.0,99987,0.65,14853,85147
200000,47,170077.0,199987,0.65,29923,170077
400000,47,340276.0,399987,0.65,59724,340276
600000,47,510284.0,599987,0.65,89716,510284
800000,47,680098.0,799987,0.65,119902,680098
1000000,47,850142.0,999987,0.65,149858,850142
2,48,1.0,1,0.0,1,1
3,48,2.0,2,0.05,1,2
100,48,84.0,21,0.5,16,84
200,48,168.0,21,0.5,32,168
2000,48,1698.0,21,0.5,302,1698
10000,48,8542.0,21,0.5,1458,8542
20000,48,17091.0,21,0.5,2909,17091
40000,48,34158.0,21,0.5,5842,34158
60000,48,51218.0,21,0.5,8782,51218
80000,48,68222.0,21,0.5,11778,68222
100000,48,85180.0,21,0.5,14820,85180
200000,48,170172.0,21,0.5,29828,170172
400000,48,340287.0,21,0.5,59713,340287
600000,48,510266.0,21,0.5,89734,510266
800000,48,680253.0,21,0.5,119747,680253
1000000,48,850032.0,21,0.5,149968,850032
2,49,2.0,1,0.0,0,2
3,49,3.0,2,0.05,0,3
100,49,83.0,83,0.5,17,83
200,49,169.0,183,0.5,31,169
2000,49,1693.0,1983,0.5,307,1693
10000,49,8520.0,9983,0.5,1480,8520
20000,49,16970.0,19983,0.5,3030,16970
40000,49,34009.0,39983,0.5,5991,34009
60000,49,50976.0,59983,0.5,9024,50976
80000,49,67999.0,79983,0.5,12001,67999
100000,49,84964.0,99983,0.5,15036,84964
200000,49,170102.0,199983,0.5,29898,170102
400000,49,340135.0,399983,0.5,59865,340135
600000,49,510439.0,599983,0.5,89561,510439
800000,49,680615.0,799983,0.5,119385,680615
1000000,49,850710.0,999983,0.5,149290,850710
2,50,1.0,1,0.0,1,1
3,50,2.0,2,0.05,1,2
100,50,87.0,71,0.5,13,87
200,50,172.0,169,0.5,28,172
2000,50,1699.0,1969,0.5,301,1699
10000,50,8491.0,9969,0.5,1509,8491
20000,50,16978.0,19969,0.5,3022,16978
40000,50,34026.0,39969,0.5,5974,34026
60000,50,51118.0,59969,0.5,8882,51118
80000,50,68103.0,79969,0.5,11897,68103
100000,50,85094.0,99969,0.5,14906,85094
200000,50,169932.0,199969,0.5,30068,169932
400000,50,339956.0,399969,0.5,60044,339956
600000,50,510058.0,599969,0.5,89942,510058
800000,50,680095.0,799969,0.5,119905,680095
1000000,50,850182.0,999969,0.5,149818,850182
2,51,2.0,1,0.0,0,2
3,51,3.0,2,0.05,0,3
100,51,77.0,85,1.55,23,77
200,51,157.0,185,6.55,43,157
2000,51,1616.0,1985,96.55,384,1616
10000,51,7957.0,9985,496.55,2043,7957
20000,51,15914.0,19985,996.55,4086,15914
40000,51,31968.0,39985,1996.55,8032,31968
60000,51,47992.0,59985,2996.55,12008,47992
80000,51,63927.0,79985,3996.55,16073,63927
100000,51,79899.0,99985,4996.55,20101,79899
200000,51,159706.0,199985,9996.55,40294,159706
400000,51,319750.0,399985,19996.55,80250,319750
600000,51,479722.0,599985,29996.55,120278,479722
800000,51,639567.0,799985,39996.55,160433,639567
1000000,51,799693.0,999985,49996.55,200307,799693
2,52,1.0,1,0.0,1,1
3,52,2.0,2,0.05,1,2
100,52,88.0,20,0.5,12,88
200,52,172.0,20,0.5,28,172
2000,52,1732.0,20,0.5,268,1732
10000,52,8570.0,20,0.5,1430,8570
20000,52,17094.0,20,0.5,2906,17094
40000,52,34056.0,20,0.5,5944,34056
60000,52,51023.0,20,0.5,8977,51023
80000,52,67962.0,20,0.5,12038,67962
100000,52,84914.0,20,0.5,15086,84914
200000,52,169832.0,20,0.5,30168,169832
400000,52,339691.0,20,0.5,60309,339691
600000,52,509555.0,20,0.5,90445,509555
800000,52,679589.0,20,0.5,120411,679589
1000000,52,849712.0,20,0.5,150288,849712
2,53,2.0,1,0.0,0,2
3,53,3.0,2,0.05,0,3
100,53,82.0,45,0.5,18,82
200,53,165.0,45,0.5,35,165
2000,53,1683.0,45,0.5,317,1683
10000,53,8434.0,45,0.5,1566,8434
20000,53,16935.0,45,0.5,3065,16935
40000,53,33931.0,45,0.5,6069,33931
60000,53,50936.0,45,0.5,9064,50936
80000,53,67971.0,45,0.5,12029,67971
100000,53,84917.0,45,0.5,15083,84917
200000,53,169993.0,45,0.5,30007,169993
400000,53,339920.0,45,0.5,60080,339920
600000,53,509865.0,45,0.5,90135,509865
800000,53,679945.0,45,0.5,120055,679945
1000000,53,850059.0,45,0.5,149941,850059
2,54,2.0,1,0.0,0,2
3,54,3.0,2,0.05,0,3
100,54,81.0,90,3.7,19,81
200,54,163.0,190,8.7,37,163
2000,54,1619.0,1990,98.7,381,1619
10000,54,8026.0,9990,498.7,1974,8026
20000,54,16055.0,19990,998.7,3945,16055
40000,54,32058.0,39990,1998.7,7942,32058
60000,54,48091.0,59990,2998.7,11909,48091
80000,54,64049.0,79990,3998.7,15951,64049
100000,54,80069.0,99990,4998.7,19931,80069
200000,54,160061.0,199990,9998.7,39939,160061
400000,54,320006.0,399990,19998.7,79994,320006
600000,54,480055.0,599990,29998.7,119945,480055
800000,54,640230.0,799990,39998.7,159770,640230
1000000,54,800120.0,999990,49998.7,199880,800120
2,55,2.0,1,0.0,0,2
3,55,3.0,2,0.05,0,3
100,55,85.0,53,1.2,15,85
200,55,169.0,95,1.85,31,169
2000,55,1703.0,95,1.85,297,1703
10000,55,8523.0,95,1.85,1477,8523
20000,55,17029.0,95,1.85,2971,17029
40000,55,34043.0,95,1.85,5957,34043
60000,55,50967.0,95,1.85,9033,50967
80000,55,67820.0,95,1.85,12180,67820
100000,55,84797.0,95,1.85,15203,84797
200000,55,169932.0,95,1.85,30068,169932
400000,55,339699.0,95,1.85,60301,339699
600000,55,509877.0,95,1.85,90123,509877
800000,55,679986.0,95,1.85,120014,679986
1000000,55,850115.0,95,1.85,149885,850115
2,56,2.0,1,0.0,0,2
3,56,3.0,2,0.05,0,3
100,56,83.0,27,0.65,17,83
200,56,169.0,27,0.65,31,169
2000,56,1722.0,27,0.65,278,1722
10000,56,8539.0,27,0.65,1461,8539
20000,56,17064.0,27,0.65,2936,17064
40000,56,34093.0,27,0.65,5907,34093
60000,56,51044.0,27,0.65,8956,51044
80000,56,68042.0,27,0.65,11958,68042
100000,56,85129.0,27,0.65,14871,85129
200000,56,170191.0,27,0.65,29809,170191
400000,56,340476.0,27,0.65,59524,340476
600000,56,510713.0,27,0.65,89287,510713
800000,56,680662.0,27,0.65,119338,680662
1000000,56,850799.0,27,0.65,149201,850799
2,57,2.0,1,0.0,0,2
3,57,2.0,2,0.05,1,2
100,57,84.0,78,0.5,16,84
200,57,164.0,178,0.5,36,164
2000,57,1686.0,1978,0.5,314,1686
10000,57,8513.0,9978,0.5,1487,8513
20000,57,17038.0,19978,0.5,2962,17038
40000,57,33983.0,39978,0.5,6017,33983
60000,57,50989.0,59978,0.5,9011,50989
80000,57,68045.0,79978,0.5,11955,68045
100000,57,85184.0,99978,0.5,14816,85184
200000,57,170112.0,199978,0.5,29888,170112
400000,57,340294.0,399978,0.5,59706,340294
600000,57,510215.0,599978,0.5,89785,510215
800000,57,680256.0,799978,0.5,119744,680256
1000000,57,850166.0,999978,0.5,149834,850166
2,58,1.0,1,0.0,1,1
3,58,2.0,2,0.05,1,2
100,58,85.0,90,0.5,15,85
200,58,167.0,190,0.5,33,167
2000,58,1701.0,1990,0.5,299,1701
10000,58,8575.0,9990,0.5,1425,8575
20000,58,17069.0,19990,0.5,2931,17069
40000,58,34079.0,39990,0.5,5921,34079
60000,58,51138.0,59990,0.5,8862,51138
80000,58,68209.0,79990,0.5,11791,68209
100000,58,85215.0,99990,0.5,14785,85215
200000,58,170169.0,199990,0.5,29831,170169
400000,58,340110.0,399990,0.5,59890,340110
600000,58,510194.0,599990,0.5,89806,510194
800000,58,680321.0,799990,0.5,119679,680321
1000000,58,850316.0,999990,0.5,149684,850316
2,59,1.0,1,0.0,1,1
3,59,2.0,2,0.05,1,2
100,59,82.0,87,3.65,18,82
200,59,159.0,187,8.65,41,159
2000,59,1587.0,1987,98.55,413,1587
10000,59,8029.0,9987,498.55,1971,8029
20000,59,15979.0,19987,998.55,4021,15979
40000,59,32007.0,39987,1998.55,7993,32007
60000,59,47987.0,59987,2998.55,12013,47987
80000,59,63871.0,79987,3998.55,16129,63871
100000,59,79799.0,99987,4998.55,20201,79799
200000,59,159780.0,199987,9998.55,40220,159780
400000,59,319726.0,399987,19998.55,80274,319726
600000,59,479703.0,599987,29998.55,120297,479703
800000,59,639619.0,799987,39998.55,160381,639619
1000000,59,799660.0,999987,49998.55,200340,799660
2,60,2.0,1,0.0,0,2
3,60,3.0,2,0.05,0,3
100,60,82.0,88,0.6,18,82
200,60,165.0,188,0.6,35,165
2000,60,1730.0,1988,0.6,270,1730
10000,60,8520.0,9988,0.6,1480,8520
20000,60,16989.0,19988,0.6,3011,16989
40000,60,34019.0,39988,0.6,5981,34019
60000,60,50985.0,59988,0.6,9015,50985
80000,60,68018.0,79988,0.6,11982,68018
100000,60,85094.0,99988,0.6,14906,85094
200000,60,170020.0,199988,0.6,29980,170020
400000,60,340030.0,399988,0.6,59970,340030
600000,60,509894.0,599988,0.6,90106,509894
800000,60,679239.0,799988,0.6,120761,679239
1000000,60,849057.0,999988,0.6,150943,849057
2,61,0.0,1,0.0,2,0
3,61,1.0,2,0.05,2,1
100,61,77.0,84,0.5,23,77
200,61,166.0,184,0.5,34,166
2000,61,1708.0,1984,0.5,292,1708
10000,61,8508.0,9984,0.5,1492,8508
20000,61,17027.0,19984,0.5,2973,17027
40000,61,34068.0,39984,0.5,5932,34068
60000,61,51033.0,59984,0.5,8967,51033
80000,61,67949.0,79984,0.5,12051,67949
100000,61,84950.0,99984,0.5,15050,84950
200000,61,169973.0,199984,0.5,30027,169973
400000,61,339651.0,399984,0.5,60349,339651
600000,61,509870.0,599984,0.5,90130,509870
800000,61,679945.0,799984,0.5,120055,679945
1000000,61,850163.0,999984,0.5,149837,850163
2,62,2.0,1,0.0,0,2
3,62,3.0,2,0.05,0,3
100,62,84.0,20,0.5,16,84
200,62,166.0,20,0.5,34,166
2000,62,1672.0,20,0.5,328,1672
10000,62,8409.0,20,0.5,1591,8409
20000,62,16923.0,20,0.5,3077,16923
40000,62,33960.0,20,0.5,6040,33960
60000,62,50927.0,20,0.5,9073,50927
80000,62,67908.0,20,0.5,12092,67908
100000,62,84951.0,20,0.5,15049,84951
200000,62,170126.0,20,0.5,29874,170126
400000,62,340099.0,20,0.5,59901,340099
600000,62,510167.0,20,0.5,89833,510167
800000,62,680120.0,20,0.5,119880,680120
1000000,62,850242.0,20,0.5,149758,850242
2,63,2.0,1,0.0,0,2
3,63,3.0,2,0.05,0,3
100,63,84.0,33,0.5,16,84
200,63,167.0,120,0.5,33,167
2000,63,1683.0,1861,0.5,317,1683
10000,63,8466.0,9861,0.5,1534,8466
20000,63,16971.0,19861,0.5,3029,16971
40000,63,33967.0,39861,0.5,6033,33967
60000,63,51013.0,59861,0.5,8987,51013
80000,63,67995.0,79861,0.5,12005,67995
100000,63,85071.0,99861,0.5,14929,85071
200000,63,170038.0,199861,0.5,29962,170038
400000,63,339915.0,399861,0.5,60085,339915
600000,63,509689.0,599861,0.5,90311,509689
800000,63,679577.0,799861,0.5,120423,679577
1000000,63,849745.0,999861,0.5,150255,849745
2,64,2.0,1,0.0,0,2
3,64,3.0,2,0.05,0,3
100,64,82.0,90,0.5,18,82
200,64,171.0,190,0.5,29,171
2000,64,1692.0,1990,0.5,308,1692
10000,64,8491.0,9990,0.5,1509,8491
20000,64,16992.0,19990,0.5,3008,16992
40000,64,34017.0,39990,0.5,5983,34017
60000,64,51120.0,59990,0.5,8880,51120
80000,64,68004.0,79990,0.5,11996,68004
100000,64,84949.0,99990,0.5,15051,84949
200000,64,170248.0,199990,0.5,29752,170248
400000,64,340198.0,399990,0.5,59802,340198
600000,64,510014.0,599990,0.5,89986,510014
800000,64,680144.0,799990,0.5,119856,680144
1000000,64,850152.0,999990,0.5,149848,850152
2,65,1.0,1,0.0,1,1
3,65,2.0,2,0.05,1,2
100,65,78.0,86,0.5,22,78
200,65,164.0,186,0.5,36,164
2000,65,1690.0,1986,0.5,310,1690
10000,65,8471.0,9986,0.5,1529,8471
20000,65,16973.0,19986,0.5,3027,16973
40000,65,33980.0,39986,0.5,6020,33980
60000,65,51032.0,59986,0.5,8968,51032
80000,65,68002.0,79986,0.5,11998,68002
100000,65,84914.0,99986,0.5,15086,84914
200000,65,169968.0,199986,0.5,30032,169968
400000,65,339919.0,399986,0.5,60081,339919
600000,65,509751.0,599986,0.5,90249,509751
800000,65,679622.0,799986,0.5,120378,679622
1000000,65,849693.0,999986,0.5,150307,849693
2,66,1.0,1,0.0,1,1
3,66,2.0,2,0.05,1,2
100,66,82.0,32,0.8,18,82
200,66,164.0,32,0.8,36,164
2000,66,1720.0,32,0.8,280,1720
10000,66,8538.0,32,0.8,1462,8538
20000,66,17077.0,32,0.8,2923,17077
40000,66,34112.0,32,0.8,5888,34112
60000,66,51093.0,32,0.8,8907,51093
80000,66,68135.0,32,0.8,11865,68135
100000,66,85201.0,32,0.8,14799,85201
200000,66,170166.0,32,0.8,29834,170166
400000,66,340049.0,32,0.8,59951,340049
600000,66,509984.0,32,0.8,90016,509984
800000,66,679996.0,32,0.8,120004,679996
1000000,66,850391.0,32,0.8,149609,850391
2,67,2.0,1,0.0,0,2
3,67,3.0,2,0.05,0,3
100,67,91.0,90,0.9,9,91
200,67,180.0,190,0.9,20,180
2000,67,1710.0,1990,1.0,290,1710
10000,67,8495.0,9990,1.0,1505,8495
20000,67,16960.0,19990,1.0,3040,16960
40000,67,33945.0,39990,1.0,6055,33945
60000,67,50941.0,59990,1.0,9059,50941
80000,67,67860.0,79990,1.0,12140,67860
100000,67,84866.0,99990,1.0,15134,84866
200000,67,169849.0,199990,1.0,30151,169849
400000,67,339835.0,399990,1.0,60165,339835
600000,67,509707.0,599990,1.0,90293,509707
800000,67,679747.0,799990,1.0,120253,679747
1000000,67,849853.0,999990,1.0,150147,849853
2,68,2.0,1,0.0,0,2
3,68,3.0,2,0.05,0,3
100,68,84.0,58,0.5,16,84
200,68,174.0,158,0.5,26,174
2000,68,1733.0,1958,0.5,267,1733
10000,68,8564.0,9958,0.5,1436,8564
20000,68,17021.0,19958,0.5,2979,17021
40000,68,34039.0,39958,0.5,5961,34039
60000,68,51022.0,59958,0.5,8978,51022
80000,68,68090.0,79958,0.5,11910,68090
100000,68,85095.0,99958,0.5,14905,85095
200000,68,170148.0,199958,0.5,29852,170148
400000,68,340319.0,399958,0.5,59681,340319
600000,68,510120.0,599958,0.5,89880,510120
800000,68,680187.0,799958,0.5,119813,680187
1000000,68,850367.0,999958,0.5,149633,850367
2,69,2.0,1,0.0,0,2
3,69,3.0,2,0.05,0,3
100,69,84.0,90,0.5,16,84
200,69,167.0,145,0.5,33,167
2000,69,1676.0,145,0.5,324,1676
10000,69,8465.0,145,0.5,1535,8465
20000,69,16921.0,145,0.5,3079,16921
40000,69,33961.0,145,0.5,6039,33961
60000,69,50912.0,145,0.5,9088,50912
80000,69,67924.0,145,0.5,12076,67924
100000,69,84863.0,145,0.5,15137,84863
200000,69,169898.0,145,0.5,30102,169898
400000,69,339908.0,145,0.5,60092,339908
600000,69,510126.0,145,0.5,89874,510126
800000,69,680130.0,145,0.5,119870,680130
1000000,69,850079.0,145,0.5,149921,850079
2,70,2.0,1,0.0,0,2
3,70,3.0,2,0.05,0,3
100,70,80.0,74,0.55,20,80
200,70,165.0,174,0.55,35,165
2000,70,1671.0,1974,0.55,329,1671
10000,70,8533.0,9974,0.55,1467,8533
20000,70,16964.0,19974,0.55,3036,16964
40000,70,34018.0,39974,0.55,5982,34018
60000,70,51021.0,59974,0.55,8979,51021
80000,70,67979.0,79974,0.55,12021,67979
100000,70,85034.0,99974,0.55,14966,85034
200000,70,169896.0,199974,0.55,30104,169896
400000,70,339857.0,399974,0.55,60143,339857
600000,70,509888.0,599974,0.55,90112,509888
800000,70,679964.0,799974,0.55,120036,679964
1000000,70,849853.0,999974,0.55,150147,849853
2,71,2.0,1,0.0,0,2
3,71,3.0,2,0.05,0,3
100,71,75.0,87,3.55,25,75
200,71,159.0,187,8.55,41,159
2000,71,1603.0,1987,98.55,397,1603
10000,71,7985.0,9987,498.55,2015,7985
20000,71,16025.0,19987,998.55,3975,16025
40000,71,31936.0,39987,1998.55,8064,31936
60000,71,48001.0,59987,2998.55,11999,48001
80000,71,63936.0,79987,3998.55,16064,63936
100000,71,79969.0,99987,4998.55,20031,79969
200000,71,160028.0,199987,9998.55,39972,160028
400000,71,320123.0,399987,19998.55,79877,320123
600000,71,480187.0,599987,29998.55,119813,480187
800000,71,640139.0,799987,39998.55,159861,640139
1000000,71,800137.0,999987,49998.55,199863,800137
2,72,1.0,1,0.0,1,1
3,72,2.0,2,0.05,1,2
100,72,85.0,90,4.0,15,85
200,72,165.0,190,9.0,35,165
2000,72,1600.0,1984,98.5,400,1600
10000,72,8007.0,9984,498.5,1993,8007
20000,72,16020.0,19984,998.5,3980,16020
40000,72,32092.0,39984,1998.5,7908,32092
60000,72,48077.0,59984,2998.5,11923,48077
80000,72,64151.0,79984,3998.5,15849,64151
100000,72,80109.0,99984,4998.5,19891,80109
200000,72,160204.0,199984,9998.5,39796,160204
400000,72,320182.0,399984,19998.5,79818,320182
600000,72,480035.0,599984,29998.5,119965,480035
800000,72,639841.0,799984,39998.5,160159,639841
1000000,72,799938.0,999984,49998.5,200062,799938
2,73,2.0,1,0.0,0,2
3,73,3.0,2,0.05,0,3
100,73,81.0,87,0.65,19,81
200,73,160.0,187,0.65,40,160
2000,73,1695.0,1987,0.65,305,1695
10000,73,8489.0,9987,0.65,1511,8489
20000,73,16974.0,19987,0.65,3026,16974
40000,73,34019.0,39987,0.65,5981,34019
60000,73,51032.0,59987,0.65,8968,51032
80000,73,68114.0,79987,0.65,11886,68114
100000,73,85144.0,99987,0.65,14856,85144
200000,73,170000.0,199987,0.65,30000,170000
400000,73,340110.0,399987,0.65,59890,340110
600000,73,510157.0,599987,0.65,89843,510157
800000,73,680441.0,799987,0.65,119559,680441
1000000,73,850736.0,999987,0.65,149264,850736
2,74,2.0,1,0.0,0,2
3,74,3.0,2,0.05,0,3
100,74,80.0,59,2.45,20,80
200,74,166.0,157,2.45,34,166
2000,74,1720.0,1957,2.45,280,1720
10000,74,8562.0,9957,2.45,1438,8562
20000,74,17065.0,19957,2.45,2935,17065
40000,74,34116.0,39957,2.45,5884,34116
60000,74,51105.0,59957,2.45,8895,51105
80000,74,68108.0,79957,2.45,11892,68108
100000,74,85084.0,99957,2.45,14916,85084
200000,74,170003.0,199957,2.45,29997,170003
400000,74,340071.0,399957,2.45,59929,340071
600000,74,509989.0,599957,2.45,90011,509989
800000,74,679969.0,799957,2.45,120031,679969
1000000,74,850052.0,999957,2.45,149948,850052
2,75,2.0,1,0.0,0,2
3,75,3.0,2,0.05,0,3
100,75,86.0,37,0.5,14,86
200,75,175.0,37,0.5,25,175
2000,75,1709.0,56,0.5,291,1709
10000,75,8526.0,57,0.5,1474,8526
20000,75,17009.0,57,0.5,2991,17009
40000,75,34042.0,57,0.5,5958,34042
60000,75,51112.0,57,0.5,8888,51112
80000,75,68080.0,57,0.5,11920,68080
100000,75,85233.0,57,0.5,14767,85233
200000,75,170089.0,57,0.5,29911,170089
400000,75,340111.0,57,0.5,59889,340111
600000,75,510212.0,57,0.5,89788,510212
800000,75,680106.0,57,0.5,119894,680106
1000000,75,850382.0,57,0.5,149618,850382
2,76,0.0,1,0.0,2,0
3,76,1.0,2,0.05,2,1
100,76,86.0,35,1.25,14,86
200,76,170.0,35,1.25,30,170
2000,76,1701.0,35,1.25,299,1701
10000,76,8488.0,35,1.25,1512,8488
20000,76,17003.0,35,1.25,2997,17003
40000,76,33965.0,35,1.25,6035,33965
60000,76,50988.0,35,1.25,9012,50988
80000,76,67968.0,35,1.25,12032,67968
100000,76,84931.0,35,1.25,15069,84931
200000,76,169649.0,35,1.25,30351,169649
400000,76,339762.0,35,1.25,60238,339762
600000,76,509871.0,35,1.25,90129,509871
800000,76,679970.0,35,1.25,120030,679970
1000000,76,849788.0,35,1.25,150212,849788
2,77,2.0,1,0.0,0,2
3,77,3.0,2,0.05,0,3
100,77,77.0,90,0.5,23,77
200,77,160.0,190,0.5,40,160
2000,77,1680.0,1990,0.5,320,1680
10000,77,8442.0,9990,0.5,1558,8442
20000,77,16961.0,19990,0.5,3039,16961
40000,77,34042.0,39990,0.5,5958,34042
60000,77,51035.0,59990,0.5,8965,51035
80000,77,68017.0,79990,0.5,11983,68017
100000,77,85077.0,99990,0.5,14923,85077
200000,77,170109.0,199990,0.5,29891,170109
400000,77,340036.0,399990,0.5,59964,340036
600000,77,510052.0,599990,0.5,89948,510052
800000,77,679954.0,799990,0.5,120046,679954
1000000,77,849842.0,999990,0.5,150158,849842
2,78,1.0,1,0.0,1,1
3,78,2.0,2,0.05,1,2
100,78,88.0,88,0.5,12,88
200,78,173.0,188,0.5,27,173
2000,78,1711.0,1988,0.5,289,1711
10000,78,8579.0,9988,0.5,1421,8579
20000,78,17119.0,19988,0.5,2881,17119
40000,78,34092.0,39988,0.5,5908,34092
60000,78,51079.0,59988,0.5,8921,51079
80000,78,68124.0,79988,0.5,11876,68124
100000,78,85222.0,99988,0.5,14778,85222
200000,78,170238.0,199988,0.5,29762,170238
400000,78,339937.0,399988,0.5,60063,339937
600000,78,510268.0,599988,0.5,89732,510268
800000,78,680366.0,799988,0.5,119634,680366
1000000,78,850571.0,999988,0.5,149429,850571
2,79,1.0,1,0.0,1,1
3,79,1.0,2,0.05,2,1
100,79,87.0,89,0.75,13,87
200,79,165.0,189,0.8,35,165
2000,79,1684.0,1989,0.8,316,1684
10000,79,8559.0,9989,0.8,1441,8559
20000,79,16967.0,19989,0.8,3033,16967
40000,79,33907.0,39989,0.8,6093,33907
60000,79,50990.0,59989,0.8,9010,50990
80000,79,67995.0,79989,0.8,12005,67995
100000,79,85037.0,99989,0.8,14963,85037
200000,79,170124.0,199989,0.8,29876,170124
400000,79,339979.0,399989,0.8,60021,339979
600000,79,509841.0,599989,0.8,90159,509841
800000,79,679879.0,799989,0.8,120121,679879
1000000,79,849982.0,999989,0.8,150018,849982
2,80,2.0,1,0.0,0,2
3,80,3.0,2,0.05,0,3
100,80,82.0,86,0.5,18,82
200,80,153.0,169,0.6,47,153
2000,80,1683.0,1969,0.6,317,1683
10000,80,8475.0,9969,0.6,1525,8475
20000,80,16995.0,19969,0.6,3005,16995
40000,80,33994.0,39969,0.6,6006,33994
60000,80,50954.0,59969,0.6,9046,50954
80000,80,67989.0,79969,0.6,12011,67989
100000,80,84975.0,99969,0.6,15025,84975
200000,80,170012.0,199969,0.6,29988,170012
400000,80,340143.0,399969,0.6,59857,340143
600000,80,510281.0,599969,0.6,89719,510281
800000,80,680244.0,799969,0.6,119756,680244
1000000,80,850447.0,999969,0.6,149553,850447
2,81,2.0,1,0.0,0,2
3,81,3.0,2,0.05,0,3
100,81,92.0,90,0.5,8,92
200,81,178.0,178,0.5,22,178
2000,81,1673.0,1734,0.5,327,1673
10000,81,8503.0,9734,0.5,1497,8503
20000,81,16976.0,19734,0.5,3024,16976
40000,81,33970.0,39734,0.5,6030,33970
60000,81,51000.0,59734,0.5,9000,51000
80000,81,67909.0,79734,0.5,12091,67909
100000,81,84921.0,99734,0.5,15079,84921
200000,81,169792.0,199734,0.5,30208,169792
400000,81,339907.0,399734,0.5,60093,339907
600000,81,509797.0,599734,0.5,90203,509797
800000,81,679849.0,799734,0.5,120151,679849
1000000,81,849697.0,999734,0.5,150303,849697
2,82,2.0,1,0.0,0,2
3,82,2.0,2,0.05,1,2
100,82,80.0,90,0.5,20,80
200,82,168.0,190,0.5,32,168
2000,82,1724.0,1990,0.5,276,1724
10000,82,8565.0,9990,0.5,1435,8565
20000,82,17122.0,19990,0.5,2878,17122
40000,82,34062.0,39990,0.5,5938,34062
60000,82,51051.0,59990,0.5,8949,51051
80000,82,68016.0,79990,0.5,11984,68016
100000,82,85001.0,99990,0.5,14999,85001
200000,82,169782.0,199990,0.5,30218,169782
400000,82,339690.0,399990,0.5,60310,339690
600000,82,509790.0,599990,0.5,90210,509790
800000,82,680023.0,799990,0.5,119977,680023
1000000,82,849923.0,999990,0.5,150077,849923
2,83,2.0,1,0.0,0,2
3,83,3.0,2,0.05,0,3
100,83,83.0,86,0.5,17,83
200,83,172.0,186,0.5,28,172
2000,83,1694.0,1986,0.5,306,1694
10000,83,8469.0,9986,0.5,1531,8469
20000,83,16927.0,19986,0.5,3073,16927
40000,83,33912.0,39986,0.5,6088,33912
60000,83,50936.0,59986,0.5,9064,50936
80000,83,67954.0,79986,0.5,12046,67954
100000,83,84936.0,99986,0.5,15064,84936
200000,83,170069.0,199986,0.5,29931,170069
400000,83,340066.0,399986,0.5,59934,340066
600000,83,510114.0,599986,0.5,89886,510114
800000,83,680284.0,799986,0.5,119716,680284
1000000,83,850328.0,999986,0.5,149672,850328
2,84,2.0,1,0.0,0,2
3,84,3.0,2,0.05,0,3
100,84,78.0,81,1.35,22,78
200,84,160.0,181,1.35,40,160
2000,84,1679.0,1981,1.35,321,1679
10000,84,8452.0,9981,1.35,1548,8452
20000,84,16978.0,19981,1.35,3022,16978
40000,84,34007.0,39981,1.35,5993,34007
60000,84,50975.0,59981,1.35,9025,50975
80000,84,68067.0,79981,1.35,11933,68067
100000,84,85115.0,99981,1.35,14885,85115
200000,84,169888.0,199981,1.35,30112,169888
400000,84,339946.0,399981,1.35,60054,339946
600000,84,509929.0,599981,1.35,90071,509929
800000,84,679851.0,799981,1.35,120149,679851
1000000,84,849722.0,999981,1.35,150278,849722
2,85,2.0,1,0.0,0,2
3,85,3.0,2,0.05,0,3
100,85,81.0,21,0.5,19,81
200,85,172.0,21,0.5,28,172
2000,85,1697.0,21,0.5,303,1697
10000,85,8548.0,21,0.5,1452,8548
20000,85,17080.0,21,0.5,2920,17080
40000,85,34036.0,21,0.5,5964,34036
60000,85,51039.0,21,0.5,8961,51039
80000,85,68040.0,21,0.5,11960,68040
100000,85,85057.0,21,0.5,14943,85057
200000,85,170043.0,21,0.5,29957,170043
400000,85,340098.0,21,0.5,59902,340098
600000,85,510158.0,21,0.5,89842,510158
800000,85,680070.0,21,0.5,119930,680070
1000000,85,850077.0,21,0.5,149923,850077
2,86,1.0,1,0.0,1,1
3,86,2.0,2,0.05,1,2
100,86,85.0,90,0.5,15,85
200,86,170.0,190,0.5,30,170
2000,86,1735.0,1990,0.5,265,1735
10000,86,8544.0,9990,0.5,1456,8544
20000,86,17052.0,19990,0.5,2948,17052
40000,86,33959.0,39990,0.5,6041,33959
60000,86,50890.0,59990,0.5,9110,50890
80000,86,67846.0,79990,0.5,12154,67846
100000,86,84872.0,99990,0.5,15128,84872
200000,86,169860.0,199990,0.5,30140,169860
400000,86,340044.0,399990,0.5,59956,340044
600000,86,510124.0,599990,0.5,89876,510124
800000,86,679875.0,799990,0.5,120125,679875
1000000,86,849980.0,999990,0.5,150020,849980
2,87,1.0,1,0.0,1,1
3,87,2.0,2,0.05,1,2
100,87,82.0,90,3.85,18,82
200,87,166.0,190,8.85,34,166
2000,87,1622.0,1990,98.85,378,1622
10000,87,7982.0,9990,498.85,2018,7982
20000,87,16080.0,19990,998.85,3920,16080
40000,87,32019.0,39990,1998.85,7981,32019
60000,87,48017.0,59990,2998.85,11983,48017
80000,87,63903.0,79990,3998.85,16097,63903
100000,87,79864.0,99990,4998.85,20136,79864
200000,87,159601.0,199990,9998.85,40399,159601
400000,87,319786.0,399990,19998.85,80214,319786
600000,87,479998.0,599990,29998.85,120002,479998
800000,87,639892.0,799990,39998.85,160108,639892
1000000,87,799498.0,999990,49998.85,200502,799498
2,88,2.0,1,0.0,0,2
3,88,3.0,2,0.05,0,3
100,88,85.0,20,0.5,15,85
200,88,173.0,20,0.5,27,173
2000,88,1700.0,20,0.5,300,1700
10000,88,8515.0,20,0.5,1485,8515
20000,88,17038.0,20,0.5,2962,17038
40000,88,34034.0,20,0.5,5966,34034
60000,88,51079.0,20,0.5,8921,51079
80000,88,68090.0,20,0.5,11910,68090
100000,88,85027.0,20,0.5,14973,85027
200000,88,170028.0,20,0.5,29972,170028
400000,88,339952.0,20,0.5,60048,339952
600000,88,509838.0,20,0.5,90162,509838
800000,88,679693.0,20,0.5,120307,679693
1000000,88,849550.0,20,0.5,150450,849550
2,89,2.0,1,0.0,0,2
3,89,3.0,2,0.05,0,3
100,89,89.0,75,0.5,11,89
200,89,173.0,160,0.5,27,173
2000,89,1708.0,1960,0.5,292,1708
10000,89,8487.0,9957,0.5,1513,8487
20000,89,17072.0,19957,0.5,2928,17072
40000,89,34145.0,39957,0.5,5855,34145
60000,89,51067.0,59957,0.5,8933,51067
80000,89,68036.0,79957,0.5,11964,68036
100000,89,85083.0,99957,0.5,14917,85083
200000,89,170136.0,199957,0.5,29864,170136
400000,89,340208.0,399957,0.5,59792,340208
600000,89,509994.0,599957,0.5,90006,509994
800000,89,680154.0,799957,0.5,119846,680154
1000000,89,850219.0,999957,0.5,149781,850219
2,90,2.0,1,0.0,0,2
3,90,3.0,2,0.05,0,3
100,90,81.0,25,0.5,19,81
200,90,171.0,25,0.5,29,171
2000,90,1693.0,25,0.5,307,1693
10000,90,8531.0,25,0.5,1469,8531
20000,90,17067.0,25,0.5,2933,17067
40000,90,34000.0,25,0.5,6000,34000
60000,90,50977.0,25,0.5,9023,50977
80000,90,67977.0,25,0.5,12023,67977
100000,90,84985.0,25,0.5,15015,84985
200000,90,169952.0,25,0.5,30048,169952
400000,90,339939.0,25,0.5,60061,339939
600000,90,509949.0,25,0.5,90051,509949
800000,90,679901.0,25,0.5,120099,679901
1000000,90,849892.0,25,0.5,150108,849892
2,91,1.0,1,0.0,1,1
3,91,2.0,2,0.05,1,2
100,91,85.0,24,0.7,15,85
200,91,169.0,24,0.7,31,169
2000,91,1693.0,24,0.7,307,1693
10000,91,8528.0,24,0.7,1472,8528
20000,91,17063.0,24,0.7,2937,17063
40000,91,34055.0,24,0.7,5945,34055
60000,91,51080.0,24,0.7,8920,51080
80000,91,67925.0,24,0.7,12075,67925
100000,91,84978.0,24,0.7,15022,84978
200000,91,169896.0,24,0.7,30104,169896
400000,91,339781.0,24,0.7,60219,339781
600000,91,509929.0,24,0.7,90071,509929
800000,91,679923.0,24,0.7,120077,679923
1000000,91,850048.0,24,0.7,149952,850048
2,92,2.0,1,0.0,0,2
3,92,3.0,2,0.05,0,3
100,92,86.0,20,0.5,14,86
200,92,170.0,20,0.5,30,170
2000,92,1695.0,20,0.5,305,1695
10000,92,8497.0,20,0.5,1503,8497
20000,92,17015.0,20,0.5,2985,17015
40000,92,34043.0,20,0.5,5957,34043
60000,92,51115.0,20,0.5,8885,51115
80000,92,68110.0,20,0.5,11890,68110
100000,92,85144.0,20,0.5,14856,85144
200000,92,170199.0,20,0.5,29801,170199
400000,92,340131.0,20,0.5,59869,340131
600000,92,510113.0,20,0.5,89887,510113
800000,92,680273.0,20,0.5,119727,680273
1000000,92,850223.0,20,0.5,149777,850223
2,93,1.0,1,0.0,1,1
3,93,1.0,2,0.05,2,1
100,93,83.0,20,0.5,17,83
200,93,167.0,20,0.5,33,167
2000,93,1682.0,20,0.5,318,1682
10000,93,8454.0,20,0.5,1546,8454
20000,93,16947.0,20,0.5,3053,16947
40000,93,33946.0,20,0.5,6054,33946
60000,93,50964.0,20,0.5,9036,50964
80000,93,67857.0,20,0.5,12143,67857
100000,93,84880.0,20,0.5,15120,84880
200000,93,169993.0,20,0.5,30007,169993
400000,93,340088.0,20,0.5,59912,340088
600000,93,509859.0,20,0.5,90141,509859
800000,93,679858.0,20,0.5,120142,679858
1000000,93,850010.0,20,0.5,149990,850010
2,94,2.0,1,0.0,0,2
3,94,3.0,2,0.05,0,3
100,94,80.0,23,0.5,20,80
200,94,160.0,23,0.5,40,160
2000,94,1695.0,23,0.5,305,1695
10000,94,8543.0,23,0.5,1457,8543
20000,94,17018.0,23,0.5,2982,17018
40000,94,34019.0,23,0.5,5981,34019
60000,94,50958.0,23,0.5,9042,50958
80000,94,67973.0,23,0.5,12027,67973
100000,94,84961.0,23,0.5,15039,84961
200000,94,169980.0,23,0.5,30020,169980
400000,94,339943.0,23,0.5,60057,339943
600000,94,510053.0,23,0.5,89947,510053
800000,94,680142.0,23,0.5,119858,680142
1000000,94,850038.0,23,0.5,149962,850038
2,95,1.0,1,0.0,1,1
3,95,2.0,2,0.05,1,2
100,95,89.0,90,0.5,11,89
200,95,163.0,190,0.5,37,163
2000,95,1717.0,1990,0.5,283,1717
10000,95,8536.0,9990,0.5,1464,8536
20000,95,17032.0,19990,0.5,2968,17032
40000,95,33998.0,39990,0.5,6002,33998
60000,95,51089.0,59990,0.5,8911,51089
80000,95,68038.0,79990,0.5,11962,68038
100000,95,85063.0,99990,0.5,14937,85063
200000,95,170009.0,199990,0.5,29991,170009
400000,95,340137.0,399990,0.5,59863,340137
600000,95,510124.0,599990,0.5,89876,510124
800000,95,680189.0,799990,0.5,119811,680189
1000000,95,850036.0,999990,0.5,149964,850036
2,96,2.0,1,0.0,0,2
3,96,3.0,2,0.05,0,3
100,96,83.0,89,3.95,17,83
200,96,165.0,189,8.95,35,165
2000,96,1668.0,236,11.3,332,1668
10000,96,8504.0,236,11.3,1496,8504
20000,96,16975.0,236,11.3,3025,16975
40000,96,33964.0,236,11.3,6036,33964
60000,96,51074.0,236,11.3,8926,51074
80000,96,68014.0,236,11.3,11986,68014
100000,96,84989.0,236,11.3,15011,84989
200000,96,170083.0,236,11.3,29917,170083
400000,96,339943.0,236,11.3,60057,339943
600000,96,509779.0,236,11.3,90221,509779
800000,96,680058.0,236,11.3,119942,680058
1000000,96,849948.0,236,11.3,150052,849948
2,97,1.0,1,0.0,1,1
3,97,2.0,2,0.05,1,2
100,97,78.0,72,0.5,22,78
200,97,162.0,168,0.5,38,162
2000,97,1691.0,1968,0.5,309,1691
10000,97,8478.0,9968,0.5,1522,8478
20000,97,16989.0,19968,0.5,3011,16989
40000,97,33959.0,39968,0.5,6041,33959
60000,97,50962.0,59968,0.5,9038,50962
80000,97,67918.0,79968,0.5,12082,67918
100000,97,84998.0,99968,0.5,15002,84998
200000,97,170002.0,199968,0.5,29998,170002
400000,97,339889.0,399968,0.5,60111,339889
600000,97,509631.0,599968,0.5,90369,509631
800000,97,679565.0,799968,0.5,120435,679565
1000000,97,849228.0,999968,0.5,150772,849228
2,98,1.0,1,0.0,1,1
3,98,2.0,2,0.05,1,2
100,98,89.0,90,0.5,11,89
200,98,173.0,190,0.5,27,173
2000,98,1719.0,1990,0.5,281,1719
10000,98,8470.0,9990,0.5,1530,8470
20000,98,16933.0,19990,0.5,3067,16933
40000,98,33982.0,39990,0.5,6018,33982
60000,98,50934.0,59990,0.5,9066,50934
80000,98,67928.0,79990,0.5,12072,67928
100000,98,84883.0,99990,0.5,15117,84883
200000,98,169958.0,199990,0.5,30042,169958
400000,98,340026.0,399990,0.5,59974,340026
600000,98,510098.0,599990,0.5,89902,510098
800000,98,680106.0,799990,0.5,119894,680106
1000000,98,850160.0,999990,0.5,149840,850160
2,99,1.0,1,0.0,1,1
3,99,2.0,2,0.05,1,2
100,99,82.0,90,0.5,18,82
200,99,173.0,190,0.5,27,173
2000,99,1705.0,1990,0.5,295,1705
10000,99,8518.0,9990,0.5,1482,8518
20000,99,17045.0,19990,0.5,2955,17045
40000,99,33964.0,39990,0.5,6036,33964
60000,99,51014.0,59990,0.5,8986,51014
80000,99,68006.0,79990,0.5,11994,68006
100000,99,85077.0,99990,0.5,14923,85077
200000,99,169968.0,199990,0.5,30032,169968
400000,99,340191.0,399990,0.5,59809,340191
600000,99,510270.0,599990,0.5,89730,510270
800000,99,680159.0,799990,0.5,119841,680159
1000000,99,849960.0,999990,0.5,150040,849960
2,100,2.0,1,0.0,0,2
3,100,2.0,2,0.05,1,2
100,100,83.0,90,0.5,17,83
200,100,168.0,190,0.5,32,168
2000,100,1727.0,1990,0.5,273,1727
10000,100,8514.0,9990,0.5,1486,8514
20000,100,17019.0,19990,0.5,2981,17019
40000,100,33991.0,39990,0.5,6009,33991
60000,100,51101.0,59990,0.5,8899,51101
80000,100,68106.0,79990,0.5,11894,68106
100000,100,85065.0,99990,0.5,14935,85065
200000,100,170028.0,199990,0.5,29972,170028
400000,100,339947.0,399990,0.5,60053,339947
600000,100,510018.0,599990,0.5,89982,510018
800000,100,680057.0,799990,0.5,119943,680057
1000000,100,849919.0,999990,0.5,150081,849919
