Timestep,Iteration,Total Reward,Suboptimal Arms,Total Regret,Zeros Count,Ones Count
2,1,1.0,1,0.0,1,1
3,1,2.0,2,0.01,1,2
100,1,92.0,77,0.05,8,92
200,1,185.0,177,0.05,15,185
2000,1,1797.0,1977,7.88,203,1797
10000,1,8915.0,9977,32.62,1085,8915
20000,1,17805.0,19977,82.62,2195,17805
40000,1,35600.0,39977,182.06,4400,35600
60000,1,53322.0,59977,281.99,6678,53322
80000,1,71125.0,79977,381.99,8875,71125
100000,1,88936.0,99977,481.99,11064,88936
200000,1,177833.0,199977,981.99,22167,177833
400000,1,355876.0,399977,1981.99,44124,355876
600000,1,533796.0,599977,2981.99,66204,533796
800000,1,711745.0,799977,3981.99,88255,711745
1000000,1,889464.0,999977,4981.99,110536,889464
2,2,2.0,1,0.0,0,2
3,2,3.0,2,0.01,0,3
100,2,91.0,27,0.09,9,91
200,2,185.0,27,0.09,15,185
2000,2,1788.0,30,0.09,212,1788
10000,2,8935.0,30,0.09,1065,8935
20000,2,17894.0,30,0.09,2106,17894
40000,2,35741.0,30,0.09,4259,35741
60000,2,53665.0,30,0.09,6335,53665
80000,2,71490.0,30,0.09,8510,71490
100000,2,89400.0,30,0.09,10600,89400
200000,2,178866.0,30,0.09,21134,178866
400000,2,358017.0,30,0.09,41983,358017
600000,2,537051.0,30,0.09,62949,537051
800000,2,716246.0,30,0.09,83754,716246
1000000,2,895306.0,30,0.09,104694,895306
2,3,2.0,1,0.0,0,2
3,3,3.0,2,0.01,0,3
100,3,86.0,74,0.15,14,86
200,3,172.0,74,0.15,28,172
2000,3,1788.0,1797,0.15,212,1788
10000,3,8903.0,9797,0.15,1097,8903
20000,3,17817.0,19797,0.15,2183,17817
40000,3,35771.0,39797,0.15,4229,35771
60000,3,53634.0,59797,0.15,6366,53634
80000,3,71583.0,79797,0.15,8417,71583
100000,3,89470.0,99797,0.15,10530,89470
200000,3,178820.0,199797,0.15,21180,178820
400000,3,357690.0,399797,0.15,42310,357690
600000,3,536673.0,599797,0.15,63327,536673
800000,3,715767.0,799797,0.15,84233,715767
1000000,3,894629.0,999797,0.15,105371,894629
2,4,2.0,1,0.0,0,2
3,4,3.0,2,0.01,0,3
100,4,91.0,90,0.4,9,91
200,4,172.0,190,0.9,28,172
2000,4,1744.0,1990,9.9,256,1744
10000,4,8874.0,9990,49.9,1126,8874
20000,4,17767.0,19990,99.9,2233,17767
40000,4,35500.0,39990,199.9,4500,35500
60000,4,53280.0,59990,299.9,6720,53280
80000,4,71029.0,79990,399.9,8971,71029
100000,4,88840.0,99990,499.9,11160,88840
200000,4,177828.0,199990,999.9,22172,177828
400000,4,355745.0,399990,1999.9,44255,355745
600000,4,533779.0,599990,2999.9,66221,533779
800000,4,711662.0,799990,3999.9,88338,711662
1000000,4,889854.0,999990,4999.9,110146,889854
2,5,2.0,1,0.0,0,2
3,5,3.0,2,0.01,0,3
100,5,90.0,78,0.07,10,90
200,5,177.0,178,0.07,23,177
2000,5,1773.0,1978,0.07,227,1773
10000,5,8938.0,9978,0.07,1062,8938
20000,5,17831.0,19978,0.07,2169,17831
40000,5,35769.0,39978,0.07,4231,35769
60000,5,53600.0,59978,0.07,6400,53600
80000,5,71511.0,79978,0.07,8489,71511
100000,5,89440.0,99978,0.07,10560,89440
200000,5,178907.0,199978,0.07,21093,178907
400000,5,358181.0,399978,0.07,41819,358181
600000,5,537178.0,599978,0.07,62822,537178
800000,5,716042.0,799978,0.07,83958,716042
1000000,5,895117.0,999978,0.07,104883,895117
2,6,2.0,1,0.0,0,2
3,6,3.0,2,0.01,0,3
100,6,88.0,23,0.05,12,88
200,6,175.0,23,0.05,25,175
2000,6,1795.0,23,0.05,205,1795
10000,6,8942.0,23,0.05,1058,8942
20000,6,17857.0,23,0.05,2143,17857
40000,6,35805.0,23,0.05,4195,35805
60000,6,53735.0,23,0.05,6265,53735
80000,6,71656.0,23,0.05,8344,71656
100000,6,89553.0,23,0.05,10447,89553
200000,6,179151.0,23,0.05,20849,179151
400000,6,357902.0,23,0.05,42098,357902
600000,6,536789.0,23,0.05,63211,536789
800000,6,715456.0,23,0.05,84544,715456
1000000,6,894326.0,23,0.05,105674,894326
2,7,2.0,1,0.0,0,2
3,7,3.0,2,0.01,0,3
100,7,94.0,61,0.05,6,94
200,7,185.0,77,0.05,15,185
2000,7,1774.0,85,0.05,226,1774
10000,7,8911.0,85,0.05,1089,8911
20000,7,17859.0,85,0.05,2141,17859
40000,7,35819.0,85,0.05,4181,35819
60000,7,53718.0,85,0.05,6282,53718
80000,7,71636.0,85,0.05,8364,71636
100000,7,89530.0,85,0.05,10470,89530
200000,7,178983.0,85,0.05,21017,178983
400000,7,358174.0,85,0.05,41826,358174
600000,7,537217.0,85,0.05,62783,537217
800000,7,716028.0,85,0.05,83972,716028
1000000,7,895085.0,85,0.05,104915,895085
2,8,2.0,1,0.0,0,2
3,8,2.0,2,0.01,1,2
100,8,87.0,80,0.07,13,87
200,8,172.0,179,0.07,28,172
2000,8,1788.0,1979,0.07,212,1788
10000,8,8983.0,9979,0.07,1017,8983
20000,8,17944.0,19979,0.07,2056,17944
40000,8,35750.0,39979,0.07,4250,35750
60000,8,53620.0,59979,0.07,6380,53620
80000,8,71514.0,79979,0.07,8486,71514
100000,8,89438.0,99979,0.07,10562,89438
200000,8,179004.0,199979,0.07,20996,179004
400000,8,358291.0,399979,0.07,41709,358291
600000,8,537180.0,599979,0.07,62820,537180
800000,8,716483.0,799979,0.07,83517,716483
1000000,8,895446.0,999979,0.07,104554,895446
2,9,2.0,1,0.0,0,2
3,9,3.0,2,0.01,0,3
100,9,87.0,26,0.06,13,87
200,9,180.0,26,0.06,20,180
2000,9,1796.0,26,0.06,204,1796
10000,9,8966.0,26,0.06,1034,8966
20000,9,17887.0,26,0.06,2113,17887
40000,9,35752.0,26,0.06,4248,35752
60000,9,53741.0,26,0.06,6259,53741
80000,9,71611.0,26,0.06,8389,71611
100000,9,89588.0,26,0.06,10412,89588
200000,9,179189.0,26,0.06,20811,179189
400000,9,358007.0,26,0.06,41993,358007
600000,9,537096.0,26,0.06,62904,537096
800000,9,715895.0,26,0.06,84105,715895
1000000,9,894984.0,26,0.06,105016,894984
2,10,2.0,1,0.0,0,2
3,10,3.0,2,0.01,0,3
100,10,94.0,25,0.05,6,94
200,10,185.0,27,0.05,15,185
2000,10,1793.0,52,0.18,207,1793
10000,10,8934.0,52,0.18,1066,8934
20000,10,17860.0,52,0.18,2140,17860
40000,10,35834.0,52,0.18,4166,35834
60000,10,53712.0,52,0.18,6288,53712
80000,10,71597.0,52,0.18,8403,71597
100000,10,89544.0,52,0.18,10456,89544
200000,10,179184.0,52,0.18,20816,179184
400000,10,358073.0,52,0.18,41927,358073
600000,10,537325.0,52,0.18,62675,537325
800000,10,716164.0,52,0.18,83836,716164
1000000,10,895125.0,52,0.18,104875,895125
2,11,2.0,1,0.0,0,2
3,11,2.0,2,0.01,1,2
100,11,84.0,31,0.05,16,84
200,11,173.0,41,0.05,27,173
2000,11,1770.0,41,0.05,230,1770
10000,11,8920.0,41,0.05,1080,8920
20000,11,17845.0,41,0.05,2155,17845
40000,11,35765.0,41,0.05,4235,35765
60000,11,53594.0,41,0.05,6406,53594
80000,11,71444.0,41,0.05,8556,71444
100000,11,89362.0,41,0.05,10638,89362
200000,11,178708.0,41,0.05,21292,178708
400000,11,357871.0,41,0.05,42129,357871
600000,11,536734.0,41,0.05,63266,536734
800000,11,715617.0,41,0.05,84383,715617
1000000,11,894519.0,41,0.05,105481,894519
2,12,2.0,1,0.0,0,2
3,12,3.0,2,0.01,0,3
100,12,94.0,90,0.4,6,94
200,12,180.0,189,0.86,20,180
2000,12,1798.0,1989,9.86,202,1798
10000,12,8963.0,9989,49.86,1037,8963
20000,12,17861.0,19989,99.86,2139,17861
40000,12,35732.0,39989,199.86,4268,35732
60000,12,53515.0,59989,299.86,6485,53515
80000,12,71255.0,79989,399.86,8745,71255
100000,12,89069.0,99989,499.86,10931,89069
200000,12,178121.0,199989,999.86,21879,178121
400000,12,356067.0,399989,1999.86,43933,356067
600000,12,533897.0,599989,2999.86,66103,533897
800000,12,711973.0,799989,3999.86,88027,711973
1000000,12,889950.0,999989,4999.86,110050,889950
2,13,2.0,1,0.0,0,2
3,13,3.0,2,0.01,0,3
100,13,91.0,90,0.4,9,91
200,13,182.0,190,0.9,18,182
2000,13,1801.0,1990,9.9,199,1801
10000,13,8907.0,9990,49.9,1093,8907
20000,13,17842.0,19990,99.89,2158,17842
40000,13,35707.0,39990,199.89,4293,35707
60000,13,53493.0,59990,299.89,6507,53493
80000,13,71269.0,79990,399.89,8731,71269
100000,13,89081.0,99990,499.89,10919,89081
200000,13,178051.0,199990,999.89,21949,178051
400000,13,355746.0,399990,1999.9,44254,355746
600000,13,533737.0,599990,2999.9,66263,533737
800000,13,711738.0,799990,3999.9,88262,711738
1000000,13,889674.0,999990,4999.9,110326,889674
2,14,2.0,1,0.0,0,2
3,14,2.0,2,0.01,1,2
100,14,86.0,84,0.14,14,86
200,14,173.0,184,0.17,27,173
2000,14,1795.0,1984,0.17,205,1795
10000,14,8949.0,9984,0.17,1051,8949
20000,14,17848.0,19984,0.17,2152,17848
40000,14,35743.0,39984,0.17,4257,35743
60000,14,53641.0,59984,0.17,6359,53641
80000,14,71491.0,79984,0.17,8509,71491
100000,14,89411.0,99984,0.17,10589,89411
200000,14,178821.0,199984,0.17,21179,178821
400000,14,357839.0,399984,0.17,42161,357839
600000,14,536975.0,599984,0.17,63025,536975
800000,14,715647.0,799984,0.17,84353,715647
1000000,14,894638.0,999984,0.17,105362,894638
2,15,2.0,1,0.0,0,2
3,15,3.0,2,0.01,0,3
100,15,87.0,90,0.39,13,87
200,15,171.0,190,0.89,29,171
2000,15,1764.0,1990,9.89,236,1764
10000,15,8886.0,9990,49.89,1114,8886
20000,15,17790.0,19990,99.89,2210,17790
40000,15,35666.0,39990,199.89,4334,35666
60000,15,53432.0,59990,299.89,6568,53432
80000,15,71190.0,79990,399.89,8810,71190
100000,15,89011.0,99990,499.89,10989,89011
200000,15,178099.0,199990,999.89,21901,178099
400000,15,356263.0,399990,1999.89,43737,356263
600000,15,534274.0,599990,2999.89,65726,534274
800000,15,712258.0,799990,3999.89,87742,712258
1000000,15,890286.0,999990,4999.89,109714,890286
2,16,2.0,1,0.0,0,2
3,16,3.0,2,0.01,0,3
100,16,88.0,90,0.05,12,88
200,16,181.0,190,0.05,19,181
2000,16,1786.0,1990,0.05,214,1786
10000,16,8930.0,9990,0.05,1070,8930
20000,16,17899.0,19990,0.05,2101,17899
40000,16,35807.0,39990,0.05,4193,35807
60000,16,53638.0,59990,0.05,6362,53638
80000,16,71493.0,79990,0.05,8507,71493
100000,16,89389.0,99990,0.05,10611,89389
200000,16,178955.0,199990,0.05,21045,178955
400000,16,357906.0,399990,0.05,42094,357906
600000,16,536811.0,599990,0.05,63189,536811
800000,16,715776.0,799990,0.05,84224,715776
1000000,16,894604.0,999990,0.05,105396,894604
2,17,2.0,1,0.0,0,2
3,17,3.0,2,0.01,0,3
100,17,90.0,52,0.08,10,90
200,17,179.0,56,0.08,21,179
2000,17,1783.0,56,0.08,217,1783
10000,17,8932.0,56,0.08,1068,8932
20000,17,17897.0,56,0.08,2103,17897
40000,17,35763.0,56,0.08,4237,35763
60000,17,53694.0,56,0.08,6306,53694
80000,17,71557.0,56,0.08,8443,71557
100000,17,89543.0,56,0.08,10457,89543
200000,17,179021.0,56,0.08,20979,179021
400000,17,358000.0,56,0.08,42000,358000
600000,17,537084.0,56,0.08,62916,537084
800000,17,716104.0,56,0.08,83896,716104
1000000,17,894752.0,56,0.08,105248,894752
2,18,2.0,1,0.0,0,2
3,18,2.0,2,0.01,1,2
100,18,88.0,84,0.05,12,88
200,18,177.0,184,0.05,23,177
2000,18,1779.0,1984,0.05,221,1779
10000,18,8942.0,9984,0.05,1058,8942
20000,18,17924.0,19984,0.05,2076,17924
40000,18,35790.0,39984,0.05,4210,35790
60000,18,53582.0,59984,0.05,6418,53582
80000,18,71495.0,79984,0.05,8505,71495
100000,18,89375.0,99984,0.05,10625,89375
200000,18,178920.0,199984,0.05,21080,178920
400000,18,358039.0,399984,0.05,41961,358039
600000,18,536980.0,599984,0.05,63020,536980
800000,18,716004.0,799984,0.05,83996,716004
1000000,18,895052.0,999984,0.05,104948,895052
2,19,2.0,1,0.0,0,2
3,19,3.0,2,0.01,0,3
100,19,93.0,88,0.05,7,93
200,19,180.0,141,0.06,20,180
2000,19,1781.0,1538,0.07,219,1781
10000,19,8951.0,9413,0.07,1049,8951
20000,19,17935.0,19413,0.07,2065,17935
40000,19,35832.0,39413,0.07,4168,35832
60000,19,53662.0,59413,0.07,6338,53662
80000,19,71557.0,79413,0.07,8443,71557
100000,19,89514.0,99413,0.07,10486,89514
200000,19,178875.0,199413,0.07,21125,178875
400000,19,357952.0,399413,0.07,42048,357952
600000,19,536834.0,599413,0.07,63166,536834
800000,19,715857.0,799413,0.07,84143,715857
1000000,19,894702.0,999413,0.07,105298,894702
2,20,2.0,1,0.0,0,2
3,20,3.0,2,0.01,0,3
100,20,86.0,20,0.05,14,86
200,20,175.0,20,0.05,25,175
2000,20,1790.0,20,0.05,210,1790
10000,20,8958.0,20,0.05,1042,8958
20000,20,17890.0,20,0.05,2110,17890
40000,20,35794.0,20,0.05,4206,35794
60000,20,53600.0,20,0.05,6400,53600
80000,20,71454.0,20,0.05,8546,71454
100000,20,89237.0,20,0.05,10763,89237
200000,20,178722.0,20,0.05,21278,178722
400000,20,357680.0,20,0.05,42320,357680
600000,20,536731.0,20,0.05,63269,536731
800000,20,715674.0,20,0.05,84326,715674
1000000,20,894763.0,20,0.05,105237,894763
2,21,1.0,1,0.0,1,1
3,21,2.0,2,0.01,1,2
100,21,85.0,89,0.4,15,85
200,21,177.0,189,0.9,23,177
2000,21,1781.0,1989,9.9,219,1781
10000,21,8906.0,9989,49.9,1094,8906
20000,21,17791.0,19989,99.89,2209,17791
40000,21,35626.0,39989,199.89,4374,35626
60000,21,53466.0,59989,299.89,6534,53466
80000,21,71252.0,79989,399.89,8748,71252
100000,21,88974.0,99989,499.89,11026,88974
200000,21,178035.0,199989,999.89,21965,178035
400000,21,356135.0,399989,1999.9,43865,356135
600000,21,534362.0,599989,2999.9,65638,534362
800000,21,712320.0,799989,3999.9,87680,712320
1000000,21,890482.0,999989,4999.9,109518,890482
2,22,2.0,1,0.0,0,2
3,22,3.0,2,0.01,0,3
100,22,88.0,86,0.36,12,88
200,22,176.0,186,0.86,24,176
2000,22,1781.0,1986,9.86,219,1781
10000,22,8890.0,9986,49.86,1110,8890
20000,22,17792.0,19986,99.85,2208,17792
40000,22,35610.0,39986,199.85,4390,35610
60000,22,53430.0,59986,299.85,6570,53430
80000,22,71159.0,79986,399.85,8841,71159
100000,22,88951.0,99986,499.85,11049,88951
200000,22,177927.0,199986,999.85,22073,177927
400000,22,355902.0,399986,1999.86,44098,355902
600000,22,534199.0,599986,2999.86,65801,534199
800000,22,712321.0,799986,3999.86,87679,712321
1000000,22,890576.0,999986,4999.86,109424,890576
2,23,2.0,1,0.0,0,2
3,23,3.0,2,0.01,0,3
100,23,92.0,90,0.05,8,92
200,23,182.0,190,0.42,18,182
2000,23,1794.0,1990,8.59,206,1794
10000,23,8930.0,9990,48.6,1070,8930
20000,23,17813.0,19990,98.59,2187,17813
40000,23,35632.0,39990,198.59,4368,35632
60000,23,53417.0,59990,298.59,6583,53417
80000,23,71171.0,79990,398.59,8829,71171
100000,23,89001.0,99990,498.59,10999,89001
200000,23,177965.0,199990,998.59,22035,177965
400000,23,355907.0,399990,1998.59,44093,355907
600000,23,533875.0,599990,2998.59,66125,533875
800000,23,711494.0,799990,3998.59,88506,711494
1000000,23,889609.0,999990,4998.59,110391,889609
2,24,2.0,1,0.0,0,2
3,24,3.0,2,0.01,0,3
100,24,92.0,90,0.4,8,92
200,24,184.0,190,0.9,16,184
2000,24,1792.0,1959,9.68,208,1792
10000,24,8878.0,9959,49.68,1122,8878
20000,24,17793.0,19959,99.68,2207,17793
40000,24,35591.0,39959,199.68,4409,35591
60000,24,53327.0,59959,299.68,6673,53327
80000,24,71091.0,79959,399.68,8909,71091
100000,24,88842.0,99959,499.68,11158,88842
200000,24,177994.0,199959,999.68,22006,177994
400000,24,355857.0,399959,1999.68,44143,355857
600000,24,533932.0,599959,2999.68,66068,533932
800000,24,711677.0,799959,3999.68,88323,711677
1000000,24,889666.0,999959,4999.68,110334,889666
2,25,2.0,1,0.0,0,2
3,25,3.0,2,0.01,0,3
100,25,89.0,90,0.39,11,89
200,25,181.0,190,0.89,19,181
2000,25,1808.0,1990,9.89,192,1808
10000,25,8954.0,9990,49.89,1046,8954
20000,25,17878.0,19990,99.89,2122,17878
40000,25,35652.0,39990,199.89,4348,35652
60000,25,53434.0,59990,299.89,6566,53434
80000,25,71207.0,79990,399.89,8793,71207
100000,25,88990.0,99990,499.89,11010,88990
200000,25,177996.0,199990,999.89,22004,177996
400000,25,355984.0,399990,1999.89,44016,355984
600000,25,534182.0,599990,2999.89,65818,534182
800000,25,711989.0,799990,3999.89,88011,711989
1000000,25,889825.0,999990,4999.89,110175,889825
2,26,2.0,1,0.0,0,2
3,26,3.0,2,0.01,0,3
100,26,87.0,90,0.07,13,87
200,26,174.0,190,0.07,26,174
2000,26,1792.0,1990,0.07,208,1792
10000,26,8936.0,9990,0.07,1064,8936
20000,26,17935.0,19990,0.07,2065,17935
40000,26,35860.0,39990,0.07,4140,35860
60000,26,53751.0,59990,0.07,6249,53751
80000,26,71653.0,79990,0.07,8347,71653
100000,26,89596.0,99990,0.07,10404,89596
200000,26,179112.0,199990,0.07,20888,179112
400000,26,358144.0,399990,0.07,41856,358144
600000,26,537110.0,599990,0.07,62890,537110
800000,26,716195.0,799990,0.07,83805,716195
1000000,26,895175.0,999990,0.07,104825,895175
2,27,2.0,1,0.0,0,2
3,27,3.0,2,0.01,0,3
100,27,91.0,25,0.08,9,91
200,27,174.0,26,0.08,26,174
2000,27,1802.0,26,0.08,198,1802
10000,27,8931.0,26,0.08,1069,8931
20000,27,17858.0,26,0.08,2142,17858
40000,27,35755.0,26,0.08,4245,35755
60000,27,53661.0,26,0.08,6339,53661
80000,27,71461.0,26,0.08,8539,71461
100000,27,89336.0,26,0.08,10664,89336
200000,27,178988.0,26,0.08,21012,178988
400000,27,358109.0,26,0.08,41891,358109
600000,27,537219.0,26,0.08,62781,537219
800000,27,716217.0,26,0.08,83783,716217
1000000,27,895281.0,26,0.08,104719,895281
2,28,2.0,1,0.0,0,2
3,28,3.0,2,0.01,0,3
100,28,90.0,68,0.28,10,90
200,28,178.0,168,0.78,22,178
2000,28,1766.0,1968,9.78,234,1766
10000,28,8868.0,9968,49.78,1132,8868
20000,28,17721.0,19968,99.77,2279,17721
40000,28,35520.0,39968,199.77,4480,35520
60000,28,53437.0,59968,299.77,6563,53437
80000,28,71215.0,79968,399.77,8785,71215
100000,28,89042.0,99968,499.77,10958,89042
200000,28,178026.0,199968,999.77,21974,178026
400000,28,356113.0,399968,1999.78,43887,356113
600000,28,534056.0,599968,2999.78,65944,534056
800000,28,712102.0,799968,3999.78,87898,712102
1000000,28,890247.0,999968,4999.78,109753,890247
2,29,2.0,1,0.0,0,2
3,29,3.0,2,0.01,0,3
100,29,91.0,47,0.05,9,91
200,29,178.0,81,0.06,22,178
2000,29,1774.0,1880,0.06,226,1774
10000,29,8925.0,9880,0.06,1075,8925
20000,29,17868.0,19880,0.06,2132,17868
40000,29,35797.0,39880,0.06,4203,35797
60000,29,53704.0,59880,0.06,6296,53704
80000,29,71646.0,79880,0.06,8354,71646
100000,29,89491.0,99880,0.06,10509,89491
200000,29,178861.0,199880,0.06,21139,178861
400000,29,357626.0,399880,0.06,42374,357626
600000,29,536522.0,599880,0.06,63478,536522
800000,29,715507.0,799880,0.06,84493,715507
1000000,29,894618.0,999880,0.06,105382,894618
2,30,2.0,1,0.0,0,2
3,30,3.0,2,0.01,0,3
100,30,88.0,82,0.05,12,88
200,30,178.0,177,0.05,22,178
2000,30,1774.0,1977,0.05,226,1774
10000,30,8963.0,9977,0.05,1037,8963
20000,30,17886.0,19977,0.05,2114,17886
40000,30,35831.0,39977,0.05,4169,35831
60000,30,53748.0,59977,0.05,6252,53748
80000,30,71655.0,79977,0.05,8345,71655
100000,30,89535.0,99977,0.05,10465,89535
200000,30,179023.0,199977,0.05,20977,179023
400000,30,358106.0,399977,0.05,41894,358106
600000,30,537156.0,599977,0.05,62844,537156
800000,30,716269.0,799977,0.05,83731,716269
1000000,30,895229.0,999977,0.05,104771,895229
2,31,2.0,1,0.0,0,2
3,31,3.0,2,0.01,0,3
100,31,90.0,33,0.05,10,90
200,31,182.0,33,0.05,18,182
2000,31,1798.0,33,0.05,202,1798
10000,31,8989.0,33,0.05,1011,8989
20000,31,17915.0,33,0.05,2085,17915
40000,31,35888.0,33,0.05,4112,35888
60000,31,53771.0,33,0.05,6229,53771
80000,31,71662.0,33,0.05,8338,71662
100000,31,89615.0,33,0.05,10385,89615
200000,31,179028.0,33,0.05,20972,179028
400000,31,358240.0,33,0.05,41760,358240
600000,31,537448.0,33,0.05,62552,537448
800000,31,716316.0,33,0.05,83684,716316
1000000,31,895303.0,33,0.05,104697,895303
2,32,2.0,1,0.0,0,2
3,32,3.0,2,0.01,0,3
100,32,88.0,90,0.4,12,88
200,32,179.0,190,0.9,21,179
2000,32,1794.0,1990,9.9,206,1794
10000,32,8881.0,9990,49.9,1119,8881
20000,32,17774.0,19990,99.9,2226,17774
40000,32,35595.0,39990,199.9,4405,35595
60000,32,53409.0,59990,299.9,6591,53409
80000,32,71214.0,79990,399.9,8786,71214
100000,32,89043.0,99990,499.9,10957,89043
200000,32,177870.0,199990,999.9,22130,177870
400000,32,355853.0,399990,1999.9,44147,355853
600000,32,533906.0,599990,2999.9,66094,533906
800000,32,711891.0,799990,3999.9,88109,711891
1000000,32,889666.0,999990,4999.9,110334,889666
2,33,2.0,1,0.0,0,2
3,33,3.0,2,0.01,0,3
100,33,94.0,90,0.4,6,94
200,33,183.0,190,0.9,17,183
2000,33,1791.0,1990,9.9,209,1791
10000,33,8893.0,9990,49.9,1107,8893
20000,33,17802.0,19990,99.9,2198,17802
40000,33,35691.0,39990,199.9,4309,35691
60000,33,53461.0,59990,299.9,6539,53461
80000,33,71234.0,79990,399.9,8766,71234
100000,33,89056.0,99990,499.9,10944,89056
200000,33,178117.0,199990,999.9,21883,178117
400000,33,356074.0,399990,1999.9,43926,356074
600000,33,534181.0,599990,2999.9,65819,534181
800000,33,712278.0,799990,3999.9,87722,712278
1000000,33,890443.0,999990,4999.9,109557,890443
2,34,2.0,1,0.0,0,2
3,34,3.0,2,0.01,0,3
100,34,88.0,90,0.1,12,88
200,34,177.0,190,0.1,23,177
2000,34,1799.0,1990,0.1,201,1799
10000,34,8933.0,9990,0.1,1067,8933
20000,34,17895.0,19990,0.1,2105,17895
40000,34,35823.0,39990,0.1,4177,35823
60000,34,53751.0,59990,0.1,6249,53751
80000,34,71628.0,79990,0.1,8372,71628
100000,34,89559.0,99990,0.1,10441,89559
200000,34,179084.0,199990,0.1,20916,179084
400000,34,358070.0,399990,0.1,41930,358070
600000,34,537162.0,599990,0.1,62838,537162
800000,34,716106.0,799990,0.1,83894,716106
1000000,34,895044.0,999990,0.1,104956,895044
2,35,2.0,1,0.0,0,2
3,35,3.0,2,0.01,0,3
100,35,95.0,90,0.33,5,95
200,35,178.0,189,0.82,22,178
2000,35,1782.0,1989,9.77,218,1782
10000,35,8910.0,9989,49.77,1090,8910
20000,35,17831.0,19989,99.76,2169,17831
40000,35,35616.0,39989,199.76,4384,35616
60000,35,53460.0,59989,299.76,6540,53460
80000,35,71171.0,79989,399.76,8829,71171
100000,35,89049.0,99989,499.76,10951,89049
200000,35,178009.0,199989,999.76,21991,178009
400000,35,356091.0,399989,1999.77,43909,356091
600000,35,533952.0,599989,2999.77,66048,533952
800000,35,712066.0,799989,3999.77,87934,712066
1000000,35,889796.0,999989,4999.77,110204,889796
2,36,2.0,1,0.0,0,2
3,36,3.0,2,0.01,0,3
100,36,86.0,38,0.09,14,86
200,36,177.0,38,0.09,23,177
2000,36,1796.0,38,0.09,204,1796
10000,36,8952.0,38,0.09,1048,8952
20000,36,17923.0,38,0.09,2077,17923
40000,36,35765.0,38,0.09,4235,35765
60000,36,53635.0,38,0.09,6365,53635
80000,36,71533.0,38,0.09,8467,71533
100000,36,89455.0,38,0.09,10545,89455
200000,36,178849.0,38,0.09,21151,178849
400000,36,358027.0,38,0.09,41973,358027
600000,36,537142.0,38,0.09,62858,537142
800000,36,715955.0,38,0.09,84045,715955
1000000,36,895059.0,38,0.09,104941,895059
2,37,2.0,1,0.0,0,2
3,37,3.0,2,0.01,0,3
100,37,91.0,90,0.4,9,91
200,37,177.0,190,0.9,23,177
2000,37,1810.0,1990,9.9,190,1810
10000,37,8903.0,9990,49.9,1097,8903
20000,37,17788.0,19990,99.9,2212,17788
40000,37,35615.0,39990,199.9,4385,35615
60000,37,53398.0,59990,299.9,6602,53398
80000,37,71215.0,79990,399.9,8785,71215
100000,37,89016.0,99990,499.9,10984,89016
200000,37,177983.0,199990,999.9,22017,177983
400000,37,356193.0,399990,1999.9,43807,356193
600000,37,534120.0,599990,2999.9,65880,534120
800000,37,712381.0,799990,3999.9,87619,712381
1000000,37,890215.0,999990,4999.9,109785,890215
2,38,2.0,1,0.0,0,2
3,38,2.0,2,0.01,1,2
100,38,91.0,20,0.05,9,91
200,38,181.0,20,0.05,19,181
2000,38,1764.0,20,0.05,236,1764
10000,38,8927.0,20,0.05,1073,8927
20000,38,17864.0,20,0.05,2136,17864
40000,38,35779.0,20,0.05,4221,35779
60000,38,53734.0,20,0.05,6266,53734
80000,38,71684.0,20,0.05,8316,71684
100000,38,89500.0,20,0.05,10500,89500
200000,38,178858.0,20,0.05,21142,178858
400000,38,358002.0,20,0.05,41998,358002
600000,38,537084.0,20,0.05,62916,537084
800000,38,716042.0,20,0.05,83958,716042
1000000,38,895109.0,20,0.05,104891,895109
2,39,2.0,1,0.0,0,2
3,39,3.0,2,0.01,0,3
100,39,91.0,90,0.15,9,91
200,39,183.0,187,0.15,17,183
2000,39,1815.0,1987,0.15,185,1815
10000,39,8940.0,9987,0.18,1060,8940
20000,39,17926.0,19987,0.18,2074,17926
40000,39,35829.0,39987,0.18,4171,35829
60000,39,53700.0,59987,0.18,6300,53700
80000,39,71559.0,79987,0.18,8441,71559
100000,39,89490.0,99987,0.18,10510,89490
200000,39,178947.0,199987,0.18,21053,178947
400000,39,358000.0,399987,0.18,42000,358000
600000,39,536801.0,599987,0.18,63199,536801
800000,39,715889.0,799987,0.18,84111,715889
1000000,39,894985.0,999987,0.18,105015,894985
2,40,2.0,1,0.0,0,2
3,40,3.0,2,0.01,0,3
100,40,94.0,26,0.08,6,94
200,40,185.0,29,0.1,15,185
2000,40,1808.0,85,0.3,192,1808
10000,40,8924.0,85,0.3,1076,8924
20000,40,17848.0,85,0.3,2152,17848
40000,40,35771.0,85,0.3,4229,35771
60000,40,53697.0,85,0.3,6303,53697
80000,40,71557.0,85,0.3,8443,71557
100000,40,89440.0,85,0.3,10560,89440
200000,40,178863.0,85,0.3,21137,178863
400000,40,357847.0,85,0.3,42153,357847
600000,40,536794.0,85,0.3,63206,536794
800000,40,715788.0,85,0.3,84212,715788
1000000,40,894696.0,85,0.3,105304,894696
2,41,2.0,1,0.0,0,2
3,41,3.0,2,0.01,0,3
100,41,90.0,45,0.05,10,90
200,41,181.0,145,0.05,19,181
2000,41,1785.0,205,0.05,215,1785
10000,41,8949.0,205,0.05,1051,8949
20000,41,17886.0,205,0.05,2114,17886
40000,41,35722.0,205,0.05,4278,35722
60000,41,53674.0,205,0.05,6326,53674
80000,41,71500.0,205,0.05,8500,71500
100000,41,89461.0,205,0.05,10539,89461
200000,41,179149.0,205,0.05,20851,179149
400000,41,358260.0,205,0.05,41740,358260
600000,41,537298.0,205,0.05,62702,537298
800000,41,716276.0,205,0.05,83724,716276
1000000,41,895384.0,205,0.05,104616,895384
2,42,2.0,1,0.0,0,2
3,42,3.0,2,0.01,0,3
100,42,90.0,27,0.05,10,90
200,42,178.0,27,0.05,22,178
2000,42,1797.0,86,0.05,203,1797
10000,42,8937.0,86,0.05,1063,8937
20000,42,17898.0,86,0.05,2102,17898
40000,42,35774.0,86,0.05,4226,35774
60000,42,53656.0,86,0.05,6344,53656
80000,42,71599.0,86,0.05,8401,71599
100000,42,89515.0,86,0.05,10485,89515
200000,42,179022.0,86,0.05,20978,179022
400000,42,358122.0,86,0.05,41878,358122
600000,42,537507.0,86,0.05,62493,537507
800000,42,716573.0,86,0.05,83427,716573
1000000,42,895470.0,86,0.05,104530,895470
2,43,2.0,1,0.0,0,2
3,43,3.0,2,0.01,0,3
100,43,92.0,45,0.18,8,92
200,43,183.0,62,0.26,17,183
2000,43,1791.0,88,0.39,209,1791
10000,43,8915.0,88,0.39,1085,8915
20000,43,17884.0,88,0.39,2116,17884
40000,43,35799.0,88,0.39,4201,35799
60000,43,53690.0,88,0.39,6310,53690
80000,43,71580.0,88,0.39,8420,71580
100000,43,89512.0,88,0.39,10488,89512
200000,43,179008.0,88,0.39,20992,179008
400000,43,358127.0,88,0.39,41873,358127
600000,43,537269.0,88,0.39,62731,537269
800000,43,716158.0,88,0.39,83842,716158
1000000,43,895186.0,88,0.39,104814,895186
2,44,2.0,1,0.0,0,2
3,44,3.0,2,0.01,0,3
100,44,88.0,87,0.05,12,88
200,44,178.0,187,0.05,22,178
2000,44,1795.0,1987,0.05,205,1795
10000,44,8958.0,9987,0.05,1042,8958
20000,44,17856.0,19987,0.05,2144,17856
40000,44,35762.0,39987,0.05,4238,35762
60000,44,53623.0,59987,0.05,6377,53623
80000,44,71602.0,79987,0.05,8398,71602
100000,44,89485.0,99987,0.05,10515,89485
200000,44,179119.0,199987,0.05,20881,179119
400000,44,358180.0,399987,0.05,41820,358180
600000,44,537196.0,599987,0.05,62804,537196
800000,44,716211.0,799987,0.05,83789,716211
1000000,44,895059.0,999987,0.05,104941,895059
2,45,1.0,1,0.0,1,1
3,45,2.0,2,0.01,1,2
100,45,90.0,52,0.21,10,90
200,45,178.0,152,0.71,22,178
2000,45,1767.0,1944,9.67,233,1767
10000,45,8906.0,9944,49.67,1094,8906
20000,45,17783.0,19944,99.67,2217,17783
40000,45,35533.0,39944,199.67,4467,35533
60000,45,53392.0,59944,299.67,6608,53392
80000,45,71154.0,79944,399.67,8846,71154
100000,45,88927.0,99944,499.67,11073,88927
200000,45,177841.0,199944,999.67,22159,177841
400000,45,355970.0,399944,1999.67,44030,355970
600000,45,534330.0,599944,2999.67,65670,534330
800000,45,712323.0,799944,3999.67,87677,712323
1000000,45,890363.0,999944,4999.67,109637,890363
2,46,2.0,1,0.0,0,2
3,46,3.0,2,0.01,0,3
100,46,91.0,90,0.4,9,91
200,46,183.0,190,0.9,17,183
2000,46,1789.0,1984,9.87,211,1789
10000,46,8898.0,9984,49.87,1102,8898
20000,46,17783.0,19984,99.87,2217,17783
40000,46,35610.0,39984,199.87,4390,35610
60000,46,53390.0,59984,299.87,6610,53390
80000,46,71209.0,79984,399.87,8791,71209
100000,46,88950.0,99984,499.87,11050,88950
200000,46,177956.0,199984,999.87,22044,177956
400000,46,356101.0,399984,1999.87,43899,356101
600000,46,534095.0,599984,2999.87,65905,534095
800000,46,711750.0,799984,3999.87,88250,711750
1000000,46,889777.0,999984,4999.87,110223,889777
2,47,2.0,1,0.0,0,2
3,47,3.0,2,0.01,0,3
100,47,89.0,75,0.06,11,89
200,47,181.0,175,0.06,19,181
2000,47,1814.0,1975,0.06,186,1814
10000,47,8961.0,9975,0.06,1039,8961
20000,47,17949.0,19975,0.06,2051,17949
40000,47,35859.0,39975,0.06,4141,35859
60000,47,53666.0,59975,0.06,6334,53666
80000,47,71556.0,79975,0.06,8444,71556
100000,47,89392.0,99975,0.06,10608,89392
200000,47,178754.0,199975,0.06,21246,178754
400000,47,357684.0,399975,0.06,42316,357684
600000,47,536883.0,599975,0.06,63117,536883
800000,47,715918.0,799975,0.06,84082,715918
1000000,47,894978.0,999975,0.06,105022,894978
2,48,1.0,1,0.0,1,1
3,48,2.0,2,0.01,1,2
100,48,87.0,76,0.08,13,87
200,48,179.0,176,0.08,21,179
2000,48,1791.0,1976,0.08,209,1791
10000,48,8988.0,9976,0.08,1012,8988
20000,48,17957.0,19976,0.08,2043,17957
40000,48,35856.0,39976,0.08,4144,35856
60000,48,53764.0,59976,0.08,6236,53764
80000,48,71616.0,79976,0.08,8384,71616
100000,48,89558.0,99976,0.08,10442,89558
200000,48,179012.0,199976,0.08,20988,179012
400000,48,357808.0,399976,0.08,42192,357808
600000,48,536801.0,599976,0.08,63199,536801
800000,48,715746.0,799976,0.08,84254,715746
1000000,48,894796.0,999976,0.08,105204,894796
2,49,2.0,1,0.0,0,2
3,49,3.0,2,0.01,0,3
100,49,95.0,89,0.37,5,95
200,49,181.0,185,0.84,19,181
2000,49,1789.0,1985,9.84,211,1789
10000,49,8926.0,9985,49.84,1074,8926
20000,49,17813.0,19985,99.84,2187,17813
40000,49,35619.0,39985,199.84,4381,35619
60000,49,53404.0,59985,299.84,6596,53404
80000,49,71197.0,79985,399.84,8803,71197
100000,49,88939.0,99985,499.84,11061,88939
200000,49,177869.0,199985,999.84,22131,177869
400000,49,356023.0,399985,1999.84,43977,356023
600000,49,533848.0,599985,2999.84,66152,533848
800000,49,711895.0,799985,3999.84,88105,711895
1000000,49,889940.0,999985,4999.84,110060,889940
2,50,1.0,1,0.0,1,1
3,50,1.0,2,0.01,2,1
100,50,89.0,90,0.34,11,89
200,50,183.0,190,0.84,17,183
2000,50,1767.0,1990,9.84,233,1767
10000,50,8855.0,9990,49.84,1145,8855
20000,50,17722.0,19990,99.84,2278,17722
40000,50,35460.0,39990,199.84,4540,35460
60000,50,53222.0,59990,299.84,6778,53222
80000,50,71038.0,79990,399.84,8962,71038
100000,50,88796.0,99990,499.84,11204,88796
200000,50,177715.0,199990,999.84,22285,177715
400000,50,356159.0,399990,1999.84,43841,356159
600000,50,534251.0,599990,2999.84,65749,534251
800000,50,712181.0,799990,3999.84,87819,712181
1000000,50,890075.0,999990,4999.84,109925,890075
2,51,2.0,1,0.0,0,2
3,51,3.0,2,0.01,0,3
100,51,88.0,27,0.09,12,88
200,51,181.0,27,0.09,19,181
2000,51,1786.0,27,0.09,214,1786
10000,51,8926.0,27,0.09,1074,8926
20000,51,17906.0,27,0.09,2094,17906
40000,51,35824.0,27,0.09,4176,35824
60000,51,53724.0,27,0.09,6276,53724
80000,51,71587.0,27,0.09,8413,71587
100000,51,89482.0,27,0.09,10518,89482
200000,51,178926.0,27,0.09,21074,178926
400000,51,358111.0,27,0.09,41889,358111
600000,51,537130.0,27,0.09,62870,537130
800000,51,715984.0,27,0.09,84016,715984
1000000,51,895140.0,27,0.09,104860,895140
2,52,2.0,1,0.0,0,2
3,52,3.0,2,0.01,0,3
100,52,85.0,30,0.1,15,85
200,52,178.0,30,0.1,22,178
2000,52,1784.0,30,0.1,216,1784
10000,52,8957.0,30,0.1,1043,8957
20000,52,17942.0,30,0.1,2058,17942
40000,52,35874.0,30,0.1,4126,35874
60000,52,53800.0,30,0.1,6200,53800
80000,52,71682.0,30,0.1,8318,71682
100000,52,89557.0,30,0.1,10443,89557
200000,52,179101.0,30,0.1,20899,179101
400000,52,358098.0,30,0.1,41902,358098
600000,52,537105.0,30,0.1,62895,537105
800000,52,716127.0,30,0.1,83873,716127
1000000,52,895366.0,30,0.1,104634,895366
2,53,2.0,1,0.0,0,2
3,53,3.0,2,0.01,0,3
100,53,92.0,89,0.05,8,92
200,53,183.0,189,0.05,17,183
2000,53,1783.0,1983,0.05,217,1783
10000,53,8941.0,9983,0.05,1059,8941
20000,53,17858.0,19983,0.05,2142,17858
40000,53,35753.0,39983,0.05,4247,35753
60000,53,53622.0,59983,0.05,6378,53622
80000,53,71510.0,79983,0.05,8490,71510
100000,53,89433.0,99983,0.05,10567,89433
200000,53,179049.0,199983,0.05,20951,179049
400000,53,358240.0,399983,0.05,41760,358240
600000,53,537367.0,599983,0.05,62633,537367
800000,53,716359.0,799983,0.05,83641,716359
1000000,53,895149.0,999983,0.05,104851,895149
2,54,2.0,1,0.0,0,2
3,54,3.0,2,0.01,0,3
100,54,88.0,24,0.05,12,88
200,54,175.0,24,0.05,25,175
2000,54,1792.0,24,0.05,208,1792
10000,54,8952.0,24,0.05,1048,8952
20000,54,17889.0,24,0.05,2111,17889
40000,54,35796.0,24,0.05,4204,35796
60000,54,53669.0,24,0.05,6331,53669
80000,54,71517.0,24,0.05,8483,71517
100000,54,89442.0,24,0.05,10558,89442
200000,54,178804.0,24,0.05,21196,178804
400000,54,357762.0,24,0.05,42238,357762
600000,54,536695.0,24,0.05,63305,536695
800000,54,715634.0,24,0.05,84366,715634
1000000,54,894484.0,24,0.05,105516,894484
2,55,2.0,1,0.0,0,2
3,55,3.0,2,0.01,0,3
100,55,93.0,90,0.05,7,93
200,55,179.0,184,0.33,21,179
2000,55,1792.0,1984,0.37,208,1792
10000,55,8969.0,9984,0.37,1031,8969
20000,55,17893.0,19984,0.37,2107,17893
40000,55,35762.0,39984,0.37,4238,35762
60000,55,53605.0,59984,0.37,6395,53605
80000,55,71567.0,79984,0.37,8433,71567
100000,55,89527.0,99984,0.37,10473,89527
200000,55,179075.0,199984,0.37,20925,179075
400000,55,358316.0,399984,0.37,41684,358316
600000,55,537037.0,599984,0.37,62963,537037
800000,55,716191.0,799984,0.37,83809,716191
1000000,55,895211.0,999984,0.37,104789,895211
2,56,2.0,1,0.0,0,2
3,56,3.0,2,0.01,0,3
100,56,91.0,90,0.38,9,91
200,56,177.0,190,0.88,23,177
2000,56,1776.0,1990,9.88,224,1776
10000,56,8944.0,9990,49.88,1056,8944
20000,56,17820.0,19990,99.88,2180,17820
40000,56,35741.0,39990,199.88,4259,35741
60000,56,53583.0,59990,299.88,6417,53583
80000,56,71348.0,79990,399.88,8652,71348
100000,56,89155.0,99990,499.88,10845,89155
200000,56,178176.0,199990,999.88,21824,178176
400000,56,356293.0,399990,1999.88,43707,356293
600000,56,534429.0,599990,2999.88,65571,534429
800000,56,712450.0,799990,3999.88,87550,712450
1000000,56,890387.0,999990,4999.88,109613,890387
2,57,1.0,1,0.0,1,1
3,57,2.0,2,0.01,1,2
100,57,82.0,76,0.29,18,82
200,57,171.0,176,0.79,29,171
2000,57,1775.0,1976,9.79,225,1775
10000,57,8910.0,9976,49.79,1090,8910
20000,57,17801.0,19976,99.78,2199,17801
40000,57,35630.0,39976,199.78,4370,35630
60000,57,53399.0,59976,299.78,6601,53399
80000,57,71200.0,79976,399.78,8800,71200
100000,57,88947.0,99976,499.78,11053,88947
200000,57,177930.0,199976,999.78,22070,177930
400000,57,355956.0,399976,1999.79,44044,355956
600000,57,534203.0,599976,2999.79,65797,534203
800000,57,712341.0,799976,3999.79,87659,712341
1000000,57,890253.0,999976,4999.79,109747,890253
2,58,2.0,1,0.0,0,2
3,58,3.0,2,0.01,0,3
100,58,90.0,82,0.36,10,90
200,58,180.0,182,0.86,20,180
2000,58,1801.0,1982,9.86,199,1801
10000,58,8911.0,9982,49.86,1089,8911
20000,58,17747.0,19948,99.69,2253,17747
40000,58,35549.0,39948,199.69,4451,35549
60000,58,53302.0,59948,299.69,6698,53302
80000,58,71054.0,79948,399.69,8946,71054
100000,58,88863.0,99948,499.69,11137,88863
200000,58,177808.0,199948,999.69,22192,177808
400000,58,355734.0,399948,1999.69,44266,355734
600000,58,533829.0,599948,2999.69,66171,533829
800000,58,711689.0,799948,3999.69,88311,711689
1000000,58,889850.0,999948,4999.69,110150,889850
2,59,2.0,1,0.0,0,2
3,59,3.0,2,0.01,0,3
100,59,88.0,52,0.05,12,88
200,59,176.0,112,0.05,24,176
2000,59,1780.0,112,0.05,220,1780
10000,59,8940.0,112,0.05,1060,8940
20000,59,17867.0,112,0.05,2133,17867
40000,59,35701.0,112,0.05,4299,35701
60000,59,53561.0,112,0.05,6439,53561
80000,59,71416.0,112,0.05,8584,71416
100000,59,89361.0,112,0.05,10639,89361
200000,59,178893.0,112,0.05,21107,178893
400000,59,357867.0,112,0.05,42133,357867
600000,59,536811.0,112,0.05,63189,536811
800000,59,715862.0,112,0.05,84138,715862
1000000,59,894812.0,112,0.05,105188,894812
2,60,1.0,1,0.0,1,1
3,60,2.0,2,0.01,1,2
100,60,88.0,86,0.05,12,88
200,60,176.0,186,0.05,24,176
2000,60,1789.0,1986,0.05,211,1789
10000,60,8937.0,9986,0.05,1063,8937
20000,60,17903.0,19986,0.05,2097,17903
40000,60,35849.0,39986,0.05,4151,35849
60000,60,53763.0,59986,0.05,6237,53763
80000,60,71745.0,79986,0.05,8255,71745
100000,60,89691.0,99986,0.05,10309,89691
200000,60,179242.0,199986,0.05,20758,179242
400000,60,358231.0,399986,0.05,41769,358231
600000,60,537116.0,599986,0.05,62884,537116
800000,60,716114.0,799986,0.05,83886,716114
1000000,60,895141.0,999986,0.05,104859,895141
2,61,2.0,1,0.0,0,2
3,61,3.0,2,0.01,0,3
100,61,93.0,88,0.05,7,93
200,61,180.0,188,0.05,20,180
2000,61,1793.0,1988,1.58,207,1793
10000,61,8960.0,9988,1.58,1040,8960
20000,61,17933.0,19988,1.58,2067,17933
40000,61,35804.0,39988,1.58,4196,35804
60000,61,53695.0,59988,1.58,6305,53695
80000,61,71552.0,79988,1.58,8448,71552
100000,61,89468.0,99988,1.58,10532,89468
200000,61,179050.0,199988,1.58,20950,179050
400000,61,358062.0,399988,1.58,41938,358062
600000,61,537087.0,599988,1.58,62913,537087
800000,61,715885.0,799988,1.58,84115,715885
1000000,61,895072.0,999988,1.58,104928,895072
2,62,2.0,1,0.0,0,2
3,62,3.0,2,0.01,0,3
100,62,93.0,88,0.39,7,93
200,62,182.0,187,0.89,18,182
2000,62,1770.0,1987,9.89,230,1770
10000,62,8909.0,9987,49.89,1091,8909
20000,62,17767.0,19987,99.88,2233,17767
40000,62,35565.0,39987,199.88,4435,35565
60000,62,53298.0,59987,299.88,6702,53298
80000,62,71095.0,79987,399.88,8905,71095
100000,62,88872.0,99987,499.88,11128,88872
200000,62,177989.0,199987,999.88,22011,177989
400000,62,356134.0,399987,1999.89,43866,356134
600000,62,534030.0,599987,2999.89,65970,534030
800000,62,712303.0,799987,3999.89,87697,712303
1000000,62,890440.0,999987,4999.89,109560,890440
2,63,2.0,1,0.0,0,2
3,63,3.0,2,0.01,0,3
100,63,95.0,83,0.27,5,95
200,63,181.0,174,0.69,19,181
2000,63,1768.0,1972,9.61,232,1768
10000,63,8898.0,9972,20.62,1102,8898
20000,63,17874.0,19972,20.62,2126,17874
40000,63,35716.0,39972,20.62,4284,35716
60000,63,53677.0,59972,20.62,6323,53677
80000,63,71560.0,79972,20.62,8440,71560
100000,63,89372.0,99972,20.62,10628,89372
200000,63,178838.0,199972,20.62,21162,178838
400000,63,357807.0,399972,20.62,42193,357807
600000,63,536699.0,599972,20.62,63301,536699
800000,63,715734.0,799972,20.62,84266,715734
1000000,63,894744.0,999972,20.62,105256,894744
2,64,2.0,1,0.0,0,2
3,64,3.0,2,0.01,0,3
100,64,83.0,69,0.05,17,83
200,64,171.0,69,0.05,29,171
2000,64,1775.0,69,0.05,225,1775
10000,64,8978.0,69,0.05,1022,8978
20000,64,17891.0,69,0.05,2109,17891
40000,64,35730.0,69,0.05,4270,35730
60000,64,53724.0,69,0.05,6276,53724
80000,64,71696.0,69,0.05,8304,71696
100000,64,89620.0,69,0.05,10380,89620
200000,64,179035.0,69,0.05,20965,179035
400000,64,357838.0,69,0.05,42162,357838
600000,64,536787.0,69,0.05,63213,536787
800000,64,715675.0,69,0.05,84325,715675
1000000,64,894429.0,69,0.05,105571,894429
2,65,2.0,1,0.0,0,2
3,65,3.0,2,0.01,0,3
100,65,90.0,88,0.14,10,90
200,65,183.0,186,0.14,17,183
2000,65,1810.0,1986,0.14,190,1810
10000,65,8958.0,9986,0.14,1042,8958
20000,65,17857.0,19986,0.18,2143,17857
40000,65,35803.0,39986,0.18,4197,35803
60000,65,53643.0,59986,0.18,6357,53643
80000,65,71524.0,79986,0.18,8476,71524
100000,65,89401.0,99986,0.18,10599,89401
200000,65,178941.0,199986,0.18,21059,178941
400000,65,357977.0,399986,0.18,42023,357977
600000,65,536875.0,599986,0.18,63125,536875
800000,65,715923.0,799986,0.18,84077,715923
1000000,65,894855.0,999986,0.18,105145,894855
2,66,2.0,1,0.0,0,2
3,66,3.0,2,0.01,0,3
100,66,92.0,38,0.14,8,92
200,66,182.0,38,0.14,18,182
2000,66,1794.0,85,0.38,206,1794
10000,66,8944.0,85,0.38,1056,8944
20000,66,17809.0,85,0.38,2191,17809
40000,66,35734.0,85,0.38,4266,35734
60000,66,53669.0,85,0.38,6331,53669
80000,66,71510.0,85,0.38,8490,71510
100000,66,89385.0,85,0.38,10615,89385
200000,66,178765.0,85,0.38,21235,178765
400000,66,357931.0,85,0.38,42069,357931
600000,66,537011.0,85,0.38,62989,537011
800000,66,715895.0,85,0.38,84105,715895
1000000,66,895105.0,85,0.38,104895,895105
2,67,2.0,1,0.0,0,2
3,67,3.0,2,0.01,0,3
100,67,90.0,90,0.1,10,90
200,67,182.0,190,0.1,18,182
2000,67,1785.0,1990,5.59,215,1785
10000,67,8947.0,9990,5.59,1053,8947
20000,67,17895.0,19990,5.59,2105,17895
40000,67,35735.0,39990,5.59,4265,35735
60000,67,53664.0,59990,5.59,6336,53664
80000,67,71622.0,79990,5.59,8378,71622
100000,67,89550.0,99990,5.59,10450,89550
200000,67,178991.0,199990,5.59,21009,178991
400000,67,358144.0,399990,5.59,41856,358144
600000,67,537105.0,599990,5.59,62895,537105
800000,67,716063.0,799990,5.59,83937,716063
1000000,67,895089.0,999990,5.59,104911,895089
2,68,2.0,1,0.0,0,2
3,68,3.0,2,0.01,0,3
100,68,91.0,60,0.05,9,91
200,68,177.0,120,0.07,23,177
2000,68,1780.0,120,0.07,220,1780
10000,68,8958.0,120,0.07,1042,8958
20000,68,17886.0,120,0.07,2114,17886
40000,68,35813.0,120,0.07,4187,35813
60000,68,53725.0,120,0.07,6275,53725
80000,68,71552.0,120,0.07,8448,71552
100000,68,89511.0,120,0.07,10489,89511
200000,68,179144.0,120,0.07,20856,179144
400000,68,358120.0,120,0.07,41880,358120
600000,68,537227.0,120,0.07,62773,537227
800000,68,716092.0,120,0.07,83908,716092
1000000,68,895063.0,120,0.07,104937,895063
2,69,2.0,1,0.0,0,2
3,69,3.0,2,0.01,0,3
100,69,87.0,21,0.06,13,87
200,69,174.0,21,0.06,26,174
2000,69,1782.0,21,0.06,218,1782
10000,69,8909.0,21,0.06,1091,8909
20000,69,17769.0,21,0.06,2231,17769
40000,69,35721.0,21,0.06,4279,35721
60000,69,53685.0,21,0.06,6315,53685
80000,69,71513.0,21,0.06,8487,71513
100000,69,89339.0,21,0.06,10661,89339
200000,69,178764.0,21,0.06,21236,178764
400000,69,357739.0,21,0.06,42261,357739
600000,69,536725.0,21,0.06,63275,536725
800000,69,716014.0,21,0.06,83986,716014
1000000,69,894965.0,21,0.06,105035,894965
2,70,2.0,1,0.0,0,2
3,70,3.0,2,0.01,0,3
100,70,90.0,86,0.05,10,90
200,70,187.0,186,0.05,13,187
2000,70,1793.0,1986,0.05,207,1793
10000,70,9001.0,9986,0.05,999,9001
20000,70,17933.0,19986,0.05,2067,17933
40000,70,35872.0,39986,0.05,4128,35872
60000,70,53781.0,59986,0.05,6219,53781
80000,70,71653.0,79986,0.05,8347,71653
100000,70,89582.0,99986,0.05,10418,89582
200000,70,179077.0,199986,0.05,20923,179077
400000,70,357968.0,399986,0.05,42032,357968
600000,70,536946.0,599986,0.05,63054,536946
800000,70,715915.0,799986,0.05,84085,715915
1000000,70,894752.0,999986,0.05,105248,894752
2,71,2.0,1,0.0,0,2
3,71,3.0,2,0.01,0,3
100,71,91.0,20,0.05,9,91
200,71,177.0,40,0.15,23,177
2000,71,1808.0,40,0.15,192,1808
10000,71,8988.0,40,0.15,1012,8988
20000,71,17939.0,40,0.15,2061,17939
40000,71,35828.0,40,0.15,4172,35828
60000,71,53742.0,40,0.15,6258,53742
80000,71,71610.0,40,0.15,8390,71610
100000,71,89481.0,40,0.15,10519,89481
200000,71,178948.0,40,0.15,21052,178948
400000,71,358082.0,40,0.15,41918,358082
600000,71,537254.0,40,0.15,62746,537254
800000,71,716048.0,40,0.15,83952,716048
1000000,71,894888.0,40,0.15,105112,894888
2,72,2.0,1,0.0,0,2
3,72,3.0,2,0.01,0,3
100,72,93.0,90,0.05,7,93
200,72,185.0,190,0.05,15,185
2000,72,1788.0,1990,0.17,212,1788
10000,72,8909.0,9990,0.17,1091,8909
20000,72,17887.0,19990,0.17,2113,17887
40000,72,35850.0,39990,0.17,4150,35850
60000,72,53762.0,59990,0.17,6238,53762
80000,72,71657.0,79990,0.17,8343,71657
100000,72,89523.0,99990,0.17,10477,89523
200000,72,179147.0,199990,0.17,20853,179147
400000,72,358164.0,399990,0.17,41836,358164
600000,72,537016.0,599990,0.17,62984,537016
800000,72,715759.0,799990,0.17,84241,715759
1000000,72,894847.0,999990,0.17,105153,894847
2,73,2.0,1,0.0,0,2
3,73,3.0,2,0.01,0,3
100,73,86.0,90,0.4,14,86
200,73,179.0,190,0.9,21,179
2000,73,1758.0,1990,9.9,242,1758
10000,73,8863.0,9990,49.9,1137,8863
20000,73,17785.0,19990,99.9,2215,17785
40000,73,35681.0,39990,199.9,4319,35681
60000,73,53448.0,59990,299.9,6552,53448
80000,73,71206.0,79990,399.9,8794,71206
100000,73,88990.0,99990,499.9,11010,88990
200000,73,178064.0,199990,999.9,21936,178064
400000,73,355921.0,399990,1999.9,44079,355921
600000,73,533792.0,599990,2999.9,66208,533792
800000,73,712104.0,799990,3999.9,87896,712104
1000000,73,890243.0,999990,4999.9,109757,890243
2,74,2.0,1,0.0,0,2
3,74,3.0,2,0.01,0,3
100,74,87.0,89,0.05,13,87
200,74,177.0,189,0.05,23,177
2000,74,1777.0,1989,0.05,223,1777
10000,74,8917.0,9989,0.05,1083,8917
20000,74,17863.0,19989,0.05,2137,17863
40000,74,35733.0,39989,0.05,4267,35733
60000,74,53490.0,59989,0.05,6510,53490
80000,74,71430.0,79989,0.05,8570,71430
100000,74,89309.0,99989,0.05,10691,89309
200000,74,178736.0,199989,0.05,21264,178736
400000,74,357801.0,399989,0.05,42199,357801
600000,74,536671.0,599989,0.05,63329,536671
800000,74,715994.0,799989,0.05,84006,715994
1000000,74,895005.0,999989,0.05,104995,895005
2,75,2.0,1,0.0,0,2
3,75,2.0,2,0.01,1,2
100,75,89.0,28,0.05,11,89
200,75,180.0,28,0.05,20,180
2000,75,1784.0,51,0.05,216,1784
10000,75,8933.0,51,0.05,1067,8933
20000,75,17858.0,51,0.05,2142,17858
40000,75,35729.0,51,0.05,4271,35729
60000,75,53694.0,51,0.05,6306,53694
80000,75,71651.0,51,0.05,8349,71651
100000,75,89553.0,51,0.05,10447,89553
200000,75,178971.0,51,0.05,21029,178971
400000,75,357990.0,51,0.05,42010,357990
600000,75,537177.0,51,0.05,62823,537177
800000,75,716362.0,51,0.05,83638,716362
1000000,75,895549.0,51,0.05,104451,895549
2,76,2.0,1,0.0,0,2
3,76,3.0,2,0.01,0,3
100,76,96.0,81,0.35,4,96
200,76,184.0,180,0.82,16,184
2000,76,1807.0,1973,9.79,193,1807
10000,76,8936.0,9973,49.79,1064,8936
20000,76,17856.0,19973,99.78,2144,17856
40000,76,35695.0,39973,199.78,4305,35695
60000,76,53455.0,59973,299.78,6545,53455
80000,76,71181.0,79973,399.78,8819,71181
100000,76,88995.0,99973,499.78,11005,88995
200000,76,177991.0,199973,999.78,22009,177991
400000,76,356047.0,399973,1999.79,43953,356047
600000,76,533951.0,599973,2999.79,66049,533951
800000,76,712087.0,799973,3999.79,87913,712087
1000000,76,890346.0,999973,4999.79,109654,890346
2,77,1.0,1,0.0,1,1
3,77,1.0,2,0.01,2,1
100,77,85.0,44,0.17,15,85
200,77,175.0,44,0.17,25,175
2000,77,1790.0,44,0.17,210,1790
10000,77,8981.0,44,0.17,1019,8981
20000,77,17928.0,44,0.17,2072,17928
40000,77,35868.0,44,0.17,4132,35868
60000,77,53714.0,44,0.17,6286,53714
80000,77,71654.0,44,0.17,8346,71654
100000,77,89517.0,44,0.17,10483,89517
200000,77,179021.0,44,0.17,20979,179021
400000,77,357971.0,44,0.17,42029,357971
600000,77,536994.0,44,0.17,63006,536994
800000,77,716128.0,44,0.17,83872,716128
1000000,77,895176.0,44,0.17,104824,895176
2,78,1.0,1,0.0,1,1
3,78,1.0,2,0.01,2,1
100,78,86.0,20,0.05,14,86
200,78,177.0,20,0.05,23,177
2000,78,1774.0,20,0.05,226,1774
10000,78,8906.0,20,0.05,1094,8906
20000,78,17881.0,20,0.05,2119,17881
40000,78,35814.0,20,0.05,4186,35814
60000,78,53768.0,20,0.05,6232,53768
80000,78,71715.0,20,0.05,8285,71715
100000,78,89590.0,20,0.05,10410,89590
200000,78,178957.0,20,0.05,21043,178957
400000,78,357903.0,20,0.05,42097,357903
600000,78,537107.0,20,0.05,62893,537107
800000,78,716107.0,20,0.05,83893,716107
1000000,78,895037.0,20,0.05,104963,895037
2,79,2.0,1,0.0,0,2
3,79,3.0,2,0.01,0,3
100,79,89.0,30,0.08,11,89
200,79,184.0,30,0.08,16,184
2000,79,1791.0,30,0.08,209,1791
10000,79,8959.0,30,0.08,1041,8959
20000,79,17857.0,30,0.08,2143,17857
40000,79,35754.0,30,0.08,4246,35754
60000,79,53616.0,30,0.08,6384,53616
80000,79,71571.0,30,0.08,8429,71571
100000,79,89469.0,30,0.08,10531,89469
200000,79,179096.0,30,0.08,20904,179096
400000,79,358035.0,30,0.08,41965,358035
600000,79,536852.0,30,0.08,63148,536852
800000,79,715674.0,30,0.08,84326,715674
1000000,79,894781.0,30,0.08,105219,894781
2,80,2.0,1,0.0,0,2
3,80,3.0,2,0.01,0,3
100,80,89.0,81,0.35,11,89
200,80,179.0,181,0.85,21,179
2000,80,1784.0,1981,9.85,216,1784
10000,80,8904.0,9981,49.85,1096,8904
20000,80,17771.0,19981,99.84,2229,17771
40000,80,35526.0,39981,199.84,4474,35526
60000,80,53349.0,59981,299.84,6651,53349
80000,80,71131.0,79981,399.84,8869,71131
100000,80,88975.0,99981,499.84,11025,88975
200000,80,177982.0,199981,999.84,22018,177982
400000,80,355949.0,399981,1999.85,44051,355949
600000,80,533945.0,599981,2999.85,66055,533945
800000,80,711839.0,799981,3999.85,88161,711839
1000000,80,889790.0,999981,4999.85,110210,889790
2,81,2.0,1,0.0,0,2
3,81,3.0,2,0.01,0,3
100,81,92.0,51,0.14,8,92
200,81,182.0,51,0.14,18,182
2000,81,1800.0,1751,8.63,200,1800
10000,81,8956.0,9751,48.64,1044,8956
20000,81,17839.0,19751,98.63,2161,17839
40000,81,35600.0,39751,198.63,4400,35600
60000,81,53393.0,59751,298.63,6607,53393
80000,81,71206.0,79751,398.63,8794,71206
100000,81,89012.0,99751,498.63,10988,89012
200000,81,178123.0,199751,998.63,21877,178123
400000,81,356152.0,399751,1998.64,43848,356152
600000,81,534009.0,599751,2998.64,65991,534009
800000,81,711706.0,799751,3998.64,88294,711706
1000000,81,889757.0,999751,4998.64,110243,889757
2,82,2.0,1,0.0,0,2
3,82,3.0,2,0.01,0,3
100,82,82.0,74,0.05,18,82
200,82,171.0,174,0.05,29,171
2000,82,1782.0,1974,0.05,218,1782
10000,82,8947.0,9974,0.05,1053,8947
20000,82,17888.0,19974,0.05,2112,17888
40000,82,35733.0,39974,0.05,4267,35733
60000,82,53660.0,59974,0.05,6340,53660
80000,82,71599.0,79974,0.05,8401,71599
100000,82,89439.0,99974,0.05,10561,89439
200000,82,179024.0,199974,0.05,20976,179024
400000,82,358062.0,399974,0.05,41938,358062
600000,82,537118.0,599974,0.05,62882,537118
800000,82,715990.0,799974,0.05,84010,715990
1000000,82,895152.0,999974,0.05,104848,895152
2,83,1.0,1,0.0,1,1
3,83,2.0,2,0.01,1,2
100,83,87.0,90,0.27,13,87
200,83,177.0,190,0.27,23,177
2000,83,1770.0,1990,0.27,230,1770
10000,83,8919.0,9990,0.27,1081,8919
20000,83,17875.0,19990,0.27,2125,17875
40000,83,35724.0,39990,0.27,4276,35724
60000,83,53645.0,59990,0.27,6355,53645
80000,83,71505.0,79990,0.27,8495,71505
100000,83,89363.0,99990,0.27,10637,89363
200000,83,178821.0,199990,0.27,21179,178821
400000,83,357659.0,399990,0.27,42341,357659
600000,83,536531.0,599990,0.27,63469,536531
800000,83,715481.0,799990,0.27,84519,715481
1000000,83,894280.0,999990,0.27,105720,894280
2,84,2.0,1,0.0,0,2
3,84,3.0,2,0.01,0,3
100,84,91.0,25,0.08,9,91
200,84,180.0,44,0.08,20,180
2000,84,1757.0,1336,0.08,243,1757
10000,84,8956.0,1336,0.08,1044,8956
20000,84,17894.0,1336,0.08,2106,17894
40000,84,35830.0,1336,0.08,4170,35830
60000,84,53693.0,1336,0.08,6307,53693
80000,84,71659.0,1336,0.08,8341,71659
100000,84,89548.0,1336,0.08,10452,89548
200000,84,179171.0,1336,0.08,20829,179171
400000,84,358171.0,1336,0.08,41829,358171
600000,84,537122.0,1336,0.08,62878,537122
800000,84,716053.0,1336,0.08,83947,716053
1000000,84,894971.0,1336,0.08,105029,894971
2,85,2.0,1,0.0,0,2
3,85,3.0,2,0.01,0,3
100,85,88.0,88,0.06,12,88
200,85,178.0,188,0.06,22,178
2000,85,1781.0,1988,0.06,219,1781
10000,85,8956.0,9988,0.06,1044,8956
20000,85,17890.0,19988,0.06,2110,17890
40000,85,35717.0,39988,0.06,4283,35717
60000,85,53697.0,59988,0.06,6303,53697
80000,85,71618.0,79988,0.06,8382,71618
100000,85,89526.0,99988,0.06,10474,89526
200000,85,178982.0,199988,0.06,21018,178982
400000,85,357969.0,399988,0.06,42031,357969
600000,85,536857.0,599988,0.06,63143,536857
800000,85,715793.0,799988,0.06,84207,715793
1000000,85,894773.0,999988,0.06,105227,894773
2,86,2.0,1,0.0,0,2
3,86,3.0,2,0.01,0,3
100,86,92.0,56,0.23,8,92
200,86,180.0,66,0.23,20,180
2000,86,1796.0,1866,0.23,204,1796
10000,86,8973.0,9861,0.23,1027,8973
20000,86,17926.0,19861,0.23,2074,17926
40000,86,35809.0,39861,0.23,4191,35809
60000,86,53732.0,59861,0.23,6268,53732
80000,86,71676.0,79861,0.23,8324,71676
100000,86,89573.0,99861,0.23,10427,89573
200000,86,179123.0,199861,0.23,20877,179123
400000,86,357965.0,399861,0.23,42035,357965
600000,86,536821.0,599861,0.23,63179,536821
800000,86,715740.0,799861,0.23,84260,715740
1000000,86,894753.0,999861,0.23,105247,894753
2,87,2.0,1,0.0,0,2
3,87,3.0,2,0.01,0,3
100,87,86.0,35,0.13,14,86
200,87,174.0,35,0.13,26,174
2000,87,1787.0,35,0.13,213,1787
10000,87,8921.0,35,0.13,1079,8921
20000,87,17856.0,35,0.13,2144,17856
40000,87,35714.0,35,0.13,4286,35714
60000,87,53631.0,35,0.13,6369,53631
80000,87,71608.0,35,0.13,8392,71608
100000,87,89588.0,35,0.13,10412,89588
200000,87,179124.0,35,0.13,20876,179124
400000,87,357797.0,35,0.13,42203,357797
600000,87,536820.0,35,0.13,63180,536820
800000,87,715961.0,35,0.13,84039,715961
1000000,87,894738.0,35,0.13,105262,894738
2,88,1.0,1,0.0,1,1
3,88,2.0,2,0.01,1,2
100,88,86.0,24,0.07,14,86
200,88,175.0,24,0.07,25,175
2000,88,1795.0,24,0.07,205,1795
10000,88,8947.0,24,0.07,1053,8947
20000,88,17921.0,24,0.07,2079,17921
40000,88,35819.0,24,0.07,4181,35819
60000,88,53686.0,24,0.07,6314,53686
80000,88,71622.0,24,0.07,8378,71622
100000,88,89470.0,24,0.07,10530,89470
200000,88,179009.0,24,0.07,20991,179009
400000,88,357947.0,24,0.07,42053,357947
600000,88,537005.0,24,0.07,62995,537005
800000,88,715982.0,24,0.07,84018,715982
1000000,88,895147.0,24,0.07,104853,895147
2,89,1.0,1,0.0,1,1
3,89,1.0,2,0.01,2,1
100,89,89.0,33,0.12,11,89
200,89,176.0,78,0.34,24,176
2000,89,1785.0,1837,9.14,215,1785
10000,89,8958.0,9837,49.14,1042,8958
20000,89,17863.0,19837,99.13,2137,17863
40000,89,35608.0,39837,199.13,4392,35608
60000,89,53474.0,59837,299.13,6526,53474
80000,89,71242.0,79837,399.13,8758,71242
100000,89,89171.0,99837,499.13,10829,89171
200000,89,178204.0,199837,999.13,21796,178204
400000,89,356435.0,399837,1999.14,43565,356435
600000,89,534396.0,599837,2999.14,65604,534396
800000,89,712185.0,799837,3999.14,87815,712185
1000000,89,890168.0,999837,4999.14,109832,890168
2,90,1.0,1,0.0,1,1
3,90,2.0,2,0.01,1,2
100,90,89.0,20,0.05,11,89
200,90,182.0,20,0.05,18,182
2000,90,1829.0,20,0.05,171,1829
10000,90,8973.0,20,0.05,1027,8973
20000,90,17960.0,20,0.05,2040,17960
40000,90,35891.0,20,0.05,4109,35891
60000,90,53780.0,20,0.05,6220,53780
80000,90,71627.0,20,0.05,8373,71627
100000,90,89560.0,20,0.05,10440,89560
200000,90,178965.0,20,0.05,21035,178965
400000,90,358282.0,20,0.05,41718,358282
600000,90,537169.0,20,0.05,62831,537169
800000,90,716241.0,20,0.05,83759,716241
1000000,90,895344.0,20,0.05,104656,895344
2,91,2.0,1,0.0,0,2
3,91,3.0,2,0.01,0,3
100,91,92.0,90,0.4,8,92
200,91,181.0,180,0.85,19,181
2000,91,1807.0,218,1.03,193,1807
10000,91,8992.0,218,1.03,1008,8992
20000,91,17920.0,276,1.32,2080,17920
40000,91,35830.0,276,1.32,4170,35830
60000,91,53694.0,276,1.32,6306,53694
80000,91,71591.0,276,1.32,8409,71591
100000,91,89517.0,276,1.32,10483,89517
200000,91,178957.0,276,1.32,21043,178957
400000,91,357848.0,276,1.32,42152,357848
600000,91,536808.0,276,1.32,63192,536808
800000,91,715940.0,276,1.32,84060,715940
1000000,91,894559.0,276,1.32,105441,894559
2,92,2.0,1,0.0,0,2
3,92,3.0,2,0.01,0,3
100,92,88.0,22,0.06,12,88
200,92,184.0,22,0.06,16,184
2000,92,1795.0,22,0.06,205,1795
10000,92,8906.0,22,0.06,1094,8906
20000,92,17891.0,22,0.06,2109,17891
40000,92,35846.0,22,0.06,4154,35846
60000,92,53743.0,22,0.06,6257,53743
80000,92,71754.0,22,0.06,8246,71754
100000,92,89694.0,22,0.06,10306,89694
200000,92,179258.0,22,0.06,20742,179258
400000,92,357993.0,22,0.06,42007,357993
600000,92,537173.0,22,0.06,62827,537173
800000,92,716199.0,22,0.06,83801,716199
1000000,92,895235.0,22,0.06,104765,895235
2,93,2.0,1,0.0,0,2
3,93,3.0,2,0.01,0,3
100,93,89.0,25,0.06,11,89
200,93,181.0,25,0.06,19,181
2000,93,1798.0,25,0.06,202,1798
10000,93,8988.0,25,0.06,1012,8988
20000,93,17997.0,25,0.06,2003,17997
40000,93,35854.0,25,0.06,4146,35854
60000,93,53719.0,25,0.06,6281,53719
80000,93,71573.0,25,0.06,8427,71573
100000,93,89414.0,25,0.06,10586,89414
200000,93,178945.0,25,0.06,21055,178945
400000,93,358068.0,25,0.06,41932,358068
600000,93,536846.0,25,0.06,63154,536846
800000,93,715739.0,25,0.06,84261,715739
1000000,93,894754.0,25,0.06,105246,894754
2,94,2.0,1,0.0,0,2
3,94,3.0,2,0.01,0,3
100,94,91.0,20,0.05,9,91
200,94,182.0,20,0.05,18,182
2000,94,1798.0,27,0.05,202,1798
10000,94,8938.0,27,0.05,1062,8938
20000,94,17888.0,27,0.05,2112,17888
40000,94,35825.0,27,0.05,4175,35825
60000,94,53687.0,27,0.05,6313,53687
80000,94,71554.0,27,0.05,8446,71554
100000,94,89440.0,27,0.05,10560,89440
200000,94,179174.0,27,0.05,20826,179174
400000,94,358060.0,27,0.05,41940,358060
600000,94,536996.0,27,0.05,63004,536996
800000,94,715813.0,27,0.05,84187,715813
1000000,94,894980.0,27,0.05,105020,894980
2,95,2.0,1,0.0,0,2
3,95,3.0,2,0.01,0,3
100,95,93.0,90,0.4,7,93
200,95,184.0,190,0.9,16,184
2000,95,1815.0,1990,9.9,185,1815
10000,95,8960.0,4488,22.35,1040,8960
20000,95,17897.0,4488,22.35,2103,17897
40000,95,35861.0,4488,22.35,4139,35861
60000,95,53847.0,4488,22.35,6153,53847
80000,95,71841.0,4488,22.35,8159,71841
100000,95,89759.0,4488,22.35,10241,89759
200000,95,179207.0,4488,22.35,20793,179207
400000,95,358226.0,4488,22.35,41774,358226
600000,95,537206.0,4488,22.35,62794,537206
800000,95,716162.0,4488,22.35,83838,716162
1000000,95,895032.0,4488,22.35,104968,895032
2,96,2.0,1,0.0,0,2
3,96,3.0,2,0.01,0,3
100,96,90.0,84,0.05,10,90
200,96,178.0,184,0.06,22,178
2000,96,1776.0,1964,0.06,224,1776
10000,96,8941.0,9964,0.06,1059,8941
20000,96,17926.0,19964,0.06,2074,17926
40000,96,35801.0,39964,0.06,4199,35801
60000,96,53659.0,59964,0.06,6341,53659
80000,96,71552.0,79964,0.06,8448,71552
100000,96,89521.0,99964,0.06,10479,89521
200000,96,179114.0,199964,0.06,20886,179114
400000,96,358240.0,399964,0.06,41760,358240
600000,96,537514.0,599964,0.06,62486,537514
800000,96,716410.0,799964,0.06,83590,716410
1000000,96,895455.0,999964,0.06,104545,895455
2,97,2.0,1,0.0,0,2
3,97,3.0,2,0.01,0,3
100,97,89.0,56,0.16,11,89
200,97,180.0,156,0.66,20,180
2000,97,1779.0,1950,9.63,221,1779
10000,97,8909.0,9950,49.63,1091,8909
20000,97,17819.0,19950,99.63,2181,17819
40000,97,35652.0,39950,199.63,4348,35652
60000,97,53487.0,59950,299.63,6513,53487
80000,97,71276.0,79950,399.63,8724,71276
100000,97,89074.0,99950,499.63,10926,89074
200000,97,178063.0,199950,999.63,21937,178063
400000,97,356217.0,399950,1999.63,43783,356217
600000,97,534351.0,599950,2999.63,65649,534351
800000,97,712465.0,799950,3999.63,87535,712465
1000000,97,890611.0,999950,4999.63,109389,890611
2,98,2.0,1,0.0,0,2
3,98,2.0,2,0.01,1,2
100,98,89.0,84,0.07,11,89
200,98,182.0,184,0.07,18,182
2000,98,1794.0,1984,0.07,206,1794
10000,98,8931.0,9984,0.07,1069,8931
20000,98,17831.0,19984,0.07,2169,17831
40000,98,35681.0,39984,0.07,4319,35681
60000,98,53589.0,59984,0.07,6411,53589
80000,98,71501.0,79984,0.07,8499,71501
100000,98,89436.0,99984,0.07,10564,89436
200000,98,179042.0,199984,0.07,20958,179042
400000,98,358058.0,399984,0.07,41942,358058
600000,98,537058.0,599984,0.07,62942,537058
800000,98,715985.0,799984,0.07,84015,715985
1000000,98,894992.0,999984,0.07,105008,894992
2,99,2.0,1,0.0,0,2
3,99,3.0,2,0.01,0,3
100,99,87.0,89,0.05,13,87
200,99,174.0,189,0.05,26,174
2000,99,1792.0,1989,0.05,208,1792
10000,99,8920.0,9989,0.05,1080,8920
20000,99,17858.0,19989,0.05,2142,17858
40000,99,35762.0,39989,0.05,4238,35762
60000,99,53674.0,59989,0.05,6326,53674
80000,99,71617.0,79989,0.05,8383,71617
100000,99,89536.0,99989,0.05,10464,89536
200000,99,179204.0,199989,0.05,20796,179204
400000,99,358123.0,399989,0.05,41877,358123
600000,99,537161.0,599989,0.05,62839,537161
800000,99,716226.0,799989,0.05,83774,716226
1000000,99,895296.0,999989,0.05,104704,895296
2,100,2.0,1,0.0,0,2
3,100,3.0,2,0.01,0,3
100,100,89.0,90,0.05,11,89
200,100,178.0,190,0.05,22,178
2000,100,1794.0,1990,0.05,206,1794
10000,100,8954.0,9990,0.05,1046,8954
20000,100,17814.0,19990,0.05,2186,17814
40000,100,35648.0,39990,0.05,4352,35648
60000,100,53574.0,59990,0.05,6426,53574
80000,100,71416.0,79990,0.05,8584,71416
100000,100,89203.0,99990,0.05,10797,89203
200000,100,178658.0,199990,0.05,21342,178658
400000,100,357794.0,399990,0.05,42206,357794
600000,100,536869.0,599990,0.05,63131,536869
800000,100,715832.0,799990,0.05,84168,715832
1000000,100,894928.0,999990,0.05,105072,894928
