Timestep,Iteration,Total Reward,Suboptimal Arms,Total Regret,Zeros Count,Ones Count
2,1,2.0,2,0.01,0,2
3,1,3.0,3,0.02,0,3
100,1,91.0,100,0.67,9,91
200,1,178.0,200,1.22,22,178
2000,1,1794.0,1993,10.21,206,1794
10000,1,8951.0,9945,50.03,1049,8951
20000,1,17944.0,15639,78.61,2056,17944
40000,1,35934.0,15713,79.16,4066,35934
60000,1,53984.0,15782,79.68,6016,53984
80000,1,71977.0,15837,80.08,8023,71977
100000,1,90009.0,15889,80.48,9991,90009
200000,1,180032.0,16227,82.94,19968,180032
400000,1,359871.0,17955,98.58,40129,359871
600000,1,539809.0,18803,105.46,60191,539809
800000,1,719843.0,19440,110.19,80157,719843
1000000,1,899713.0,20110,115.08,100287,899713
2,2,1.0,2,0.01,1,1
3,2,1.0,3,0.02,2,1
100,2,89.0,100,0.54,11,89
200,2,175.0,200,1.04,25,175
2000,2,1781.0,1994,15.93,219,1781
10000,2,8943.0,3743,32.71,1057,8943
20000,2,17906.0,3779,32.99,2094,17906
40000,2,35935.0,3843,33.5,4065,35935
60000,2,53877.0,3890,33.87,6123,53877
80000,2,71842.0,3943,34.26,8158,71842
100000,2,89849.0,4017,34.8,10151,89849
200000,2,179964.0,4379,37.46,20036,179964
400000,2,360112.0,5036,42.37,39888,360112
600000,2,539974.0,5694,47.27,60026,539974
800000,2,720043.0,6389,52.52,79957,720043
1000000,2,900024.0,7110,57.87,99976,900024
2,3,2.0,2,0.01,0,2
3,3,3.0,3,0.02,0,3
100,3,85.0,96,0.48,15,85
200,3,171.0,196,0.98,29,171
2000,3,1770.0,1993,9.99,230,1770
10000,3,8949.0,7063,38.91,1051,8949
20000,3,17936.0,7095,39.18,2064,17936
40000,3,35895.0,7167,39.69,4105,35895
60000,3,53838.0,7242,40.3,6162,53838
80000,3,71800.0,7314,40.83,8200,71800
100000,3,89840.0,7387,41.4,10160,89840
200000,3,179778.0,7734,44.07,20222,179778
400000,3,359642.0,8396,48.98,40358,359642
600000,3,539632.0,9038,53.83,60368,539632
800000,3,719736.0,9702,58.78,80264,719736
1000000,3,899522.0,10390,63.96,100478,899522
2,4,2.0,2,0.01,0,2
3,4,3.0,3,0.02,0,3
100,4,90.0,100,0.51,10,90
200,4,173.0,197,0.99,27,173
2000,4,1777.0,1995,9.99,223,1777
10000,4,8941.0,8931,44.74,1059,8941
20000,4,17884.0,18919,94.82,2116,17884
40000,4,35788.0,38878,194.75,4212,35788
60000,4,53700.0,58850,294.8,6300,53700
80000,4,71588.0,78830,394.91,8412,71588
100000,4,89458.0,98795,494.9,10542,89458
200000,4,178958.0,198635,994.77,21042,178958
400000,4,357966.0,377175,1889.95,42034,357966
600000,4,537930.0,378071,1897.24,62070,537930
800000,4,717973.0,378902,1903.93,82027,717973
1000000,4,897837.0,379561,1908.84,102163,897837
2,5,2.0,2,0.01,0,2
3,5,2.0,3,0.02,1,2
100,5,85.0,91,0.46,15,85
200,5,179.0,191,0.96,21,179
2000,5,1780.0,1988,9.98,220,1780
10000,5,8955.0,9980,49.97,1045,8955
20000,5,17876.0,19965,99.99,2124,17876
40000,5,35765.0,39931,199.97,4235,35765
60000,5,53654.0,59904,300.03,6346,53654
80000,5,71563.0,79859,400.01,8437,71563
100000,5,89484.0,99818,499.93,10516,89484
200000,5,178779.0,198721,995.3,21221,178779
400000,5,358713.0,217598,1091.26,41287,358713
600000,5,538722.0,218229,1095.95,61278,538722
800000,5,718576.0,218900,1100.94,81424,718576
1000000,5,898536.0,219537,1105.78,101464,898536
2,6,2.0,2,0.01,0,2
3,6,3.0,3,0.02,0,3
100,6,87.0,87,0.44,13,87
200,6,171.0,187,0.94,29,171
2000,6,1795.0,575,4.39,205,1795
10000,6,8994.0,597,4.55,1006,8994
20000,6,17979.0,634,4.83,2021,17979
40000,6,36050.0,701,5.33,3950,36050
60000,6,54043.0,765,5.82,5957,54043
80000,6,72050.0,830,6.33,7950,72050
100000,6,90044.0,899,6.83,9956,90044
200000,6,179980.0,1209,9.17,20020,179980
400000,6,359875.0,1950,14.91,40125,359875
600000,6,540035.0,2758,21.34,59965,540035
800000,6,719908.0,3473,26.76,80092,719908
1000000,6,900129.0,4106,31.54,99871,900129
2,7,2.0,2,0.01,0,2
3,7,3.0,3,0.02,0,3
100,7,86.0,100,0.5,14,86
200,7,176.0,200,1.0,24,176
2000,7,1757.0,1995,10.0,243,1757
10000,7,8921.0,9981,50.02,1079,8921
20000,7,17870.0,19970,100.03,2130,17870
40000,7,35787.0,36034,180.53,4213,35787
60000,7,53718.0,45117,226.09,6282,53718
80000,7,71693.0,45195,226.72,8307,71693
100000,7,89667.0,45272,227.29,10333,89667
200000,7,179535.0,45636,230.11,20465,179535
400000,7,359449.0,48282,254.94,40551,359449
600000,7,539080.0,48992,260.29,60920,539080
800000,7,719077.0,49662,265.38,80923,719077
1000000,7,899038.0,50381,270.93,100962,899038
2,8,1.0,2,0.01,1,1
3,8,2.0,3,0.02,1,2
100,8,90.0,100,0.52,10,90
200,8,176.0,200,1.02,24,176
2000,8,1793.0,1989,9.98,207,1793
10000,8,8905.0,9962,50.87,1095,8905
20000,8,17783.0,19945,100.96,2217,17783
40000,8,35707.0,39909,200.94,4293,35707
60000,8,53666.0,59854,300.85,6334,53666
80000,8,71511.0,79813,400.82,8489,71511
100000,8,89363.0,99778,500.83,10637,89363
200000,8,178794.0,199609,1000.75,21206,178794
400000,8,357823.0,399283,2000.89,42177,357823
600000,8,536871.0,598977,3001.03,63129,536871
800000,8,715889.0,798614,4000.78,84111,715889
1000000,8,894755.0,998303,5001.11,105245,894755
2,9,2.0,2,0.01,0,2
3,9,3.0,3,0.02,0,3
100,9,89.0,100,0.5,11,89
200,9,180.0,132,0.66,20,180
2000,9,1782.0,1845,9.24,218,1782
10000,9,8968.0,9834,49.25,1032,8968
20000,9,17919.0,19821,99.29,2081,17919
40000,9,35792.0,39792,199.29,4208,35792
60000,9,53693.0,59760,299.29,6307,53693
80000,9,71549.0,79724,399.29,8451,71549
100000,9,89390.0,99678,499.25,10610,89390
200000,9,178851.0,199498,999.27,21149,178851
400000,9,357708.0,399189,1999.31,42292,357708
600000,9,536479.0,598876,2999.54,63521,536479
800000,9,715498.0,798443,3999.09,84502,715498
1000000,9,894546.0,998060,4998.93,105454,894546
2,10,2.0,2,0.01,0,2
3,10,2.0,3,0.02,1,2
100,10,89.0,100,0.6,11,89
200,10,179.0,200,1.31,21,179
2000,10,1809.0,1993,10.3,191,1809
10000,10,8990.0,9975,50.34,1010,8990
20000,10,17976.0,19939,100.22,2024,17976
40000,10,35874.0,39907,200.25,4126,35874
60000,10,53726.0,59872,300.22,6274,53726
80000,10,71656.0,79837,400.19,8344,71656
100000,10,89509.0,99762,499.99,10491,89509
200000,10,178913.0,199580,1000.02,21087,178913
400000,10,358017.0,379821,1902.79,41983,358017
600000,10,537928.0,380508,1907.94,62072,537928
800000,10,717814.0,381183,1913.07,82186,717814
1000000,10,897786.0,381858,1918.14,102214,897786
2,11,1.0,2,0.01,1,1
3,11,2.0,3,0.02,1,2
100,11,88.0,100,0.51,12,88
200,11,180.0,200,1.01,20,180
2000,11,1795.0,1905,9.54,205,1795
10000,11,8953.0,9800,49.07,1047,8953
20000,11,17874.0,19785,99.09,2126,17874
40000,11,35779.0,39754,199.12,4221,35779
60000,11,53730.0,59733,299.18,6270,53730
80000,11,71639.0,79690,399.12,8361,71639
100000,11,89583.0,99649,499.08,10417,89583
200000,11,178997.0,199479,999.04,21003,178997
400000,11,358242.0,399109,1998.76,41758,358242
600000,11,537702.0,518206,2595.9,62298,537702
800000,11,717778.0,518882,2601.02,82222,717778
1000000,11,897828.0,519509,2605.71,102172,897828
2,12,2.0,2,0.01,0,2
3,12,3.0,3,0.02,0,3
100,12,90.0,100,0.5,10,90
200,12,183.0,200,1.0,17,183
2000,12,1804.0,1987,9.94,196,1804
10000,12,8943.0,9974,50.43,1057,8943
20000,12,17851.0,19912,100.19,2149,17851
40000,12,35825.0,39882,200.24,4175,35825
60000,12,53647.0,59842,300.22,6353,53647
80000,12,71469.0,79805,400.22,8531,71469
100000,12,89409.0,99775,500.22,10591,89409
200000,12,178901.0,198432,994.28,21099,178901
400000,12,358401.0,342087,1714.08,41599,358401
600000,12,538340.0,342794,1719.45,61660,538340
800000,12,718175.0,343461,1724.44,81825,718175
1000000,12,898440.0,344140,1729.57,101560,898440
2,13,2.0,2,0.01,0,2
3,13,3.0,3,0.02,0,3
100,13,94.0,100,0.65,6,94
200,13,186.0,200,1.14,14,186
2000,13,1778.0,1994,10.19,222,1778
10000,13,8930.0,9976,50.16,1070,8930
20000,13,17883.0,13337,67.04,2117,17883
40000,13,35959.0,13396,67.49,4041,35959
60000,13,53955.0,13471,68.1,6045,53955
80000,13,72014.0,13528,68.54,7986,72014
100000,13,89958.0,13583,68.95,10042,89958
200000,13,180098.0,14458,76.91,19902,180098
400000,13,360120.0,15106,81.77,39880,360120
600000,13,540310.0,15714,86.27,59690,540310
800000,13,720245.0,16356,91.2,79755,720245
1000000,13,900219.0,17039,96.37,99781,900219
2,14,2.0,2,0.01,0,2
3,14,3.0,3,0.02,0,3
100,14,91.0,100,0.5,9,91
200,14,179.0,200,1.04,21,179
2000,14,1779.0,1968,9.97,221,1779
10000,14,8936.0,9955,50.12,1064,8936
20000,14,17906.0,19865,99.77,2094,17906
40000,14,35813.0,39833,199.83,4187,35813
60000,14,53689.0,59806,299.88,6311,53689
80000,14,71686.0,79777,399.88,8314,71686
100000,14,89596.0,99741,499.86,10404,89596
200000,14,179249.0,161273,808.44,20751,179249
400000,14,359090.0,161981,813.77,40910,359090
600000,14,539047.0,162657,818.87,60953,539047
800000,14,718982.0,163337,824.03,81018,718982
1000000,14,898898.0,164002,829.06,101102,898898
2,15,2.0,2,0.01,0,2
3,15,2.0,3,0.02,1,2
100,15,85.0,100,0.5,15,85
200,15,176.0,200,1.0,24,176
2000,15,1757.0,1996,10.02,243,1757
10000,15,8949.0,9975,50.11,1051,8949
20000,15,17951.0,19942,100.01,2049,17951
40000,15,35830.0,39893,199.88,4170,35830
60000,15,53735.0,59833,299.89,6265,53735
80000,15,71657.0,79788,400.11,8343,71657
100000,15,89555.0,99750,500.64,10445,89555
200000,15,179170.0,199596,1001.53,20830,179170
400000,15,358922.0,277590,1393.45,41078,358922
600000,15,538740.0,278242,1398.43,61260,538740
800000,15,718583.0,278941,1403.55,81417,718583
1000000,15,898645.0,279616,1408.54,101355,898645
2,16,2.0,2,0.01,0,2
3,16,3.0,3,0.02,0,3
100,16,88.0,100,0.5,12,88
200,16,173.0,200,1.0,27,173
2000,16,1782.0,725,3.69,218,1782
10000,16,8942.0,754,3.9,1058,8942
20000,16,18015.0,791,4.2,1985,18015
40000,16,36029.0,849,4.62,3971,36029
60000,16,54005.0,902,5.03,5995,54005
80000,16,72036.0,975,5.61,7964,72036
100000,16,89939.0,1050,6.16,10061,89939
200000,16,179970.0,1392,8.77,20030,179970
400000,16,359895.0,2060,13.88,40105,359895
600000,16,539732.0,2780,19.4,60268,539732
800000,16,719867.0,3488,24.68,80133,719867
1000000,16,899921.0,4174,29.88,100079,899921
2,17,2.0,2,0.01,0,2
3,17,3.0,3,0.02,0,3
100,17,92.0,100,0.5,8,92
200,17,180.0,200,1.0,20,180
2000,17,1800.0,1992,9.98,200,1800
10000,17,8954.0,9951,49.9,1046,8954
20000,17,17858.0,19935,99.88,2142,17858
40000,17,35778.0,39905,199.95,4222,35778
60000,17,53679.0,59864,299.92,6321,53679
80000,17,71507.0,79830,399.88,8493,71507
100000,17,89416.0,99795,499.89,10584,89416
200000,17,179017.0,199631,999.93,20983,179017
400000,17,357964.0,399268,1999.87,42036,357964
600000,17,536886.0,598950,2999.98,63114,536886
800000,17,716038.0,798614,4000.03,83962,716038
1000000,17,894872.0,998300,4999.9,105128,894872
2,18,2.0,2,0.01,0,2
3,18,3.0,3,0.02,0,3
100,18,92.0,100,0.5,8,92
200,18,184.0,200,1.0,16,184
2000,18,1771.0,1987,9.95,229,1771
10000,18,8879.0,9971,49.93,1121,8879
20000,18,17832.0,19953,99.99,2168,17832
40000,18,35742.0,39205,197.28,4258,35742
60000,18,53643.0,59169,297.22,6357,53643
80000,18,71507.0,79134,397.25,8493,71507
100000,18,89381.0,99110,497.25,10619,89381
200000,18,178994.0,198895,997.09,21006,178994
400000,18,357952.0,393027,1969.5,42048,357952
600000,18,536997.0,592712,2969.61,63003,536997
800000,18,717108.0,594444,2980.01,82892,717108
1000000,18,897204.0,595101,2984.83,102796,897204
2,19,1.0,2,0.01,1,1
3,19,2.0,3,0.02,1,2
100,19,90.0,100,0.5,10,90
200,19,183.0,200,1.0,17,183
2000,19,1798.0,1984,11.37,202,1798
10000,19,8911.0,9967,68.02,1089,8911
20000,19,17849.0,19947,149.67,2151,17849
40000,19,35649.0,39914,347.12,4351,35649
60000,19,53421.0,59869,545.75,6579,53421
80000,19,71278.0,79841,745.29,8722,71278
100000,19,89012.0,99810,944.82,10988,89012
200000,19,178179.0,199660,1942.52,21821,178179
400000,19,356142.0,399316,3937.55,43858,356142
600000,19,534447.0,598968,5669.35,65553,534447
800000,19,713193.0,798659,6669.49,86807,713193
1000000,19,892060.0,998319,7669.43,107940,892060
2,20,1.0,2,0.01,1,1
3,20,2.0,3,0.02,1,2
100,20,89.0,100,0.5,11,89
200,20,184.0,197,0.99,16,184
2000,20,1797.0,1994,9.99,203,1797
10000,20,8927.0,9296,46.55,1073,8927
20000,20,17930.0,19282,96.55,2070,17930
40000,20,35795.0,39231,197.33,4205,35795
60000,20,53838.0,39665,199.65,6162,53838
80000,20,71835.0,39747,200.25,8165,71835
100000,20,89811.0,39819,200.81,10189,89811
200000,20,179714.0,40213,203.89,20286,179714
400000,20,359749.0,40928,209.18,40251,359749
600000,20,539912.0,41839,216.44,60088,539912
800000,20,720078.0,42514,221.51,79922,720078
1000000,20,900237.0,43167,226.4,99763,900237
2,21,2.0,2,0.01,0,2
3,21,3.0,3,0.02,0,3
100,21,89.0,100,0.5,11,89
200,21,178.0,200,1.0,22,178
2000,21,1786.0,822,5.62,214,1786
10000,21,8968.0,849,5.82,1032,8968
20000,21,18003.0,870,6.01,1997,18003
40000,21,36065.0,936,6.52,3935,36065
60000,21,54077.0,1005,7.03,5923,54077
80000,21,72065.0,1074,7.55,7935,72065
100000,21,89989.0,1148,8.13,10011,89989
200000,21,180028.0,1486,10.64,19972,180028
400000,21,359934.0,2161,15.7,40066,359934
600000,21,540104.0,2803,20.61,59896,540104
800000,21,720029.0,3542,25.94,79971,720029
1000000,21,900121.0,4240,31.22,99879,900121
2,22,0.0,2,0.01,2,0
3,22,1.0,3,0.02,2,1
100,22,85.0,100,0.5,15,85
200,22,180.0,172,0.86,20,180
2000,22,1804.0,178,0.91,196,1804
10000,22,8969.0,202,1.08,1031,8969
20000,22,17976.0,234,1.31,2024,17976
40000,22,36040.0,302,1.83,3960,36040
60000,22,54034.0,363,2.29,5966,54034
80000,22,71974.0,724,4.26,8026,71974
100000,22,89937.0,2744,14.49,10063,89937
200000,22,180074.0,3067,16.94,19926,180074
400000,22,359968.0,3760,22.05,40032,359968
600000,22,540120.0,4455,27.42,59880,540120
800000,22,720171.0,6739,40.59,79829,720171
1000000,22,900481.0,7418,45.72,99519,900481
2,23,2.0,2,0.01,0,2
3,23,3.0,3,0.02,0,3
100,23,89.0,100,0.5,11,89
200,23,177.0,200,1.0,23,177
2000,23,1772.0,1911,17.08,228,1772
10000,23,8906.0,9892,96.84,1094,8906
20000,23,17793.0,19872,196.51,2207,17793
40000,23,35624.0,39827,395.82,4376,35624
60000,23,53471.0,59791,595.31,6529,53471
80000,23,71261.0,79742,794.61,8739,71261
100000,23,89061.0,99705,994.11,10939,89061
200000,23,178035.0,199553,1991.78,21965,178035
400000,23,356043.0,399251,3987.05,43957,356043
600000,23,534012.0,598925,5982.25,65988,534012
800000,23,713110.0,685907,6850.51,86890,713110
1000000,23,893251.0,686549,6855.35,106749,893251
2,24,2.0,2,0.01,0,2
3,24,3.0,3,0.02,0,3
100,24,92.0,100,0.5,8,92
200,24,182.0,200,1.01,18,182
2000,24,1787.0,1943,9.74,213,1787
10000,24,8930.0,9929,49.71,1070,8930
20000,24,17875.0,14925,74.78,2125,17875
40000,24,35955.0,14995,75.3,4045,35955
60000,24,53917.0,15060,75.79,6083,53917
80000,24,71880.0,15127,76.27,8120,71880
100000,24,89866.0,15210,76.9,10134,89866
200000,24,179797.0,15523,79.34,20203,179797
400000,24,360087.0,16177,84.26,39913,360087
600000,24,540062.0,16864,89.54,59938,540062
800000,24,720006.0,17506,94.34,79994,720006
1000000,24,900209.0,18175,99.33,99791,900209
2,25,2.0,2,0.01,0,2
3,25,3.0,3,0.02,0,3
100,25,97.0,100,0.5,3,97
200,25,182.0,200,1.02,18,182
2000,25,1806.0,1993,10.0,194,1806
10000,25,8975.0,9978,49.97,1025,8975
20000,25,17925.0,19958,100.01,2075,17925
40000,25,35811.0,39915,207.18,4189,35811
60000,25,53619.0,59883,314.08,6381,53619
80000,25,71543.0,63981,334.81,8457,71543
100000,25,89539.0,64053,335.35,10461,89539
200000,25,179650.0,64397,337.93,20350,179650
400000,25,359540.0,65101,343.31,40460,359540
600000,25,539539.0,65809,348.53,60461,539539
800000,25,719627.0,66454,353.4,80373,719627
1000000,25,899554.0,67132,358.52,100446,899554
2,26,1.0,2,0.01,1,1
3,26,2.0,3,0.02,1,2
100,26,89.0,100,0.5,11,89
200,26,180.0,200,1.0,20,180
2000,26,1796.0,1993,10.02,204,1796
10000,26,8998.0,9811,51.66,1002,8998
20000,26,17893.0,19792,102.44,2107,17893
40000,26,35737.0,39759,202.75,4263,35737
60000,26,53610.0,59726,302.76,6390,53610
80000,26,71508.0,79630,402.41,8492,71508
100000,26,89502.0,99592,502.39,10498,89502
200000,26,179077.0,173501,874.0,20923,179077
400000,26,358972.0,174131,878.86,41028,358972
600000,26,538851.0,174790,883.65,61149,538851
800000,26,718858.0,175464,888.65,81142,718858
1000000,26,898538.0,176182,894.14,101462,898538
2,27,1.0,2,0.01,1,1
3,27,2.0,3,0.02,1,2
100,27,87.0,100,0.5,13,87
200,27,179.0,200,1.0,21,179
2000,27,1775.0,1996,10.21,225,1775
10000,27,8912.0,9985,50.23,1088,8912
20000,27,17860.0,19911,99.94,2140,17860
40000,27,35681.0,38919,195.19,4319,35681
60000,27,53527.0,58891,295.18,6473,53527
80000,27,71460.0,78844,395.12,8540,71460
100000,27,89349.0,98807,495.1,10651,89349
200000,27,179386.0,111293,558.42,20614,179386
400000,27,359251.0,111984,563.63,40749,359251
600000,27,539105.0,112690,568.89,60895,539105
800000,27,719099.0,113368,573.86,80901,719099
1000000,27,898896.0,114011,578.61,101104,898896
2,28,2.0,2,0.01,0,2
3,28,2.0,3,0.02,1,2
100,28,86.0,100,0.5,14,86
200,28,177.0,200,1.0,23,177
2000,28,1781.0,1967,9.87,219,1781
10000,28,8977.0,9959,50.25,1023,8977
20000,28,17944.0,19930,100.17,2056,17944
40000,28,35863.0,39901,200.24,4137,35863
60000,28,53755.0,59841,300.23,6245,53755
80000,28,71674.0,79801,400.25,8326,71674
100000,28,89708.0,86984,436.33,10292,89708
200000,28,179686.0,87636,442.04,20314,179686
400000,28,359670.0,88300,446.97,40330,359670
600000,28,539434.0,88972,452.01,60566,539434
800000,28,719414.0,89624,456.86,80586,719414
1000000,28,899514.0,90284,461.84,100486,899514
2,29,2.0,2,0.01,0,2
3,29,3.0,3,0.02,0,3
100,29,93.0,100,0.53,7,93
200,29,179.0,200,1.04,21,179
2000,29,1763.0,1997,10.38,237,1763
10000,29,8918.0,9978,50.35,1082,8918
20000,29,17814.0,19904,100.03,2186,17814
40000,29,35741.0,39866,200.02,4259,35741
60000,29,53610.0,59816,299.87,6390,53610
80000,29,71553.0,79745,399.72,8447,71553
100000,29,89599.0,81122,406.81,10401,89599
200000,29,179562.0,81439,409.18,20438,179562
400000,29,359522.0,82118,414.27,40478,359522
600000,29,539367.0,82800,419.39,60633,539367
800000,29,719231.0,83464,424.33,80769,719231
1000000,29,899009.0,84107,429.28,100991,899009
2,30,2.0,2,0.01,0,2
3,30,3.0,3,0.02,0,3
100,30,88.0,47,0.24,12,88
200,30,177.0,52,0.29,23,177
2000,30,1788.0,57,0.32,212,1788
10000,30,9030.0,90,0.59,970,9030
20000,30,17990.0,119,0.84,2010,17990
40000,30,35985.0,185,1.34,4015,35985
60000,30,54034.0,255,1.89,5966,54034
80000,30,72065.0,326,2.38,7935,72065
100000,30,90027.0,397,2.91,9973,90027
200000,30,180193.0,753,5.55,19807,180193
400000,30,360359.0,1431,10.75,39641,360359
600000,30,540393.0,2133,15.99,59607,540393
800000,30,720604.0,2835,21.25,79396,720604
1000000,30,900849.0,3465,25.93,99151,900849
2,31,2.0,2,0.01,0,2
3,31,3.0,3,0.02,0,3
100,31,97.0,100,0.5,3,97
200,31,185.0,200,1.0,15,185
2000,31,1798.0,1963,9.83,202,1798
10000,31,8964.0,4139,20.78,1036,8964
20000,31,17931.0,6381,32.13,2069,17931
40000,31,35856.0,6449,32.65,4144,35856
60000,31,53879.0,6529,33.24,6121,53879
80000,31,71900.0,6607,33.86,8100,71900
100000,31,89920.0,6672,34.37,10080,89920
200000,31,179944.0,6989,36.77,20056,179944
400000,31,360070.0,7667,41.85,39930,360070
600000,31,540193.0,8298,46.64,59807,540193
800000,31,720185.0,8975,51.73,79815,720185
1000000,31,900230.0,9658,56.8,99770,900230
2,32,2.0,2,0.01,0,2
3,32,3.0,3,0.02,0,3
100,32,91.0,97,0.49,9,91
200,32,181.0,197,0.99,19,181
2000,32,1790.0,1994,10.01,210,1790
10000,32,8967.0,9975,50.21,1033,8967
20000,32,17938.0,19961,100.22,2062,17938
40000,32,35819.0,39915,202.21,4181,35819
60000,32,53740.0,59826,301.93,6260,53740
80000,32,71705.0,79774,401.88,8295,71705
100000,32,89635.0,99730,501.8,10365,89635
200000,32,179107.0,199310,1000.44,20893,179107
400000,32,359022.0,214925,1080.13,40978,359022
600000,32,539028.0,215581,1085.0,60972,539028
800000,32,719096.0,216207,1089.73,80904,719096
1000000,32,898910.0,216879,1094.78,101090,898910
2,33,2.0,2,0.01,0,2
3,33,3.0,3,0.02,0,3
100,33,93.0,100,0.5,7,93
200,33,184.0,200,1.0,16,184
2000,33,1793.0,2000,10.04,207,1793
10000,33,8977.0,9975,52.73,1023,8977
20000,33,17939.0,19952,102.68,2061,17939
40000,33,35831.0,39913,202.67,4169,35831
60000,33,53621.0,59870,302.69,6379,53621
80000,33,71521.0,79838,403.04,8479,71521
100000,33,89401.0,99801,502.98,10599,89401
200000,33,179008.0,199634,1003.08,20992,179008
400000,33,358006.0,396029,1986.61,41994,358006
600000,33,536957.0,595693,2987.38,63043,536957
800000,33,715924.0,795368,3989.66,84076,715924
1000000,33,894677.0,995053,5007.54,105323,894677
2,34,2.0,2,0.01,0,2
3,34,2.0,3,0.02,1,2
100,34,89.0,94,0.47,11,89
200,34,182.0,192,0.96,18,182
2000,34,1813.0,1855,9.3,187,1813
10000,34,9001.0,8888,44.53,999,9001
20000,34,17985.0,18870,94.52,2015,17985
40000,34,35830.0,37274,186.73,4170,35830
60000,34,53914.0,37334,187.15,6086,53914
80000,34,71841.0,37397,187.6,8159,71841
100000,34,89801.0,37477,188.22,10199,89801
200000,34,179930.0,37842,191.05,20070,179930
400000,34,360007.0,38603,197.0,39993,360007
600000,34,540212.0,39304,202.35,59788,540212
800000,34,720312.0,39976,207.42,79688,720312
1000000,34,900242.0,40635,212.44,99758,900242
2,35,2.0,2,0.01,0,2
3,35,3.0,3,0.02,0,3
100,35,89.0,93,0.47,11,89
200,35,183.0,193,1.23,17,183
2000,35,1776.0,1839,17.55,224,1776
10000,35,8952.0,9829,97.31,1048,8952
20000,35,17903.0,19805,196.94,2097,17903
40000,35,35797.0,39766,396.34,4203,35797
60000,35,53664.0,59736,595.79,6336,53664
80000,35,71510.0,79690,795.19,8490,71510
100000,35,89270.0,99550,993.61,10730,89270
200000,35,178818.0,145402,1450.48,21182,178818
400000,35,358750.0,146069,1455.5,41250,358750
600000,35,538862.0,146772,1460.79,61138,538862
800000,35,718810.0,147456,1465.71,81190,718810
1000000,35,898965.0,148086,1470.45,101035,898965
2,36,1.0,2,0.01,1,1
3,36,2.0,3,0.02,1,2
100,36,87.0,100,0.53,13,87
200,36,181.0,200,1.03,19,181
2000,36,1795.0,1938,9.72,205,1795
10000,36,8960.0,9922,51.36,1040,8960
20000,36,17920.0,19876,101.27,2080,17920
40000,36,35780.0,39775,201.0,4220,35780
60000,36,53650.0,58738,295.97,6350,53650
80000,36,71490.0,77866,391.75,8510,71490
100000,36,89338.0,97831,491.74,10662,89338
200000,36,178951.0,197659,991.8,21049,178951
400000,36,357951.0,397343,1991.8,42049,357951
600000,36,536741.0,597003,2991.9,63259,536741
800000,36,715617.0,796645,3991.77,84383,715617
1000000,36,894691.0,992075,4971.0,105309,894691
2,37,2.0,2,0.01,0,2
3,37,3.0,3,0.02,0,3
100,37,82.0,100,0.5,18,82
200,37,171.0,200,1.0,29,171
2000,37,1785.0,1994,9.99,215,1785
10000,37,8997.0,9971,49.96,1003,8997
20000,37,17990.0,16032,80.34,2010,17990
40000,37,35909.0,20206,101.31,4091,35909
60000,37,53827.0,37397,187.45,6173,53827
80000,37,71740.0,54884,275.02,8260,71740
100000,37,89664.0,74850,375.01,10336,89664
200000,37,179560.0,77928,391.26,20440,179560
400000,37,359443.0,79392,404.2,40557,359443
600000,37,539250.0,80077,409.34,60750,539250
800000,37,719263.0,80740,414.28,80737,719263
1000000,37,899483.0,81389,419.15,100517,899483
2,38,2.0,2,0.01,0,2
3,38,2.0,3,0.02,1,2
100,38,90.0,100,0.5,10,90
200,38,180.0,200,1.0,20,180
2000,38,1798.0,1927,9.67,202,1798
10000,38,8938.0,9909,49.85,1062,8938
20000,38,17873.0,19701,98.91,2127,17873
40000,38,35723.0,39603,198.59,4277,35723
60000,38,53626.0,59572,298.58,6374,53626
80000,38,71544.0,79533,398.58,8456,71544
100000,38,89455.0,99489,498.51,10545,89455
200000,38,179276.0,154977,776.93,20724,179276
400000,38,359288.0,155697,782.47,40712,359288
600000,38,539178.0,156344,787.33,60822,539178
800000,38,719205.0,157023,792.39,80795,719205
1000000,38,899165.0,157650,797.07,100835,899165
2,39,1.0,2,0.01,1,1
3,39,2.0,3,0.02,1,2
100,39,91.0,100,0.5,9,91
200,39,180.0,200,1.0,20,180
2000,39,1800.0,1998,9.99,200,1800
10000,39,8995.0,9978,49.98,1005,8995
20000,39,17925.0,19963,99.98,2075,17925
40000,39,35823.0,39930,200.01,4177,35823
60000,39,53767.0,59914,300.09,6233,53767
80000,39,71731.0,79874,400.01,8269,71731
100000,39,89638.0,99844,500.02,10362,89638
200000,39,178997.0,199667,1000.33,21003,178997
400000,39,358061.0,394259,1974.95,41939,358061
600000,39,537902.0,423870,2125.57,62098,537902
800000,39,718027.0,424541,2130.65,81973,718027
1000000,39,898092.0,425245,2135.9,101908,898092
2,40,2.0,2,0.01,0,2
3,40,3.0,3,0.02,0,3
100,40,88.0,94,0.47,12,88
200,40,178.0,194,0.97,22,178
2000,40,1786.0,1985,9.95,214,1786
10000,40,8936.0,9970,49.95,1064,8936
20000,40,17900.0,19955,99.9,2100,17900
40000,40,35722.0,39921,199.93,4278,35722
60000,40,53579.0,59887,299.98,6421,53579
80000,40,71535.0,79860,400.03,8465,71535
100000,40,89452.0,99822,499.99,10548,89452
200000,40,179503.0,109848,550.82,20497,179503
400000,40,359333.0,110502,555.67,40667,359333
600000,40,539343.0,111146,560.49,60657,539343
800000,40,719445.0,111801,565.33,80555,719445
1000000,40,899611.0,112478,570.46,100389,899611
2,41,2.0,2,0.01,0,2
3,41,3.0,3,0.02,0,3
100,41,86.0,100,0.5,14,86
200,41,175.0,200,1.03,25,175
2000,41,1745.0,1998,11.14,255,1745
10000,41,8918.0,9988,51.16,1082,8918
20000,41,17819.0,19942,100.97,2181,17819
40000,41,35806.0,24678,124.79,4194,35806
60000,41,53879.0,24746,125.27,6121,53879
80000,41,71850.0,24811,125.75,8150,71850
100000,41,89835.0,24878,126.26,10165,89835
200000,41,179921.0,25193,128.58,20079,179921
400000,41,359865.0,25858,133.56,40135,359865
600000,41,539968.0,26560,138.82,60032,539968
800000,41,719674.0,27203,143.63,80326,719674
1000000,41,899771.0,27893,148.83,100229,899771
2,42,1.0,2,0.01,1,1
3,42,2.0,3,0.02,1,2
100,42,88.0,100,0.5,12,88
200,42,179.0,200,1.0,21,179
2000,42,1802.0,1980,10.04,198,1802
10000,42,8972.0,9963,50.05,1028,8972
20000,42,17941.0,18773,94.22,2059,17941
40000,42,35937.0,20070,100.88,4063,35937
60000,42,53987.0,20127,101.3,6013,53987
80000,42,71985.0,20200,101.84,8015,71985
100000,42,89955.0,20262,102.29,10045,89955
200000,42,180015.0,20603,104.86,19985,180015
400000,42,360126.0,21267,109.85,39874,360126
600000,42,539999.0,21928,114.83,60001,539999
800000,42,719994.0,22634,120.05,80006,719994
1000000,42,899834.0,23287,124.96,100166,899834
2,43,2.0,2,0.01,0,2
3,43,3.0,3,0.02,0,3
100,43,88.0,100,0.52,12,88
200,43,180.0,200,1.02,20,180
2000,43,1783.0,2000,10.03,217,1783
10000,43,8985.0,9983,50.02,1015,8985
20000,43,17985.0,19959,99.98,2015,17985
40000,43,35925.0,39761,199.21,4075,35925
60000,43,53856.0,59730,299.3,6144,53856
80000,43,71738.0,79695,399.49,8262,71738
100000,43,89623.0,99658,499.52,10377,89623
200000,43,178994.0,199493,999.44,21006,178994
400000,43,358290.0,399173,1999.53,41710,358290
600000,43,537419.0,598834,2999.61,62581,537419
800000,43,716407.0,798508,3999.69,83593,716407
1000000,43,895324.0,997612,4996.9,104676,895324
2,44,2.0,2,0.01,0,2
3,44,3.0,3,0.02,0,3
100,44,87.0,100,0.5,13,87
200,44,177.0,116,0.58,23,177
2000,44,1818.0,124,0.65,182,1818
10000,44,9028.0,143,0.8,972,9028
20000,44,18024.0,182,1.1,1976,18024
40000,44,36020.0,255,1.63,3980,36020
60000,44,53985.0,331,2.22,6015,53985
80000,44,72073.0,423,3.02,7927,72073
100000,44,90054.0,491,3.49,9946,90054
200000,44,179898.0,833,6.15,20102,179898
400000,44,359786.0,1538,11.42,40214,359786
600000,44,539728.0,2173,16.22,60272,539728
800000,44,719533.0,2894,21.59,80467,719533
1000000,44,899581.0,3566,26.56,100419,899581
2,45,2.0,2,0.01,0,2
3,45,3.0,3,0.02,0,3
100,45,91.0,100,0.51,9,91
200,45,179.0,200,1.02,21,179
2000,45,1779.0,1993,10.0,221,1779
10000,45,8902.0,9982,50.02,1098,8902
20000,45,17809.0,19931,99.9,2191,17809
40000,45,35741.0,39905,200.06,4259,35741
60000,45,53684.0,59874,300.09,6316,53684
80000,45,71552.0,79838,400.1,8448,71552
100000,45,89426.0,99808,500.16,10574,89426
200000,45,179043.0,199633,1000.08,20957,179043
400000,45,357806.0,399015,1998.62,42194,357806
600000,45,536830.0,598364,2996.82,63170,536830
800000,45,715911.0,726456,3638.95,84089,715911
1000000,45,895998.0,727146,3644.15,104002,895998
2,46,1.0,2,0.01,1,1
3,46,2.0,3,0.02,1,2
100,46,90.0,100,0.5,10,90
200,46,185.0,200,1.0,15,185
2000,46,1785.0,1929,10.38,215,1785
10000,46,8912.0,9863,51.92,1088,8912
20000,46,17880.0,19849,101.91,2120,17880
40000,46,35753.0,39816,201.91,4247,35753
60000,46,53635.0,59773,301.89,6365,53635
80000,46,71567.0,79725,401.79,8433,71567
100000,46,89565.0,99705,501.81,10435,89565
200000,46,179126.0,199537,1001.8,20874,179126
400000,46,358056.0,399226,2002.03,41944,358056
600000,46,537285.0,598906,3002.03,62715,537285
800000,46,716072.0,798601,4002.06,83928,716072
1000000,46,895182.0,998294,5002.29,104818,895182
2,47,2.0,2,0.01,0,2
3,47,3.0,3,0.02,0,3
100,47,90.0,99,0.52,10,90
200,47,180.0,199,1.02,20,180
2000,47,1792.0,1997,10.03,208,1792
10000,47,8944.0,9561,47.91,1056,8944
20000,47,17840.0,19549,97.97,2160,17840
40000,47,35717.0,39505,202.77,4283,35717
60000,47,53632.0,59460,302.75,6368,53632
80000,47,71519.0,79431,402.77,8481,71519
100000,47,89415.0,99399,502.8,10585,89415
200000,47,179079.0,199214,1002.71,20921,179079
400000,47,358852.0,286404,1440.43,41148,358852
600000,47,538637.0,287085,1445.56,61363,538637
800000,47,718759.0,287758,1450.67,81241,718759
1000000,47,898791.0,288456,1455.93,101209,898791
2,48,2.0,2,0.01,0,2
3,48,3.0,3,0.02,0,3
100,48,93.0,65,0.33,7,93
200,48,183.0,165,0.83,17,183
2000,48,1805.0,1334,6.72,195,1805
10000,48,8905.0,9207,46.19,1095,8905
20000,48,17860.0,19191,96.36,2140,17860
40000,48,35765.0,39174,197.68,4235,35765
60000,48,53661.0,59145,297.65,6339,53661
80000,48,71623.0,78922,396.98,8377,71623
100000,48,89582.0,98888,496.97,10418,89582
200000,48,179015.0,198741,997.1,20985,179015
400000,48,358137.0,398391,2004.79,41863,358137
600000,48,537080.0,598077,3005.11,62920,537080
800000,48,715919.0,797749,4005.3,84081,715919
1000000,48,894896.0,997388,5005.03,105104,894896
2,49,1.0,2,0.01,1,1
3,49,2.0,3,0.02,1,2
100,49,85.0,100,0.5,15,85
200,49,177.0,200,1.0,23,177
2000,49,1774.0,1993,10.51,226,1774
10000,49,8955.0,9981,50.52,1045,8955
20000,49,17951.0,19967,100.56,2049,17951
40000,49,35886.0,39227,197.01,4114,35886
60000,49,53792.0,53218,267.09,6208,53792
80000,49,71733.0,73184,367.12,8267,71733
100000,49,89651.0,93147,467.12,10349,89651
200000,49,179235.0,192145,963.08,20765,179235
400000,49,358374.0,390675,1957.3,41626,358374
600000,49,537585.0,572507,2868.1,62415,537585
800000,49,716928.0,772168,3868.01,83072,716928
1000000,49,895610.0,968280,4850.44,104390,895610
2,50,2.0,2,0.01,0,2
3,50,3.0,3,0.02,0,3
100,50,94.0,100,0.5,6,94
200,50,181.0,200,1.0,19,181
2000,50,1773.0,1995,10.06,227,1773
10000,50,8932.0,9984,54.97,1068,8932
20000,50,17856.0,19967,105.28,2144,17856
40000,50,35792.0,32304,167.14,4208,35792
60000,50,53823.0,32371,167.67,6177,53823
80000,50,71860.0,32440,168.17,8140,71860
100000,50,89908.0,32519,168.76,10092,89908
200000,50,179939.0,32886,171.49,20061,179939
400000,50,359959.0,33552,176.43,40041,359959
600000,50,539945.0,34211,181.32,60055,539945
800000,50,719878.0,34916,186.62,80122,719878
1000000,50,899954.0,35604,191.78,100046,899954
2,51,2.0,2,0.01,0,2
3,51,3.0,3,0.02,0,3
100,51,84.0,100,0.55,16,84
200,51,176.0,200,1.04,24,176
2000,51,1787.0,834,4.22,213,1787
10000,51,8954.0,854,4.37,1046,8954
20000,51,17930.0,882,4.59,2070,17930
40000,51,35896.0,1022,5.82,4104,35896
60000,51,53914.0,1285,8.29,6086,53914
80000,51,71929.0,1382,9.06,8071,71929
100000,51,89871.0,1440,9.5,10129,89871
200000,51,179980.0,1757,11.92,20020,179980
400000,51,359936.0,2436,16.99,40064,359936
600000,51,540071.0,3133,22.26,59929,540071
800000,51,720145.0,3811,27.34,79855,720145
1000000,51,900221.0,4457,32.14,99779,900221
2,52,2.0,2,0.01,0,2
3,52,3.0,3,0.02,0,3
100,52,90.0,100,0.5,10,90
200,52,185.0,200,1.0,15,185
2000,52,1793.0,1982,9.96,207,1793
10000,52,8999.0,9860,49.43,1001,8999
20000,52,17987.0,19830,99.36,2013,17987
40000,52,35902.0,39800,199.42,4098,35902
60000,52,53826.0,59769,299.48,6174,53826
80000,52,71775.0,78207,391.79,8225,71775
100000,52,89753.0,96457,483.23,10247,89753
200000,52,179778.0,96888,486.8,20222,179778
400000,52,359780.0,97576,491.99,40220,359780
600000,52,539830.0,98220,496.84,60170,539830
800000,52,719639.0,99133,504.19,80361,719639
1000000,52,899752.0,99791,509.16,100248,899752
2,53,2.0,2,0.01,0,2
3,53,3.0,3,0.02,0,3
100,53,95.0,100,0.5,5,95
200,53,186.0,200,1.0,14,186
2000,53,1795.0,1997,10.07,205,1795
10000,53,8965.0,9985,50.11,1035,8965
20000,53,17860.0,19969,100.4,2140,17860
40000,53,35710.0,39930,200.89,4290,35710
60000,53,53682.0,59824,300.59,6318,53682
80000,53,71634.0,79761,400.42,8366,71634
100000,53,89455.0,99725,500.43,10545,89455
200000,53,178846.0,193067,967.95,21154,178846
400000,53,357910.0,392748,1968.31,42090,357910
600000,53,537101.0,592430,2968.51,62899,537101
800000,53,716039.0,792071,3968.43,83961,716039
1000000,53,895032.0,991694,4974.06,104968,895032
2,54,2.0,2,0.01,0,2
3,54,3.0,3,0.02,0,3
100,54,93.0,100,0.5,7,93
200,54,184.0,200,1.0,16,184
2000,54,1785.0,1994,10.0,215,1785
10000,54,8966.0,9986,50.07,1034,8966
20000,54,17957.0,19977,100.12,2043,17957
40000,54,35928.0,39915,200.04,4072,35928
60000,54,53837.0,58980,295.53,6163,53837
80000,54,71758.0,78894,395.28,8242,71758
100000,54,89645.0,98760,494.78,10355,89645
200000,54,179119.0,198467,994.04,20881,179119
400000,54,358244.0,398125,1994.21,41756,358244
600000,54,537163.0,597765,2994.08,62837,537163
800000,54,716023.0,797428,3994.05,83977,716023
1000000,54,895122.0,997126,4994.23,104878,895122
2,55,2.0,2,0.01,0,2
3,55,2.0,3,0.02,1,2
100,55,90.0,100,0.5,10,90
200,55,176.0,200,1.0,24,176
2000,55,1790.0,392,1.98,210,1790
10000,55,8989.0,471,2.72,1011,8989
20000,55,17957.0,1125,9.21,2043,17957
40000,55,35943.0,1267,10.49,4057,35943
60000,55,53977.0,1433,11.98,6023,53977
80000,55,72025.0,1511,12.58,7975,72025
100000,55,89968.0,1583,13.16,10032,89968
200000,55,180026.0,1986,16.07,19974,180026
400000,55,359959.0,2648,21.17,40041,359959
600000,55,540207.0,3286,25.78,59793,540207
800000,55,720419.0,3961,30.87,79581,720419
1000000,55,900211.0,4631,35.94,99789,900211
2,56,2.0,2,0.01,0,2
3,56,3.0,3,0.02,0,3
100,56,85.0,100,0.52,15,85
200,56,178.0,200,1.02,22,178
2000,56,1788.0,1977,9.91,212,1788
10000,56,8940.0,9933,49.75,1060,8940
20000,56,17843.0,19918,100.54,2157,17843
40000,56,35764.0,39880,200.51,4236,35764
60000,56,53649.0,59852,300.57,6351,53649
80000,56,71563.0,79795,400.48,8437,71563
100000,56,89521.0,84019,421.73,10479,89521
200000,56,179492.0,84368,424.33,20508,179492
400000,56,359420.0,85021,429.19,40580,359420
600000,56,539473.0,85714,434.49,60527,539473
800000,56,719519.0,86344,439.29,80481,719519
1000000,56,899256.0,87023,444.43,100744,899256
2,57,2.0,2,0.01,0,2
3,57,3.0,3,0.02,0,3
100,57,91.0,100,0.5,9,91
200,57,180.0,200,1.01,20,180
2000,57,1793.0,1985,9.94,207,1793
10000,57,8922.0,9968,49.87,1078,8922
20000,57,17897.0,14991,75.11,2103,17897
40000,57,35852.0,15061,75.62,4148,35852
60000,57,53875.0,15137,76.19,6125,53875
80000,57,71904.0,15192,76.63,8096,71904
100000,57,89874.0,15258,77.13,10126,89874
200000,57,179861.0,15587,79.62,20139,179861
400000,57,360023.0,16244,84.6,39977,360023
600000,57,540257.0,16950,89.82,59743,540257
800000,57,720437.0,17594,94.66,79563,720437
1000000,57,900333.0,18246,99.48,99667,900333
2,58,2.0,2,0.01,0,2
3,58,2.0,3,0.02,1,2
100,58,82.0,100,0.5,18,82
200,58,172.0,200,1.0,28,172
2000,58,1781.0,1994,9.99,219,1781
10000,58,8928.0,9980,50.07,1072,8928
20000,58,17805.0,19962,100.02,2195,17805
40000,58,35687.0,39928,200.04,4313,35687
60000,58,53686.0,59894,300.05,6314,53686
80000,58,71594.0,79862,400.06,8406,71594
100000,58,89533.0,99838,500.13,10467,89533
200000,58,178970.0,199666,1000.01,21030,178970
400000,58,357732.0,399317,1999.85,42268,357732
600000,58,536792.0,598972,2999.76,63208,536792
800000,58,716111.0,755111,3782.21,83889,716111
1000000,58,896202.0,755779,3787.25,103798,896202
2,59,2.0,2,0.01,0,2
3,59,3.0,3,0.02,0,3
100,59,95.0,100,0.5,5,95
200,59,187.0,200,1.0,13,187
2000,59,1790.0,2000,10.01,210,1790
10000,59,8952.0,9944,49.8,1048,8952
20000,59,17902.0,19834,99.31,2098,17902
40000,59,35838.0,39807,199.37,4162,35838
60000,59,53677.0,59775,299.36,6323,53677
80000,59,71556.0,79750,399.43,8444,71556
100000,59,89534.0,99713,499.45,10466,89534
200000,59,179179.0,199562,999.94,20821,179179
400000,59,358223.0,399224,2001.53,41777,358223
600000,59,537333.0,575306,2883.52,62667,537333
800000,59,717247.0,575988,2888.57,82753,717247
1000000,59,897270.0,576727,2894.08,102730,897270
2,60,2.0,2,0.01,0,2
3,60,3.0,3,0.02,0,3
100,60,89.0,100,0.5,11,89
200,60,176.0,200,1.0,24,176
2000,60,1775.0,1996,10.02,225,1775
10000,60,8927.0,9982,50.01,1073,8927
20000,60,17930.0,13519,67.81,2070,17930
40000,60,35918.0,13584,68.25,4082,35918
60000,60,53872.0,13651,68.75,6128,53872
80000,60,71776.0,13711,69.22,8224,71776
100000,60,89809.0,13764,69.61,10191,89809
200000,60,179644.0,14103,72.08,20356,179644
400000,60,359691.0,14757,77.0,40309,359691
600000,60,539581.0,15412,81.89,60419,539581
800000,60,719657.0,16061,86.8,80343,719657
1000000,60,899496.0,16687,91.56,100504,899496
2,61,2.0,2,0.01,0,2
3,61,3.0,3,0.02,0,3
100,61,94.0,100,0.5,6,94
200,61,185.0,200,1.0,15,185
2000,61,1783.0,1998,10.65,217,1783
10000,61,8947.0,9982,50.67,1053,8947
20000,61,17922.0,19970,100.68,2078,17922
40000,61,35848.0,39933,200.64,4152,35848
60000,61,53778.0,59894,300.59,6222,53778
80000,61,71674.0,79842,400.47,8326,71674
100000,61,89574.0,97245,487.67,10426,89574
200000,61,179546.0,97597,490.37,20454,179546
400000,61,359348.0,98293,495.59,40652,359348
600000,61,539171.0,98934,500.49,60829,539171
800000,61,719298.0,99594,505.46,80702,719298
1000000,61,899234.0,100234,510.3,100766,899234
2,62,2.0,2,0.01,0,2
3,62,3.0,3,0.02,0,3
100,62,88.0,100,0.5,12,88
200,62,178.0,200,1.0,22,178
2000,62,1796.0,1971,11.73,204,1796
10000,62,8993.0,9692,50.42,1007,8993
20000,62,17991.0,19681,100.41,2009,17991
40000,62,35836.0,39626,200.33,4164,35836
60000,62,53722.0,59589,300.3,6278,53722
80000,62,71671.0,71718,361.08,8329,71671
100000,62,89543.0,84343,424.38,10457,89543
200000,62,178891.0,175565,881.41,21109,178891
400000,62,358596.0,176240,886.48,41404,358596
600000,62,538816.0,176908,891.42,61184,538816
800000,62,718928.0,177607,896.62,81072,718928
1000000,62,899028.0,178256,901.65,100972,899028
2,63,1.0,2,0.01,1,1
3,63,2.0,3,0.02,1,2
100,63,88.0,100,0.5,12,88
200,63,181.0,200,1.0,19,181
2000,63,1793.0,1994,10.05,207,1793
10000,63,8970.0,9978,50.05,1030,8970
20000,63,17869.0,19824,99.37,2131,17869
40000,63,35832.0,39794,199.35,4168,35832
60000,63,53685.0,59757,299.34,6315,53685
80000,63,71643.0,79717,399.28,8357,71643
100000,63,89590.0,95497,478.38,10410,89590
200000,63,179488.0,95795,480.66,20512,179488
400000,63,359415.0,96498,485.84,40585,359415
600000,63,539240.0,97161,490.8,60760,539240
800000,63,719066.0,97838,496.08,80934,719066
1000000,63,898905.0,98508,501.07,101095,898905
2,64,2.0,2,0.01,0,2
3,64,2.0,3,0.02,1,2
100,64,92.0,100,0.5,8,92
200,64,182.0,200,1.04,18,182
2000,64,1787.0,1998,10.03,213,1787
10000,64,8911.0,9976,49.97,1089,8911
20000,64,17793.0,19958,99.98,2207,17793
40000,64,35747.0,39925,199.95,4253,35747
60000,64,53560.0,59881,299.9,6440,53560
80000,64,71499.0,79842,399.86,8501,71499
100000,64,89364.0,99810,501.39,10636,89364
200000,64,178917.0,199527,1001.32,21083,178917
400000,64,358490.0,279063,1400.62,41510,358490
600000,64,538455.0,279699,1405.43,61545,538455
800000,64,718503.0,280375,1410.59,81497,718503
1000000,64,898509.0,281059,1415.84,101491,898509
2,65,2.0,2,0.01,0,2
3,65,3.0,3,0.02,0,3
100,65,91.0,100,0.5,9,91
200,65,184.0,200,1.0,16,184
2000,65,1795.0,1995,16.71,205,1795
10000,65,8943.0,9980,96.48,1057,8943
20000,65,17878.0,19937,195.68,2122,17878
40000,65,35764.0,39895,395.07,4236,35764
60000,65,53565.0,59871,594.65,6435,53565
80000,65,71399.0,79827,794.07,8601,71399
100000,65,89206.0,99791,993.51,10794,89206
200000,65,178069.0,199606,1990.85,21931,178069
400000,65,355835.0,399272,3985.87,44165,355835
600000,65,533780.0,598928,5980.68,66220,533780
800000,65,711801.0,798578,7970.03,88199,711801
1000000,65,890563.0,982539,9098.99,109437,890563
2,66,2.0,2,0.01,0,2
3,66,3.0,3,0.02,0,3
100,66,90.0,100,0.7,10,90
200,66,177.0,200,1.28,23,177
2000,66,1777.0,1994,10.28,223,1777
10000,66,8901.0,9666,48.68,1099,8901
20000,66,17900.0,19645,98.66,2100,17900
40000,66,35740.0,39601,198.59,4260,35740
60000,66,53648.0,59532,298.45,6352,53648
80000,66,71543.0,74209,372.02,8457,71543
100000,66,89415.0,94112,471.71,10585,89415
200000,66,178755.0,189912,951.57,21245,178755
400000,66,357617.0,389593,1951.89,42383,357617
600000,66,536862.0,589275,2951.95,63138,536862
800000,66,715680.0,788935,3951.88,84320,715680
1000000,66,894937.0,988572,4951.67,105063,894937
2,67,2.0,2,0.01,0,2
3,67,3.0,3,0.02,0,3
100,67,91.0,100,0.53,9,91
200,67,179.0,200,1.03,21,179
2000,67,1819.0,1952,9.81,181,1819
10000,67,9021.0,9937,49.94,979,9021
20000,67,18017.0,19917,99.96,1983,18017
40000,67,35919.0,39879,199.91,4081,35919
60000,67,53800.0,59826,299.78,6200,53800
80000,67,71761.0,79638,399.01,8239,71761
100000,67,89625.0,99613,499.02,10375,89625
200000,67,179105.0,198952,996.59,20895,179105
400000,67,358304.0,392750,1967.27,41696,358304
600000,67,538317.0,393346,1971.74,61683,538317
800000,67,718231.0,393998,1976.59,81769,718231
1000000,67,898409.0,394623,1981.33,101591,898409
2,68,2.0,2,0.01,0,2
3,68,3.0,3,0.02,0,3
100,68,86.0,100,0.5,14,86
200,68,176.0,200,1.01,24,176
2000,68,1795.0,1994,10.0,205,1795
10000,68,8995.0,7404,37.12,1005,8995
20000,68,17998.0,7455,37.5,2002,17998
40000,68,35953.0,7504,37.87,4047,35953
60000,68,53922.0,7578,38.45,6078,53922
80000,68,71928.0,7637,38.89,8072,71928
100000,68,89967.0,7709,39.44,10033,89967
200000,68,179957.0,8124,42.67,20043,179957
400000,68,360140.0,8940,49.05,39860,360140
600000,68,539983.0,9666,54.53,60017,539983
800000,68,720013.0,10369,59.9,79987,720013
1000000,68,900222.0,11079,65.25,99778,900222
2,69,1.0,2,0.01,1,1
3,69,2.0,3,0.02,1,2
100,69,89.0,100,0.5,11,89
200,69,181.0,176,0.88,19,181
2000,69,1785.0,1974,9.97,215,1785
10000,69,8974.0,9946,49.87,1026,8974
20000,69,17868.0,19926,99.86,2132,17868
40000,69,35740.0,39900,199.83,4260,35740
60000,69,53698.0,59825,300.37,6302,53698
80000,69,71529.0,79789,400.38,8471,71529
100000,69,89462.0,99725,500.21,10538,89462
200000,69,179053.0,198100,992.86,20947,179053
400000,69,357954.0,397769,1992.88,42046,357954
600000,69,537041.0,597429,2992.75,62959,537041
800000,69,715945.0,797103,3992.72,84055,715945
1000000,69,894696.0,996788,4992.75,105304,894696
2,70,2.0,2,0.01,0,2
3,70,3.0,3,0.02,0,3
100,70,91.0,100,0.5,9,91
200,70,177.0,200,1.0,23,177
2000,70,1768.0,1962,9.83,232,1768
10000,70,8889.0,9947,49.84,1111,8889
20000,70,17814.0,19929,99.79,2186,17814
40000,70,35699.0,39894,199.77,4301,35699
60000,70,53641.0,59863,299.79,6359,53641
80000,70,71565.0,79836,399.82,8435,71565
100000,70,89346.0,99805,499.83,10654,89346
200000,70,178970.0,186171,932.48,21030,178970
400000,70,358923.0,186865,937.86,41077,358923
600000,70,538928.0,187543,942.83,61072,538928
800000,70,718714.0,188203,947.74,81286,718714
1000000,70,898795.0,188893,952.9,101205,898795
2,71,2.0,2,0.01,0,2
3,71,3.0,3,0.02,0,3
100,71,83.0,100,0.63,17,83
200,71,169.0,200,1.13,31,169
2000,71,1779.0,547,2.88,221,1779
10000,71,9057.0,582,3.13,943,9057
20000,71,18039.0,605,3.3,1961,18039
40000,71,36050.0,670,3.8,3950,36050
60000,71,54063.0,720,4.16,5937,54063
80000,71,72038.0,777,4.59,7962,72038
100000,71,90103.0,838,5.05,9897,90103
200000,71,180011.0,1162,7.39,19989,180011
400000,71,359945.0,3088,18.76,40055,359945
600000,71,539985.0,3747,23.68,60015,539985
800000,71,720112.0,4971,34.17,79888,720112
1000000,71,899948.0,5603,38.91,100052,899948
2,72,2.0,2,0.01,0,2
3,72,3.0,3,0.02,0,3
100,72,93.0,97,0.49,7,93
200,72,182.0,197,0.99,18,182
2000,72,1783.0,1994,9.99,217,1783
10000,72,8970.0,9982,65.5,1030,8970
20000,72,17892.0,19641,124.55,2108,17892
40000,72,35816.0,35478,211.11,4184,35816
60000,72,53830.0,35552,211.67,6170,53830
80000,72,71789.0,35615,212.15,8211,71789
100000,72,89857.0,35683,212.64,10143,89857
200000,72,179994.0,36020,215.13,20006,179994
400000,72,360054.0,36662,219.92,39946,360054
600000,72,539968.0,37304,224.63,60032,539968
800000,72,720065.0,37929,229.26,79935,720065
1000000,72,899982.0,38581,234.24,100018,899982
2,73,2.0,2,0.01,0,2
3,73,3.0,3,0.02,0,3
100,73,92.0,17,0.09,8,92
200,73,183.0,19,0.1,17,183
2000,73,1810.0,68,0.55,190,1810
10000,73,9035.0,141,1.14,965,9035
20000,73,18046.0,221,1.66,1954,18046
40000,73,36102.0,296,2.15,3898,36102
60000,73,54076.0,490,3.29,5924,54076
80000,73,72067.0,561,3.84,7933,72067
100000,73,90101.0,618,4.29,9899,90101
200000,73,179990.0,954,6.87,20010,179990
400000,73,359934.0,12768,71.35,40066,359934
600000,73,539729.0,13484,76.6,60271,539729
800000,73,719830.0,14204,82.08,80170,719830
1000000,73,899958.0,14899,87.45,100042,899958
2,74,2.0,2,0.01,0,2
3,74,3.0,3,0.02,0,3
100,74,94.0,100,0.5,6,94
200,74,183.0,200,1.0,17,183
2000,74,1788.0,1998,10.03,212,1788
10000,74,8951.0,9988,50.06,1049,8951
20000,74,17925.0,19953,99.96,2075,17925
40000,74,35819.0,39913,199.94,4181,35819
60000,74,53754.0,59884,299.94,6246,53754
80000,74,71617.0,79859,399.98,8383,71617
100000,74,89524.0,99828,499.97,10476,89524
200000,74,179046.0,168747,845.45,20954,179046
400000,74,358768.0,169417,850.43,41232,358768
600000,74,538832.0,170065,855.3,61168,538832
800000,74,718776.0,170773,860.66,81224,718776
1000000,74,898848.0,171409,865.46,101152,898848
2,75,2.0,2,0.01,0,2
3,75,3.0,3,0.02,0,3
100,75,79.0,100,0.5,21,79
200,75,167.0,110,0.55,33,167
2000,75,1809.0,131,0.75,191,1809
10000,75,8984.0,176,1.14,1016,8984
20000,75,17999.0,215,1.41,2001,17999
40000,75,35936.0,268,1.82,4064,35936
60000,75,53940.0,333,2.34,6060,53940
80000,75,71913.0,402,2.86,8087,71913
100000,75,89894.0,471,3.39,10106,89894
200000,75,179779.0,818,6.06,20221,179779
400000,75,359705.0,1472,10.91,40295,359705
600000,75,539697.0,2158,16.02,60303,539697
800000,75,719612.0,2812,20.9,80388,719612
1000000,75,899618.0,3549,26.15,100382,899618
2,76,2.0,2,0.01,0,2
3,76,3.0,3,0.02,0,3
100,76,90.0,100,0.5,10,90
200,76,179.0,200,1.0,21,179
2000,76,1786.0,1987,9.98,214,1786
10000,76,8952.0,9970,49.97,1048,8952
20000,76,17944.0,16039,80.53,2056,17944
40000,76,35914.0,16103,81.01,4086,35914
60000,76,53916.0,16172,81.49,6084,53916
80000,76,71918.0,16228,81.93,8082,71918
100000,76,89926.0,16295,82.44,10074,89926
200000,76,179904.0,16652,85.18,20096,179904
400000,76,359918.0,17285,89.81,40082,359918
600000,76,539734.0,17945,94.77,60266,539734
800000,76,719538.0,18653,100.32,80462,719538
1000000,76,899333.0,19322,105.23,100667,899333
2,77,2.0,2,0.01,0,2
3,77,3.0,3,0.02,0,3
100,77,89.0,100,0.5,11,89
200,77,175.0,200,1.0,25,175
2000,77,1798.0,1998,10.02,202,1798
10000,77,8999.0,9986,50.03,1001,8999
20000,77,17928.0,19927,99.81,2072,17928
40000,77,35818.0,39876,200.03,4182,35818
60000,77,53727.0,59843,300.01,6273,53727
80000,77,71640.0,78689,394.46,8360,71640
100000,77,89602.0,78738,394.83,10398,89602
200000,77,179593.0,79058,397.23,20407,179593
400000,77,359526.0,79736,402.29,40474,359526
600000,77,539552.0,80425,407.42,60448,539552
800000,77,719498.0,81123,412.57,80502,719498
1000000,77,899496.0,81797,417.76,100504,899496
2,78,2.0,2,0.01,0,2
3,78,3.0,3,0.02,0,3
100,78,93.0,100,0.5,7,93
200,78,187.0,200,1.0,13,187
2000,78,1784.0,1997,10.11,216,1784
10000,78,8933.0,9974,50.06,1067,8933
20000,78,17849.0,19828,99.48,2151,17849
40000,78,35686.0,39768,199.37,4314,35686
60000,78,53530.0,59733,299.35,6470,53530
80000,78,71416.0,79691,399.31,8584,71416
100000,78,89370.0,99652,499.25,10630,89370
200000,78,178801.0,199487,999.26,21199,178801
400000,78,357947.0,399176,1999.33,42053,357947
600000,78,537044.0,555163,2781.75,62956,537044
800000,78,717227.0,555784,2786.55,82773,717227
1000000,78,897419.0,556452,2791.52,102581,897419
2,79,2.0,2,0.01,0,2
3,79,3.0,3,0.02,0,3
100,79,89.0,100,0.5,11,89
200,79,182.0,200,1.0,18,182
2000,79,1796.0,1994,10.16,204,1796
10000,79,8963.0,9953,50.06,1037,8963
20000,79,17907.0,18097,90.85,2093,17907
40000,79,35959.0,18173,91.42,4041,35959
60000,79,53962.0,18233,91.87,6038,53962
80000,79,71905.0,18300,92.38,8095,71905
100000,79,89858.0,18366,92.87,10142,89858
200000,79,179708.0,18733,95.69,20292,179708
400000,79,359625.0,19363,100.41,40375,359625
600000,79,539461.0,20061,105.65,60539,539461
800000,79,719525.0,20699,110.47,80475,719525
1000000,79,899409.0,21383,115.5,100591,899409
2,80,2.0,2,0.01,0,2
3,80,3.0,3,0.02,0,3
100,80,93.0,100,0.5,7,93
200,80,184.0,144,0.72,16,184
2000,80,1789.0,793,5.44,211,1789
10000,80,9031.0,817,5.63,969,9031
20000,80,18047.0,851,5.88,1953,18047
40000,80,36029.0,907,6.33,3971,36029
60000,80,54010.0,971,6.79,5990,54010
80000,80,72005.0,1019,7.14,7995,72005
100000,80,89944.0,1075,7.56,10056,89944
200000,80,179876.0,1418,10.11,20124,179876
400000,80,359530.0,2063,14.93,40470,359530
600000,80,539559.0,2733,19.96,60441,539559
800000,80,719498.0,3413,25.09,80502,719498
1000000,80,899416.0,4081,30.08,100584,899416
2,81,2.0,2,0.01,0,2
3,81,3.0,3,0.02,0,3
100,81,90.0,100,0.5,10,90
200,81,179.0,200,1.0,21,179
2000,81,1799.0,1995,10.07,201,1799
10000,81,8957.0,9438,47.38,1043,8957
20000,81,17924.0,19425,97.42,2076,17924
40000,81,35807.0,39349,197.19,4193,35807
60000,81,53677.0,59287,297.05,6323,53677
80000,81,71527.0,79263,397.08,8473,71527
100000,81,89434.0,99218,497.01,10566,89434
200000,81,179029.0,199061,997.54,20971,179029
400000,81,357921.0,398739,1998.07,42079,357921
600000,81,536935.0,597993,2997.31,63065,536935
800000,81,716023.0,797635,3997.1,83977,716023
1000000,81,894952.0,995746,4989.43,105048,894952
2,82,2.0,2,0.01,0,2
3,82,2.0,3,0.02,1,2
100,82,88.0,100,0.5,12,88
200,82,172.0,200,1.0,28,172
2000,82,1777.0,1997,10.64,223,1777
10000,82,8871.0,9933,50.38,1129,8871
20000,82,17881.0,19916,100.35,2119,17881
40000,82,35787.0,39889,200.39,4213,35787
60000,82,53705.0,59852,300.38,6295,53705
80000,82,71577.0,79820,400.35,8423,71577
100000,82,89525.0,99780,500.3,10475,89525
200000,82,179092.0,199598,1000.23,20908,179092
400000,82,358034.0,398993,1998.88,41966,358034
600000,82,536788.0,598681,2999.0,63212,536788
800000,82,715761.0,798304,3998.66,84239,715761
1000000,82,894708.0,996152,4989.59,105292,894708
2,83,2.0,2,0.01,0,2
3,83,2.0,3,0.02,1,2
100,83,84.0,100,0.5,16,84
200,83,175.0,133,0.67,25,175
2000,83,1761.0,179,1.1,239,1761
10000,83,8940.0,205,1.26,1060,8940
20000,83,17949.0,231,1.45,2051,17949
40000,83,35891.0,306,2.07,4109,35891
60000,83,53815.0,367,2.52,6185,53815
80000,83,71731.0,448,3.14,8269,71731
100000,83,89723.0,505,3.56,10277,89723
200000,83,179761.0,852,6.12,20239,179761
400000,83,359539.0,1477,10.71,40461,359539
600000,83,539551.0,2147,15.57,60449,539551
800000,83,719591.0,2781,20.26,80409,719591
1000000,83,899800.0,3449,25.34,100200,899800
2,84,2.0,2,0.01,0,2
3,84,3.0,3,0.02,0,3
100,84,91.0,100,0.5,9,91
200,84,183.0,200,1.0,17,183
2000,84,1789.0,1993,9.99,211,1789
10000,84,8927.0,9981,50.06,1073,8927
20000,84,17861.0,19961,102.7,2139,17861
40000,84,35805.0,39923,202.7,4195,35805
60000,84,53702.0,59881,302.59,6298,53702
80000,84,71637.0,79846,402.6,8363,71637
100000,84,89531.0,99815,502.6,10469,89531
200000,84,179132.0,199638,1003.0,20868,179132
400000,84,358112.0,399251,2002.69,41888,358112
600000,84,537248.0,572957,2872.82,62752,537248
800000,84,717236.0,573646,2877.95,82764,717236
1000000,84,897166.0,574326,2882.92,102834,897166
2,85,2.0,2,0.01,0,2
3,85,3.0,3,0.02,0,3
100,85,92.0,100,0.5,8,92
200,85,183.0,200,1.0,17,183
2000,85,1806.0,1637,8.36,194,1806
10000,85,8992.0,5985,30.19,1008,8992
20000,85,18010.0,6015,30.4,1990,18010
40000,85,36038.0,6069,30.81,3962,36038
60000,85,53987.0,6118,31.19,6013,53987
80000,85,72002.0,6177,31.66,7998,72002
100000,85,90039.0,6240,32.11,9961,90039
200000,85,180028.0,6607,34.89,19972,180028
400000,85,359985.0,7278,39.93,40015,359985
600000,85,540174.0,7901,44.64,59826,540174
800000,85,720121.0,8542,49.43,79879,720121
1000000,85,900308.0,9183,54.19,99692,900308
2,86,1.0,2,0.01,1,1
3,86,1.0,3,0.02,2,1
100,86,84.0,100,0.5,16,84
200,86,176.0,197,0.99,24,176
2000,86,1804.0,1995,16.51,196,1804
10000,86,8962.0,9977,89.79,1038,8962
20000,86,17880.0,19959,188.19,2120,17880
40000,86,35612.0,39921,369.86,4388,35612
60000,86,53443.0,59886,569.16,6557,53443
80000,86,71267.0,79841,762.19,8733,71267
100000,86,88994.0,99805,961.6,11006,88994
200000,86,178312.0,199615,1627.47,21688,178312
400000,86,357205.0,399175,2626.92,42795,357205
600000,86,536195.0,598826,3626.86,63805,536195
800000,86,715348.0,798492,4627.0,84652,715348
1000000,86,894482.0,995124,5611.79,105518,894482
2,87,2.0,2,0.01,0,2
3,87,3.0,3,0.02,0,3
100,87,87.0,100,0.5,13,87
200,87,179.0,199,1.0,21,179
2000,87,1796.0,1995,10.31,204,1796
10000,87,8937.0,9982,50.31,1063,8937
20000,87,17881.0,19964,100.3,2119,17881
40000,87,35750.0,39922,200.34,4250,35750
60000,87,53688.0,59888,300.31,6312,53688
80000,87,71687.0,62748,314.78,8313,71687
100000,87,89709.0,62818,315.29,10291,89709
200000,87,179675.0,63158,317.78,20325,179675
400000,87,359413.0,63810,322.55,40587,359413
600000,87,539419.0,64525,327.9,60581,539419
800000,87,719215.0,65197,332.89,80785,719215
1000000,87,899279.0,65855,337.7,100721,899279
2,88,2.0,2,0.01,0,2
3,88,3.0,3,0.02,0,3
100,88,89.0,100,0.5,11,89
200,88,178.0,200,1.0,22,178
2000,88,1795.0,1983,9.93,205,1795
10000,88,8946.0,9960,49.89,1054,8946
20000,88,17853.0,19903,99.67,2147,17853
40000,88,35722.0,39870,199.65,4278,35722
60000,88,53620.0,59839,299.64,6380,53620
80000,88,71545.0,79808,399.64,8455,71545
100000,88,89488.0,99786,499.75,10512,89488
200000,88,179001.0,199625,999.86,20999,179001
400000,88,358083.0,399275,1999.75,41917,358083
600000,88,537362.0,540615,2708.23,62638,537362
800000,88,717412.0,541291,2713.31,82588,717412
1000000,88,897484.0,541952,2718.14,102516,897484
2,89,2.0,2,0.01,0,2
3,89,3.0,3,0.02,0,3
100,89,92.0,100,0.5,8,92
200,89,181.0,200,1.0,19,181
2000,89,1779.0,1993,10.24,221,1779
10000,89,8938.0,9980,50.23,1062,8938
20000,89,17902.0,19969,100.73,2098,17902
40000,89,35871.0,39932,200.7,4129,35871
60000,89,53855.0,59885,300.59,6145,53855
80000,89,71790.0,79812,400.39,8210,71790
100000,89,89753.0,99761,500.25,10247,89753
200000,89,179221.0,199585,1000.35,20779,179221
400000,89,358794.0,267668,1343.22,41206,358794
600000,89,538861.0,268315,1348.12,61139,538861
800000,89,718707.0,269165,1354.86,81293,718707
1000000,89,898584.0,269878,1360.33,101416,898584
2,90,2.0,2,0.01,0,2
3,90,3.0,3,0.02,0,3
100,90,95.0,100,0.5,5,95
200,90,186.0,200,1.01,14,186
2000,90,1800.0,1986,9.95,200,1800
10000,90,8956.0,9972,49.97,1044,8956
20000,90,17906.0,19952,99.94,2094,17906
40000,90,35764.0,39909,199.97,4236,35764
60000,90,53612.0,59873,299.97,6388,53612
80000,90,71426.0,79837,399.96,8574,71426
100000,90,89223.0,99801,500.0,10777,89223
200000,90,178636.0,199621,999.76,21364,178636
400000,90,357472.0,398415,1995.53,42528,357472
600000,90,536871.0,504652,2528.42,63129,536871
800000,90,717241.0,505359,2533.55,82759,717241
1000000,90,897117.0,506034,2538.61,102883,897117
2,91,2.0,2,0.01,0,2
3,91,3.0,3,0.02,0,3
100,91,82.0,99,0.5,18,82
200,91,173.0,199,1.32,27,173
2000,91,1771.0,1995,19.27,229,1771
10000,91,8883.0,9981,99.07,1117,8883
20000,91,17799.0,19967,198.82,2201,17799
40000,91,35589.0,39915,398.14,4411,35589
60000,91,53349.0,59717,595.98,6651,53349
80000,91,71105.0,79685,795.47,8895,71105
100000,91,88857.0,99649,995.0,11143,88857
200000,91,177883.0,199491,1992.61,22117,177883
400000,91,355747.0,399120,3987.23,44253,355747
600000,91,533590.0,598684,5981.24,66410,533590
800000,91,712040.0,767347,7666.29,87960,712040
1000000,91,892185.0,768020,7671.34,107815,892185
2,92,2.0,2,0.01,0,2
3,92,3.0,3,0.02,0,3
100,92,86.0,100,0.5,14,86
200,92,175.0,200,1.0,25,175
2000,92,1777.0,1573,7.92,223,1777
10000,92,8977.0,1625,8.26,1023,8977
20000,92,17905.0,1677,8.69,2095,17905
40000,92,35854.0,1748,9.24,4146,35854
60000,92,53839.0,1814,9.71,6161,53839
80000,92,71788.0,1880,10.19,8212,71788
100000,92,89771.0,1963,10.83,10229,89771
200000,92,179674.0,2329,13.63,20326,179674
400000,92,359521.0,2981,18.45,40479,359521
600000,92,539409.0,4051,27.5,60591,539409
800000,92,719524.0,4733,32.51,80476,719524
1000000,92,899584.0,5395,37.58,100416,899584
2,93,2.0,2,0.01,0,2
3,93,3.0,3,0.02,0,3
100,93,88.0,96,0.48,12,88
200,93,178.0,196,0.98,22,178
2000,93,1804.0,1993,10.01,196,1804
10000,93,8994.0,7561,37.95,1006,8994
20000,93,18002.0,7590,38.18,1998,18002
40000,93,35973.0,7645,38.59,4027,35973
60000,93,53967.0,7711,39.07,6033,53967
80000,93,71870.0,7781,39.59,8130,71870
100000,93,89922.0,7840,40.01,10078,89922
200000,93,180214.0,8165,42.41,19786,180214
400000,93,360289.0,8974,48.89,39711,360289
600000,93,540320.0,9660,54.12,59680,540320
800000,93,720143.0,10362,59.23,79857,720143
1000000,93,900142.0,11044,64.36,99858,900142
2,94,1.0,2,0.01,1,1
3,94,1.0,3,0.02,2,1
100,94,86.0,95,0.51,14,86
200,94,174.0,95,0.51,26,174
2000,94,1792.0,101,0.57,208,1792
10000,94,9015.0,133,0.81,985,9015
20000,94,18044.0,171,1.07,1956,18044
40000,94,36093.0,245,1.63,3907,36093
60000,94,54160.0,316,2.14,5840,54160
80000,94,72132.0,387,2.69,7868,72132
100000,94,90167.0,464,3.24,9833,90167
200000,94,180138.0,890,6.63,19862,180138
400000,94,360170.0,1555,11.61,39830,360170
600000,94,540115.0,2201,16.47,59885,540115
800000,94,720258.0,2812,21.01,79742,720258
1000000,94,900137.0,3449,25.83,99863,900137
2,95,2.0,2,0.01,0,2
3,95,3.0,3,0.02,0,3
100,95,91.0,100,0.5,9,91
200,95,177.0,200,1.01,23,177
2000,95,1776.0,1998,18.98,224,1776
10000,95,8939.0,9980,98.58,1061,8939
20000,95,17817.0,19959,198.3,2183,17817
40000,95,35555.0,39922,397.73,4445,35555
60000,95,53381.0,59892,597.17,6619,53381
80000,95,71156.0,79841,796.23,8844,71156
100000,95,88936.0,99808,995.73,11064,88936
200000,95,178484.0,138059,1377.39,21516,178484
400000,95,358412.0,138742,1382.51,41588,358412
600000,95,538582.0,139418,1387.57,61418,538582
800000,95,718469.0,140081,1392.42,81531,718469
1000000,95,898256.0,140763,1397.67,101744,898256
2,96,1.0,2,0.01,1,1
3,96,2.0,3,0.02,1,2
100,96,87.0,100,0.5,13,87
200,96,177.0,194,0.97,23,177
2000,96,1791.0,1992,10.0,209,1791
10000,96,8976.0,9960,49.92,1024,8976
20000,96,17924.0,16890,84.64,2076,17924
40000,96,35996.0,16950,85.08,4004,35996
60000,96,53968.0,17024,85.61,6032,53968
80000,96,72017.0,17085,86.07,7983,72017
100000,96,90017.0,17145,86.54,9983,90017
200000,96,179931.0,17516,89.33,20069,179931
400000,96,359879.0,18234,94.68,40121,359879
600000,96,539913.0,18899,99.79,60087,539913
800000,96,719769.0,19549,104.58,80231,719769
1000000,96,899615.0,20226,109.57,100385,899615
2,97,2.0,2,0.01,0,2
3,97,3.0,3,0.02,0,3
100,97,86.0,100,0.5,14,86
200,97,178.0,192,0.98,22,178
2000,97,1794.0,205,1.06,206,1794
10000,97,9009.0,244,1.36,991,9009
20000,97,17994.0,305,1.86,2006,17994
40000,97,36073.0,366,2.3,3927,36073
60000,97,54051.0,512,3.19,5949,54051
80000,97,72066.0,601,3.89,7934,72066
100000,97,90058.0,669,4.39,9942,90058
200000,97,180196.0,1096,7.43,19804,180196
400000,97,360301.0,1764,12.41,39699,360301
600000,97,540263.0,2432,17.28,59737,540263
800000,97,720211.0,3136,22.55,79789,720211
1000000,97,900296.0,3827,27.73,99704,900296
2,98,1.0,2,0.01,1,1
3,98,2.0,3,0.02,1,2
100,98,92.0,100,0.5,8,92
200,98,181.0,200,1.0,19,181
2000,98,1798.0,1994,9.99,202,1798
10000,98,8939.0,9979,51.26,1061,8939
20000,98,17842.0,19966,101.27,2158,17842
40000,98,35759.0,39930,201.23,4241,35759
60000,98,53675.0,59908,301.33,6325,53675
80000,98,71573.0,79872,401.32,8427,71573
100000,98,89484.0,99840,501.33,10516,89484
200000,98,179020.0,199684,1001.37,20980,179020
400000,98,358004.0,398010,1994.66,41996,358004
600000,98,537156.0,593364,2973.14,62844,537156
800000,98,716019.0,793035,3973.13,83981,716019
1000000,98,894794.0,992685,4973.09,105206,894794
2,99,2.0,2,0.01,0,2
3,99,3.0,3,0.02,0,3
100,99,86.0,100,0.5,14,86
200,99,172.0,200,1.0,28,172
2000,99,1782.0,1631,8.18,218,1782
10000,99,8927.0,1653,8.36,1073,8927
20000,99,17936.0,1734,9.07,2064,17936
40000,99,35898.0,1817,9.69,4102,35898
60000,99,53914.0,1880,10.17,6086,53914
80000,99,71961.0,1932,10.58,8039,71961
100000,99,89876.0,1993,11.07,10124,89876
200000,99,179788.0,2380,14.04,20212,179788
400000,99,359843.0,3049,19.11,40157,359843
600000,99,540033.0,3726,24.27,59967,540033
800000,99,720146.0,4445,29.77,79854,720146
1000000,99,900178.0,5159,35.03,99822,900178
2,100,2.0,2,0.01,0,2
3,100,3.0,3,0.02,0,3
100,100,93.0,100,0.61,7,93
200,100,183.0,200,1.1,17,183
2000,100,1777.0,1998,10.23,223,1777
10000,100,8905.0,9976,74.1,1095,8905
20000,100,17830.0,19963,173.91,2170,17830
40000,100,35660.0,39937,373.49,4340,35660
60000,100,53487.0,59903,572.98,6513,53487
80000,100,71289.0,79868,772.45,8711,71289
100000,100,89064.0,99819,971.8,10936,89064
200000,100,178025.0,199661,1969.52,21975,178025
400000,100,356397.0,369954,3670.86,43603,356397
600000,100,536417.0,370588,3675.51,63583,536417
800000,100,716620.0,371265,3680.74,83380,716620
1000000,100,896446.0,371900,3685.53,103554,896446
