Timestep,Iteration,Total Reward,Suboptimal Arms,Total Regret,Zeros Count,Ones Count
2,1,2.0,2,0.02,0,2
3,1,3.0,3,0.03,0,3
100,1,89.0,100,1.0,11,89
200,1,178.0,199,1.99,22,178
2000,1,1798.0,1998,20.34,202,1798
10000,1,8912.0,9983,100.82,1088,8912
20000,1,17863.0,19964,202.34,2137,17863
40000,1,35764.0,33493,340.42,4236,35764
60000,1,53775.0,33550,343.87,6225,53775
80000,1,71762.0,33621,347.64,8238,71762
100000,1,89736.0,33689,351.29,10264,89736
200000,1,179500.0,34023,369.57,20500,179500
400000,1,359350.0,34707,407.64,40650,359350
600000,1,539230.0,35366,443.66,60770,539230
800000,1,719250.0,36038,480.98,80750,719250
1000000,1,899166.0,36687,514.2,100834,899166
2,2,2.0,2,0.02,0,2
3,2,3.0,3,0.03,0,3
100,2,87.0,100,1.0,13,87
200,2,175.0,160,1.6,25,175
2000,2,1813.0,167,2.12,187,1813
10000,2,9025.0,189,3.15,975,9025
20000,2,18043.0,221,4.55,1957,18043
40000,2,36109.0,291,8.31,3891,36109
60000,2,54088.0,352,11.89,5912,54088
80000,2,72066.0,424,15.94,7934,72066
100000,2,90100.0,496,20.53,9900,90100
200000,2,180212.0,859,40.99,19788,180212
400000,2,360119.0,1491,75.66,39881,360119
600000,2,540280.0,2084,108.5,59720,540280
800000,2,720247.0,2749,144.31,79753,720247
1000000,2,900248.0,3421,184.24,99752,900248
2,3,2.0,2,0.02,0,2
3,3,3.0,3,0.03,0,3
100,3,88.0,100,1.0,12,88
200,3,181.0,191,2.99,19,181
2000,3,1769.0,1979,21.05,231,1769
10000,3,8878.0,9958,101.83,1122,8878
20000,3,17768.0,19877,202.46,2232,17768
40000,3,35599.0,39842,405.98,4401,35599
60000,3,53401.0,59810,609.44,6599,53401
80000,3,71141.0,79760,812.81,8859,71141
100000,3,88994.0,99734,1016.15,11006,88994
200000,3,177952.0,199553,2030.09,22048,177952
400000,3,357220.0,259191,2654.73,42780,357220
600000,3,537084.0,259831,2688.4,62916,537084
800000,3,717046.0,260476,2721.22,82954,717046
1000000,3,896997.0,261097,2756.41,103003,896997
2,4,2.0,2,0.02,0,2
3,4,2.0,3,0.03,1,2
100,4,92.0,100,1.0,8,92
200,4,183.0,200,2.0,17,183
2000,4,1776.0,1994,20.3,224,1776
10000,4,8905.0,9977,101.84,1095,8905
20000,4,17791.0,19961,203.48,2209,17791
40000,4,35569.0,39937,406.03,4431,35569
60000,4,53358.0,59898,608.97,6642,53358
80000,4,71145.0,79684,809.53,8855,71145
100000,4,89015.0,99651,1013.25,10985,89015
200000,4,178664.0,126368,1294.82,21336,178664
400000,4,358668.0,127060,1332.43,41332,358668
600000,4,538653.0,127707,1367.34,61347,538653
800000,4,718755.0,128335,1402.33,81245,718755
1000000,4,898760.0,128996,1439.18,101240,898760
2,5,2.0,2,0.02,0,2
3,5,3.0,3,0.03,0,3
100,5,83.0,100,1.36,17,83
200,5,170.0,200,2.36,30,170
2000,5,1778.0,1986,20.4,222,1778
10000,5,8870.0,9974,102.08,1130,8870
20000,5,17780.0,19930,203.26,2220,17780
40000,5,35611.0,39866,405.95,4389,35611
60000,5,53619.0,40753,418.15,6381,53619
80000,5,71543.0,40834,422.47,8457,71543
100000,5,89516.0,40903,426.49,10484,89516
200000,5,179627.0,41236,444.04,20373,179627
400000,5,359503.0,41912,480.77,40497,359503
600000,5,539199.0,42567,515.85,60801,539199
800000,5,718978.0,43227,550.26,81022,718978
1000000,5,898995.0,43879,586.21,101005,898995
2,6,1.0,2,0.02,1,1
3,6,2.0,3,0.03,1,2
100,6,86.0,100,1.99,14,86
200,6,172.0,184,2.83,28,172
2000,6,1794.0,187,3.04,206,1794
10000,6,9001.0,208,4.06,999,9001
20000,6,17979.0,235,5.68,2021,17979
40000,6,36000.0,305,9.89,4000,36000
60000,6,53990.0,368,12.86,6010,53990
80000,6,71949.0,434,16.49,8051,71949
100000,6,89957.0,501,20.13,10043,89957
200000,6,179959.0,851,39.65,20041,179959
400000,6,359852.0,1527,77.64,40148,359852
600000,6,539857.0,2213,114.02,60143,539857
800000,6,719860.0,2884,152.23,80140,719860
1000000,6,899882.0,3573,190.35,100118,899882
2,7,2.0,2,0.02,0,2
3,7,2.0,3,0.03,1,2
100,7,92.0,96,0.96,8,92
200,7,180.0,196,1.96,20,180
2000,7,1778.0,1992,20.64,222,1778
10000,7,8899.0,9976,103.27,1101,8899
20000,7,17764.0,19830,203.25,2236,17764
40000,7,35769.0,26284,270.4,4231,35769
60000,7,53726.0,26347,273.64,6274,53726
80000,7,71735.0,26427,278.04,8265,71735
100000,7,89774.0,26498,281.54,10226,89774
200000,7,179825.0,26851,300.82,20175,179825
400000,7,359943.0,27541,339.76,40057,359943
600000,7,539817.0,28187,375.83,60183,539817
800000,7,719698.0,28836,413.37,80302,719698
1000000,7,899919.0,29485,449.56,100081,899919
2,8,1.0,2,0.02,1,1
3,8,1.0,3,0.03,2,1
100,8,90.0,100,1.0,10,90
200,8,183.0,200,2.0,17,183
2000,8,1776.0,1985,20.57,224,1776
10000,8,8893.0,9974,103.16,1107,8893
20000,8,17801.0,19955,204.41,2199,17801
40000,8,35539.0,39859,406.42,4461,35539
60000,8,53321.0,59826,609.87,6679,53321
80000,8,71202.0,79797,812.01,8798,71202
100000,8,89016.0,99762,1014.36,10984,89016
200000,8,177951.0,199624,2027.11,22049,177951
400000,8,357412.0,250162,2561.65,42588,357412
600000,8,537359.0,250848,2599.11,62641,537359
800000,8,717074.0,251511,2632.56,82926,717074
1000000,8,897040.0,252206,2671.01,102960,897040
2,9,2.0,2,0.02,0,2
3,9,3.0,3,0.03,0,3
100,9,95.0,100,1.0,5,95
200,9,184.0,200,2.0,16,184
2000,9,1805.0,1982,20.63,195,1805
10000,9,8954.0,4324,45.4,1046,8954
20000,9,17928.0,4407,48.3,2072,17928
40000,9,35942.0,4470,51.54,4058,35942
60000,9,53924.0,4540,55.3,6076,53924
80000,9,71913.0,4603,59.53,8087,71913
100000,9,89992.0,4666,62.86,10008,89992
200000,9,179956.0,5012,82.07,20044,179956
400000,9,360042.0,5635,114.4,39958,360042
600000,9,540013.0,6225,147.84,59987,540013
800000,9,720058.0,6848,181.25,79942,720058
1000000,9,899813.0,7490,215.57,100187,899813
2,10,2.0,2,0.02,0,2
3,10,3.0,3,0.03,0,3
100,10,91.0,100,1.0,9,91
200,10,179.0,200,2.0,21,179
2000,10,1801.0,482,5.27,199,1801
10000,10,8985.0,506,6.77,1015,8985
20000,10,18010.0,536,8.6,1990,18010
40000,10,35946.0,613,13.06,4054,35946
60000,10,53970.0,671,16.07,6030,53970
80000,10,71885.0,747,20.61,8115,71885
100000,10,89834.0,814,24.97,10166,89834
200000,10,179775.0,1186,45.52,20225,179775
400000,10,359785.0,1832,82.49,40215,359785
600000,10,539830.0,2522,121.07,60170,539830
800000,10,719823.0,3205,159.85,80177,719823
1000000,10,899624.0,3837,192.99,100376,899624
2,11,2.0,2,0.02,0,2
3,11,2.0,3,0.03,1,2
100,11,92.0,100,1.63,8,92
200,11,176.0,200,4.16,24,176
2000,11,1776.0,1998,22.59,224,1776
10000,11,8879.0,9981,103.86,1121,8879
20000,11,17787.0,19972,205.3,2213,17787
40000,11,35609.0,39939,407.94,4391,35609
60000,11,53459.0,59891,610.34,6541,53459
80000,11,71175.0,79860,811.92,8825,71175
100000,11,88963.0,99234,1009.53,11037,88963
200000,11,178858.0,99593,1028.06,21142,178858
400000,11,358521.0,100252,1064.08,41479,358521
600000,11,538554.0,100914,1101.3,61446,538554
800000,11,718532.0,101606,1142.15,81468,718532
1000000,11,898452.0,102321,1181.43,101548,898452
2,12,2.0,2,0.02,0,2
3,12,3.0,3,0.03,0,3
100,12,88.0,100,1.0,12,88
200,12,178.0,200,2.36,22,178
2000,12,1786.0,1997,20.69,214,1786
10000,12,8890.0,9955,101.71,1110,8890
20000,12,17774.0,19852,202.66,2226,17774
40000,12,35795.0,23627,242.75,4205,35795
60000,12,53815.0,23700,246.72,6185,53815
80000,12,71895.0,23763,250.32,8105,71895
100000,12,89904.0,23831,254.51,10096,89904
200000,12,179996.0,24174,273.51,20004,179996
400000,12,359829.0,24795,307.89,40171,359829
600000,12,539766.0,25450,343.42,60234,539766
800000,12,719746.0,26126,382.4,80254,719746
1000000,12,899717.0,26786,420.14,100283,899717
2,13,2.0,2,0.02,0,2
3,13,2.0,3,0.03,1,2
100,13,90.0,100,1.0,10,90
200,13,179.0,200,4.16,21,179
2000,13,1787.0,1993,22.45,213,1787
10000,13,8901.0,9963,103.77,1099,8901
20000,13,17775.0,19952,205.91,2225,17775
40000,13,35594.0,39926,408.71,4406,35594
60000,13,53367.0,59888,611.66,6633,53367
80000,13,71182.0,79812,814.59,8818,71182
100000,13,88986.0,99776,1017.11,11014,88986
200000,13,178710.0,118668,1220.88,21290,178710
400000,13,358527.0,119353,1257.34,41473,358527
600000,13,538354.0,119999,1293.77,61646,538354
800000,13,718195.0,120689,1333.52,81805,718195
1000000,13,898247.0,121358,1369.55,101753,898247
2,14,2.0,0,0.0,0,2
3,14,3.0,0,0.0,0,3
100,14,88.0,0,0.0,12,88
200,14,178.0,0,0.0,22,178
2000,14,1804.0,89,1.88,196,1804
10000,14,8986.0,120,3.72,1014,8986
20000,14,18015.0,153,5.04,1985,18015
40000,14,36055.0,224,9.35,3945,36055
60000,14,54109.0,306,13.95,5891,54109
80000,14,72146.0,378,17.82,7854,72146
100000,14,90227.0,437,20.57,9773,90227
200000,14,180278.0,754,38.5,19722,180278
400000,14,360505.0,1474,77.29,39495,360505
600000,14,540426.0,2138,114.08,59574,540426
800000,14,720146.0,2814,151.89,79854,720146
1000000,14,900227.0,3435,186.72,99773,900227
2,15,1.0,2,0.02,1,1
3,15,2.0,3,0.03,1,2
100,15,90.0,100,1.0,10,90
200,15,177.0,200,2.0,23,177
2000,15,1798.0,757,8.02,202,1798
10000,15,8982.0,797,10.13,1018,8982
20000,15,17997.0,831,11.91,2003,17997
40000,15,35928.0,894,15.15,4072,35928
60000,15,53947.0,965,19.01,6053,53947
80000,15,71980.0,1042,23.65,8020,71980
100000,15,89985.0,1121,28.22,10015,89985
200000,15,179944.0,1469,47.36,20056,179944
400000,15,359921.0,2176,85.84,40079,359921
600000,15,539802.0,2834,122.48,60198,539802
800000,15,719912.0,3472,156.67,80088,719912
1000000,15,900288.0,4089,190.11,99712,900288
2,16,2.0,2,0.02,0,2
3,16,3.0,3,0.03,0,3
100,16,85.0,100,1.09,15,85
200,16,171.0,200,2.09,29,171
2000,16,1768.0,1986,20.31,232,1768
10000,16,8883.0,9973,101.71,1117,8883
20000,16,17744.0,16146,165.24,2256,17744
40000,16,35636.0,25169,258.53,4364,35636
60000,16,53624.0,25251,262.68,6376,53624
80000,16,71634.0,25311,265.98,8366,71634
100000,16,89650.0,25386,269.7,10350,89650
200000,16,179773.0,25720,287.17,20227,179773
400000,16,359555.0,26390,324.02,40445,359555
600000,16,539396.0,27070,360.34,60604,539396
800000,16,719342.0,27704,394.94,80658,719342
1000000,16,899270.0,28379,433.64,100730,899270
2,17,2.0,2,0.02,0,2
3,17,3.0,3,0.03,0,3
100,17,92.0,100,1.18,8,92
200,17,183.0,200,2.18,17,183
2000,17,1773.0,1993,20.56,227,1773
10000,17,8895.0,8750,89.57,1105,8895
20000,17,17966.0,8777,91.1,2034,17966
40000,17,35980.0,8843,94.82,4020,35980
60000,17,53950.0,8910,98.64,6050,53950
80000,17,71876.0,8977,101.74,8124,71876
100000,17,89905.0,9046,105.04,10095,89905
200000,17,179791.0,9364,122.71,20209,179791
400000,17,359669.0,10005,156.39,40331,359669
600000,17,539617.0,10718,193.04,60383,539617
800000,17,719757.0,11392,230.2,80243,719757
1000000,17,899523.0,12031,265.57,100477,899523
2,18,0.0,2,0.02,2,0
3,18,1.0,3,0.03,2,1
100,18,85.0,100,1.0,15,85
200,18,174.0,200,2.09,26,174
2000,18,1774.0,1992,20.37,226,1774
10000,18,8859.0,9251,93.68,1141,8859
20000,18,17689.0,19226,194.96,2311,17689
40000,18,35482.0,39193,398.05,4518,35482
60000,18,53219.0,59154,600.63,6781,53219
80000,18,71092.0,79115,803.03,8908,71092
100000,18,88890.0,99084,1006.41,11110,88890
200000,18,178260.0,169448,1723.19,21740,178260
400000,18,358461.0,170089,1758.04,41539,358461
600000,18,538293.0,170764,1797.64,61707,538293
800000,18,718384.0,171427,1832.8,81616,718384
1000000,18,898200.0,172103,1871.78,101800,898200
2,19,2.0,2,0.02,0,2
3,19,3.0,3,0.03,0,3
100,19,86.0,100,1.18,14,86
200,19,170.0,200,2.27,30,170
2000,19,1793.0,1065,11.19,207,1793
10000,19,9027.0,1079,11.96,973,9027
20000,19,17977.0,1122,14.37,2023,17977
40000,19,35980.0,1187,17.63,4020,35980
60000,19,54043.0,1258,21.58,5957,54043
80000,19,72052.0,1326,25.68,7948,72052
100000,19,90017.0,1395,29.7,9983,90017
200000,19,180121.0,1731,49.08,19879,180121
400000,19,359996.0,2433,87.33,40004,359996
600000,19,539956.0,3086,123.38,60044,539956
800000,19,719928.0,3747,157.89,80072,719928
1000000,19,899935.0,4402,196.48,100065,899935
2,20,1.0,2,0.02,1,1
3,20,2.0,3,0.03,1,2
100,20,95.0,100,1.0,5,95
200,20,187.0,198,1.98,13,187
2000,20,1780.0,1995,20.58,220,1780
10000,20,8892.0,9985,102.01,1108,8892
20000,20,17759.0,19967,203.45,2241,17759
40000,20,35550.0,39940,406.06,4450,35550
60000,20,53403.0,59902,608.2,6597,53403
80000,20,71222.0,79864,809.98,8778,71222
100000,20,88991.0,96275,977.15,11009,88991
200000,20,178907.0,96582,994.8,21093,178907
400000,20,358905.0,97296,1034.43,41095,358905
600000,20,538996.0,97959,1070.94,61004,538996
800000,20,718841.0,98621,1108.25,81159,718841
1000000,20,898719.0,99331,1146.58,101281,898719
2,21,2.0,2,0.02,0,2
3,21,3.0,3,0.03,0,3
100,21,91.0,100,1.27,9,91
200,21,180.0,200,2.27,20,180
2000,21,1768.0,1970,19.97,232,1768
10000,21,8901.0,9877,100.03,1099,8901
20000,21,17821.0,19864,201.88,2179,17821
40000,21,35652.0,39832,404.35,4348,35652
60000,21,53462.0,59803,607.21,6538,53462
80000,21,71218.0,79770,810.3,8782,71218
100000,21,89035.0,99737,1013.03,10965,89035
200000,21,178062.0,199556,2027.6,21938,178062
400000,21,356109.0,399055,4050.22,43891,356109
600000,21,535500.0,457501,4667.44,64500,535500
800000,21,715604.0,458178,4704.63,84396,715604
1000000,21,895624.0,458814,4737.9,104376,895624
2,22,2.0,2,0.02,0,2
3,22,3.0,3,0.03,0,3
100,22,87.0,100,1.0,13,87
200,22,177.0,200,2.0,23,177
2000,22,1783.0,1991,20.0,217,1783
10000,22,8975.0,2626,27.43,1025,8975
20000,22,18005.0,2664,29.25,1995,18005
40000,22,36017.0,2715,32.01,3983,36017
60000,22,54035.0,2782,36.1,5965,54035
80000,22,72080.0,2849,38.84,7920,72080
100000,22,90079.0,2904,42.09,9921,90079
200000,22,180159.0,3242,61.31,19841,180159
400000,22,360186.0,3953,99.38,39814,360186
600000,22,540241.0,4627,136.9,59759,540241
800000,22,720342.0,5283,173.61,79658,720342
1000000,22,900342.0,5967,211.32,99658,900342
2,23,2.0,2,0.02,0,2
3,23,3.0,3,0.03,0,3
100,23,87.0,96,1.32,13,87
200,23,177.0,195,2.31,23,177
2000,23,1799.0,1992,20.64,201,1799
10000,23,8969.0,9974,105.68,1031,8969
20000,23,17859.0,19950,206.79,2141,17859
40000,23,35686.0,39918,409.17,4314,35686
60000,23,53555.0,59893,611.26,6445,53555
80000,23,71349.0,79857,813.6,8651,71349
100000,23,89189.0,99829,1015.75,10811,89189
200000,23,177932.0,199643,2029.55,22068,177932
400000,23,357427.0,231232,2372.98,42573,357427
600000,23,537547.0,231938,2412.17,62453,537547
800000,23,717730.0,232579,2447.83,82270,717730
1000000,23,897514.0,233202,2480.52,102486,897514
2,24,2.0,2,0.02,0,2
3,24,3.0,3,0.03,0,3
100,24,86.0,100,1.0,14,86
200,24,179.0,200,2.0,21,179
2000,24,1771.0,1995,20.4,229,1771
10000,24,8849.0,9960,101.67,1151,8849
20000,24,17819.0,11129,114.53,2181,17819
40000,24,35866.0,11198,118.46,4134,35866
60000,24,53887.0,11282,122.27,6113,53887
80000,24,71921.0,11340,125.28,8079,71921
100000,24,89891.0,11406,128.73,10109,89891
200000,24,179884.0,11744,148.13,20116,179884
400000,24,359959.0,12424,185.53,40041,359959
600000,24,539737.0,13089,221.43,60263,539737
800000,24,719758.0,13769,259.64,80242,719758
1000000,24,899841.0,14445,297.0,100159,899841
2,25,2.0,2,0.02,0,2
3,25,3.0,3,0.03,0,3
100,25,89.0,97,0.97,11,89
200,25,178.0,196,1.96,22,178
2000,25,1789.0,1991,25.85,211,1789
10000,25,8860.0,9958,106.51,1140,8860
20000,25,17824.0,14295,151.77,2176,17824
40000,25,35874.0,14355,155.43,4126,35874
60000,25,53843.0,14422,159.7,6157,53843
80000,25,71824.0,14495,164.3,8176,71824
100000,25,89705.0,14550,167.46,10295,89705
200000,25,179675.0,14876,184.76,20325,179675
400000,25,359495.0,15552,220.32,40505,359495
600000,25,539170.0,16180,255.4,60830,539170
800000,25,719254.0,16831,289.9,80746,719254
1000000,25,899020.0,17492,327.38,100980,899020
2,26,1.0,2,0.02,1,1
3,26,2.0,3,0.03,1,2
100,26,87.0,100,1.09,13,87
200,26,170.0,200,2.09,30,170
2000,26,1744.0,1998,20.43,256,1744
10000,26,8853.0,9967,100.93,1147,8853
20000,26,17821.0,19949,202.28,2179,17821
40000,26,35579.0,39869,404.72,4421,35579
60000,26,53457.0,59831,606.95,6543,53457
80000,26,71308.0,79789,809.68,8692,71308
100000,26,89115.0,99758,1011.8,10885,89115
200000,26,178109.0,198286,2012.92,21891,178109
400000,26,357617.0,233869,2399.53,42383,357617
600000,26,537675.0,234552,2439.12,62325,537675
800000,26,717459.0,235241,2475.8,82541,717459
1000000,26,897459.0,235882,2510.74,102541,897459
2,27,1.0,2,0.02,1,1
3,27,2.0,3,0.03,1,2
100,27,86.0,100,1.0,14,86
200,27,176.0,200,2.0,24,176
2000,27,1762.0,1998,20.7,238,1762
10000,27,8898.0,9929,101.36,1102,8898
20000,27,17813.0,19902,202.53,2187,17813
40000,27,35601.0,39786,404.07,4399,35601
60000,27,53558.0,46212,471.39,6442,53558
80000,27,71522.0,46287,474.75,8478,71522
100000,27,89480.0,46353,478.29,10520,89480
200000,27,179557.0,46677,496.65,20443,179557
400000,27,359576.0,47398,533.74,40424,359576
600000,27,539677.0,48076,571.21,60323,539677
800000,27,719351.0,48731,605.66,80649,719351
1000000,27,899566.0,49341,638.94,100434,899566
2,28,2.0,2,0.02,0,2
3,28,2.0,3,0.03,1,2
100,28,85.0,100,1.0,15,85
200,28,168.0,182,1.82,32,168
2000,28,1770.0,1980,21.96,230,1770
10000,28,8834.0,9952,102.94,1166,8834
20000,28,17776.0,19932,204.09,2224,17776
40000,28,35595.0,39894,407.49,4405,35595
60000,28,53413.0,59855,610.79,6587,53413
80000,28,71199.0,79820,813.23,8801,71199
100000,28,88975.0,99794,1015.22,11025,88975
200000,28,178536.0,115887,1190.55,21464,178536
400000,28,358687.0,116602,1230.73,41313,358687
600000,28,538547.0,117284,1267.7,61453,538547
800000,28,718587.0,117973,1305.01,81413,718587
1000000,28,898842.0,118659,1345.26,101158,898842
2,29,1.0,2,0.02,1,1
3,29,1.0,3,0.03,2,1
100,29,82.0,100,1.0,18,82
200,29,170.0,200,2.27,30,170
2000,29,1803.0,406,4.6,197,1803
10000,29,8993.0,426,5.61,1007,8993
20000,29,17963.0,449,6.74,2037,17963
40000,29,35915.0,520,10.33,4085,35915
60000,29,53904.0,594,14.58,6096,53904
80000,29,71810.0,691,20.86,8190,71810
100000,29,89777.0,764,25.55,10223,89777
200000,29,179755.0,1076,42.44,20245,179755
400000,29,359801.0,1777,82.03,40199,359801
600000,29,539598.0,2423,118.55,60402,539598
800000,29,719590.0,3078,155.16,80410,719590
1000000,29,899499.0,3741,191.04,100501,899499
2,30,2.0,2,0.02,0,2
3,30,3.0,3,0.03,0,3
100,30,88.0,100,1.0,12,88
200,30,179.0,182,1.82,21,179
2000,30,1789.0,364,4.0,211,1789
10000,30,8999.0,395,5.12,1001,8999
20000,30,18026.0,430,7.36,1974,18026
40000,30,36036.0,490,10.3,3964,36036
60000,30,53931.0,566,13.85,6069,53931
80000,30,71928.0,637,17.35,8072,71928
100000,30,89944.0,697,20.38,10056,89944
200000,30,180051.0,1043,39.77,19949,180051
400000,30,360081.0,1703,78.5,39919,360081
600000,30,539856.0,2341,115.39,60144,539856
800000,30,719964.0,3022,152.53,80036,719964
1000000,30,899840.0,3684,190.65,100160,899840
2,31,2.0,2,0.02,0,2
3,31,3.0,3,0.03,0,3
100,31,92.0,100,1.0,8,92
200,31,185.0,198,1.98,15,185
2000,31,1775.0,1993,20.2,225,1775
10000,31,8924.0,9986,102.2,1076,8924
20000,31,17838.0,19938,203.43,2162,17838
40000,31,35539.0,39898,406.0,4461,35539
60000,31,53354.0,59785,608.56,6646,53354
80000,31,71125.0,79602,809.88,8875,71125
100000,31,88901.0,99557,1011.77,11099,88901
200000,31,177895.0,199408,2025.58,22105,177895
400000,31,356997.0,289635,2958.72,43003,356997
600000,31,537112.0,290296,2994.67,62888,537112
800000,31,716895.0,290951,3028.76,83105,716895
1000000,31,896839.0,291647,3067.13,103161,896839
2,32,2.0,2,0.02,0,2
3,32,3.0,3,0.03,0,3
100,32,84.0,100,1.0,16,84
200,32,178.0,200,2.18,22,178
2000,32,1812.0,556,6.01,188,1812
10000,32,9034.0,579,7.41,966,9034
20000,32,18010.0,609,9.33,1990,18010
40000,32,35977.0,663,12.75,4023,35977
60000,32,54052.0,718,15.91,5948,54052
80000,32,72133.0,791,20.15,7867,72133
100000,32,90131.0,844,23.11,9869,90131
200000,32,180233.0,1174,42.97,19767,180233
400000,32,360266.0,1816,79.27,39734,360266
600000,32,540277.0,2474,115.1,59723,540277
800000,32,720204.0,3133,151.12,79796,720204
1000000,32,900255.0,3862,189.55,99745,900255
2,33,2.0,2,0.02,0,2
3,33,3.0,3,0.03,0,3
100,33,91.0,100,1.0,9,91
200,33,174.0,200,2.0,26,174
2000,33,1781.0,898,9.16,219,1781
10000,33,8941.0,930,10.83,1059,8941
20000,33,17952.0,965,12.8,2048,17952
40000,33,36024.0,1043,17.54,3976,36024
60000,33,53986.0,1105,21.04,6014,53986
80000,33,71999.0,1181,25.4,8001,71999
100000,33,89934.0,1259,29.33,10066,89934
200000,33,180040.0,1576,46.99,19960,180040
400000,33,360128.0,2253,84.99,39872,360128
600000,33,540064.0,2918,118.55,59936,540064
800000,33,719968.0,3598,155.86,80032,719968
1000000,33,899838.0,4272,190.77,100162,899838
2,34,2.0,2,0.02,0,2
3,34,3.0,3,0.03,0,3
100,34,92.0,100,1.0,8,92
200,34,185.0,200,2.0,15,185
2000,34,1799.0,1831,18.67,201,1799
10000,34,8950.0,7755,79.17,1050,8950
20000,34,17926.0,7788,81.48,2074,17926
40000,34,35865.0,7859,84.62,4135,35865
60000,34,53832.0,7926,88.26,6168,53832
80000,34,71836.0,8000,92.78,8164,71836
100000,34,89945.0,8064,96.3,10055,89945
200000,34,179924.0,8380,115.3,20076,179924
400000,34,359628.0,8992,147.43,40372,359628
600000,34,539578.0,9669,183.99,60422,539578
800000,34,719617.0,10330,220.21,80383,719617
1000000,34,899580.0,10982,258.14,100420,899580
2,35,2.0,2,0.02,0,2
3,35,3.0,3,0.03,0,3
100,35,94.0,100,1.0,6,94
200,35,179.0,200,2.0,21,179
2000,35,1788.0,1998,20.43,212,1788
10000,35,8910.0,9984,101.37,1090,8910
20000,35,17767.0,19969,202.66,2233,17767
40000,35,35575.0,39933,404.64,4425,35575
60000,35,53378.0,59902,606.85,6622,53378
80000,35,71210.0,79867,809.38,8790,71210
100000,35,88911.0,99835,1011.76,11089,88911
200000,35,178018.0,199673,2025.44,21982,178018
400000,35,355817.0,399349,4052.08,44183,355817
600000,35,534629.0,504207,5128.11,65371,534629
800000,35,714526.0,504887,5168.21,85474,714526
1000000,35,894653.0,505543,5205.01,105347,894653
2,36,2.0,2,0.02,0,2
3,36,3.0,3,0.03,0,3
100,36,88.0,100,1.0,12,88
200,36,173.0,190,1.9,27,173
2000,36,1762.0,1985,20.57,238,1762
10000,36,8947.0,5055,52.71,1053,8947
20000,36,17962.0,5086,54.73,2038,17962
40000,36,35944.0,5144,57.65,4056,35944
60000,36,53982.0,5212,61.48,6018,53982
80000,36,72006.0,5271,64.68,7994,72006
100000,36,90044.0,5328,67.95,9956,90044
200000,36,180144.0,5668,87.19,19856,180144
400000,36,359949.0,6294,122.43,40051,359949
600000,36,540057.0,6950,157.97,59943,540057
800000,36,720127.0,7607,195.23,79873,720127
1000000,36,900176.0,8292,231.15,99824,900176
2,37,2.0,2,0.02,0,2
3,37,3.0,3,0.03,0,3
100,37,94.0,100,1.0,6,94
200,37,184.0,200,2.0,16,184
2000,37,1769.0,1984,19.93,231,1769
10000,37,8866.0,9973,101.35,1134,8866
20000,37,17824.0,19959,202.56,2176,17824
40000,37,35686.0,39911,405.14,4314,35686
60000,37,53419.0,59618,605.18,6581,53419
80000,37,71373.0,63919,650.62,8627,71373
100000,37,89382.0,63998,654.92,10618,89382
200000,37,179287.0,64329,674.34,20713,179287
400000,37,359258.0,64979,708.47,40742,359258
600000,37,539147.0,65674,747.73,60853,539147
800000,37,719271.0,66362,783.95,80729,719271
1000000,37,899460.0,67021,818.71,100540,899460
2,38,2.0,2,0.02,0,2
3,38,3.0,3,0.03,0,3
100,38,88.0,100,1.0,12,88
200,38,180.0,200,2.0,20,180
2000,38,1811.0,1998,20.52,189,1811
10000,38,8932.0,9987,100.59,1068,8932
20000,38,17817.0,19964,201.26,2183,17817
40000,38,35604.0,39937,403.24,4396,35604
60000,38,53415.0,59907,607.17,6585,53415
80000,38,71183.0,79862,809.06,8817,71183
100000,38,88983.0,99834,1013.19,11017,88983
200000,38,178202.0,199661,2027.57,21798,178202
400000,38,358060.0,234747,2407.05,41940,358060
600000,38,538183.0,235422,2442.15,61817,538183
800000,38,718153.0,236106,2479.32,81847,718153
1000000,38,898274.0,236767,2515.63,101726,898274
2,39,2.0,2,0.02,0,2
3,39,3.0,3,0.03,0,3
100,39,91.0,100,1.0,9,91
200,39,177.0,200,2.09,23,177
2000,39,1774.0,1999,20.35,226,1774
10000,39,8947.0,9992,102.44,1053,8947
20000,39,17828.0,19906,203.65,2172,17828
40000,39,35607.0,39875,407.3,4393,35607
60000,39,53365.0,59828,609.26,6635,53365
80000,39,71184.0,79794,812.97,8816,71184
100000,39,89045.0,98013,999.21,10955,89045
200000,39,179029.0,98329,1016.32,20971,179029
400000,39,359158.0,99001,1053.55,40842,359158
600000,39,539207.0,99686,1090.37,60793,539207
800000,39,719246.0,100375,1127.95,80754,719246
1000000,39,899135.0,101005,1162.06,100865,899135
2,40,2.0,2,0.02,0,2
3,40,2.0,3,0.03,1,2
100,40,90.0,100,1.0,10,90
200,40,184.0,147,1.47,16,184
2000,40,1790.0,568,6.04,210,1790
10000,40,8970.0,591,7.26,1030,8970
20000,40,17933.0,631,9.91,2067,17933
40000,40,35926.0,707,13.91,4074,35926
60000,40,53937.0,768,17.67,6063,53937
80000,40,72001.0,834,21.12,7999,72001
100000,40,90044.0,907,25.36,9956,90044
200000,40,179869.0,1278,45.81,20131,179869
400000,40,359910.0,1893,79.14,40090,359910
600000,40,539951.0,2923,117.34,60049,539951
800000,40,719866.0,3593,155.27,80134,719866
1000000,40,899777.0,4263,191.49,100223,899777
2,41,2.0,2,0.02,0,2
3,41,3.0,3,0.03,0,3
100,41,88.0,100,1.0,12,88
200,41,178.0,197,1.97,22,178
2000,41,1795.0,252,3.06,205,1795
10000,41,8972.0,276,4.11,1028,8972
20000,41,17965.0,314,6.11,2035,17965
40000,41,35938.0,378,10.08,4062,35938
60000,41,53881.0,446,14.27,6119,53881
80000,41,71797.0,517,18.76,8203,71797
100000,41,89791.0,585,21.6,10209,89791
200000,41,179755.0,902,38.09,20245,179755
400000,41,359490.0,1543,73.93,40510,359490
600000,41,539525.0,2175,109.32,60475,539525
800000,41,719704.0,2849,146.48,80296,719704
1000000,41,899652.0,3501,183.51,100348,899652
2,42,2.0,2,0.02,0,2
3,42,2.0,3,0.03,1,2
100,42,89.0,100,1.45,11,89
200,42,171.0,200,2.45,29,171
2000,42,1745.0,1996,22.93,255,1745
10000,42,8895.0,9987,103.92,1105,8895
20000,42,17787.0,19969,205.72,2213,17787
40000,42,35569.0,39944,407.99,4431,35569
60000,42,53391.0,59913,610.29,6609,53391
80000,42,71172.0,79878,812.37,8828,71172
100000,42,89013.0,99858,1016.13,10987,89013
200000,42,178038.0,199707,2028.57,21962,178038
400000,42,358073.0,223696,2300.41,41927,358073
600000,42,537864.0,224344,2335.42,62136,537864
800000,42,717645.0,225060,2374.98,82355,717645
1000000,42,897662.0,225735,2412.06,102338,897662
2,43,1.0,2,0.02,1,1
3,43,2.0,3,0.03,1,2
100,43,88.0,100,1.0,12,88
200,43,179.0,200,2.0,21,179
2000,43,1775.0,1997,20.24,225,1775
10000,43,8908.0,9980,100.61,1092,8908
20000,43,17884.0,15696,159.12,2116,17884
40000,43,35937.0,15749,162.08,4063,35937
60000,43,53900.0,15822,165.96,6100,53900
80000,43,71896.0,15886,169.39,8104,71896
100000,43,89900.0,15970,173.74,10100,89900
200000,43,180098.0,16282,190.27,19902,180098
400000,43,360327.0,16952,227.03,39673,360327
600000,43,540308.0,17671,263.65,59692,540308
800000,43,720167.0,18320,300.83,79833,720167
1000000,43,900097.0,19014,337.56,99903,900097
2,44,2.0,2,0.02,0,2
3,44,3.0,3,0.03,0,3
100,44,87.0,100,1.0,13,87
200,44,178.0,200,2.09,22,178
2000,44,1790.0,1996,20.41,210,1790
10000,44,8909.0,9983,101.27,1091,8909
20000,44,17825.0,19973,202.16,2175,17825
40000,44,35525.0,39724,402.91,4475,35525
60000,44,53291.0,59684,605.03,6709,53291
80000,44,71111.0,79528,806.71,8889,71111
100000,44,88913.0,99333,1007.73,11087,88913
200000,44,178833.0,100324,1032.94,21167,178833
400000,44,358956.0,101000,1068.86,41044,358956
600000,44,538954.0,101678,1106.69,61046,538954
800000,44,718703.0,102372,1147.11,81297,718703
1000000,44,898810.0,103004,1180.43,101190,898810
2,45,1.0,2,0.02,1,1
3,45,2.0,3,0.03,1,2
100,45,89.0,100,1.27,11,89
200,45,177.0,196,2.23,23,177
2000,45,1787.0,1989,20.34,213,1787
10000,45,8920.0,9980,100.79,1080,8920
20000,45,17837.0,19939,202.72,2163,17837
40000,45,35635.0,39897,405.0,4365,35635
60000,45,53348.0,59866,607.3,6652,53348
80000,45,71191.0,79828,809.44,8809,71191
100000,45,88948.0,99798,1011.93,11052,88948
200000,45,178399.0,147296,1503.47,21601,178399
400000,45,358469.0,148039,1544.2,41531,358469
600000,45,538292.0,148719,1581.06,61708,538292
800000,45,718113.0,149400,1618.83,81887,718113
1000000,45,897987.0,150096,1655.58,102013,897987
2,46,2.0,2,0.02,0,2
3,46,3.0,3,0.03,0,3
100,46,83.0,100,1.0,17,83
200,46,169.0,197,1.97,31,169
2000,46,1749.0,1975,20.29,251,1749
10000,46,8815.0,9965,101.45,1185,8815
20000,46,17678.0,19950,202.65,2322,17678
40000,46,35463.0,39912,405.15,4537,35463
60000,46,53255.0,59883,606.48,6745,53255
80000,46,70999.0,79846,809.17,9001,70999
100000,46,88779.0,99804,1011.9,11221,88779
200000,46,178589.0,115447,1183.54,21411,178589
400000,46,358607.0,116087,1219.01,41393,358607
600000,46,538565.0,116747,1254.14,61435,538565
800000,46,718607.0,117393,1290.3,81393,718607
1000000,46,898790.0,118092,1330.86,101210,898790
2,47,2.0,2,0.02,0,2
3,47,2.0,3,0.03,1,2
100,47,83.0,100,1.0,17,83
200,47,166.0,200,2.18,34,166
2000,47,1776.0,1935,19.71,224,1776
10000,47,8911.0,9921,100.65,1089,8911
20000,47,17837.0,19897,201.58,2163,17837
40000,47,35611.0,39866,406.13,4389,35611
60000,47,53324.0,59841,609.12,6676,53324
80000,47,71116.0,79795,811.0,8884,71116
100000,47,88921.0,99755,1013.93,11079,88921
200000,47,177944.0,199610,2026.79,22056,177944
400000,47,355810.0,399262,4055.62,44190,355810
600000,47,533781.0,598941,6080.94,66219,533781
800000,47,711772.0,798551,8105.48,88228,711772
1000000,47,891600.0,800646,8159.1,108400,891600
2,48,2.0,2,0.02,0,2
3,48,3.0,3,0.03,0,3
100,48,91.0,19,0.19,9,91
200,48,182.0,115,1.24,18,182
2000,48,1804.0,479,5.51,196,1804
10000,48,9026.0,504,6.84,974,9026
20000,48,17976.0,534,8.22,2024,17976
40000,48,35884.0,619,12.49,4116,35884
60000,48,53917.0,688,16.33,6083,53917
80000,48,71957.0,747,19.53,8043,71957
100000,48,89885.0,816,23.37,10115,89885
200000,48,179820.0,1125,39.96,20180,179820
400000,48,359812.0,1804,77.62,40188,359812
600000,48,539632.0,2503,116.2,60368,539632
800000,48,719667.0,3187,154.09,80333,719667
1000000,48,899751.0,3877,192.94,100249,899751
2,49,2.0,2,0.02,0,2
3,49,3.0,3,0.03,0,3
100,49,88.0,100,1.0,12,88
200,49,175.0,200,2.0,25,175
2000,49,1799.0,1992,20.64,201,1799
10000,49,8925.0,9469,97.21,1075,8925
20000,49,17795.0,19422,198.54,2205,17795
40000,49,35634.0,39371,401.54,4366,35634
60000,49,53362.0,58762,599.68,6638,53362
80000,49,71167.0,78654,801.84,8833,71167
100000,49,88985.0,98605,1004.05,11015,88985
200000,49,178723.0,119673,1229.76,21277,178723
400000,49,358547.0,120339,1265.04,41453,358547
600000,49,538421.0,121006,1302.13,61579,538421
800000,49,718294.0,121658,1338.08,81706,718294
1000000,49,898288.0,122302,1374.67,101712,898288
2,50,2.0,2,0.02,0,2
3,50,3.0,3,0.03,0,3
100,50,88.0,100,1.0,12,88
200,50,176.0,192,1.92,24,176
2000,50,1789.0,1822,18.58,211,1789
10000,50,8893.0,9804,99.57,1107,8893
20000,50,17837.0,19786,200.92,2163,17837
40000,50,35632.0,39757,403.69,4368,35632
60000,50,53368.0,59714,606.77,6632,53368
80000,50,71159.0,79679,809.66,8841,71159
100000,50,88908.0,99655,1012.12,11092,88908
200000,50,177857.0,199497,2024.58,22143,177857
400000,50,356810.0,294061,3000.73,43190,356810
600000,50,536720.0,294720,3037.56,63280,536720
800000,50,716747.0,295384,3072.82,83253,716747
1000000,50,896713.0,296087,3112.79,103287,896713
2,51,0.0,2,0.02,2,0
3,51,1.0,3,0.03,2,1
100,51,85.0,100,1.0,15,85
200,51,177.0,200,2.0,23,177
2000,51,1768.0,2000,20.72,232,1768
10000,51,8882.0,9949,102.46,1118,8882
20000,51,17834.0,19933,203.92,2166,17834
40000,51,35608.0,39898,407.08,4392,35608
60000,51,53361.0,59871,609.96,6639,53361
80000,51,71115.0,79837,812.59,8885,71115
100000,51,88952.0,93567,953.13,11048,88952
200000,51,178844.0,93874,969.34,21156,178844
400000,51,359042.0,94519,1007.11,40958,359042
600000,51,539002.0,95174,1045.97,60998,539002
800000,51,718694.0,95832,1081.26,81306,718694
1000000,51,898663.0,96487,1120.03,101337,898663
2,52,2.0,2,0.02,0,2
3,52,3.0,3,0.03,0,3
100,52,90.0,100,1.0,10,90
200,52,175.0,200,2.0,25,175
2000,52,1773.0,1996,21.49,227,1773
10000,52,8926.0,9984,102.81,1074,8926
20000,52,17787.0,19967,204.17,2213,17787
40000,52,35604.0,39924,406.89,4396,35604
60000,52,53380.0,59902,609.64,6620,53380
80000,52,71214.0,79846,812.95,8786,71214
100000,52,89084.0,99797,1015.52,10916,89084
200000,52,178023.0,199607,2029.55,21977,178023
400000,52,356109.0,399258,4056.12,43891,356109
600000,52,534007.0,598885,6081.1,65993,534007
800000,52,713886.0,610152,6220.59,86114,713886
1000000,52,894028.0,610800,6257.49,105972,894028
2,53,2.0,2,0.02,0,2
3,53,3.0,3,0.03,0,3
100,53,85.0,100,1.09,15,85
200,53,168.0,200,2.09,32,168
2000,53,1771.0,1996,20.14,229,1771
10000,53,8891.0,9980,101.33,1109,8891
20000,53,17788.0,19963,202.96,2212,17788
40000,53,35714.0,32807,341.03,4286,35714
60000,53,53705.0,32875,344.59,6295,53705
80000,53,71648.0,32928,347.01,8352,71648
100000,53,89621.0,32983,349.9,10379,89621
200000,53,179659.0,33334,368.53,20341,179659
400000,53,359673.0,33976,403.93,40327,359673
600000,53,539393.0,34625,437.42,60607,539393
800000,53,719437.0,35280,473.94,80563,719437
1000000,53,899333.0,35949,512.31,100667,899333
2,54,2.0,2,0.02,0,2
3,54,3.0,3,0.03,0,3
100,54,91.0,100,1.0,9,91
200,54,179.0,200,2.0,21,179
2000,54,1765.0,1996,21.94,235,1765
10000,54,8921.0,9983,103.07,1079,8921
20000,54,17835.0,19966,204.34,2165,17835
40000,54,35654.0,39935,408.08,4346,35654
60000,54,53502.0,59913,610.29,6498,53502
80000,54,71302.0,79886,813.08,8698,71302
100000,54,89034.0,99849,1015.95,10966,89034
200000,54,177980.0,199714,2031.16,22020,177980
400000,54,355946.0,399402,4059.81,44054,355946
600000,54,534014.0,599072,6089.63,65986,534014
800000,54,713177.0,683199,6962.58,86823,713177
1000000,54,893016.0,683842,6997.36,106984,893016
2,55,2.0,2,0.02,0,2
3,55,2.0,3,0.03,1,2
100,55,92.0,99,0.99,8,92
200,55,183.0,199,1.99,17,183
2000,55,1813.0,1994,20.3,187,1813
10000,55,8909.0,9974,101.36,1091,8909
20000,55,17793.0,19963,203.32,2207,17793
40000,55,35577.0,39907,405.46,4423,35577
60000,55,53418.0,59875,607.93,6582,53418
80000,55,71287.0,79827,810.15,8713,71287
100000,55,89106.0,93467,949.07,10894,89106
200000,55,179039.0,93793,966.1,20961,179039
400000,55,359042.0,94438,1000.9,40958,359042
600000,55,539201.0,95104,1037.98,60799,539201
800000,55,719022.0,95723,1073.33,80978,719022
1000000,55,898918.0,96398,1110.86,101082,898918
2,56,2.0,2,0.02,0,2
3,56,2.0,3,0.03,1,2
100,56,87.0,100,1.0,13,87
200,56,176.0,178,1.78,24,176
2000,56,1794.0,1977,20.13,206,1794
10000,56,8966.0,9954,100.44,1034,8966
20000,56,17892.0,19835,200.33,2108,17892
40000,56,35855.0,39810,402.6,4145,35855
60000,56,53656.0,59775,605.49,6344,53656
80000,56,71526.0,79743,808.05,8474,71526
100000,56,89375.0,99704,1010.54,10625,89375
200000,56,178410.0,199541,2024.48,21590,178410
400000,56,356491.0,399189,4050.3,43509,356491
600000,56,534381.0,598184,6068.42,65619,534381
800000,56,712607.0,785316,7968.27,87393,712607
1000000,56,892589.0,785972,8005.16,107411,892589
2,57,0.0,2,0.02,2,0
3,57,1.0,3,0.03,2,1
100,57,85.0,100,2.08,15,85
200,57,178.0,200,3.08,22,178
2000,57,1773.0,1992,21.36,227,1773
10000,57,8899.0,9980,102.77,1101,8899
20000,57,17822.0,19969,204.46,2178,17822
40000,57,35611.0,39931,408.22,4389,35611
60000,57,53449.0,59901,611.43,6551,53449
80000,57,71340.0,79863,813.84,8660,71340
100000,57,89075.0,99830,1017.29,10925,89075
200000,57,178107.0,199656,2030.13,21893,178107
400000,57,356911.0,331297,3377.86,43089,356911
600000,57,536785.0,331955,3414.5,63215,536785
800000,57,716787.0,332614,3449.89,83213,716787
1000000,57,896771.0,333267,3488.55,103229,896771
2,58,1.0,2,0.02,1,1
3,58,2.0,3,0.03,1,2
100,58,81.0,100,1.18,19,81
200,58,170.0,200,2.18,30,170
2000,58,1753.0,1996,20.59,247,1753
10000,58,8888.0,9967,101.56,1112,8888
20000,58,17808.0,19949,202.64,2192,17808
40000,58,35570.0,39913,404.08,4430,35570
60000,58,53325.0,59875,607.03,6675,53325
80000,58,71151.0,79838,809.54,8849,71151
100000,58,89085.0,99728,1012.04,10915,89085
200000,58,178690.0,145152,1480.77,21310,178690
400000,58,358439.0,145807,1514.59,41561,358439
600000,58,538416.0,146483,1552.4,61584,538416
800000,58,718393.0,147140,1590.11,81607,718393
1000000,58,898501.0,147769,1626.19,101499,898501
2,59,2.0,2,0.02,0,2
3,59,3.0,3,0.03,0,3
100,59,88.0,100,1.0,12,88
200,59,173.0,200,2.0,27,173
2000,59,1764.0,1984,20.2,236,1764
10000,59,9003.0,2003,21.38,997,9003
20000,59,17993.0,2043,23.31,2007,17993
40000,59,35954.0,2110,27.13,4046,35954
60000,59,53896.0,2176,31.03,6104,53896
80000,59,71878.0,2243,34.58,8122,71878
100000,59,89858.0,2312,38.06,10142,89858
200000,59,180011.0,2627,55.34,19989,180011
400000,59,359836.0,3282,90.15,40164,359836
600000,59,539628.0,3917,126.02,60372,539628
800000,59,719686.0,4539,159.24,80314,719686
1000000,59,899905.0,5207,195.98,100095,899905
2,60,2.0,2,0.02,0,2
3,60,3.0,3,0.03,0,3
100,60,93.0,100,1.0,7,93
200,60,180.0,200,2.0,20,180
2000,60,1791.0,1967,20.57,209,1791
10000,60,8904.0,9953,102.86,1096,8904
20000,60,17826.0,19939,203.98,2174,17826
40000,60,35665.0,39901,406.3,4335,35665
60000,60,53414.0,59864,608.9,6586,53414
80000,60,71197.0,79775,811.07,8803,71197
100000,60,88983.0,99748,1013.5,11017,88983
200000,60,178207.0,180706,1836.49,21793,178207
400000,60,357890.0,181363,1870.87,42110,357890
600000,60,537800.0,182059,1911.13,62200,537800
800000,60,717895.0,182731,1947.01,82105,717895
1000000,60,897960.0,183357,1982.52,102040,897960
2,61,2.0,2,0.02,0,2
3,61,3.0,3,0.03,0,3
100,61,86.0,100,1.0,14,86
200,61,176.0,200,2.0,24,176
2000,61,1782.0,287,3.14,218,1782
10000,61,9013.0,307,3.7,987,9013
20000,61,17984.0,353,6.68,2016,17984
40000,61,35907.0,409,9.67,4093,35907
60000,61,53992.0,479,13.34,6008,53992
80000,61,72005.0,546,17.7,7995,72005
100000,61,90056.0,623,21.71,9944,90056
200000,61,180050.0,966,41.7,19950,180050
400000,61,359764.0,1640,79.04,40236,359764
600000,61,539726.0,2302,114.73,60274,539726
800000,61,719611.0,2967,151.62,80389,719611
1000000,61,899744.0,3597,184.29,100256,899744
2,62,2.0,2,0.02,0,2
3,62,3.0,3,0.03,0,3
100,62,94.0,100,1.0,6,94
200,62,187.0,200,2.0,13,187
2000,62,1784.0,1988,19.88,216,1784
10000,62,8880.0,9976,101.11,1120,8880
20000,62,17733.0,19917,201.6,2267,17733
40000,62,35594.0,39756,402.96,4406,35594
60000,62,53456.0,59334,602.25,6544,53456
80000,62,71261.0,79301,804.53,8739,71261
100000,62,89063.0,99264,1007.49,10937,89063
200000,62,178099.0,198622,2014.48,21901,178099
400000,62,357947.0,218645,2244.23,42053,357947
600000,62,538155.0,219280,2280.64,61845,538155
800000,62,718266.0,219947,2314.49,81734,718266
1000000,62,898355.0,220588,2350.33,101645,898355
2,63,1.0,2,0.02,1,1
3,63,2.0,3,0.03,1,2
100,63,81.0,98,0.98,19,81
200,63,170.0,198,1.98,30,170
2000,63,1780.0,1997,20.33,220,1780
10000,63,8909.0,9981,101.16,1091,8909
20000,63,17830.0,19909,202.24,2170,17830
40000,63,35594.0,37452,380.82,4406,35594
60000,63,53644.0,37518,384.36,6356,53644
80000,63,71633.0,37587,387.66,8367,71633
100000,63,89699.0,37667,391.97,10301,89699
200000,63,179747.0,38025,412.29,20253,179747
400000,63,359681.0,38744,451.79,40319,359681
600000,63,539533.0,39427,490.03,60467,539533
800000,63,719537.0,40113,528.66,80463,719537
1000000,63,899651.0,40763,565.49,100349,899651
2,64,2.0,2,0.02,0,2
3,64,3.0,3,0.03,0,3
100,64,87.0,100,1.0,13,87
200,64,175.0,200,2.0,25,175
2000,64,1805.0,584,6.29,195,1805
10000,64,9022.0,614,8.12,978,9022
20000,64,18023.0,653,10.49,1977,18023
40000,64,36026.0,727,14.74,3974,36026
60000,64,53949.0,788,18.68,6051,53949
80000,64,71982.0,845,22.13,8018,71982
100000,64,89949.0,915,25.98,10051,89949
200000,64,180048.0,1266,44.88,19952,180048
400000,64,360059.0,1933,82.33,39941,360059
600000,64,539940.0,2606,118.13,60060,539940
800000,64,719975.0,3239,151.19,80025,719975
1000000,64,899823.0,3899,188.12,100177,899823
2,65,2.0,2,0.02,0,2
3,65,3.0,3,0.03,0,3
100,65,89.0,97,0.97,11,89
200,65,176.0,197,1.97,24,176
2000,65,1803.0,1995,21.66,197,1803
10000,65,8916.0,9967,102.55,1084,8916
20000,65,17853.0,19925,204.02,2147,17853
40000,65,35687.0,39892,406.75,4313,35687
60000,65,53510.0,59865,609.09,6490,53510
80000,65,71282.0,79829,811.7,8718,71282
100000,65,89105.0,99795,1014.78,10895,89105
200000,65,178134.0,199635,2026.68,21866,178134
400000,65,356089.0,399273,4055.01,43911,356089
600000,65,533966.0,598829,6080.18,66034,533966
800000,65,712088.0,798459,8104.11,87912,712088
1000000,65,889980.0,997527,10127.1,110020,889980
2,66,1.0,2,0.02,1,1
3,66,2.0,3,0.03,1,2
100,66,87.0,100,1.0,13,87
200,66,176.0,200,2.0,24,176
2000,66,1794.0,1955,20.63,206,1794
10000,66,8910.0,9948,101.91,1090,8910
20000,66,17844.0,19913,203.0,2156,17844
40000,66,35656.0,39882,404.76,4344,35656
60000,66,53418.0,59843,606.8,6582,53418
80000,66,71263.0,79809,809.61,8737,71263
100000,66,89037.0,99766,1012.24,10963,89037
200000,66,178941.0,127044,1301.58,21059,178941
400000,66,358767.0,127705,1337.62,41233,358767
600000,66,538797.0,128428,1378.51,61203,538797
800000,66,718723.0,129078,1414.35,81277,718723
1000000,66,898801.0,129798,1454.22,101199,898801
2,67,2.0,2,0.02,0,2
3,67,3.0,3,0.03,0,3
100,67,84.0,100,1.0,16,84
200,67,172.0,200,2.0,28,172
2000,67,1763.0,1990,20.71,237,1763
10000,67,8935.0,4628,48.26,1065,8935
20000,67,17997.0,4655,49.7,2003,17997
40000,67,36011.0,4718,53.21,3989,36011
60000,67,53978.0,4794,57.66,6022,53978
80000,67,71897.0,4874,60.62,8103,71897
100000,67,89944.0,4946,64.67,10056,89944
200000,67,179811.0,5249,82.01,20189,179811
400000,67,359657.0,5910,119.31,40343,359657
600000,67,539540.0,6518,151.4,60460,539540
800000,67,719645.0,7232,189.05,80355,719645
1000000,67,899583.0,7900,227.41,100417,899583
2,68,2.0,2,0.02,0,2
3,68,3.0,3,0.03,0,3
100,68,89.0,100,1.0,11,89
200,68,174.0,200,2.81,26,174
2000,68,1784.0,1965,20.91,216,1784
10000,68,8904.0,9955,101.62,1096,8904
20000,68,17781.0,19940,204.62,2219,17781
40000,68,35540.0,39906,408.87,4460,35540
60000,68,53351.0,59852,611.03,6649,53351
80000,68,71224.0,79823,813.44,8776,71224
100000,68,89023.0,99792,1016.37,10977,89023
200000,68,178369.0,162500,1656.95,21631,178369
400000,68,358338.0,163136,1692.47,41662,358338
600000,68,538187.0,163781,1726.28,61813,538187
800000,68,718042.0,164446,1764.07,81958,718042
1000000,68,898142.0,165058,1796.83,101858,898142
2,69,2.0,2,0.02,0,2
3,69,3.0,3,0.03,0,3
100,69,89.0,100,1.0,11,89
200,69,174.0,200,2.0,26,174
2000,69,1773.0,1993,20.02,227,1773
10000,69,8950.0,6383,64.73,1050,8950
20000,69,17952.0,6417,66.51,2048,17952
40000,69,36017.0,6489,70.29,3983,36017
60000,69,54076.0,6543,73.53,5924,54076
80000,69,72023.0,6601,76.72,7977,72023
100000,69,90063.0,6689,81.38,9937,90063
200000,69,180193.0,7003,98.56,19807,180193
400000,69,360169.0,7670,134.57,39831,360169
600000,69,540070.0,8366,173.57,59930,540070
800000,69,720095.0,9019,208.99,79905,720095
1000000,69,900185.0,9663,243.42,99815,900185
2,70,2.0,2,0.02,0,2
3,70,2.0,3,0.03,1,2
100,70,89.0,100,1.18,11,89
200,70,176.0,200,2.18,24,176
2000,70,1778.0,1983,20.19,222,1778
10000,70,8864.0,9973,100.9,1136,8864
20000,70,17706.0,19961,204.02,2294,17706
40000,70,35568.0,39929,409.64,4432,35568
60000,70,53536.0,45982,472.96,6464,53536
80000,70,71524.0,46039,475.51,8476,71524
100000,70,89537.0,46108,479.08,10463,89537
200000,70,179508.0,46443,497.46,20492,179508
400000,70,359394.0,47071,531.37,40606,359394
600000,70,539088.0,47710,566.65,60912,539088
800000,70,719076.0,48351,601.23,80924,719076
1000000,70,899107.0,48997,636.76,100893,899107
2,71,2.0,2,0.02,0,2
3,71,3.0,3,0.03,0,3
100,71,92.0,100,1.0,8,92
200,71,186.0,200,2.0,14,186
2000,71,1762.0,1986,20.4,238,1762
10000,71,8909.0,9974,101.63,1091,8909
20000,71,17819.0,19957,202.99,2181,17819
40000,71,35617.0,39921,405.69,4383,35617
60000,71,53431.0,59895,607.68,6569,53431
80000,71,71254.0,79869,810.84,8746,71254
100000,71,89051.0,99802,1014.94,10949,89051
200000,71,178212.0,199563,2025.96,21788,178212
400000,71,357684.0,260749,2667.52,42316,357684
600000,71,537892.0,261419,2704.82,62108,537892
800000,71,717888.0,262098,2741.94,82112,717888
1000000,71,897750.0,262717,2776.84,102250,897750
2,72,2.0,2,0.02,0,2
3,72,3.0,3,0.03,0,3
100,72,91.0,100,1.18,9,91
200,72,179.0,183,2.19,21,179
2000,72,1799.0,1974,20.1,201,1799
10000,72,8939.0,9962,101.69,1061,8939
20000,72,17849.0,19949,203.36,2151,17849
40000,72,35633.0,39914,405.71,4367,35633
60000,72,53405.0,59874,607.83,6595,53405
80000,72,71221.0,79831,810.82,8779,71221
100000,72,88982.0,99792,1014.12,11018,88982
200000,72,177914.0,199528,2023.99,22086,177914
400000,72,355851.0,398470,4041.22,44149,355851
600000,72,534453.0,526276,5348.44,65547,534453
800000,72,714347.0,526941,5384.88,85653,714347
1000000,72,894280.0,527661,5423.22,105720,894280
2,73,2.0,2,0.02,0,2
3,73,3.0,3,0.03,0,3
100,73,91.0,100,1.0,9,91
200,73,178.0,175,1.75,22,178
2000,73,1803.0,809,8.81,197,1803
10000,73,9006.0,831,10.11,994,9006
20000,73,18021.0,862,12.04,1979,18021
40000,73,36035.0,947,17.12,3965,36035
60000,73,54005.0,1007,20.24,5995,54005
80000,73,72072.0,1069,23.47,7928,72072
100000,73,90161.0,1128,26.76,9839,90161
200000,73,180115.0,1449,44.82,19885,180115
400000,73,360023.0,2117,80.57,39977,360023
600000,73,540213.0,2731,112.54,59787,540213
800000,73,720313.0,3406,147.64,79687,720313
1000000,73,900205.0,4068,183.24,99795,900205
2,74,2.0,2,0.02,0,2
3,74,2.0,3,0.03,1,2
100,74,87.0,100,1.0,13,87
200,74,173.0,200,2.09,27,173
2000,74,1774.0,785,8.12,226,1774
10000,74,8944.0,819,9.99,1056,8944
20000,74,17932.0,851,11.39,2068,17932
40000,74,35873.0,923,15.62,4127,35873
60000,74,53845.0,982,19.18,6155,53845
80000,74,71959.0,1049,22.19,8041,71959
100000,74,89908.0,1120,27.04,10092,89908
200000,74,179959.0,1459,47.08,20041,179959
400000,74,359877.0,2103,81.33,40123,359877
600000,74,539770.0,2791,118.72,60230,539770
800000,74,719636.0,3487,156.01,80364,719636
1000000,74,899618.0,4191,195.18,100382,899618
2,75,2.0,2,0.02,0,2
3,75,2.0,3,0.03,1,2
100,75,88.0,90,0.9,12,88
200,75,174.0,190,2.08,26,174
2000,75,1779.0,1988,20.33,221,1779
10000,75,8900.0,9958,100.93,1100,8900
20000,75,17864.0,19933,201.76,2136,17864
40000,75,35685.0,39900,403.86,4315,35685
60000,75,53528.0,59868,607.32,6472,53528
80000,75,71343.0,79833,810.12,8657,71343
100000,75,89060.0,99804,1012.26,10940,89060
200000,75,177967.0,199650,2025.03,22033,177967
400000,75,356019.0,399312,4050.99,43981,356019
600000,75,533902.0,598977,6078.06,66098,533902
800000,75,712187.0,762818,7745.81,87813,712187
1000000,75,892090.0,763513,7784.08,107910,892090
2,76,2.0,2,0.02,0,2
3,76,3.0,3,0.03,0,3
100,76,90.0,100,1.0,10,90
200,76,184.0,105,1.05,16,184
2000,76,1808.0,382,4.18,192,1808
10000,76,9020.0,403,5.29,980,9020
20000,76,17989.0,433,7.39,2011,17989
40000,76,36043.0,503,11.6,3957,36043
60000,76,53950.0,574,16.0,6050,53950
80000,76,71914.0,645,20.4,8086,71914
100000,76,89919.0,719,24.74,10081,89919
200000,76,179884.0,1070,43.91,20116,179884
400000,76,359922.0,1714,78.97,40078,359922
600000,76,539857.0,2395,115.39,60143,539857
800000,76,719829.0,3042,151.65,80171,719829
1000000,76,899891.0,3767,190.85,100109,899891
2,77,2.0,2,0.02,0,2
3,77,3.0,3,0.03,0,3
100,77,93.0,100,1.36,7,93
200,77,179.0,200,2.45,21,179
2000,77,1761.0,1736,17.99,239,1761
10000,77,8963.0,9719,98.81,1037,8963
20000,77,17870.0,19702,200.17,2130,17870
40000,77,35590.0,39676,402.88,4410,35590
60000,77,53360.0,59641,605.68,6640,53360
80000,77,71108.0,79610,807.98,8892,71108
100000,77,88921.0,99541,1010.26,11079,88921
200000,77,177888.0,199362,2021.61,22112,177888
400000,77,355925.0,399045,4049.22,44075,355925
600000,77,533719.0,598698,6073.56,66281,533719
800000,77,712446.0,744936,7566.27,87554,712446
1000000,77,892271.0,745592,7601.27,107729,892271
2,78,1.0,2,0.02,1,1
3,78,2.0,3,0.03,1,2
100,78,89.0,9,0.09,11,89
200,78,182.0,9,0.09,18,182
2000,78,1799.0,23,1.22,201,1799
10000,78,8997.0,45,2.16,1003,8997
20000,78,18025.0,91,4.96,1975,18025
40000,78,35985.0,162,8.64,4015,35985
60000,78,54022.0,220,11.2,5978,54022
80000,78,72014.0,282,14.52,7986,72014
100000,78,89985.0,363,19.02,10015,89985
200000,78,179941.0,719,38.06,20059,179941
400000,78,359961.0,1368,73.08,40039,359961
600000,78,539977.0,2064,111.99,60023,539977
800000,78,719977.0,2710,148.33,80023,719977
1000000,78,900064.0,3323,184.34,99936,900064
2,79,1.0,2,0.02,1,1
3,79,2.0,3,0.03,1,2
100,79,90.0,100,1.0,10,90
200,79,175.0,200,2.0,25,175
2000,79,1761.0,2000,20.45,239,1761
10000,79,8865.0,9938,101.09,1135,8865
20000,79,17765.0,19885,202.09,2235,17765
40000,79,35505.0,39842,404.45,4495,35505
60000,79,53322.0,59801,606.83,6678,53322
80000,79,71172.0,73068,742.47,8828,71172
100000,79,89136.0,73139,746.33,10864,89136
200000,79,179234.0,73482,765.51,20766,179234
400000,79,359125.0,74104,800.35,40875,359125
600000,79,539042.0,74756,836.3,60958,539042
800000,79,718911.0,75436,875.23,81089,718911
1000000,79,898777.0,76097,911.36,101223,898777
2,80,2.0,2,0.02,0,2
3,80,3.0,3,0.03,0,3
100,80,90.0,100,1.0,10,90
200,80,178.0,200,2.0,22,178
2000,80,1778.0,1964,20.09,222,1778
10000,80,8877.0,9946,101.53,1123,8877
20000,80,17824.0,14277,146.91,2176,17824
40000,80,35921.0,14339,149.87,4079,35921
60000,80,53900.0,14402,154.01,6100,53900
80000,80,71880.0,14479,158.2,8120,71880
100000,80,89926.0,14554,162.01,10074,89926
200000,80,180002.0,14887,181.36,19998,180002
400000,80,360047.0,15537,215.76,39953,360047
600000,80,539942.0,16167,250.68,60058,539942
800000,80,719905.0,16824,286.14,80095,719905
1000000,80,899611.0,17494,324.34,100389,899611
2,81,2.0,2,0.02,0,2
3,81,3.0,3,0.03,0,3
100,81,93.0,100,1.0,7,93
200,81,184.0,200,2.36,16,184
2000,81,1773.0,1995,20.67,227,1773
10000,81,8870.0,9976,102.1,1130,8870
20000,81,17731.0,19962,203.4,2269,17731
40000,81,35623.0,26675,273.86,4377,35623
60000,81,53560.0,26735,276.26,6440,53560
80000,81,71524.0,26799,279.6,8476,71524
100000,81,89503.0,26874,283.32,10497,89503
200000,81,179607.0,27230,301.91,20393,179607
400000,81,359458.0,27885,338.16,40542,359458
600000,81,539313.0,28576,376.03,60687,539313
800000,81,719186.0,29255,412.79,80814,719186
1000000,81,899000.0,29976,450.69,101000,899000
2,82,1.0,2,0.02,1,1
3,82,2.0,3,0.03,1,2
100,82,90.0,100,1.0,10,90
200,82,181.0,200,2.0,19,181
2000,82,1756.0,1996,20.95,244,1756
10000,82,8865.0,9984,101.91,1135,8865
20000,82,17779.0,19968,203.1,2221,17779
40000,82,35652.0,31547,321.95,4348,35652
60000,82,53699.0,31625,325.52,6301,53699
80000,82,71693.0,31690,328.78,8307,71693
100000,82,89675.0,31746,331.5,10325,89675
200000,82,179593.0,32075,349.1,20407,179593
400000,82,359515.0,32708,383.33,40485,359515
600000,82,539666.0,33393,422.13,60334,539666
800000,82,719697.0,34092,461.16,80303,719697
1000000,82,899385.0,34793,498.77,100615,899385
2,83,2.0,2,0.02,0,2
3,83,3.0,3,0.03,0,3
100,83,90.0,61,0.61,10,90
200,83,183.0,62,0.62,17,183
2000,83,1816.0,77,1.94,184,1816
10000,83,9030.0,107,3.41,970,9030
20000,83,18007.0,139,4.81,1993,18007
40000,83,35945.0,212,9.05,4055,35945
60000,83,53957.0,362,13.34,6043,53957
80000,83,71934.0,430,16.18,8066,71934
100000,83,89952.0,500,19.76,10048,89952
200000,83,179940.0,858,39.0,20060,179940
400000,83,359980.0,1486,72.55,40020,359980
600000,83,539844.0,2132,108.71,60156,539844
800000,83,719832.0,2814,146.49,80168,719832
1000000,83,899774.0,3451,181.93,100226,899774
2,84,2.0,2,0.02,0,2
3,84,3.0,3,0.03,0,3
100,84,95.0,100,1.0,5,95
200,84,182.0,200,3.44,18,182
2000,84,1774.0,2000,21.44,226,1774
10000,84,8960.0,3097,33.58,1040,8960
20000,84,17955.0,3132,35.64,2045,17955
40000,84,35995.0,3198,39.63,4005,35995
60000,84,54029.0,3269,43.49,5971,54029
80000,84,72021.0,3327,46.95,7979,72021
100000,84,90001.0,3397,51.34,9999,90001
200000,84,179892.0,3723,69.27,20108,179892
400000,84,359948.0,4362,104.28,40052,359948
600000,84,540068.0,5012,139.49,59932,540068
800000,84,719955.0,5654,173.63,80045,719955
1000000,84,899912.0,6316,209.5,100088,899912
2,85,2.0,2,0.02,0,2
3,85,2.0,3,0.03,1,2
100,85,90.0,100,1.63,10,90
200,85,178.0,200,2.63,22,178
2000,85,1776.0,1991,20.9,224,1776
10000,85,8949.0,9976,101.83,1051,8949
20000,85,17867.0,19962,203.22,2133,17867
40000,85,35649.0,39934,406.54,4351,35649
60000,85,53503.0,59899,608.98,6497,53503
80000,85,71332.0,79867,811.63,8668,71332
100000,85,89158.0,99824,1013.45,10842,89158
200000,85,178021.0,199655,2025.89,21979,178021
400000,85,357538.0,240939,2468.7,42462,357538
600000,85,537346.0,241579,2503.18,62654,537346
800000,85,717189.0,242263,2542.33,82811,717189
1000000,85,897142.0,242953,2581.09,102858,897142
2,86,2.0,2,0.02,0,2
3,86,2.0,3,0.03,1,2
100,86,91.0,74,1.37,9,91
200,86,182.0,163,2.26,18,182
2000,86,1789.0,1951,20.32,211,1789
10000,86,8886.0,9928,100.81,1114,8886
20000,86,17762.0,19907,202.76,2238,17762
40000,86,35585.0,39868,405.07,4415,35585
60000,86,53420.0,59792,607.82,6580,53420
80000,86,71243.0,79652,809.39,8757,71243
100000,86,89030.0,99613,1011.88,10970,89030
200000,86,178534.0,150914,1541.27,21466,178534
400000,86,358441.0,151573,1578.82,41559,358441
600000,86,538062.0,152231,1615.46,61938,538062
800000,86,718083.0,152917,1652.56,81917,718083
1000000,86,897983.0,153614,1691.3,102017,897983
2,87,2.0,2,0.02,0,2
3,87,3.0,3,0.03,0,3
100,87,94.0,100,1.0,6,94
200,87,181.0,200,2.0,19,181
2000,87,1766.0,1998,20.25,234,1766
10000,87,8931.0,6067,62.2,1069,8931
20000,87,17963.0,6101,64.16,2037,17963
40000,87,35926.0,6162,67.11,4074,35926
60000,87,53919.0,6225,70.44,6081,53919
80000,87,71868.0,6281,74.06,8132,71868
100000,87,89888.0,6359,78.44,10112,89888
200000,87,179984.0,6696,96.93,20016,179984
400000,87,359842.0,7402,135.4,40158,359842
600000,87,539673.0,8077,171.85,60327,539673
800000,87,719729.0,8718,206.97,80271,719729
1000000,87,899750.0,9419,247.91,100250,899750
2,88,1.0,2,0.02,1,1
3,88,2.0,3,0.03,1,2
100,88,93.0,100,1.0,7,93
200,88,185.0,200,2.0,15,185
2000,88,1797.0,1998,20.43,203,1797
10000,88,8920.0,9983,100.91,1080,8920
20000,88,17788.0,19967,202.28,2212,17788
40000,88,35645.0,39928,405.04,4355,35645
60000,88,53419.0,59869,608.41,6581,53419
80000,88,71270.0,79821,810.72,8730,71270
100000,88,89140.0,99800,1013.75,10860,89140
200000,88,178000.0,199212,2025.69,22000,178000
400000,88,356089.0,398870,4053.05,43911,356089
600000,88,534011.0,598541,6079.64,65989,534011
800000,88,712155.0,798229,8106.76,87845,712155
1000000,88,890034.0,997911,10132.29,109966,890034
2,89,2.0,2,0.02,0,2
3,89,3.0,3,0.03,0,3
100,89,86.0,100,1.27,14,86
200,89,181.0,200,2.27,19,181
2000,89,1794.0,1992,20.37,206,1794
10000,89,8961.0,9573,98.61,1039,8961
20000,89,17886.0,17468,179.27,2114,17886
40000,89,35870.0,20789,216.35,4130,35870
60000,89,53809.0,20846,219.98,6191,53809
80000,89,71812.0,20906,223.73,8188,71812
100000,89,89761.0,20986,228.04,10239,89761
200000,89,179656.0,21336,245.22,20344,179656
400000,89,359711.0,22020,283.11,40289,359711
600000,89,539562.0,22707,321.12,60438,539562
800000,89,719689.0,23410,360.91,80311,719689
1000000,89,900190.0,24063,398.58,99810,900190
2,90,1.0,2,0.02,1,1
3,90,2.0,3,0.03,1,2
100,90,90.0,100,1.0,10,90
200,90,178.0,200,2.0,22,178
2000,90,1790.0,1997,20.33,210,1790
10000,90,8945.0,9447,95.91,1055,8945
20000,90,17870.0,19429,196.99,2130,17870
40000,90,35650.0,39400,399.85,4350,35650
60000,90,53394.0,59375,602.3,6606,53394
80000,90,71190.0,79345,804.43,8810,71190
100000,90,88954.0,99314,1007.45,11046,88954
200000,90,178005.0,179804,1827.11,21995,178005
400000,90,358023.0,180485,1864.52,41977,358023
600000,90,538168.0,181132,1898.8,61832,538168
800000,90,718107.0,181792,1934.02,81893,718107
1000000,90,897863.0,182476,1972.27,102137,897863
2,91,2.0,2,0.02,0,2
3,91,3.0,3,0.03,0,3
100,91,89.0,100,1.09,11,89
200,91,175.0,200,2.18,25,175
2000,91,1764.0,1985,20.48,236,1764
10000,91,8864.0,9966,101.73,1136,8864
20000,91,17836.0,13401,137.61,2164,17836
40000,91,35816.0,13477,141.88,4184,35816
60000,91,53889.0,13561,146.59,6111,53889
80000,91,71807.0,13635,150.93,8193,71807
100000,91,89865.0,13705,154.51,10135,89865
200000,91,179789.0,14018,172.31,20211,179789
400000,91,359748.0,14659,207.43,40252,359748
600000,91,539719.0,15268,242.05,60281,539719
800000,91,719985.0,15918,278.88,80015,719985
1000000,91,899757.0,16589,316.73,100243,899757
2,92,2.0,2,0.02,0,2
3,92,3.0,3,0.03,0,3
100,92,88.0,96,1.05,12,88
200,92,176.0,195,2.04,24,176
2000,92,1773.0,1990,19.99,227,1773
10000,92,8924.0,9974,100.46,1076,8924
20000,92,17808.0,19951,201.58,2192,17808
40000,92,35660.0,30767,312.98,4340,35660
60000,92,53663.0,30832,315.97,6337,53663
80000,92,71598.0,30900,319.17,8402,71598
100000,92,89601.0,30965,323.15,10399,89601
200000,92,179353.0,31294,341.2,20647,179353
400000,92,359430.0,31991,381.38,40570,359430
600000,92,539387.0,32676,420.63,60613,539387
800000,92,719372.0,33339,457.95,80628,719372
1000000,92,899391.0,33947,492.11,100609,899391
2,93,1.0,2,0.02,1,1
3,93,1.0,3,0.03,2,1
100,93,89.0,100,1.0,11,89
200,93,182.0,200,2.0,18,182
2000,93,1782.0,542,7.49,218,1782
10000,93,8986.0,567,8.73,1014,8986
20000,93,17944.0,596,10.64,2056,17944
40000,93,35894.0,680,14.81,4106,35894
60000,93,53841.0,739,18.55,6159,53841
80000,93,71798.0,796,22.09,8202,71798
100000,93,89813.0,871,25.72,10187,89813
200000,93,179875.0,1207,44.47,20125,179875
400000,93,359959.0,1853,78.11,40041,359959
600000,93,539979.0,2516,115.07,60021,539979
800000,93,719885.0,3166,149.47,80115,719885
1000000,93,899591.0,3883,191.92,100409,899591
2,94,2.0,2,0.02,0,2
3,94,3.0,3,0.03,0,3
100,94,90.0,100,1.0,10,90
200,94,177.0,200,2.0,23,177
2000,94,1781.0,2000,20.72,219,1781
10000,94,8842.0,9994,101.47,1158,8842
20000,94,17840.0,11204,115.01,2160,17840
40000,94,35819.0,11285,119.06,4181,35819
60000,94,53868.0,11345,122.27,6132,53868
80000,94,71872.0,11393,124.28,8128,71872
100000,94,89916.0,11459,128.45,10084,89916
200000,94,179792.0,11778,146.31,20208,179792
400000,94,359813.0,12439,182.08,40187,359813
600000,94,539711.0,13135,219.37,60289,539711
800000,94,719364.0,13812,256.83,80636,719364
1000000,94,899329.0,14443,290.41,100671,899329
2,95,2.0,2,0.02,0,2
3,95,3.0,3,0.03,0,3
100,95,84.0,100,1.0,16,84
200,95,174.0,200,2.0,26,174
2000,95,1804.0,1990,19.99,196,1804
10000,95,8908.0,9950,101.12,1092,8908
20000,95,17786.0,19931,202.64,2214,17786
40000,95,35527.0,39884,404.42,4473,35527
60000,95,53275.0,59858,608.12,6725,53275
80000,95,71144.0,76218,775.32,8856,71144
100000,95,89149.0,76288,779.53,10851,89149
200000,95,179126.0,76581,794.79,20874,179126
400000,95,358952.0,77278,833.44,41048,358952
600000,95,539170.0,77987,870.5,60830,539170
800000,95,718868.0,78696,907.74,81132,718868
1000000,95,898739.0,79320,940.35,101261,898739
2,96,2.0,2,0.02,0,2
3,96,3.0,3,0.03,0,3
100,96,89.0,100,1.0,11,89
200,96,184.0,200,2.0,16,184
2000,96,1806.0,1616,16.97,194,1806
10000,96,8893.0,8796,89.67,1107,8893
20000,96,17799.0,18672,190.14,2201,17799
40000,96,35596.0,38634,392.28,4404,35596
60000,96,53469.0,58600,595.63,6531,53469
80000,96,71233.0,78578,798.29,8767,71233
100000,96,88979.0,98514,1000.44,11021,88979
200000,96,179141.0,103921,1070.26,20859,179141
400000,96,359289.0,104608,1109.44,40711,359289
600000,96,539395.0,105278,1144.94,60605,539395
800000,96,719572.0,105964,1183.03,80428,719572
1000000,96,899502.0,106640,1219.85,100498,899502
2,97,2.0,2,0.02,0,2
3,97,3.0,3,0.03,0,3
100,97,90.0,94,0.94,10,90
200,97,178.0,194,1.94,22,178
2000,97,1768.0,1992,20.37,232,1768
10000,97,8908.0,9982,102.43,1092,8908
20000,97,17791.0,19967,205.07,2209,17791
40000,97,35569.0,39923,407.6,4431,35569
60000,97,53329.0,59883,610.8,6671,53329
80000,97,71113.0,79846,812.41,8887,71113
100000,97,88803.0,99812,1014.5,11197,88803
200000,97,177834.0,199649,2029.16,22166,177834
400000,97,355818.0,399334,4055.08,44182,355818
600000,97,533813.0,598609,6076.99,66187,533813
800000,97,712029.0,798302,8102.72,87971,712029
1000000,97,890106.0,997918,10130.02,109894,890106
2,98,1.0,2,0.02,1,1
3,98,1.0,3,0.03,2,1
100,98,90.0,100,1.0,10,90
200,98,177.0,200,2.0,23,177
2000,98,1785.0,247,3.01,215,1785
10000,98,8972.0,328,9.49,1028,8972
20000,98,18000.0,371,11.81,2000,18000
40000,98,35970.0,438,15.63,4030,35970
60000,98,53986.0,507,20.1,6014,53986
80000,98,71910.0,563,23.27,8090,71910
100000,98,89942.0,637,26.89,10058,89942
200000,98,179877.0,969,47.22,20123,179877
400000,98,359773.0,1637,85.04,40227,359773
600000,98,539965.0,2356,126.25,60035,539965
800000,98,719945.0,3057,165.12,80055,719945
1000000,98,899901.0,3725,201.77,100099,899901
2,99,0.0,2,0.02,2,0
3,99,1.0,3,0.03,2,1
100,99,85.0,100,1.0,15,85
200,99,174.0,200,2.09,26,174
2000,99,1772.0,1996,20.23,228,1772
10000,99,8929.0,4040,42.38,1071,8929
20000,99,17950.0,4076,44.45,2050,17950
40000,99,35998.0,4154,48.2,4002,35998
60000,99,54035.0,4234,52.51,5965,54035
80000,99,71991.0,4303,56.71,8009,71991
100000,99,89969.0,4365,60.57,10031,89969
200000,99,180016.0,4707,79.2,19984,180016
400000,99,360079.0,5371,114.82,39921,360079
600000,99,540115.0,6042,151.14,59885,540115
800000,99,719907.0,6709,185.71,80093,719907
1000000,99,899847.0,7324,218.05,100153,899847
2,100,2.0,2,0.02,0,2
3,100,3.0,3,0.03,0,3
100,100,93.0,100,1.0,7,93
200,100,187.0,200,2.0,13,187
2000,100,1781.0,1995,20.22,219,1781
10000,100,8923.0,9901,100.18,1077,8923
20000,100,17851.0,19090,193.33,2149,17851
40000,100,35604.0,39052,395.92,4396,35604
60000,100,53354.0,59024,597.8,6646,53354
80000,100,71108.0,78979,800.05,8892,71108
100000,100,88938.0,98949,1002.9,11062,88938
200000,100,177862.0,198770,2015.96,22138,177862
400000,100,355755.0,398422,4041.91,44245,355755
600000,100,533679.0,598106,6068.36,66321,533679
800000,100,712587.0,706748,7185.74,87413,712587
1000000,100,892492.0,707439,7222.8,107508,892492
