Timestep,Iteration,Total Reward,Suboptimal Arms,Total Regret,Zeros Count,Ones Count
2,1,2.0,0,0.0,0,2
3,1,3.0,0,0.0,0,3
100,1,86.0,0,0.0,14,86
200,1,172.0,0,0.0,28,172
2000,1,1715.0,3,0.15,285,1715
10000,1,8550.0,15,0.75,1450,8550
20000,1,17074.0,33,1.65,2926,17074
40000,1,34053.0,73,3.65,5947,34053
60000,1,51056.0,118,5.9,8944,51056
80000,1,68044.0,172,8.6,11956,68044
100000,1,85091.0,222,11.1,14909,85091
200000,1,170061.0,461,23.05,29939,170061
400000,1,340007.0,928,46.4,59993,340007
600000,1,509886.0,1407,70.35,90114,509886
800000,1,679972.0,1890,94.5,120028,679972
1000000,1,850320.0,2374,118.7,149680,850320
2,2,1.0,0,0.0,1,1
3,2,2.0,0,0.0,1,2
100,2,87.0,0,0.0,13,87
200,2,178.0,0,0.0,22,178
2000,2,1711.0,21,1.05,289,1711
10000,2,8522.0,41,2.05,1478,8522
20000,2,16990.0,81,4.05,3010,16990
40000,2,34022.0,139,6.95,5978,34022
60000,2,50966.0,231,11.55,9034,50966
80000,2,67960.0,295,14.75,12040,67960
100000,2,85008.0,342,17.1,14992,85008
200000,2,169836.0,583,29.15,30164,169836
400000,2,339657.0,1083,54.15,60343,339657
600000,2,509550.0,1608,80.4,90450,509550
800000,2,679459.0,2119,105.95,120541,679459
1000000,2,849352.0,2599,129.95,150648,849352
2,3,1.0,0,0.0,1,1
3,3,2.0,0,0.0,1,2
100,3,91.0,0,0.0,9,91
200,3,175.0,0,0.0,25,175
2000,3,1699.0,8,0.4,301,1699
10000,3,8503.0,30,1.5,1497,8503
20000,3,16913.0,55,2.75,3087,16913
40000,3,33831.0,97,4.85,6169,33831
60000,3,50784.0,146,7.3,9216,50784
80000,3,67803.0,199,9.95,12197,67803
100000,3,84780.0,251,12.55,15220,84780
200000,3,169744.0,525,26.25,30256,169744
400000,3,339867.0,1015,50.75,60133,339867
600000,3,509732.0,1531,76.55,90268,509732
800000,3,679454.0,2009,100.45,120546,679454
1000000,3,849507.0,2487,124.35,150493,849507
2,4,2.0,0,0.0,0,2
3,4,2.0,0,0.0,1,2
100,4,86.0,0,0.0,14,86
200,4,170.0,15,0.75,30,170
2000,4,1705.0,19,0.95,295,1705
10000,4,8487.0,104,5.2,1513,8487
20000,4,17041.0,127,6.35,2959,17041
40000,4,34035.0,165,8.25,5965,34035
60000,4,51040.0,217,10.85,8960,51040
80000,4,68090.0,265,13.25,11910,68090
100000,4,85121.0,308,15.4,14879,85121
200000,4,170222.0,563,28.15,29778,170222
400000,4,340125.0,1058,52.9,59875,340125
600000,4,509974.0,1539,76.95,90026,509974
800000,4,680059.0,2048,102.4,119941,680059
1000000,4,850080.0,2599,129.95,149920,850080
2,5,2.0,0,0.0,0,2
3,5,3.0,0,0.0,0,3
100,5,86.0,0,0.0,14,86
200,5,167.0,0,0.0,33,167
2000,5,1693.0,0,0.0,307,1693
10000,5,8464.0,23,1.15,1536,8464
20000,5,16971.0,45,2.25,3029,16971
40000,5,33950.0,99,4.95,6050,33950
60000,5,50905.0,148,7.4,9095,50905
80000,5,67862.0,189,9.45,12138,67862
100000,5,84829.0,231,11.55,15171,84829
200000,5,169697.0,481,24.05,30303,169697
400000,5,339843.0,959,47.95,60157,339843
600000,5,509728.0,1461,73.05,90272,509728
800000,5,679459.0,1979,98.95,120541,679459
1000000,5,849216.0,2473,123.65,150784,849216
2,6,1.0,0,0.0,1,1
3,6,2.0,0,0.0,1,2
100,6,90.0,3,0.15,10,90
200,6,175.0,3,0.15,25,175
2000,6,1695.0,6,0.3,305,1695
10000,6,8498.0,24,1.2,1502,8498
20000,6,17038.0,52,2.6,2962,17038
40000,6,34043.0,101,5.05,5957,34043
60000,6,50975.0,142,7.1,9025,50975
80000,6,67993.0,197,9.85,12007,67993
100000,6,84985.0,252,12.6,15015,84985
200000,6,169851.0,508,25.4,30149,169851
400000,6,339786.0,1027,51.35,60214,339786
600000,6,509477.0,1533,76.65,90523,509477
800000,6,679439.0,2030,101.5,120561,679439
1000000,6,849444.0,2534,126.7,150556,849444
2,7,2.0,0,0.0,0,2
3,7,3.0,0,0.0,0,3
100,7,86.0,0,0.0,14,86
200,7,172.0,0,0.0,28,172
2000,7,1678.0,183,9.15,322,1678
10000,7,8500.0,201,10.05,1500,8500
20000,7,16998.0,228,11.4,3002,16998
40000,7,33980.0,288,14.4,6020,33980
60000,7,51026.0,337,16.85,8974,51026
80000,7,68031.0,385,19.25,11969,68031
100000,7,85009.0,433,21.65,14991,85009
200000,7,169964.0,683,34.15,30036,169964
400000,7,340216.0,1191,59.55,59784,340216
600000,7,510084.0,1669,83.45,89916,510084
800000,7,680015.0,2164,108.2,119985,680015
1000000,7,850104.0,2681,134.05,149896,850104
2,8,1.0,0,0.0,1,1
3,8,2.0,0,0.0,1,2
100,8,84.0,0,0.0,16,84
200,8,169.0,0,0.0,31,169
2000,8,1723.0,7,0.35,277,1723
10000,8,8554.0,22,1.1,1446,8554
20000,8,17079.0,47,2.35,2921,17079
40000,8,34106.0,92,4.6,5894,34106
60000,8,51154.0,138,6.9,8846,51154
80000,8,68173.0,182,9.1,11827,68173
100000,8,85248.0,241,12.05,14752,85248
200000,8,170419.0,493,24.65,29581,170419
400000,8,340170.0,997,49.85,59830,340170
600000,8,510285.0,1477,73.85,89715,510285
800000,8,680288.0,2012,100.6,119712,680288
1000000,8,850360.0,2493,124.65,149640,850360
2,9,2.0,0,0.0,0,2
3,9,3.0,0,0.0,0,3
100,9,80.0,0,0.0,20,80
200,9,168.0,0,0.0,32,168
2000,9,1658.0,724,36.2,342,1658
10000,9,8486.0,745,37.25,1514,8486
20000,9,16940.0,774,38.7,3060,16940
40000,9,33957.0,815,40.75,6043,33957
60000,9,50940.0,855,42.75,9060,50940
80000,9,67858.0,895,44.75,12142,67858
100000,9,84855.0,941,47.05,15145,84855
200000,9,169888.0,1182,59.1,30112,169888
400000,9,339698.0,1681,84.05,60302,339698
600000,9,509574.0,2159,107.95,90426,509574
800000,9,679378.0,2682,134.1,120622,679378
1000000,9,849483.0,3167,158.35,150517,849483
2,10,1.0,0,0.0,1,1
3,10,2.0,0,0.0,1,2
100,10,79.0,0,0.0,21,79
200,10,168.0,0,0.0,32,168
2000,10,1729.0,5,0.25,271,1729
10000,10,8524.0,47,2.35,1476,8524
20000,10,17015.0,64,3.2,2985,17015
40000,10,34028.0,114,5.7,5972,34028
60000,10,51067.0,179,8.95,8933,51067
80000,10,68029.0,230,11.5,11971,68029
100000,10,85100.0,284,14.2,14900,85100
200000,10,170143.0,506,25.3,29857,170143
400000,10,340158.0,999,49.95,59842,340158
600000,10,509939.0,1513,75.65,90061,509939
800000,10,680066.0,2019,100.95,119934,680066
1000000,10,850101.0,2518,125.9,149899,850101
2,11,2.0,0,0.0,0,2
3,11,3.0,0,0.0,0,3
100,11,81.0,0,0.0,19,81
200,11,167.0,0,0.0,33,167
2000,11,1694.0,36,1.8,306,1694
10000,11,8537.0,57,2.85,1463,8537
20000,11,17084.0,144,7.2,2916,17084
40000,11,34046.0,189,9.45,5954,34046
60000,11,50986.0,240,12.0,9014,50986
80000,11,68002.0,283,14.15,11998,68002
100000,11,85079.0,339,16.95,14921,85079
200000,11,169982.0,611,30.55,30018,169982
400000,11,339913.0,1089,54.45,60087,339913
600000,11,509991.0,1578,78.9,90009,509991
800000,11,680007.0,2070,103.5,119993,680007
1000000,11,849833.0,2588,129.4,150167,849833
2,12,2.0,0,0.0,0,2
3,12,3.0,0,0.0,0,3
100,12,86.0,19,0.95,14,86
200,12,166.0,23,1.15,34,166
2000,12,1698.0,32,1.6,302,1698
10000,12,8495.0,50,2.5,1505,8495
20000,12,16987.0,75,3.75,3013,16987
40000,12,34002.0,127,6.35,5998,34002
60000,12,51087.0,172,8.6,8913,51087
80000,12,68087.0,226,11.3,11913,68087
100000,12,85032.0,269,13.45,14968,85032
200000,12,170075.0,512,25.6,29925,170075
400000,12,340178.0,989,49.45,59822,340178
600000,12,510126.0,1524,76.2,89874,510126
800000,12,679825.0,1997,99.85,120175,679825
1000000,12,849690.0,2519,125.95,150310,849690
2,13,1.0,0,0.0,1,1
3,13,2.0,0,0.0,1,2
100,13,88.0,0,0.0,12,88
200,13,171.0,0,0.0,29,171
2000,13,1689.0,5,0.25,311,1689
10000,13,8516.0,63,3.15,1484,8516
20000,13,17062.0,98,4.9,2938,17062
40000,13,33968.0,155,7.75,6032,33968
60000,13,50984.0,196,9.8,9016,50984
80000,13,68021.0,240,12.0,11979,68021
100000,13,84930.0,292,14.6,15070,84930
200000,13,169976.0,556,27.8,30024,169976
400000,13,340228.0,1056,52.8,59772,340228
600000,13,510236.0,1599,79.95,89764,510236
800000,13,679919.0,2132,106.6,120081,679919
1000000,13,849997.0,2619,130.95,150003,849997
2,14,2.0,0,0.0,0,2
3,14,3.0,0,0.0,0,3
100,14,90.0,0,0.0,10,90
200,14,180.0,0,0.0,20,180
2000,14,1716.0,27,1.35,284,1716
10000,14,8492.0,47,2.35,1508,8492
20000,14,16992.0,73,3.65,3008,16992
40000,14,33967.0,125,6.25,6033,33967
60000,14,50969.0,176,8.8,9031,50969
80000,14,67986.0,231,11.55,12014,67986
100000,14,84992.0,282,14.1,15008,84992
200000,14,170069.0,524,26.2,29931,170069
400000,14,340086.0,1034,51.7,59914,340086
600000,14,510081.0,1523,76.15,89919,510081
800000,14,680023.0,2016,100.8,119977,680023
1000000,14,849882.0,2486,124.3,150118,849882
2,15,2.0,0,0.0,0,2
3,15,3.0,0,0.0,0,3
100,15,86.0,0,0.0,14,86
200,15,167.0,0,0.0,33,167
2000,15,1704.0,5,0.25,296,1704
10000,15,8522.0,24,1.2,1478,8522
20000,15,17128.0,44,2.2,2872,17128
40000,15,34112.0,82,4.1,5888,34112
60000,15,51091.0,138,6.9,8909,51091
80000,15,68078.0,181,9.05,11922,68078
100000,15,85030.0,232,11.6,14970,85030
200000,15,169983.0,478,23.9,30017,169983
400000,15,340041.0,979,48.95,59959,340041
600000,15,509908.0,1485,74.25,90092,509908
800000,15,680048.0,1965,98.25,119952,680048
1000000,15,849950.0,2487,124.35,150050,849950
2,16,1.0,0,0.0,1,1
3,16,1.0,0,0.0,2,1
100,16,80.0,0,0.0,20,80
200,16,166.0,0,0.0,34,166
2000,16,1693.0,22,1.1,307,1693
10000,16,8539.0,40,2.0,1461,8539
20000,16,17037.0,67,3.35,2963,17037
40000,16,34026.0,134,6.7,5974,34026
60000,16,50984.0,192,9.6,9016,50984
80000,16,67925.0,236,11.8,12075,67925
100000,16,84991.0,278,13.9,15009,84991
200000,16,170146.0,526,26.3,29854,170146
400000,16,340160.0,1027,51.35,59840,340160
600000,16,509995.0,1510,75.5,90005,509995
800000,16,680242.0,2032,101.6,119758,680242
1000000,16,850088.0,2551,127.55,149912,850088
2,17,1.0,0,0.0,1,1
3,17,2.0,0,0.0,1,2
100,17,83.0,0,0.0,17,83
200,17,167.0,0,0.0,33,167
2000,17,1682.0,4,0.2,318,1682
10000,17,8435.0,27,1.35,1565,8435
20000,17,16899.0,50,2.5,3101,16899
40000,17,33932.0,92,4.6,6068,33932
60000,17,50878.0,143,7.15,9122,50878
80000,17,67826.0,190,9.5,12174,67826
100000,17,84816.0,240,12.0,15184,84816
200000,17,169857.0,516,25.8,30143,169857
400000,17,340072.0,1044,52.2,59928,340072
600000,17,510135.0,1517,75.85,89865,510135
800000,17,680135.0,2057,102.85,119865,680135
1000000,17,849777.0,2561,128.05,150223,849777
2,18,2.0,0,0.0,0,2
3,18,3.0,0,0.0,0,3
100,18,88.0,3,0.15,12,88
200,18,175.0,4,0.2,25,175
2000,18,1704.0,12,0.6,296,1704
10000,18,8442.0,67,3.35,1558,8442
20000,18,16889.0,91,4.55,3111,16889
40000,18,33865.0,138,6.9,6135,33865
60000,18,50806.0,181,9.05,9194,50806
80000,18,67731.0,224,11.2,12269,67731
100000,18,84767.0,280,14.0,15233,84767
200000,18,169710.0,523,26.15,30290,169710
400000,18,339623.0,1021,51.05,60377,339623
600000,18,510034.0,1527,76.35,89966,510034
800000,18,680033.0,2037,101.85,119967,680033
1000000,18,849824.0,2566,128.3,150176,849824
2,19,0.0,0,0.0,2,0
3,19,1.0,0,0.0,2,1
100,19,83.0,0,0.0,17,83
200,19,171.0,3,0.15,29,171
2000,19,1702.0,3,0.15,298,1702
10000,19,8487.0,28,1.4,1513,8487
20000,19,16960.0,180,9.0,3040,16960
40000,19,33952.0,256,12.8,6048,33952
60000,19,51005.0,303,15.15,8995,51005
80000,19,68058.0,344,17.2,11942,68058
100000,19,85018.0,398,19.9,14982,85018
200000,19,170076.0,652,32.6,29924,170076
400000,19,339773.0,1114,55.7,60227,339773
600000,19,509677.0,1620,81.0,90323,509677
800000,19,679842.0,2118,105.9,120158,679842
1000000,19,849643.0,2595,129.75,150357,849643
2,20,1.0,0,0.0,1,1
3,20,2.0,0,0.0,1,2
100,20,84.0,0,0.0,16,84
200,20,158.0,2,0.1,42,158
2000,20,1698.0,7,0.35,302,1698
10000,20,8523.0,35,1.75,1477,8523
20000,20,16999.0,70,3.5,3001,16999
40000,20,33974.0,127,6.35,6026,33974
60000,20,50935.0,170,8.5,9065,50935
80000,20,67990.0,224,11.2,12010,67990
100000,20,84974.0,272,13.6,15026,84974
200000,20,170079.0,552,27.6,29921,170079
400000,20,339975.0,1066,53.3,60025,339975
600000,20,509623.0,1564,78.2,90377,509623
800000,20,679516.0,2036,101.8,120484,679516
1000000,20,849628.0,2514,125.7,150372,849628
2,21,1.0,0,0.0,1,1
3,21,2.0,0,0.0,1,2
100,21,83.0,2,0.1,17,83
200,21,166.0,2,0.1,34,166
2000,21,1700.0,8,0.4,300,1700
10000,21,8524.0,26,1.3,1476,8524
20000,21,16971.0,54,2.7,3029,16971
40000,21,33894.0,106,5.3,6106,33894
60000,21,50898.0,148,7.4,9102,50898
80000,21,67897.0,202,10.1,12103,67897
100000,21,84952.0,254,12.7,15048,84952
200000,21,169987.0,504,25.2,30013,169987
400000,21,339739.0,989,49.45,60261,339739
600000,21,509540.0,1517,75.85,90460,509540
800000,21,679643.0,1989,99.45,120357,679643
1000000,21,849733.0,2467,123.35,150267,849733
2,22,2.0,0,0.0,0,2
3,22,3.0,0,0.0,0,3
100,22,83.0,0,0.0,17,83
200,22,169.0,0,0.0,31,169
2000,22,1714.0,5,0.25,286,1714
10000,22,8533.0,111,5.55,1467,8533
20000,22,16968.0,137,6.85,3032,16968
40000,22,33995.0,178,8.9,6005,33995
60000,22,50967.0,234,11.7,9033,50967
80000,22,67962.0,278,13.9,12038,67962
100000,22,84948.0,322,16.1,15052,84948
200000,22,170117.0,565,28.25,29883,170117
400000,22,340132.0,1060,53.0,59868,340132
600000,22,509974.0,1566,78.3,90026,509974
800000,22,679607.0,2047,102.35,120393,679607
1000000,22,849943.0,2539,126.95,150057,849943
2,23,1.0,0,0.0,1,1
3,23,2.0,0,0.0,1,2
100,23,83.0,0,0.0,17,83
200,23,171.0,0,0.0,29,171
2000,23,1708.0,12,0.6,292,1708
10000,23,8536.0,57,2.85,1464,8536
20000,23,17093.0,77,3.85,2907,17093
40000,23,34075.0,190,9.5,5925,34075
60000,23,51059.0,248,12.4,8941,51059
80000,23,68051.0,303,15.15,11949,68051
100000,23,85082.0,365,18.25,14918,85082
200000,23,170246.0,591,29.55,29754,170246
400000,23,340218.0,1062,53.1,59782,340218
600000,23,510429.0,1540,77.0,89571,510429
800000,23,680412.0,2043,102.15,119588,680412
1000000,23,850629.0,2552,127.6,149371,850629
2,24,2.0,0,0.0,0,2
3,24,3.0,0,0.0,0,3
100,24,85.0,2,0.1,15,85
200,24,170.0,2,0.1,30,170
2000,24,1690.0,6,0.3,310,1690
10000,24,8506.0,21,1.05,1494,8506
20000,24,16942.0,50,2.5,3058,16942
40000,24,34091.0,85,4.25,5909,34091
60000,24,51073.0,134,6.7,8927,51073
80000,24,68129.0,183,9.15,11871,68129
100000,24,85136.0,225,11.25,14864,85136
200000,24,170025.0,501,25.05,29975,170025
400000,24,339649.0,1014,50.7,60351,339649
600000,24,510107.0,1529,76.45,89893,510107
800000,24,680099.0,2042,102.1,119901,680099
1000000,24,850090.0,2537,126.85,149910,850090
2,25,2.0,0,0.0,0,2
3,25,3.0,0,0.0,0,3
100,25,80.0,0,0.0,20,80
200,25,171.0,0,0.0,29,171
2000,25,1696.0,0,0.0,304,1696
10000,25,8489.0,29,1.45,1511,8489
20000,25,17009.0,51,2.55,2991,17009
40000,25,33954.0,102,5.1,6046,33954
60000,25,51059.0,150,7.5,8941,51059
80000,25,68097.0,200,10.0,11903,68097
100000,25,85138.0,240,12.0,14862,85138
200000,25,170195.0,487,24.35,29805,170195
400000,25,340169.0,1009,50.45,59831,340169
600000,25,509987.0,1493,74.65,90013,509987
800000,25,679995.0,1998,99.9,120005,679995
1000000,25,849984.0,2501,125.05,150016,849984
2,26,1.0,0,0.0,1,1
3,26,2.0,0,0.0,1,2
100,26,82.0,0,0.0,18,82
200,26,163.0,0,0.0,37,163
2000,26,1737.0,5,0.25,263,1737
10000,26,8531.0,50,2.5,1469,8531
20000,26,17025.0,122,6.1,2975,17025
40000,26,34060.0,176,8.8,5940,34060
60000,26,51136.0,235,11.75,8864,51136
80000,26,68152.0,280,14.0,11848,68152
100000,26,85111.0,326,16.3,14889,85111
200000,26,170091.0,578,28.9,29909,170091
400000,26,340400.0,1106,55.3,59600,340400
600000,26,510253.0,1613,80.65,89747,510253
800000,26,680203.0,2114,105.7,119797,680203
1000000,26,849815.0,2602,130.1,150185,849815
2,27,2.0,0,0.0,0,2
3,27,2.0,0,0.0,1,2
100,27,81.0,0,0.0,19,81
200,27,163.0,0,0.0,37,163
2000,27,1698.0,59,2.95,302,1698
10000,27,8536.0,78,3.9,1464,8536
20000,27,17081.0,101,5.05,2919,17081
40000,27,34074.0,150,7.5,5926,34074
60000,27,51125.0,199,9.95,8875,51125
80000,27,68008.0,234,11.7,11992,68008
100000,27,85014.0,285,14.25,14986,85014
200000,27,169936.0,573,28.65,30064,169936
400000,27,339663.0,1119,55.95,60337,339663
600000,27,509900.0,1582,79.1,90100,509900
800000,27,679628.0,2032,101.6,120372,679628
1000000,27,849786.0,2524,126.2,150214,849786
2,28,2.0,0,0.0,0,2
3,28,3.0,0,0.0,0,3
100,28,87.0,0,0.0,13,87
200,28,173.0,1,0.05,27,173
2000,28,1712.0,6,0.3,288,1712
10000,28,8536.0,38,1.9,1464,8536
20000,28,17061.0,85,4.25,2939,17061
40000,28,34104.0,137,6.85,5896,34104
60000,28,51165.0,199,9.95,8835,51165
80000,28,68197.0,258,12.9,11803,68197
100000,28,85176.0,309,15.45,14824,85176
200000,28,170185.0,559,27.95,29815,170185
400000,28,340112.0,1081,54.05,59888,340112
600000,28,510132.0,1607,80.35,89868,510132
800000,28,680330.0,2109,105.45,119670,680330
1000000,28,850253.0,2604,130.2,149747,850253
2,29,1.0,0,0.0,1,1
3,29,2.0,0,0.0,1,2
100,29,88.0,0,0.0,12,88
200,29,168.0,0,0.0,32,168
2000,29,1687.0,37,1.85,313,1687
10000,29,8466.0,57,2.85,1534,8466
20000,29,16938.0,81,4.05,3062,16938
40000,29,33936.0,131,6.55,6064,33936
60000,29,50908.0,183,9.15,9092,50908
80000,29,67901.0,231,11.55,12099,67901
100000,29,84813.0,261,13.05,15187,84813
200000,29,169965.0,511,25.55,30035,169965
400000,29,339888.0,1007,50.35,60112,339888
600000,29,509717.0,1493,74.65,90283,509717
800000,29,679773.0,1969,98.45,120227,679773
1000000,29,849771.0,2450,122.5,150229,849771
2,30,2.0,0,0.0,0,2
3,30,3.0,0,0.0,0,3
100,30,82.0,0,0.0,18,82
200,30,162.0,0,0.0,38,162
2000,30,1679.0,186,9.3,321,1679
10000,30,8491.0,207,10.35,1509,8491
20000,30,16951.0,226,11.3,3049,16951
40000,30,33858.0,305,15.25,6142,33858
60000,30,50810.0,360,18.0,9190,50810
80000,30,67771.0,403,20.15,12229,67771
100000,30,84785.0,458,22.9,15215,84785
200000,30,169723.0,723,36.15,30277,169723
400000,30,339764.0,1225,61.25,60236,339764
600000,30,509800.0,1694,84.7,90200,509800
800000,30,679773.0,2208,110.4,120227,679773
1000000,30,850029.0,2711,135.55,149971,850029
2,31,1.0,0,0.0,1,1
3,31,2.0,0,0.0,1,2
100,31,85.0,0,0.0,15,85
200,31,171.0,0,0.0,29,171
2000,31,1692.0,11,0.55,308,1692
10000,31,8462.0,32,1.6,1538,8462
20000,31,16982.0,48,2.4,3018,16982
40000,31,33979.0,106,5.3,6021,33979
60000,31,51000.0,159,7.95,9000,51000
80000,31,67948.0,209,10.45,12052,67948
100000,31,85014.0,251,12.55,14986,85014
200000,31,169811.0,511,25.55,30189,169811
400000,31,339634.0,1024,51.2,60366,339634
600000,31,509622.0,1515,75.75,90378,509622
800000,31,679521.0,2026,101.3,120479,679521
1000000,31,849535.0,2498,124.9,150465,849535
2,32,2.0,0,0.0,0,2
3,32,3.0,0,0.0,0,3
100,32,86.0,0,0.0,14,86
200,32,167.0,0,0.0,33,167
2000,32,1704.0,0,0.0,296,1704
10000,32,8502.0,25,1.25,1498,8502
20000,32,17011.0,56,2.8,2989,17011
40000,32,34012.0,109,5.45,5988,34012
60000,32,50999.0,154,7.7,9001,50999
80000,32,67974.0,215,10.75,12026,67974
100000,32,84958.0,259,12.95,15042,84958
200000,32,170092.0,510,25.5,29908,170092
400000,32,340215.0,990,49.5,59785,340215
600000,32,510313.0,1490,74.5,89687,510313
800000,32,680575.0,2018,100.9,119425,680575
1000000,32,850394.0,2499,124.95,149606,850394
2,33,2.0,0,0.0,0,2
3,33,3.0,0,0.0,0,3
100,33,89.0,0,0.0,11,89
200,33,179.0,1,0.05,21,179
2000,33,1732.0,12,0.6,268,1732
10000,33,8497.0,22,1.1,1503,8497
20000,33,16987.0,50,2.5,3013,16987
40000,33,33971.0,105,5.25,6029,33971
60000,33,50882.0,156,7.8,9118,50882
80000,33,67814.0,203,10.15,12186,67814
100000,33,84730.0,264,13.2,15270,84730
200000,33,169826.0,521,26.05,30174,169826
400000,33,340026.0,1024,51.2,59974,340026
600000,33,510152.0,1535,76.75,89848,510152
800000,33,680369.0,2038,101.9,119631,680369
1000000,33,850087.0,2519,125.95,149913,850087
2,34,2.0,0,0.0,0,2
3,34,3.0,0,0.0,0,3
100,34,84.0,0,0.0,16,84
200,34,165.0,2,0.1,35,165
2000,34,1703.0,8,0.4,297,1703
10000,34,8483.0,26,1.3,1517,8483
20000,34,17005.0,49,2.45,2995,17005
40000,34,34015.0,96,4.8,5985,34015
60000,34,51039.0,138,6.9,8961,51039
80000,34,68104.0,183,9.15,11896,68104
100000,34,85102.0,229,11.45,14898,85102
200000,34,170125.0,469,23.45,29875,170125
400000,34,340066.0,963,48.15,59934,340066
600000,34,510087.0,1459,72.95,89913,510087
800000,34,680102.0,1976,98.8,119898,680102
1000000,34,850110.0,2454,122.7,149890,850110
2,35,2.0,0,0.0,0,2
3,35,3.0,0,0.0,0,3
100,35,88.0,0,0.0,12,88
200,35,177.0,0,0.0,23,177
2000,35,1682.0,8,0.4,318,1682
10000,35,8468.0,23,1.15,1532,8468
20000,35,16938.0,48,2.4,3062,16938
40000,35,33997.0,101,5.05,6003,33997
60000,35,51031.0,152,7.6,8969,51031
80000,35,68013.0,208,10.4,11987,68013
100000,35,85037.0,256,12.8,14963,85037
200000,35,170141.0,516,25.8,29859,170141
400000,35,339958.0,1049,52.45,60042,339958
600000,35,510129.0,1536,76.8,89871,510129
800000,35,680141.0,2012,100.6,119859,680141
1000000,35,850244.0,2544,127.2,149756,850244
2,36,1.0,0,0.0,1,1
3,36,1.0,0,0.0,2,1
100,36,82.0,0,0.0,18,82
200,36,165.0,0,0.0,35,165
2000,36,1656.0,229,11.45,344,1656
10000,36,8489.0,245,12.25,1511,8489
20000,36,16966.0,265,13.25,3034,16966
40000,36,34000.0,315,15.75,6000,34000
60000,36,51025.0,360,18.0,8975,51025
80000,36,67962.0,425,21.25,12038,67962
100000,36,84932.0,470,23.5,15068,84932
200000,36,169804.0,710,35.5,30196,169804
400000,36,339792.0,1224,61.2,60208,339792
600000,36,509675.0,1747,87.35,90325,509675
800000,36,679744.0,2247,112.35,120256,679744
1000000,36,849757.0,2712,135.6,150243,849757
2,37,2.0,0,0.0,0,2
3,37,3.0,0,0.0,0,3
100,37,83.0,0,0.0,17,83
200,37,168.0,47,2.35,32,168
2000,37,1710.0,50,2.5,290,1710
10000,37,8532.0,78,3.9,1468,8532
20000,37,17049.0,112,5.6,2951,17049
40000,37,34025.0,161,8.05,5975,34025
60000,37,51016.0,206,10.3,8984,51016
80000,37,67957.0,249,12.45,12043,67957
100000,37,85008.0,302,15.1,14992,85008
200000,37,169745.0,568,28.4,30255,169745
400000,37,339689.0,1097,54.85,60311,339689
600000,37,509849.0,1594,79.7,90151,509849
800000,37,679505.0,2099,104.95,120495,679505
1000000,37,849662.0,2579,128.95,150338,849662
2,38,2.0,0,0.0,0,2
3,38,3.0,0,0.0,0,3
100,38,83.0,1,0.05,17,83
200,38,164.0,1,0.05,36,164
2000,38,1714.0,7,0.35,286,1714
10000,38,8558.0,32,1.6,1442,8558
20000,38,17098.0,53,2.65,2902,17098
40000,38,34102.0,98,4.9,5898,34102
60000,38,51102.0,146,7.3,8898,51102
80000,38,68167.0,193,9.65,11833,68167
100000,38,85100.0,245,12.25,14900,85100
200000,38,170064.0,515,25.75,29936,170064
400000,38,340116.0,1025,51.25,59884,340116
600000,38,510204.0,1552,77.6,89796,510204
800000,38,680332.0,2030,101.5,119668,680332
1000000,38,850072.0,2529,126.45,149928,850072
2,39,2.0,0,0.0,0,2
3,39,3.0,0,0.0,0,3
100,39,91.0,0,0.0,9,91
200,39,175.0,0,0.0,25,175
2000,39,1684.0,65,3.25,316,1684
10000,39,8525.0,86,4.3,1475,8525
20000,39,16987.0,112,5.6,3013,16987
40000,39,34045.0,167,8.35,5955,34045
60000,39,51026.0,311,15.55,8974,51026
80000,39,68076.0,360,18.0,11924,68076
100000,39,85173.0,419,20.95,14827,85173
200000,39,170114.0,685,34.25,29886,170114
400000,39,340104.0,1186,59.3,59896,340104
600000,39,510164.0,1671,83.55,89836,510164
800000,39,680149.0,2221,111.05,119851,680149
1000000,39,850369.0,2717,135.85,149631,850369
2,40,1.0,0,0.0,1,1
3,40,2.0,0,0.0,1,2
100,40,80.0,0,0.0,20,80
200,40,158.0,11,0.55,42,158
2000,40,1682.0,13,0.65,318,1682
10000,40,8505.0,32,1.6,1495,8505
20000,40,17030.0,49,2.45,2970,17030
40000,40,33965.0,89,4.45,6035,33965
60000,40,50966.0,128,6.4,9034,50966
80000,40,67957.0,171,8.55,12043,67957
100000,40,84994.0,224,11.2,15006,84994
200000,40,170036.0,454,22.7,29964,170036
400000,40,340006.0,973,48.65,59994,340006
600000,40,509829.0,1484,74.2,90171,509829
800000,40,679724.0,1946,97.3,120276,679724
1000000,40,849673.0,2423,121.15,150327,849673
2,41,1.0,0,0.0,1,1
3,41,2.0,0,0.0,1,2
100,41,84.0,0,0.0,16,84
200,41,162.0,0,0.0,38,162
2000,41,1706.0,5,0.25,294,1706
10000,41,8486.0,96,4.8,1514,8486
20000,41,16997.0,120,6.0,3003,16997
40000,41,34020.0,168,8.4,5980,34020
60000,41,51077.0,217,10.85,8923,51077
80000,41,68078.0,267,13.35,11922,68078
100000,41,85166.0,315,15.75,14834,85166
200000,41,170168.0,594,29.7,29832,170168
400000,41,340310.0,1113,55.65,59690,340310
600000,41,510338.0,1615,80.75,89662,510338
800000,41,680036.0,2129,106.45,119964,680036
1000000,41,850294.0,2663,133.15,149706,850294
2,42,2.0,0,0.0,0,2
3,42,2.0,0,0.0,1,2
100,42,86.0,0,0.0,14,86
200,42,174.0,0,0.0,26,174
2000,42,1691.0,3,0.15,309,1691
10000,42,8458.0,28,1.4,1542,8458
20000,42,16973.0,45,2.25,3027,16973
40000,42,33874.0,99,4.95,6126,33874
60000,42,50862.0,143,7.15,9138,50862
80000,42,67882.0,191,9.55,12118,67882
100000,42,84887.0,246,12.3,15113,84887
200000,42,169818.0,511,25.55,30182,169818
400000,42,339954.0,982,49.1,60046,339954
600000,42,510042.0,1467,73.35,89958,510042
800000,42,680130.0,1997,99.85,119870,680130
1000000,42,849977.0,2534,126.7,150023,849977
2,43,2.0,0,0.0,0,2
3,43,3.0,0,0.0,0,3
100,43,84.0,0,0.0,16,84
200,43,172.0,0,0.0,28,172
2000,43,1705.0,3,0.15,295,1705
10000,43,8474.0,19,0.95,1526,8474
20000,43,16959.0,48,2.4,3041,16959
40000,43,33894.0,128,6.4,6106,33894
60000,43,50930.0,184,9.2,9070,50930
80000,43,67947.0,234,11.7,12053,67947
100000,43,84988.0,280,14.0,15012,84988
200000,43,170027.0,532,26.6,29973,170027
400000,43,339631.0,1088,54.4,60369,339631
600000,43,509655.0,1555,77.75,90345,509655
800000,43,679940.0,2076,103.8,120060,679940
1000000,43,849720.0,2559,127.95,150280,849720
2,44,2.0,0,0.0,0,2
3,44,3.0,0,0.0,0,3
100,44,84.0,1,0.05,16,84
200,44,165.0,1,0.05,35,165
2000,44,1704.0,7,0.35,296,1704
10000,44,8485.0,30,1.5,1515,8485
20000,44,16993.0,310,15.5,3007,16993
40000,44,33921.0,379,18.95,6079,33921
60000,44,50931.0,434,21.7,9069,50931
80000,44,67901.0,491,24.55,12099,67901
100000,44,84869.0,536,26.8,15131,84869
200000,44,169995.0,800,40.0,30005,169995
400000,44,339868.0,1265,63.25,60132,339868
600000,44,509902.0,1774,88.7,90098,509902
800000,44,680101.0,2253,112.65,119899,680101
1000000,44,849944.0,2765,138.25,150056,849944
2,45,1.0,0,0.0,1,1
3,45,2.0,0,0.0,1,2
100,45,79.0,12,0.6,21,79
200,45,167.0,12,0.6,33,167
2000,45,1699.0,19,0.95,301,1699
10000,45,8484.0,74,3.7,1516,8484
20000,45,16960.0,91,4.55,3040,16960
40000,45,33966.0,143,7.15,6034,33966
60000,45,51017.0,193,9.65,8983,51017
80000,45,68129.0,230,11.5,11871,68129
100000,45,85126.0,274,13.7,14874,85126
200000,45,170137.0,512,25.6,29863,170137
400000,45,340166.0,1045,52.25,59834,340166
600000,45,510050.0,1508,75.4,89950,510050
800000,45,679879.0,1984,99.2,120121,679879
1000000,45,850113.0,2475,123.75,149887,850113
2,46,2.0,0,0.0,0,2
3,46,3.0,0,0.0,0,3
100,46,81.0,13,0.65,19,81
200,46,165.0,113,5.65,35,165
2000,46,1640.0,1906,95.3,360,1640
10000,46,8339.0,4166,208.3,1661,8339
20000,46,16833.0,4191,209.55,3167,16833
40000,46,33781.0,4237,211.85,6219,33781
60000,46,50783.0,4284,214.2,9217,50783
80000,46,67834.0,4336,216.8,12166,67834
100000,46,84850.0,4395,219.75,15150,84850
200000,46,170241.0,4670,233.5,29759,170241
400000,46,340101.0,5163,258.15,59899,340101
600000,46,510184.0,5624,281.2,89816,510184
800000,46,680456.0,6122,306.1,119544,680456
1000000,46,850377.0,6643,332.15,149623,850377
2,47,2.0,0,0.0,0,2
3,47,2.0,0,0.0,1,2
100,47,79.0,82,4.1,21,79
200,47,166.0,182,9.1,34,166
2000,47,1610.0,1977,98.85,390,1610
10000,47,8005.0,9954,497.7,1995,8005
20000,47,16043.0,19930,996.5,3957,16043
40000,47,32781.0,23895,1194.75,7219,32781
60000,47,49743.0,23945,1197.25,10257,49743
80000,47,66717.0,23990,1199.5,13283,66717
100000,47,83699.0,24035,1201.75,16301,83699
200000,47,168766.0,24292,1214.6,31234,168766
400000,47,338577.0,24781,1239.05,61423,338577
600000,47,509081.0,25292,1264.6,90919,509081
800000,47,679143.0,25789,1289.45,120857,679143
1000000,47,849006.0,26294,1314.7,150994,849006
2,48,1.0,0,0.0,1,1
3,48,2.0,0,0.0,1,2
100,48,83.0,0,0.0,17,83
200,48,168.0,0,0.0,32,168
2000,48,1707.0,25,1.25,293,1707
10000,48,8470.0,58,2.9,1530,8470
20000,48,16972.0,75,3.75,3028,16972
40000,48,33877.0,126,6.3,6123,33877
60000,48,50837.0,182,9.1,9163,50837
80000,48,67835.0,242,12.1,12165,67835
100000,48,84777.0,280,14.0,15223,84777
200000,48,169797.0,531,26.55,30203,169797
400000,48,339921.0,1002,50.1,60079,339921
600000,48,509866.0,1525,76.25,90134,509866
800000,48,679946.0,2017,100.85,120054,679946
1000000,48,850113.0,2548,127.4,149887,850113
2,49,2.0,0,0.0,0,2
3,49,2.0,0,0.0,1,2
100,49,79.0,0,0.0,21,79
200,49,160.0,0,0.0,40,160
2000,49,1687.0,42,2.1,313,1687
10000,49,8457.0,62,3.1,1543,8457
20000,49,16943.0,87,4.35,3057,16943
40000,49,33968.0,151,7.55,6032,33968
60000,49,50982.0,208,10.4,9018,50982
80000,49,67920.0,260,13.0,12080,67920
100000,49,84898.0,308,15.4,15102,84898
200000,49,169839.0,568,28.4,30161,169839
400000,49,339954.0,1041,52.05,60046,339954
600000,49,509823.0,1559,77.95,90177,509823
800000,49,679812.0,2096,104.8,120188,679812
1000000,49,849901.0,2584,129.2,150099,849901
2,50,2.0,0,0.0,0,2
3,50,3.0,0,0.0,0,3
100,50,86.0,0,0.0,14,86
200,50,174.0,0,0.0,26,174
2000,50,1726.0,5,0.25,274,1726
10000,50,8515.0,28,1.4,1485,8515
20000,50,17078.0,57,2.85,2922,17078
40000,50,33979.0,100,5.0,6021,33979
60000,50,50900.0,148,7.4,9100,50900
80000,50,67888.0,197,9.85,12112,67888
100000,50,84941.0,242,12.1,15059,84941
200000,50,170008.0,506,25.3,29992,170008
400000,50,339825.0,1017,50.85,60175,339825
600000,50,509576.0,1557,77.85,90424,509576
800000,50,679212.0,2047,102.35,120788,679212
1000000,50,849422.0,2516,125.8,150578,849422
2,51,2.0,0,0.0,0,2
3,51,2.0,0,0.0,1,2
100,51,84.0,0,0.0,16,84
200,51,169.0,2,0.1,31,169
2000,51,1703.0,4,0.2,297,1703
10000,51,8498.0,39,1.95,1502,8498
20000,51,16940.0,69,3.45,3060,16940
40000,51,34033.0,113,5.65,5967,34033
60000,51,51116.0,165,8.25,8884,51116
80000,51,68043.0,217,10.85,11957,68043
100000,51,85015.0,280,14.0,14985,85015
200000,51,170034.0,541,27.05,29966,170034
400000,51,339808.0,1056,52.8,60192,339808
600000,51,509697.0,1551,77.55,90303,509697
800000,51,679686.0,2014,100.7,120314,679686
1000000,51,849703.0,2497,124.85,150297,849703
2,52,2.0,0,0.0,0,2
3,52,3.0,0,0.0,0,3
100,52,83.0,0,0.0,17,83
200,52,165.0,3,0.15,35,165
2000,52,1703.0,9,0.45,297,1703
10000,52,8461.0,30,1.5,1539,8461
20000,52,16949.0,46,2.3,3051,16949
40000,52,33871.0,86,4.3,6129,33871
60000,52,50819.0,131,6.55,9181,50819
80000,52,67859.0,177,8.85,12141,67859
100000,52,84833.0,228,11.4,15167,84833
200000,52,169942.0,454,22.7,30058,169942
400000,52,339968.0,941,47.05,60032,339968
600000,52,509863.0,1472,73.6,90137,509863
800000,52,679771.0,2014,100.7,120229,679771
1000000,52,849428.0,2507,125.35,150572,849428
2,53,1.0,0,0.0,1,1
3,53,2.0,0,0.0,1,2
100,53,87.0,4,0.2,13,87
200,53,171.0,5,0.25,29,171
2000,53,1711.0,10,0.5,289,1711
10000,53,8530.0,36,1.8,1470,8530
20000,53,17022.0,55,2.75,2978,17022
40000,53,33889.0,115,5.75,6111,33889
60000,53,50864.0,164,8.2,9136,50864
80000,53,67886.0,216,10.8,12114,67886
100000,53,84753.0,272,13.6,15247,84753
200000,53,169658.0,528,26.4,30342,169658
400000,53,339331.0,1039,51.95,60669,339331
600000,53,509336.0,1536,76.8,90664,509336
800000,53,679196.0,2035,101.75,120804,679196
1000000,53,849180.0,2514,125.7,150820,849180
2,54,2.0,0,0.0,0,2
3,54,3.0,0,0.0,0,3
100,54,87.0,0,0.0,13,87
200,54,161.0,0,0.0,39,161
2000,54,1689.0,2,0.1,311,1689
10000,54,8508.0,29,1.45,1492,8508
20000,54,17010.0,60,3.0,2990,17010
40000,54,34020.0,115,5.75,5980,34020
60000,54,50989.0,164,8.2,9011,50989
80000,54,68001.0,206,10.3,11999,68001
100000,54,85038.0,260,13.0,14962,85038
200000,54,170017.0,497,24.85,29983,170017
400000,54,340169.0,975,48.75,59831,340169
600000,54,509959.0,1482,74.1,90041,509959
800000,54,680007.0,1979,98.95,119993,680007
1000000,54,850054.0,2447,122.35,149946,850054
2,55,2.0,0,0.0,0,2
3,55,2.0,0,0.0,1,2
100,55,80.0,0,0.0,20,80
200,55,163.0,0,0.0,37,163
2000,55,1723.0,6,0.3,277,1723
10000,55,8540.0,34,1.7,1460,8540
20000,55,17051.0,61,3.05,2949,17051
40000,55,34052.0,108,5.4,5948,34052
60000,55,51114.0,154,7.7,8886,51114
80000,55,68045.0,205,10.25,11955,68045
100000,55,84980.0,264,13.2,15020,84980
200000,55,170020.0,523,26.15,29980,170020
400000,55,340026.0,1066,53.3,59974,340026
600000,55,510353.0,1536,76.8,89647,510353
800000,55,680223.0,2034,101.7,119777,680223
1000000,55,850117.0,2534,126.7,149883,850117
2,56,1.0,0,0.0,1,1
3,56,1.0,0,0.0,2,1
100,56,88.0,0,0.0,12,88
200,56,169.0,0,0.0,31,169
2000,56,1709.0,40,2.0,291,1709
10000,56,8536.0,54,2.7,1464,8536
20000,56,17060.0,81,4.05,2940,17060
40000,56,34129.0,138,6.9,5871,34129
60000,56,51134.0,185,9.25,8866,51134
80000,56,68176.0,240,12.0,11824,68176
100000,56,85131.0,300,15.0,14869,85131
200000,56,170104.0,585,29.25,29896,170104
400000,56,339993.0,1099,54.95,60007,339993
600000,56,510169.0,1617,80.85,89831,510169
800000,56,680662.0,2115,105.75,119338,680662
1000000,56,850555.0,2575,128.75,149445,850555
2,57,2.0,0,0.0,0,2
3,57,3.0,0,0.0,0,3
100,57,81.0,0,0.0,19,81
200,57,163.0,0,0.0,37,163
2000,57,1680.0,3,0.15,320,1680
10000,57,8487.0,17,0.85,1513,8487
20000,57,16945.0,89,4.45,3055,16945
40000,57,33982.0,136,6.8,6018,33982
60000,57,50989.0,186,9.3,9011,50989
80000,57,67911.0,242,12.1,12089,67911
100000,57,84967.0,281,14.05,15033,84967
200000,57,169787.0,509,25.45,30213,169787
400000,57,339928.0,973,48.65,60072,339928
600000,57,510024.0,1477,73.85,89976,510024
800000,57,679881.0,1970,98.5,120119,679881
1000000,57,849885.0,2468,123.4,150115,849885
2,58,1.0,0,0.0,1,1
3,58,2.0,0,0.0,1,2
100,58,83.0,2,0.1,17,83
200,58,163.0,2,0.1,37,163
2000,58,1673.0,15,0.75,327,1673
10000,58,8453.0,85,4.25,1547,8453
20000,58,16945.0,174,8.7,3055,16945
40000,58,34017.0,231,11.55,5983,34017
60000,58,51097.0,280,14.0,8903,51097
80000,58,68134.0,332,16.6,11866,68134
100000,58,85110.0,380,19.0,14890,85110
200000,58,170096.0,631,31.55,29904,170096
400000,58,340311.0,1129,56.45,59689,340311
600000,58,510358.0,1633,81.65,89642,510358
800000,58,680402.0,2128,106.4,119598,680402
1000000,58,850477.0,2663,133.15,149523,850477
2,59,2.0,0,0.0,0,2
3,59,3.0,0,0.0,0,3
100,59,84.0,1,0.05,16,84
200,59,171.0,1,0.05,29,171
2000,59,1706.0,9,0.45,294,1706
10000,59,8486.0,36,1.8,1514,8486
20000,59,17002.0,59,2.95,2998,17002
40000,59,34033.0,112,5.6,5967,34033
60000,59,51033.0,165,8.25,8967,51033
80000,59,68119.0,216,10.8,11881,68119
100000,59,85137.0,261,13.05,14863,85137
200000,59,170079.0,513,25.65,29921,170079
400000,59,340128.0,1003,50.15,59872,340128
600000,59,509853.0,1525,76.25,90147,509853
800000,59,679868.0,2041,102.05,120132,679868
1000000,59,849834.0,2535,126.75,150166,849834
2,60,1.0,0,0.0,1,1
3,60,1.0,0,0.0,2,1
100,60,84.0,0,0.0,16,84
200,60,160.0,0,0.0,40,160
2000,60,1684.0,6,0.3,316,1684
10000,60,8473.0,52,2.6,1527,8473
20000,60,16979.0,99,4.95,3021,16979
40000,60,34031.0,149,7.45,5969,34031
60000,60,51007.0,208,10.4,8993,51007
80000,60,68055.0,264,13.2,11945,68055
100000,60,84997.0,314,15.7,15003,84997
200000,60,170043.0,604,30.2,29957,170043
400000,60,339903.0,1096,54.8,60097,339903
600000,60,509909.0,1590,79.5,90091,509909
800000,60,680019.0,2116,105.8,119981,680019
1000000,60,850106.0,2590,129.5,149894,850106
2,61,2.0,0,0.0,0,2
3,61,3.0,0,0.0,0,3
100,61,88.0,0,0.0,12,88
200,61,174.0,0,0.0,26,174
2000,61,1699.0,18,0.9,301,1699
10000,61,8461.0,35,1.75,1539,8461
20000,61,16944.0,52,2.6,3056,16944
40000,61,34006.0,114,5.7,5994,34006
60000,61,50979.0,162,8.1,9021,50979
80000,61,67992.0,223,11.15,12008,67992
100000,61,85005.0,285,14.25,14995,85005
200000,61,169824.0,578,28.9,30176,169824
400000,61,339784.0,1059,52.95,60216,339784
600000,61,509815.0,1535,76.75,90185,509815
800000,61,679820.0,2034,101.7,120180,679820
1000000,61,849863.0,2551,127.55,150137,849863
2,62,2.0,0,0.0,0,2
3,62,3.0,0,0.0,0,3
100,62,89.0,7,0.35,11,89
200,62,177.0,8,0.4,23,177
2000,62,1702.0,27,1.35,298,1702
10000,62,8536.0,53,2.65,1464,8536
20000,62,16918.0,80,4.0,3082,16918
40000,62,33886.0,138,6.9,6114,33886
60000,62,50928.0,193,9.65,9072,50928
80000,62,67832.0,249,12.45,12168,67832
100000,62,84805.0,292,14.6,15195,84805
200000,62,169837.0,579,28.95,30163,169837
400000,62,339661.0,1077,53.85,60339,339661
600000,62,509903.0,1548,77.4,90097,509903
800000,62,679992.0,2031,101.55,120008,679992
1000000,62,850052.0,2531,126.55,149948,850052
2,63,2.0,0,0.0,0,2
3,63,2.0,0,0.0,1,2
100,63,83.0,0,0.0,17,83
200,63,170.0,29,1.45,30,170
2000,63,1697.0,49,2.45,303,1697
10000,63,8521.0,60,3.0,1479,8521
20000,63,17010.0,80,4.0,2990,17010
40000,63,34001.0,124,6.2,5999,34001
60000,63,50951.0,163,8.15,9049,50951
80000,63,68000.0,212,10.6,12000,68000
100000,63,84898.0,253,12.65,15102,84898
200000,63,170042.0,502,25.1,29958,170042
400000,63,340007.0,1013,50.65,59993,340007
600000,63,509944.0,1488,74.4,90056,509944
800000,63,679831.0,2011,100.55,120169,679831
1000000,63,849801.0,2550,127.5,150199,849801
2,64,2.0,0,0.0,0,2
3,64,2.0,0,0.0,1,2
100,64,84.0,0,0.0,16,84
200,64,171.0,2,0.1,29,171
2000,64,1727.0,5,0.25,273,1727
10000,64,8551.0,22,1.1,1449,8551
20000,64,16981.0,40,2.0,3019,16981
40000,64,34026.0,93,4.65,5974,34026
60000,64,51098.0,154,7.7,8902,51098
80000,64,68190.0,202,10.1,11810,68190
100000,64,85272.0,257,12.85,14728,85272
200000,64,170222.0,486,24.3,29778,170222
400000,64,340257.0,971,48.55,59743,340257
600000,64,510421.0,1476,73.8,89579,510421
800000,64,680330.0,2013,100.65,119670,680330
1000000,64,850497.0,2559,127.95,149503,850497
2,65,1.0,0,0.0,1,1
3,65,2.0,0,0.0,1,2
100,65,85.0,0,0.0,15,85
200,65,174.0,25,1.25,26,174
2000,65,1706.0,30,1.5,294,1706
10000,65,8472.0,49,2.45,1528,8472
20000,65,16953.0,73,3.65,3047,16953
40000,65,33882.0,126,6.3,6118,33882
60000,65,50799.0,175,8.75,9201,50799
80000,65,67762.0,228,11.4,12238,67762
100000,65,84707.0,270,13.5,15293,84707
200000,65,169647.0,515,25.75,30353,169647
400000,65,339427.0,995,49.75,60573,339427
600000,65,509528.0,1524,76.2,90472,509528
800000,65,679523.0,2013,100.65,120477,679523
1000000,65,849469.0,2529,126.45,150531,849469
2,66,0.0,0,0.0,2,0
3,66,1.0,0,0.0,2,1
100,66,82.0,0,0.0,18,82
200,66,167.0,0,0.0,33,167
2000,66,1698.0,5,0.25,302,1698
10000,66,8463.0,29,1.45,1537,8463
20000,66,16985.0,48,2.4,3015,16985
40000,66,33937.0,102,5.1,6063,33937
60000,66,50843.0,148,7.4,9157,50843
80000,66,67802.0,200,10.0,12198,67802
100000,66,84826.0,243,12.15,15174,84826
200000,66,169675.0,475,23.75,30325,169675
400000,66,339524.0,1013,50.65,60476,339524
600000,66,509608.0,1529,76.45,90392,509608
800000,66,679631.0,2014,100.7,120369,679631
1000000,66,849767.0,2494,124.7,150233,849767
2,67,2.0,0,0.0,0,2
3,67,3.0,0,0.0,0,3
100,67,79.0,0,0.0,21,79
200,67,162.0,9,0.45,38,162
2000,67,1710.0,15,0.75,290,1710
10000,67,8547.0,33,1.65,1453,8547
20000,67,17005.0,65,3.25,2995,17005
40000,67,33945.0,135,6.75,6055,33945
60000,67,50822.0,206,10.3,9178,50822
80000,67,67849.0,245,12.25,12151,67849
100000,67,84914.0,287,14.35,15086,84914
200000,67,169825.0,539,26.95,30175,169825
400000,67,339672.0,1038,51.9,60328,339672
600000,67,509453.0,1563,78.15,90547,509453
800000,67,679438.0,2042,102.1,120562,679438
1000000,67,849151.0,2546,127.3,150849,849151
2,68,2.0,0,0.0,0,2
3,68,3.0,0,0.0,0,3
100,68,88.0,0,0.0,12,88
200,68,170.0,0,0.0,30,170
2000,68,1725.0,9,0.45,275,1725
10000,68,8587.0,34,1.7,1413,8587
20000,68,17048.0,53,2.65,2952,17048
40000,68,34055.0,101,5.05,5945,34055
60000,68,51073.0,146,7.3,8927,51073
80000,68,68119.0,190,9.5,11881,68119
100000,68,85137.0,242,12.1,14863,85137
200000,68,170156.0,508,25.4,29844,170156
400000,68,340066.0,1027,51.35,59934,340066
600000,68,510114.0,1525,76.25,89886,510114
800000,68,680379.0,2046,102.3,119621,680379
1000000,68,850302.0,2569,128.45,149698,850302
2,69,2.0,0,0.0,0,2
3,69,3.0,0,0.0,0,3
100,69,85.0,0,0.0,15,85
200,69,169.0,0,0.0,31,169
2000,69,1686.0,348,17.4,314,1686
10000,69,8468.0,366,18.3,1532,8468
20000,69,17001.0,387,19.35,2999,17001
40000,69,34004.0,440,22.0,5996,34004
60000,69,50915.0,508,25.4,9085,50915
80000,69,67957.0,565,28.25,12043,67957
100000,69,85015.0,615,30.75,14985,85015
200000,69,170076.0,868,43.4,29924,170076
400000,69,340013.0,1334,66.7,59987,340013
600000,69,509988.0,1843,92.15,90012,509988
800000,69,680172.0,2343,117.15,119828,680172
1000000,69,850340.0,2818,140.9,149660,850340
2,70,1.0,0,0.0,1,1
3,70,2.0,0,0.0,1,2
100,70,92.0,0,0.0,8,92
200,70,167.0,0,0.0,33,167
2000,70,1672.0,123,6.15,328,1672
10000,70,8499.0,153,7.65,1501,8499
20000,70,16999.0,179,8.95,3001,16999
40000,70,34063.0,228,11.4,5937,34063
60000,70,51056.0,288,14.4,8944,51056
80000,70,68143.0,334,16.7,11857,68143
100000,70,85164.0,393,19.65,14836,85164
200000,70,170127.0,634,31.7,29873,170127
400000,70,339965.0,1139,56.95,60035,339965
600000,70,510071.0,1627,81.35,89929,510071
800000,70,679875.0,2106,105.3,120125,679875
1000000,70,850008.0,2600,130.0,149992,850008
2,71,0.0,0,0.0,2,0
3,71,1.0,0,0.0,2,1
100,71,88.0,0,0.0,12,88
200,71,178.0,0,0.0,22,178
2000,71,1705.0,6,0.3,295,1705
10000,71,8529.0,26,1.3,1471,8529
20000,71,16995.0,47,2.35,3005,16995
40000,71,33937.0,101,5.05,6063,33937
60000,71,50927.0,154,7.7,9073,50927
80000,71,67900.0,200,10.0,12100,67900
100000,71,84918.0,239,11.95,15082,84918
200000,71,169991.0,490,24.5,30009,169991
400000,71,340120.0,973,48.65,59880,340120
600000,71,509989.0,1471,73.55,90011,509989
800000,71,680065.0,1994,99.7,119935,680065
1000000,71,849966.0,2490,124.5,150034,849966
2,72,2.0,0,0.0,0,2
3,72,3.0,0,0.0,0,3
100,72,76.0,1,0.05,24,76
200,72,167.0,1,0.05,33,167
2000,72,1686.0,1,0.05,314,1686
10000,72,8456.0,26,1.3,1544,8456
20000,72,16966.0,45,2.25,3034,16966
40000,72,33870.0,96,4.8,6130,33870
60000,72,50872.0,153,7.65,9128,50872
80000,72,67771.0,203,10.15,12229,67771
100000,72,84784.0,249,12.45,15216,84784
200000,72,169735.0,496,24.8,30265,169735
400000,72,339677.0,970,48.5,60323,339677
600000,72,510080.0,1497,74.85,89920,510080
800000,72,680111.0,1954,97.7,119889,680111
1000000,72,850098.0,2414,120.7,149902,850098
2,73,2.0,0,0.0,0,2
3,73,3.0,0,0.0,0,3
100,73,84.0,0,0.0,16,84
200,73,170.0,0,0.0,30,170
2000,73,1671.0,3,0.15,329,1671
10000,73,8463.0,19,0.95,1537,8463
20000,73,16911.0,44,2.2,3089,16911
40000,73,33846.0,90,4.5,6154,33846
60000,73,50868.0,135,6.75,9132,50868
80000,73,67871.0,186,9.3,12129,67871
100000,73,84857.0,225,11.25,15143,84857
200000,73,169867.0,475,23.75,30133,169867
400000,73,339952.0,994,49.7,60048,339952
600000,73,509916.0,1475,73.75,90084,509916
800000,73,680012.0,2004,100.2,119988,680012
1000000,73,849907.0,2518,125.9,150093,849907
2,74,1.0,0,0.0,1,1
3,74,2.0,0,0.0,1,2
100,74,80.0,3,0.15,20,80
200,74,169.0,3,0.15,31,169
2000,74,1691.0,9,0.45,309,1691
10000,74,8458.0,49,2.45,1542,8458
20000,74,16968.0,83,4.15,3032,16968
40000,74,33929.0,223,11.15,6071,33929
60000,74,50925.0,306,15.3,9075,50925
80000,74,67928.0,364,18.2,12072,67928
100000,74,84884.0,406,20.3,15116,84884
200000,74,170009.0,652,32.6,29991,170009
400000,74,340170.0,1160,58.0,59830,340170
600000,74,510099.0,1639,81.95,89901,510099
800000,74,680157.0,2135,106.75,119843,680157
1000000,74,850071.0,2619,130.95,149929,850071
2,75,2.0,0,0.0,0,2
3,75,3.0,0,0.0,0,3
100,75,87.0,0,0.0,13,87
200,75,174.0,0,0.0,26,174
2000,75,1697.0,6,0.3,303,1697
10000,75,8495.0,26,1.3,1505,8495
20000,75,16978.0,48,2.4,3022,16978
40000,75,34023.0,106,5.3,5977,34023
60000,75,51028.0,170,8.5,8972,51028
80000,75,67945.0,220,11.0,12055,67945
100000,75,84917.0,274,13.7,15083,84917
200000,75,169797.0,515,25.75,30203,169797
400000,75,339666.0,968,48.4,60334,339666
600000,75,509489.0,1454,72.7,90511,509489
800000,75,679528.0,1987,99.35,120472,679528
1000000,75,849459.0,2496,124.8,150541,849459
2,76,2.0,0,0.0,0,2
3,76,3.0,0,0.0,0,3
100,76,85.0,0,0.0,15,85
200,76,170.0,0,0.0,30,170
2000,76,1697.0,2,0.1,303,1697
10000,76,8535.0,30,1.5,1465,8535
20000,76,17081.0,58,2.9,2919,17081
40000,76,34063.0,113,5.65,5937,34063
60000,76,51153.0,160,8.0,8847,51153
80000,76,68141.0,224,11.2,11859,68141
100000,76,85110.0,278,13.9,14890,85110
200000,76,170212.0,542,27.1,29788,170212
400000,76,340179.0,1068,53.4,59821,340179
600000,76,510272.0,1553,77.65,89728,510272
800000,76,680465.0,2025,101.25,119535,680465
1000000,76,850420.0,2520,126.0,149580,850420
2,77,2.0,0,0.0,0,2
3,77,3.0,0,0.0,0,3
100,77,89.0,2,0.1,11,89
200,77,173.0,2,0.1,27,173
2000,77,1724.0,7,0.35,276,1724
10000,77,8559.0,34,1.7,1441,8559
20000,77,17054.0,63,3.15,2946,17054
40000,77,34069.0,113,5.65,5931,34069
60000,77,51095.0,159,7.95,8905,51095
80000,77,68123.0,211,10.55,11877,68123
100000,77,85142.0,262,13.1,14858,85142
200000,77,170282.0,520,26.0,29718,170282
400000,77,340346.0,1037,51.85,59654,340346
600000,77,510263.0,1545,77.25,89737,510263
800000,77,680373.0,2055,102.75,119627,680373
1000000,77,850099.0,2578,128.9,149901,850099
2,78,2.0,0,0.0,0,2
3,78,3.0,0,0.0,0,3
100,78,85.0,0,0.0,15,85
200,78,170.0,0,0.0,30,170
2000,78,1721.0,3,0.15,279,1721
10000,78,8527.0,16,0.8,1473,8527
20000,78,16989.0,38,1.9,3011,16989
40000,78,34016.0,94,4.7,5984,34016
60000,78,50987.0,148,7.4,9013,50987
80000,78,68054.0,206,10.3,11946,68054
100000,78,85078.0,250,12.5,14922,85078
200000,78,169882.0,491,24.55,30118,169882
400000,78,339677.0,976,48.8,60323,339677
600000,78,509544.0,1513,75.65,90456,509544
800000,78,679302.0,2032,101.6,120698,679302
1000000,78,849138.0,2523,126.15,150862,849138
2,79,1.0,0,0.0,1,1
3,79,2.0,0,0.0,1,2
100,79,82.0,0,0.0,18,82
200,79,170.0,0,0.0,30,170
2000,79,1715.0,28,1.4,285,1715
10000,79,8562.0,52,2.6,1438,8562
20000,79,17103.0,76,3.8,2897,17103
40000,79,34093.0,132,6.6,5907,34093
60000,79,51184.0,189,9.45,8816,51184
80000,79,68204.0,243,12.15,11796,68204
100000,79,85197.0,304,15.2,14803,85197
200000,79,170145.0,553,27.65,29855,170145
400000,79,340372.0,1048,52.4,59628,340372
600000,79,510259.0,1549,77.45,89741,510259
800000,79,680353.0,2023,101.15,119647,680353
1000000,79,850276.0,2551,127.55,149724,850276
2,80,1.0,0,0.0,1,1
3,80,2.0,0,0.0,1,2
100,80,82.0,3,0.15,18,82
200,80,164.0,3,0.15,36,164
2000,80,1688.0,9,0.45,312,1688
10000,80,8451.0,27,1.35,1549,8451
20000,80,17018.0,49,2.45,2982,17018
40000,80,34042.0,104,5.2,5958,34042
60000,80,51037.0,152,7.6,8963,51037
80000,80,68107.0,199,9.95,11893,68107
100000,80,85148.0,245,12.25,14852,85148
200000,80,170280.0,554,27.7,29720,170280
400000,80,340489.0,1040,52.0,59511,340489
600000,80,510668.0,1543,77.15,89332,510668
800000,80,680598.0,2038,101.9,119402,680598
1000000,80,850456.0,2546,127.3,149544,850456
2,81,1.0,0,0.0,1,1
3,81,2.0,0,0.0,1,2
100,81,86.0,0,0.0,14,86
200,81,161.0,0,0.0,39,161
2000,81,1680.0,68,3.4,320,1680
10000,81,8422.0,92,4.6,1578,8422
20000,81,16927.0,127,6.35,3073,16927
40000,81,33889.0,185,9.25,6111,33889
60000,81,50854.0,245,12.25,9146,50854
80000,81,67852.0,297,14.85,12148,67852
100000,81,84883.0,340,17.0,15117,84883
200000,81,169783.0,575,28.75,30217,169783
400000,81,339684.0,1095,54.75,60316,339684
600000,81,509584.0,1607,80.35,90416,509584
800000,81,679635.0,2091,104.55,120365,679635
1000000,81,849648.0,2589,129.45,150352,849648
2,82,2.0,0,0.0,0,2
3,82,3.0,0,0.0,0,3
100,82,84.0,0,0.0,16,84
200,82,170.0,1,0.05,30,170
2000,82,1708.0,20,1.0,292,1708
10000,82,8512.0,38,1.9,1488,8512
20000,82,17000.0,58,2.9,3000,17000
40000,82,33878.0,120,6.0,6122,33878
60000,82,50828.0,168,8.4,9172,50828
80000,82,67854.0,214,10.7,12146,67854
100000,82,84904.0,260,13.0,15096,84904
200000,82,169925.0,510,25.5,30075,169925
400000,82,339748.0,980,49.0,60252,339748
600000,82,509629.0,1506,75.3,90371,509629
800000,82,679793.0,1993,99.65,120207,679793
1000000,82,849939.0,2496,124.8,150061,849939
2,83,2.0,0,0.0,0,2
3,83,3.0,0,0.0,0,3
100,83,84.0,0,0.0,16,84
200,83,170.0,2,0.1,30,170
2000,83,1697.0,9,0.45,303,1697
10000,83,8477.0,29,1.45,1523,8477
20000,83,16985.0,62,3.1,3015,16985
40000,83,33953.0,114,5.7,6047,33953
60000,83,50955.0,174,8.7,9045,50955
80000,83,68037.0,223,11.15,11963,68037
100000,83,84994.0,277,13.85,15006,84994
200000,83,170054.0,521,26.05,29946,170054
400000,83,339888.0,1043,52.15,60112,339888
600000,83,509881.0,1517,75.85,90119,509881
800000,83,679766.0,2018,100.9,120234,679766
1000000,83,849681.0,2513,125.65,150319,849681
2,84,1.0,0,0.0,1,1
3,84,2.0,0,0.0,1,2
100,84,85.0,0,0.0,15,85
200,84,166.0,1,0.05,34,166
2000,84,1702.0,2,0.1,298,1702
10000,84,8502.0,18,0.9,1498,8502
20000,84,16971.0,46,2.3,3029,16971
40000,84,34031.0,89,4.45,5969,34031
60000,84,51001.0,133,6.65,8999,51001
80000,84,68031.0,176,8.8,11969,68031
100000,84,84993.0,221,11.05,15007,84993
200000,84,169935.0,477,23.85,30065,169935
400000,84,340128.0,983,49.15,59872,340128
600000,84,509754.0,1500,75.0,90246,509754
800000,84,679813.0,2021,101.05,120187,679813
1000000,84,849431.0,2511,125.55,150569,849431
2,85,2.0,0,0.0,0,2
3,85,3.0,0,0.0,0,3
100,85,82.0,0,0.0,18,82
200,85,164.0,4,0.2,36,164
2000,85,1702.0,11,0.55,298,1702
10000,85,8445.0,30,1.5,1555,8445
20000,85,16855.0,59,2.95,3145,16855
40000,85,33904.0,109,5.45,6096,33904
60000,85,50941.0,163,8.15,9059,50941
80000,85,67939.0,201,10.05,12061,67939
100000,85,84867.0,258,12.9,15133,84867
200000,85,170037.0,496,24.8,29963,170037
400000,85,339808.0,960,48.0,60192,339808
600000,85,509847.0,1458,72.9,90153,509847
800000,85,679925.0,1904,95.2,120075,679925
1000000,85,849784.0,2390,119.5,150216,849784
2,86,2.0,0,0.0,0,2
3,86,2.0,0,0.0,1,2
100,86,68.0,96,4.8,32,68
200,86,145.0,196,9.8,55,145
2000,86,1599.0,1992,99.6,401,1599
10000,86,8215.0,6342,317.1,1785,8215
20000,86,16722.0,6364,318.2,3278,16722
40000,86,33671.0,6407,320.35,6329,33671
60000,86,50645.0,6466,323.3,9355,50645
80000,86,67756.0,6525,326.25,12244,67756
100000,86,84704.0,6585,329.25,15296,84704
200000,86,169734.0,6829,341.45,30266,169734
400000,86,339658.0,7332,366.6,60342,339658
600000,86,509882.0,7832,391.6,90118,509882
800000,86,679870.0,8353,417.65,120130,679870
1000000,86,849952.0,8842,442.1,150048,849952
2,87,2.0,0,0.0,0,2
3,87,3.0,0,0.0,0,3
100,87,84.0,0,0.0,16,84
200,87,173.0,0,0.0,27,173
2000,87,1705.0,19,0.95,295,1705
10000,87,8567.0,41,2.05,1433,8567
20000,87,17039.0,62,3.1,2961,17039
40000,87,33939.0,104,5.2,6061,33939
60000,87,51007.0,168,8.4,8993,51007
80000,87,67923.0,219,10.95,12077,67923
100000,87,84924.0,263,13.15,15076,84924
200000,87,169684.0,500,25.0,30316,169684
400000,87,339690.0,1039,51.95,60310,339690
600000,87,509505.0,1560,78.0,90495,509505
800000,87,679555.0,2039,101.95,120445,679555
1000000,87,849502.0,2530,126.5,150498,849502
2,88,2.0,0,0.0,0,2
3,88,2.0,0,0.0,1,2
100,88,86.0,0,0.0,14,86
200,88,173.0,2,0.1,27,173
2000,88,1711.0,3,0.15,289,1711
10000,88,8489.0,17,0.85,1511,8489
20000,88,16988.0,35,1.75,3012,16988
40000,88,34063.0,83,4.15,5937,34063
60000,88,51063.0,137,6.85,8937,51063
80000,88,68073.0,178,8.9,11927,68073
100000,88,85092.0,231,11.55,14908,85092
200000,88,170084.0,487,24.35,29916,170084
400000,88,340147.0,947,47.35,59853,340147
600000,88,509998.0,1432,71.6,90002,509998
800000,88,679914.0,1943,97.15,120086,679914
1000000,88,849595.0,2419,120.95,150405,849595
2,89,2.0,0,0.0,0,2
3,89,3.0,0,0.0,0,3
100,89,84.0,0,0.0,16,84
200,89,170.0,2,0.1,30,170
2000,89,1707.0,8,0.4,293,1707
10000,89,8478.0,35,1.75,1522,8478
20000,89,16899.0,65,3.25,3101,16899
40000,89,33796.0,112,5.6,6204,33796
60000,89,50804.0,162,8.1,9196,50804
80000,89,67784.0,207,10.35,12216,67784
100000,89,84717.0,256,12.8,15283,84717
200000,89,169563.0,520,26.0,30437,169563
400000,89,339354.0,958,47.9,60646,339354
600000,89,509151.0,1438,71.9,90849,509151
800000,89,679068.0,1923,96.15,120932,679068
1000000,89,848948.0,2419,120.95,151052,848948
2,90,2.0,0,0.0,0,2
3,90,3.0,0,0.0,0,3
100,90,84.0,3,0.15,16,84
200,90,164.0,3,0.15,36,164
2000,90,1693.0,6,0.3,307,1693
10000,90,8463.0,45,2.25,1537,8463
20000,90,16944.0,67,3.35,3056,16944
40000,90,33980.0,113,5.65,6020,33980
60000,90,51020.0,169,8.45,8980,51020
80000,90,68052.0,222,11.1,11948,68052
100000,90,85077.0,282,14.1,14923,85077
200000,90,170026.0,516,25.8,29974,170026
400000,90,340014.0,1031,51.55,59986,340014
600000,90,509794.0,1532,76.6,90206,509794
800000,90,679957.0,2012,100.6,120043,679957
1000000,90,849926.0,2515,125.75,150074,849926
2,91,2.0,0,0.0,0,2
3,91,3.0,0,0.0,0,3
100,91,83.0,0,0.0,17,83
200,91,168.0,2,0.1,32,168
2000,91,1707.0,7,0.35,293,1707
10000,91,8468.0,29,1.45,1532,8468
20000,91,17079.0,56,2.8,2921,17079
40000,91,34047.0,97,4.85,5953,34047
60000,91,51023.0,143,7.15,8977,51023
80000,91,67999.0,180,9.0,12001,67999
100000,91,84971.0,224,11.2,15029,84971
200000,91,170016.0,467,23.35,29984,170016
400000,91,340121.0,924,46.2,59879,340121
600000,91,509948.0,1435,71.75,90052,509948
800000,91,680055.0,1916,95.8,119945,680055
1000000,91,850190.0,2422,121.1,149810,850190
2,92,2.0,0,0.0,0,2
3,92,3.0,0,0.0,0,3
100,92,94.0,0,0.0,6,94
200,92,182.0,0,0.0,18,182
2000,92,1702.0,0,0.0,298,1702
10000,92,8509.0,34,1.7,1491,8509
20000,92,16943.0,66,3.3,3057,16943
40000,92,33953.0,118,5.9,6047,33953
60000,92,50935.0,179,8.95,9065,50935
80000,92,67926.0,228,11.4,12074,67926
100000,92,84894.0,279,13.95,15106,84894
200000,92,169891.0,544,27.2,30109,169891
400000,92,339754.0,1060,53.0,60246,339754
600000,92,509830.0,1587,79.35,90170,509830
800000,92,679821.0,2106,105.3,120179,679821
1000000,92,849705.0,2667,133.35,150295,849705
2,93,2.0,0,0.0,0,2
3,93,3.0,0,0.0,0,3
100,93,92.0,0,0.0,8,92
200,93,168.0,0,0.0,32,168
2000,93,1710.0,9,0.45,290,1710
10000,93,8473.0,33,1.65,1527,8473
20000,93,16913.0,56,2.8,3087,16913
40000,93,33962.0,100,5.0,6038,33962
60000,93,50985.0,149,7.45,9015,50985
80000,93,67997.0,204,10.2,12003,67997
100000,93,85043.0,250,12.5,14957,85043
200000,93,169965.0,511,25.55,30035,169965
400000,93,339824.0,1022,51.1,60176,339824
600000,93,509765.0,1512,75.6,90235,509765
800000,93,679629.0,2019,100.95,120371,679629
1000000,93,849399.0,2534,126.7,150601,849399
2,94,2.0,0,0.0,0,2
3,94,3.0,0,0.0,0,3
100,94,88.0,0,0.0,12,88
200,94,173.0,7,0.35,27,173
2000,94,1685.0,42,2.1,315,1685
10000,94,8493.0,62,3.1,1507,8493
20000,94,16937.0,86,4.3,3063,16937
40000,94,33973.0,141,7.05,6027,33973
60000,94,50973.0,184,9.2,9027,50973
80000,94,68070.0,219,10.95,11930,68070
100000,94,85057.0,269,13.45,14943,85057
200000,94,170262.0,511,25.55,29738,170262
400000,94,340120.0,1006,50.3,59880,340120
600000,94,510067.0,1519,75.95,89933,510067
800000,94,680040.0,2018,100.9,119960,680040
1000000,94,849873.0,2558,127.9,150127,849873
2,95,2.0,0,0.0,0,2
3,95,3.0,0,0.0,0,3
100,95,86.0,0,0.0,14,86
200,95,168.0,0,0.0,32,168
2000,95,1730.0,6,0.3,270,1730
10000,95,8497.0,18,0.9,1503,8497
20000,95,17118.0,41,2.05,2882,17118
40000,95,34194.0,79,3.95,5806,34194
60000,95,51280.0,123,6.15,8720,51280
80000,95,68280.0,180,9.0,11720,68280
100000,95,85248.0,224,11.2,14752,85248
200000,95,170254.0,470,23.5,29746,170254
400000,95,340444.0,945,47.25,59556,340444
600000,95,510250.0,1477,73.85,89750,510250
800000,95,680245.0,1967,98.35,119755,680245
1000000,95,850213.0,2447,122.35,149787,850213
2,96,1.0,0,0.0,1,1
3,96,2.0,0,0.0,1,2
100,96,88.0,0,0.0,12,88
200,96,169.0,5,0.25,31,169
2000,96,1708.0,11,0.55,292,1708
10000,96,8503.0,33,1.65,1497,8503
20000,96,17008.0,72,3.6,2992,17008
40000,96,33967.0,163,8.15,6033,33967
60000,96,50982.0,208,10.4,9018,50982
80000,96,67957.0,249,12.45,12043,67957
100000,96,84964.0,315,15.75,15036,84964
200000,96,169824.0,556,27.8,30176,169824
400000,96,339785.0,1030,51.5,60215,339785
600000,96,509687.0,1529,76.45,90313,509687
800000,96,679302.0,2056,102.8,120698,679302
1000000,96,849165.0,2553,127.65,150835,849165
2,97,2.0,0,0.0,0,2
3,97,3.0,0,0.0,0,3
100,97,85.0,18,0.9,15,85
200,97,166.0,19,0.95,34,166
2000,97,1683.0,23,1.15,317,1683
10000,97,8474.0,38,1.9,1526,8474
20000,97,16952.0,60,3.0,3048,16952
40000,97,33906.0,100,5.0,6094,33906
60000,97,51015.0,148,7.4,8985,51015
80000,97,68040.0,188,9.4,11960,68040
100000,97,85061.0,243,12.15,14939,85061
200000,97,170236.0,491,24.55,29764,170236
400000,97,340349.0,981,49.05,59651,340349
600000,97,510174.0,1468,73.4,89826,510174
800000,97,680206.0,1978,98.9,119794,680206
1000000,97,850382.0,2469,123.45,149618,850382
2,98,0.0,0,0.0,2,0
3,98,0.0,0,0.0,3,0
100,98,83.0,0,0.0,17,83
200,98,165.0,1,0.05,35,165
2000,98,1693.0,8,0.4,307,1693
10000,98,8488.0,30,1.5,1512,8488
20000,98,16989.0,55,2.75,3011,16989
40000,98,33969.0,103,5.15,6031,33969
60000,98,51020.0,145,7.25,8980,51020
80000,98,68047.0,197,9.85,11953,68047
100000,98,85075.0,253,12.65,14925,85075
200000,98,170175.0,499,24.95,29825,170175
400000,98,340174.0,996,49.8,59826,340174
600000,98,510166.0,1479,73.95,89834,510166
800000,98,680348.0,2012,100.6,119652,680348
1000000,98,850325.0,2470,123.5,149675,850325
2,99,1.0,0,0.0,1,1
3,99,2.0,0,0.0,1,2
100,99,89.0,0,0.0,11,89
200,99,173.0,2,0.1,27,173
2000,99,1670.0,5,0.25,330,1670
10000,99,8496.0,28,1.4,1504,8496
20000,99,17038.0,58,2.9,2962,17038
40000,99,34062.0,102,5.1,5938,34062
60000,99,51155.0,152,7.6,8845,51155
80000,99,68101.0,196,9.8,11899,68101
100000,99,85097.0,247,12.35,14903,85097
200000,99,169960.0,504,25.2,30040,169960
400000,99,340022.0,1027,51.35,59978,340022
600000,99,510069.0,1517,75.85,89931,510069
800000,99,680254.0,1992,99.6,119746,680254
1000000,99,850164.0,2458,122.9,149836,850164
2,100,2.0,0,0.0,0,2
3,100,3.0,0,0.0,0,3
100,100,87.0,2,0.1,13,87
200,100,170.0,2,0.1,30,170
2000,100,1721.0,6,0.3,279,1721
10000,100,8477.0,27,1.35,1523,8477
20000,100,16971.0,57,2.85,3029,16971
40000,100,33925.0,107,5.35,6075,33925
60000,100,50906.0,170,8.5,9094,50906
80000,100,67989.0,201,10.05,12011,67989
100000,100,84957.0,258,12.9,15043,84957
200000,100,169806.0,487,24.35,30194,169806
400000,100,339804.0,952,47.6,60196,339804
600000,100,509671.0,1429,71.45,90329,509671
800000,100,679618.0,1907,95.35,120382,679618
1000000,100,849536.0,2393,119.65,150464,849536
