Timestep,Iteration,Total Reward,Suboptimal Arms,Total Regret,Zeros Count,Ones Count
2,1,2.0,0,0.0,0,2
3,1,3.0,0,0.0,0,3
100,1,92.0,0,0.0,8,92
200,1,182.0,3,0.03,18,182
2000,1,1824.0,765,0.08,176,1824
10000,1,9011.0,4253,0.32,989,9011
20000,1,18051.0,4312,0.75,1949,18051
40000,1,36011.0,4385,1.06,3989,36011
60000,1,54065.0,4497,1.91,5935,54065
80000,1,72036.0,4585,2.19,7964,72036
100000,1,90014.0,4710,2.6,9986,90014
200000,1,179983.0,5165,4.39,20017,179983
400000,1,360019.0,5836,7.78,39981,360019
600000,1,540168.0,6595,11.25,59832,540168
800000,1,720218.0,7231,14.62,79782,720218
1000000,1,900135.0,7897,18.14,99865,900135
2,2,2.0,0,0.0,0,2
3,2,3.0,0,0.0,0,3
100,2,92.0,0,0.0,8,92
200,2,177.0,0,0.0,23,177
2000,2,1783.0,1488,0.07,217,1783
10000,2,9030.0,9471,0.19,970,9030
20000,2,18021.0,19449,0.37,1979,18021
40000,2,36013.0,39415,0.77,3987,36013
60000,2,54130.0,59387,1.1,5870,54130
80000,2,72191.0,79357,1.42,7809,72191
100000,2,90211.0,99329,1.75,9789,90211
200000,2,180163.0,199151,3.5,19837,180163
400000,2,359939.0,398806,6.9,40061,359939
600000,2,539751.0,598464,10.36,60249,539751
800000,2,719551.0,798154,13.68,80449,719551
1000000,2,899568.0,997812,16.85,100432,899568
2,3,2.0,0,0.0,0,2
3,3,3.0,0,0.0,0,3
100,3,90.0,14,0.14,10,90
200,3,181.0,20,0.14,19,181
2000,3,1783.0,33,0.18,217,1783
10000,3,8992.0,65,0.46,1008,8992
20000,3,18020.0,133,0.62,1980,18020
40000,3,35945.0,191,0.84,4055,35945
60000,3,53983.0,277,1.21,6017,53983
80000,3,71993.0,344,1.53,8007,71993
100000,3,89950.0,405,1.87,10050,89950
200000,3,179845.0,893,3.57,20155,179845
400000,3,359866.0,2266,6.84,40134,359866
600000,3,539628.0,2911,10.01,60372,539628
800000,3,719629.0,3539,13.1,80371,719629
1000000,3,899541.0,4185,16.32,100459,899541
2,4,2.0,0,0.0,0,2
3,4,3.0,0,0.0,0,3
100,4,87.0,78,0.0,13,87
200,4,183.0,178,0.0,17,183
2000,4,1805.0,1978,0.07,195,1805
10000,4,9012.0,9969,0.19,988,9012
20000,4,18002.0,19950,0.32,1998,18002
40000,4,36060.0,39910,0.58,3940,36060
60000,4,54095.0,59866,0.92,5905,54095
80000,4,72092.0,79827,1.29,7908,72092
100000,4,90088.0,99794,1.66,9912,90088
200000,4,180010.0,199623,3.39,19990,180010
400000,4,360043.0,399237,6.88,39957,360043
600000,4,540065.0,598876,10.28,59935,540065
800000,4,719885.0,798548,14.02,80115,719885
1000000,4,899827.0,998214,37.08,100173,899827
2,5,2.0,0,0.0,0,2
3,5,3.0,0,0.0,0,3
100,5,90.0,0,0.0,10,90
200,5,178.0,26,0.26,22,178
2000,5,1793.0,47,0.47,207,1793
10000,5,9012.0,159,0.6,988,9012
20000,5,18029.0,447,0.74,1971,18029
40000,5,36029.0,1629,1.7,3971,36029
60000,5,54071.0,1703,2.06,5929,54071
80000,5,72061.0,2230,2.37,7939,72061
100000,5,90096.0,2431,2.81,9904,90096
200000,5,180007.0,2842,4.55,19993,180007
400000,5,359957.0,3624,7.92,40043,359957
600000,5,539785.0,4363,11.43,60215,539785
800000,5,719634.0,5069,14.86,80366,719634
1000000,5,899425.0,5773,18.44,100575,899425
2,6,2.0,0,0.0,0,2
3,6,3.0,0,0.0,0,3
100,6,86.0,6,0.0,14,86
200,6,178.0,7,0.0,22,178
2000,6,1814.0,22,0.13,186,1814
10000,6,8954.0,162,0.31,1046,8954
20000,6,17962.0,792,0.53,2038,17962
40000,6,35863.0,857,0.83,4137,35863
60000,6,53918.0,934,1.2,6082,53918
80000,6,71932.0,993,1.45,8068,71932
100000,6,89881.0,1048,1.86,10119,89881
200000,6,179795.0,1423,3.81,20205,179795
400000,6,359769.0,2236,7.01,40231,359769
600000,6,539872.0,2929,10.36,60128,539872
800000,6,719898.0,3627,13.79,80102,719898
1000000,6,900030.0,4274,16.91,99970,900030
2,7,2.0,0,0.0,0,2
3,7,3.0,0,0.0,0,3
100,7,89.0,0,0.0,11,89
200,7,178.0,0,0.0,22,178
2000,7,1780.0,16,0.03,220,1780
10000,7,8939.0,46,0.19,1061,8939
20000,7,17896.0,720,0.35,2104,17896
40000,7,35892.0,836,0.59,4108,35892
60000,7,53854.0,913,0.99,6146,53854
80000,7,71807.0,1129,1.19,8193,71807
100000,7,89803.0,1194,1.49,10197,89803
200000,7,179755.0,1789,5.47,20245,179755
400000,7,359790.0,2560,8.53,40210,359790
600000,7,539691.0,3247,11.77,60309,539691
800000,7,719882.0,3942,15.48,80118,719882
1000000,7,899789.0,4588,18.8,100211,899789
2,8,2.0,0,0.0,0,2
3,8,2.0,0,0.0,1,2
100,8,95.0,3,0.0,5,95
200,8,181.0,3,0.0,19,181
2000,8,1812.0,16,0.11,188,1812
10000,8,9029.0,3782,0.24,971,9029
20000,8,17983.0,8669,0.44,2017,17983
40000,8,36063.0,28632,0.78,3937,36063
60000,8,54017.0,48604,1.11,5983,54017
80000,8,72114.0,68580,1.42,7886,72114
100000,8,90059.0,88550,1.72,9941,90059
200000,8,180100.0,188391,3.51,19900,180100
400000,8,360120.0,388058,7.07,39880,360120
600000,8,540257.0,587741,10.07,59743,540257
800000,8,720261.0,787406,13.18,79739,720261
1000000,8,900446.0,987073,16.52,99554,900446
2,9,2.0,0,0.0,0,2
3,9,3.0,0,0.0,0,3
100,9,90.0,0,0.0,10,90
200,9,181.0,0,0.0,19,181
2000,9,1825.0,33,0.18,175,1825
10000,9,9009.0,78,0.49,991,9009
20000,9,17978.0,116,0.75,2022,17978
40000,9,35978.0,175,1.03,4022,35978
60000,9,54034.0,251,1.4,5966,54034
80000,9,72078.0,320,1.7,7922,72078
100000,9,90019.0,381,1.97,9981,90019
200000,9,180128.0,795,4.19,19872,180128
400000,9,359955.0,1483,7.22,40045,359955
600000,9,540049.0,2106,10.64,59951,540049
800000,9,720120.0,2736,13.74,79880,720120
1000000,9,900296.0,3364,16.97,99704,900296
2,10,2.0,0,0.0,0,2
3,10,2.0,0,0.0,1,2
100,10,87.0,0,0.0,13,87
200,10,178.0,35,0.35,22,178
2000,10,1787.0,167,1.55,213,1787
10000,10,9016.0,204,1.71,984,9016
20000,10,18003.0,3266,1.92,1997,18003
40000,10,35992.0,23234,2.24,4008,35992
60000,10,54005.0,43203,2.55,5995,54005
80000,10,71991.0,63183,3.4,8009,71991
100000,10,89975.0,83146,3.72,10025,89975
200000,10,179939.0,182961,9.32,20061,179939
400000,10,359956.0,382666,13.03,40044,359956
600000,10,539974.0,582358,16.11,60026,539974
800000,10,719869.0,782009,19.24,80131,719869
1000000,10,899847.0,981710,22.81,100153,899847
2,11,2.0,0,0.0,0,2
3,11,3.0,0,0.0,0,3
100,11,91.0,0,0.0,9,91
200,11,182.0,45,0.45,18,182
2000,11,1802.0,243,2.24,198,1802
10000,11,9042.0,2001,2.4,958,9042
20000,11,18047.0,2073,2.58,1953,18047
40000,11,36048.0,2181,2.94,3952,36048
60000,11,53925.0,2525,3.25,6075,53925
80000,11,71982.0,2601,3.54,8018,71982
100000,11,89917.0,3309,3.98,10083,89917
200000,11,179806.0,3727,5.58,20194,179806
400000,11,359690.0,17720,8.83,40310,359690
600000,11,539652.0,18384,11.98,60348,539652
800000,11,719568.0,19041,15.15,80432,719568
1000000,11,899702.0,19695,18.52,100298,899702
2,12,2.0,0,0.0,0,2
3,12,3.0,0,0.0,0,3
100,12,92.0,56,0.0,8,92
200,12,187.0,156,0.0,13,187
2000,12,1822.0,1882,0.31,178,1822
10000,12,9012.0,9840,0.44,988,9012
20000,12,18033.0,19820,0.79,1967,18033
40000,12,36009.0,39787,1.77,3991,36009
60000,12,54057.0,59758,8.04,5943,54057
80000,12,72104.0,79730,8.37,7896,72104
100000,12,90066.0,99687,8.82,9934,90066
200000,12,180244.0,199531,12.7,19756,180244
400000,12,360163.0,399220,16.23,39837,360163
600000,12,540089.0,598866,19.42,59911,540089
800000,12,719885.0,798510,22.51,80115,719885
1000000,12,900118.0,998165,25.77,99882,900118
2,13,2.0,0,0.0,0,2
3,13,3.0,0,0.0,0,3
100,13,90.0,0,0.0,10,90
200,13,183.0,0,0.0,17,183
2000,13,1829.0,919,0.04,171,1829
10000,13,9055.0,8852,0.18,945,9055
20000,13,18053.0,18827,0.35,1947,18053
40000,13,36051.0,38363,0.68,3949,36051
60000,13,54009.0,58202,1.08,5991,54009
80000,13,71977.0,72335,1.41,8023,71977
100000,13,90057.0,73044,1.58,9943,90057
200000,13,180071.0,73365,3.29,19929,180071
400000,13,360068.0,74077,6.73,39932,360068
600000,13,540058.0,169581,10.08,59942,540058
800000,13,719860.0,357341,13.61,80140,719860
1000000,13,899829.0,358472,16.71,100171,899829
2,14,2.0,0,0.0,0,2
3,14,3.0,0,0.0,0,3
100,14,93.0,0,0.0,7,93
200,14,180.0,33,0.33,20,180
2000,14,1778.0,177,1.69,222,1778
10000,14,8991.0,7866,1.91,1009,8991
20000,14,17993.0,17851,2.1,2007,17993
40000,14,35992.0,37814,2.38,4008,35992
60000,14,53999.0,57782,2.65,6001,53999
80000,14,71977.0,77756,3.07,8023,71977
100000,14,90017.0,97723,3.38,9983,90017
200000,14,180114.0,197551,5.12,19886,180114
400000,14,359891.0,397222,8.68,40109,359891
600000,14,539919.0,596892,12.26,60081,539919
800000,14,719809.0,796563,15.37,80191,719809
1000000,14,899790.0,996203,18.57,100210,899790
2,15,2.0,0,0.0,0,2
3,15,3.0,0,0.0,0,3
100,15,93.0,0,0.0,7,93
200,15,184.0,0,0.0,16,184
2000,15,1814.0,94,0.02,186,1814
10000,15,9065.0,440,0.49,935,9065
20000,15,18068.0,481,0.74,1932,18068
40000,15,36041.0,6326,1.03,3959,36041
60000,15,54126.0,26295,1.4,5874,54126
80000,15,72121.0,46260,1.75,7879,72121
100000,15,90173.0,66226,2.18,9827,90173
200000,15,180130.0,166080,10.15,19870,180130
400000,15,359857.0,352965,15.98,40143,359857
600000,15,539606.0,537294,37.87,60394,539606
800000,15,719715.0,736964,41.09,80285,719715
1000000,15,899975.0,936608,50.3,100025,899975
2,16,2.0,0,0.0,0,2
3,16,3.0,0,0.0,0,3
100,16,92.0,1,0.01,8,92
200,16,183.0,1,0.01,17,183
2000,16,1806.0,8,0.04,194,1806
10000,16,9009.0,60,0.12,991,9009
20000,16,17976.0,96,0.34,2024,17976
40000,16,36011.0,167,0.66,3989,36011
60000,16,53970.0,236,1.01,6030,53970
80000,16,71972.0,299,1.32,8028,71972
100000,16,90012.0,365,1.67,9988,90012
200000,16,180221.0,705,3.2,19779,180221
400000,16,360113.0,1368,6.68,39887,360113
600000,16,539940.0,2062,9.99,60060,539940
800000,16,720037.0,2681,13.13,79963,720037
1000000,16,900202.0,3321,16.05,99798,900202
2,17,1.0,0,0.0,1,1
3,17,2.0,0,0.0,1,2
100,17,91.0,4,0.04,9,91
200,17,182.0,9,0.09,18,182
2000,17,1797.0,508,0.13,203,1797
10000,17,9016.0,536,0.3,984,9016
20000,17,18041.0,570,0.47,1959,18041
40000,17,36034.0,655,0.94,3966,36034
60000,17,54103.0,724,1.26,5897,54103
80000,17,72089.0,786,1.56,7911,72089
100000,17,90127.0,850,1.91,9873,90127
200000,17,180101.0,1180,3.57,19899,180101
400000,17,360149.0,2361,7.03,39851,360149
600000,17,540051.0,3292,10.51,59949,540051
800000,17,720134.0,3964,13.72,79866,720134
1000000,17,900272.0,4597,16.9,99728,900272
2,18,2.0,0,0.0,0,2
3,18,3.0,0,0.0,0,3
100,18,88.0,0,0.0,12,88
200,18,175.0,0,0.0,25,175
2000,18,1793.0,14,0.08,207,1793
10000,18,9002.0,121,0.98,998,9002
20000,18,17949.0,157,1.1,2051,17949
40000,18,35955.0,275,1.41,4045,35955
60000,18,53947.0,342,1.73,6053,53947
80000,18,71933.0,398,1.99,8067,71933
100000,18,89875.0,569,3.35,10125,89875
200000,18,179761.0,910,5.25,20239,179761
400000,18,359700.0,2081,10.44,40300,359700
600000,18,539856.0,2765,13.71,60144,539856
800000,18,719629.0,3396,16.86,80371,719629
1000000,18,899697.0,4043,20.14,100303,899697
2,19,2.0,0,0.0,0,2
3,19,3.0,0,0.0,0,3
100,19,88.0,0,0.0,12,88
200,19,178.0,54,0.54,22,178
2000,19,1797.0,312,0.96,203,1797
10000,19,8953.0,327,1.06,1047,8953
20000,19,18027.0,355,1.21,1973,18027
40000,19,36009.0,426,1.64,3991,36009
60000,19,53953.0,488,1.97,6047,53953
80000,19,71958.0,554,2.3,8042,71958
100000,19,89945.0,620,2.65,10055,89945
200000,19,179987.0,966,4.41,20013,179987
400000,19,359908.0,1682,7.96,40092,359908
600000,19,539947.0,2290,10.97,60053,539947
800000,19,719901.0,2988,14.43,80099,719901
1000000,19,899889.0,3635,17.48,100111,899889
2,20,2.0,0,0.0,0,2
3,20,3.0,0,0.0,0,3
100,20,93.0,0,0.0,7,93
200,20,182.0,0,0.0,18,182
2000,20,1808.0,221,2.12,192,1808
10000,20,9028.0,241,2.19,972,9028
20000,20,18031.0,277,2.41,1969,18031
40000,20,36035.0,345,2.69,3965,36035
60000,20,53987.0,454,3.49,6013,53987
80000,20,71976.0,1140,10.03,8024,71976
100000,20,89986.0,1211,10.37,10014,89986
200000,20,179927.0,1524,12.02,20073,179927
400000,20,359902.0,3613,15.31,40098,359902
600000,20,539853.0,4269,18.46,60147,539853
800000,20,719856.0,4977,21.59,80144,719856
1000000,20,899722.0,5634,25.04,100278,899722
2,21,2.0,0,0.0,0,2
3,21,3.0,0,0.0,0,3
100,21,91.0,0,0.0,9,91
200,21,180.0,0,0.0,20,180
2000,21,1810.0,8,0.04,190,1810
10000,21,9016.0,33,0.13,984,9016
20000,21,18061.0,143,0.26,1939,18061
40000,21,36075.0,214,0.67,3925,36075
60000,21,54101.0,1577,1.0,5899,54101
80000,21,72163.0,1684,1.29,7837,72163
100000,21,90166.0,1746,1.54,9834,90166
200000,21,180191.0,2241,3.71,19809,180191
400000,21,360282.0,4117,19.29,39718,360282
600000,21,539992.0,4826,22.71,60008,539992
800000,21,720169.0,5460,25.94,79831,720169
1000000,21,900192.0,6147,29.46,99808,900192
2,22,2.0,0,0.0,0,2
3,22,3.0,0,0.0,0,3
100,22,89.0,0,0.0,11,89
200,22,178.0,0,0.0,22,178
2000,22,1779.0,7,0.04,221,1779
10000,22,8989.0,69,0.53,1011,8989
20000,22,18003.0,354,0.77,1997,18003
40000,22,36080.0,615,1.19,3920,36080
60000,22,54131.0,5356,1.4,5869,54131
80000,22,72093.0,16717,1.68,7907,72093
100000,22,90089.0,21229,2.05,9911,90089
200000,22,180104.0,58195,3.94,19896,180104
400000,22,359957.0,136938,6.98,40043,359957
600000,22,540017.0,137583,10.22,59983,540017
800000,22,719901.0,138251,13.57,80099,719901
1000000,22,899715.0,167461,17.41,100285,899715
2,23,1.0,0,0.0,1,1
3,23,2.0,0,0.0,1,2
100,23,84.0,4,0.04,16,84
200,23,174.0,32,0.04,26,174
2000,23,1799.0,1832,0.07,201,1799
10000,23,8948.0,9823,3.58,1052,8948
20000,23,17961.0,19809,3.75,2039,17961
40000,23,35916.0,39773,4.11,4084,35916
60000,23,53902.0,59741,4.44,6098,53902
80000,23,71915.0,79705,4.75,8085,71915
100000,23,89964.0,99674,5.06,10036,89964
200000,23,180133.0,199526,6.8,19867,180133
400000,23,360281.0,399203,9.63,39719,360281
600000,23,540515.0,598875,12.89,59485,540515
800000,23,720719.0,798120,16.16,79281,720719
1000000,23,900472.0,997307,19.78,99528,900472
2,24,2.0,0,0.0,0,2
3,24,3.0,0,0.0,0,3
100,24,85.0,0,0.0,15,85
200,24,177.0,0,0.0,23,177
2000,24,1804.0,81,0.76,196,1804
10000,24,8996.0,126,1.05,1004,8996
20000,24,17971.0,183,1.46,2029,17971
40000,24,35946.0,429,3.61,4054,35946
60000,24,53982.0,477,3.86,6018,53982
80000,24,71978.0,553,4.23,8022,71978
100000,24,89910.0,625,4.66,10090,89910
200000,24,179960.0,978,6.38,20040,179960
400000,24,360221.0,1628,9.72,39779,360221
600000,24,540236.0,2331,13.25,59764,540236
800000,24,720319.0,3235,17.02,79681,720319
1000000,24,900460.0,3905,20.53,99540,900460
2,25,2.0,0,0.0,0,2
3,25,3.0,0,0.0,0,3
100,25,89.0,0,0.0,11,89
200,25,175.0,0,0.0,25,175
2000,25,1783.0,1280,12.73,217,1783
10000,25,8873.0,7312,68.31,1127,8873
20000,25,17884.0,7352,68.56,2116,17884
40000,25,35874.0,7405,68.8,4126,35874
60000,25,53894.0,7472,69.08,6106,53894
80000,25,71857.0,7544,69.51,8143,71857
100000,25,89920.0,7621,69.81,10080,89920
200000,25,179828.0,8124,71.31,20172,179828
400000,25,360096.0,9034,74.6,39904,360096
600000,25,540054.0,9979,77.89,59946,540054
800000,25,720025.0,10683,81.49,79975,720025
1000000,25,900173.0,11360,85.06,99827,900173
2,26,2.0,0,0.0,0,2
3,26,3.0,0,0.0,0,3
100,26,87.0,0,0.0,13,87
200,26,181.0,9,0.09,19,181
2000,26,1796.0,81,0.78,204,1796
10000,26,9004.0,113,0.91,996,9004
20000,26,17994.0,169,1.05,2006,17994
40000,26,35924.0,444,1.32,4076,35924
60000,26,53915.0,1862,1.69,6085,53915
80000,26,71857.0,1912,1.98,8143,71857
100000,26,89841.0,1974,2.28,10159,89841
200000,26,179880.0,2396,3.91,20120,179880
400000,26,360067.0,6290,9.48,39933,360067
600000,26,540084.0,51912,12.97,59916,540084
800000,26,719910.0,189888,16.28,80090,719910
1000000,26,899927.0,200925,19.5,100073,899927
2,27,2.0,0,0.0,0,2
3,27,3.0,0,0.0,0,3
100,27,94.0,0,0.0,6,94
200,27,185.0,33,0.33,15,185
2000,27,1790.0,1734,17.27,210,1790
10000,27,9007.0,1768,17.5,993,9007
20000,27,17975.0,6472,17.63,2025,17975
40000,27,36046.0,26441,18.02,3954,36046
60000,27,54020.0,46406,18.33,5980,54020
80000,27,72028.0,66374,18.73,7972,72028
100000,27,89982.0,86347,19.08,10018,89982
200000,27,180080.0,186164,20.85,19920,180080
400000,27,360253.0,385813,24.23,39747,360253
600000,27,540000.0,585431,27.74,60000,540000
800000,27,720029.0,785090,30.54,79971,720029
1000000,27,899925.0,984754,33.95,100075,899925
2,28,2.0,0,0.0,0,2
3,28,2.0,0,0.0,1,2
100,28,91.0,10,0.0,9,91
200,28,184.0,26,0.0,16,184
2000,28,1789.0,100,0.54,211,1789
10000,28,9016.0,127,0.68,984,9016
20000,28,18045.0,201,1.22,1955,18045
40000,28,36050.0,674,5.64,3950,36050
60000,28,54041.0,756,5.99,5959,54041
80000,28,71985.0,974,7.57,8015,71985
100000,28,89969.0,1056,8.05,10031,89969
200000,28,180036.0,1367,9.64,19964,180036
400000,28,360139.0,2147,13.26,39861,360139
600000,28,539735.0,2812,16.55,60265,539735
800000,28,719643.0,3469,19.75,80357,719643
1000000,28,899432.0,4117,23.02,100568,899432
2,29,1.0,0,0.0,1,1
3,29,2.0,0,0.0,1,2
100,29,84.0,46,0.0,16,84
200,29,169.0,146,0.0,31,169
2000,29,1794.0,1940,0.06,206,1794
10000,29,8989.0,9929,0.23,1011,8989
20000,29,17954.0,19908,0.43,2046,17954
40000,29,35912.0,39863,0.74,4088,35912
60000,29,53938.0,59828,1.01,6062,53938
80000,29,71924.0,79670,1.3,8076,71924
100000,29,89901.0,99634,1.73,10099,89901
200000,29,180001.0,199412,3.41,19999,180001
400000,29,360157.0,399081,7.01,39843,360157
600000,29,540098.0,598720,10.19,59902,540098
800000,29,720303.0,600548,13.67,79697,720303
1000000,29,900258.0,682020,16.97,99742,900258
2,30,1.0,0,0.0,1,1
3,30,2.0,0,0.0,1,2
100,30,92.0,0,0.0,8,92
200,30,175.0,0,0.0,25,175
2000,30,1797.0,156,0.19,203,1797
10000,30,9021.0,180,0.32,979,9021
20000,30,18009.0,215,0.51,1991,18009
40000,30,35986.0,587,0.81,4014,35986
60000,30,53987.0,655,1.17,6013,53987
80000,30,71955.0,728,1.58,8045,71955
100000,30,90003.0,6727,1.85,9997,90003
200000,30,179902.0,88248,3.51,20098,179902
400000,30,359969.0,287477,6.91,40031,359969
600000,30,539833.0,487114,10.45,60167,539833
800000,30,720042.0,686820,13.95,79958,720042
1000000,30,899979.0,886464,17.23,100021,899979
2,31,2.0,0,0.0,0,2
3,31,3.0,0,0.0,0,3
100,31,90.0,5,0.0,10,90
200,31,172.0,5,0.0,28,172
2000,31,1784.0,10,0.02,216,1784
10000,31,9006.0,35,0.14,994,9006
20000,31,17988.0,73,0.34,2012,17988
40000,31,36055.0,138,0.66,3945,36055
60000,31,54008.0,218,1.02,5992,54008
80000,31,71933.0,292,1.37,8067,71933
100000,31,89998.0,377,1.93,10002,89998
200000,31,179944.0,80277,10.29,20056,179944
400000,31,360060.0,279958,13.84,39940,360060
600000,31,539927.0,479637,16.98,60073,539927
800000,31,719992.0,679311,20.1,80008,719992
1000000,31,899984.0,879003,23.43,100016,899984
2,32,2.0,0,0.0,0,2
3,32,3.0,0,0.0,0,3
100,32,89.0,5,0.05,11,89
200,32,183.0,6,0.06,17,183
2000,32,1799.0,15,0.1,201,1799
10000,32,8980.0,47,0.27,1020,8980
20000,32,17989.0,80,0.46,2011,17989
40000,32,36045.0,151,0.82,3955,36045
60000,32,54054.0,206,1.08,5946,54054
80000,32,72050.0,2133,1.44,7950,72050
100000,32,90039.0,2267,1.73,9961,90039
200000,32,180109.0,2635,3.31,19891,180109
400000,32,360103.0,3623,6.84,39897,360103
600000,32,540030.0,4813,10.02,59970,540030
800000,32,720048.0,5534,13.45,79952,720048
1000000,32,900346.0,6212,16.78,99654,900346
2,33,2.0,0,0.0,0,2
3,33,3.0,0,0.0,0,3
100,33,93.0,5,0.0,7,93
200,33,181.0,15,0.09,19,181
2000,33,1794.0,54,0.46,206,1794
10000,33,9006.0,87,0.63,994,9006
20000,33,18014.0,120,0.82,1986,18014
40000,33,36026.0,201,1.33,3974,36026
60000,33,54090.0,260,1.57,5910,54090
80000,33,72181.0,329,1.91,7819,72181
100000,33,90137.0,389,2.24,9863,90137
200000,33,179957.0,999,6.7,20043,179957
400000,33,359845.0,1654,10.26,40155,359845
600000,33,539669.0,2337,13.63,60331,539669
800000,33,719950.0,3013,16.85,80050,719950
1000000,33,899792.0,3678,20.37,100208,899792
2,34,2.0,0,0.0,0,2
3,34,3.0,0,0.0,0,3
100,34,89.0,0,0.0,11,89
200,34,178.0,0,0.0,22,178
2000,34,1770.0,1267,0.79,230,1770
10000,34,8955.0,9252,0.91,1045,8955
20000,34,17908.0,19238,1.08,2092,17908
40000,34,35900.0,39217,1.34,4100,35900
60000,34,53865.0,59185,1.74,6135,53865
80000,34,71842.0,79148,2.01,8158,71842
100000,34,89905.0,99115,2.36,10095,89905
200000,34,179907.0,198957,3.94,20093,179907
400000,34,359965.0,398604,11.35,40035,359965
600000,34,539747.0,598277,14.47,60253,539747
800000,34,719607.0,797953,17.66,80393,719607
1000000,34,899521.0,997611,20.72,100479,899521
2,35,2.0,0,0.0,0,2
3,35,3.0,0,0.0,0,3
100,35,94.0,0,0.0,6,94
200,35,181.0,13,0.0,19,181
2000,35,1785.0,38,0.16,215,1785
10000,35,8973.0,88,0.51,1027,8973
20000,35,18012.0,164,0.69,1988,18012
40000,35,36035.0,227,0.98,3965,36035
60000,35,54022.0,395,1.35,5978,54022
80000,35,72007.0,710,1.72,7993,72007
100000,35,89949.0,783,2.08,10051,89949
200000,35,179895.0,1143,3.87,20105,179895
400000,35,359816.0,6000,49.09,40184,359816
600000,35,539537.0,6665,52.35,60463,539537
800000,35,719417.0,7352,55.91,80583,719417
1000000,35,899593.0,7993,59.19,100407,899593
2,36,2.0,0,0.0,0,2
3,36,2.0,0,0.0,1,2
100,36,92.0,0,0.0,8,92
200,36,177.0,0,0.0,23,177
2000,36,1781.0,23,0.09,219,1781
10000,36,8952.0,55,0.28,1048,8952
20000,36,17931.0,8328,0.45,2069,17931
40000,36,35968.0,28293,0.69,4032,35968
60000,36,54002.0,48263,1.07,5998,54002
80000,36,72051.0,68234,1.41,7949,72051
100000,36,90068.0,88199,1.76,9932,90068
200000,36,179995.0,188030,3.22,20005,179995
400000,36,359767.0,387717,6.22,40233,359767
600000,36,539742.0,587399,9.61,60258,539742
800000,36,719658.0,787073,13.06,80342,719658
1000000,36,899814.0,986744,16.18,100186,899814
2,37,2.0,0,0.0,0,2
3,37,2.0,0,0.0,1,2
100,37,88.0,0,0.0,12,88
200,37,181.0,8,0.08,19,181
2000,37,1824.0,142,0.09,176,1824
10000,37,9058.0,2484,0.83,942,9058
20000,37,18059.0,2511,1.02,1941,18059
40000,37,36125.0,2568,1.29,3875,36125
60000,37,54076.0,2682,1.58,5924,54076
80000,37,72074.0,2767,2.0,7926,72074
100000,37,90078.0,2856,2.4,9922,90078
200000,37,180011.0,3280,3.91,19989,180011
400000,37,360065.0,4094,8.48,39935,360065
600000,37,539895.0,6037,11.92,60105,539895
800000,37,719657.0,7131,16.28,80343,719657
1000000,37,899810.0,7793,19.66,100190,899810
2,38,2.0,0,0.0,0,2
3,38,3.0,0,0.0,0,3
100,38,86.0,0,0.0,14,86
200,38,176.0,0,0.0,24,176
2000,38,1795.0,10,0.05,205,1795
10000,38,8989.0,40,0.22,1011,8989
20000,38,18059.0,8840,0.42,1941,18059
40000,38,36098.0,28810,0.81,3902,36098
60000,38,54116.0,48764,1.25,5884,54116
80000,38,72070.0,68732,3.73,7930,72070
100000,38,90116.0,88691,4.02,9884,90116
200000,38,180238.0,188541,9.62,19762,180238
400000,38,360280.0,388205,13.32,39720,360280
600000,38,540133.0,587658,16.8,59867,540133
800000,38,720161.0,784766,20.12,79839,720161
1000000,38,900397.0,984424,23.43,99603,900397
2,39,2.0,0,0.0,0,2
3,39,3.0,0,0.0,0,3
100,39,90.0,0,0.0,10,90
200,39,182.0,0,0.0,18,182
2000,39,1798.0,16,0.04,202,1798
10000,39,8954.0,38,0.14,1046,8954
20000,39,17928.0,78,0.33,2072,17928
40000,39,36028.0,143,0.63,3972,36028
60000,39,54046.0,208,0.88,5954,54046
80000,39,72069.0,268,1.15,7931,72069
100000,39,90145.0,332,1.5,9855,90145
200000,39,180151.0,740,3.21,19849,180151
400000,39,360092.0,1524,6.67,39908,360092
600000,39,539998.0,8063,10.03,60002,539998
800000,39,719959.0,8831,13.35,80041,719959
1000000,39,899746.0,9660,16.51,100254,899746
2,40,2.0,0,0.0,0,2
3,40,3.0,0,0.0,0,3
100,40,93.0,0,0.0,7,93
200,40,185.0,0,0.0,15,185
2000,40,1788.0,26,0.2,212,1788
10000,40,8961.0,63,0.34,1039,8961
20000,40,17942.0,91,0.47,2058,17942
40000,40,35894.0,152,0.84,4106,35894
60000,40,53934.0,212,1.17,6066,53934
80000,40,71978.0,280,1.48,8022,71978
100000,40,90041.0,336,1.74,9959,90041
200000,40,180070.0,661,3.43,19930,180070
400000,40,360119.0,1286,6.63,39881,360119
600000,40,540191.0,1991,10.19,59809,540191
800000,40,720155.0,2629,13.52,79845,720155
1000000,40,900121.0,3288,16.57,99879,900121
2,41,2.0,0,0.0,0,2
3,41,3.0,0,0.0,0,3
100,41,89.0,4,0.04,11,89
200,41,177.0,5,0.05,23,177
2000,41,1810.0,64,0.12,190,1810
10000,41,9071.0,92,0.3,929,9071
20000,41,18066.0,241,0.41,1934,18066
40000,41,36084.0,332,0.98,3916,36084
60000,41,54097.0,379,1.21,5903,54097
80000,41,72106.0,447,1.54,7894,72106
100000,41,90095.0,662,3.28,9905,90095
200000,41,180139.0,33732,4.93,19861,180139
400000,41,360196.0,45942,8.49,39804,360196
600000,41,540006.0,47334,11.74,59994,540006
800000,41,720071.0,48025,15.28,79929,720071
1000000,41,899984.0,48684,18.77,100016,899984
2,42,2.0,0,0.0,0,2
3,42,3.0,0,0.0,0,3
100,42,91.0,5,0.05,9,91
200,42,183.0,5,0.05,17,183
2000,42,1781.0,63,0.45,219,1781
10000,42,8986.0,7966,78.24,1014,8986
20000,42,17895.0,17952,177.94,2105,17895
40000,42,35768.0,31071,308.86,4232,35768
60000,42,53727.0,31132,309.14,6273,53727
80000,42,71732.0,31210,309.46,8268,71732
100000,42,89734.0,31267,309.74,10266,89734
200000,42,179658.0,31601,311.33,20342,179658
400000,42,359576.0,32240,314.89,40424,359576
600000,42,539756.0,32893,318.35,60244,539756
800000,42,719565.0,33584,321.97,80435,719565
1000000,42,899498.0,34224,325.22,100502,899498
2,43,2.0,0,0.0,0,2
3,43,3.0,0,0.0,0,3
100,43,91.0,0,0.0,9,91
200,43,180.0,4,0.0,20,180
2000,43,1817.0,15,0.09,183,1817
10000,43,9057.0,136,0.93,943,9057
20000,43,18066.0,214,1.51,1934,18066
40000,43,36020.0,295,1.98,3980,36020
60000,43,53976.0,753,5.57,6024,53976
80000,43,72045.0,821,5.86,7955,72045
100000,43,90091.0,888,6.13,9909,90091
200000,43,180065.0,1192,7.72,19935,180065
400000,43,360061.0,1835,10.92,39939,360061
600000,43,540031.0,2479,13.96,59969,540031
800000,43,720104.0,3124,16.9,79896,720104
1000000,43,900008.0,3794,19.98,99992,900008
2,44,2.0,0,0.0,0,2
3,44,3.0,0,0.0,0,3
100,44,91.0,0,0.0,9,91
200,44,186.0,0,0.0,14,186
2000,44,1825.0,21,0.14,175,1825
10000,44,9032.0,94,0.3,968,9032
20000,44,17995.0,200,1.19,2005,17995
40000,44,35997.0,412,1.43,4003,35997
60000,44,54074.0,2143,1.77,5926,54074
80000,44,72062.0,2220,2.3,7938,72062
100000,44,90066.0,2322,3.04,9934,90066
200000,44,180179.0,2674,4.84,19821,180179
400000,44,360026.0,3382,8.78,39974,360026
600000,44,540182.0,4065,12.39,59818,540182
800000,44,720145.0,4726,15.76,79855,720145
1000000,44,899895.0,5393,19.01,100105,899895
2,45,2.0,0,0.0,0,2
3,45,3.0,0,0.0,0,3
100,45,88.0,0,0.0,12,88
200,45,180.0,4,0.0,20,180
2000,45,1793.0,54,0.45,207,1793
10000,45,8975.0,240,0.95,1025,8975
20000,45,17947.0,263,1.05,2053,17947
40000,45,35856.0,408,2.15,4144,35856
60000,45,53790.0,543,2.5,6210,53790
80000,45,71753.0,597,2.75,8247,71753
100000,45,89669.0,686,3.21,10331,89669
200000,45,179720.0,1018,4.93,20280,179720
400000,45,359716.0,54047,8.32,40284,359716
600000,45,539579.0,253727,11.6,60421,539579
800000,45,719638.0,453379,15.06,80362,719638
1000000,45,899615.0,653084,18.46,100385,899615
2,46,2.0,0,0.0,0,2
3,46,3.0,0,0.0,0,3
100,46,94.0,1,0.0,6,94
200,46,183.0,1,0.0,17,183
2000,46,1794.0,8,0.06,206,1794
10000,46,9009.0,39,0.22,991,9009
20000,46,18011.0,81,0.41,1989,18011
40000,46,36062.0,159,0.76,3938,36062
60000,46,54003.0,271,1.6,5997,54003
80000,46,72017.0,344,1.96,7983,72017
100000,46,90045.0,413,2.37,9955,90045
200000,46,179921.0,761,4.1,20079,179921
400000,46,359853.0,1464,7.41,40147,359853
600000,46,539900.0,2361,10.79,60100,539900
800000,46,719818.0,3064,14.31,80182,719818
1000000,46,899987.0,3737,17.54,100013,899987
2,47,2.0,0,0.0,0,2
3,47,3.0,0,0.0,0,3
100,47,90.0,0,0.0,10,90
200,47,184.0,0,0.0,16,184
2000,47,1839.0,40,0.21,161,1839
10000,47,9001.0,75,0.32,999,9001
20000,47,17987.0,105,0.48,2013,17987
40000,47,36025.0,162,0.76,3975,36025
60000,47,53959.0,224,1.01,6041,53959
80000,47,72006.0,281,1.29,7994,72006
100000,47,90019.0,342,1.61,9981,90019
200000,47,179959.0,788,3.23,20041,179959
400000,47,359956.0,1431,6.55,40044,359956
600000,47,540093.0,3467,10.16,59907,540093
800000,47,720133.0,14570,13.52,79867,720133
1000000,47,900120.0,22522,16.94,99880,900120
2,48,2.0,0,0.0,0,2
3,48,3.0,0,0.0,0,3
100,48,92.0,5,0.05,8,92
200,48,183.0,5,0.05,17,183
2000,48,1820.0,126,0.1,180,1820
10000,48,9041.0,194,0.42,959,9041
20000,48,18001.0,231,0.6,1999,18001
40000,48,35994.0,521,0.99,4006,35994
60000,48,54000.0,615,1.68,6000,54000
80000,48,71958.0,675,1.93,8042,71958
100000,48,89954.0,760,2.23,10046,89954
200000,48,179930.0,1093,3.76,20070,179930
400000,48,360147.0,1808,7.18,39853,360147
600000,48,540282.0,2492,10.49,59718,540282
800000,48,720230.0,3157,14.01,79770,720230
1000000,48,900173.0,3794,17.13,99827,900173
2,49,2.0,0,0.0,0,2
3,49,3.0,0,0.0,0,3
100,49,87.0,0,0.0,13,87
200,49,181.0,0,0.0,19,181
2000,49,1792.0,69,0.04,208,1792
10000,49,9014.0,105,0.22,986,9014
20000,49,18064.0,144,0.43,1936,18064
40000,49,36138.0,211,0.79,3862,36138
60000,49,54149.0,284,1.08,5851,54149
80000,49,72108.0,354,1.43,7892,72108
100000,49,90119.0,436,1.79,9881,90119
200000,49,179910.0,768,3.47,20090,179910
400000,49,359679.0,1537,7.5,40321,359679
600000,49,539608.0,2220,10.97,60392,539608
800000,49,719441.0,2906,14.37,80559,719441
1000000,49,899455.0,3605,17.84,100545,899455
2,50,1.0,0,0.0,1,1
3,50,2.0,0,0.0,1,2
100,50,92.0,0,0.0,8,92
200,50,178.0,4,0.04,22,178
2000,50,1824.0,10,0.07,176,1824
10000,50,9064.0,35,0.19,936,9064
20000,50,18054.0,68,0.34,1946,18054
40000,50,35988.0,134,0.71,4012,35988
60000,50,54075.0,200,1.04,5925,54075
80000,50,72144.0,286,1.47,7856,72144
100000,50,90116.0,358,1.82,9884,90116
200000,50,180231.0,684,3.52,19769,180231
400000,50,360348.0,1401,7.58,39652,360348
600000,50,540459.0,2150,10.87,59541,540459
800000,50,720566.0,2842,14.31,79434,720566
1000000,50,900472.0,3511,17.73,99528,900472
2,51,2.0,0,0.0,0,2
3,51,3.0,0,0.0,0,3
100,51,91.0,1,0.0,9,91
200,51,178.0,1,0.0,22,178
2000,51,1796.0,24,0.18,204,1796
10000,51,8987.0,56,0.29,1013,8987
20000,51,17985.0,84,0.44,2015,17985
40000,51,36096.0,150,0.68,3904,36096
60000,51,54096.0,223,1.05,5904,54096
80000,51,72056.0,290,1.38,7944,72056
100000,51,90022.0,423,1.73,9978,90022
200000,51,180161.0,794,3.44,19839,180161
400000,51,359956.0,1486,6.99,40044,359956
600000,51,540131.0,4359,10.06,59869,540131
800000,51,720191.0,5046,13.55,79809,720191
1000000,51,900244.0,7138,16.84,99756,900244
2,52,2.0,0,0.0,0,2
3,52,3.0,0,0.0,0,3
100,52,95.0,0,0.0,5,95
200,52,188.0,1,0.0,12,188
2000,52,1821.0,34,0.3,179,1821
10000,52,9049.0,76,0.51,951,9049
20000,52,18027.0,102,0.61,1973,18027
40000,52,36016.0,173,0.86,3984,36016
60000,52,54056.0,279,1.35,5944,54056
80000,52,72041.0,337,1.67,7959,72041
100000,52,90096.0,393,1.87,9904,90096
200000,52,180349.0,729,3.52,19651,180349
400000,52,360224.0,1374,6.8,39776,360224
600000,52,540212.0,2054,10.05,59788,540212
800000,52,720060.0,2669,13.25,79940,720060
1000000,52,900148.0,3300,16.28,99852,900148
2,53,2.0,0,0.0,0,2
3,53,3.0,0,0.0,0,3
100,53,89.0,0,0.0,11,89
200,53,176.0,0,0.0,24,176
2000,53,1793.0,12,0.06,207,1793
10000,53,9032.0,113,0.85,968,9032
20000,53,18033.0,163,1.15,1967,18033
40000,53,36064.0,245,1.61,3936,36064
60000,53,54138.0,494,3.74,5862,54138
80000,53,72154.0,753,5.86,7846,72154
100000,53,90121.0,1073,8.14,9879,90121
200000,53,180060.0,1397,9.8,19940,180060
400000,53,360224.0,2226,14.85,39776,360224
600000,53,539990.0,2977,18.75,60010,539990
800000,53,720065.0,3629,22.05,79935,720065
1000000,53,900124.0,57248,25.41,99876,900124
2,54,1.0,0,0.0,1,1
3,54,2.0,0,0.0,1,2
100,54,86.0,0,0.0,14,86
200,54,176.0,0,0.0,24,176
2000,54,1794.0,45,0.38,206,1794
10000,54,8995.0,73,0.59,1005,8995
20000,54,17983.0,2580,0.89,2017,17983
40000,54,36006.0,2656,1.27,3994,36006
60000,54,53950.0,2728,1.66,6050,53950
80000,54,71967.0,2803,2.02,8033,71967
100000,54,89924.0,2876,2.32,10076,89924
200000,54,180117.0,3216,4.16,19883,180117
400000,54,360099.0,4046,7.34,39901,360099
600000,54,540143.0,5494,10.59,59857,540143
800000,54,720216.0,6182,13.87,79784,720216
1000000,54,900317.0,15738,17.44,99683,900317
2,55,2.0,0,0.0,0,2
3,55,3.0,0,0.0,0,3
100,55,92.0,0,0.0,8,92
200,55,176.0,0,0.0,24,176
2000,55,1785.0,1700,16.46,215,1785
10000,55,8940.0,9684,78.95,1060,8940
20000,55,17945.0,19676,79.12,2055,17945
40000,55,35911.0,39641,79.53,4089,35911
60000,55,53938.0,59607,79.92,6062,53938
80000,55,71971.0,79569,80.32,8029,71971
100000,55,89946.0,99536,80.65,10054,89946
200000,55,180007.0,199366,82.33,19993,180007
400000,55,360135.0,399011,85.28,39865,360135
600000,55,539803.0,597438,88.3,60197,539803
800000,55,719874.0,797116,91.38,80126,719874
1000000,55,899954.0,996767,94.68,100046,899954
2,56,2.0,0,0.0,0,2
3,56,2.0,0,0.0,1,2
100,56,88.0,0,0.0,12,88
200,56,178.0,0,0.0,22,178
2000,56,1804.0,15,0.08,196,1804
10000,56,8997.0,2874,28.55,1003,8997
20000,56,17927.0,2905,28.69,2073,17927
40000,56,35943.0,2976,29.12,4057,35943
60000,56,53907.0,3051,29.5,6093,53907
80000,56,71925.0,3106,29.81,8075,71925
100000,56,89962.0,3164,30.16,10038,89962
200000,56,179789.0,3487,31.7,20211,179789
400000,56,359671.0,4131,34.9,40329,359671
600000,56,539661.0,4849,38.34,60339,539661
800000,56,719631.0,5507,41.63,80369,719631
1000000,56,899649.0,6219,45.0,100351,899649
2,57,2.0,0,0.0,0,2
3,57,3.0,0,0.0,0,3
100,57,87.0,5,0.0,13,87
200,57,179.0,5,0.0,21,179
2000,57,1784.0,16,0.06,216,1784
10000,57,8921.0,46,0.26,1079,8921
20000,57,17912.0,95,0.49,2088,17912
40000,57,35901.0,172,0.85,4099,35901
60000,57,53923.0,725,1.16,6077,53923
80000,57,71965.0,817,1.64,8035,71965
100000,57,89944.0,885,1.96,10056,89944
200000,57,179887.0,1358,4.1,20113,179887
400000,57,359880.0,4130,7.35,40120,359880
600000,57,539867.0,4805,10.91,60133,539867
800000,57,719913.0,5525,14.61,80087,719913
1000000,57,900022.0,6300,19.1,99978,900022
2,58,2.0,0,0.0,0,2
3,58,2.0,0,0.0,1,2
100,58,90.0,3,0.0,10,90
200,58,183.0,3,0.0,17,183
2000,58,1813.0,4,0.0,187,1813
10000,58,9004.0,145,1.27,996,9004
20000,58,17969.0,204,1.41,2031,17969
40000,58,35955.0,267,1.77,4045,35955
60000,58,53947.0,340,2.09,6053,53947
80000,58,71922.0,415,2.48,8078,71922
100000,58,89894.0,490,2.84,10106,89894
200000,58,179894.0,6158,4.51,20106,179894
400000,58,359748.0,7110,7.94,40252,359748
600000,58,539694.0,7771,11.2,60306,539694
800000,58,719577.0,8496,14.79,80423,719577
1000000,58,899443.0,9110,18.05,100557,899443
2,59,2.0,0,0.0,0,2
3,59,3.0,0,0.0,0,3
100,59,88.0,15,0.0,12,88
200,59,181.0,115,0.0,19,181
2000,59,1810.0,1911,0.02,190,1810
10000,59,9017.0,9897,0.19,983,9017
20000,59,17998.0,19879,0.46,2002,17998
40000,59,35928.0,39844,0.76,4072,35928
60000,59,53905.0,59732,13.54,6095,53905
80000,59,71944.0,79669,13.87,8056,71944
100000,59,89917.0,99536,14.17,10083,89917
200000,59,179935.0,199376,16.31,20065,179935
400000,59,359903.0,399051,20.69,40097,359903
600000,59,539822.0,598742,23.88,60178,539822
800000,59,720005.0,798435,27.54,79995,720005
1000000,59,900139.0,998064,33.9,99861,900139
2,60,2.0,0,0.0,0,2
3,60,3.0,0,0.0,0,3
100,60,94.0,13,0.0,6,94
200,60,184.0,21,0.0,16,184
2000,60,1789.0,552,5.29,211,1789
10000,60,8980.0,4596,5.41,1020,8980
20000,60,17999.0,14585,5.48,2001,17999
40000,60,35997.0,34560,5.93,4003,35997
60000,60,53952.0,54529,6.29,6048,53952
80000,60,71929.0,74498,6.67,8071,71929
100000,60,89960.0,94464,6.99,10040,89960
200000,60,180052.0,194280,8.81,19948,180052
400000,60,360015.0,393939,12.03,39985,360015
600000,60,539781.0,593601,15.15,60219,539781
800000,60,719687.0,793253,18.28,80313,719687
1000000,60,899730.0,992916,21.53,100270,899730
2,61,2.0,0,0.0,0,2
3,61,2.0,0,0.0,1,2
100,61,90.0,0,0.0,10,90
200,61,180.0,0,0.0,20,180
2000,61,1789.0,7,0.03,211,1789
10000,61,8991.0,87,0.57,1009,8991
20000,61,18065.0,344,1.94,1935,18065
40000,61,36073.0,427,2.41,3927,36073
60000,61,54045.0,487,2.71,5955,54045
80000,61,72031.0,546,3.07,7969,72031
100000,61,90011.0,626,3.42,9989,90011
200000,61,180173.0,1009,5.84,19827,180173
400000,61,360186.0,1757,9.28,39814,360186
600000,61,540176.0,2851,12.55,59824,540176
800000,61,720185.0,3510,16.02,79815,720185
1000000,61,900137.0,4163,19.2,99863,900137
2,62,2.0,0,0.0,0,2
3,62,3.0,0,0.0,0,3
100,62,91.0,8,0.0,9,91
200,62,179.0,8,0.0,21,179
2000,62,1810.0,33,0.17,190,1810
10000,62,9023.0,82,0.52,977,9023
20000,62,18035.0,117,0.74,1965,18035
40000,62,36043.0,193,1.1,3957,36043
60000,62,54058.0,257,1.5,5942,54058
80000,62,72061.0,335,1.87,7939,72061
100000,62,90076.0,561,3.82,9924,90076
200000,62,179948.0,893,5.52,20052,179948
400000,62,359912.0,75764,9.15,40088,359912
600000,62,539877.0,275424,12.7,60123,539877
800000,62,719731.0,475146,16.36,80269,719731
1000000,62,899637.0,674805,19.67,100363,899637
2,63,2.0,0,0.0,0,2
3,63,3.0,0,0.0,0,3
100,63,90.0,20,0.01,10,90
200,63,183.0,20,0.01,17,183
2000,63,1790.0,28,0.03,210,1790
10000,63,8962.0,147,0.62,1038,8962
20000,63,18014.0,8694,0.78,1986,18014
40000,63,36050.0,28662,1.02,3950,36050
60000,63,54049.0,48632,1.33,5951,54049
80000,63,72000.0,68593,1.6,8000,72000
100000,63,89981.0,88557,1.91,10019,89981
200000,63,180044.0,188399,3.64,19956,180044
400000,63,359941.0,388087,7.13,40059,359941
600000,63,540047.0,587768,10.13,59953,540047
800000,63,719706.0,787405,13.46,80294,719706
1000000,63,899725.0,987036,16.77,100275,899725
2,64,2.0,0,0.0,0,2
3,64,3.0,0,0.0,0,3
100,64,93.0,0,0.0,7,93
200,64,180.0,22,0.22,20,180
2000,64,1778.0,29,0.24,222,1778
10000,64,8994.0,60,0.35,1006,8994
20000,64,17966.0,86,0.53,2034,17966
40000,64,36014.0,149,0.8,3986,36014
60000,64,54042.0,742,1.19,5958,54042
80000,64,72016.0,809,1.47,7984,72016
100000,64,90032.0,886,1.95,9968,90032
200000,64,180078.0,1227,3.65,19922,180078
400000,64,360226.0,1882,6.9,39774,360226
600000,64,540105.0,2558,10.2,59895,540105
800000,64,720028.0,3233,13.39,79972,720028
1000000,64,900033.0,3926,16.67,99967,900033
2,65,2.0,0,0.0,0,2
3,65,2.0,0,0.0,1,2
100,65,89.0,20,0.02,11,89
200,65,182.0,120,0.02,18,182
2000,65,1813.0,1919,0.06,187,1813
10000,65,8995.0,9904,0.84,1005,8995
20000,65,17999.0,19888,0.9,2001,17999
40000,65,36028.0,39842,1.3,3972,36028
60000,65,54064.0,59806,3.21,5936,54064
80000,65,72010.0,79776,3.54,7990,72010
100000,65,90009.0,99741,3.85,9991,90009
200000,65,180083.0,199559,5.43,19917,180083
400000,65,359966.0,399256,8.76,40034,359966
600000,65,539915.0,598937,12.2,60085,539915
800000,65,719895.0,798596,15.25,80105,719895
1000000,65,899906.0,998258,18.72,100094,899906
2,66,2.0,0,0.0,0,2
3,66,3.0,0,0.0,0,3
100,66,88.0,0,0.0,12,88
200,66,176.0,0,0.0,24,176
2000,66,1755.0,1723,17.2,245,1755
10000,66,8889.0,9711,96.92,1111,8889
20000,66,17810.0,19698,196.59,2190,17810
40000,66,35630.0,39662,395.92,4370,35630
60000,66,53416.0,59634,595.34,6584,53416
80000,66,71319.0,79613,643.11,8681,71319
100000,66,89319.0,99585,643.55,10681,89319
200000,66,179322.0,199413,645.2,20678,179322
400000,66,359300.0,399071,648.38,40700,359300
600000,66,539066.0,598201,651.71,60934,539066
800000,66,718904.0,792129,654.82,81096,718904
1000000,66,898813.0,991725,657.99,101187,898813
2,67,2.0,0,0.0,0,2
3,67,3.0,0,0.0,0,3
100,67,96.0,0,0.0,4,96
200,67,191.0,12,0.0,9,191
2000,67,1816.0,337,3.17,184,1816
10000,67,8995.0,859,8.2,1005,8995
20000,67,17998.0,890,8.36,2002,17998
40000,67,35990.0,957,8.63,4010,35990
60000,67,54031.0,1119,8.94,5969,54031
80000,67,72085.0,1176,9.23,7915,72085
100000,67,90051.0,1243,9.59,9949,90051
200000,67,180239.0,1583,11.27,19761,180239
400000,67,360260.0,2287,14.53,39740,360260
600000,67,540353.0,3186,18.07,59647,540353
800000,67,720487.0,5941,21.4,79513,720487
1000000,67,900483.0,6616,24.87,99517,900483
2,68,2.0,0,0.0,0,2
3,68,3.0,0,0.0,0,3
100,68,87.0,0,0.0,13,87
200,68,173.0,0,0.0,27,173
2000,68,1814.0,16,0.08,186,1814
10000,68,9005.0,44,0.2,995,9005
20000,68,18040.0,82,0.37,1960,18040
40000,68,36022.0,306,0.69,3978,36022
60000,68,54006.0,374,1.07,5994,54006
80000,68,71987.0,441,1.34,8013,71987
100000,68,89930.0,520,1.75,10070,89930
200000,68,179706.0,847,3.59,20294,179706
400000,68,359787.0,1483,6.82,40213,359787
600000,68,539830.0,2182,10.28,60170,539830
800000,68,719719.0,2880,13.87,80281,719719
1000000,68,899701.0,3536,17.04,100299,899701
2,69,1.0,0,0.0,1,1
3,69,2.0,0,0.0,1,2
100,69,89.0,0,0.0,11,89
200,69,177.0,0,0.0,23,177
2000,69,1775.0,1716,0.06,225,1775
10000,69,8962.0,9699,0.24,1038,8962
20000,69,17991.0,19688,2.05,2009,17991
40000,69,36045.0,39657,2.68,3955,36045
60000,69,54107.0,59628,3.04,5893,54107
80000,69,72164.0,79592,4.03,7836,72164
100000,69,90213.0,99544,4.33,9787,90213
200000,69,180172.0,199389,6.79,19828,180172
400000,69,360004.0,399050,10.2,39996,360004
600000,69,540083.0,598723,13.51,59917,540083
800000,69,720059.0,798342,16.78,79941,720059
1000000,69,900039.0,997982,20.34,99961,900039
2,70,2.0,0,0.0,0,2
3,70,3.0,0,0.0,0,3
100,70,90.0,0,0.0,10,90
200,70,180.0,0,0.0,20,180
2000,70,1791.0,14,0.08,209,1791
10000,70,9030.0,87,0.66,970,9030
20000,70,18033.0,117,0.85,1967,18033
40000,70,36066.0,190,1.13,3934,36066
60000,70,54074.0,314,1.47,5926,54074
80000,70,72108.0,389,1.78,7892,72108
100000,70,90139.0,454,2.09,9861,90139
200000,70,180064.0,790,3.83,19936,180064
400000,70,360143.0,1469,6.97,39857,360143
600000,70,540162.0,2243,10.17,59838,540162
800000,70,720334.0,2900,13.31,79666,720334
1000000,70,900431.0,3572,16.81,99569,900431
2,71,1.0,0,0.0,1,1
3,71,2.0,0,0.0,1,2
100,71,89.0,0,0.0,11,89
200,71,176.0,0,0.0,24,176
2000,71,1810.0,19,0.12,190,1810
10000,71,9044.0,137,0.27,956,9044
20000,71,18037.0,171,0.46,1963,18037
40000,71,36006.0,243,0.78,3994,36006
60000,71,54025.0,307,1.14,5975,54025
80000,71,72032.0,369,1.47,7968,72032
100000,71,90007.0,441,1.81,9993,90007
200000,71,179979.0,800,3.66,20021,179979
400000,71,359619.0,1760,7.11,40381,359619
600000,71,539665.0,3936,10.53,60335,539665
800000,71,719756.0,4570,13.52,80244,719756
1000000,71,899688.0,5207,16.96,100312,899688
2,72,2.0,0,0.0,0,2
3,72,3.0,0,0.0,0,3
100,72,95.0,0,0.0,5,95
200,72,182.0,0,0.0,18,182
2000,72,1785.0,26,0.23,215,1785
10000,72,8973.0,52,0.4,1027,8973
20000,72,17981.0,93,0.69,2019,17981
40000,72,35952.0,298,2.43,4048,35952
60000,72,53909.0,383,2.97,6091,53909
80000,72,71885.0,457,3.28,8115,71885
100000,72,89802.0,533,3.7,10198,89802
200000,72,179846.0,871,5.5,20154,179846
400000,72,359889.0,1530,8.83,40111,359889
600000,72,540019.0,2170,12.1,59981,540019
800000,72,720218.0,2876,15.49,79782,720218
1000000,72,900381.0,3531,18.88,99619,900381
2,73,2.0,0,0.0,0,2
3,73,3.0,0,0.0,0,3
100,73,96.0,0,0.0,4,96
200,73,186.0,0,0.0,14,186
2000,73,1786.0,19,0.17,214,1786
10000,73,8920.0,885,8.59,1080,8920
20000,73,17908.0,940,8.71,2092,17908
40000,73,35909.0,1002,9.04,4091,35909
60000,73,53877.0,1075,9.43,6123,53877
80000,73,71809.0,1138,9.75,8191,71809
100000,73,89858.0,1222,10.27,10142,89858
200000,73,179766.0,1562,11.91,20234,179766
400000,73,359582.0,2212,15.17,40418,359582
600000,73,539533.0,2901,18.44,60467,539533
800000,73,719319.0,3555,21.3,80681,719319
1000000,73,899280.0,4201,24.46,100720,899280
2,74,1.0,0,0.0,1,1
3,74,2.0,0,0.0,1,2
100,74,91.0,3,0.03,9,91
200,74,184.0,3,0.03,16,184
2000,74,1786.0,13,0.07,214,1786
10000,74,9032.0,36,0.18,968,9032
20000,74,18005.0,78,0.3,1995,18005
40000,74,35986.0,146,0.58,4014,35986
60000,74,54003.0,221,0.92,5997,54003
80000,74,71949.0,276,1.15,8051,71949
100000,74,89997.0,347,1.48,10003,89997
200000,74,179982.0,701,3.14,20018,179982
400000,74,359915.0,2058,13.66,40085,359915
600000,74,540093.0,2813,17.8,59907,540093
800000,74,720298.0,3758,23.82,79702,720298
1000000,74,900236.0,4426,27.25,99764,900236
2,75,1.0,0,0.0,1,1
3,75,2.0,0,0.0,1,2
100,75,87.0,0,0.0,13,87
200,75,178.0,0,0.0,22,178
2000,75,1812.0,1004,6.11,188,1812
10000,75,9067.0,1575,11.54,933,9067
20000,75,18055.0,1606,11.73,1945,18055
40000,75,36060.0,1711,11.99,3940,36060
60000,75,54054.0,1777,12.27,5946,54054
80000,75,72044.0,6903,12.61,7956,72044
100000,75,90048.0,7041,12.93,9952,90048
200000,75,180060.0,9148,14.5,19940,180060
400000,75,359904.0,11651,18.03,40096,359904
600000,75,539851.0,12317,21.49,60149,539851
800000,75,719595.0,12955,24.69,80405,719595
1000000,75,899487.0,13603,27.77,100513,899487
2,76,1.0,0,0.0,1,1
3,76,2.0,0,0.0,1,2
100,76,87.0,0,0.0,13,87
200,76,178.0,0,0.0,22,178
2000,76,1782.0,49,0.49,218,1782
10000,76,8989.0,72,0.57,1011,8989
20000,76,17950.0,107,0.71,2050,17950
40000,76,36007.0,593,1.27,3993,36007
60000,76,54010.0,662,1.63,5990,54010
80000,76,71968.0,720,1.96,8032,71968
100000,76,90014.0,795,2.38,9986,90014
200000,76,180016.0,1123,4.0,19984,180016
400000,76,360104.0,1972,7.08,39896,360104
600000,76,540102.0,9271,10.37,59898,540102
800000,76,719995.0,9939,13.86,80005,719995
1000000,76,900017.0,10587,17.21,99983,900017
2,77,2.0,0,0.0,0,2
3,77,2.0,0,0.0,1,2
100,77,92.0,0,0.0,8,92
200,77,176.0,1,0.01,24,176
2000,77,1812.0,18,0.05,188,1812
10000,77,9017.0,245,0.19,983,9017
20000,77,18036.0,714,0.36,1964,18036
40000,77,36058.0,796,0.73,3942,36058
60000,77,54090.0,858,0.94,5910,54090
80000,77,72072.0,1268,1.25,7928,72072
100000,77,90097.0,1337,1.61,9903,90097
200000,77,180089.0,1673,3.18,19911,180089
400000,77,360073.0,2339,6.59,39927,360073
600000,77,540110.0,3004,9.94,59890,540110
800000,77,720152.0,3702,13.17,79848,720152
1000000,77,900068.0,4439,16.89,99932,900068
2,78,2.0,0,0.0,0,2
3,78,3.0,0,0.0,0,3
100,78,91.0,0,0.0,9,91
200,78,183.0,0,0.0,17,183
2000,78,1797.0,89,0.75,203,1797
10000,78,8995.0,125,0.97,1005,8995
20000,78,18003.0,171,1.26,1997,18003
40000,78,36065.0,223,1.55,3935,36065
60000,78,54102.0,274,1.74,5898,54102
80000,78,72072.0,336,2.09,7928,72072
100000,78,90148.0,396,2.37,9852,90148
200000,78,180276.0,731,4.08,19724,180276
400000,78,360131.0,1851,7.31,39869,360131
600000,78,540395.0,3278,10.34,59605,540395
800000,78,720498.0,3980,13.89,79502,720498
1000000,78,900553.0,4758,17.34,99447,900553
2,79,2.0,0,0.0,0,2
3,79,3.0,0,0.0,0,3
100,79,92.0,0,0.0,8,92
200,79,181.0,19,0.19,19,181
2000,79,1796.0,25,0.23,204,1796
10000,79,9017.0,50,0.35,983,9017
20000,79,18025.0,83,0.48,1975,18025
40000,79,36039.0,538,0.78,3961,36039
60000,79,54120.0,604,1.19,5880,54120
80000,79,72147.0,665,1.45,7853,72147
100000,79,90159.0,729,1.78,9841,90159
200000,79,180185.0,1072,3.48,19815,180185
400000,79,360268.0,1743,6.76,39732,360268
600000,79,540120.0,2402,9.97,59880,540120
800000,79,720169.0,3072,13.28,79831,720169
1000000,79,900054.0,3766,16.83,99946,900054
2,80,1.0,0,0.0,1,1
3,80,2.0,0,0.0,1,2
100,80,87.0,10,0.1,13,87
200,80,177.0,10,0.1,23,177
2000,80,1784.0,28,0.16,216,1784
10000,80,8970.0,71,0.42,1030,8970
20000,80,17966.0,108,0.61,2034,17966
40000,80,35934.0,181,0.98,4066,35934
60000,80,53883.0,251,1.41,6117,53883
80000,80,71813.0,338,1.84,8187,71813
100000,80,89816.0,933,2.32,10184,89816
200000,80,179936.0,1418,3.78,20064,179936
400000,80,360035.0,2823,14.5,39965,360035
600000,80,540149.0,3555,18.19,59851,540149
800000,80,720102.0,4221,21.54,79898,720102
1000000,80,900076.0,7902,25.15,99924,900076
2,81,2.0,0,0.0,0,2
3,81,3.0,0,0.0,0,3
100,81,90.0,5,0.04,10,90
200,81,183.0,5,0.04,17,183
2000,81,1805.0,8,0.07,195,1805
10000,81,9010.0,43,0.31,990,9010
20000,81,18030.0,81,0.55,1970,18030
40000,81,36005.0,151,0.92,3995,36005
60000,81,53934.0,230,1.31,6066,53934
80000,81,71947.0,10126,1.72,8053,71947
100000,81,90005.0,10245,1.99,9995,90005
200000,81,180018.0,10575,3.62,19982,180018
400000,81,360095.0,11231,6.82,39905,360095
600000,81,540086.0,12741,10.21,59914,540086
800000,81,720084.0,13418,13.53,79916,720084
1000000,81,899822.0,14094,17.01,100178,899822
2,82,2.0,0,0.0,0,2
3,82,3.0,1,0.01,0,3
100,82,91.0,2,0.02,9,91
200,82,179.0,2,0.02,21,179
2000,82,1790.0,50,0.1,210,1790
10000,82,9007.0,194,1.4,993,9007
20000,82,18008.0,227,1.56,1992,18008
40000,82,36055.0,325,1.94,3945,36055
60000,82,54033.0,410,2.32,5967,54033
80000,82,72067.0,525,2.97,7933,72067
100000,82,90060.0,625,3.29,9940,90060
200000,82,180149.0,971,5.05,19851,180149
400000,82,360051.0,1677,8.39,39949,360051
600000,82,540047.0,2345,11.61,59953,540047
800000,82,720080.0,3027,15.11,79920,720080
1000000,82,900437.0,3746,18.48,99563,900437
2,83,1.0,0,0.0,1,1
3,83,2.0,0,0.0,1,2
100,83,93.0,0,0.0,7,93
200,83,185.0,0,0.0,15,185
2000,83,1803.0,13,0.03,197,1803
10000,83,8974.0,36,0.17,1026,8974
20000,83,17985.0,66,0.3,2015,17985
40000,83,36027.0,135,0.65,3973,36027
60000,83,54012.0,202,1.03,5988,54012
80000,83,71938.0,273,1.39,8062,71938
100000,83,89905.0,340,1.78,10095,89905
200000,83,179818.0,1786,14.65,20182,179818
400000,83,359861.0,2453,17.84,40139,359861
600000,83,539644.0,3145,21.48,60356,539644
800000,83,719870.0,3775,24.64,80130,719870
1000000,83,899755.0,4434,27.99,100245,899755
2,84,1.0,0,0.0,1,1
3,84,2.0,0,0.0,1,2
100,84,87.0,94,0.0,13,87
200,84,173.0,194,0.0,27,173
2000,84,1794.0,1992,0.04,206,1794
10000,84,9061.0,9980,0.19,939,9061
20000,84,18090.0,19959,1.87,1910,18090
40000,84,36085.0,39922,2.66,3915,36085
60000,84,54057.0,59886,2.97,5943,54057
80000,84,72032.0,79844,3.36,7968,72032
100000,84,90110.0,99811,3.7,9890,90110
200000,84,180121.0,199645,5.55,19879,180121
400000,84,360266.0,399305,14.23,39734,360266
600000,84,540228.0,598980,21.37,59772,540228
800000,84,720251.0,798374,25.04,79749,720251
1000000,84,900148.0,998010,28.46,99852,900148
2,85,2.0,0,0.0,0,2
3,85,3.0,0,0.0,0,3
100,85,93.0,0,0.0,7,93
200,85,185.0,0,0.0,15,185
2000,85,1816.0,1270,0.28,184,1816
10000,85,8950.0,9246,1.14,1050,8950
20000,85,17935.0,19229,1.3,2065,17935
40000,85,35939.0,39196,1.56,4061,35939
60000,85,53910.0,59168,1.89,6090,53910
80000,85,71883.0,79062,2.19,8117,71883
100000,85,89909.0,99025,2.51,10091,89909
200000,85,179897.0,198846,4.36,20103,179897
400000,85,359832.0,393415,7.78,40168,359832
600000,85,539689.0,592870,11.15,60311,539689
800000,85,719736.0,792544,14.56,80264,719736
1000000,85,899754.0,992224,17.86,100246,899754
2,86,2.0,0,0.0,0,2
3,86,3.0,0,0.0,0,3
100,86,90.0,0,0.0,10,90
200,86,183.0,0,0.0,17,183
2000,86,1826.0,25,0.18,174,1826
10000,86,9011.0,60,0.32,989,9011
20000,86,18004.0,87,0.49,1996,18004
40000,86,35993.0,152,0.87,4007,35993
60000,86,54001.0,217,1.2,5999,54001
80000,86,72042.0,275,1.48,7958,72042
100000,86,90006.0,353,1.84,9994,90006
200000,86,179799.0,924,5.94,20201,179799
400000,86,359623.0,7179,11.94,40377,359623
600000,86,539475.0,7867,15.24,60525,539475
800000,86,719641.0,8563,18.56,80359,719641
1000000,86,899643.0,9240,22.02,100357,899643
2,87,2.0,0,0.0,0,2
3,87,2.0,0,0.0,1,2
100,87,90.0,0,0.0,10,90
200,87,181.0,7,0.07,19,181
2000,87,1811.0,31,0.25,189,1811
10000,87,8984.0,61,0.46,1016,8984
20000,87,17953.0,123,0.95,2047,17953
40000,87,35949.0,1001,6.74,4051,35949
60000,87,53896.0,1918,7.1,6104,53896
80000,87,71839.0,2199,7.46,8161,71839
100000,87,89828.0,2391,7.84,10172,89828
200000,87,179754.0,2735,9.49,20246,179754
400000,87,359721.0,3404,12.92,40279,359721
600000,87,539753.0,4055,16.28,60247,539753
800000,87,719859.0,5769,19.83,80141,719859
1000000,87,899828.0,6396,23.19,100172,899828
2,88,2.0,0,0.0,0,2
3,88,3.0,0,0.0,0,3
100,88,90.0,0,0.0,10,90
200,88,179.0,0,0.0,21,179
2000,88,1804.0,1516,0.14,196,1804
10000,88,9018.0,9504,0.31,982,9018
20000,88,17992.0,19487,0.49,2008,17992
40000,88,36023.0,39460,1.19,3977,36023
60000,88,54034.0,59418,1.58,5966,54034
80000,88,72056.0,79380,1.82,7944,72056
100000,88,89993.0,99350,2.15,10007,89993
200000,88,179963.0,199174,12.65,20037,179963
400000,88,360109.0,398834,15.71,39891,360109
600000,88,540136.0,598488,19.18,59864,540136
800000,88,720084.0,798164,22.44,79916,720084
1000000,88,900025.0,997854,25.84,99975,900025
2,89,2.0,0,0.0,0,2
3,89,3.0,0,0.0,0,3
100,89,93.0,0,0.0,7,93
200,89,184.0,0,0.0,16,184
2000,89,1799.0,14,0.03,201,1799
10000,89,8991.0,83,0.64,1009,8991
20000,89,17955.0,117,0.78,2045,17955
40000,89,36003.0,193,1.07,3997,36003
60000,89,54038.0,248,1.31,5962,54038
80000,89,72063.0,307,1.63,7937,72063
100000,89,90014.0,373,2.07,9986,90014
200000,89,179907.0,757,3.89,20093,179907
400000,89,359792.0,2076,7.12,40208,359792
600000,89,539767.0,2856,10.64,60233,539767
800000,89,719711.0,4649,24.18,80289,719711
1000000,89,899835.0,5323,27.89,100165,899835
2,90,2.0,0,0.0,0,2
3,90,3.0,0,0.0,0,3
100,90,92.0,0,0.0,8,92
200,90,181.0,0,0.0,19,181
2000,90,1820.0,15,0.08,180,1820
10000,90,9019.0,50,0.36,981,9019
20000,90,18020.0,154,0.54,1980,18020
40000,90,36066.0,232,0.87,3934,36066
60000,90,54107.0,291,1.11,5893,54107
80000,90,72134.0,422,1.54,7866,72134
100000,90,90179.0,540,1.92,9821,90179
200000,90,180140.0,1037,3.45,19860,180140
400000,90,360069.0,1714,6.97,39931,360069
600000,90,540167.0,2369,10.06,59833,540167
800000,90,720090.0,3026,13.37,79910,720090
1000000,90,899968.0,3678,16.59,100032,899968
2,91,2.0,0,0.0,0,2
3,91,3.0,0,0.0,0,3
100,91,91.0,0,0.0,9,91
200,91,187.0,0,0.0,13,187
2000,91,1785.0,2,0.0,215,1785
10000,91,8916.0,74,0.49,1084,8916
20000,91,17905.0,131,0.97,2095,17905
40000,91,35891.0,205,1.36,4109,35891
60000,91,53871.0,275,1.65,6129,53871
80000,91,71812.0,349,2.11,8188,71812
100000,91,89748.0,396,2.35,10252,89748
200000,91,179810.0,783,4.02,20190,179810
400000,91,359903.0,29200,7.17,40097,359903
600000,91,540011.0,29880,10.83,59989,540011
800000,91,719846.0,30531,14.11,80154,719846
1000000,91,899766.0,31231,17.82,100234,899766
2,92,2.0,0,0.0,0,2
3,92,2.0,0,0.0,1,2
100,92,84.0,6,0.0,16,84
200,92,176.0,106,0.0,24,176
2000,92,1798.0,1904,0.07,202,1798
10000,92,8973.0,9887,11.75,1027,8973
20000,92,17991.0,19868,11.91,2009,17991
40000,92,35979.0,39831,12.26,4021,35979
60000,92,53977.0,59801,12.53,6023,53977
80000,92,72018.0,79766,12.85,7982,72018
100000,92,89985.0,99744,13.27,10015,89985
200000,92,180019.0,199599,14.93,19981,180019
400000,92,359991.0,399255,18.48,40009,359991
600000,92,539970.0,598924,21.45,60030,539970
800000,92,719979.0,798603,24.52,80021,719979
1000000,92,899908.0,998269,27.6,100092,899908
2,93,2.0,0,0.0,0,2
3,93,3.0,0,0.0,0,3
100,93,91.0,7,0.02,9,91
200,93,187.0,7,0.02,13,187
2000,93,1799.0,12,0.06,201,1799
10000,93,8980.0,39,0.19,1020,8980
20000,93,18023.0,76,0.39,1977,18023
40000,93,35995.0,137,0.66,4005,35995
60000,93,53999.0,274,1.78,6001,53999
80000,93,72015.0,379,2.41,7985,72015
100000,93,90055.0,448,2.69,9945,90055
200000,93,180039.0,1692,4.5,19961,180039
400000,93,359996.0,2767,7.65,40004,359996
600000,93,540170.0,3390,10.94,59830,540170
800000,93,720167.0,7560,14.4,79833,720167
1000000,93,900235.0,8247,17.86,99765,900235
2,94,2.0,0,0.0,0,2
3,94,2.0,0,0.0,1,2
100,94,87.0,0,0.0,13,87
200,94,181.0,0,0.0,19,181
2000,94,1802.0,26,0.26,198,1802
10000,94,9033.0,65,0.44,967,9033
20000,94,18035.0,100,0.61,1965,18035
40000,94,35969.0,185,0.96,4031,35969
60000,94,53991.0,247,1.28,6009,53991
80000,94,72025.0,327,1.68,7975,72025
100000,94,90109.0,393,2.02,9891,90109
200000,94,179974.0,715,3.48,20026,179974
400000,94,360057.0,1362,6.55,39943,360057
600000,94,540157.0,2055,9.83,59843,540157
800000,94,720047.0,2680,13.21,79953,720047
1000000,94,900043.0,3325,16.5,99957,900043
2,95,2.0,0,0.0,0,2
3,95,3.0,0,0.0,0,3
100,95,90.0,0,0.0,10,90
200,95,176.0,0,0.0,24,176
2000,95,1802.0,19,0.04,198,1802
10000,95,9039.0,136,0.64,961,9039
20000,95,18048.0,417,0.99,1952,18048
40000,95,36126.0,488,1.31,3874,36126
60000,95,54149.0,595,1.67,5851,54149
80000,95,72160.0,757,2.08,7840,72160
100000,95,90154.0,813,2.36,9846,90154
200000,95,180220.0,1171,4.23,19780,180220
400000,95,360344.0,1853,7.58,39656,360344
600000,95,540404.0,2534,10.83,59596,540404
800000,95,720714.0,3212,14.31,79286,720714
1000000,95,900768.0,3884,17.62,99232,900768
2,96,2.0,0,0.0,0,2
3,96,3.0,0,0.0,0,3
100,96,89.0,0,0.0,11,89
200,96,185.0,9,0.09,15,185
2000,96,1833.0,601,0.22,167,1833
10000,96,9012.0,6279,0.36,988,9012
20000,96,17984.0,16231,0.45,2016,17984
40000,96,36034.0,36109,0.76,3966,36034
60000,96,54024.0,56072,1.02,5976,54024
80000,96,72067.0,76054,1.44,7933,72067
100000,96,90076.0,96019,1.76,9924,90076
200000,96,180094.0,195866,3.84,19906,180094
400000,96,360037.0,395515,9.86,39963,360037
600000,96,540086.0,595159,13.04,59914,540086
800000,96,720255.0,794815,16.38,79745,720255
1000000,96,900395.0,994436,19.98,99605,900395
2,97,1.0,0,0.0,1,1
3,97,2.0,0,0.0,1,2
100,97,89.0,0,0.0,11,89
200,97,175.0,0,0.0,25,175
2000,97,1772.0,882,8.56,228,1772
10000,97,8949.0,1103,10.38,1051,8949
20000,97,17994.0,1185,10.57,2006,17994
40000,97,35972.0,1640,10.86,4028,35972
60000,97,53949.0,1748,11.19,6051,53949
80000,97,71931.0,1821,11.51,8069,71931
100000,97,89865.0,1869,11.71,10135,89865
200000,97,179734.0,2178,13.25,20266,179734
400000,97,359743.0,13229,16.55,40257,359743
600000,97,539721.0,13906,19.92,60279,539721
800000,97,719669.0,14577,23.14,80331,719669
1000000,97,899597.0,15263,26.43,100403,899597
2,98,1.0,0,0.0,1,1
3,98,2.0,0,0.0,1,2
100,98,95.0,0,0.0,5,95
200,98,185.0,0,0.0,15,185
2000,98,1808.0,454,4.0,192,1808
10000,98,8976.0,1875,7.04,1024,8976
20000,98,17959.0,2549,7.31,2041,17959
40000,98,35972.0,2748,9.04,4028,35972
60000,98,53917.0,3239,13.59,6083,53917
80000,98,71912.0,3304,13.95,8088,71912
100000,98,89941.0,3373,14.29,10059,89941
200000,98,179896.0,3719,15.97,20104,179896
400000,98,359807.0,5052,19.5,40193,359807
600000,98,539769.0,5710,22.61,60231,539769
800000,98,719914.0,6504,25.96,80086,719914
1000000,98,899738.0,7178,29.38,100262,899738
2,99,2.0,0,0.0,0,2
3,99,3.0,0,0.0,0,3
100,99,85.0,0,0.0,15,85
200,99,177.0,0,0.0,23,177
2000,99,1799.0,0,0.0,201,1799
10000,99,8984.0,484,4.51,1016,8984
20000,99,17977.0,1564,4.72,2023,17977
40000,99,35988.0,1644,4.97,4012,35988
60000,99,53915.0,2343,5.23,6085,53915
80000,99,71958.0,2403,5.52,8042,71958
100000,99,89905.0,2477,5.92,10095,89905
200000,99,179825.0,3282,9.63,20175,179825
400000,99,360135.0,5751,13.16,39865,360135
600000,99,540140.0,6750,16.79,59860,540140
800000,99,720117.0,7502,21.13,79883,720117
1000000,99,900096.0,8205,24.88,99904,900096
2,100,2.0,0,0.0,0,2
3,100,3.0,0,0.0,0,3
100,100,89.0,0,0.0,11,89
200,100,176.0,39,0.0,24,176
2000,100,1788.0,195,1.54,212,1788
10000,100,9046.0,307,2.4,954,9046
20000,100,18080.0,346,2.63,1920,18080
40000,100,36066.0,411,2.95,3934,36066
60000,100,54038.0,490,3.38,5962,54038
80000,100,72050.0,556,3.74,7950,72050
100000,100,90061.0,639,4.1,9939,90061
200000,100,180082.0,1487,5.83,19918,180082
400000,100,359864.0,2564,9.38,40136,359864
600000,100,539813.0,3227,12.82,60187,539813
800000,100,719695.0,3897,16.1,80305,719695
1000000,100,899767.0,4572,19.41,100233,899767
