Timestep,Iteration,Total Reward,Suboptimal Arms,Total Regret,Zeros Count,Ones Count
2,1,2.0,2,0.02,0,2
3,1,3.0,2,0.02,0,3
100,1,94.0,66,0.49,6,94
200,1,187.0,137,1.03,13,187
2000,1,1798.0,1246,9.81,202,1798
10000,1,8959.0,5416,41.46,1041,8959
20000,1,17985.0,10209,80.6,2015,17985
40000,1,35956.0,20060,149.68,4044,35956
60000,1,53840.0,29200,215.24,6160,53840
80000,1,71820.0,35243,251.72,8180,71820
100000,1,89765.0,38776,276.74,10235,89765
200000,1,179762.0,57395,391.38,20238,179762
400000,1,359586.0,89194,574.22,40414,359586
600000,1,539351.0,105211,669.46,60649,539351
800000,1,719185.0,112401,712.67,80815,719185
1000000,1,899168.0,124694,806.93,100832,899168
2,2,2.0,2,0.02,0,2
3,2,3.0,2,0.02,0,3
100,2,90.0,67,0.51,10,90
200,2,182.0,131,1.01,18,182
2000,2,1784.0,1186,9.78,216,1784
10000,2,8961.0,5430,41.63,1039,8961
20000,2,17962.0,10609,74.38,2038,17962
40000,2,35945.0,17100,120.31,4055,35945
60000,2,53892.0,22690,156.08,6108,53892
80000,2,71848.0,31416,223.31,8152,71848
100000,2,89836.0,39433,277.01,10164,89836
200000,2,179730.0,59443,409.23,20270,179730
400000,2,359797.0,73712,510.85,40203,359797
600000,2,539645.0,84197,571.37,60355,539645
800000,2,719680.0,87879,592.29,80320,719680
1000000,2,899516.0,102448,672.1,100484,899516
2,3,1.0,2,0.02,1,1
3,3,2.0,2,0.02,1,2
100,3,85.0,66,0.5,15,85
200,3,177.0,130,0.99,23,177
2000,3,1805.0,1312,10.26,195,1805
10000,3,8967.0,6300,45.15,1033,8967
20000,3,17961.0,10431,74.2,2039,17961
40000,3,35905.0,18736,126.82,4095,35905
60000,3,53789.0,32548,217.85,6211,53789
80000,3,71808.0,35441,239.94,8192,71808
100000,3,89827.0,38598,262.64,10173,89827
200000,3,179674.0,51688,356.8,20326,179674
400000,3,359432.0,90730,564.6,40568,359432
600000,3,539402.0,101499,638.63,60598,539402
800000,3,719285.0,112947,698.09,80715,719285
1000000,3,899157.0,115743,713.23,100843,899157
2,4,2.0,2,0.02,0,2
3,4,3.0,2,0.02,0,3
100,4,92.0,65,0.5,8,92
200,4,179.0,138,1.04,21,179
2000,4,1808.0,1211,8.89,192,1808
10000,4,8989.0,5341,40.16,1011,8989
20000,4,17971.0,9809,67.8,2029,17971
40000,4,35916.0,21442,139.35,4084,35916
60000,4,53896.0,32645,218.5,6104,53896
80000,4,71843.0,41851,282.74,8157,71843
100000,4,89807.0,50402,337.9,10193,89807
200000,4,179773.0,73637,476.15,20227,179773
400000,4,359845.0,89610,585.2,40155,359845
600000,4,539840.0,99460,654.44,60160,539840
800000,4,719655.0,111667,728.77,80345,719655
1000000,4,899675.0,116161,757.49,100325,899675
2,5,1.0,2,0.02,1,1
3,5,2.0,2,0.02,1,2
100,5,91.0,66,0.5,9,91
200,5,175.0,132,0.95,25,175
2000,5,1803.0,1248,9.54,197,1803
10000,5,8949.0,5238,40.8,1051,8949
20000,5,17897.0,11095,79.77,2103,17897
40000,5,35832.0,21006,139.22,4168,35832
60000,5,53862.0,23439,155.75,6138,53862
80000,5,71784.0,27768,179.88,8216,71784
100000,5,89748.0,29778,192.03,10252,89748
200000,5,179776.0,47506,322.27,20224,179776
400000,5,359708.0,58886,416.71,40292,359708
600000,5,539788.0,67689,466.39,60212,539788
800000,5,719864.0,69494,481.9,80136,719864
1000000,5,899767.0,84317,562.12,100233,899767
2,6,2.0,2,0.02,0,2
3,6,3.0,2,0.02,0,3
100,6,89.0,66,0.5,11,89
200,6,180.0,131,0.99,20,180
2000,6,1796.0,1302,9.7,204,1796
10000,6,8938.0,6473,49.6,1062,8938
20000,6,17851.0,11687,85.33,2149,17851
40000,6,35835.0,21813,142.72,4165,35835
60000,6,53754.0,27836,179.85,6246,53754
80000,6,71799.0,28558,184.75,8201,71799
100000,6,89750.0,34280,215.68,10250,89750
200000,6,179636.0,48775,293.17,20364,179636
400000,6,359439.0,58660,359.45,40561,359439
600000,6,539372.0,66347,404.05,60628,539372
800000,6,719610.0,68078,415.15,80390,719610
1000000,6,899673.0,68887,422.76,100327,899673
2,7,2.0,2,0.02,0,2
3,7,3.0,2,0.02,0,3
100,7,87.0,65,0.49,13,87
200,7,177.0,128,0.94,23,177
2000,7,1782.0,1209,8.51,218,1782
10000,7,8988.0,5918,43.2,1012,8988
20000,7,18027.0,10414,74.18,1973,18027
40000,7,35987.0,15423,110.6,4013,35987
60000,7,53953.0,21106,153.55,6047,53953
80000,7,71894.0,24874,178.19,8106,71894
100000,7,89920.0,26491,187.03,10080,89920
200000,7,179793.0,37029,253.77,20207,179793
400000,7,359566.0,53657,367.83,40434,359566
600000,7,539357.0,76965,489.71,60643,539357
800000,7,719117.0,89158,563.51,80883,719117
1000000,7,899165.0,90059,569.65,100835,899165
2,8,2.0,2,0.02,0,2
3,8,2.0,2,0.02,1,2
100,8,94.0,65,0.48,6,94
200,8,186.0,134,1.01,14,186
2000,8,1789.0,1373,10.17,211,1789
10000,8,8919.0,6887,51.9,1081,8919
20000,8,17883.0,12260,95.91,2117,17883
40000,8,35782.0,22374,176.47,4218,35782
60000,8,53786.0,26618,210.39,6214,53786
80000,8,71686.0,31263,245.91,8314,71686
100000,8,89687.0,34349,268.32,10313,89687
200000,8,179800.0,38739,303.93,20200,179800
400000,8,359566.0,50566,395.69,40434,359566
600000,8,539303.0,84121,577.68,60697,539303
800000,8,719309.0,85803,591.77,80691,719309
1000000,8,899258.0,89326,621.42,100742,899258
2,9,2.0,2,0.02,0,2
3,9,3.0,2,0.02,0,3
100,9,93.0,66,0.5,7,93
200,9,186.0,132,1.01,14,186
2000,9,1800.0,1302,9.88,200,1800
10000,9,9036.0,5936,41.95,964,9036
20000,9,18004.0,10655,73.78,1996,18004
40000,9,35908.0,21419,145.09,4092,35908
60000,9,53853.0,30408,212.05,6147,53853
80000,9,71861.0,33628,233.89,8139,71861
100000,9,89814.0,38298,268.52,10186,89814
200000,9,179383.0,71106,510.84,20617,179383
400000,9,359231.0,86132,625.9,40769,359231
600000,9,539083.0,89880,653.26,60917,539083
800000,9,719091.0,97639,707.04,80909,719091
1000000,9,899238.0,97838,708.29,100762,899238
2,10,1.0,2,0.02,1,1
3,10,2.0,2,0.02,1,2
100,10,90.0,67,0.5,10,90
200,10,175.0,135,1.0,25,175
2000,10,1773.0,1406,9.91,227,1773
10000,10,8972.0,5474,38.5,1028,8972
20000,10,17943.0,10537,72.21,2057,17943
40000,10,35854.0,18107,124.75,4146,35854
60000,10,53819.0,25096,169.99,6181,53819
80000,10,71833.0,26195,176.43,8167,71833
100000,10,89716.0,34518,233.68,10284,89716
200000,10,179600.0,55392,397.22,20400,179600
400000,10,359200.0,92513,638.07,40800,359200
600000,10,538969.0,108575,754.61,61031,538969
800000,10,718808.0,119369,809.84,81192,718808
1000000,10,898350.0,135697,894.86,101650,898350
2,11,2.0,2,0.02,0,2
3,11,3.0,2,0.02,0,3
100,11,92.0,67,0.5,8,92
200,11,186.0,134,1.01,14,186
2000,11,1789.0,1227,9.09,211,1789
10000,11,8988.0,4724,34.48,1012,8988
20000,11,18008.0,7088,51.22,1992,18008
40000,11,35996.0,12182,83.17,4004,35996
60000,11,54017.0,18258,114.39,5983,54017
80000,11,71997.0,25653,163.8,8003,71997
100000,11,89978.0,30448,195.63,10022,89978
200000,11,179790.0,59243,354.21,20210,179790
400000,11,359476.0,100793,606.35,40524,359476
600000,11,539423.0,105830,635.47,60577,539423
800000,11,719531.0,106345,638.84,80469,719531
1000000,11,899620.0,116342,691.35,100380,899620
2,12,1.0,2,0.02,1,1
3,12,1.0,2,0.02,2,1
100,12,87.0,68,0.51,13,87
200,12,172.0,139,1.03,28,172
2000,12,1796.0,1325,9.89,204,1796
10000,12,8958.0,6624,44.57,1042,8958
20000,12,17947.0,9448,63.38,2053,17947
40000,12,35831.0,16033,114.09,4169,35831
60000,12,53833.0,29317,199.02,6167,53833
80000,12,71839.0,36413,236.55,8161,71839
100000,12,89882.0,43868,287.19,10118,89882
200000,12,179826.0,89808,530.12,20174,179826
400000,12,359690.0,132171,811.86,40310,359690
600000,12,539640.0,155425,945.1,60360,539640
800000,12,719490.0,190780,1152.04,80510,719490
1000000,12,899594.0,194343,1170.11,100406,899594
2,13,2.0,2,0.02,0,2
3,13,3.0,2,0.02,0,3
100,13,91.0,67,0.5,9,91
200,13,181.0,133,0.99,19,181
2000,13,1786.0,1256,9.45,214,1786
10000,13,8982.0,5326,37.73,1018,8982
20000,13,17955.0,9900,70.73,2045,17955
40000,13,35891.0,16474,111.32,4109,35891
60000,13,53848.0,24159,170.91,6152,53848
80000,13,71765.0,34653,244.21,8235,71765
100000,13,89728.0,46821,308.47,10272,89728
200000,13,179754.0,66765,418.94,20246,179754
400000,13,359831.0,82467,519.79,40169,359831
600000,13,540056.0,86023,542.07,59944,540056
800000,13,719978.0,96608,599.72,80022,719978
1000000,13,900088.0,100879,625.02,99912,900088
2,14,1.0,2,0.02,1,1
3,14,2.0,2,0.02,1,2
100,14,89.0,66,0.5,11,89
200,14,175.0,133,1.01,25,175
2000,14,1778.0,1137,8.83,222,1778
10000,14,8982.0,3999,28.54,1018,8982
20000,14,17926.0,7563,53.46,2074,17926
40000,14,35891.0,15107,103.48,4109,35891
60000,14,53784.0,23577,152.48,6216,53784
80000,14,71775.0,26534,169.57,8225,71775
100000,14,89810.0,28112,183.76,10190,89810
200000,14,179639.0,45533,284.94,20361,179639
400000,14,359348.0,74896,450.56,40652,359348
600000,14,539278.0,90083,529.4,60722,539278
800000,14,719404.0,92763,544.47,80596,719404
1000000,14,899380.0,108338,633.52,100620,899380
2,15,2.0,2,0.02,0,2
3,15,3.0,2,0.02,0,3
100,15,91.0,67,0.51,9,91
200,15,181.0,134,1.01,19,181
2000,15,1811.0,1317,9.39,189,1811
10000,15,8979.0,6036,45.84,1021,8979
20000,15,17943.0,10843,83.06,2057,17943
40000,15,35850.0,21223,148.16,4150,35850
60000,15,53816.0,29456,207.52,6184,53816
80000,15,71727.0,39230,269.76,8273,71727
100000,15,89670.0,43023,293.24,10330,89670
200000,15,179545.0,68575,432.73,20455,179545
400000,15,359445.0,86686,546.56,40555,359445
600000,15,539763.0,86686,546.56,60237,539763
800000,15,719761.0,89031,560.19,80239,719761
1000000,15,899765.0,92068,577.17,100235,899765
2,16,2.0,2,0.02,0,2
3,16,3.0,2,0.02,0,3
100,16,95.0,65,0.48,5,95
200,16,185.0,134,1.01,15,185
2000,16,1789.0,1414,10.88,211,1789
10000,16,9005.0,5101,36.51,995,9005
20000,16,17953.0,9098,62.6,2047,17953
40000,16,35932.0,12283,82.1,4068,35932
60000,16,53959.0,15332,97.82,6041,53959
80000,16,71905.0,18371,117.83,8095,71905
100000,16,89894.0,21578,136.83,10106,89894
200000,16,179901.0,30552,194.71,20099,179901
400000,16,359818.0,46986,305.74,40182,359818
600000,16,539822.0,52911,348.41,60178,539822
800000,16,719744.0,68891,443.39,80256,719744
1000000,16,899804.0,70256,450.78,100196,899804
2,17,2.0,2,0.02,0,2
3,17,3.0,2,0.02,0,3
100,17,92.0,66,0.5,8,92
200,17,188.0,133,1.0,12,188
2000,17,1828.0,1228,9.56,172,1828
10000,17,8989.0,5792,45.27,1011,8989
20000,17,17954.0,11798,85.45,2046,17954
40000,17,35930.0,19883,140.27,4070,35930
60000,17,53848.0,30111,208.89,6152,53848
80000,17,71848.0,36428,242.69,8152,71848
100000,17,89888.0,37040,247.21,10112,89888
200000,17,179843.0,55776,368.19,20157,179843
400000,17,359878.0,72039,489.16,40122,359878
600000,17,539882.0,104071,680.12,60118,539882
800000,17,719435.0,113766,740.22,80565,719435
1000000,17,899350.0,120383,783.62,100650,899350
2,18,2.0,2,0.02,0,2
3,18,3.0,2,0.02,0,3
100,18,95.0,70,0.53,5,95
200,18,185.0,131,0.99,15,185
2000,18,1803.0,1189,8.79,197,1803
10000,18,8998.0,6334,44.89,1002,8998
20000,18,17914.0,13029,88.48,2086,17914
40000,18,35882.0,23033,151.79,4118,35882
60000,18,53831.0,28323,196.97,6169,53831
80000,18,71794.0,30683,216.55,8206,71794
100000,18,89761.0,33416,232.25,10239,89761
200000,18,179680.0,52238,337.57,20320,179680
400000,18,359604.0,71085,440.44,40396,359604
600000,18,539350.0,102608,621.51,60650,539350
800000,18,719187.0,112107,677.1,80813,719187
1000000,18,899321.0,113377,683.69,100679,899321
2,19,1.0,2,0.02,1,1
3,19,2.0,2,0.02,1,2
100,19,91.0,66,0.5,9,91
200,19,181.0,133,1.0,19,181
2000,19,1782.0,1196,8.64,218,1782
10000,19,8964.0,6321,45.65,1036,8964
20000,19,17975.0,10073,72.69,2025,17975
40000,19,35899.0,18562,139.44,4101,35899
60000,19,53801.0,22460,168.3,6199,53801
80000,19,71810.0,24433,181.5,8190,71810
100000,19,89716.0,31794,226.82,10284,89716
200000,19,179727.0,39760,273.61,20273,179727
400000,19,359451.0,65572,420.3,40549,359451
600000,19,539244.0,80483,507.32,60756,539244
800000,19,719221.0,82460,518.11,80779,719221
1000000,19,899014.0,83796,526.23,100986,899014
2,20,2.0,2,0.02,0,2
3,20,3.0,2,0.02,0,3
100,20,83.0,68,0.51,17,83
200,20,173.0,131,0.99,27,173
2000,20,1792.0,1297,9.59,208,1792
10000,20,8932.0,6831,54.24,1068,8932
20000,20,17901.0,10793,84.12,2099,17901
40000,20,35833.0,18678,142.9,4167,35833
60000,20,53778.0,24050,180.26,6222,53778
80000,20,71766.0,31832,223.95,8234,71766
100000,20,89657.0,40798,277.03,10343,89657
200000,20,179758.0,50562,336.04,20242,179758
400000,20,359737.0,61497,424.79,40263,359737
600000,20,539685.0,69019,473.42,60315,539685
800000,20,719763.0,88334,578.03,80237,719763
1000000,20,899764.0,90935,595.55,100236,899764
2,21,2.0,2,0.02,0,2
3,21,3.0,2,0.02,0,3
100,21,88.0,67,0.5,12,88
200,21,174.0,133,0.99,26,174
2000,21,1770.0,1272,8.89,230,1770
10000,21,8898.0,5498,38.61,1102,8898
20000,21,17872.0,9976,71.47,2128,17872
40000,21,35798.0,14722,99.46,4202,35798
60000,21,53757.0,29721,175.74,6243,53757
80000,21,71745.0,35066,203.8,8255,71745
100000,21,89718.0,43217,264.37,10282,89718
200000,21,179288.0,78780,465.62,20712,179288
400000,21,359285.0,86787,532.19,40715,359285
600000,21,539057.0,99593,624.56,60943,539057
800000,21,718829.0,103130,647.71,81171,718829
1000000,21,898811.0,103765,652.73,101189,898811
2,22,2.0,2,0.02,0,2
3,22,3.0,2,0.02,0,3
100,22,85.0,66,0.5,15,85
200,22,170.0,129,0.95,30,170
2000,22,1776.0,1250,8.91,224,1776
10000,22,8938.0,6346,47.11,1062,8938
20000,22,17872.0,10394,77.58,2128,17872
40000,22,35811.0,18823,135.32,4189,35811
60000,22,53812.0,31711,202.02,6188,53812
80000,22,71761.0,38860,244.08,8239,71761
100000,22,89651.0,45850,281.22,10349,89651
200000,22,179473.0,63439,381.6,20527,179473
400000,22,359574.0,70620,437.94,40426,359574
600000,22,539525.0,78504,491.34,60475,539525
800000,22,719570.0,92233,561.19,80430,719570
1000000,22,899257.0,97279,598.23,100743,899257
2,23,2.0,2,0.02,0,2
3,23,3.0,2,0.02,0,3
100,23,86.0,67,0.5,14,86
200,23,176.0,132,1.0,24,176
2000,23,1804.0,1343,10.54,196,1804
10000,23,8947.0,7167,53.81,1053,8947
20000,23,17906.0,11498,87.32,2094,17906
40000,23,35836.0,16380,121.28,4164,35836
60000,23,53769.0,24767,186.01,6231,53769
80000,23,71831.0,25972,194.18,8169,71831
100000,23,89764.0,29900,219.21,10236,89764
200000,23,179965.0,44448,303.94,20035,179965
400000,23,359976.0,54597,384.0,40024,359976
600000,23,539936.0,65384,451.05,60064,539936
800000,23,719740.0,84032,546.35,80260,719740
1000000,23,899647.0,89610,578.13,100353,899647
2,24,2.0,2,0.02,0,2
3,24,3.0,2,0.02,0,3
100,24,88.0,67,0.51,12,88
200,24,178.0,133,1.01,22,178
2000,24,1781.0,1341,9.67,219,1781
10000,24,8969.0,6445,48.59,1031,8969
20000,24,17967.0,11645,84.6,2033,17967
40000,24,35872.0,21177,150.77,4128,35872
60000,24,53776.0,26071,181.16,6224,53776
80000,24,71750.0,33739,224.75,8250,71750
100000,24,89670.0,39432,263.03,10330,89670
200000,24,179505.0,67238,435.46,20495,179505
400000,24,359402.0,96004,605.71,40598,359402
600000,24,539553.0,99617,630.58,60447,539553
800000,24,719500.0,117746,741.34,80500,719500
1000000,24,899454.0,120332,761.59,100546,899454
2,25,2.0,2,0.02,0,2
3,25,3.0,2,0.02,0,3
100,25,96.0,65,0.48,4,96
200,25,182.0,135,1.01,18,182
2000,25,1779.0,1259,9.11,221,1779
10000,25,8931.0,5042,37.01,1069,8931
20000,25,17865.0,9604,68.75,2135,17865
40000,25,35757.0,19493,135.57,4243,35757
60000,25,53725.0,23707,158.18,6275,53725
80000,25,71696.0,29629,197.14,8304,71696
100000,25,89808.0,29629,197.14,10192,89808
200000,25,179624.0,48677,303.84,20376,179624
400000,25,359367.0,66958,413.51,40633,359367
600000,25,539294.0,71322,440.6,60706,539294
800000,25,719337.0,80516,489.03,80663,719337
1000000,25,899214.0,82150,498.71,100786,899214
2,26,2.0,2,0.02,0,2
3,26,3.0,2,0.02,0,3
100,26,96.0,67,0.5,4,96
200,26,188.0,132,1.0,12,188
2000,26,1806.0,1289,9.23,194,1806
10000,26,8945.0,5082,34.38,1055,8945
20000,26,17974.0,7831,52.2,2026,17974
40000,26,35966.0,12484,82.65,4034,35966
60000,26,53943.0,15598,103.17,6057,53943
80000,26,71938.0,20247,129.04,8062,71938
100000,26,89980.0,25665,160.15,10020,89980
200000,26,179970.0,36985,228.43,20030,179970
400000,26,359604.0,62446,369.01,40396,359604
600000,26,539401.0,67813,399.43,60599,539401
800000,26,719057.0,77600,457.66,80943,719057
1000000,26,898825.0,89148,520.03,101175,898825
2,27,1.0,2,0.02,1,1
3,27,2.0,2,0.02,1,2
100,27,85.0,68,0.51,15,85
200,27,174.0,132,0.99,26,174
2000,27,1790.0,1407,10.87,210,1790
10000,27,8983.0,7443,59.53,1017,8983
20000,27,17953.0,15096,116.32,2047,17953
40000,27,35830.0,29912,220.86,4170,35830
60000,27,53848.0,35274,253.21,6152,53848
80000,27,71835.0,43579,301.52,8165,71835
100000,27,89892.0,45119,309.85,10108,89892
200000,27,179799.0,62516,411.16,20201,179799
400000,27,359662.0,78642,505.88,40338,359662
600000,27,540025.0,78934,508.18,59975,540025
800000,27,719849.0,97675,615.59,80151,719849
1000000,27,900023.0,99108,623.58,99977,900023
2,28,2.0,2,0.02,0,2
3,28,3.0,2,0.02,0,3
100,28,93.0,67,0.5,7,93
200,28,184.0,135,1.02,16,184
2000,28,1796.0,1308,9.77,204,1796
10000,28,8982.0,5139,38.83,1018,8982
20000,28,17935.0,7819,60.89,2065,17935
40000,28,35955.0,15131,124.07,4045,35955
60000,28,53927.0,19523,156.18,6073,53927
80000,28,71930.0,21626,172.64,8070,71930
100000,28,89913.0,23198,185.91,10087,89913
200000,28,179658.0,36689,281.39,20342,179658
400000,28,359642.0,48252,353.32,40358,359642
600000,28,539436.0,54809,405.63,60564,539436
800000,28,719406.0,55685,412.18,80594,719406
1000000,28,899535.0,56607,421.02,100465,899535
2,29,2.0,2,0.02,0,2
3,29,3.0,2,0.02,0,3
100,29,91.0,66,0.5,9,91
200,29,183.0,134,1.0,17,183
2000,29,1771.0,1339,10.21,229,1771
10000,29,8949.0,5230,38.2,1051,8949
20000,29,17965.0,9835,66.82,2035,17965
40000,29,35934.0,17483,114.4,4066,35934
60000,29,53805.0,22674,147.69,6195,53805
80000,29,71765.0,29430,205.53,8235,71765
100000,29,89706.0,33111,232.34,10294,89706
200000,29,179600.0,52016,349.91,20400,179600
400000,29,359263.0,64379,427.67,40737,359263
600000,29,539151.0,74617,494.69,60849,539151
800000,29,718987.0,76933,508.33,81013,718987
1000000,29,899087.0,77233,510.22,100913,899087
2,30,2.0,2,0.02,0,2
3,30,3.0,2,0.02,0,3
100,30,92.0,66,0.5,8,92
200,30,184.0,134,1.01,16,184
2000,30,1796.0,1279,9.7,204,1796
10000,30,8960.0,5976,40.32,1040,8960
20000,30,17888.0,12296,85.03,2112,17888
40000,30,35814.0,22159,155.87,4186,35814
60000,30,53831.0,24160,168.93,6169,53831
80000,30,71758.0,30064,210.16,8242,71758
100000,30,89680.0,39478,269.15,10320,89680
200000,30,179461.0,73529,453.65,20539,179461
400000,30,359349.0,93384,559.77,40651,359349
600000,30,539394.0,93506,560.99,60606,539394
800000,30,719208.0,102674,615.95,80792,719208
1000000,30,899474.0,102690,616.11,100526,899474
2,31,2.0,2,0.02,0,2
3,31,3.0,2,0.02,0,3
100,31,84.0,66,0.49,16,84
200,31,175.0,133,0.98,25,175
2000,31,1826.0,1297,9.6,174,1826
10000,31,9003.0,6325,45.73,997,9003
20000,31,18001.0,10947,78.2,1999,18001
40000,31,35915.0,16428,119.7,4085,35915
60000,31,53828.0,23671,167.38,6172,53828
80000,31,71835.0,28329,201.07,8165,71835
100000,31,89802.0,33043,227.21,10198,89802
200000,31,179472.0,60047,408.0,20528,179472
400000,31,359117.0,75832,509.37,40883,359117
600000,31,539139.0,78639,526.61,60861,539139
800000,31,719162.0,79372,532.86,80838,719162
1000000,31,899473.0,79372,532.86,100527,899473
2,32,2.0,2,0.02,0,2
3,32,3.0,2,0.02,0,3
100,32,92.0,67,0.51,8,92
200,32,178.0,129,0.98,22,178
2000,32,1819.0,1208,8.77,181,1819
10000,32,9012.0,5025,38.34,988,9012
20000,32,17984.0,10840,79.87,2016,17984
40000,32,35889.0,18448,130.86,4111,35889
60000,32,53853.0,25471,185.99,6147,53853
80000,32,71831.0,29665,209.13,8169,71831
100000,32,89729.0,34013,233.16,10271,89729
200000,32,179538.0,47145,314.76,20462,179538
400000,32,359472.0,63326,419.35,40528,359472
600000,32,539318.0,69462,458.75,60682,539318
800000,32,719348.0,69895,462.47,80652,719348
1000000,32,899519.0,72632,486.8,100481,899519
2,33,2.0,2,0.02,0,2
3,33,3.0,2,0.02,0,3
100,33,92.0,67,0.5,8,92
200,33,187.0,133,1.0,13,187
2000,33,1790.0,1348,10.44,210,1790
10000,33,8930.0,5776,45.31,1070,8930
20000,33,17882.0,11923,94.92,2118,17882
40000,33,35894.0,18976,148.77,4106,35894
60000,33,53865.0,24444,186.39,6135,53865
80000,33,71856.0,32547,232.99,8144,71856
100000,33,89782.0,37346,268.65,10218,89782
200000,33,179730.0,46975,336.37,20270,179730
400000,33,359706.0,56321,396.3,40294,359706
600000,33,539444.0,69115,476.85,60556,539444
800000,33,719604.0,70580,488.86,80396,719604
1000000,33,899607.0,79827,537.14,100393,899607
2,34,2.0,2,0.02,0,2
3,34,3.0,2,0.02,0,3
100,34,91.0,66,0.49,9,91
200,34,180.0,136,1.01,20,180
2000,34,1767.0,1250,9.24,233,1767
10000,34,8893.0,5383,41.39,1107,8893
20000,34,17885.0,9568,74.58,2115,17885
40000,34,35871.0,16536,122.18,4129,35871
60000,34,53743.0,25004,184.68,6257,53743
80000,34,71704.0,29209,213.39,8296,71704
100000,34,89539.0,36534,264.79,10461,89539
200000,34,179405.0,55704,381.49,20595,179405
400000,34,359424.0,64826,443.19,40576,359424
600000,34,539242.0,68142,470.3,60758,539242
800000,34,719299.0,69075,478.48,80701,719299
1000000,34,899462.0,70076,488.01,100538,899462
2,35,2.0,2,0.02,0,2
3,35,3.0,2,0.02,0,3
100,35,87.0,67,0.5,13,87
200,35,178.0,135,1.01,22,178
2000,35,1795.0,1168,8.42,205,1795
10000,35,8972.0,5851,39.42,1028,8972
20000,35,17949.0,10618,71.32,2051,17949
40000,35,35986.0,16563,105.9,4014,35986
60000,35,53906.0,23419,149.22,6094,53906
80000,35,71896.0,28192,177.25,8104,71896
100000,35,89768.0,34839,218.43,10232,89768
200000,35,179905.0,41326,267.84,20095,179905
400000,35,359760.0,50515,333.24,40240,359760
600000,35,539631.0,74841,479.17,60369,539631
800000,35,719559.0,86518,540.67,80441,719559
1000000,35,899582.0,91901,569.05,100418,899582
2,36,2.0,2,0.02,0,2
3,36,3.0,2,0.02,0,3
100,36,95.0,67,0.51,5,95
200,36,180.0,133,0.98,20,180
2000,36,1822.0,1341,10.24,178,1822
10000,36,8996.0,5729,45.02,1004,8996
20000,36,17930.0,10239,78.71,2070,17930
40000,36,35850.0,19787,151.76,4150,35850
60000,36,53758.0,27873,202.58,6242,53758
80000,36,71780.0,31855,225.49,8220,71780
100000,36,89775.0,37010,265.15,10225,89775
200000,36,179486.0,50456,358.31,20514,179486
400000,36,359305.0,74637,497.79,40695,359305
600000,36,539344.0,76150,509.55,60656,539344
800000,36,719287.0,81911,547.12,80713,719287
1000000,36,899205.0,90220,592.68,100795,899205
2,37,2.0,2,0.02,0,2
3,37,3.0,2,0.02,0,3
100,37,89.0,70,0.53,11,89
200,37,180.0,136,1.02,20,180
2000,37,1776.0,1271,9.35,224,1776
10000,37,8963.0,5438,38.78,1037,8963
20000,37,17935.0,8394,59.0,2065,17935
40000,37,35963.0,12571,94.98,4037,35963
60000,37,53938.0,20307,143.41,6062,53938
80000,37,71889.0,30870,206.26,8111,71889
100000,37,89936.0,33155,218.2,10064,89936
200000,37,179859.0,47237,319.06,20141,179859
400000,37,359729.0,67226,463.17,40271,359729
600000,37,539837.0,78354,524.36,60163,539837
800000,37,719737.0,83687,557.48,80263,719737
1000000,37,899788.0,88571,604.06,100212,899788
2,38,2.0,2,0.02,0,2
3,38,3.0,2,0.02,0,3
100,38,91.0,67,0.51,9,91
200,38,180.0,134,1.0,20,180
2000,38,1786.0,1293,9.41,214,1786
10000,38,8928.0,5729,42.06,1072,8928
20000,38,17904.0,9020,64.44,2096,17904
40000,38,35857.0,13522,98.0,4143,35857
60000,38,53783.0,18797,129.68,6217,53783
80000,38,71751.0,25192,178.53,8249,71751
100000,38,89731.0,31828,216.0,10269,89731
200000,38,179773.0,42458,280.8,20227,179773
400000,38,359657.0,66284,440.98,40343,359657
600000,38,539753.0,75979,490.32,60247,539753
800000,38,719895.0,81282,518.02,80105,719895
1000000,38,900081.0,83556,531.35,99919,900081
2,39,2.0,2,0.02,0,2
3,39,2.0,2,0.02,1,2
100,39,87.0,67,0.51,13,87
200,39,176.0,130,0.98,24,176
2000,39,1774.0,1317,9.62,226,1774
10000,39,8890.0,5694,42.15,1110,8890
20000,39,17815.0,10367,74.27,2185,17815
40000,39,35809.0,24192,148.01,4191,35809
60000,39,53606.0,32873,205.19,6394,53606
80000,39,71555.0,48278,296.22,8445,71555
100000,39,89613.0,48278,296.22,10387,89613
200000,39,179573.0,56888,347.71,20427,179573
400000,39,359460.0,69889,427.62,40540,359460
600000,39,539428.0,77927,471.89,60572,539428
800000,39,719532.0,78945,477.48,80468,719532
1000000,39,899613.0,83308,500.39,100387,899613
2,40,2.0,2,0.02,0,2
3,40,3.0,2,0.02,0,3
100,40,87.0,66,0.49,13,87
200,40,173.0,131,0.98,27,173
2000,40,1788.0,1296,9.74,212,1788
10000,40,8977.0,6014,49.97,1023,8977
20000,40,17937.0,10902,87.63,2063,17937
40000,40,35833.0,22526,159.99,4167,35833
60000,40,53810.0,34188,234.28,6190,53810
80000,40,71848.0,34788,238.65,8152,71848
100000,40,89823.0,45342,334.85,10177,89823
200000,40,179648.0,67784,502.0,20352,179648
400000,40,359568.0,112938,782.3,40432,359568
600000,40,539699.0,116682,812.4,60301,539699
800000,40,719751.0,128514,879.58,80249,719751
1000000,40,899907.0,133818,916.71,100093,899907
2,41,2.0,2,0.02,0,2
3,41,3.0,2,0.02,0,3
100,41,90.0,66,0.49,10,90
200,41,179.0,132,0.99,21,179
2000,41,1797.0,1376,9.62,203,1797
10000,41,8966.0,6964,51.3,1034,8966
20000,41,17961.0,12533,94.27,2039,17961
40000,41,35948.0,19864,149.83,4052,35948
60000,41,53878.0,27109,202.22,6122,53878
80000,41,71827.0,36395,272.4,8173,71827
100000,41,89864.0,41244,299.79,10136,89864
200000,41,179604.0,71376,491.37,20396,179604
400000,41,359604.0,86256,590.8,40396,359604
600000,41,539805.0,96180,644.66,60195,539805
800000,41,719772.0,100725,678.26,80228,719772
1000000,41,899725.0,112383,743.92,100275,899725
2,42,2.0,2,0.02,0,2
3,42,2.0,2,0.02,1,2
100,42,89.0,67,0.5,11,89
200,42,181.0,137,1.02,19,181
2000,42,1798.0,1308,9.56,202,1798
10000,42,8979.0,5507,43.21,1021,8979
20000,42,17988.0,9424,74.52,2012,17988
40000,42,35889.0,15976,120.37,4111,35889
60000,42,53833.0,20096,148.07,6167,53833
80000,42,71868.0,27152,186.9,8132,71868
100000,42,89791.0,31182,212.42,10209,89791
200000,42,179508.0,53902,361.66,20492,179508
400000,42,359490.0,65565,435.42,40510,359490
600000,42,539362.0,74555,506.93,60638,539362
800000,42,719259.0,85387,584.0,80741,719259
1000000,42,899200.0,87445,597.84,100800,899200
2,43,1.0,2,0.02,1,1
3,43,2.0,2,0.02,1,2
100,43,91.0,67,0.51,9,91
200,43,178.0,131,0.98,22,178
2000,43,1806.0,1219,8.33,194,1806
10000,43,9002.0,6487,45.18,998,9002
20000,43,17999.0,10454,74.28,2001,17999
40000,43,35971.0,20329,147.14,4029,35971
60000,43,53845.0,29582,225.49,6155,53845
80000,43,71741.0,36011,276.33,8259,71741
100000,43,89660.0,44325,330.16,10340,89660
200000,43,179465.0,72647,491.61,20535,179465
400000,43,359452.0,78408,529.83,40548,359452
600000,43,539253.0,103795,668.48,60747,539253
800000,43,719366.0,114553,725.39,80634,719366
1000000,43,899421.0,118076,745.51,100579,899421
2,44,2.0,2,0.02,0,2
3,44,3.0,2,0.02,0,3
100,44,89.0,66,0.5,11,89
200,44,177.0,135,1.02,23,177
2000,44,1786.0,1439,10.96,214,1786
10000,44,8960.0,4550,35.44,1040,8960
20000,44,17968.0,9663,71.43,2032,17968
40000,44,35943.0,14858,105.67,4057,35943
60000,44,53870.0,22716,158.79,6130,53870
80000,44,71762.0,30755,204.74,8238,71762
100000,44,89690.0,38972,253.71,10310,89690
200000,44,179464.0,61158,385.09,20536,179464
400000,44,359143.0,97745,604.88,40857,359143
600000,44,539169.0,106006,651.13,60831,539169
800000,44,719109.0,109975,682.95,80891,719109
1000000,44,899137.0,114629,720.32,100863,899137
2,45,2.0,2,0.02,0,2
3,45,3.0,2,0.02,0,3
100,45,86.0,66,0.49,14,86
200,45,174.0,136,1.02,26,174
2000,45,1787.0,1269,9.16,213,1787
10000,45,8966.0,5948,40.6,1034,8966
20000,45,17956.0,11150,71.01,2044,17956
40000,45,35930.0,17743,110.94,4070,35930
60000,45,53907.0,23548,145.74,6093,53907
80000,45,71939.0,26263,165.21,8061,71939
100000,45,89960.0,34353,209.77,10040,89960
200000,45,179929.0,48542,290.49,20071,179929
400000,45,359657.0,75399,445.63,40343,359657
600000,45,539747.0,83589,497.9,60253,539747
800000,45,719539.0,92138,543.24,80461,719539
1000000,45,899611.0,94475,556.23,100389,899611
2,46,2.0,2,0.02,0,2
3,46,3.0,2,0.02,0,3
100,46,89.0,66,0.49,11,89
200,46,178.0,129,0.94,22,178
2000,46,1793.0,1284,9.49,207,1793
10000,46,8925.0,5756,43.66,1075,8925
20000,46,17863.0,11676,83.87,2137,17863
40000,46,35836.0,15809,108.37,4164,35836
60000,46,53828.0,21612,149.99,6172,53828
80000,46,71732.0,26556,181.63,8268,71732
100000,46,89772.0,31137,207.38,10228,89772
200000,46,179683.0,56283,365.17,20317,179683
400000,46,359427.0,97350,592.29,40573,359427
600000,46,539129.0,119501,717.26,60871,539129
800000,46,719131.0,130276,777.91,80869,719131
1000000,46,899259.0,130277,777.92,100741,899259
2,47,2.0,2,0.02,0,2
3,47,3.0,2,0.02,0,3
100,47,89.0,67,0.5,11,89
200,47,184.0,134,0.99,16,184
2000,47,1777.0,1365,10.42,223,1777
10000,47,8964.0,5664,40.58,1036,8964
20000,47,17913.0,10901,73.34,2087,17913
40000,47,35872.0,15893,104.42,4128,35872
60000,47,53898.0,19939,126.68,6102,53898
80000,47,71885.0,21951,138.68,8115,71885
100000,47,89829.0,25106,159.66,10171,89829
200000,47,179782.0,37726,229.35,20218,179782
400000,47,359605.0,44892,272.34,40395,359605
600000,47,539710.0,46262,283.2,60290,539710
800000,47,719644.0,50093,303.56,80356,719644
1000000,47,899616.0,53314,321.08,100384,899616
2,48,2.0,2,0.02,0,2
3,48,3.0,2,0.02,0,3
100,48,91.0,67,0.5,9,91
200,48,183.0,132,0.98,17,183
2000,48,1793.0,1253,8.62,207,1793
10000,48,8941.0,5088,33.42,1059,8941
20000,48,17919.0,8839,58.09,2081,17919
40000,48,35875.0,14209,99.24,4125,35875
60000,48,53838.0,21672,148.68,6162,53838
80000,48,71845.0,22886,157.74,8155,71845
100000,48,89774.0,30072,214.36,10226,89774
200000,48,179677.0,42237,300.72,20323,179677
400000,48,359590.0,53729,370.36,40410,359590
600000,48,539659.0,57399,392.33,60341,539659
800000,48,719784.0,71978,465.85,80216,719784
1000000,48,899893.0,74862,491.18,100107,899893
2,49,2.0,2,0.02,0,2
3,49,3.0,2,0.02,0,3
100,49,94.0,67,0.5,6,94
200,49,182.0,133,1.01,18,182
2000,49,1785.0,1307,9.98,215,1785
10000,49,8933.0,6205,46.02,1067,8933
20000,49,17994.0,7818,59.17,2006,17994
40000,49,36015.0,12312,89.66,3985,36015
60000,49,53992.0,18932,130.67,6008,53992
80000,49,71900.0,24115,160.34,8100,71900
100000,49,89822.0,27814,185.07,10178,89822
200000,49,179598.0,55640,383.45,20402,179598
400000,49,359458.0,69496,466.52,40542,359458
600000,49,539400.0,72685,485.81,60600,539400
800000,49,719432.0,75832,508.24,80568,719432
1000000,49,899451.0,77931,525.86,100549,899451
2,50,1.0,2,0.02,1,1
3,50,2.0,2,0.02,1,2
100,50,88.0,65,0.48,12,88
200,50,180.0,129,0.97,20,180
2000,50,1791.0,1270,9.36,209,1791
10000,50,9012.0,5675,38.16,988,9012
20000,50,17928.0,10713,72.87,2072,17928
40000,50,35919.0,19523,124.51,4081,35919
60000,50,53838.0,25257,158.29,6162,53838
80000,50,71800.0,30631,195.44,8200,71800
100000,50,89774.0,33337,210.12,10226,89774
200000,50,179732.0,57129,364.22,20268,179732
400000,50,359713.0,72639,467.97,40287,359713
600000,50,539650.0,82338,529.05,60350,539650
800000,50,720024.0,82338,529.05,79976,720024
1000000,50,900070.0,89962,574.39,99930,900070
2,51,2.0,2,0.02,0,2
3,51,3.0,2,0.02,0,3
100,51,88.0,66,0.5,12,88
200,51,180.0,129,0.98,20,180
2000,51,1780.0,1095,7.96,220,1780
10000,51,8897.0,5426,43.65,1103,8897
20000,51,17882.0,10160,73.28,2118,17882
40000,51,35853.0,15550,113.88,4147,35853
60000,51,53770.0,23256,163.08,6230,53770
80000,51,71727.0,28911,195.85,8273,71727
100000,51,89632.0,31278,212.17,10368,89632
200000,51,179372.0,46820,334.97,20628,179372
400000,51,359025.0,79602,514.43,40975,359025
600000,51,538822.0,87565,559.85,61178,538822
800000,51,718748.0,88753,567.07,81252,718748
1000000,51,898721.0,89025,568.76,101279,898721
2,52,2.0,2,0.02,0,2
3,52,3.0,2,0.02,0,3
100,52,91.0,66,0.49,9,91
200,52,180.0,130,0.96,20,180
2000,52,1765.0,1386,9.86,235,1765
10000,52,8893.0,6277,45.05,1107,8893
20000,52,17861.0,14016,89.61,2139,17861
40000,52,35764.0,22872,147.43,4236,35764
60000,52,53654.0,33317,213.16,6346,53654
80000,52,71574.0,37603,243.35,8426,71574
100000,52,89511.0,41823,273.66,10489,89511
200000,52,179249.0,60864,389.88,20751,179249
400000,52,359041.0,76106,486.57,40959,359041
600000,52,539200.0,76135,486.84,60800,539200
800000,52,719148.0,79688,505.17,80852,719148
1000000,52,898948.0,91266,580.88,101052,898948
2,53,2.0,2,0.02,0,2
3,53,3.0,2,0.02,0,3
100,53,87.0,67,0.5,13,87
200,53,176.0,134,1.01,24,176
2000,53,1780.0,1200,9.91,220,1780
10000,53,8910.0,4893,39.03,1090,8910
20000,53,17870.0,11493,90.97,2130,17870
40000,53,35789.0,20992,150.88,4211,35789
60000,53,53729.0,28395,204.41,6271,53729
80000,53,71674.0,33853,236.24,8326,71674
100000,53,89601.0,41580,285.46,10399,89601
200000,53,179350.0,50971,349.63,20650,179350
400000,53,359209.0,58505,399.08,40791,359209
600000,53,539355.0,59764,406.37,60645,539355
800000,53,719261.0,61557,420.2,80739,719261
1000000,53,899134.0,64064,435.7,100866,899134
2,54,2.0,2,0.02,0,2
3,54,3.0,2,0.02,0,3
100,54,92.0,67,0.5,8,92
200,54,178.0,130,0.98,22,178
2000,54,1801.0,1324,10.38,199,1801
10000,54,9001.0,4275,31.08,999,9001
20000,54,17960.0,7706,56.4,2040,17960
40000,54,35955.0,13247,93.76,4045,35955
60000,54,53910.0,21168,139.59,6090,53910
80000,54,71870.0,25198,163.85,8130,71870
100000,54,89752.0,29592,195.2,10248,89752
200000,54,179581.0,47008,299.84,20419,179581
400000,54,359371.0,59131,374.46,40629,359371
600000,54,539441.0,60843,385.51,60559,539441
800000,54,719432.0,62218,394.32,80568,719432
1000000,54,899506.0,64183,409.21,100494,899506
2,55,0.0,2,0.02,2,0
3,55,1.0,2,0.02,2,1
100,55,86.0,67,0.5,14,86
200,55,181.0,134,0.99,19,181
2000,55,1795.0,1397,10.91,205,1795
10000,55,9003.0,6812,49.86,997,9003
20000,55,17990.0,11986,88.4,2010,17990
40000,55,35936.0,22796,166.12,4064,35936
60000,55,53805.0,32789,228.57,6195,53805
80000,55,71784.0,36089,252.09,8216,71784
100000,55,89773.0,45772,301.98,10227,89773
200000,55,179709.0,63942,408.2,20291,179709
400000,55,360060.0,68575,436.63,39940,360060
600000,55,540021.0,73627,468.34,59979,540021
800000,55,719898.0,83647,525.84,80102,719898
1000000,55,899674.0,94047,588.41,100326,899674
2,56,1.0,2,0.02,1,1
3,56,2.0,2,0.02,1,2
100,56,91.0,66,0.5,9,91
200,56,178.0,133,1.01,22,178
2000,56,1766.0,1251,9.46,234,1766
10000,56,8935.0,6103,40.24,1065,8935
20000,56,17833.0,12814,87.82,2167,17833
40000,56,35774.0,19034,132.42,4226,35774
60000,56,53793.0,21328,147.97,6207,53793
80000,56,71744.0,28777,213.98,8256,71744
100000,56,89716.0,31084,230.79,10284,89716
200000,56,179590.0,46237,322.52,20410,179590
400000,56,359373.0,64973,443.22,40627,359373
600000,56,539267.0,73565,496.85,60733,539267
800000,56,719306.0,73889,498.75,80694,719306
1000000,56,899301.0,76793,522.5,100699,899301
2,57,2.0,2,0.02,0,2
3,57,3.0,2,0.02,0,3
100,57,86.0,67,0.5,14,86
200,57,176.0,132,0.98,24,176
2000,57,1793.0,1321,9.25,207,1793
10000,57,8978.0,5313,39.86,1022,8978
20000,57,17938.0,9637,72.02,2062,17938
40000,57,35930.0,19548,132.37,4070,35930
60000,57,53952.0,28284,190.21,6048,53952
80000,57,71903.0,38513,258.43,8097,71903
100000,57,89838.0,48717,324.61,10162,89838
200000,57,179730.0,70166,446.68,20270,179730
400000,57,359351.0,102213,628.46,40649,359351
600000,57,539073.0,124854,749.44,60927,539073
800000,57,719011.0,136590,809.29,80989,719011
1000000,57,898881.0,143673,846.63,101119,898881
2,58,2.0,2,0.02,0,2
3,58,3.0,2,0.02,0,3
100,58,93.0,68,0.51,7,93
200,58,184.0,130,0.97,16,184
2000,58,1818.0,1202,9.09,182,1818
10000,58,8995.0,5810,44.31,1005,8995
20000,58,17999.0,10073,73.79,2001,17999
40000,58,35995.0,15800,116.19,4005,35995
60000,58,53917.0,26345,175.75,6083,53917
80000,58,71961.0,27877,184.8,8039,71961
100000,58,89956.0,29340,193.38,10044,89956
200000,58,179886.0,43080,275.82,20114,179886
400000,58,359695.0,73816,455.31,40305,359695
600000,58,539525.0,99869,605.67,60475,539525
800000,58,719573.0,104919,636.41,80427,719573
1000000,58,899706.0,107216,648.55,100294,899706
2,59,2.0,2,0.02,0,2
3,59,3.0,2,0.02,0,3
100,59,95.0,67,0.51,5,95
200,59,178.0,131,0.97,22,178
2000,59,1783.0,1168,8.3,217,1783
10000,59,8980.0,4526,32.1,1020,8980
20000,59,17922.0,9267,70.45,2078,17922
40000,59,35881.0,13685,104.96,4119,35881
60000,59,53855.0,21307,144.9,6145,53855
80000,59,71834.0,26841,180.2,8166,71834
100000,59,89716.0,32452,219.84,10284,89716
200000,59,179595.0,48896,329.96,20405,179595
400000,59,359258.0,64086,421.45,40742,359258
600000,59,539242.0,74300,490.24,60758,539242
800000,59,719327.0,83191,548.5,80673,719327
1000000,59,899207.0,87859,575.21,100793,899207
2,60,2.0,2,0.02,0,2
3,60,3.0,2,0.02,0,3
100,60,91.0,67,0.5,9,91
200,60,180.0,133,0.98,20,180
2000,60,1824.0,1223,9.19,176,1824
10000,60,9013.0,5451,39.5,987,9013
20000,60,18009.0,12346,92.84,1991,18009
40000,60,35946.0,18564,144.35,4054,35946
60000,60,53907.0,28363,210.59,6093,53907
80000,60,71915.0,30101,223.04,8085,71915
100000,60,89815.0,36496,268.03,10185,89815
200000,60,179597.0,53167,390.13,20403,179597
400000,60,359326.0,73758,524.17,40674,359326
600000,60,539219.0,86936,594.42,60781,539219
800000,60,718990.0,107928,726.43,81010,718990
1000000,60,898899.0,110382,743.08,101101,898899
2,61,2.0,2,0.02,0,2
3,61,2.0,2,0.02,1,2
100,61,89.0,67,0.51,11,89
200,61,178.0,134,1.03,22,178
2000,61,1811.0,1273,9.68,189,1811
10000,61,8976.0,5916,45.17,1024,8976
20000,61,17983.0,10116,78.98,2017,17983
40000,61,35955.0,18169,130.86,4045,35955
60000,61,53947.0,27930,197.0,6053,53947
80000,61,71894.0,33572,235.77,8106,71894
100000,61,89767.0,41434,289.27,10233,89767
200000,61,179858.0,49703,345.26,20142,179858
400000,61,359740.0,66827,490.67,40260,359740
600000,61,539701.0,80864,573.58,60299,539701
800000,61,719655.0,82937,587.1,80345,719655
1000000,61,899635.0,88122,621.55,100365,899635
2,62,2.0,2,0.02,0,2
3,62,3.0,2,0.02,0,3
100,62,85.0,65,0.48,15,85
200,62,173.0,126,0.93,27,173
2000,62,1785.0,1352,10.09,215,1785
10000,62,8921.0,5688,40.18,1079,8921
20000,62,17842.0,8936,62.24,2158,17842
40000,62,35666.0,15217,107.21,4334,35666
60000,62,53654.0,20324,137.88,6346,53654
80000,62,71668.0,20324,137.88,8332,71668
100000,62,89706.0,20328,137.92,10294,89706
200000,62,179434.0,39271,260.67,20566,179434
400000,62,359435.0,46112,300.42,40565,359435
600000,62,539241.0,54053,363.48,60759,539241
800000,62,719512.0,64934,418.01,80488,719512
1000000,62,899366.0,71744,453.71,100634,899366
2,63,2.0,2,0.02,0,2
3,63,3.0,2,0.02,0,3
100,63,92.0,69,0.52,8,92
200,63,180.0,132,0.99,20,180
2000,63,1790.0,1327,9.96,210,1790
10000,63,9009.0,6172,45.51,991,9009
20000,63,18013.0,10877,77.97,1987,18013
40000,63,35988.0,16894,117.71,4012,35988
60000,63,53937.0,25330,170.58,6063,53937
80000,63,71894.0,33876,224.81,8106,71894
100000,63,89868.0,37912,249.74,10132,89868
200000,63,179660.0,69249,425.85,20340,179660
400000,63,359390.0,103206,610.69,40610,359390
600000,63,539604.0,103605,613.33,60396,539604
800000,63,719317.0,111449,669.91,80683,719317
1000000,63,899392.0,112795,677.36,100608,899392
2,64,2.0,2,0.02,0,2
3,64,3.0,2,0.02,0,3
100,64,89.0,66,0.5,11,89
200,64,179.0,133,1.01,21,179
2000,64,1793.0,1249,9.51,207,1793
10000,64,8992.0,5566,40.48,1008,8992
20000,64,17959.0,10455,72.44,2041,17959
40000,64,35877.0,22937,147.85,4123,35877
60000,64,53862.0,37646,225.18,6138,53862
80000,64,71826.0,44817,271.05,8174,71826
100000,64,89767.0,53777,324.53,10233,89767
200000,64,179606.0,77481,458.89,20394,179606
400000,64,359256.0,101693,591.09,40744,359256
600000,64,539347.0,104673,608.49,60653,539347
800000,64,719355.0,106830,620.99,80645,719355
1000000,64,899323.0,109802,639.06,100677,899323
2,65,1.0,2,0.02,1,1
3,65,2.0,2,0.02,1,2
100,65,88.0,66,0.5,12,88
200,65,182.0,131,0.98,18,182
2000,65,1835.0,1207,8.94,165,1835
10000,65,9001.0,5370,38.73,999,9001
20000,65,17970.0,10502,74.46,2030,17970
40000,65,35884.0,20229,135.68,4116,35884
60000,65,53766.0,28082,185.82,6234,53766
80000,65,71737.0,34274,222.76,8263,71737
100000,65,89766.0,34735,226.3,10234,89766
200000,65,179675.0,53246,330.07,20325,179675
400000,65,359628.0,89069,525.04,40372,359628
600000,65,539542.0,107542,629.25,60458,539542
800000,65,719601.0,113176,657.75,80399,719601
1000000,65,899695.0,114204,663.49,100305,899695
2,66,2.0,2,0.02,0,2
3,66,3.0,2,0.02,0,3
100,66,91.0,68,0.51,9,91
200,66,174.0,132,1.01,26,174
2000,66,1781.0,1360,10.33,219,1781
10000,66,8945.0,6246,49.43,1055,8945
20000,66,17922.0,10169,80.64,2078,17922
40000,66,35919.0,17748,140.02,4081,35919
60000,66,53803.0,24635,188.0,6197,53803
80000,66,71703.0,30155,220.76,8297,71703
100000,66,89666.0,37225,263.61,10334,89666
200000,66,179608.0,61278,392.54,20392,179608
400000,66,359422.0,80877,504.47,40578,359422
600000,66,539461.0,96782,587.52,60539,539461
800000,66,719467.0,102336,625.68,80533,719467
1000000,66,899479.0,106568,650.96,100521,899479
2,67,2.0,2,0.02,0,2
3,67,3.0,2,0.02,0,3
100,67,87.0,66,0.5,13,87
200,67,179.0,135,1.03,21,179
2000,67,1778.0,1342,10.29,222,1778
10000,67,8953.0,5682,42.76,1047,8953
20000,67,17946.0,9286,67.54,2054,17946
40000,67,35930.0,18311,130.48,4070,35930
60000,67,53861.0,25236,185.19,6139,53861
80000,67,71802.0,32763,233.31,8198,71802
100000,67,89724.0,37448,265.78,10276,89724
200000,67,179484.0,57026,374.21,20516,179484
400000,67,359596.0,75096,470.64,40404,359596
600000,67,539653.0,82629,513.07,60347,539653
800000,67,719560.0,95936,584.99,80440,719560
1000000,67,899613.0,97604,600.26,100387,899613
2,68,0.0,2,0.02,2,0
3,68,1.0,2,0.02,2,1
100,68,87.0,67,0.5,13,87
200,68,176.0,133,0.99,24,176
2000,68,1778.0,1141,8.25,222,1778
10000,68,8996.0,4646,34.64,1004,8996
20000,68,18000.0,7934,61.51,2000,18000
40000,68,36002.0,13207,100.3,3998,36002
60000,68,53931.0,20636,152.24,6069,53931
80000,68,71840.0,23689,174.63,8160,71840
100000,68,89948.0,25208,184.66,10052,89948
200000,68,179884.0,29467,221.33,20116,179884
400000,68,359588.0,42312,313.22,40412,359588
600000,68,539573.0,51585,366.89,60427,539573
800000,68,719353.0,62407,425.02,80647,719353
1000000,68,899397.0,72199,475.12,100603,899397
2,69,1.0,2,0.02,1,1
3,69,2.0,2,0.02,1,2
100,69,93.0,67,0.5,7,93
200,69,184.0,130,0.98,16,184
2000,69,1801.0,1349,9.94,199,1801
10000,69,8940.0,6844,50.97,1060,8940
20000,69,17974.0,9890,77.43,2026,17974
40000,69,35971.0,18778,140.59,4029,35971
60000,69,53931.0,28524,210.23,6069,53931
80000,69,71909.0,38481,271.06,8091,71909
100000,69,89899.0,43660,310.06,10101,89899
200000,69,179751.0,62080,430.24,20249,179751
400000,69,359531.0,95713,630.01,40469,359531
600000,69,539660.0,99075,651.25,60340,539660
800000,69,719463.0,111987,738.38,80537,719463
1000000,69,899722.0,114303,753.01,100278,899722
2,70,2.0,2,0.02,0,2
3,70,3.0,2,0.02,0,3
100,70,87.0,68,0.51,13,87
200,70,177.0,136,1.02,23,177
2000,70,1802.0,1280,9.36,198,1802
10000,70,8963.0,6391,45.6,1037,8963
20000,70,17916.0,11387,78.14,2084,17916
40000,70,35874.0,21389,135.9,4126,35874
60000,70,53911.0,25484,162.94,6089,53911
80000,70,71903.0,28889,182.64,8097,71903
100000,70,89877.0,36110,220.33,10123,89877
200000,70,179850.0,45209,278.04,20150,179850
400000,70,360033.0,54560,330.74,39967,360033
600000,70,540106.0,63154,376.14,59894,540106
800000,70,720010.0,75647,440.17,79990,720010
1000000,70,900128.0,79392,460.16,99872,900128
2,71,2.0,2,0.02,0,2
3,71,3.0,2,0.02,0,3
100,71,90.0,67,0.5,10,90
200,71,173.0,136,1.02,27,173
2000,71,1770.0,1361,10.11,230,1770
10000,71,8954.0,6890,49.74,1046,8954
20000,71,17865.0,13432,89.83,2135,17865
40000,71,35806.0,21010,143.75,4194,35806
60000,71,53775.0,32770,219.8,6225,53775
80000,71,71735.0,40030,260.79,8265,71735
100000,71,89671.0,51031,327.06,10329,89671
200000,71,179623.0,63259,399.66,20377,179623
400000,71,359512.0,94452,558.98,40488,359512
600000,71,538995.0,114834,676.12,61005,538995
800000,71,718836.0,120162,713.57,81164,718836
1000000,71,898764.0,126941,748.23,101236,898764
2,72,1.0,2,0.02,1,1
3,72,2.0,2,0.02,1,2
100,72,87.0,66,0.49,13,87
200,72,177.0,132,0.98,23,177
2000,72,1801.0,1238,8.72,199,1801
10000,72,9004.0,4894,34.29,996,9004
20000,72,17960.0,10147,69.95,2040,17960
40000,72,35978.0,16704,115.93,4022,35978
60000,72,53861.0,27617,178.4,6139,53861
80000,72,71728.0,36507,228.98,8272,71728
100000,72,89747.0,40115,260.87,10253,89747
200000,72,179553.0,55529,381.58,20447,179553
400000,72,359328.0,89975,572.84,40672,359328
600000,72,539216.0,107741,679.47,60784,539216
800000,72,719071.0,110746,696.99,80929,719071
1000000,72,899053.0,113401,715.37,100947,899053
2,73,2.0,2,0.02,0,2
3,73,3.0,2,0.02,0,3
100,73,92.0,66,0.5,8,92
200,73,181.0,132,1.01,19,181
2000,73,1801.0,1359,9.9,199,1801
10000,73,8983.0,6186,47.46,1017,8983
20000,73,17951.0,13214,98.01,2049,17951
40000,73,35978.0,22457,152.93,4022,35978
60000,73,53881.0,33941,236.44,6119,53881
80000,73,71842.0,41143,286.12,8158,71842
100000,73,89881.0,44310,305.16,10119,89881
200000,73,179943.0,56219,389.49,20057,179943
400000,73,359401.0,95571,656.4,40599,359401
600000,73,539156.0,113403,755.16,60844,539156
800000,73,719031.0,131562,853.09,80969,719031
1000000,73,899018.0,135221,877.76,100982,899018
2,74,2.0,2,0.02,0,2
3,74,3.0,2,0.02,0,3
100,74,86.0,67,0.5,14,86
200,74,178.0,132,0.99,22,178
2000,74,1797.0,1209,9.1,203,1797
10000,74,9033.0,5751,40.93,967,9033
20000,74,17966.0,11472,85.29,2034,17966
40000,74,35943.0,20551,150.09,4057,35943
60000,74,53824.0,26823,192.75,6176,53824
80000,74,71775.0,31884,224.69,8225,71775
100000,74,89740.0,36901,261.77,10260,89740
200000,74,179573.0,62014,435.92,20427,179573
400000,74,359229.0,85871,606.57,40771,359229
600000,74,539089.0,98877,678.59,60911,539089
800000,74,719020.0,108727,771.54,80980,719020
1000000,74,899242.0,120814,833.93,100758,899242
2,75,2.0,2,0.02,0,2
3,75,3.0,2,0.02,0,3
100,75,88.0,67,0.51,12,88
200,75,178.0,135,1.02,22,178
2000,75,1793.0,1406,11.06,207,1793
10000,75,8938.0,6138,43.72,1062,8938
20000,75,17899.0,13062,85.75,2101,17899
40000,75,35901.0,21884,134.54,4099,35901
60000,75,53913.0,32454,213.87,6087,53913
80000,75,71780.0,44000,286.41,8220,71780
100000,75,89718.0,48747,314.14,10282,89718
200000,75,179795.0,55764,355.57,20205,179795
400000,75,359515.0,99372,616.97,40485,359515
600000,75,539571.0,102187,637.62,60429,539571
800000,75,719568.0,106864,667.84,80432,719568
1000000,75,899471.0,113437,705.99,100529,899471
2,76,2.0,2,0.02,0,2
3,76,3.0,2,0.02,0,3
100,76,92.0,67,0.5,8,92
200,76,186.0,134,1.01,14,186
2000,76,1804.0,1181,8.6,196,1804
10000,76,8968.0,5577,38.45,1032,8968
20000,76,17960.0,11169,71.84,2040,17960
40000,76,35950.0,23834,148.89,4050,35950
60000,76,53900.0,36235,218.15,6100,53900
80000,76,71889.0,52514,304.37,8111,71889
100000,76,89872.0,63701,364.22,10128,89872
200000,76,179584.0,102805,593.34,20416,179584
400000,76,359363.0,126750,724.43,40637,359363
600000,76,539256.0,148934,843.46,60744,539256
800000,76,719325.0,161938,909.33,80675,719325
1000000,76,899398.0,164638,923.32,100602,899398
2,77,2.0,2,0.02,0,2
3,77,3.0,2,0.02,0,3
100,77,92.0,66,0.49,8,92
200,77,187.0,132,1.01,13,187
2000,77,1796.0,1175,9.07,204,1796
10000,77,8977.0,4831,36.61,1023,8977
20000,77,17982.0,8731,62.85,2018,17982
40000,77,35921.0,15286,113.14,4079,35921
60000,77,53876.0,20368,152.12,6124,53876
80000,77,71821.0,24557,179.06,8179,71821
100000,77,89806.0,31225,218.62,10194,89806
200000,77,179653.0,48307,338.87,20347,179653
400000,77,359550.0,77115,578.34,40450,359550
600000,77,539303.0,91375,675.29,60697,539303
800000,77,719330.0,97197,707.77,80670,719330
1000000,77,899320.0,98611,716.97,100680,899320
2,78,2.0,2,0.02,0,2
3,78,3.0,2,0.02,0,3
100,78,90.0,67,0.5,10,90
200,78,181.0,135,1.02,19,181
2000,78,1803.0,1351,10.1,197,1803
10000,78,8941.0,6540,48.46,1059,8941
20000,78,17949.0,10861,82.6,2051,17949
40000,78,35954.0,17917,130.39,4046,35954
60000,78,53859.0,24642,180.89,6141,53859
80000,78,71912.0,28061,200.11,8088,71912
100000,78,89887.0,32126,222.83,10113,89887
200000,78,179621.0,47150,333.59,20379,179621
400000,78,359490.0,62669,433.11,40510,359490
600000,78,539455.0,68646,488.98,60545,539455
800000,78,719596.0,69487,494.04,80404,719596
1000000,78,899224.0,80995,576.76,100776,899224
2,79,2.0,2,0.02,0,2
3,79,3.0,2,0.02,0,3
100,79,87.0,66,0.51,13,87
200,79,179.0,133,1.03,21,179
2000,79,1781.0,1273,10.07,219,1781
10000,79,8927.0,5371,39.28,1073,8927
20000,79,17835.0,9072,64.54,2165,17835
40000,79,35805.0,14844,108.06,4195,35805
60000,79,53798.0,16733,121.83,6202,53798
80000,79,71691.0,21846,157.01,8309,71691
100000,79,89601.0,26045,184.74,10399,89601
200000,79,179424.0,45559,287.79,20576,179424
400000,79,359463.0,61475,389.96,40537,359463
600000,79,539571.0,65167,426.88,60429,539571
800000,79,719390.0,72536,472.8,80610,719390
1000000,79,899107.0,88667,569.25,100893,899107
2,80,2.0,2,0.02,0,2
3,80,3.0,2,0.02,0,3
100,80,91.0,67,0.51,9,91
200,80,182.0,135,1.01,18,182
2000,80,1810.0,1244,8.75,190,1810
10000,80,8985.0,5708,40.36,1015,8985
20000,80,17946.0,10747,75.09,2054,17946
40000,80,35899.0,18679,125.41,4101,35899
60000,80,53832.0,26155,170.77,6168,53832
80000,80,71745.0,34540,221.11,8255,71745
100000,80,89619.0,42158,263.3,10381,89619
200000,80,179529.0,58487,366.03,20471,179529
400000,80,359630.0,63075,397.42,40370,359630
600000,80,539689.0,68183,425.1,60311,539689
800000,80,719573.0,73446,454.23,80427,719573
1000000,80,899631.0,81645,495.68,100369,899631
2,81,1.0,2,0.02,1,1
3,81,2.0,2,0.02,1,2
100,81,91.0,66,0.5,9,91
200,81,179.0,135,1.01,21,179
2000,81,1793.0,1189,8.97,207,1793
10000,81,8973.0,4804,36.18,1027,8973
20000,81,17982.0,8443,60.93,2018,17982
40000,81,35928.0,14527,104.55,4072,35928
60000,81,53913.0,16250,117.23,6087,53913
80000,81,71861.0,23688,170.99,8139,71861
100000,81,89793.0,30223,213.73,10207,89793
200000,81,179493.0,42646,301.17,20507,179493
400000,81,359456.0,50031,356.89,40544,359456
600000,81,539051.0,66975,462.49,60949,539051
800000,81,718939.0,68419,471.67,81061,718939
1000000,81,898846.0,71301,486.35,101154,898846
2,82,2.0,2,0.02,0,2
3,82,3.0,2,0.02,0,3
100,82,86.0,67,0.5,14,86
200,82,177.0,136,1.0,23,177
2000,82,1780.0,1342,9.88,220,1780
10000,82,8997.0,4306,28.16,1003,8997
20000,82,17991.0,8860,59.01,2009,17991
40000,82,35902.0,17708,119.5,4098,35902
60000,82,53739.0,26798,179.73,6261,53739
80000,82,71657.0,34432,221.84,8343,71657
100000,82,89604.0,40818,256.04,10396,89604
200000,82,179489.0,56156,337.16,20511,179489
400000,82,359410.0,70113,434.81,40590,359410
600000,82,539328.0,77596,482.05,60672,539328
800000,82,719264.0,78535,488.08,80736,719264
1000000,82,898966.0,97254,590.39,101034,898966
2,83,2.0,2,0.02,0,2
3,83,3.0,2,0.02,0,3
100,83,88.0,66,0.5,12,88
200,83,176.0,134,1.02,24,176
2000,83,1797.0,1271,8.84,203,1797
10000,83,8934.0,6190,43.34,1066,8934
20000,83,17859.0,11298,78.76,2141,17859
40000,83,35845.0,13966,99.18,4155,35845
60000,83,53780.0,22502,159.16,6220,53780
80000,83,71743.0,28360,192.86,8257,71743
100000,83,89759.0,29828,202.19,10241,89759
200000,83,179698.0,42491,272.24,20302,179698
400000,83,359350.0,72725,473.93,40650,359350
600000,83,539262.0,87721,555.91,60738,539262
800000,83,718998.0,92224,582.1,81002,718998
1000000,83,899001.0,93785,590.28,100999,899001
2,84,2.0,2,0.02,0,2
3,84,3.0,2,0.02,0,3
100,84,90.0,66,0.5,10,90
200,84,181.0,134,1.0,19,181
2000,84,1775.0,1470,10.63,225,1775
10000,84,8959.0,7743,49.52,1041,8959
20000,84,17922.0,12907,81.55,2078,17922
40000,84,35853.0,24782,150.34,4147,35853
60000,84,53796.0,34049,213.81,6204,53796
80000,84,71794.0,41487,258.5,8206,71794
100000,84,89727.0,46608,287.42,10273,89727
200000,84,179581.0,60175,371.38,20419,179581
400000,84,359236.0,97499,587.83,40764,359236
600000,84,539122.0,113205,670.76,60878,539122
800000,84,718979.0,121988,716.39,81021,718979
1000000,84,898786.0,137305,796.55,101214,898786
2,85,2.0,2,0.02,0,2
3,85,3.0,2,0.02,0,3
100,85,88.0,67,0.51,12,88
200,85,176.0,134,1.01,24,176
2000,85,1817.0,1229,9.38,183,1817
10000,85,9010.0,5446,37.47,990,9010
20000,85,18025.0,9763,73.82,1975,18025
40000,85,35946.0,16606,121.47,4054,35946
60000,85,53875.0,22451,172.56,6125,53875
80000,85,71900.0,23497,179.1,8100,71900
100000,85,89874.0,31107,222.13,10126,89874
200000,85,179804.0,54876,389.5,20196,179804
400000,85,359697.0,73420,498.96,40303,359697
600000,85,539396.0,101023,649.1,60604,539396
800000,85,719375.0,109584,701.79,80625,719375
1000000,85,899311.0,113345,724.07,100689,899311
2,86,2.0,2,0.02,0,2
3,86,3.0,2,0.02,0,3
100,86,93.0,67,0.5,7,93
200,86,184.0,132,0.98,16,184
2000,86,1809.0,1139,8.22,191,1809
10000,86,8972.0,4962,35.23,1028,8972
20000,86,17976.0,10214,69.59,2024,17976
40000,86,35819.0,16926,113.08,4181,35819
60000,86,53815.0,23401,150.17,6185,53815
80000,86,71684.0,32294,203.81,8316,71684
100000,86,89655.0,36361,225.75,10345,89655
200000,86,179492.0,54051,344.91,20508,179492
400000,86,359342.0,65825,407.63,40658,359342
600000,86,539113.0,74753,456.72,60887,539113
800000,86,719155.0,75253,460.44,80845,719155
1000000,86,898994.0,80010,488.29,101006,898994
2,87,2.0,2,0.02,0,2
3,87,3.0,2,0.02,0,3
100,87,90.0,66,0.5,10,90
200,87,179.0,129,0.98,21,179
2000,87,1810.0,1142,9.04,190,1810
10000,87,9001.0,5658,41.91,999,9001
20000,87,17952.0,10176,73.81,2048,17952
40000,87,35897.0,18355,129.96,4103,35897
60000,87,53838.0,21707,152.3,6162,53838
80000,87,71783.0,28697,196.23,8217,71783
100000,87,89764.0,31633,214.03,10236,89764
200000,87,179584.0,45068,289.81,20416,179584
400000,87,359603.0,54182,339.59,40397,359603
600000,87,539519.0,63168,404.09,60481,539519
800000,87,719630.0,64329,412.17,80370,719630
1000000,87,899700.0,65850,425.07,100300,899700
2,88,2.0,2,0.02,0,2
3,88,3.0,2,0.02,0,3
100,88,87.0,67,0.5,13,87
200,88,173.0,136,1.04,27,173
2000,88,1776.0,1436,11.0,224,1776
10000,88,8953.0,6202,47.37,1047,8953
20000,88,17988.0,10152,72.56,2012,17988
40000,88,35930.0,16181,118.73,4070,35930
60000,88,53899.0,23429,163.89,6101,53899
80000,88,72008.0,25429,180.56,7992,72008
100000,88,89999.0,29296,207.17,10001,89999
200000,88,179907.0,43796,298.08,20093,179907
400000,88,359931.0,60008,423.73,40069,359931
600000,88,539936.0,68375,472.88,60064,539936
800000,88,719841.0,76903,519.1,80159,719841
1000000,88,900220.0,77126,520.89,99780,900220
2,89,2.0,2,0.02,0,2
3,89,3.0,2,0.02,0,3
100,89,88.0,67,0.51,12,88
200,89,179.0,134,1.01,21,179
2000,89,1769.0,1227,9.09,231,1769
10000,89,8921.0,6137,44.63,1079,8921
20000,89,17935.0,9278,68.94,2065,17935
40000,89,35876.0,17072,134.6,4124,35876
60000,89,53832.0,22525,172.37,6168,53832
80000,89,71720.0,26470,200.89,8280,71720
100000,89,89636.0,33494,244.65,10364,89636
200000,89,179441.0,44002,322.56,20559,179441
400000,89,359702.0,51506,390.06,40298,359702
600000,89,539741.0,54857,415.18,60259,539741
800000,89,719834.0,55744,420.47,80166,719834
1000000,89,899693.0,69027,550.93,100307,899693
2,90,2.0,2,0.02,0,2
3,90,3.0,2,0.02,0,3
100,90,94.0,66,0.5,6,94
200,90,174.0,130,0.97,26,174
2000,90,1763.0,1233,8.73,237,1763
10000,90,8945.0,5247,37.43,1055,8945
20000,90,17885.0,10060,67.22,2115,17885
40000,90,35937.0,13506,91.16,4063,35937
60000,90,53913.0,18199,120.32,6087,53913
80000,90,71758.0,23619,152.98,8242,71758
100000,90,89718.0,35261,211.93,10282,89718
200000,90,179497.0,52041,309.85,20503,179497
400000,90,359371.0,65436,411.88,40629,359371
600000,90,539122.0,81347,509.11,60878,539122
800000,90,718910.0,87618,549.74,81090,718910
1000000,90,898865.0,89322,562.59,101135,898865
2,91,2.0,2,0.02,0,2
3,91,3.0,2,0.02,0,3
100,91,90.0,67,0.51,10,90
200,91,176.0,134,1.02,24,176
2000,91,1796.0,1267,10.16,204,1796
10000,91,8917.0,5686,44.78,1083,8917
20000,91,17919.0,8211,62.21,2081,17919
40000,91,35857.0,15518,119.15,4143,35857
60000,91,53797.0,21874,160.35,6203,53797
80000,91,71793.0,26041,189.49,8207,71793
100000,91,89865.0,26554,192.73,10135,89865
200000,91,179741.0,39163,281.29,20259,179741
400000,91,359643.0,64190,419.55,40357,359643
600000,91,539643.0,89947,552.05,60357,539643
800000,91,719614.0,95383,582.87,80386,719614
1000000,91,899544.0,97913,601.48,100456,899544
2,92,2.0,2,0.02,0,2
3,92,3.0,2,0.02,0,3
100,92,90.0,67,0.5,10,90
200,92,184.0,134,0.99,16,184
2000,92,1800.0,1334,9.95,200,1800
10000,92,8894.0,6315,44.34,1106,8894
20000,92,17819.0,12976,92.63,2181,17819
40000,92,35811.0,19690,139.74,4189,35811
60000,92,53809.0,25649,171.69,6191,53809
80000,92,71711.0,32887,229.15,8289,71711
100000,92,89664.0,35343,248.06,10336,89664
200000,92,179648.0,53942,354.29,20352,179648
400000,92,359585.0,80120,533.54,40415,359585
600000,92,539509.0,88461,579.72,60491,539509
800000,92,719656.0,89893,589.28,80344,719656
1000000,92,899687.0,90421,593.13,100313,899687
2,93,1.0,2,0.02,1,1
3,93,2.0,2,0.02,1,2
100,93,88.0,67,0.51,12,88
200,93,172.0,136,1.03,28,172
2000,93,1774.0,1446,11.06,226,1774
10000,93,8965.0,7235,51.56,1035,8965
20000,93,17877.0,15243,117.73,2123,17877
40000,93,35816.0,22419,178.45,4184,35816
60000,93,53681.0,31704,247.45,6319,53681
80000,93,71590.0,43422,338.11,8410,71590
100000,93,89656.0,43595,339.42,10344,89656
200000,93,179663.0,54058,432.91,20337,179663
400000,93,359561.0,70541,539.69,40439,359561
600000,93,539539.0,88308,649.88,60461,539539
800000,93,719433.0,134955,888.19,80567,719433
1000000,93,899261.0,159405,1035.14,100739,899261
2,94,2.0,2,0.02,0,2
3,94,3.0,2,0.02,0,3
100,94,90.0,65,0.49,10,90
200,94,178.0,134,0.99,22,178
2000,94,1791.0,1250,8.77,209,1791
10000,94,8952.0,6306,44.69,1048,8952
20000,94,17889.0,11715,81.94,2111,17889
40000,94,35750.0,20284,150.35,4250,35750
60000,94,53744.0,25099,193.95,6256,53744
80000,94,71705.0,31939,250.52,8295,71705
100000,94,89823.0,32065,251.17,10177,89823
200000,94,179667.0,43054,345.95,20333,179667
400000,94,359649.0,82850,586.67,40351,359649
600000,94,539843.0,100200,683.05,60157,539843
800000,94,720006.0,124320,804.66,79994,720006
1000000,94,899969.0,158496,978.87,100031,899969
2,95,2.0,2,0.02,0,2
3,95,3.0,2,0.02,0,3
100,95,85.0,66,0.51,15,85
200,95,176.0,131,1.0,24,176
2000,95,1778.0,1359,10.98,222,1778
10000,95,8946.0,6302,53.16,1054,8946
20000,95,17869.0,11802,98.28,2131,17869
40000,95,35829.0,18443,157.49,4171,35829
60000,95,53781.0,25931,205.17,6219,53781
80000,95,71701.0,30237,237.53,8299,71701
100000,95,89720.0,36460,282.24,10280,89720
200000,95,179814.0,43248,338.41,20186,179814
400000,95,359668.0,60123,435.43,40332,359668
600000,95,539486.0,69638,495.01,60514,539486
800000,95,719371.0,71086,506.29,80629,719371
1000000,95,899117.0,74774,526.78,100883,899117
2,96,1.0,2,0.02,1,1
3,96,2.0,2,0.02,1,2
100,96,89.0,67,0.5,11,89
200,96,182.0,133,0.99,18,182
2000,96,1778.0,1402,10.57,222,1778
10000,96,8899.0,5534,40.71,1101,8899
20000,96,17832.0,11359,78.17,2168,17832
40000,96,35662.0,19237,134.23,4338,35662
60000,96,53559.0,24134,166.72,6441,53559
80000,96,71486.0,30280,208.33,8514,71486
100000,96,89528.0,30280,208.33,10472,89528
200000,96,179573.0,36075,245.92,20427,179573
400000,96,359760.0,37408,253.49,40240,359760
600000,96,539773.0,39463,266.04,60227,539773
800000,96,719948.0,40019,271.18,80052,719948
1000000,96,899757.0,41296,281.48,100243,899757
2,97,2.0,2,0.02,0,2
3,97,3.0,2,0.02,0,3
100,97,88.0,67,0.51,12,88
200,97,178.0,135,1.01,22,178
2000,97,1758.0,1435,10.67,242,1758
10000,97,8924.0,6842,49.56,1076,8924
20000,97,17897.0,13228,97.39,2103,17897
40000,97,35747.0,25162,189.45,4253,35747
60000,97,53766.0,32358,235.62,6234,53766
80000,97,71672.0,43697,306.12,8328,71672
100000,97,89711.0,53702,360.69,10289,89711
200000,97,179437.0,74766,494.9,20563,179437
400000,97,359145.0,100242,644.33,40855,359145
600000,97,539118.0,114518,780.56,60882,539118
800000,97,719276.0,115871,790.87,80724,719276
1000000,97,899230.0,121245,831.42,100770,899230
2,98,2.0,2,0.02,0,2
3,98,2.0,2,0.02,1,2
100,98,88.0,70,0.53,12,88
200,98,172.0,144,1.08,28,172
2000,98,1787.0,1325,9.5,213,1787
10000,98,8936.0,5896,44.3,1064,8936
20000,98,17911.0,9694,73.7,2089,17911
40000,98,35826.0,20330,151.14,4174,35826
60000,98,53802.0,23904,176.45,6198,53802
80000,98,71831.0,31207,214.07,8169,71831
100000,98,89783.0,33472,230.54,10217,89783
200000,98,179781.0,54386,350.05,20219,179781
400000,98,359524.0,97498,577.13,40476,359524
600000,98,539350.0,106176,629.9,60650,539350
800000,98,719170.0,112164,661.67,80830,719170
1000000,98,899069.0,121826,710.59,100931,899069
2,99,2.0,2,0.02,0,2
3,99,3.0,2,0.02,0,3
100,99,91.0,65,0.48,9,91
200,99,173.0,131,0.98,27,173
2000,99,1764.0,1324,9.61,236,1764
10000,99,8933.0,6095,41.6,1067,8933
20000,99,17860.0,11238,72.66,2140,17860
40000,99,35774.0,18022,117.79,4226,35774
60000,99,53727.0,20630,135.22,6273,53727
80000,99,71725.0,27835,196.75,8275,71725
100000,99,89764.0,28207,199.76,10236,89764
200000,99,179656.0,49476,347.7,20344,179656
400000,99,359774.0,59357,425.01,40226,359774
600000,99,539754.0,60902,435.56,60246,539754
800000,99,719488.0,69824,488.51,80512,719488
1000000,99,899236.0,86748,578.22,100764,899236
2,100,2.0,2,0.02,0,2
3,100,2.0,2,0.02,1,2
100,100,86.0,67,0.5,14,86
200,100,183.0,132,0.98,17,183
2000,100,1802.0,1229,9.15,198,1802
10000,100,8990.0,4167,29.87,1010,8990
20000,100,17906.0,8253,61.89,2094,17906
40000,100,35841.0,19768,126.9,4159,35841
60000,100,53795.0,26074,166.16,6205,53795
80000,100,71784.0,27973,177.85,8216,71784
100000,100,89747.0,35534,219.49,10253,89747
200000,100,179748.0,41842,258.91,20252,179748
400000,100,359653.0,49156,304.46,40347,359653
600000,100,539605.0,57805,366.63,60395,539605
800000,100,719446.0,70246,457.26,80554,719446
1000000,100,899510.0,74962,482.63,100490,899510
