Timestep,Iteration,Total Reward,Suboptimal Arms,Total Regret,Zeros Count,Ones Count
2,1,2.0,1,0.09,0,2
3,1,3.0,2,0.1,0,3
100,1,92.0,67,3.21,8,92
200,1,177.0,131,5.78,23,177
2000,1,1753.0,1251,28.3,247,1753
10000,1,8921.0,5296,62.66,1079,8921
20000,1,17827.0,10635,95.29,2173,17827
40000,1,35648.0,23254,168.47,4352,35648
60000,1,53511.0,35839,237.15,6489,53511
80000,1,71321.0,46763,293.93,8679,71321
100000,1,89121.0,51680,321.22,10879,89121
200000,1,178564.0,68637,416.26,21436,178564
400000,1,357648.0,80404,478.88,42352,357648
600000,1,536690.0,86975,513.44,63310,536690
800000,1,715687.0,95275,556.2,84313,715687
1000000,1,894757.0,96821,564.38,105243,894757
2,2,2.0,1,0.09,0,2
3,2,2.0,2,0.1,1,2
100,2,88.0,67,3.39,12,88
200,2,166.0,139,7.08,34,166
2000,2,1738.0,1110,39.21,262,1738
10000,2,8840.0,4135,77.73,1160,8840
20000,2,17793.0,6827,96.68,2207,17793
40000,2,35650.0,13816,143.87,4350,35650
60000,2,53485.0,16537,161.07,6515,53485
80000,2,71327.0,20937,185.05,8673,71327
100000,2,89222.0,22258,194.99,10778,89222
200000,2,178674.0,24578,212.08,21326,178674
400000,2,357588.0,39291,289.6,42412,357588
600000,2,536557.0,52071,354.85,63443,536557
800000,2,715680.0,52145,356.12,84320,715680
1000000,2,894881.0,52154,356.62,105119,894881
2,3,1.0,1,0.09,1,1
3,3,1.0,2,0.1,2,1
100,3,86.0,67,3.3,14,86
200,3,174.0,133,5.7,26,174
2000,3,1755.0,1133,29.24,245,1755
10000,3,8891.0,3480,59.79,1109,8891
20000,3,17803.0,6201,84.1,2197,17803
40000,3,35686.0,12645,122.71,4314,35686
60000,3,53511.0,19858,161.66,6489,53511
80000,3,71374.0,26700,197.67,8626,71374
100000,3,89272.0,28308,208.14,10728,89272
200000,3,178716.0,37814,267.01,21284,178716
400000,3,357704.0,47370,318.39,42296,357704
600000,3,536620.0,51381,342.4,63380,536620
800000,3,715596.0,53237,353.03,84404,715596
1000000,3,894680.0,54130,360.83,105320,894680
2,4,2.0,1,0.09,0,2
3,4,3.0,2,0.1,0,3
100,4,84.0,66,3.21,16,84
200,4,172.0,132,6.51,28,172
2000,4,1759.0,995,32.87,241,1759
10000,4,8923.0,5078,73.09,1077,8923
20000,4,17844.0,9905,107.39,2156,17844
40000,4,35658.0,16220,149.23,4342,35658
60000,4,53492.0,19444,167.06,6508,53492
80000,4,71399.0,21301,184.08,8601,71399
100000,4,89288.0,35613,257.17,10712,89288
200000,4,178616.0,52424,346.72,21384,178616
400000,4,357672.0,86649,519.1,42328,357672
600000,4,536771.0,90280,538.79,63229,536771
800000,4,715847.0,97415,576.8,84153,715847
1000000,4,894857.0,104700,614.49,105143,894857
2,5,1.0,1,0.09,1,1
3,5,2.0,2,0.1,1,2
100,5,84.0,64,2.75,16,84
200,5,162.0,134,5.35,38,162
2000,5,1749.0,1400,28.51,251,1749
10000,5,8930.0,6255,73.13,1070,8930
20000,5,17794.0,10950,101.64,2206,17794
40000,5,35683.0,18945,146.02,4317,35683
60000,5,53484.0,27544,199.82,6516,53484
80000,5,71407.0,29187,218.83,8593,71407
100000,5,89328.0,33140,241.93,10672,89328
200000,5,178676.0,47137,314.25,21324,178676
400000,5,357547.0,54958,368.93,42453,357547
600000,5,536379.0,82962,509.49,63621,536379
800000,5,715437.0,83979,515.29,84563,715437
1000000,5,894437.0,103136,613.33,105563,894437
2,6,2.0,1,0.09,0,2
3,6,3.0,2,0.1,0,3
100,6,93.0,69,3.31,7,93
200,6,177.0,128,5.5,23,177
2000,6,1779.0,1143,29.47,221,1779
10000,6,8845.0,5002,65.33,1155,8845
20000,6,17756.0,9585,92.65,2244,17756
40000,6,35578.0,19658,153.19,4422,35578
60000,6,53494.0,27089,193.4,6506,53494
80000,6,71368.0,33287,232.22,8632,71368
100000,6,89158.0,40997,275.54,10842,89158
200000,6,178549.0,53588,340.66,21451,178549
400000,6,357765.0,67820,419.56,42235,357765
600000,6,536896.0,73991,455.09,63104,536896
800000,6,715799.0,76478,468.88,84201,715799
1000000,6,894926.0,82675,504.36,105074,894926
2,7,1.0,1,0.09,1,1
3,7,2.0,2,0.1,1,2
100,7,90.0,66,3.21,10,90
200,7,179.0,130,6.32,21,179
2000,7,1768.0,1259,37.8,232,1768
10000,7,8894.0,4304,81.91,1106,8894
20000,7,17842.0,7887,111.25,2158,17842
40000,7,35673.0,14766,157.44,4327,35673
60000,7,53540.0,21783,199.0,6460,53540
80000,7,71451.0,23068,209.48,8549,71451
100000,7,89352.0,23844,218.85,10648,89352
200000,7,178742.0,34296,276.06,21258,178742
400000,7,357471.0,62747,423.35,42529,357471
600000,7,536633.0,67924,453.38,63367,536633
800000,7,715585.0,71055,469.93,84415,715585
1000000,7,894315.0,76538,497.98,105685,894315
2,8,1.0,1,0.09,1,1
3,8,2.0,2,0.1,1,2
100,8,83.0,66,3.03,17,83
200,8,170.0,133,5.88,30,170
2000,8,1741.0,891,29.38,259,1741
10000,8,8873.0,3613,56.41,1127,8873
20000,8,17739.0,5095,72.64,2261,17739
40000,8,35553.0,7382,93.97,4447,35553
60000,8,53375.0,11999,121.01,6625,53375
80000,8,71276.0,12453,130.66,8724,71276
100000,8,89212.0,12824,133.87,10788,89212
200000,8,178837.0,15830,151.06,21163,178837
400000,8,357928.0,35712,254.7,42072,357928
600000,8,536646.0,50898,332.7,63354,536646
800000,8,715874.0,53829,347.98,84126,715874
1000000,8,894935.0,53983,349.65,105065,894935
2,9,2.0,1,0.09,0,2
3,9,3.0,2,0.1,0,3
100,9,84.0,67,3.12,16,84
200,9,176.0,129,5.5,24,176
2000,9,1743.0,1152,32.67,257,1743
10000,9,8832.0,4206,79.89,1168,8832
20000,9,17802.0,7426,99.95,2198,17802
40000,9,35701.0,15920,150.43,4299,35701
60000,9,53615.0,19261,174.96,6385,53615
80000,9,71610.0,20852,185.26,8390,71610
100000,9,89522.0,29557,229.95,10478,89522
200000,9,178977.0,37226,274.42,21023,178977
400000,9,358022.0,71049,446.41,41978,358022
600000,9,536919.0,102743,615.59,63081,536919
800000,9,715772.0,125114,737.71,84228,715772
1000000,9,894818.0,132357,777.79,105182,894818
2,10,1.0,1,0.09,1,1
3,10,2.0,2,0.1,1,2
100,10,87.0,67,3.39,13,87
200,10,171.0,130,6.32,29,171
2000,10,1755.0,1113,37.24,245,1755
10000,10,8880.0,4440,84.39,1120,8880
20000,10,17803.0,6394,117.74,2197,17803
40000,10,35704.0,13823,161.18,4296,35704
60000,10,53542.0,18681,196.9,6458,53542
80000,10,71434.0,21064,215.93,8566,71434
100000,10,89348.0,21688,220.04,10652,89348
200000,10,178774.0,47501,354.23,21226,178774
400000,10,357686.0,64460,443.71,42314,357686
600000,10,536446.0,71587,487.44,63554,536446
800000,10,715426.0,76418,512.23,84574,715426
1000000,10,894324.0,83405,549.05,105676,894324
2,11,1.0,1,0.09,1,1
3,11,2.0,2,0.1,1,2
100,11,89.0,65,3.02,11,89
200,11,178.0,132,5.97,22,178
2000,11,1765.0,1427,36.56,235,1765
10000,11,8846.0,6216,89.58,1154,8846
20000,11,17811.0,9278,109.12,2189,17811
40000,11,35683.0,15728,150.28,4317,35683
60000,11,53630.0,17362,161.6,6370,53630
80000,11,71454.0,23529,194.05,8546,71454
100000,11,89264.0,25617,209.08,10736,89264
200000,11,178791.0,31530,245.4,21209,178791
400000,11,357553.0,42751,306.99,42447,357553
600000,11,536570.0,43377,312.19,63430,536570
800000,11,715752.0,43541,314.54,84248,715752
1000000,11,894614.0,44228,320.95,105386,894614
2,12,2.0,1,0.09,0,2
3,12,3.0,2,0.1,0,3
100,12,86.0,65,3.11,14,86
200,12,176.0,129,5.95,24,176
2000,12,1764.0,1166,43.72,236,1764
10000,12,8848.0,3973,78.9,1152,8848
20000,12,17775.0,7608,106.44,2225,17775
40000,12,35640.0,20737,184.77,4360,35640
60000,12,53557.0,23795,203.93,6443,53557
80000,12,71381.0,26758,220.64,8619,71381
100000,12,89267.0,29065,233.16,10733,89267
200000,12,178679.0,39938,293.65,21321,178679
400000,12,357649.0,46041,329.92,42351,357649
600000,12,536429.0,50897,356.63,63571,536429
800000,12,715350.0,77672,491.41,84650,715350
1000000,12,894412.0,78111,498.91,105588,894412
2,13,2.0,1,0.09,0,2
3,13,3.0,2,0.1,0,3
100,13,83.0,66,3.03,17,83
200,13,170.0,132,6.06,30,170
2000,13,1758.0,930,34.98,242,1758
10000,13,8839.0,3314,73.72,1161,8839
20000,13,17733.0,5358,89.43,2267,17733
40000,13,35539.0,14302,140.9,4461,35539
60000,13,53501.0,15528,148.2,6499,53501
80000,13,71426.0,28151,215.09,8574,71426
100000,13,89346.0,31184,230.98,10654,89346
200000,13,178891.0,37254,264.93,21109,178891
400000,13,357727.0,55083,359.74,42273,357727
600000,13,536831.0,57377,378.59,63169,536831
800000,13,715669.0,70241,443.9,84331,715669
1000000,13,894434.0,79521,491.11,105566,894434
2,14,2.0,1,0.09,0,2
3,14,2.0,2,0.1,1,2
100,14,84.0,65,3.29,16,84
200,14,165.0,128,5.95,35,165
2000,14,1759.0,1263,29.35,241,1759
10000,14,8875.0,4871,67.83,1125,8875
20000,14,17777.0,12068,115.06,2223,17777
40000,14,35627.0,21054,168.54,4373,35627
60000,14,53540.0,27504,202.23,6460,53540
80000,14,71426.0,32528,227.89,8574,71426
100000,14,89293.0,34720,239.39,10707,89293
200000,14,178732.0,62052,386.22,21268,178732
400000,14,357538.0,122638,695.0,42462,357538
600000,14,536325.0,136417,766.86,63675,536325
800000,14,715287.0,138963,782.74,84713,715287
1000000,14,894366.0,144101,808.97,105634,894366
2,15,2.0,1,0.09,0,2
3,15,3.0,2,0.1,0,3
100,15,88.0,66,3.3,12,88
200,15,176.0,133,6.42,24,176
2000,15,1767.0,1101,36.64,233,1767
10000,15,8907.0,3269,71.7,1093,8907
20000,15,17851.0,5866,98.18,2149,17851
40000,15,35715.0,8665,125.67,4285,35715
60000,15,53562.0,14595,164.41,6438,53562
80000,15,71500.0,19882,193.55,8500,71500
100000,15,89358.0,24503,217.46,10642,89358
200000,15,178734.0,47437,336.45,21266,178734
400000,15,357545.0,56639,389.48,42455,357545
600000,15,536177.0,65222,457.24,63823,536177
800000,15,714829.0,69153,484.63,85171,714829
1000000,15,893904.0,69454,486.41,106096,893904
2,16,2.0,1,0.09,0,2
3,16,3.0,2,0.1,0,3
100,16,89.0,69,3.4,11,89
200,16,172.0,138,6.54,28,172
2000,16,1758.0,1197,30.01,242,1758
10000,16,8869.0,5778,85.14,1131,8869
20000,16,17775.0,11223,121.72,2225,17775
40000,16,35755.0,20958,174.72,4245,35755
60000,16,53770.0,23374,192.11,6230,53770
80000,16,71706.0,25559,204.2,8294,71706
100000,16,89608.0,30290,229.03,10392,89608
200000,16,179206.0,41031,286.15,20794,179206
400000,16,358303.0,59676,381.27,41697,358303
600000,16,536931.0,83276,500.44,63069,536931
800000,16,715979.0,85915,516.33,84021,715979
1000000,16,894923.0,97487,579.32,105077,894923
2,17,2.0,1,0.09,0,2
3,17,3.0,2,0.1,0,3
100,17,90.0,66,3.21,10,90
200,17,180.0,131,6.23,20,180
2000,17,1761.0,1285,32.16,239,1761
10000,17,8851.0,5955,88.09,1149,8851
20000,17,17772.0,9753,113.47,2228,17772
40000,17,35609.0,18487,169.74,4391,35609
60000,17,53464.0,28118,224.11,6536,53464
80000,17,71298.0,32036,247.3,8702,71298
100000,17,89055.0,37539,278.86,10945,89055
200000,17,178457.0,44910,320.94,21543,178457
400000,17,357450.0,47386,340.25,42550,357450
600000,17,536413.0,59519,401.45,63587,536413
800000,17,715395.0,61692,414.57,84605,715395
1000000,17,894336.0,62671,424.59,105664,894336
2,18,2.0,1,0.09,0,2
3,18,3.0,2,0.1,0,3
100,18,88.0,66,3.3,12,88
200,18,177.0,130,6.05,23,177
2000,18,1797.0,1148,33.91,203,1797
10000,18,8918.0,5040,71.46,1082,8918
20000,18,17793.0,9052,107.36,2207,17793
40000,18,35659.0,17530,157.31,4341,35659
60000,18,53575.0,20647,178.29,6425,53575
80000,18,71488.0,21746,186.31,8512,71488
100000,18,89383.0,23057,193.4,10617,89383
200000,18,178805.0,33205,248.82,21195,178805
400000,18,357509.0,56053,374.94,42491,357509
600000,18,536212.0,86840,530.05,63788,536212
800000,18,715252.0,87845,536.15,84748,715252
1000000,18,894280.0,91535,554.96,105720,894280
2,19,2.0,1,0.09,0,2
3,19,3.0,2,0.1,0,3
100,19,92.0,67,3.3,8,92
200,19,180.0,132,6.24,20,180
2000,19,1751.0,964,32.09,249,1751
10000,19,8886.0,3691,78.22,1114,8886
20000,19,17814.0,6440,101.32,2186,17814
40000,19,35678.0,9638,125.23,4322,35678
60000,19,53643.0,10038,128.94,6357,53643
80000,19,71550.0,11153,144.23,8450,71550
100000,19,89408.0,12325,158.37,10592,89408
200000,19,178655.0,22817,222.53,21345,178655
400000,19,357685.0,37086,307.47,42315,357685
600000,19,536678.0,38846,318.25,63322,536678
800000,19,715621.0,44780,349.0,84379,715621
1000000,19,894591.0,46512,358.47,105409,894591
2,20,2.0,1,0.09,0,2
3,20,3.0,2,0.1,0,3
100,20,82.0,64,3.02,18,82
200,20,169.0,125,5.84,31,169
2000,20,1762.0,1210,26.48,238,1762
10000,20,8887.0,5193,69.53,1113,8887
20000,20,17823.0,8854,97.55,2177,17823
40000,20,35602.0,13385,131.63,4398,35602
60000,20,53406.0,19677,165.16,6594,53406
80000,20,71284.0,23326,186.02,8716,71284
100000,20,89133.0,25713,199.03,10867,89133
200000,20,178459.0,34982,248.44,21541,178459
400000,20,357744.0,35554,253.46,42256,357744
600000,20,536817.0,35785,259.65,63183,536817
800000,20,715844.0,44243,306.08,84156,715844
1000000,20,894955.0,44542,309.83,105045,894955
2,21,2.0,1,0.09,0,2
3,21,3.0,2,0.1,0,3
100,21,85.0,65,3.11,15,85
200,21,173.0,123,5.11,27,173
2000,21,1760.0,1023,32.47,240,1760
10000,21,8841.0,5437,92.88,1159,8841
20000,21,17763.0,9604,130.91,2237,17763
40000,21,35630.0,16251,183.76,4370,35630
60000,21,53557.0,17082,190.71,6443,53557
80000,21,71362.0,18748,202.46,8638,71362
100000,21,89209.0,20805,214.54,10791,89209
200000,21,178564.0,29920,271.37,21436,178564
400000,21,357410.0,34423,296.76,42590,357410
600000,21,536636.0,34761,301.87,63364,536636
800000,21,715539.0,36230,311.74,84461,715539
1000000,21,894537.0,36388,314.24,105463,894537
2,22,2.0,1,0.09,0,2
3,22,3.0,2,0.1,0,3
100,22,80.0,65,3.11,20,80
200,22,167.0,126,5.76,33,167
2000,22,1761.0,954,29.79,239,1761
10000,22,8846.0,4354,80.18,1154,8846
20000,22,17786.0,8804,113.95,2214,17786
40000,22,35553.0,15269,153.02,4447,35553
60000,22,53401.0,24826,205.58,6599,53401
80000,22,71264.0,30272,239.74,8736,71264
100000,22,89103.0,32892,260.58,10897,89103
200000,22,178561.0,43360,327.14,21439,178561
400000,22,357449.0,76230,500.58,42551,357449
600000,22,536492.0,81123,526.57,63508,536492
800000,22,715470.0,86217,554.65,84530,715470
1000000,22,894556.0,86526,560.07,105444,894556
2,23,2.0,1,0.09,0,2
3,23,3.0,2,0.1,0,3
100,23,88.0,65,3.02,12,88
200,23,173.0,127,5.85,27,173
2000,23,1755.0,1126,35.33,245,1755
10000,23,8869.0,4953,75.16,1131,8869
20000,23,17749.0,9042,110.46,2251,17749
40000,23,35643.0,17560,158.09,4357,35643
60000,23,53488.0,23962,195.14,6512,53488
80000,23,71380.0,26380,209.39,8620,71380
100000,23,89372.0,26681,211.34,10628,89372
200000,23,178805.0,44203,304.53,21195,178805
400000,23,357773.0,57524,377.71,42227,357773
600000,23,536666.0,64567,415.17,63334,536666
800000,23,715923.0,65366,422.5,84077,715923
1000000,23,894976.0,66558,430.98,105024,894976
2,24,2.0,1,0.09,0,2
3,24,3.0,2,0.1,0,3
100,24,80.0,64,3.11,20,80
200,24,167.0,116,5.8,33,167
2000,24,1761.0,939,35.47,239,1761
10000,24,8880.0,4014,78.93,1120,8880
20000,24,17808.0,7522,107.99,2192,17808
40000,24,35684.0,11289,136.99,4316,35684
60000,24,53517.0,12068,147.1,6483,53517
80000,24,71334.0,12897,152.14,8666,71334
100000,24,89223.0,13702,163.64,10777,89223
200000,24,178605.0,16798,182.36,21395,178605
400000,24,357513.0,20417,209.99,42487,357513
600000,24,536505.0,23450,229.57,63495,536505
800000,24,715427.0,29847,263.8,84573,715427
1000000,24,894370.0,31380,276.15,105630,894370
2,25,2.0,1,0.09,0,2
3,25,3.0,2,0.1,0,3
100,25,91.0,66,3.21,9,91
200,25,171.0,124,5.48,29,171
2000,25,1773.0,916,30.14,227,1773
10000,25,8971.0,3606,62.31,1029,8971
20000,25,17877.0,6171,85.93,2123,17877
40000,25,35737.0,10406,115.12,4263,35737
60000,25,53578.0,13056,129.0,6422,53578
80000,25,71468.0,15468,146.82,8532,71468
100000,25,89388.0,17626,158.87,10612,89388
200000,25,178918.0,31665,232.12,21082,178918
400000,25,357797.0,59342,381.49,42203,357797
600000,25,536706.0,63288,402.66,63294,536706
800000,25,715775.0,67091,433.91,84225,715775
1000000,25,894760.0,78423,491.11,105240,894760
2,26,2.0,1,0.09,0,2
3,26,3.0,2,0.1,0,3
100,26,93.0,66,3.3,7,93
200,26,182.0,129,5.86,18,182
2000,26,1774.0,1147,30.39,226,1774
10000,26,8871.0,4627,78.66,1129,8871
20000,26,17817.0,7564,101.63,2183,17817
40000,26,35715.0,13095,139.81,4285,35715
60000,26,53592.0,17323,166.26,6408,53592
80000,26,71486.0,20801,184.37,8514,71486
100000,26,89351.0,25783,210.45,10649,89351
200000,26,178785.0,41509,300.96,21215,178785
400000,26,357891.0,48377,337.19,42109,357891
600000,26,536775.0,68841,450.31,63225,536775
800000,26,715758.0,76986,492.21,84242,715758
1000000,26,894759.0,78349,499.92,105241,894759
2,27,1.0,1,0.09,1,1
3,27,2.0,2,0.1,1,2
100,27,89.0,65,3.11,11,89
200,27,176.0,128,5.5,24,176
2000,27,1750.0,1107,29.56,250,1750
10000,27,8883.0,4425,69.02,1117,8883
20000,27,17813.0,8242,99.62,2187,17813
40000,27,35695.0,14896,137.66,4305,35695
60000,27,53595.0,16644,147.84,6405,53595
80000,27,71469.0,19618,175.04,8531,71469
100000,27,89350.0,21551,187.49,10650,89350
200000,27,178771.0,31402,241.88,21229,178771
400000,27,357270.0,41381,298.07,42730,357270
600000,27,536152.0,53146,357.8,63848,536152
800000,27,715083.0,55080,368.64,84917,715083
1000000,27,894063.0,55543,371.67,105937,894063
2,28,2.0,1,0.09,0,2
3,28,3.0,2,0.1,0,3
100,28,85.0,64,2.93,15,85
200,28,168.0,127,5.31,32,168
2000,28,1759.0,1169,33.29,241,1759
10000,28,8866.0,3804,72.75,1134,8866
20000,28,17807.0,7783,98.04,2193,17807
40000,28,35619.0,17164,154.04,4381,35619
60000,28,53538.0,20992,176.33,6462,53538
80000,28,71379.0,24486,195.06,8621,71379
100000,28,89205.0,27188,211.81,10795,89205
200000,28,178785.0,32877,244.57,21215,178785
400000,28,357652.0,51786,341.64,42348,357652
600000,28,536432.0,60052,388.28,63568,536432
800000,28,715572.0,61463,396.95,84428,715572
1000000,28,894434.0,67778,445.99,105566,894434
2,29,2.0,1,0.09,0,2
3,29,3.0,2,0.1,0,3
100,29,88.0,66,3.3,12,88
200,29,176.0,132,6.06,24,176
2000,29,1780.0,1230,38.55,220,1780
10000,29,8936.0,4792,78.59,1064,8936
20000,29,17803.0,7387,101.82,2197,17803
40000,29,35709.0,17318,156.16,4291,35709
60000,29,53560.0,24449,199.28,6440,53560
80000,29,71418.0,31418,240.97,8582,71418
100000,29,89318.0,33069,263.08,10682,89318
200000,29,178678.0,46129,342.96,21322,178678
400000,29,357694.0,51367,372.12,42306,357694
600000,29,536550.0,61389,426.37,63450,536550
800000,29,715412.0,65990,451.09,84588,715412
1000000,29,894397.0,66703,455.01,105603,894397
2,30,2.0,1,0.09,0,2
3,30,3.0,2,0.1,0,3
100,30,88.0,66,3.21,12,88
200,30,171.0,129,6.31,29,171
2000,30,1756.0,1062,41.58,244,1756
10000,30,8873.0,3513,80.29,1127,8873
20000,30,17747.0,6845,113.69,2253,17747
40000,30,35502.0,12343,157.92,4498,35502
60000,30,53320.0,13665,166.96,6680,53320
80000,30,71172.0,17257,188.07,8828,71172
100000,30,89100.0,19850,201.31,10900,89100
200000,30,178642.0,20694,216.24,21358,178642
400000,30,357222.0,63009,438.7,42778,357222
600000,30,536055.0,68652,481.5,63945,536055
800000,30,714991.0,70862,495.97,85009,714991
1000000,30,893848.0,72519,507.58,106152,893848
2,31,1.0,1,0.09,1,1
3,31,2.0,2,0.1,1,2
100,31,82.0,66,3.21,18,82
200,31,170.0,125,6.11,30,170
2000,31,1764.0,1437,38.6,236,1764
10000,31,8906.0,5149,86.13,1094,8906
20000,31,17826.0,8183,109.04,2174,17826
40000,31,35739.0,15132,152.16,4261,35739
60000,31,53574.0,16705,162.45,6426,53574
80000,31,71466.0,22582,194.0,8534,71466
100000,31,89342.0,26074,214.16,10658,89342
200000,31,178771.0,38954,301.33,21229,178771
400000,31,357652.0,54586,384.8,42348,357652
600000,31,536832.0,56177,397.16,63168,536832
800000,31,715793.0,66203,453.41,84207,715793
1000000,31,894690.0,73786,493.58,105310,894690
2,32,2.0,1,0.09,0,2
3,32,2.0,2,0.1,1,2
100,32,82.0,66,3.3,18,82
200,32,170.0,133,6.42,30,170
2000,32,1735.0,1138,36.47,265,1735
10000,32,8854.0,3700,74.03,1146,8854
20000,32,17760.0,5757,104.47,2240,17760
40000,32,35587.0,11671,145.56,4413,35587
60000,32,53477.0,12460,153.92,6523,53477
80000,32,71365.0,13613,164.9,8635,71365
100000,32,89264.0,16066,177.62,10736,89264
200000,32,178791.0,19216,199.85,21209,178791
400000,32,357572.0,26541,251.68,42428,357572
600000,32,536493.0,68393,462.11,63507,536493
800000,32,715468.0,72567,486.04,84532,715468
1000000,32,894276.0,75968,503.32,105724,894276
2,33,2.0,1,0.09,0,2
3,33,3.0,2,0.1,0,3
100,33,90.0,66,3.3,10,90
200,33,177.0,132,6.6,23,177
2000,33,1720.0,1251,41.63,280,1720
10000,33,8854.0,4599,80.14,1146,8854
20000,33,17753.0,8494,107.54,2247,17753
40000,33,35589.0,18755,164.42,4411,35589
60000,33,53450.0,21755,180.5,6550,53450
80000,33,71323.0,24307,198.3,8677,71323
100000,33,89269.0,24370,199.88,10731,89269
200000,33,178741.0,31718,238.33,21259,178741
400000,33,357790.0,39167,283.76,42210,357790
600000,33,536963.0,40847,294.59,63037,536963
800000,33,716095.0,42110,302.08,83905,716095
1000000,33,895112.0,43031,307.85,104888,895112
2,34,2.0,1,0.09,0,2
3,34,3.0,2,0.1,0,3
100,34,87.0,66,3.21,13,87
200,34,174.0,131,6.05,26,174
2000,34,1763.0,1251,34.78,237,1763
10000,34,8836.0,6246,98.37,1164,8836
20000,34,17683.0,11937,140.23,2317,17683
40000,34,35479.0,17488,171.41,4521,35479
60000,34,53413.0,19158,181.74,6587,53413
80000,34,71356.0,19164,182.31,8644,71356
100000,34,89208.0,21511,196.2,10792,89208
200000,34,178770.0,26493,228.22,21230,178770
400000,34,357490.0,30472,259.19,42510,357490
600000,34,536452.0,35875,287.28,63548,536452
800000,34,715388.0,37956,297.96,84612,715388
1000000,34,894461.0,40304,309.97,105539,894461
2,35,1.0,1,0.09,1,1
3,35,2.0,2,0.1,1,2
100,35,88.0,67,3.3,12,88
200,35,178.0,129,6.13,22,178
2000,35,1714.0,1057,33.99,286,1714
10000,35,8834.0,3469,65.77,1166,8834
20000,35,17727.0,6610,87.95,2273,17727
40000,35,35632.0,9670,108.29,4368,35632
60000,35,53432.0,14912,137.74,6568,53432
80000,35,71322.0,20645,173.96,8678,71322
100000,35,89139.0,23369,188.12,10861,89139
200000,35,178692.0,25746,202.44,21308,178692
400000,35,357915.0,27966,218.31,42085,357915
600000,35,536940.0,31487,236.63,63060,536940
800000,35,715723.0,45202,305.93,84277,715723
1000000,35,894567.0,50090,333.43,105433,894567
2,36,2.0,1,0.09,0,2
3,36,3.0,2,0.1,0,3
100,36,83.0,64,3.38,17,83
200,36,173.0,131,6.86,27,173
2000,36,1763.0,1079,39.77,237,1763
10000,36,8856.0,6329,95.0,1144,8856
20000,36,17801.0,10933,137.28,2199,17801
40000,36,35622.0,19512,192.96,4378,35622
60000,36,53509.0,28765,244.98,6491,53509
80000,36,71380.0,31411,262.53,8620,71380
100000,36,89205.0,34557,282.76,10795,89205
200000,36,178623.0,39463,317.64,21377,178623
400000,36,357695.0,41845,336.3,42305,357695
600000,36,536584.0,44727,356.65,63416,536584
800000,36,715793.0,44996,358.27,84207,715793
1000000,36,894765.0,49970,383.86,105235,894765
2,37,2.0,1,0.09,0,2
3,37,3.0,2,0.1,0,3
100,37,90.0,66,3.21,10,90
200,37,178.0,131,6.59,22,178
2000,37,1766.0,1277,32.48,234,1766
10000,37,8862.0,4476,78.18,1138,8862
20000,37,17847.0,5739,90.43,2153,17847
40000,37,35808.0,10860,122.97,4192,35808
60000,37,53710.0,13154,137.68,6290,53710
80000,37,71579.0,21726,182.52,8421,71579
100000,37,89501.0,24319,196.02,10499,89501
200000,37,178905.0,35407,260.1,21095,178905
400000,37,357931.0,49347,337.99,42069,357931
600000,37,536964.0,57477,380.35,63036,536964
800000,37,715969.0,69153,440.26,84031,715969
1000000,37,895197.0,73219,471.39,104803,895197
2,38,2.0,1,0.09,0,2
3,38,3.0,2,0.1,0,3
100,38,90.0,68,3.4,10,90
200,38,179.0,135,6.52,21,179
2000,38,1748.0,965,32.81,252,1748
10000,38,8869.0,4420,75.11,1131,8869
20000,38,17795.0,7707,103.78,2205,17795
40000,38,35591.0,15890,153.25,4409,35591
60000,38,53505.0,17173,163.17,6495,53505
80000,38,71353.0,22856,192.76,8647,71353
100000,38,89251.0,24304,202.97,10749,89251
200000,38,178886.0,27596,222.4,21114,178886
400000,38,358040.0,30210,239.16,41960,358040
600000,38,536871.0,34562,272.71,63129,536871
800000,38,715971.0,39140,295.78,84029,715971
1000000,38,894915.0,41136,307.2,105085,894915
2,39,2.0,1,0.09,0,2
3,39,2.0,2,0.1,1,2
100,39,92.0,66,3.3,8,92
200,39,178.0,131,6.68,22,178
2000,39,1734.0,1145,36.32,266,1734
10000,39,8850.0,5238,84.96,1150,8850
20000,39,17798.0,9150,114.69,2202,17798
40000,39,35656.0,15320,153.82,4344,35656
60000,39,53522.0,22579,194.88,6478,53522
80000,39,71430.0,25889,212.33,8570,71430
100000,39,89241.0,29331,230.26,10759,89241
200000,39,178506.0,56146,374.51,21494,178506
400000,39,357347.0,75136,476.75,42653,357347
600000,39,536210.0,78160,493.04,63790,536210
800000,39,715136.0,84699,527.44,84864,715136
1000000,39,894022.0,84873,530.38,105978,894022
2,40,2.0,1,0.09,0,2
3,40,3.0,2,0.1,0,3
100,40,83.0,64,3.02,17,83
200,40,169.0,120,5.19,31,169
2000,40,1762.0,1181,32.9,238,1762
10000,40,8955.0,3977,67.59,1045,8955
20000,40,17868.0,5674,85.07,2132,17868
40000,40,35677.0,12229,122.7,4323,35677
60000,40,53618.0,14565,136.99,6382,53618
80000,40,71505.0,16394,148.93,8495,71505
100000,40,89346.0,23533,186.51,10654,89346
200000,40,178938.0,29805,224.08,21062,178938
400000,40,358185.0,52579,342.36,41815,358185
600000,40,536871.0,75597,462.94,63129,536871
800000,40,716042.0,81259,494.67,83958,716042
1000000,40,894982.0,87051,526.06,105018,894982
2,41,2.0,1,0.09,0,2
3,41,3.0,2,0.1,0,3
100,41,83.0,64,3.02,17,83
200,41,167.0,126,6.03,33,167
2000,41,1760.0,1087,26.67,240,1760
10000,41,8852.0,4669,75.0,1148,8852
20000,41,17806.0,9559,109.71,2194,17806
40000,41,35702.0,16598,152.65,4298,35702
60000,41,53641.0,19386,170.82,6359,53641
80000,41,71519.0,22514,188.26,8481,71519
100000,41,89374.0,24356,199.72,10626,89374
200000,41,178861.0,32508,245.61,21139,178861
400000,41,357561.0,56202,373.44,42439,357561
600000,41,536380.0,73685,463.1,63620,536380
800000,41,715340.0,74789,473.12,84660,715340
1000000,41,894174.0,78723,497.38,105826,894174
2,42,2.0,1,0.09,0,2
3,42,3.0,2,0.1,0,3
100,42,81.0,64,3.02,19,81
200,42,170.0,125,5.84,30,170
2000,42,1743.0,1033,30.9,257,1743
10000,42,8856.0,5009,66.18,1144,8856
20000,42,17757.0,9180,96.57,2243,17757
40000,42,35554.0,17287,143.04,4446,35554
60000,42,53444.0,18443,149.54,6556,53444
80000,42,71343.0,18989,156.5,8657,71343
100000,42,89276.0,20816,166.09,10724,89276
200000,42,178596.0,27216,202.14,21404,178596
400000,42,357725.0,59434,364.67,42275,357725
600000,42,536450.0,68139,411.34,63550,536450
800000,42,715513.0,69368,421.09,84487,715513
1000000,42,894558.0,71635,434.13,105442,894558
2,43,1.0,1,0.09,1,1
3,43,2.0,2,0.1,1,2
100,43,86.0,65,3.02,14,86
200,43,174.0,127,5.58,26,174
2000,43,1773.0,1126,38.93,227,1773
10000,43,8911.0,4089,73.0,1089,8911
20000,43,17841.0,8940,105.63,2159,17841
40000,43,35589.0,15098,142.27,4411,35589
60000,43,53461.0,17568,170.55,6539,53461
80000,43,71339.0,21150,193.77,8661,71339
100000,43,89249.0,23855,209.18,10751,89249
200000,43,178648.0,29788,247.22,21352,178648
400000,43,357934.0,36854,285.61,42066,357934
600000,43,536829.0,44445,328.06,63171,536829
800000,43,715792.0,45236,333.28,84208,715792
1000000,43,894750.0,52594,373.22,105250,894750
2,44,2.0,1,0.09,0,2
3,44,3.0,2,0.1,0,3
100,44,83.0,64,2.84,17,83
200,44,173.0,128,5.68,27,173
2000,44,1748.0,1110,33.45,252,1748
10000,44,8909.0,3609,60.8,1091,8909
20000,44,17802.0,7520,85.03,2198,17802
40000,44,35683.0,12587,115.22,4317,35683
60000,44,53589.0,19122,151.5,6411,53589
80000,44,71472.0,20692,160.61,8528,71472
100000,44,89410.0,22747,172.23,10590,89410
200000,44,178742.0,35206,238.94,21258,178742
400000,44,357534.0,40032,268.56,42466,357534
600000,44,536468.0,43177,288.69,63532,536468
800000,44,715075.0,57687,377.8,84925,715075
1000000,44,894128.0,58080,381.93,105872,894128
2,45,2.0,1,0.09,0,2
3,45,3.0,2,0.1,0,3
100,45,89.0,68,3.13,11,89
200,45,178.0,129,5.59,22,178
2000,45,1738.0,1156,30.35,262,1738
10000,45,8898.0,4915,65.71,1102,8898
20000,45,17860.0,8547,88.81,2140,17860
40000,45,35748.0,12204,115.11,4252,35748
60000,45,53579.0,17194,142.31,6421,53579
80000,45,71458.0,21829,167.1,8542,71458
100000,45,89381.0,30782,213.85,10619,89381
200000,45,178830.0,59566,367.58,21170,178830
400000,45,357603.0,97482,562.11,42397,357603
600000,45,536498.0,111702,633.84,63502,536498
800000,45,715380.0,139458,780.36,84620,715380
1000000,45,894566.0,139552,780.92,105434,894566
2,46,2.0,1,0.09,0,2
3,46,3.0,2,0.1,0,3
100,46,89.0,66,3.3,11,89
200,46,172.0,130,6.32,28,172
2000,46,1756.0,1094,34.54,244,1756
10000,46,8885.0,3028,66.26,1115,8885
20000,46,17807.0,5575,87.09,2193,17807
40000,46,35617.0,14098,136.37,4383,35617
60000,46,53406.0,18852,169.05,6594,53406
80000,46,71293.0,27692,216.31,8707,71293
100000,46,89239.0,29044,223.7,10761,89239
200000,46,178608.0,39147,282.13,21392,178608
400000,46,357465.0,46025,321.65,42535,357465
600000,46,536325.0,104896,616.91,63675,536325
800000,46,715274.0,109026,638.73,84726,715274
1000000,46,894361.0,111081,649.99,105639,894361
2,47,2.0,1,0.09,0,2
3,47,3.0,2,0.1,0,3
100,47,88.0,66,3.3,12,88
200,47,170.0,134,6.25,30,170
2000,47,1747.0,989,28.16,253,1747
10000,47,8886.0,4774,64.46,1114,8886
20000,47,17807.0,9070,91.88,2193,17807
40000,47,35618.0,15585,137.95,4382,35618
60000,47,53465.0,18974,157.78,6535,53465
80000,47,71291.0,24548,187.0,8709,71291
100000,47,89178.0,27953,204.56,10822,89178
200000,47,178658.0,36558,252.72,21342,178658
400000,47,357554.0,51920,332.05,42446,357554
600000,47,536720.0,52415,338.48,63280,536720
800000,47,715706.0,56421,369.04,84294,715706
1000000,47,894865.0,61519,394.98,105135,894865
2,48,2.0,1,0.09,0,2
3,48,3.0,2,0.1,0,3
100,48,90.0,68,3.31,10,90
200,48,179.0,129,6.04,21,179
2000,48,1757.0,1068,31.8,243,1757
10000,48,8854.0,5755,83.94,1146,8854
20000,48,17739.0,11337,118.15,2261,17739
40000,48,35581.0,16469,154.97,4419,35581
60000,48,53425.0,22899,190.81,6575,53425
80000,48,71317.0,25290,203.4,8683,71317
100000,48,89197.0,26937,213.7,10803,89197
200000,48,178583.0,33187,251.7,21417,178583
400000,48,357542.0,49263,334.69,42458,357542
600000,48,536489.0,53307,360.4,63511,536489
800000,48,715762.0,53679,364.51,84238,715762
1000000,48,894532.0,57997,387.18,105468,894532
2,49,1.0,1,0.09,1,1
3,49,1.0,2,0.1,2,1
100,49,86.0,64,2.84,14,86
200,49,175.0,122,5.29,25,175
2000,49,1763.0,1068,33.96,237,1763
10000,49,8876.0,4903,92.82,1124,8876
20000,49,17796.0,9099,122.89,2204,17796
40000,49,35621.0,13271,147.62,4379,35621
60000,49,53419.0,23545,214.38,6581,53419
80000,49,71278.0,32184,259.74,8722,71278
100000,49,89161.0,36812,284.14,10839,89161
200000,49,178666.0,39532,311.51,21334,178666
400000,49,357596.0,48679,360.57,42404,357596
600000,49,536572.0,53600,390.04,63428,536572
800000,49,715374.0,77432,510.64,84626,715374
1000000,49,894295.0,79100,519.88,105705,894295
2,50,2.0,1,0.09,0,2
3,50,3.0,2,0.1,0,3
100,50,94.0,65,3.47,6,94
200,50,182.0,131,6.32,18,182
2000,50,1771.0,1165,34.62,229,1771
10000,50,8873.0,5236,84.32,1127,8873
20000,50,17749.0,7815,113.95,2251,17749
40000,50,35603.0,12118,146.0,4397,35603
60000,50,53399.0,19030,186.14,6601,53399
80000,50,71354.0,21581,200.51,8646,71354
100000,50,89211.0,30837,247.33,10789,89211
200000,50,178723.0,40284,299.88,21277,178723
400000,50,357823.0,45310,336.98,42177,357823
600000,50,536613.0,52737,377.71,63387,536613
800000,50,715472.0,57707,403.73,84528,715472
1000000,50,894447.0,67202,452.83,105553,894447
2,51,2.0,1,0.09,0,2
3,51,3.0,2,0.1,0,3
100,51,88.0,67,3.3,12,88
200,51,176.0,132,6.24,24,176
2000,51,1747.0,1084,31.7,253,1747
10000,51,8874.0,4031,70.38,1126,8874
20000,51,17846.0,8489,96.89,2154,17846
40000,51,35665.0,16313,146.09,4335,35665
60000,51,53543.0,25192,193.19,6457,53543
80000,51,71407.0,27414,206.64,8593,71407
100000,51,89209.0,35285,248.24,10791,89209
200000,51,178608.0,54144,351.18,21392,178608
400000,51,357626.0,61837,390.99,42374,357626
600000,51,536477.0,71525,440.69,63523,536477
800000,51,715496.0,76494,467.34,84504,715496
1000000,51,894545.0,84094,506.42,105455,894545
2,52,1.0,1,0.09,1,1
3,52,2.0,2,0.1,1,2
100,52,85.0,66,3.21,15,85
200,52,171.0,126,6.03,29,171
2000,52,1757.0,1012,30.71,243,1757
10000,52,8861.0,4689,78.7,1139,8861
20000,52,17766.0,7017,92.32,2234,17766
40000,52,35627.0,17201,160.61,4373,35627
60000,52,53513.0,20811,186.49,6487,53513
80000,52,71451.0,21552,191.46,8549,71451
100000,52,89357.0,23019,201.04,10643,89357
200000,52,178681.0,29334,245.04,21319,178681
400000,52,357781.0,33153,270.43,42219,357781
600000,52,536929.0,36878,291.94,63071,536929
800000,52,715879.0,44325,331.15,84121,715879
1000000,52,894975.0,49039,355.17,105025,894975
2,53,2.0,1,0.09,0,2
3,53,3.0,2,0.1,0,3
100,53,95.0,67,3.39,5,95
200,53,182.0,131,6.14,18,182
2000,53,1747.0,1131,30.58,253,1747
10000,53,8777.0,5359,75.12,1223,8777
20000,53,17738.0,7600,102.35,2262,17738
40000,53,35531.0,13890,143.34,4469,35531
60000,53,53424.0,15364,153.77,6576,53424
80000,53,71249.0,17435,167.54,8751,71249
100000,53,89100.0,22210,197.9,10900,89100
200000,53,178342.0,39487,297.51,21658,178342
400000,53,357216.0,47408,344.68,42784,357216
600000,53,535994.0,53687,378.68,64006,535994
800000,53,714893.0,53974,381.29,85107,714893
1000000,53,893835.0,59123,407.66,106165,893835
2,54,1.0,1,0.09,1,1
3,54,2.0,2,0.1,1,2
100,54,82.0,67,3.39,18,82
200,54,171.0,134,6.34,29,171
2000,54,1743.0,1134,32.85,257,1743
10000,54,8847.0,4951,76.69,1153,8847
20000,54,17706.0,11358,120.24,2294,17706
40000,54,35601.0,12970,134.42,4399,35601
60000,54,53503.0,16857,159.16,6497,53503
80000,54,71364.0,26462,211.06,8636,71364
100000,54,89206.0,31680,237.96,10794,89206
200000,54,178887.0,32595,245.41,21113,178887
400000,54,357736.0,49268,333.46,42264,357736
600000,54,536587.0,62090,398.74,63413,536587
800000,54,715688.0,64676,412.84,84312,715688
1000000,54,894587.0,67923,429.52,105413,894587
2,55,2.0,1,0.09,0,2
3,55,3.0,2,0.1,0,3
100,55,87.0,66,3.3,13,87
200,55,174.0,130,6.14,26,174
2000,55,1750.0,1201,32.37,250,1750
10000,55,8859.0,6414,76.71,1141,8859
20000,55,17753.0,11990,116.92,2247,17753
40000,55,35570.0,21517,170.22,4430,35570
60000,55,53436.0,27695,203.72,6564,53436
80000,55,71234.0,35095,243.69,8766,71234
100000,55,89036.0,44733,293.95,10964,89036
200000,55,178313.0,75041,447.65,21687,178313
400000,55,357147.0,122166,687.33,42853,357147
600000,55,536310.0,122192,689.8,63690,536310
800000,55,715258.0,122225,692.93,84742,715258
1000000,55,894319.0,122229,693.31,105681,894319
2,56,1.0,1,0.09,1,1
3,56,2.0,2,0.1,1,2
100,56,85.0,64,2.84,15,85
200,56,175.0,126,5.13,25,175
2000,56,1745.0,1215,29.29,255,1745
10000,56,8863.0,4567,68.11,1137,8863
20000,56,17740.0,7177,94.74,2260,17740
40000,56,35610.0,11831,124.31,4390,35610
60000,56,53525.0,17964,159.3,6475,53525
80000,56,71392.0,21429,179.95,8608,71392
100000,56,89292.0,24233,194.87,10708,89292
200000,56,178692.0,33872,248.92,21308,178692
400000,56,357964.0,39627,283.72,42036,357964
600000,56,537065.0,41618,297.01,62935,537065
800000,56,716090.0,44595,312.61,83910,716090
1000000,56,895027.0,51651,352.75,104973,895027
2,57,2.0,1,0.09,0,2
3,57,3.0,2,0.1,0,3
100,57,89.0,66,3.21,11,89
200,57,176.0,126,5.94,24,176
2000,57,1779.0,1131,34.9,221,1779
10000,57,8885.0,5186,85.06,1115,8885
20000,57,17819.0,7378,108.71,2181,17819
40000,57,35718.0,14647,149.82,4282,35718
60000,57,53647.0,18724,176.51,6353,53647
80000,57,71505.0,19732,183.62,8495,71505
100000,57,89443.0,34522,258.2,10557,89443
200000,57,178818.0,60824,413.83,21182,178818
400000,57,357848.0,78353,512.0,42152,357848
600000,57,536510.0,127495,761.04,63490,536510
800000,57,715577.0,132380,790.78,84423,715577
1000000,57,894349.0,136966,814.34,105651,894349
2,58,2.0,1,0.09,0,2
3,58,3.0,2,0.1,0,3
100,58,87.0,67,3.21,13,87
200,58,172.0,130,5.78,28,172
2000,58,1756.0,1132,33.11,244,1756
10000,58,8896.0,4901,72.48,1104,8896
20000,58,17794.0,8756,95.62,2206,17794
40000,58,35681.0,18950,150.37,4319,35681
60000,58,53489.0,25378,185.48,6511,53489
80000,58,71364.0,26486,194.17,8636,71364
100000,58,89256.0,34016,236.59,10744,89256
200000,58,178580.0,48889,319.68,21420,178580
400000,58,357851.0,49724,326.65,42149,357851
600000,58,536790.0,53129,350.06,63210,536790
800000,58,715811.0,55336,363.62,84189,715811
1000000,58,894638.0,57844,381.29,105362,894638
2,59,2.0,1,0.09,0,2
3,59,3.0,2,0.1,0,3
100,59,89.0,66,3.3,11,89
200,59,175.0,126,6.03,25,175
2000,59,1754.0,1173,33.13,246,1754
10000,59,8923.0,4575,73.73,1077,8923
20000,59,17871.0,6502,88.85,2129,17871
40000,59,35806.0,11952,129.96,4194,35806
60000,59,53747.0,15089,146.99,6253,53747
80000,59,71636.0,18203,165.08,8364,71636
100000,59,89630.0,19385,171.8,10370,89630
200000,59,179077.0,32064,239.61,20923,179077
400000,59,357860.0,43506,305.1,42140,357860
600000,59,536809.0,48031,329.43,63191,536809
800000,59,715718.0,62677,404.73,84282,715718
1000000,59,894898.0,62713,405.27,105102,894898
2,60,2.0,1,0.09,0,2
3,60,3.0,2,0.1,0,3
100,60,89.0,68,3.58,11,89
200,60,176.0,123,6.37,24,176
2000,60,1737.0,997,40.45,263,1737
10000,60,8799.0,5907,91.09,1201,8799
20000,60,17645.0,10984,122.51,2355,17645
40000,60,35563.0,14593,142.98,4437,35563
60000,60,53524.0,14604,144.03,6476,53524
80000,60,71451.0,15437,149.18,8549,71451
100000,60,89323.0,16604,162.04,10677,89323
200000,60,178729.0,24395,213.14,21271,178729
400000,60,357626.0,34470,266.4,42374,357626
600000,60,536563.0,39679,295.41,63437,536563
800000,60,715616.0,39963,303.04,84384,715616
1000000,60,894569.0,40473,305.86,105431,894569
2,61,2.0,1,0.09,0,2
3,61,3.0,2,0.1,0,3
100,61,90.0,67,3.3,10,90
200,61,172.0,132,5.97,28,172
2000,61,1750.0,1145,34.43,250,1750
10000,61,8872.0,5101,76.89,1128,8872
20000,61,17758.0,10589,113.42,2242,17758
40000,61,35605.0,15331,150.72,4395,35605
60000,61,53507.0,20592,180.45,6493,53507
80000,61,71343.0,21947,189.74,8657,71343
100000,61,89216.0,25860,209.85,10784,89216
200000,61,178689.0,38193,282.04,21311,178689
400000,61,357766.0,45049,332.7,42234,357766
600000,61,536858.0,54100,382.73,63142,536858
800000,61,715796.0,58243,406.77,84204,715796
1000000,61,894946.0,64858,440.3,105054,894946
2,62,2.0,1,0.09,0,2
3,62,3.0,2,0.1,0,3
100,62,85.0,64,2.93,15,85
200,62,167.0,121,5.37,33,167
2000,62,1739.0,1043,25.46,261,1739
10000,62,8871.0,4450,63.56,1129,8871
20000,62,17823.0,6069,81.01,2177,17823
40000,62,35683.0,12708,120.06,4317,35683
60000,62,53550.0,17401,155.67,6450,53550
80000,62,71427.0,21269,178.07,8573,71427
100000,62,89378.0,23820,192.54,10622,89378
200000,62,178631.0,40157,285.11,21369,178631
400000,62,356995.0,51626,348.22,43005,356995
600000,62,535936.0,54681,365.29,64064,535936
800000,62,715150.0,54683,365.48,84850,715150
1000000,62,894197.0,54688,365.96,105803,894197
2,63,0.0,1,0.09,2,0
3,63,1.0,2,0.1,2,1
100,63,89.0,65,3.02,11,89
200,63,171.0,131,6.05,29,171
2000,63,1775.0,1148,31.39,225,1775
10000,63,8950.0,4662,68.58,1050,8950
20000,63,17834.0,10630,105.17,2166,17834
40000,63,35655.0,18679,158.55,4345,35655
60000,63,53510.0,28715,215.93,6490,53510
80000,63,71420.0,32269,237.57,8580,71420
100000,63,89340.0,32658,243.57,10660,89340
200000,63,178896.0,43268,301.75,21104,178896
400000,63,357711.0,91717,552.18,42289,357711
600000,63,536311.0,117116,683.32,63689,536311
800000,63,715269.0,119490,696.18,84731,715269
1000000,63,894014.0,130959,754.15,105986,894014
2,64,1.0,1,0.09,1,1
3,64,2.0,2,0.1,1,2
100,64,84.0,64,2.84,16,84
200,64,174.0,124,5.3,26,174
2000,64,1768.0,1232,30.91,232,1768
10000,64,8809.0,5574,93.12,1191,8809
20000,64,17784.0,6471,103.54,2216,17784
40000,64,35576.0,11474,147.37,4424,35576
60000,64,53488.0,11989,155.7,6512,53488
80000,64,71338.0,13736,168.49,8662,71338
100000,64,89332.0,13746,169.44,10668,89332
200000,64,178719.0,26241,239.74,21281,178719
400000,64,357587.0,40569,312.82,42413,357587
600000,64,536595.0,47984,354.85,63405,536595
800000,64,715713.0,55963,395.46,84287,715713
1000000,64,894764.0,73934,489.28,105236,894764
2,65,1.0,1,0.09,1,1
3,65,2.0,2,0.1,1,2
100,65,86.0,64,3.11,14,86
200,65,168.0,124,5.57,32,168
2000,65,1734.0,1094,32.2,266,1734
10000,65,8826.0,5453,78.47,1174,8826
20000,65,17762.0,9576,101.25,2238,17762
40000,65,35676.0,15816,142.71,4324,35676
60000,65,53606.0,18598,164.99,6394,53606
80000,65,71548.0,24999,197.71,8452,71548
100000,65,89473.0,30640,230.69,10527,89473
200000,65,178836.0,47701,320.13,21164,178836
400000,65,358119.0,58892,381.85,41881,358119
600000,65,537089.0,66795,428.02,62911,537089
800000,65,716182.0,69752,443.35,83818,716182
1000000,65,894934.0,84593,521.24,105066,894934
2,66,2.0,1,0.09,0,2
3,66,3.0,2,0.1,0,3
100,66,84.0,64,3.2,16,84
200,66,170.0,120,5.55,30,170
2000,66,1757.0,1007,28.88,243,1757
10000,66,8862.0,4141,59.77,1138,8862
20000,66,17769.0,6861,82.99,2231,17769
40000,66,35648.0,8412,97.14,4352,35648
60000,66,53400.0,15433,137.73,6600,53400
80000,66,71286.0,15586,139.94,8714,71286
100000,66,89152.0,20572,165.41,10848,89152
200000,66,178471.0,27740,206.11,21529,178471
400000,66,357386.0,56032,351.98,42614,357386
600000,66,536503.0,61061,382.88,63497,536503
800000,66,715445.0,76099,458.79,84555,715445
1000000,66,894404.0,76818,463.29,105596,894404
2,67,2.0,1,0.09,0,2
3,67,3.0,2,0.1,0,3
100,67,86.0,67,3.3,14,86
200,67,174.0,135,6.52,26,174
2000,67,1748.0,1186,36.71,252,1748
10000,67,8874.0,6195,84.88,1126,8874
20000,67,17808.0,10410,111.18,2192,17808
40000,67,35637.0,18308,158.59,4363,35637
60000,67,53385.0,25736,200.23,6615,53385
80000,67,71285.0,41105,277.43,8715,71285
100000,67,89118.0,50348,327.25,10882,89118
200000,67,178573.0,58109,370.1,21427,178573
400000,67,357529.0,66348,413.46,42471,357529
600000,67,536282.0,71124,445.89,63718,536282
800000,67,715230.0,71839,450.72,84770,715230
1000000,67,894340.0,72364,455.24,105660,894340
2,68,1.0,1,0.09,1,1
3,68,2.0,2,0.1,1,2
100,68,84.0,65,3.11,16,84
200,68,166.0,129,5.86,34,166
2000,68,1749.0,1241,37.07,251,1749
10000,68,8878.0,5480,76.27,1122,8878
20000,68,17820.0,8230,100.1,2180,17820
40000,68,35698.0,12589,131.61,4302,35698
60000,68,53513.0,20624,173.95,6487,53513
80000,68,71334.0,23631,190.78,8666,71334
100000,68,89210.0,31297,229.56,10790,89210
200000,68,178356.0,53701,346.26,21644,178356
400000,68,357418.0,58694,374.2,42582,357418
600000,68,536642.0,58705,375.24,63358,536642
800000,68,715849.0,58743,378.85,84151,715849
1000000,68,895017.0,58873,387.96,104983,895017
2,69,2.0,1,0.09,0,2
3,69,2.0,2,0.1,1,2
100,69,89.0,67,3.3,11,89
200,69,174.0,138,6.45,26,174
2000,69,1735.0,1049,45.56,265,1735
10000,69,8837.0,4796,91.48,1163,8837
20000,69,17691.0,10100,129.61,2309,17691
40000,69,35439.0,18891,181.75,4561,35439
60000,69,53314.0,24003,213.61,6686,53314
80000,69,71242.0,24176,215.47,8758,71242
100000,69,89108.0,24445,217.35,10892,89108
200000,69,178427.0,33306,267.33,21573,178427
400000,69,357525.0,34719,278.98,42475,357525
600000,69,536677.0,46332,343.62,63323,536677
800000,69,715563.0,48787,356.34,84437,715563
1000000,69,894444.0,70296,468.57,105556,894444
2,70,1.0,1,0.09,1,1
3,70,2.0,2,0.1,1,2
100,70,83.0,67,3.3,17,83
200,70,167.0,133,6.15,33,167
2000,70,1710.0,1238,32.47,290,1710
10000,70,8867.0,5866,69.47,1133,8867
20000,70,17791.0,10420,95.48,2209,17791
40000,70,35668.0,18572,141.01,4332,35668
60000,70,53579.0,26370,181.98,6421,53579
80000,70,71491.0,27915,190.69,8509,71491
100000,70,89331.0,31989,211.69,10669,89331
200000,70,179040.0,33435,222.16,20960,179040
400000,70,358035.0,53238,332.43,41965,358035
600000,70,536967.0,81057,474.49,63033,536967
800000,70,715869.0,89638,520.46,84131,715869
1000000,70,894522.0,111810,635.01,105478,894522
2,71,2.0,1,0.09,0,2
3,71,2.0,2,0.1,1,2
100,71,83.0,66,3.3,17,83
200,71,170.0,126,5.76,30,170
2000,71,1771.0,1142,33.07,229,1771
10000,71,8908.0,4801,73.59,1092,8908
20000,71,17793.0,8421,109.42,2207,17793
40000,71,35712.0,14008,144.2,4288,35712
60000,71,53561.0,21881,185.27,6439,53561
80000,71,71388.0,27999,221.08,8612,71388
100000,71,89263.0,32310,250.47,10737,89263
200000,71,178650.0,64622,418.33,21350,178650
400000,71,357805.0,69245,443.78,42195,357805
600000,71,536933.0,74409,472.3,63067,536933
800000,71,715892.0,80059,502.62,84108,715892
1000000,71,894764.0,84252,526.2,105236,894764
2,72,2.0,1,0.09,0,2
3,72,3.0,2,0.1,0,3
100,72,85.0,66,3.12,15,85
200,72,174.0,132,6.69,26,174
2000,72,1768.0,1175,39.27,232,1768
10000,72,8834.0,5035,90.06,1166,8834
20000,72,17741.0,6763,107.7,2259,17741
40000,72,35625.0,10305,134.05,4375,35625
60000,72,53456.0,13821,157.66,6544,53456
80000,72,71351.0,14480,166.54,8649,71351
100000,72,89218.0,18862,192.5,10782,89218
200000,72,178544.0,39188,300.34,21456,178544
400000,72,357557.0,54620,380.29,42443,357557
600000,72,536502.0,61886,420.4,63498,536502
800000,72,715509.0,62956,427.46,84491,715509
1000000,72,894726.0,63884,432.37,105274,894726
2,73,2.0,1,0.09,0,2
3,73,3.0,2,0.1,0,3
100,73,84.0,63,2.74,16,84
200,73,168.0,121,5.28,32,168
2000,73,1775.0,1087,26.94,225,1775
10000,73,8857.0,3918,58.47,1143,8857
20000,73,17746.0,8468,92.29,2254,17746
40000,73,35602.0,19078,153.71,4398,35602
60000,73,53478.0,22880,175.33,6522,53478
80000,73,71334.0,24628,184.88,8666,71334
100000,73,89231.0,25293,189.37,10769,89231
200000,73,178611.0,33037,233.31,21389,178611
400000,73,357352.0,41760,287.28,42648,357352
600000,73,536521.0,68987,424.13,63479,536521
800000,73,715612.0,69000,425.37,84388,715612
1000000,73,894591.0,69271,429.33,105409,894591
2,74,2.0,1,0.09,0,2
3,74,3.0,2,0.1,0,3
100,74,84.0,66,3.39,16,84
200,74,173.0,129,6.31,27,173
2000,74,1765.0,1302,50.79,235,1765
10000,74,8890.0,5173,113.52,1110,8890
20000,74,17827.0,9383,146.0,2173,17827
40000,74,35629.0,11654,181.21,4371,35629
60000,74,53533.0,13764,197.88,6467,53533
80000,74,71344.0,18753,225.07,8656,71344
100000,74,89307.0,18771,226.6,10693,89307
200000,74,178827.0,39699,334.03,21173,178827
400000,74,357689.0,52023,408.16,42311,357689
600000,74,536610.0,61987,460.5,63390,536610
800000,74,715624.0,63789,471.13,84376,715624
1000000,74,894942.0,65515,479.94,105058,894942
2,75,1.0,1,0.09,1,1
3,75,2.0,2,0.1,1,2
100,75,92.0,66,3.48,8,92
200,75,183.0,135,6.52,17,183
2000,75,1735.0,968,34.36,265,1735
10000,75,8864.0,4479,67.31,1136,8864
20000,75,17807.0,7562,100.27,2193,17807
40000,75,35682.0,12628,134.6,4318,35682
60000,75,53622.0,14313,146.8,6378,53622
80000,75,71569.0,15654,154.86,8431,71569
100000,75,89455.0,20802,182.31,10545,89455
200000,75,178925.0,36514,270.68,21075,178925
400000,75,358087.0,42637,304.71,41913,358087
600000,75,536910.0,52809,360.88,63090,536910
800000,75,715928.0,74377,471.15,84072,715928
1000000,75,894828.0,86436,533.97,105172,894828
2,76,2.0,1,0.09,0,2
3,76,3.0,2,0.1,0,3
100,76,85.0,68,3.4,15,85
200,76,179.0,133,6.51,21,179
2000,76,1758.0,971,33.38,242,1758
10000,76,8903.0,4234,72.74,1097,8903
20000,76,17824.0,10191,126.28,2176,17824
40000,76,35615.0,15608,159.58,4385,35615
60000,76,53548.0,16563,167.05,6452,53548
80000,76,71376.0,19561,184.2,8624,71376
100000,76,89246.0,22526,199.39,10754,89246
200000,76,178715.0,34068,260.43,21285,178715
400000,76,357805.0,50191,345.09,42195,357805
600000,76,536805.0,52916,366.73,63195,536805
800000,76,715822.0,57746,397.27,84178,715822
1000000,76,894590.0,59722,408.5,105410,894590
2,77,2.0,1,0.09,0,2
3,77,3.0,2,0.1,0,3
100,77,88.0,65,3.11,12,88
200,77,175.0,126,5.85,25,175
2000,77,1733.0,1139,27.11,267,1733
10000,77,8802.0,4091,58.89,1198,8802
20000,77,17665.0,10380,106.17,2335,17665
40000,77,35455.0,13242,129.03,4545,35455
60000,77,53305.0,17545,155.13,6695,53305
80000,77,71168.0,22270,182.63,8832,71168
100000,77,89080.0,23073,187.9,10920,89080
200000,77,178497.0,48708,329.67,21503,178497
400000,77,357537.0,53420,355.66,42463,357537
600000,77,536731.0,55671,368.71,63269,536731
800000,77,715683.0,69670,438.89,84317,715683
1000000,77,894479.0,80824,498.71,105521,894479
2,78,2.0,1,0.09,0,2
3,78,3.0,2,0.1,0,3
100,78,89.0,68,3.31,11,89
200,78,171.0,121,5.55,29,171
2000,78,1779.0,782,31.09,221,1779
10000,78,8915.0,3148,71.54,1085,8915
20000,78,17810.0,4658,91.15,2190,17810
40000,78,35602.0,10885,129.57,4398,35602
60000,78,53529.0,12924,149.58,6471,53529
80000,78,71459.0,14626,159.17,8541,71459
100000,78,89347.0,15090,163.74,10653,89347
200000,78,178804.0,19549,198.0,21196,178804
400000,78,357791.0,54688,383.87,42209,357791
600000,78,536482.0,59756,413.08,63518,536482
800000,78,715310.0,62238,427.11,84690,715310
1000000,78,894382.0,62598,432.6,105618,894382
2,79,2.0,1,0.09,0,2
3,79,3.0,2,0.1,0,3
100,79,92.0,69,3.4,8,92
200,79,184.0,130,6.05,16,184
2000,79,1764.0,1187,32.48,236,1764
10000,79,8830.0,4668,68.61,1170,8830
20000,79,17805.0,7910,98.5,2195,17805
40000,79,35656.0,15722,149.8,4344,35656
60000,79,53480.0,22754,190.72,6520,53480
80000,79,71382.0,23886,200.88,8618,71382
100000,79,89261.0,27129,219.43,10739,89261
200000,79,178686.0,31430,253.81,21314,178686
400000,79,357517.0,43816,332.12,42483,357517
600000,79,536466.0,44713,337.5,63534,536466
800000,79,715329.0,47282,351.7,84671,715329
1000000,79,894176.0,49595,363.44,105824,894176
2,80,2.0,1,0.09,0,2
3,80,2.0,2,0.1,1,2
100,80,89.0,65,3.02,11,89
200,80,178.0,128,5.86,22,178
2000,80,1760.0,1218,33.0,240,1760
10000,80,8872.0,5874,78.69,1128,8872
20000,80,17825.0,9326,103.15,2175,17825
40000,80,35602.0,16964,149.44,4398,35602
60000,80,53517.0,19400,165.94,6483,53517
80000,80,71381.0,23285,187.88,8619,71381
100000,80,89245.0,26522,207.67,10755,89245
200000,80,178847.0,33853,247.38,21153,178847
400000,80,357908.0,42479,295.01,42092,357908
600000,80,536800.0,52874,360.67,63200,536800
800000,80,715634.0,59272,393.65,84366,715634
1000000,80,894599.0,65562,429.96,105401,894599
2,81,2.0,1,0.09,0,2
3,81,3.0,2,0.1,0,3
100,81,85.0,65,3.11,15,85
200,81,176.0,131,6.23,24,176
2000,81,1779.0,1257,34.45,221,1779
10000,81,8894.0,4502,71.02,1106,8894
20000,81,17833.0,7390,98.51,2167,17833
40000,81,35646.0,13194,142.11,4354,35646
60000,81,53442.0,18782,174.91,6558,53442
80000,81,71312.0,23780,209.44,8688,71312
100000,81,89183.0,26007,221.47,10817,89183
200000,81,178562.0,43917,317.23,21438,178562
400000,81,357598.0,60095,401.99,42402,357598
600000,81,536403.0,73734,474.33,63597,536403
800000,81,715350.0,76085,487.16,84650,715350
1000000,81,894173.0,82108,523.94,105827,894173
2,82,2.0,1,0.09,0,2
3,82,3.0,2,0.1,0,3
100,82,84.0,66,3.39,16,84
200,82,168.0,129,6.31,32,168
2000,82,1746.0,964,29.39,254,1746
10000,82,8887.0,3932,60.52,1113,8887
20000,82,17789.0,7364,82.27,2211,17789
40000,82,35673.0,10223,99.89,4327,35673
60000,82,53524.0,14694,131.52,6476,53524
80000,82,71453.0,15016,134.21,8547,71453
100000,82,89334.0,16123,140.1,10666,89334
200000,82,178668.0,23792,190.42,21332,178668
400000,82,357795.0,25570,200.93,42205,357795
600000,82,536981.0,28687,217.23,63019,536981
800000,82,716145.0,28992,219.57,83855,716145
1000000,82,895268.0,29421,223.24,104732,895268
2,83,2.0,1,0.09,0,2
3,83,3.0,2,0.1,0,3
100,83,89.0,67,3.3,11,89
200,83,173.0,128,5.95,27,173
2000,83,1756.0,1129,33.54,244,1756
10000,83,8847.0,5499,77.62,1153,8847
20000,83,17820.0,8181,94.99,2180,17820
40000,83,35744.0,15589,138.15,4256,35744
60000,83,53648.0,22313,185.63,6352,53648
80000,83,71472.0,25949,209.12,8528,71472
100000,83,89402.0,27115,216.21,10598,89402
200000,83,178975.0,34080,259.59,21025,178975
400000,83,357939.0,41505,302.74,42061,357939
600000,83,536860.0,48363,339.64,63140,536860
800000,83,715824.0,49611,351.55,84176,715824
1000000,83,894821.0,50608,356.81,105179,894821
2,84,1.0,1,0.09,1,1
3,84,2.0,2,0.1,1,2
100,84,85.0,64,3.02,15,85
200,84,169.0,123,5.56,31,169
2000,84,1753.0,1173,24.04,247,1753
10000,84,8846.0,5040,62.19,1154,8846
20000,84,17740.0,10894,111.17,2260,17740
40000,84,35599.0,16967,146.48,4401,35599
60000,84,53444.0,22678,176.57,6556,53444
80000,84,71350.0,23412,181.41,8650,71350
100000,84,89227.0,25851,194.77,10773,89227
200000,84,178647.0,40956,274.17,21353,178647
400000,84,357715.0,64540,400.82,42285,357715
600000,84,536728.0,65312,406.75,63272,536728
800000,84,715604.0,75238,459.62,84396,715604
1000000,84,894499.0,77114,469.27,105501,894499
2,85,1.0,1,0.09,1,1
3,85,2.0,2,0.1,1,2
100,85,88.0,66,3.3,12,88
200,85,177.0,134,6.25,23,177
2000,85,1763.0,1187,41.3,237,1763
10000,85,8844.0,4427,105.83,1156,8844
20000,85,17718.0,8180,137.83,2282,17718
40000,85,35502.0,14334,180.84,4498,35502
60000,85,53271.0,26368,246.41,6729,53271
80000,85,71210.0,26381,247.37,8790,71210
100000,85,89086.0,26814,253.41,10914,89086
200000,85,178342.0,33530,299.41,21658,178342
400000,85,357432.0,47094,377.31,42568,357432
600000,85,536586.0,48712,385.94,63414,536586
800000,85,715633.0,48731,387.74,84367,715633
1000000,85,894657.0,49126,391.25,105343,894657
2,86,2.0,1,0.09,0,2
3,86,3.0,2,0.1,0,3
100,86,91.0,66,3.3,9,91
200,86,183.0,131,6.41,17,183
2000,86,1765.0,1357,42.79,235,1765
10000,86,8885.0,5970,91.23,1115,8885
20000,86,17823.0,9210,113.55,2177,17823
40000,86,35639.0,20547,187.42,4361,35639
60000,86,53441.0,30258,243.18,6559,53441
80000,86,71252.0,37742,290.23,8748,71252
100000,86,89072.0,41118,312.15,10928,89072
200000,86,178614.0,46575,343.75,21386,178614
400000,86,357319.0,81585,530.05,42681,357319
600000,86,536303.0,97798,612.56,63697,536303
800000,86,715291.0,102979,643.95,84709,715291
1000000,86,894231.0,106345,662.94,105769,894231
2,87,2.0,1,0.09,0,2
3,87,2.0,2,0.1,1,2
100,87,82.0,63,2.92,18,82
200,87,169.0,122,5.38,31,169
2000,87,1752.0,878,27.07,248,1752
10000,87,8870.0,3596,68.83,1130,8870
20000,87,17816.0,6826,93.62,2184,17816
40000,87,35649.0,13445,135.08,4351,35649
60000,87,53576.0,15012,147.24,6424,53576
80000,87,71415.0,23585,200.63,8585,71415
100000,87,89256.0,30000,237.03,10744,89256
200000,87,178655.0,44294,315.16,21345,178655
400000,87,357367.0,54822,373.56,42633,357367
600000,87,536492.0,75106,477.95,63508,536492
800000,87,715644.0,75109,478.23,84356,715644
1000000,87,894364.0,81846,517.59,105636,894364
2,88,2.0,1,0.09,0,2
3,88,3.0,2,0.1,0,3
100,88,87.0,66,3.3,13,87
200,88,173.0,138,7.08,27,173
2000,88,1724.0,1153,35.56,276,1724
10000,88,8861.0,4549,64.96,1139,8861
20000,88,17799.0,7461,93.19,2201,17799
40000,88,35606.0,11673,121.9,4394,35606
60000,88,53539.0,12851,132.74,6461,53539
80000,88,71360.0,16725,155.89,8640,71360
100000,88,89236.0,18994,167.42,10764,89236
200000,88,178839.0,20312,177.43,21161,178839
400000,88,357562.0,55622,356.59,42438,357562
600000,88,536664.0,70112,431.29,63336,536664
800000,88,715414.0,82539,495.04,84586,715414
1000000,88,894592.0,82991,498.56,105408,894592
2,89,2.0,1,0.09,0,2
3,89,2.0,2,0.1,1,2
100,89,86.0,66,3.21,14,86
200,89,170.0,130,6.14,30,170
2000,89,1754.0,1297,32.67,246,1754
10000,89,8864.0,5763,83.26,1136,8864
20000,89,17769.0,9771,113.65,2231,17769
40000,89,35620.0,17724,162.78,4380,35620
60000,89,53457.0,23782,199.28,6543,53457
80000,89,71264.0,35109,258.61,8736,71264
100000,89,89077.0,38431,280.62,10923,89077
200000,89,178574.0,46254,326.04,21426,178574
400000,89,357591.0,53289,367.69,42409,357591
600000,89,536411.0,62504,418.0,63589,536411
800000,89,715498.0,74038,476.57,84502,715498
1000000,89,894733.0,74040,476.76,105267,894733
2,90,2.0,1,0.09,0,2
3,90,3.0,2,0.1,0,3
100,90,90.0,66,3.21,10,90
200,90,180.0,129,6.13,20,180
2000,90,1749.0,1089,42.35,251,1749
10000,90,8868.0,3494,87.31,1132,8868
20000,90,17792.0,5271,101.23,2208,17792
40000,90,35643.0,10057,138.75,4357,35643
60000,90,53495.0,13528,161.87,6505,53495
80000,90,71352.0,15198,176.25,8648,71352
100000,90,89297.0,15267,177.49,10703,89297
200000,90,178731.0,19731,205.84,21269,178731
400000,90,357765.0,25966,239.45,42235,357765
600000,90,536730.0,26819,247.13,63270,536730
800000,90,715744.0,29817,262.66,84256,715744
1000000,90,894441.0,44929,340.74,105559,894441
2,91,2.0,1,0.09,0,2
3,91,3.0,2,0.1,0,3
100,91,84.0,68,3.4,16,84
200,91,169.0,139,6.81,31,169
2000,91,1733.0,1205,32.3,267,1733
10000,91,8843.0,3827,78.08,1157,8843
20000,91,17774.0,7533,103.72,2226,17774
40000,91,35694.0,11325,125.83,4306,35694
60000,91,53582.0,12853,136.35,6418,53582
80000,91,71437.0,13656,143.79,8563,71437
100000,91,89331.0,14442,148.98,10669,89331
200000,91,178863.0,23536,198.95,21137,178863
400000,91,357810.0,29153,229.28,42190,357810
600000,91,536669.0,42601,301.2,63331,536669
800000,91,715568.0,50656,352.1,84432,715568
1000000,91,894481.0,66810,433.95,105519,894481
2,92,1.0,1,0.09,1,1
3,92,1.0,2,0.1,2,1
100,92,83.0,63,2.74,17,83
200,92,168.0,132,5.97,32,168
2000,92,1745.0,1096,37.34,255,1745
10000,92,8872.0,4360,79.4,1128,8872
20000,92,17742.0,7717,103.02,2258,17742
40000,92,35576.0,13345,137.82,4424,35576
60000,92,53485.0,15031,150.03,6515,53485
80000,92,71331.0,15817,157.02,8669,71331
100000,92,89148.0,18885,173.08,10852,89148
200000,92,178709.0,20886,186.78,21291,178709
400000,92,357472.0,49585,338.73,42528,357472
600000,92,536549.0,56500,375.02,63451,536549
800000,92,715446.0,63571,413.61,84554,715446
1000000,92,894339.0,66572,430.24,105661,894339
2,93,2.0,1,0.09,0,2
3,93,3.0,2,0.1,0,3
100,93,88.0,65,3.11,12,88
200,93,178.0,130,5.87,22,178
2000,93,1787.0,1235,33.71,213,1787
10000,93,8921.0,5331,76.96,1079,8921
20000,93,17858.0,8938,104.54,2142,17858
40000,93,35708.0,17279,150.74,4292,35708
60000,93,53481.0,23503,186.81,6519,53481
80000,93,71348.0,30142,220.82,8652,71348
100000,93,89270.0,34373,242.96,10730,89270
200000,93,178777.0,48976,319.49,21223,178777
400000,93,357451.0,63827,412.19,42549,357451
600000,93,536457.0,68501,438.26,63543,536457
800000,93,715420.0,71279,453.05,84580,715420
1000000,93,894705.0,71301,454.33,105295,894705
2,94,2.0,1,0.09,0,2
3,94,3.0,2,0.1,0,3
100,94,89.0,66,3.3,11,89
200,94,176.0,129,6.49,24,176
2000,94,1751.0,1056,42.99,249,1751
10000,94,8894.0,5483,88.34,1106,8894
20000,94,17809.0,9277,113.43,2191,17809
40000,94,35660.0,13487,145.91,4340,35660
60000,94,53495.0,19208,176.14,6505,53495
80000,94,71368.0,23842,203.0,8632,71368
100000,94,89260.0,29536,234.26,10740,89260
200000,94,178814.0,37022,275.2,21186,178814
400000,94,357677.0,73774,464.45,42323,357677
600000,94,536746.0,86615,529.55,63254,536746
800000,94,715822.0,92577,559.99,84178,715822
1000000,94,895028.0,93845,568.58,104972,895028
2,95,2.0,1,0.09,0,2
3,95,3.0,2,0.1,0,3
100,95,83.0,64,3.38,17,83
200,95,170.0,128,6.67,30,170
2000,95,1764.0,1171,41.14,236,1764
10000,95,8854.0,5579,95.57,1146,8854
20000,95,17743.0,11284,140.03,2257,17743
40000,95,35595.0,16055,171.71,4405,35595
60000,95,53453.0,19126,190.22,6547,53453
80000,95,71302.0,24007,218.04,8698,71302
100000,95,89182.0,27729,245.83,10818,89182
200000,95,178532.0,47722,360.47,21468,178532
400000,95,357225.0,61170,431.94,42775,357225
600000,95,536380.0,61542,439.02,63620,536380
800000,95,715196.0,63830,451.09,84804,715196
1000000,95,894173.0,87675,571.21,105827,894173
2,96,2.0,1,0.09,0,2
3,96,3.0,2,0.1,0,3
100,96,86.0,64,2.93,14,86
200,96,172.0,127,5.94,28,172
2000,96,1759.0,1191,33.13,241,1759
10000,96,8879.0,5777,76.32,1121,8879
20000,96,17811.0,10387,106.65,2189,17811
40000,96,35606.0,15423,142.27,4394,35606
60000,96,53510.0,20640,170.07,6490,53510
80000,96,71335.0,29751,216.97,8665,71335
100000,96,89131.0,36392,253.33,10869,89131
200000,96,178472.0,39801,276.04,21528,178472
400000,96,357712.0,40123,281.25,42288,357712
600000,96,536685.0,51236,338.98,63315,536685
800000,96,715429.0,57168,370.08,84571,715429
1000000,96,894706.0,57289,370.95,105294,894706
2,97,2.0,1,0.09,0,2
3,97,3.0,2,0.1,0,3
100,97,86.0,65,3.02,14,86
200,97,165.0,122,5.65,35,165
2000,97,1748.0,1068,28.65,252,1748
10000,97,8840.0,3700,64.94,1160,8840
20000,97,17733.0,7760,92.98,2267,17733
40000,97,35586.0,11853,122.17,4414,35586
60000,97,53571.0,13094,129.64,6429,53571
80000,97,71434.0,16120,146.84,8566,71434
100000,97,89249.0,18517,160.17,10751,89249
200000,97,178594.0,24002,196.24,21406,178594
400000,97,357641.0,34805,256.01,42359,357641
600000,97,536679.0,42646,296.66,63321,536679
800000,97,715859.0,52727,348.05,84141,715859
1000000,97,894885.0,54665,360.62,105115,894885
2,98,1.0,1,0.09,1,1
3,98,2.0,2,0.1,1,2
100,98,90.0,65,3.2,10,90
200,98,175.0,129,5.59,25,175
2000,98,1737.0,1116,28.26,263,1737
10000,98,8842.0,3926,60.13,1158,8842
20000,98,17785.0,8088,93.99,2215,17785
40000,98,35632.0,16180,143.99,4368,35632
60000,98,53480.0,20515,169.98,6520,53480
80000,98,71351.0,26901,202.72,8649,71351
100000,98,89178.0,35554,246.62,10822,89178
200000,98,178775.0,40046,271.24,21225,178775
400000,98,357549.0,67813,418.17,42451,357549
600000,98,536705.0,70538,434.77,63295,536705
800000,98,715604.0,78511,478.68,84396,715604
1000000,98,894474.0,87942,528.18,105526,894474
2,99,1.0,1,0.09,1,1
3,99,2.0,2,0.1,1,2
100,99,81.0,62,2.56,19,81
200,99,169.0,126,5.4,31,169
2000,99,1768.0,1093,28.95,232,1768
10000,99,8885.0,6106,69.5,1115,8885
20000,99,17766.0,11174,113.2,2234,17766
40000,99,35620.0,21511,174.24,4380,35620
60000,99,53563.0,26431,202.35,6437,53563
80000,99,71453.0,27084,207.6,8547,71453
100000,99,89327.0,33794,243.49,10673,89327
200000,99,178759.0,39917,284.0,21241,178759
400000,99,357695.0,52717,350.16,42305,357695
600000,99,536508.0,73827,456.52,63492,536508
800000,99,715556.0,75239,464.3,84444,715556
1000000,99,894582.0,75848,467.53,105418,894582
2,100,2.0,1,0.09,0,2
3,100,3.0,2,0.1,0,3
100,100,89.0,66,3.3,11,89
200,100,180.0,129,5.95,20,180
2000,100,1778.0,1149,27.61,222,1778
10000,100,8906.0,6414,85.26,1094,8906
20000,100,17805.0,9714,108.15,2195,17805
40000,100,35658.0,16507,150.39,4342,35658
60000,100,53557.0,21116,178.84,6443,53557
80000,100,71487.0,29650,221.87,8513,71487
100000,100,89348.0,33986,254.53,10652,89348
200000,100,178721.0,46901,325.67,21279,178721
400000,100,357608.0,66121,432.93,42392,357608
600000,100,536407.0,108745,649.29,63593,536407
800000,100,715482.0,116203,688.74,84518,715482
1000000,100,894361.0,120111,708.46,105639,894361
