Timestep,Iteration,Total Reward,Suboptimal Arms,Total Regret,Zeros Count,Ones Count
2,1,2.0,2,0.06,0,2
3,1,3.0,2,0.06,0,3
100,1,93.0,66,1.9,7,93
200,1,180.0,129,3.41,20,180
2000,1,1801.0,1063,27.55,199,1801
10000,1,8988.0,4138,74.34,1012,8988
20000,1,17972.0,8539,121.71,2028,17972
40000,1,35877.0,12523,172.95,4123,35877
60000,1,53796.0,15789,207.89,6204,53796
80000,1,71825.0,16563,219.15,8175,71825
100000,1,89856.0,18475,250.87,10144,89856
200000,1,179687.0,24099,311.55,20313,179687
400000,1,359892.0,35560,428.08,40108,359892
600000,1,539564.0,41213,485.89,60436,539564
800000,1,719580.0,42638,500.46,80420,719580
1000000,1,899521.0,43766,514.14,100479,899521
2,2,1.0,2,0.06,1,1
3,2,2.0,2,0.06,1,2
100,2,89.0,68,1.56,11,89
200,2,178.0,133,3.05,22,178
2000,2,1781.0,1362,24.26,219,1781
10000,2,8927.0,4129,61.17,1073,8927
20000,2,17880.0,8330,106.22,2120,17880
40000,2,35813.0,11965,165.85,4187,35813
60000,2,53787.0,14881,195.65,6213,53787
80000,2,71773.0,17804,225.36,8227,71773
100000,2,89780.0,18870,236.26,10220,89780
200000,2,179720.0,24379,294.11,20280,179720
400000,2,359668.0,27100,333.96,40332,359668
600000,2,539511.0,30558,369.02,60489,539511
800000,2,719378.0,31563,379.47,80622,719378
1000000,2,899310.0,32102,384.98,100690,899310
2,3,2.0,2,0.06,0,2
3,3,3.0,2,0.06,0,3
100,3,86.0,63,1.71,14,86
200,3,177.0,122,2.98,23,177
2000,3,1787.0,1235,26.71,213,1787
10000,3,8951.0,4015,73.35,1049,8951
20000,3,17949.0,6491,101.15,2051,17949
40000,3,35922.0,8182,120.06,4078,35922
60000,3,53825.0,9793,153.57,6175,53825
80000,3,71777.0,19928,256.16,8223,71777
100000,3,89877.0,20859,265.59,10123,89877
200000,3,179827.0,27659,341.47,20173,179827
400000,3,359706.0,31706,386.02,40294,359706
600000,3,539679.0,37314,442.86,60321,539679
800000,3,719784.0,40942,479.34,80216,719784
1000000,3,899538.0,45228,522.96,100462,899538
2,4,2.0,2,0.06,0,2
3,4,3.0,2,0.06,0,3
100,4,84.0,58,2.14,16,84
200,4,174.0,116,3.64,26,174
2000,4,1789.0,1338,28.46,211,1789
10000,4,8972.0,5219,79.03,1028,8972
20000,4,17952.0,10019,128.91,2048,17952
40000,4,35839.0,16041,198.25,4161,35839
60000,4,53816.0,19707,240.31,6184,53816
80000,4,71831.0,21479,259.27,8169,71831
100000,4,89826.0,23306,278.06,10174,89826
200000,4,179806.0,28448,332.84,20194,179806
400000,4,359903.0,32013,369.09,40097,359903
600000,4,539947.0,35846,407.5,60053,539947
800000,4,720268.0,36531,414.35,79732,720268
1000000,4,900118.0,37658,426.42,99882,900118
2,5,2.0,2,0.06,0,2
3,5,3.0,2,0.06,0,3
100,5,91.0,63,1.91,9,91
200,5,185.0,133,3.53,15,185
2000,5,1780.0,1207,25.83,220,1780
10000,5,8910.0,4693,77.21,1090,8910
20000,5,17881.0,7118,102.82,2119,17881
40000,5,35895.0,12525,160.57,4105,35895
60000,5,53870.0,13770,173.58,6130,53870
80000,5,71856.0,14817,187.09,8144,71856
100000,5,89897.0,16645,205.45,10103,89897
200000,5,179652.0,23668,288.4,20348,179652
400000,5,359568.0,29043,345.35,40432,359568
600000,5,539480.0,31175,366.79,60520,539480
800000,5,719329.0,38331,438.35,80671,719329
1000000,5,899331.0,40691,462.35,100669,899331
2,6,1.0,2,0.06,1,1
3,6,2.0,2,0.06,1,2
100,6,90.0,61,1.57,10,90
200,6,175.0,120,2.56,25,175
2000,6,1769.0,933,16.21,231,1769
10000,6,8924.0,3765,61.81,1076,8924
20000,6,17839.0,8526,133.34,2161,17839
40000,6,35791.0,11747,168.79,4209,35791
60000,6,53782.0,13242,194.3,6218,53782
80000,6,71784.0,15524,227.76,8216,71784
100000,6,89781.0,15801,230.77,10219,89781
200000,6,179646.0,25214,327.34,20354,179646
400000,6,359446.0,29543,372.63,40554,359446
600000,6,539527.0,33301,410.69,60473,539527
800000,6,719578.0,33648,415.68,80422,719578
1000000,6,899566.0,39233,471.69,100434,899566
2,7,2.0,2,0.06,0,2
3,7,3.0,2,0.06,0,3
100,7,87.0,58,1.54,13,87
200,7,172.0,108,2.72,28,172
2000,7,1767.0,717,13.77,233,1767
10000,7,8943.0,3043,44.03,1057,8943
20000,7,17842.0,5712,81.04,2158,17842
40000,7,35820.0,8670,113.38,4180,35820
60000,7,53842.0,9413,121.37,6158,53842
80000,7,71846.0,9993,130.97,8154,71846
100000,7,89838.0,10670,139.22,10162,89838
200000,7,179821.0,13365,168.37,20179,179821
400000,7,359844.0,15049,186.37,40156,359844
600000,7,540025.0,15473,190.65,59975,540025
800000,7,720143.0,15731,193.23,79857,720143
1000000,7,900197.0,15803,194.47,99803,900197
2,8,2.0,2,0.06,0,2
3,8,3.0,2,0.06,0,3
100,8,89.0,54,1.46,11,89
200,8,177.0,117,3.37,23,177
2000,8,1794.0,1017,21.09,206,1794
10000,8,8981.0,4533,67.49,1019,8981
20000,8,17918.0,7356,96.76,2082,17918
40000,8,35923.0,12182,146.38,4077,35923
60000,8,53865.0,17271,200.63,6135,53865
80000,8,71890.0,19946,227.54,8110,71890
100000,8,89883.0,22058,256.3,10117,89883
200000,8,179713.0,25950,296.94,20287,179713
400000,8,359838.0,32323,360.83,40162,359838
600000,8,539882.0,32863,366.35,60118,539882
800000,8,719979.0,34029,378.01,80021,719979
1000000,8,900047.0,35022,388.06,99953,900047
2,9,2.0,2,0.06,0,2
3,9,3.0,2,0.06,0,3
100,9,87.0,75,2.03,13,87
200,9,176.0,132,3.2,24,176
2000,9,1760.0,934,22.62,240,1760
10000,9,8856.0,3701,60.97,1144,8856
20000,9,17812.0,5821,93.21,2188,17812
40000,9,35749.0,7436,129.52,4251,35749
60000,9,53676.0,13736,194.84,6324,53676
80000,9,71668.0,13886,196.42,8332,71668
100000,9,89564.0,14935,208.27,10436,89564
200000,9,179507.0,22234,281.58,20493,179507
400000,9,359469.0,24866,310.38,40531,359469
600000,9,539654.0,24966,311.46,60346,539654
800000,9,719603.0,25766,319.46,80397,719603
1000000,9,899555.0,28686,348.78,100445,899555
2,10,2.0,2,0.06,0,2
3,10,3.0,2,0.06,0,3
100,10,88.0,54,0.86,12,88
200,10,180.0,119,2.63,20,180
2000,10,1772.0,913,22.73,228,1772
10000,10,8961.0,3657,76.65,1039,8961
20000,10,17941.0,5660,110.88,2059,17941
40000,10,35899.0,9704,160.2,4101,35899
60000,10,53850.0,13765,203.09,6150,53850
80000,10,71750.0,16820,236.76,8250,71750
100000,10,89736.0,17763,246.31,10264,89736
200000,10,179563.0,26232,337.96,20437,179563
400000,10,359225.0,38742,464.1,40775,359225
600000,10,539302.0,39453,471.73,60698,539302
800000,10,719367.0,39531,472.59,80633,719367
1000000,10,899330.0,39950,476.78,100670,899330
2,11,2.0,2,0.06,0,2
3,11,3.0,2,0.06,0,3
100,11,86.0,54,1.58,14,86
200,11,176.0,111,2.75,24,176
2000,11,1754.0,1116,37.96,246,1754
10000,11,8847.0,3740,90.32,1153,8847
20000,11,17828.0,6047,115.59,2172,17828
40000,11,35740.0,10732,184.0,4260,35740
60000,11,53743.0,12487,203.75,6257,53743
80000,11,71703.0,14974,235.94,8297,71703
100000,11,89714.0,15387,240.39,10286,89714
200000,11,179662.0,23181,325.09,20338,179662
400000,11,359655.0,24296,337.52,40345,359655
600000,11,539869.0,24616,340.8,60131,539869
800000,11,719932.0,29390,393.22,80068,719932
1000000,11,899785.0,29707,396.99,100215,899785
2,12,2.0,2,0.06,0,2
3,12,3.0,2,0.06,0,3
100,12,87.0,64,2.08,13,87
200,12,179.0,111,3.83,21,179
2000,12,1782.0,1222,27.1,218,1782
10000,12,8971.0,4099,71.27,1029,8971
20000,12,17981.0,6435,96.23,2019,17981
40000,12,35965.0,10959,145.95,4035,35965
60000,12,53913.0,13588,176.4,6087,53913
80000,12,71846.0,15663,197.43,8154,71846
100000,12,89855.0,18984,230.68,10145,89855
200000,12,179768.0,24842,291.22,20232,179768
400000,12,359828.0,26498,309.02,40172,359828
600000,12,539990.0,32316,367.36,60010,539990
800000,12,720099.0,34551,389.79,79901,720099
1000000,12,900203.0,35811,402.39,99797,900203
2,13,2.0,2,0.06,0,2
3,13,2.0,2,0.06,1,2
100,13,94.0,64,1.84,6,94
200,13,179.0,106,2.7,21,179
2000,13,1779.0,1055,26.55,221,1779
10000,13,8908.0,4278,75.02,1092,8908
20000,13,17825.0,6163,99.51,2175,17825
40000,13,35796.0,11948,162.36,4204,35796
60000,13,53786.0,15138,194.98,6214,53786
80000,13,71860.0,15142,195.1,8140,71860
100000,13,89836.0,16251,206.23,10164,89836
200000,13,179703.0,23306,281.66,20297,179703
400000,13,359933.0,25719,309.19,40067,359933
600000,13,539914.0,27851,330.55,60086,539914
800000,13,720007.0,29367,345.75,79993,720007
1000000,13,900135.0,29976,351.84,99865,900135
2,14,2.0,2,0.06,0,2
3,14,3.0,2,0.06,0,3
100,14,90.0,68,2.32,10,90
200,14,177.0,125,4.05,23,177
2000,14,1786.0,854,20.98,214,1786
10000,14,8959.0,3621,61.61,1041,8959
20000,14,17958.0,5456,81.6,2042,17958
40000,14,35881.0,7913,108.05,4119,35881
60000,14,53809.0,9259,123.75,6191,53809
80000,14,71841.0,9437,125.57,8159,71841
100000,14,89817.0,9801,129.29,10183,89817
200000,14,179825.0,15010,207.74,20175,179825
400000,14,359696.0,21473,276.29,40304,359696
600000,14,539612.0,26220,325.2,60388,539612
800000,14,719478.0,40332,466.32,80522,719478
1000000,14,899584.0,40642,469.62,100416,899584
2,15,2.0,2,0.06,0,2
3,15,3.0,2,0.06,0,3
100,15,89.0,66,1.82,11,89
200,15,176.0,149,4.09,24,176
2000,15,1781.0,1270,33.94,219,1781
10000,15,8951.0,3932,79.48,1049,8951
20000,15,17915.0,7407,135.23,2085,17915
40000,15,35786.0,12110,199.34,4214,35786
60000,15,53805.0,12605,207.69,6195,53805
80000,15,71733.0,15373,235.81,8267,71733
100000,15,89715.0,16876,251.08,10285,89715
200000,15,179533.0,19363,279.07,20467,179533
400000,15,359628.0,22874,334.34,40372,359628
600000,15,539652.0,23459,343.11,60348,539652
800000,15,719718.0,25019,359.99,80282,719718
1000000,15,899614.0,25448,364.44,100386,899614
2,16,2.0,2,0.06,0,2
3,16,3.0,2,0.06,0,3
100,16,93.0,66,1.9,7,93
200,16,177.0,144,4.24,23,177
2000,16,1789.0,1039,25.27,211,1789
10000,16,8927.0,3682,63.5,1073,8927
20000,16,17895.0,5750,90.46,2105,17895
40000,16,35873.0,10154,143.98,4127,35873
60000,16,53764.0,14354,190.58,6236,53764
80000,16,71711.0,17377,226.29,8289,71711
100000,16,89623.0,20702,260.9,10377,89623
200000,16,179611.0,29261,348.05,20389,179611
400000,16,359675.0,31182,367.78,40325,359675
600000,16,539500.0,33090,389.26,60500,539500
800000,16,719728.0,33135,389.71,80272,719728
1000000,16,899570.0,34023,398.63,100430,899570
2,17,1.0,2,0.06,1,1
3,17,2.0,2,0.06,1,2
100,17,90.0,52,1.44,10,90
200,17,177.0,107,2.95,23,177
2000,17,1765.0,784,17.8,235,1765
10000,17,8960.0,3566,53.86,1040,8960
20000,17,17923.0,6452,86.16,2077,17923
40000,17,35835.0,10783,131.07,4165,35835
60000,17,53845.0,12102,151.42,6155,53845
80000,17,71826.0,13351,164.43,8174,71826
100000,17,89819.0,14085,171.89,10181,89819
200000,17,179689.0,23396,268.32,20311,179689
400000,17,359751.0,27263,307.59,40249,359751
600000,17,539804.0,29422,329.3,60196,539804
800000,17,719982.0,30697,351.05,80018,719982
1000000,17,899854.0,35032,400.6,100146,899854
2,18,2.0,2,0.06,0,2
3,18,3.0,2,0.06,0,3
100,18,87.0,58,1.94,13,87
200,18,175.0,102,2.82,25,175
2000,18,1773.0,1099,20.99,227,1773
10000,18,8907.0,3120,62.76,1093,8907
20000,18,17886.0,4965,88.93,2114,17886
40000,18,35822.0,8190,123.3,4178,35822
60000,18,53736.0,10919,152.35,6264,53736
80000,18,71686.0,12378,175.14,8314,71686
100000,18,89697.0,12478,176.38,10303,89697
200000,18,179827.0,14393,197.69,20173,179827
400000,18,359828.0,25946,316.14,40172,359828
600000,18,540032.0,26850,325.54,59968,540032
800000,18,719911.0,29940,356.48,80089,719911
1000000,18,899934.0,30342,360.5,100066,899934
2,19,2.0,2,0.06,0,2
3,19,3.0,2,0.06,0,3
100,19,86.0,69,1.89,14,86
200,19,171.0,122,3.58,29,171
2000,19,1771.0,879,20.95,229,1771
10000,19,8908.0,4044,68.12,1092,8908
20000,19,17859.0,6354,93.02,2141,17859
40000,19,35800.0,10307,136.75,4200,35800
60000,19,53847.0,14367,177.35,6153,53847
80000,19,71761.0,19745,234.45,8239,71761
100000,19,89729.0,20786,245.14,10271,89729
200000,19,179608.0,30332,341.24,20392,179608
400000,19,359507.0,33887,377.19,40493,359507
600000,19,539570.0,35843,397.87,60430,539570
800000,19,719575.0,36242,401.9,80425,719575
1000000,19,899296.0,37583,415.31,100704,899296
2,20,2.0,2,0.06,0,2
3,20,3.0,2,0.06,0,3
100,20,83.0,63,1.59,17,83
200,20,174.0,136,3.48,26,174
2000,20,1759.0,1063,24.83,241,1759
10000,20,8937.0,2891,62.87,1063,8937
20000,20,17896.0,5511,101.27,2104,17896
40000,20,35867.0,7841,133.01,4133,35867
60000,20,53853.0,8606,143.26,6147,53853
80000,20,71806.0,10329,163.73,8194,71806
100000,20,89830.0,10621,167.61,10170,89830
200000,20,179555.0,23895,323.19,20445,179555
400000,20,359368.0,26237,349.37,40632,359368
600000,20,539321.0,29023,381.27,60679,539321
800000,20,719339.0,29506,386.1,80661,719339
1000000,20,899541.0,29515,386.19,100459,899541
2,21,2.0,2,0.06,0,2
3,21,3.0,2,0.06,0,3
100,21,89.0,62,1.9,11,89
200,21,174.0,125,3.85,26,174
2000,21,1769.0,990,25.94,231,1769
10000,21,8929.0,2858,55.78,1071,8929
20000,21,17942.0,4293,72.69,2058,17942
40000,21,35915.0,9497,132.81,4085,35915
60000,21,53833.0,11768,162.0,6167,53833
80000,21,71811.0,12232,166.72,8189,71811
100000,21,89768.0,13204,177.68,10232,89768
200000,21,179710.0,16704,218.0,20290,179710
400000,21,359586.0,17853,232.69,40414,359586
600000,21,539723.0,18311,237.35,60277,539723
800000,21,719861.0,18430,238.54,80139,719861
1000000,21,900016.0,18561,242.93,99984,900016
2,22,1.0,2,0.06,1,1
3,22,2.0,2,0.06,1,2
100,22,90.0,60,1.64,10,90
200,22,174.0,114,2.86,26,174
2000,22,1768.0,1284,26.92,232,1768
10000,22,8885.0,5335,94.19,1115,8885
20000,22,17796.0,9005,143.05,2204,17796
40000,22,35806.0,11781,173.09,4194,35806
60000,22,53835.0,16049,216.89,6165,53835
80000,22,71847.0,16598,223.54,8153,71847
100000,22,89877.0,16861,226.25,10123,89877
200000,22,179953.0,21699,275.43,20047,179953
400000,22,359814.0,30013,359.09,40186,359814
600000,22,539737.0,31448,386.2,60263,539737
800000,22,719688.0,32970,401.54,80312,719688
1000000,22,899720.0,33402,407.66,100280,899720
2,23,2.0,2,0.06,0,2
3,23,3.0,2,0.06,0,3
100,23,89.0,80,2.24,11,89
200,23,178.0,157,4.01,22,178
2000,23,1767.0,1247,22.75,233,1767
10000,23,8954.0,3992,65.04,1046,8954
20000,23,17892.0,6094,92.3,2108,17892
40000,23,35914.0,9601,127.81,4086,35914
60000,23,53879.0,12365,165.65,6121,53879
80000,23,71803.0,16705,210.33,8197,71803
100000,23,89747.0,19906,242.46,10253,89747
200000,23,179760.0,26405,308.25,20240,179760
400000,23,359764.0,34492,391.16,40236,359764
600000,23,539793.0,35914,405.42,60207,539793
800000,23,719942.0,36968,415.96,80058,719942
1000000,23,899819.0,37733,424.33,100181,899819
2,24,2.0,2,0.06,0,2
3,24,3.0,2,0.06,0,3
100,24,87.0,65,1.65,13,87
200,24,175.0,121,3.29,25,175
2000,24,1758.0,1185,21.89,242,1758
10000,24,8860.0,4064,87.96,1140,8860
20000,24,17835.0,6788,121.84,2165,17835
40000,24,35712.0,12281,187.01,4288,35712
60000,24,53703.0,13683,202.67,6297,53703
80000,24,71679.0,14730,216.42,8321,71679
100000,24,89690.0,15091,233.07,10310,89690
200000,24,179706.0,16979,252.79,20294,179706
400000,24,359749.0,24911,334.47,40251,359749
600000,24,539766.0,25589,341.65,60234,539766
800000,24,719800.0,27978,366.02,80200,719800
1000000,24,899912.0,29812,384.4,100088,899912
2,25,2.0,2,0.06,0,2
3,25,3.0,2,0.06,0,3
100,25,87.0,73,1.85,13,87
200,25,173.0,138,3.5,27,173
2000,25,1764.0,1083,28.27,236,1764
10000,25,8902.0,5111,81.79,1098,8902
20000,25,17903.0,6444,102.08,2097,17903
40000,25,35844.0,11874,159.18,4156,35844
60000,25,53818.0,15146,193.9,6182,53818
80000,25,71759.0,20414,247.1,8241,71759
100000,25,89751.0,21583,259.91,10249,89751
200000,25,179752.0,24335,294.95,20248,179752
400000,25,359734.0,28264,334.52,40266,359734
600000,25,539846.0,31659,368.55,60154,539846
800000,25,719746.0,38780,439.84,80254,719746
1000000,25,899684.0,41531,469.07,100316,899684
2,26,2.0,2,0.06,0,2
3,26,3.0,2,0.06,0,3
100,26,91.0,67,1.87,9,91
200,26,180.0,140,3.48,20,180
2000,26,1788.0,1176,25.56,212,1788
10000,26,8948.0,5240,80.4,1052,8948
20000,26,17962.0,7173,101.57,2038,17962
40000,26,35988.0,10204,135.96,4012,35988
60000,26,53988.0,12123,157.15,6012,53988
80000,26,71935.0,14829,192.85,8065,71935
100000,26,89889.0,17426,221.7,10111,89889
200000,26,179767.0,27921,338.25,20233,179767
400000,26,359777.0,34134,400.62,40223,359777
600000,26,539752.0,37525,434.73,60248,539752
800000,26,719859.0,38505,444.65,80141,719859
1000000,26,899829.0,39402,453.62,100171,899829
2,27,2.0,2,0.06,0,2
3,27,3.0,2,0.06,0,3
100,27,89.0,69,2.21,11,89
200,27,174.0,145,3.85,26,174
2000,27,1790.0,1345,33.89,210,1790
10000,27,8916.0,4951,102.39,1084,8916
20000,27,17903.0,6779,131.63,2097,17903
40000,27,35859.0,12037,194.37,4141,35859
60000,27,53809.0,13095,207.51,6191,53809
80000,27,71811.0,13517,213.97,8189,71811
100000,27,89814.0,14347,222.67,10186,89814
200000,27,179713.0,17860,260.48,20287,179713
400000,27,359609.0,24532,329.04,40391,359609
600000,27,539733.0,28668,372.12,60267,539733
800000,27,719672.0,29355,379.43,80328,719672
1000000,27,899657.0,29950,385.66,100343,899657
2,28,2.0,2,0.06,0,2
3,28,3.0,2,0.06,0,3
100,28,88.0,76,2.24,12,88
200,28,178.0,134,4.02,22,178
2000,28,1778.0,1332,28.2,222,1778
10000,28,8975.0,4905,82.73,1025,8975
20000,28,17923.0,8127,130.75,2077,17923
40000,28,35849.0,12521,188.97,4151,35849
60000,28,53845.0,16043,229.83,6155,53845
80000,28,71729.0,19469,268.53,8271,71729
100000,28,89805.0,19771,272.23,10195,89805
200000,28,179845.0,26728,344.8,20155,179845
400000,28,359566.0,36863,457.39,40434,359566
600000,28,539466.0,39661,487.05,60534,539466
800000,28,719310.0,42350,519.02,80690,719310
1000000,28,899153.0,44521,540.97,100847,899153
2,29,2.0,2,0.06,0,2
3,29,3.0,2,0.06,0,3
100,29,79.0,46,1.18,21,79
200,29,162.0,98,2.62,38,162
2000,29,1747.0,1312,29.4,253,1747
10000,29,8948.0,4253,67.69,1052,8948
20000,29,17856.0,7822,127.58,2144,17856
40000,29,35748.0,12426,178.18,4252,35748
60000,29,53668.0,14369,198.89,6332,53668
80000,29,71522.0,17379,230.91,8478,71522
100000,29,89562.0,17491,232.55,10438,89562
200000,29,179328.0,21152,283.04,20672,179328
400000,29,359406.0,21556,287.28,40594,359406
600000,29,539398.0,21679,288.51,60602,539398
800000,29,719345.0,23253,304.37,80655,719345
1000000,29,899171.0,23485,306.81,100829,899171
2,30,2.0,2,0.06,0,2
3,30,3.0,2,0.06,0,3
100,30,88.0,61,1.81,12,88
200,30,176.0,114,3.06,24,176
2000,30,1792.0,1005,26.97,208,1792
10000,30,8896.0,4419,96.23,1104,8896
20000,30,17809.0,7551,142.75,2191,17809
40000,30,35786.0,12613,194.69,4214,35786
60000,30,53743.0,13782,211.62,6257,53743
80000,30,71717.0,15012,225.68,8283,71717
100000,30,89703.0,16069,242.13,10297,89703
200000,30,179687.0,18672,269.84,20313,179687
400000,30,359791.0,33479,422.87,40209,359791
600000,30,539868.0,34907,437.39,60132,539868
800000,30,719832.0,35976,448.6,80168,719832
1000000,30,899613.0,37700,466.0,100387,899613
2,31,1.0,2,0.06,1,1
3,31,2.0,2,0.06,1,2
100,31,87.0,55,1.67,13,87
200,31,177.0,114,3.5,23,177
2000,31,1814.0,923,21.71,186,1814
10000,31,8981.0,4542,71.74,1019,8981
20000,31,17954.0,7050,109.74,2046,17954
40000,31,35959.0,9217,134.65,4041,35959
60000,31,53886.0,12988,181.4,6114,53886
80000,31,71863.0,15784,212.24,8137,71863
100000,31,89814.0,17940,235.64,10186,89814
200000,31,179720.0,26614,324.9,20280,179720
400000,31,359568.0,34233,403.33,40432,359568
600000,31,539662.0,37783,439.23,60338,539662
800000,31,719575.0,38349,446.69,80425,719575
1000000,31,899468.0,39420,457.4,100532,899468
2,32,2.0,2,0.06,0,2
3,32,3.0,2,0.06,0,3
100,32,80.0,83,2.11,20,80
200,32,162.0,130,3.06,38,162
2000,32,1755.0,808,19.2,245,1755
10000,32,8919.0,2105,45.13,1081,8919
20000,32,17924.0,3457,60.77,2076,17924
40000,32,35899.0,6518,92.54,4101,35899
60000,32,53873.0,7957,107.25,6127,53873
80000,32,71802.0,10736,135.24,8198,71802
100000,32,89792.0,12011,148.03,10208,89792
200000,32,179697.0,14004,168.08,20303,179697
400000,32,359895.0,14225,170.41,40105,359895
600000,32,539792.0,16064,192.44,60208,539792
800000,32,719621.0,27530,307.7,80379,719621
1000000,32,899565.0,30792,340.32,100435,899565
2,33,1.0,2,0.06,1,1
3,33,2.0,2,0.06,1,2
100,33,90.0,65,2.09,10,90
200,33,181.0,122,3.98,19,181
2000,33,1767.0,1289,30.85,233,1767
10000,33,8958.0,4796,86.76,1042,8958
20000,33,17926.0,8984,139.4,2074,17926
40000,33,35801.0,16684,238.2,4199,35801
60000,33,53741.0,20406,281.34,6259,53741
80000,33,71807.0,21321,290.53,8193,71807
100000,33,89769.0,23120,309.6,10231,89769
200000,33,179796.0,30529,385.53,20204,179796
400000,33,359671.0,36351,446.51,40329,359671
600000,33,539585.0,37190,456.62,60415,539585
800000,33,719539.0,39658,481.58,80461,719539
1000000,33,899510.0,42400,509.12,100490,899510
2,34,2.0,2,0.06,0,2
3,34,3.0,2,0.06,0,3
100,34,88.0,67,1.99,12,88
200,34,179.0,120,3.44,21,179
2000,34,1774.0,1151,24.83,226,1774
10000,34,8926.0,4650,95.78,1074,8926
20000,34,17854.0,8901,153.65,2146,17854
40000,34,35753.0,16881,246.69,4247,35753
60000,34,53647.0,19888,281.84,6353,53647
80000,34,71548.0,28050,365.34,8452,71548
100000,34,89569.0,28923,374.11,10431,89569
200000,34,179445.0,33614,423.7,20555,179445
400000,34,359208.0,40278,491.42,40792,359208
600000,34,539102.0,42139,510.35,60898,539102
800000,34,719002.0,42432,513.28,80998,719002
1000000,34,899089.0,42456,514.0,100911,899089
2,35,2.0,2,0.06,0,2
3,35,3.0,2,0.06,0,3
100,35,86.0,69,2.05,14,86
200,35,174.0,116,3.32,26,174
2000,35,1765.0,978,20.54,235,1765
10000,35,8945.0,4265,73.61,1055,8945
20000,35,17937.0,7135,106.15,2063,17937
40000,35,35819.0,11847,168.11,4181,35819
60000,35,53838.0,13552,190.0,6162,53838
80000,35,71719.0,14370,199.62,8281,71719
100000,35,89582.0,16803,224.71,10418,89582
200000,35,179500.0,17621,233.01,20500,179500
400000,35,359438.0,18188,240.0,40562,359438
600000,35,539506.0,18388,242.08,60494,539506
800000,35,719731.0,18388,242.08,80269,719731
1000000,35,899744.0,18389,242.09,100256,899744
2,36,2.0,2,0.06,0,2
3,36,3.0,2,0.06,0,3
100,36,92.0,64,1.84,8,92
200,36,182.0,144,4.08,18,182
2000,36,1779.0,894,24.74,221,1779
10000,36,8942.0,4409,85.69,1058,8942
20000,36,17896.0,6918,130.74,2104,17896
40000,36,35811.0,11174,185.34,4189,35811
60000,36,53736.0,13192,208.76,6264,53736
80000,36,71775.0,15162,228.9,8225,71775
100000,36,89774.0,15437,231.97,10226,89774
200000,36,179818.0,17539,270.19,20182,179818
400000,36,359849.0,21872,316.04,40151,359849
600000,36,540007.0,23486,332.78,59993,540007
800000,36,719991.0,25704,355.72,80009,719991
1000000,36,900053.0,26856,371.0,99947,900053
2,37,2.0,2,0.06,0,2
3,37,3.0,2,0.06,0,3
100,37,93.0,67,2.03,7,93
200,37,182.0,131,3.95,18,182
2000,37,1787.0,964,24.4,213,1787
10000,37,8905.0,4934,95.42,1095,8905
20000,37,17807.0,8013,138.45,2193,17807
40000,37,35863.0,13551,203.75,4137,35863
60000,37,53805.0,16417,234.05,6195,53805
80000,37,71769.0,18859,260.03,8231,71769
100000,37,89830.0,19540,268.24,10170,89830
200000,37,179736.0,27482,349.38,20264,179736
400000,37,359686.0,30059,379.87,40314,359686
600000,37,539570.0,36057,452.53,60430,539570
800000,37,719624.0,36328,455.28,80376,719624
1000000,37,899751.0,37092,462.92,100249,899751
2,38,2.0,2,0.06,0,2
3,38,3.0,2,0.06,0,3
100,38,91.0,54,1.62,9,91
200,38,179.0,108,2.84,21,179
2000,38,1789.0,976,22.96,211,1789
10000,38,8895.0,4962,87.38,1105,8895
20000,38,17871.0,8396,135.2,2129,17871
40000,38,35689.0,13028,193.92,4311,35689
60000,38,53659.0,13598,200.58,6341,53659
80000,38,71540.0,24015,306.27,8460,71540
100000,38,89574.0,24015,306.27,10426,89574
200000,38,179452.0,31761,387.93,20548,179452
400000,38,359497.0,34680,417.72,40503,359497
600000,38,539425.0,38982,461.5,60575,539425
800000,38,719642.0,38982,461.5,80358,719642
1000000,38,899537.0,39301,464.93,100463,899537
2,39,2.0,2,0.06,0,2
3,39,3.0,2,0.06,0,3
100,39,88.0,55,1.51,12,88
200,39,179.0,137,3.77,21,179
2000,39,1769.0,1225,29.89,231,1769
10000,39,8951.0,6097,101.29,1049,8951
20000,39,17941.0,10720,158.44,2059,17941
40000,39,35799.0,15403,214.91,4201,35799
60000,39,53794.0,17300,235.52,6206,53794
80000,39,71859.0,17755,240.07,8141,71859
100000,39,89911.0,17917,242.41,10089,89911
200000,39,179829.0,22986,298.5,20171,179829
400000,39,359850.0,24892,322.84,40150,359850
600000,39,540054.0,25548,329.76,59946,540054
800000,39,719900.0,28605,385.77,80100,719900
1000000,39,899840.0,28925,390.69,100160,899840
2,40,2.0,2,0.06,0,2
3,40,3.0,2,0.06,0,3
100,40,91.0,62,1.58,9,91
200,40,181.0,127,2.91,19,181
2000,40,1761.0,1256,31.24,239,1761
10000,40,8904.0,3668,70.16,1096,8904
20000,40,17867.0,5286,93.74,2133,17867
40000,40,35793.0,8217,126.89,4207,35793
60000,40,53712.0,9311,144.43,6288,53712
80000,40,71678.0,9850,165.1,8322,71678
100000,40,89562.0,13264,199.8,10438,89562
200000,40,179702.0,13467,204.75,20298,179702
400000,40,359803.0,14564,217.36,40197,359803
600000,40,539824.0,15077,222.57,60176,539824
800000,40,719783.0,20621,278.37,80217,719783
1000000,40,899894.0,20780,280.32,100106,899894
2,41,2.0,2,0.06,0,2
3,41,3.0,2,0.06,0,3
100,41,88.0,65,1.97,12,88
200,41,174.0,143,4.27,26,174
2000,41,1742.0,1117,29.65,258,1742
10000,41,8926.0,4450,73.5,1074,8926
20000,41,17895.0,8772,132.16,2105,17895
40000,41,35947.0,11011,163.99,4053,35947
60000,41,53921.0,13184,189.76,6079,53921
80000,41,71959.0,13871,198.47,8041,71959
100000,41,89967.0,15326,213.42,10033,89967
200000,41,179903.0,19974,261.46,20097,179903
400000,41,359787.0,22381,287.41,40213,359787
600000,41,539870.0,23025,293.89,60130,539870
800000,41,719840.0,25064,314.44,80160,719840
1000000,41,899719.0,26496,328.92,100281,899719
2,42,1.0,2,0.06,1,1
3,42,2.0,2,0.06,1,2
100,42,88.0,49,1.93,12,88
200,42,174.0,112,4.24,26,174
2000,42,1763.0,1105,28.09,237,1763
10000,42,8898.0,4574,80.34,1102,8898
20000,42,17817.0,8427,125.03,2183,17817
40000,42,35766.0,10836,156.96,4234,35766
60000,42,53690.0,12820,182.44,6310,53690
80000,42,71605.0,14584,201.28,8395,71605
100000,42,89560.0,15356,209.28,10440,89560
200000,42,179471.0,18620,242.04,20529,179471
400000,42,359741.0,18642,242.26,40259,359741
600000,42,539529.0,24753,305.85,60471,539529
800000,42,719636.0,26522,323.58,80364,719636
1000000,42,899791.0,26522,323.58,100209,899791
2,43,2.0,2,0.06,0,2
3,43,2.0,2,0.06,1,2
100,43,88.0,71,2.11,12,88
200,43,176.0,128,3.68,24,176
2000,43,1790.0,1135,31.63,210,1790
10000,43,8930.0,3996,89.44,1070,8930
20000,43,17883.0,7148,125.52,2117,17883
40000,43,35876.0,10828,166.72,4124,35876
60000,43,53836.0,15832,224.4,6164,53836
80000,43,71971.0,15832,224.4,8029,71971
100000,43,89930.0,17838,245.34,10070,89930
200000,43,179938.0,21361,290.01,20062,179938
400000,43,360093.0,27620,353.48,39907,360093
600000,43,540127.0,28208,360.12,59873,540127
800000,43,720299.0,28889,367.01,79701,720299
1000000,43,900422.0,29104,369.44,99578,900422
2,44,2.0,2,0.06,0,2
3,44,3.0,2,0.06,0,3
100,44,93.0,59,1.55,7,93
200,44,181.0,117,3.29,19,181
2000,44,1777.0,830,21.38,223,1777
10000,44,8914.0,3707,56.95,1086,8914
20000,44,17873.0,5485,85.53,2127,17873
40000,44,35781.0,11337,153.73,4219,35781
60000,44,53803.0,17943,219.99,6197,53803
80000,44,71740.0,22706,268.9,8260,71740
100000,44,89676.0,29829,340.81,10324,89676
200000,44,179646.0,32372,369.08,20354,179646
400000,44,359637.0,42091,468.27,40363,359637
600000,44,539537.0,44115,488.95,60463,539537
800000,44,719718.0,58311,631.07,80282,719718
1000000,44,899684.0,61596,663.92,100316,899684
2,45,2.0,2,0.06,0,2
3,45,3.0,2,0.06,0,3
100,45,90.0,60,1.56,10,90
200,45,178.0,103,3.11,22,178
2000,45,1765.0,855,22.19,235,1765
10000,45,8926.0,4399,71.87,1074,8926
20000,45,17820.0,8671,123.79,2180,17820
40000,45,35856.0,10388,149.6,4144,35856
60000,45,53923.0,10700,153.96,6077,53923
80000,45,71828.0,13808,185.64,8172,71828
100000,45,89800.0,18805,238.41,10200,89800
200000,45,179611.0,28125,334.77,20389,179611
400000,45,359639.0,37539,429.67,40361,359639
600000,45,539744.0,38123,435.79,60256,539744
800000,45,719896.0,40086,455.42,80104,719896
1000000,45,899848.0,40991,464.63,100152,899848
2,46,2.0,2,0.06,0,2
3,46,3.0,2,0.06,0,3
100,46,90.0,60,1.96,10,90
200,46,180.0,114,2.74,20,180
2000,46,1781.0,937,26.89,219,1781
10000,46,8884.0,3990,88.3,1116,8884
20000,46,17810.0,6559,124.15,2190,17810
40000,46,35756.0,13825,223.61,4244,35756
60000,46,53809.0,14722,238.58,6191,53809
80000,46,71805.0,15650,251.18,8195,71805
100000,46,89859.0,15841,256.65,10141,89859
200000,46,179798.0,21131,330.59,20202,179798
400000,46,359875.0,23348,359.0,40125,359875
600000,46,539846.0,28217,415.65,60154,539846
800000,46,719717.0,32962,465.14,80283,719717
1000000,46,899519.0,36958,505.7,100481,899519
2,47,2.0,2,0.06,0,2
3,47,3.0,2,0.06,0,3
100,47,83.0,70,1.82,17,83
200,47,175.0,123,3.07,25,175
2000,47,1774.0,1132,19.24,226,1774
10000,47,8924.0,3832,56.2,1076,8924
20000,47,17936.0,5345,73.49,2064,17936
40000,47,35876.0,8966,117.9,4124,35876
60000,47,53844.0,12661,155.53,6156,53844
80000,47,71848.0,13725,166.85,8152,71848
100000,47,89803.0,14101,170.85,10197,89803
200000,47,179810.0,18947,220.91,20190,179810
400000,47,359568.0,25076,322.96,40432,359568
600000,47,539621.0,27048,342.84,60379,539621
800000,47,719826.0,27056,342.92,80174,719826
1000000,47,899944.0,27082,343.18,100056,899944
2,48,2.0,2,0.06,0,2
3,48,3.0,2,0.06,0,3
100,48,87.0,64,1.64,13,87
200,48,178.0,123,2.99,22,178
2000,48,1771.0,988,19.64,229,1771
10000,48,8937.0,3453,49.37,1063,8937
20000,48,17889.0,6306,80.42,2111,17889
40000,48,35769.0,13747,159.03,4231,35769
60000,48,53740.0,15019,172.51,6260,53740
80000,48,71707.0,18362,206.1,8293,71707
100000,48,89650.0,22860,254.92,10350,89650
200000,48,179616.0,26659,294.55,20384,179616
400000,48,359449.0,34056,368.8,40551,359449
600000,48,539131.0,35774,386.02,60869,539131
800000,48,719248.0,35818,386.46,80752,719248
1000000,48,899215.0,39712,425.4,100785,899215
2,49,2.0,2,0.06,0,2
3,49,3.0,2,0.06,0,3
100,49,86.0,54,1.7,14,86
200,49,172.0,115,3.27,28,172
2000,49,1779.0,966,18.1,221,1779
10000,49,8969.0,3556,64.76,1031,8969
20000,49,17903.0,5755,99.23,2097,17903
40000,49,35924.0,7796,127.36,4076,35924
60000,49,53802.0,11231,168.11,6198,53802
80000,49,71769.0,12384,182.16,8231,71769
100000,49,89824.0,13000,188.92,10176,89824
200000,49,179655.0,18873,262.05,20345,179655
400000,49,359626.0,22262,296.42,40374,359626
600000,49,539754.0,23279,306.79,60246,539754
800000,49,719732.0,23532,311.28,80268,719732
1000000,49,899716.0,24250,318.62,100284,899716
2,50,2.0,2,0.06,0,2
3,50,3.0,2,0.06,0,3
100,50,90.0,63,1.75,10,90
200,50,179.0,131,3.15,21,179
2000,50,1774.0,1420,28.04,226,1774
10000,50,8917.0,5968,103.36,1083,8917
20000,50,17948.0,7751,122.83,2052,17948
40000,50,35918.0,11829,184.29,4082,35918
60000,50,53885.0,14185,214.41,6115,53885
80000,50,71795.0,15620,233.88,8205,71795
100000,50,89725.0,19658,275.22,10275,89725
200000,50,179664.0,28981,376.73,20336,179664
400000,50,359538.0,33122,421.3,40462,359538
600000,50,539509.0,37016,475.88,60491,539509
800000,50,719465.0,40271,508.75,80535,719465
1000000,50,899451.0,43681,543.89,100549,899451
2,51,1.0,2,0.06,1,1
3,51,1.0,2,0.06,2,1
100,51,91.0,66,1.7,9,91
200,51,178.0,132,3.48,22,178
2000,51,1756.0,930,26.62,244,1756
10000,51,8891.0,4535,82.71,1109,8891
20000,51,17858.0,6498,109.5,2142,17858
40000,51,35889.0,10119,159.67,4111,35889
60000,51,53890.0,12332,182.56,6110,53890
80000,51,71893.0,13372,193.16,8107,71893
100000,51,89878.0,14313,205.49,10122,89878
200000,51,179836.0,21367,278.03,20164,179836
400000,51,359892.0,22388,288.52,40108,359892
600000,51,539724.0,23631,301.11,60276,539724
800000,51,719828.0,24094,305.74,80172,719828
1000000,51,899972.0,28901,354.33,100028,899972
2,52,1.0,2,0.06,1,1
3,52,1.0,2,0.06,2,1
100,52,86.0,70,1.9,14,86
200,52,172.0,130,3.46,28,172
2000,52,1761.0,893,24.53,239,1761
10000,52,8924.0,4056,82.48,1076,8924
20000,52,17857.0,7247,121.59,2143,17857
40000,52,35890.0,8700,138.44,4110,35890
60000,52,53810.0,13518,208.54,6190,53810
80000,52,71827.0,14635,222.63,8173,71827
100000,52,89700.0,19452,285.6,10300,89700
200000,52,179594.0,28346,381.94,20406,179594
400000,52,359609.0,31975,418.79,40391,359609
600000,52,539602.0,34626,445.94,60398,539602
800000,52,719363.0,48748,589.8,80637,719363
1000000,52,899135.0,54044,643.28,100865,899135
2,53,2.0,2,0.06,0,2
3,53,2.0,2,0.06,1,2
100,53,96.0,65,1.85,4,96
200,53,188.0,134,3.58,12,188
2000,53,1781.0,1263,30.47,219,1781
10000,53,8929.0,4281,82.01,1071,8929
20000,53,17894.0,6295,112.87,2106,17894
40000,53,35774.0,11271,169.43,4226,35774
60000,53,53776.0,12719,185.11,6224,53776
80000,53,71745.0,13717,195.49,8255,71745
100000,53,89705.0,17086,230.98,10295,89705
200000,53,179780.0,19331,260.35,20220,179780
400000,53,359758.0,25632,324.12,40242,359758
600000,53,539671.0,26623,334.43,60329,539671
800000,53,719869.0,27057,338.77,80131,719869
1000000,53,899830.0,27126,339.62,100170,899830
2,54,1.0,2,0.06,1,1
3,54,2.0,2,0.06,1,2
100,54,89.0,61,1.49,11,89
200,54,180.0,134,2.94,20,180
2000,54,1776.0,955,21.11,224,1776
10000,54,8918.0,3748,65.76,1082,8918
20000,54,17900.0,6055,91.27,2100,17900
40000,54,35794.0,9247,141.15,4206,35794
60000,54,53732.0,14035,192.39,6268,53732
80000,54,71705.0,14798,200.38,8295,71705
100000,54,89648.0,15457,208.17,10352,89648
200000,54,179704.0,16401,221.49,20296,179704
400000,54,359633.0,22135,279.75,40367,359633
600000,54,539570.0,24223,301.27,60430,539570
800000,54,719767.0,24313,302.93,80233,719767
1000000,54,899656.0,26529,325.09,100344,899656
2,55,1.0,2,0.06,1,1
3,55,1.0,2,0.06,2,1
100,55,83.0,70,2.38,17,83
200,55,175.0,155,4.75,25,175
2000,55,1783.0,1364,25.08,217,1783
10000,55,8914.0,4119,85.35,1086,8914
20000,55,17911.0,5246,99.34,2089,17911
40000,55,35886.0,6731,125.07,4114,35886
60000,55,53840.0,7268,131.52,6160,53840
80000,55,71826.0,7631,139.11,8174,71826
100000,55,89875.0,9404,158.24,10125,89875
200000,55,179939.0,12004,185.6,20061,179939
400000,55,359675.0,18438,258.5,40325,359675
600000,55,539779.0,19594,270.22,60221,539779
800000,55,719785.0,20553,279.85,80215,719785
1000000,55,900030.0,20557,279.89,99970,900030
2,56,1.0,2,0.06,1,1
3,56,1.0,2,0.06,2,1
100,56,84.0,62,1.58,16,84
200,56,172.0,121,2.65,28,172
2000,56,1807.0,882,15.94,193,1807
10000,56,8934.0,3645,52.85,1066,8934
20000,56,18024.0,6476,82.04,1976,18024
40000,56,36058.0,10865,127.89,3942,36058
60000,56,54012.0,13725,157.29,5988,54012
80000,56,71998.0,15212,172.24,8002,71998
100000,56,90036.0,16090,181.06,9964,90036
200000,56,179862.0,21396,236.52,20138,179862
400000,56,360042.0,27330,295.86,39958,360042
600000,56,539796.0,34637,368.97,60204,539796
800000,56,719868.0,35454,377.14,80132,719868
1000000,56,899789.0,38416,406.84,100211,899789
2,57,1.0,2,0.06,1,1
3,57,2.0,2,0.06,1,2
100,57,92.0,65,2.05,8,92
200,57,178.0,121,3.81,22,178
2000,57,1767.0,805,18.57,233,1767
10000,57,8926.0,2912,54.88,1074,8926
20000,57,17913.0,4237,74.73,2087,17913
40000,57,35922.0,7299,107.31,4078,35922
60000,57,53954.0,10169,136.37,6046,53954
80000,57,71972.0,10861,145.33,8028,71972
100000,57,89983.0,11889,156.45,10017,89983
200000,57,179760.0,14639,187.19,20240,179760
400000,57,359772.0,18556,229.16,40228,359772
600000,57,539754.0,19273,245.25,60246,539754
800000,57,719792.0,19346,246.1,80208,719792
1000000,57,899893.0,20991,263.15,100107,899893
2,58,1.0,2,0.06,1,1
3,58,2.0,2,0.06,1,2
100,58,86.0,62,2.22,14,86
200,58,179.0,129,4.25,21,179
2000,58,1774.0,1162,26.26,226,1774
10000,58,8890.0,4810,73.22,1110,8890
20000,58,17797.0,8303,114.47,2203,17797
40000,58,35680.0,11781,150.37,4320,35680
60000,58,53696.0,15611,189.31,6304,53696
80000,58,71714.0,15614,189.34,8286,71714
100000,58,89664.0,17335,206.79,10336,89664
200000,58,179586.0,19482,228.38,20414,179586
400000,58,359788.0,20089,236.69,40212,359788
600000,58,539715.0,21500,250.88,60285,539715
800000,58,719442.0,22100,257.6,80558,719442
1000000,58,899256.0,22526,261.9,100744,899256
2,59,2.0,2,0.06,0,2
3,59,3.0,2,0.06,0,3
100,59,89.0,54,1.62,11,89
200,59,180.0,96,3.2,20,180
2000,59,1790.0,1220,20.44,210,1790
10000,59,8883.0,5040,95.28,1117,8883
20000,59,17826.0,8927,140.03,2174,17826
40000,59,35706.0,14833,208.17,4294,35706
60000,59,53648.0,16382,225.42,6352,53648
80000,59,71709.0,16960,231.2,8291,71709
100000,59,89717.0,17515,236.79,10283,89717
200000,59,179511.0,29169,356.97,20489,179511
400000,59,359321.0,35867,427.35,40679,359321
600000,59,539513.0,35917,427.85,60487,539513
800000,59,719187.0,39598,464.86,80813,719187
1000000,59,899323.0,39903,468.31,100677,899323
2,60,2.0,2,0.06,0,2
3,60,3.0,2,0.06,0,3
100,60,92.0,63,1.63,8,92
200,60,181.0,132,3.4,19,181
2000,60,1784.0,1108,24.6,216,1784
10000,60,8927.0,4532,69.48,1073,8927
20000,60,17947.0,7442,99.34,2053,17947
40000,60,35853.0,14188,173.64,4147,35853
60000,60,53829.0,17543,207.79,6171,53829
80000,60,71871.0,18003,212.43,8129,71871
100000,60,89855.0,18840,221.56,10145,89855
200000,60,179759.0,26897,308.93,20241,179759
400000,60,359574.0,38150,422.06,40426,359574
600000,60,539368.0,44463,491.95,60632,539368
800000,60,719356.0,46373,511.09,80644,719356
1000000,60,899189.0,50295,550.31,100811,899189
2,61,2.0,2,0.06,0,2
3,61,3.0,2,0.06,0,3
100,61,93.0,59,1.51,7,93
200,61,187.0,116,3.12,13,187
2000,61,1781.0,1121,28.97,219,1781
10000,61,8961.0,4201,71.89,1039,8961
20000,61,17944.0,7496,107.84,2056,17944
40000,61,35851.0,13855,182.35,4149,35851
60000,61,53816.0,17683,221.75,6184,53816
80000,61,71838.0,19360,241.88,8162,71838
100000,61,89878.0,19527,244.23,10122,89878
200000,61,179717.0,28340,333.4,20283,179717
400000,61,359782.0,34500,395.72,40218,359782
600000,61,539714.0,39134,445.98,60286,539714
800000,61,719779.0,39403,448.67,80221,719779
1000000,61,899649.0,42383,478.51,100351,899649
2,62,2.0,2,0.06,0,2
3,62,3.0,2,0.06,0,3
100,62,89.0,63,2.15,11,89
200,62,178.0,110,3.3,22,178
2000,62,1775.0,1038,21.5,225,1775
10000,62,8910.0,4086,69.38,1090,8910
20000,62,17864.0,6175,99.47,2136,17864
40000,62,35935.0,6868,106.56,4065,35935
60000,62,53924.0,9830,136.66,6076,53924
80000,62,71895.0,13200,171.48,8105,71895
100000,62,89829.0,20221,241.77,10171,89829
200000,62,179697.0,35250,403.46,20303,179697
400000,62,359845.0,41443,466.19,40155,359845
600000,62,539771.0,45200,503.92,60229,539771
800000,62,719773.0,45388,506.24,80227,719773
1000000,62,899638.0,47373,532.09,100362,899638
2,63,1.0,2,0.06,1,1
3,63,2.0,2,0.06,1,2
100,63,89.0,58,1.74,11,89
200,63,176.0,125,4.21,24,176
2000,63,1771.0,950,28.42,229,1771
10000,63,8921.0,2878,75.74,1079,8921
20000,63,17866.0,7591,133.87,2134,17866
40000,63,35894.0,11759,189.03,4106,35894
60000,63,54002.0,12073,192.61,5998,54002
80000,63,71955.0,14983,225.71,8045,71955
100000,63,89934.0,15683,241.19,10066,89934
200000,63,180110.0,19020,276.24,19890,180110
400000,63,360090.0,25864,353.48,39910,360090
600000,63,539994.0,28569,381.61,60006,539994
800000,63,720038.0,30841,405.57,79962,720038
1000000,63,900160.0,31330,410.58,99840,900160
2,64,2.0,2,0.06,0,2
3,64,3.0,2,0.06,0,3
100,64,82.0,56,1.68,18,82
200,64,170.0,95,2.43,30,170
2000,64,1778.0,1081,25.81,222,1778
10000,64,8914.0,4329,88.05,1086,8914
20000,64,17880.0,8774,147.02,2120,17880
40000,64,35701.0,16307,267.47,4299,35701
60000,64,53737.0,17268,277.84,6263,53737
80000,64,71713.0,19273,299.49,8287,71713
100000,64,89680.0,20356,312.24,10320,89680
200000,64,179568.0,23569,351.89,20432,179568
400000,64,359465.0,28537,405.09,40535,359465
600000,64,539464.0,29124,411.04,60536,539464
800000,64,719503.0,29402,414.86,80497,719503
1000000,64,899638.0,29562,416.46,100362,899638
2,65,2.0,2,0.06,0,2
3,65,3.0,2,0.06,0,3
100,65,86.0,66,1.62,14,86
200,65,175.0,128,2.8,25,175
2000,65,1774.0,1098,21.46,226,1774
10000,65,8936.0,4485,62.21,1064,8936
20000,65,17916.0,7212,96.52,2084,17916
40000,65,35803.0,14319,178.15,4197,35803
60000,65,53781.0,15921,195.17,6219,53781
80000,65,71746.0,17416,210.52,8254,71746
100000,65,89772.0,18742,223.86,10228,89772
200000,65,179895.0,24431,281.95,20105,179895
400000,65,359733.0,33764,375.64,40267,359733
600000,65,539558.0,40093,439.45,60442,539558
800000,65,719556.0,41306,451.58,80444,719556
1000000,65,899484.0,49709,535.77,100516,899484
2,66,2.0,2,0.06,0,2
3,66,3.0,2,0.06,0,3
100,66,87.0,55,1.91,13,87
200,66,172.0,100,3.72,28,172
2000,66,1759.0,978,31.9,241,1759
10000,66,8831.0,5583,107.67,1169,8831
20000,66,17857.0,8506,139.02,2143,17857
40000,66,35836.0,11499,174.99,4164,35836
60000,66,53794.0,15590,217.22,6206,53794
80000,66,71830.0,16977,231.65,8170,71830
100000,66,89807.0,19425,256.61,10193,89807
200000,66,179580.0,25313,319.85,20420,179580
400000,66,359450.0,30172,370.6,40550,359450
600000,66,539670.0,30452,373.72,60330,539670
800000,66,719588.0,30992,379.12,80412,719588
1000000,66,899736.0,31011,379.43,100264,899736
2,67,2.0,2,0.06,0,2
3,67,3.0,2,0.06,0,3
100,67,87.0,67,2.03,13,87
200,67,177.0,123,3.87,23,177
2000,67,1790.0,934,23.14,210,1790
10000,67,8985.0,3811,83.27,1015,8985
20000,67,17926.0,6607,135.95,2074,17926
40000,67,35847.0,10310,184.14,4153,35847
60000,67,53871.0,12637,209.01,6129,53871
80000,67,71838.0,14460,230.28,8162,71838
100000,67,89878.0,15006,235.98,10122,89878
200000,67,179806.0,27237,359.97,20194,179806
400000,67,359741.0,30643,404.67,40259,359741
600000,67,539705.0,32866,427.14,60295,539705
800000,67,719581.0,35543,454.15,80419,719581
1000000,67,899480.0,35895,458.07,100520,899480
2,68,2.0,2,0.06,0,2
3,68,3.0,2,0.06,0,3
100,68,88.0,54,1.42,12,88
200,68,174.0,109,3.29,26,174
2000,68,1786.0,755,22.59,214,1786
10000,68,8934.0,3242,56.98,1066,8934
20000,68,17922.0,4944,77.72,2078,17922
40000,68,35855.0,9452,127.0,4145,35855
60000,68,53842.0,11665,151.09,6158,53842
80000,68,71815.0,14176,176.48,8185,71815
100000,68,89779.0,14920,184.2,10221,89779
200000,68,179609.0,27930,347.58,20391,179609
400000,68,359659.0,34568,414.44,40341,359659
600000,68,539739.0,34739,416.19,60261,539739
800000,68,719655.0,44100,509.84,80345,719655
1000000,68,899774.0,44320,512.04,100226,899774
2,69,2.0,2,0.06,0,2
3,69,3.0,2,0.06,0,3
100,69,88.0,68,1.96,12,88
200,69,174.0,127,3.35,26,174
2000,69,1766.0,1133,20.73,234,1766
10000,69,8890.0,5230,67.58,1110,8890
20000,69,17906.0,6857,85.17,2094,17906
40000,69,35808.0,10664,125.28,4192,35808
60000,69,53798.0,11668,135.96,6202,53798
80000,69,71735.0,14156,167.52,8265,71735
100000,69,89757.0,14806,174.1,10243,89757
200000,69,179692.0,17650,205.38,20308,179692
400000,69,359624.0,22316,253.52,40376,359624
600000,69,539613.0,23521,265.69,60387,539613
800000,69,719495.0,24041,270.89,80505,719495
1000000,69,899458.0,24397,274.53,100542,899458
2,70,2.0,2,0.06,0,2
3,70,3.0,2,0.06,0,3
100,70,90.0,70,1.82,10,90
200,70,180.0,139,4.47,20,180
2000,70,1792.0,1387,32.87,208,1792
10000,70,8913.0,4785,93.25,1087,8913
20000,70,17909.0,5858,115.98,2091,17909
40000,70,35874.0,8149,155.53,4126,35874
60000,70,53869.0,8988,167.08,6131,53869
80000,70,71810.0,10265,182.33,8190,71810
100000,70,89774.0,11089,195.37,10226,89774
200000,70,179707.0,14354,231.42,20293,179707
400000,70,359705.0,15548,245.08,40295,359705
600000,70,539700.0,16007,250.63,60300,539700
800000,70,719828.0,16742,257.98,80172,719828
1000000,70,899713.0,18111,273.99,100287,899713
2,71,2.0,2,0.06,0,2
3,71,3.0,2,0.06,0,3
100,71,89.0,62,1.86,11,89
200,71,180.0,120,3.64,20,180
2000,71,1782.0,1192,26.76,218,1782
10000,71,8912.0,5052,98.2,1088,8912
20000,71,17837.0,9265,156.61,2163,17837
40000,71,35858.0,10644,172.96,4142,35858
60000,71,53790.0,12058,194.66,6210,53790
80000,71,71793.0,12616,205.56,8207,71793
100000,71,89809.0,13068,210.4,10191,89809
200000,71,179877.0,14931,237.87,20123,179877
400000,71,359832.0,19266,288.38,40168,359832
600000,71,539492.0,25053,346.81,60508,539492
800000,71,719398.0,27768,377.84,80602,719398
1000000,71,899337.0,31817,420.45,100663,899337
2,72,2.0,2,0.06,0,2
3,72,3.0,2,0.06,0,3
100,72,92.0,62,1.58,8,92
200,72,182.0,134,3.54,18,182
2000,72,1774.0,1311,32.35,226,1774
10000,72,8907.0,3940,72.44,1093,8907
20000,72,17861.0,7512,110.16,2139,17861
40000,72,35855.0,8843,128.11,4145,35855
60000,72,53799.0,13698,182.5,6201,53799
80000,72,71806.0,15479,203.51,8194,71806
100000,72,89882.0,15543,204.15,10118,89882
200000,72,179797.0,19090,245.18,20203,179797
400000,72,359919.0,26510,321.54,40081,359919
600000,72,539792.0,26969,326.21,60208,539792
800000,72,719799.0,30917,365.89,80201,719799
1000000,72,899731.0,31555,372.35,100269,899731
2,73,2.0,2,0.06,0,2
3,73,3.0,2,0.06,0,3
100,73,90.0,65,2.13,10,90
200,73,177.0,140,3.84,23,177
2000,73,1767.0,1335,27.83,233,1767
10000,73,8923.0,3889,60.57,1077,8923
20000,73,17862.0,8723,116.83,2138,17862
40000,73,35841.0,14336,181.76,4159,35841
60000,73,53816.0,16675,206.63,6184,53816
80000,73,71738.0,19281,233.05,8262,71738
100000,73,89755.0,22388,264.4,10245,89755
200000,73,179774.0,24487,286.99,20226,179774
400000,73,359961.0,25937,304.17,40039,359961
600000,73,539721.0,28737,334.01,60279,539721
800000,73,719751.0,29246,339.14,80249,719751
1000000,73,899487.0,30607,352.99,100513,899487
2,74,2.0,2,0.06,0,2
3,74,3.0,2,0.06,0,3
100,74,95.0,69,1.97,5,95
200,74,183.0,140,4.32,17,183
2000,74,1769.0,1045,29.45,231,1769
10000,74,8948.0,4307,75.43,1052,8948
20000,74,17899.0,7006,113.54,2101,17899
40000,74,35929.0,8519,131.87,4071,35929
60000,74,53920.0,11508,162.48,6080,53920
80000,74,71900.0,14002,187.82,8100,71900
100000,74,89866.0,15107,211.35,10134,89866
200000,74,179761.0,19810,272.02,20239,179761
400000,74,359655.0,21761,295.17,40345,359655
600000,74,539660.0,22776,310.84,60340,539660
800000,74,719810.0,24656,329.76,80190,719810
1000000,74,899646.0,25572,340.68,100354,899646
2,75,2.0,2,0.06,0,2
3,75,3.0,2,0.06,0,3
100,75,90.0,64,1.76,10,90
200,75,180.0,126,3.58,20,180
2000,75,1797.0,1169,29.25,203,1797
10000,75,8935.0,3764,75.0,1065,8935
20000,75,17959.0,6258,105.14,2041,17959
40000,75,35838.0,10236,157.28,4162,35838
60000,75,53865.0,11141,167.09,6135,53865
80000,75,71917.0,11443,177.51,8083,71917
100000,75,89879.0,12503,198.11,10121,89879
200000,75,179878.0,20115,274.79,20122,179878
400000,75,359729.0,25442,333.78,40271,359729
600000,75,539622.0,29664,377.96,60378,539622
800000,75,719484.0,30623,387.67,80516,719484
1000000,75,899346.0,31992,401.76,100654,899346
2,76,2.0,2,0.06,0,2
3,76,3.0,2,0.06,0,3
100,76,89.0,70,1.98,11,89
200,76,176.0,128,3.68,24,176
2000,76,1770.0,1110,25.74,230,1770
10000,76,8888.0,3535,79.23,1112,8888
20000,76,17908.0,4824,95.0,2092,17908
40000,76,35862.0,9791,149.47,4138,35862
60000,76,53879.0,12526,181.94,6121,53879
80000,76,71828.0,17024,227.92,8172,71828
100000,76,89894.0,17024,227.92,10106,89894
200000,76,179853.0,24946,310.94,20147,179853
400000,76,359611.0,32088,389.28,40389,359611
600000,76,539636.0,35589,425.45,60364,539636
800000,76,719593.0,35912,429.6,80407,719593
1000000,76,899480.0,38453,455.97,100520,899480
2,77,1.0,2,0.06,1,1
3,77,1.0,2,0.06,2,1
100,77,88.0,71,1.71,12,88
200,77,175.0,127,3.27,25,175
2000,77,1791.0,1018,17.94,209,1791
10000,77,8976.0,2954,51.86,1024,8976
20000,77,17966.0,4718,84.5,2034,17966
40000,77,35917.0,8468,133.0,4083,35917
60000,77,53857.0,12641,178.01,6143,53857
80000,77,71955.0,13435,185.99,8045,71955
100000,77,89930.0,14499,197.19,10070,89930
200000,77,179877.0,17461,233.49,20123,179877
400000,77,359724.0,22848,290.44,40276,359724
600000,77,539654.0,23271,295.19,60346,539654
800000,77,719600.0,26933,331.85,80400,719600
1000000,77,899767.0,27018,332.7,100233,899767
2,78,2.0,2,0.06,0,2
3,78,3.0,2,0.06,0,3
100,78,84.0,62,1.74,16,84
200,78,176.0,119,3.47,24,176
2000,78,1766.0,1104,21.36,234,1766
10000,78,8917.0,5703,78.03,1083,8917
20000,78,17890.0,10037,122.33,2110,17890
40000,78,35941.0,11689,142.37,4059,35941
60000,78,53903.0,18651,223.43,6097,53903
80000,78,71796.0,23995,277.47,8204,71796
100000,78,89796.0,27775,319.55,10204,89796
200000,78,179702.0,33934,385.42,20298,179702
400000,78,359493.0,42769,479.69,40507,359493
600000,78,539574.0,43325,485.65,60426,539574
800000,78,719590.0,45216,504.64,80410,719590
1000000,78,899669.0,46306,515.54,100331,899669
2,79,2.0,2,0.06,0,2
3,79,3.0,2,0.06,0,3
100,79,92.0,67,1.87,8,92
200,79,182.0,135,4.15,18,182
2000,79,1770.0,1360,37.12,230,1770
10000,79,8918.0,5117,119.85,1082,8918
20000,79,17895.0,8229,159.69,2105,17895
40000,79,35703.0,14176,252.72,4297,35703
60000,79,53580.0,17867,298.75,6420,53580
80000,79,71603.0,17907,300.03,8397,71603
100000,79,89567.0,19145,318.61,10433,89567
200000,79,179613.0,25647,385.43,20387,179613
400000,79,359638.0,26987,400.03,40362,359638
600000,79,539458.0,29674,435.34,60542,539458
800000,79,719484.0,30050,439.82,80516,719484
1000000,79,899615.0,30050,439.82,100385,899615
2,80,2.0,2,0.06,0,2
3,80,3.0,2,0.06,0,3
100,80,86.0,76,1.92,14,86
200,80,172.0,134,3.22,28,172
2000,80,1768.0,1255,24.35,232,1768
10000,80,8945.0,3900,65.52,1055,8945
20000,80,17971.0,5817,92.05,2029,17971
40000,80,35831.0,9236,134.28,4169,35831
60000,80,53824.0,12601,177.21,6176,53824
80000,80,71916.0,12886,180.06,8084,71916
100000,80,89791.0,14798,200.46,10209,89791
200000,80,179777.0,19022,244.7,20223,179777
400000,80,359573.0,24685,307.73,40427,359573
600000,80,539525.0,26244,323.72,60475,539525
800000,80,719465.0,27002,331.34,80535,719465
1000000,80,899280.0,30716,368.64,100720,899280
2,81,2.0,2,0.06,0,2
3,81,3.0,2,0.06,0,3
100,81,85.0,64,1.72,15,85
200,81,174.0,120,2.48,26,174
2000,81,1790.0,1009,14.93,210,1790
10000,81,8906.0,3568,55.84,1094,8906
20000,81,17891.0,5944,82.6,2109,17891
40000,81,35951.0,6745,92.05,4049,35951
60000,81,53887.0,11866,146.9,6113,53887
80000,81,71934.0,13971,169.75,8066,71934
100000,81,89923.0,14242,172.86,10077,89923
200000,81,179773.0,22988,264.28,20227,179773
400000,81,359740.0,28842,325.14,40260,359740
600000,81,539608.0,29885,336.13,60392,539608
800000,81,719608.0,30451,341.79,80392,719608
1000000,81,899301.0,36739,404.71,100699,899301
2,82,2.0,2,0.06,0,2
3,82,3.0,2,0.06,0,3
100,82,81.0,65,1.69,19,81
200,82,159.0,122,3.62,41,159
2000,82,1766.0,801,19.09,234,1766
10000,82,8943.0,4522,68.98,1057,8943
20000,82,17910.0,7291,100.19,2090,17910
40000,82,35870.0,9479,123.07,4130,35870
60000,82,53761.0,11401,144.61,6239,53761
80000,82,71712.0,13746,186.78,8288,71712
100000,82,89726.0,15408,205.24,10274,89726
200000,82,179806.0,17776,229.44,20194,179806
400000,82,359705.0,20610,261.74,40295,359705
600000,82,539541.0,25172,307.56,60459,539541
800000,82,719461.0,25813,314.13,80539,719461
1000000,82,899398.0,27180,327.88,100602,899398
2,83,2.0,2,0.06,0,2
3,83,3.0,2,0.06,0,3
100,83,86.0,56,1.92,14,86
200,83,179.0,111,3.11,21,179
2000,83,1773.0,849,19.09,227,1773
10000,83,8966.0,5282,77.26,1034,8966
20000,83,17897.0,10470,136.66,2103,17897
40000,83,35818.0,17217,229.65,4182,35818
60000,83,53741.0,23463,295.99,6259,53741
80000,83,71720.0,24276,304.4,8280,71720
100000,83,89704.0,27923,341.75,10296,89704
200000,83,179631.0,32503,396.27,20369,179631
400000,83,359288.0,39616,472.2,40712,359288
600000,83,539005.0,49834,574.46,60995,539005
800000,83,718816.0,51713,594.17,81184,718816
1000000,83,898761.0,52967,606.95,101239,898761
2,84,1.0,2,0.06,1,1
3,84,2.0,2,0.06,1,2
100,84,86.0,49,1.81,14,86
200,84,170.0,108,3.68,30,170
2000,84,1746.0,1065,25.57,254,1746
10000,84,8884.0,5275,82.39,1116,8884
20000,84,17861.0,7749,124.17,2139,17861
40000,84,35831.0,10591,159.35,4169,35831
60000,84,53995.0,10591,159.35,6005,53995
80000,84,71964.0,11826,172.02,8036,71964
100000,84,89939.0,13533,189.21,10061,89939
200000,84,179918.0,21180,269.88,20082,179918
400000,84,359881.0,26329,328.13,40119,359881
600000,84,539838.0,30168,366.68,60162,539838
800000,84,719771.0,37846,443.82,80229,719771
1000000,84,900081.0,37903,444.39,99919,900081
2,85,2.0,2,0.06,0,2
3,85,3.0,2,0.06,0,3
100,85,84.0,66,1.86,16,84
200,85,172.0,134,4.02,28,172
2000,85,1755.0,1156,29.32,245,1755
10000,85,8910.0,4682,70.42,1090,8910
20000,85,17820.0,8537,133.05,2180,17820
40000,85,35775.0,12788,184.68,4225,35775
60000,85,53697.0,16692,235.44,6303,53697
80000,85,71712.0,17164,240.92,8288,71712
100000,85,89557.0,20909,287.69,10443,89557
200000,85,179548.0,21563,295.03,20452,179548
400000,85,359428.0,27212,356.48,40572,359428
600000,85,539516.0,27480,359.64,60484,539516
800000,85,719559.0,28312,370.32,80441,719559
1000000,85,899585.0,28550,372.7,100415,899585
2,86,2.0,2,0.06,0,2
3,86,3.0,2,0.06,0,3
100,86,85.0,57,1.21,15,85
200,86,170.0,124,2.72,30,170
2000,86,1757.0,861,12.33,243,1757
10000,86,8929.0,2593,39.09,1071,8929
20000,86,17905.0,3708,52.12,2095,17905
40000,86,35909.0,4959,65.03,4091,35909
60000,86,53848.0,7879,94.35,6152,53848
80000,86,71824.0,8354,99.1,8176,71824
100000,86,89816.0,8519,101.19,10184,89816
200000,86,179745.0,13612,192.68,20255,179745
400000,86,359690.0,20386,261.1,40310,359690
600000,86,539684.0,20870,266.1,60316,539684
800000,86,719669.0,21108,268.68,80331,719669
1000000,86,899850.0,21142,269.02,100150,899850
2,87,2.0,2,0.06,0,2
3,87,3.0,2,0.06,0,3
100,87,87.0,63,1.59,13,87
200,87,175.0,113,3.21,25,175
2000,87,1796.0,800,21.0,204,1796
10000,87,8956.0,3442,54.78,1044,8956
20000,87,17987.0,5653,82.05,2013,17987
40000,87,35928.0,9891,129.83,4072,35928
60000,87,53965.0,12918,160.7,6035,53965
80000,87,71964.0,14827,179.87,8036,71964
100000,87,89920.0,17549,207.21,10080,89920
200000,87,179769.0,31906,351.06,20231,179769
400000,87,359797.0,34583,380.79,40203,359797
600000,87,539696.0,38249,417.53,60304,539696
800000,87,719959.0,38980,424.96,80041,719959
1000000,87,899907.0,39756,432.72,100093,899907
2,88,2.0,2,0.06,0,2
3,88,3.0,2,0.06,0,3
100,88,84.0,64,1.88,16,84
200,88,171.0,139,3.59,29,171
2000,88,1761.0,1195,21.95,239,1761
10000,88,8973.0,4306,57.58,1027,8973
20000,88,17935.0,7193,89.29,2065,17935
40000,88,35886.0,10191,122.71,4114,35886
60000,88,53828.0,13589,156.89,6172,53828
80000,88,71740.0,22095,246.35,8260,71740
100000,88,89660.0,26567,291.19,10340,89660
200000,88,179783.0,28531,310.91,20217,179783
400000,88,359826.0,35966,386.1,40174,359826
600000,88,539399.0,39352,420.48,60601,539399
800000,88,719103.0,52878,555.74,80897,719103
1000000,88,899076.0,56706,596.82,100924,899076
2,89,2.0,2,0.06,0,2
3,89,3.0,2,0.06,0,3
100,89,93.0,65,1.85,7,93
200,89,176.0,127,3.27,24,176
2000,89,1776.0,1064,17.32,224,1776
10000,89,8981.0,3621,48.73,1019,8981
20000,89,17953.0,5767,70.95,2047,17953
40000,89,35845.0,11365,146.61,4155,35845
60000,89,53766.0,14839,184.39,6234,53766
80000,89,71786.0,15860,194.84,8214,71786
100000,89,89885.0,15988,196.12,10115,89885
200000,89,179908.0,18778,231.3,20092,179908
400000,89,359679.0,21866,263.3,40321,359679
600000,89,539534.0,22957,276.25,60466,539534
800000,89,719371.0,23190,279.1,80629,719371
1000000,89,899284.0,24534,293.94,100716,899284
2,90,2.0,2,0.06,0,2
3,90,3.0,2,0.06,0,3
100,90,88.0,56,1.64,12,88
200,90,180.0,106,3.3,20,180
2000,90,1762.0,1031,32.83,238,1762
10000,90,8927.0,3439,76.15,1073,8927
20000,90,17856.0,5041,97.81,2144,17856
40000,90,35882.0,8478,135.66,4118,35882
60000,90,53921.0,9093,143.01,6079,53921
80000,90,71881.0,10672,159.36,8119,71881
100000,90,89906.0,13039,183.35,10094,89906
200000,90,179747.0,16125,219.93,20253,179747
400000,90,359899.0,16883,227.87,40101,359899
600000,90,539923.0,22062,316.62,60077,539923
800000,90,720114.0,22418,320.42,79886,720114
1000000,90,900002.0,22847,335.35,99998,900002
2,91,2.0,2,0.06,0,2
3,91,3.0,2,0.06,0,3
100,91,88.0,61,1.85,12,88
200,91,177.0,139,4.11,23,177
2000,91,1788.0,1107,25.99,212,1788
10000,91,8969.0,4023,74.87,1031,8969
20000,91,17928.0,7341,119.37,2072,17928
40000,91,35982.0,11146,157.9,4018,35982
60000,91,53984.0,13007,178.47,6016,53984
80000,91,71915.0,17239,234.95,8085,71915
100000,91,89856.0,20396,267.28,10144,89856
200000,91,179667.0,25416,327.76,20333,179667
400000,91,359667.0,30985,385.77,40333,359667
600000,91,539737.0,33569,411.93,60263,539737
800000,91,719808.0,34555,422.03,80192,719808
1000000,91,899826.0,37747,453.99,100174,899826
2,92,2.0,2,0.06,0,2
3,92,3.0,2,0.06,0,3
100,92,84.0,55,1.35,16,84
200,92,173.0,111,2.99,27,173
2000,92,1774.0,982,33.94,226,1774
10000,92,8910.0,4406,87.26,1090,8910
20000,92,17869.0,8718,136.02,2131,17869
40000,92,35803.0,16810,224.46,4197,35803
60000,92,53663.0,21332,284.76,6337,53663
80000,92,71679.0,22583,297.31,8321,71679
100000,92,89583.0,24732,321.76,10417,89583
200000,92,179610.0,30132,377.24,20390,179610
400000,92,359458.0,34893,426.69,40542,359458
600000,92,539607.0,36138,439.22,60393,539607
800000,92,719483.0,41297,491.09,80517,719483
1000000,92,899458.0,41473,493.25,100542,899458
2,93,1.0,2,0.06,1,1
3,93,2.0,2,0.06,1,2
100,93,82.0,63,1.83,18,82
200,93,171.0,118,3.38,29,171
2000,93,1783.0,971,20.99,217,1783
10000,93,8933.0,3894,61.94,1067,8933
20000,93,17949.0,6303,91.99,2051,17949
40000,93,36008.0,10851,138.31,3992,36008
60000,93,53930.0,14048,175.64,6070,53930
80000,93,71843.0,17702,218.62,8157,71843
100000,93,89868.0,18940,236.48,10132,89868
200000,93,179894.0,24933,299.93,20106,179894
400000,93,359881.0,38465,435.73,40119,359881
600000,93,539688.0,43688,489.32,60312,539688
800000,93,719725.0,47603,528.47,80275,719725
1000000,93,899682.0,51578,569.94,100318,899682
2,94,2.0,2,0.06,0,2
3,94,3.0,2,0.06,0,3
100,94,92.0,70,2.1,8,92
200,94,186.0,130,3.58,14,186
2000,94,1787.0,1041,33.13,213,1787
10000,94,8926.0,3862,108.78,1074,8926
20000,94,17939.0,5300,135.92,2061,17939
40000,94,35834.0,8602,186.18,4166,35834
60000,94,53800.0,10540,222.36,6200,53800
80000,94,71881.0,10584,222.84,8119,71881
100000,94,89876.0,11046,227.82,10124,89876
200000,94,180021.0,13035,254.35,19979,180021
400000,94,360190.0,13893,271.73,39810,360190
600000,94,540098.0,19898,334.74,59902,540098
800000,94,719892.0,21367,352.79,80108,719892
1000000,94,899934.0,21937,358.53,100066,899934
2,95,2.0,2,0.06,0,2
3,95,3.0,2,0.06,0,3
100,95,89.0,64,1.84,11,89
200,95,173.0,113,3.21,27,173
2000,95,1769.0,589,14.85,231,1769
10000,95,8957.0,3109,53.65,1043,8957
20000,95,17915.0,4432,69.2,2085,17915
40000,95,35896.0,7736,103.28,4104,35896
60000,95,53907.0,11215,139.43,6093,53907
80000,95,71917.0,13307,160.83,8083,71917
100000,95,89916.0,13463,162.47,10084,89916
200000,95,179631.0,19312,222.04,20369,179631
400000,95,359304.0,23639,265.67,40696,359304
600000,95,539459.0,23666,265.94,60541,539459
800000,95,719313.0,34959,378.87,80687,719313
1000000,95,899246.0,38102,426.58,100754,899246
2,96,2.0,2,0.06,0,2
3,96,3.0,2,0.06,0,3
100,96,84.0,66,1.9,16,84
200,96,173.0,110,2.78,27,173
2000,96,1781.0,1088,20.48,219,1781
10000,96,8954.0,3800,54.4,1046,8954
20000,96,17956.0,6590,83.14,2044,17956
40000,96,35885.0,12221,144.17,4115,35885
60000,96,53790.0,16315,185.67,6210,53790
80000,96,71699.0,20525,228.17,8301,71699
100000,96,89665.0,22861,251.65,10335,89665
200000,96,179644.0,28056,307.68,20356,179644
400000,96,359526.0,30715,335.07,40474,359526
600000,96,539515.0,34080,368.72,60485,539515
800000,96,719435.0,34472,372.76,80565,719435
1000000,96,899477.0,34534,373.38,100523,899477
2,97,1.0,2,0.06,1,1
3,97,2.0,2,0.06,1,2
100,97,86.0,48,1.0,14,86
200,97,174.0,93,2.25,26,174
2000,97,1796.0,479,13.83,204,1796
10000,97,8966.0,1546,40.58,1034,8966
20000,97,17929.0,4107,72.03,2071,17929
40000,97,35853.0,8493,122.97,4147,35853
60000,97,53831.0,9503,134.59,6169,53831
80000,97,71814.0,10225,142.21,8186,71814
100000,97,89751.0,10758,148.06,10249,89751
200000,97,179814.0,13904,192.16,20186,179814
400000,97,359735.0,19801,252.01,40265,359735
600000,97,539877.0,20972,263.88,60123,539877
800000,97,720005.0,21315,267.35,79995,720005
1000000,97,900044.0,21849,272.69,99956,900044
2,98,2.0,2,0.06,0,2
3,98,3.0,2,0.06,0,3
100,98,89.0,54,1.82,11,89
200,98,176.0,100,3.4,24,176
2000,98,1788.0,934,21.1,212,1788
10000,98,8923.0,3897,72.81,1077,8923
20000,98,17879.0,7073,109.41,2121,17879
40000,98,35783.0,11299,157.19,4217,35783
60000,98,53785.0,12894,173.42,6215,53785
80000,98,71802.0,13062,175.18,8198,71802
100000,98,89795.0,16530,210.34,10205,89795
200000,98,179702.0,27230,318.46,20298,179702
400000,98,359750.0,30340,350.0,40250,359750
600000,98,539787.0,35769,404.69,60213,539787
800000,98,719627.0,38477,439.29,80373,719627
1000000,98,899484.0,40083,455.47,100516,899484
2,99,2.0,2,0.06,0,2
3,99,3.0,2,0.06,0,3
100,99,89.0,71,2.11,11,89
200,99,179.0,122,3.7,21,179
2000,99,1799.0,1050,27.62,201,1799
10000,99,8956.0,3114,67.38,1044,8956
20000,99,17967.0,4155,87.39,2033,17967
40000,99,35905.0,7448,124.36,4095,35905
60000,99,53927.0,11493,167.05,6073,53927
80000,99,71931.0,13133,184.33,8069,71931
100000,99,89907.0,16795,226.79,10093,89907
200000,99,179755.0,28325,347.49,20245,179755
400000,99,359792.0,35875,423.43,40208,359792
600000,99,539441.0,39676,467.64,60559,539441
800000,99,719472.0,43243,503.51,80528,719472
1000000,99,899543.0,43588,507.44,100457,899543
2,100,2.0,2,0.06,0,2
3,100,3.0,2,0.06,0,3
100,100,96.0,60,1.6,4,96
200,100,185.0,122,3.38,15,185
2000,100,1782.0,1223,26.39,218,1782
10000,100,8938.0,3602,70.62,1062,8938
20000,100,17940.0,5278,90.22,2060,17940
40000,100,35854.0,8646,127.9,4146,35854
60000,100,53787.0,12132,167.16,6213,53787
80000,100,71763.0,15244,198.4,8237,71763
100000,100,89762.0,15771,203.95,10238,89762
200000,100,179741.0,27877,325.85,20259,179741
400000,100,359742.0,30041,347.89,40258,359742
600000,100,539635.0,36620,414.36,60365,539635
800000,100,719869.0,37058,418.9,80131,719869
1000000,100,899919.0,40213,450.45,100081,899919
