Timestep,Iteration,Total Reward,Suboptimal Arms,Total Regret,Zeros Count,Ones Count
2,1,2.0,1,0.01,0,2
3,1,3.0,2,0.02,0,3
100,1,91.0,66,0.46,9,91
200,1,181.0,136,1.0,19,181
2000,1,1776.0,1273,8.97,224,1776
10000,1,8977.0,5165,38.6,1023,8977
20000,1,17848.0,11232,82.79,2152,17848
40000,1,35816.0,19062,132.59,4184,35816
60000,1,53793.0,31522,204.42,6207,53793
80000,1,71725.0,38765,244.37,8275,71725
100000,1,89695.0,46678,290.5,10305,89695
200000,1,179569.0,60850,368.76,20431,179569
400000,1,359260.0,94413,550.99,40740,359260
600000,1,539167.0,104256,603.5,60833,539167
800000,1,718984.0,110397,640.12,81016,718984
1000000,1,899025.0,112720,656.6,100975,899025
2,2,1.0,1,0.01,1,1
3,2,2.0,2,0.02,1,2
100,2,89.0,66,0.49,11,89
200,2,177.0,126,0.9,23,177
2000,2,1767.0,1133,8.68,233,1767
10000,2,8928.0,5622,42.45,1072,8928
20000,2,17895.0,11843,79.06,2105,17895
40000,2,35813.0,18228,118.88,4187,35813
60000,2,53828.0,27923,174.87,6172,53828
80000,2,71802.0,39710,235.09,8198,71802
100000,2,89640.0,53179,324.21,10360,89640
200000,2,179531.0,73811,459.22,20469,179531
400000,2,359447.0,81407,511.4,40553,359447
600000,2,539601.0,93844,583.99,60399,539601
800000,2,719722.0,96980,603.66,80278,719722
1000000,2,899736.0,101623,632.22,100264,899736
2,3,2.0,1,0.01,0,2
3,3,3.0,2,0.02,0,3
100,3,89.0,67,0.49,11,89
200,3,181.0,145,1.09,19,181
2000,3,1802.0,877,6.82,198,1802
10000,3,8951.0,4275,33.01,1049,8951
20000,3,17899.0,10091,74.23,2101,17899
40000,3,35863.0,21941,167.71,4137,35863
60000,3,53837.0,28925,211.34,6163,53837
80000,3,71823.0,44542,294.13,8177,71823
100000,3,89743.0,57221,383.73,10257,89743
200000,3,179481.0,82597,572.31,20519,179481
400000,3,359237.0,100387,689.12,40763,359237
600000,3,538870.0,114364,780.37,61130,538870
800000,3,718898.0,116668,797.86,81102,718898
1000000,3,898942.0,117476,803.23,101058,898942
2,4,2.0,1,0.01,0,2
3,4,3.0,2,0.02,0,3
100,4,93.0,62,0.47,7,93
200,4,183.0,125,0.94,17,183
2000,4,1778.0,1146,8.25,222,1778
10000,4,8914.0,6576,45.61,1086,8914
20000,4,17917.0,11627,78.17,2083,17917
40000,4,35845.0,17362,112.44,4155,35845
60000,4,53883.0,21937,143.74,6117,53883
80000,4,71743.0,30280,193.69,8257,71743
100000,4,89738.0,38062,233.99,10262,89738
200000,4,179655.0,49837,301.54,20345,179655
400000,4,359671.0,77436,472.12,40329,359671
600000,4,539605.0,90215,549.34,60395,539605
800000,4,719509.0,98889,599.58,80491,719509
1000000,4,899530.0,106341,638.62,100470,899530
2,5,2.0,1,0.01,0,2
3,5,2.0,2,0.02,1,2
100,5,90.0,58,0.4,10,90
200,5,173.0,123,0.87,27,173
2000,5,1792.0,1102,8.6,208,1792
10000,5,8948.0,4956,39.76,1052,8948
20000,5,17879.0,8785,70.81,2121,17879
40000,5,35821.0,15883,128.93,4179,35821
60000,5,53768.0,30348,213.37,6232,53768
80000,5,71751.0,36098,244.88,8249,71751
100000,5,89711.0,42861,285.42,10289,89711
200000,5,179498.0,61968,412.46,20502,179498
400000,5,359553.0,79693,512.96,40447,359553
600000,5,539604.0,83574,534.05,60396,539604
800000,5,719600.0,86386,549.66,80400,719600
1000000,5,899366.0,104906,646.17,100634,899366
2,6,2.0,1,0.01,0,2
3,6,2.0,2,0.02,1,2
100,6,86.0,65,0.48,14,86
200,6,170.0,146,1.06,30,170
2000,6,1789.0,1262,9.94,211,1789
10000,6,8938.0,6663,49.53,1062,8938
20000,6,17841.0,13021,96.42,2159,17841
40000,6,35845.0,18617,130.02,4155,35845
60000,6,53758.0,25672,180.88,6242,53758
80000,6,71722.0,29027,206.63,8278,71722
100000,6,89753.0,31359,225.83,10247,89753
200000,6,179840.0,39324,277.04,20160,179840
400000,6,359743.0,54579,382.1,40257,359743
600000,6,539506.0,70739,468.95,60494,539506
800000,6,719000.0,87674,579.77,81000,719000
1000000,6,898928.0,93263,614.21,101072,898928
2,7,2.0,1,0.01,0,2
3,7,3.0,2,0.02,0,3
100,7,95.0,74,0.56,5,95
200,7,177.0,143,1.04,23,177
2000,7,1783.0,1616,12.47,217,1783
10000,7,8938.0,6981,53.41,1062,8938
20000,7,17866.0,12915,95.11,2134,17866
40000,7,35837.0,23962,176.53,4163,35837
60000,7,53756.0,32624,249.91,6244,53756
80000,7,71663.0,48878,345.64,8337,71663
100000,7,89700.0,50369,356.05,10300,89700
200000,7,179621.0,66026,464.59,20379,179621
400000,7,359304.0,98907,698.61,40696,359304
600000,7,539110.0,118163,817.05,60890,539110
800000,7,719100.0,124468,864.74,80900,719100
1000000,7,899182.0,127206,884.13,100818,899182
2,8,2.0,1,0.01,0,2
3,8,3.0,2,0.02,0,3
100,8,86.0,61,0.45,14,86
200,8,176.0,120,0.9,24,176
2000,8,1797.0,1247,9.21,203,1797
10000,8,9000.0,5141,38.73,1000,9000
20000,8,17891.0,10383,84.45,2109,17891
40000,8,35810.0,15416,125.42,4190,35810
60000,8,53778.0,20478,156.17,6222,53778
80000,8,71710.0,23570,183.81,8290,71710
100000,8,89711.0,24393,190.13,10289,89711
200000,8,179694.0,36526,266.08,20306,179694
400000,8,359777.0,57353,375.42,40223,359777
600000,8,539741.0,67035,440.41,60259,539741
800000,8,719794.0,69444,454.76,80206,719794
1000000,8,899757.0,88125,549.41,100243,899757
2,9,2.0,1,0.01,0,2
3,9,3.0,2,0.02,0,3
100,9,86.0,52,0.37,14,86
200,9,178.0,101,0.68,22,178
2000,9,1789.0,919,6.64,211,1789
10000,9,8982.0,6153,43.47,1018,8982
20000,9,17948.0,9918,70.29,2052,17948
40000,9,35853.0,20005,139.13,4147,35853
60000,9,53753.0,29221,192.21,6247,53753
80000,9,71696.0,33394,224.33,8304,71696
100000,9,89708.0,36337,243.99,10292,89708
200000,9,179509.0,51215,331.91,20491,179509
400000,9,359489.0,65374,414.38,40511,359489
600000,9,539401.0,82439,503.28,60599,539401
800000,9,719216.0,87356,543.94,80784,719216
1000000,9,899031.0,96941,634.84,100969,899031
2,10,2.0,1,0.01,0,2
3,10,3.0,2,0.02,0,3
100,10,89.0,60,0.47,11,89
200,10,179.0,144,1.02,21,179
2000,10,1793.0,1123,7.9,207,1793
10000,10,8947.0,4489,33.64,1053,8947
20000,10,17974.0,10451,70.06,2026,17974
40000,10,35877.0,19376,133.45,4123,35877
60000,10,53819.0,28826,196.69,6181,53819
80000,10,71730.0,35279,242.46,8270,71730
100000,10,89705.0,46995,304.48,10295,89705
200000,10,179547.0,78808,500.78,20453,179547
400000,10,359226.0,104423,668.93,40774,359226
600000,10,539231.0,111580,715.38,60769,539231
800000,10,719591.0,111580,715.38,80409,719591
1000000,10,899585.0,112615,721.2,100415,899585
2,11,2.0,1,0.01,0,2
3,11,3.0,2,0.02,0,3
100,11,92.0,76,0.54,8,92
200,11,177.0,140,1.05,23,177
2000,11,1772.0,1389,10.78,228,1772
10000,11,8954.0,6026,41.67,1046,8954
20000,11,17887.0,9534,64.91,2113,17887
40000,11,35784.0,18313,119.92,4216,35784
60000,11,53703.0,25829,164.71,6297,53703
80000,11,71637.0,38293,231.77,8363,71637
100000,11,89650.0,39555,239.97,10350,89650
200000,11,179483.0,56966,347.65,20517,179483
400000,11,359573.0,73652,463.88,40427,359573
600000,11,539344.0,102311,627.25,60656,539344
800000,11,719391.0,116298,702.4,80609,719391
1000000,11,899285.0,129841,770.84,100715,899285
2,12,1.0,1,0.01,1,1
3,12,2.0,2,0.02,1,2
100,12,88.0,76,0.59,12,88
200,12,177.0,146,1.08,23,177
2000,12,1790.0,1476,10.7,210,1790
10000,12,8958.0,6199,47.35,1042,8958
20000,12,17884.0,12176,92.3,2116,17884
40000,12,35730.0,21422,172.83,4270,35730
60000,12,53789.0,22349,181.16,6211,53789
80000,12,71798.0,24885,199.34,8202,71798
100000,12,89657.0,36041,266.03,10343,89657
200000,12,179631.0,49997,372.09,20369,179631
400000,12,359130.0,69216,499.63,40870,359130
600000,12,538992.0,76606,542.36,61008,538992
800000,12,718684.0,92996,634.76,81316,718684
1000000,12,898738.0,93232,635.95,101262,898738
2,13,2.0,1,0.01,0,2
3,13,2.0,2,0.02,1,2
100,13,90.0,63,0.41,10,90
200,13,182.0,130,0.84,18,182
2000,13,1787.0,1349,9.52,213,1787
10000,13,8952.0,5512,37.36,1048,8952
20000,13,17969.0,10468,69.05,2031,17969
40000,13,35974.0,18203,119.1,4026,35974
60000,13,53919.0,29649,194.66,6081,53919
80000,13,71755.0,38801,255.5,8245,71755
100000,13,89672.0,45281,299.84,10328,89672
200000,13,179481.0,67717,436.36,20519,179481
400000,13,359192.0,107953,662.97,40808,359192
600000,13,538818.0,137616,849.22,61182,538818
800000,13,718822.0,139580,864.93,81178,718822
1000000,13,898810.0,154124,940.42,101190,898810
2,14,2.0,1,0.01,0,2
3,14,3.0,2,0.02,0,3
100,14,96.0,66,0.48,4,96
200,14,183.0,122,0.89,17,183
2000,14,1791.0,1316,9.65,209,1791
10000,14,8920.0,4305,33.68,1080,8920
20000,14,17894.0,9589,77.58,2106,17894
40000,14,35906.0,14592,109.63,4094,35906
60000,14,53869.0,19962,153.42,6131,53869
80000,14,71839.0,25442,189.73,8161,71839
100000,14,89789.0,35185,268.72,10211,89789
200000,14,179514.0,53149,381.02,20486,179514
400000,14,359302.0,102984,664.55,40698,359302
600000,14,539092.0,131006,831.92,60908,539092
800000,14,719191.0,137843,887.95,80809,719191
1000000,14,898735.0,167380,1041.77,101265,898735
2,15,2.0,1,0.01,0,2
3,15,3.0,2,0.02,0,3
100,15,91.0,67,0.55,9,91
200,15,184.0,144,1.12,16,184
2000,15,1770.0,1156,9.15,230,1770
10000,15,8940.0,5590,36.71,1060,8940
20000,15,17963.0,10461,72.67,2037,17963
40000,15,35913.0,18315,125.6,4087,35913
60000,15,53869.0,27022,184.11,6131,53869
80000,15,71907.0,34716,224.21,8093,71907
100000,15,89932.0,36633,238.44,10068,89932
200000,15,179911.0,51770,339.46,20089,179911
400000,15,359529.0,82729,536.56,40471,359529
600000,15,539309.0,105683,657.75,60691,539309
800000,15,719285.0,115588,710.58,80715,719285
1000000,15,899414.0,116676,716.12,100586,899414
2,16,2.0,1,0.01,0,2
3,16,3.0,2,0.02,0,3
100,16,88.0,68,0.5,12,88
200,16,172.0,123,0.85,28,172
2000,16,1795.0,1169,8.53,205,1795
10000,16,9019.0,5170,39.46,981,9019
20000,16,17973.0,10286,81.17,2027,17973
40000,16,35905.0,19315,144.73,4095,35905
60000,16,53871.0,29087,203.73,6129,53871
80000,16,71759.0,38909,265.88,8241,71759
100000,16,89851.0,39905,274.58,10149,89851
200000,16,179865.0,54799,389.27,20135,179865
400000,16,359835.0,69798,497.79,40165,359835
600000,16,539848.0,74553,533.72,60152,539848
800000,16,719791.0,81265,577.88,80209,719791
1000000,16,899845.0,88201,635.72,100155,899845
2,17,2.0,1,0.01,0,2
3,17,3.0,2,0.02,0,3
100,17,91.0,61,0.44,9,91
200,17,181.0,117,0.82,19,181
2000,17,1819.0,1375,9.66,181,1819
10000,17,8975.0,6202,49.82,1025,8975
20000,17,17926.0,12974,96.2,2074,17926
40000,17,35780.0,24058,173.72,4220,35780
60000,17,53750.0,32818,234.63,6250,53750
80000,17,71756.0,39068,292.16,8244,71756
100000,17,89719.0,44591,327.17,10281,89719
200000,17,179600.0,68861,486.08,20400,179600
400000,17,359307.0,117391,770.83,40693,359307
600000,17,539269.0,130270,859.33,60731,539269
800000,17,718894.0,154117,993.64,81106,718894
1000000,17,898706.0,161642,1041.1,101294,898706
2,18,1.0,1,0.01,1,1
3,18,2.0,2,0.02,1,2
100,18,90.0,71,0.57,10,90
200,18,183.0,152,1.14,17,183
2000,18,1791.0,1283,8.88,209,1791
10000,18,8923.0,6737,46.2,1077,8923
20000,18,17867.0,13501,93.76,2133,17867
40000,18,35827.0,21753,151.91,4173,35827
60000,18,53743.0,28583,202.95,6257,53743
80000,18,71682.0,37456,266.38,8318,71682
100000,18,89722.0,43058,298.5,10278,89722
200000,18,179724.0,55504,377.1,20276,179724
400000,18,359412.0,81479,529.13,40588,359412
600000,18,539590.0,88332,579.63,60410,539590
800000,18,719380.0,112502,713.95,80620,719380
1000000,18,899291.0,136188,841.67,100709,899291
2,19,2.0,1,0.01,0,2
3,19,3.0,2,0.02,0,3
100,19,91.0,69,0.5,9,91
200,19,180.0,126,0.87,20,180
2000,19,1791.0,1192,9.37,209,1791
10000,19,8933.0,6405,49.28,1067,8933
20000,19,17900.0,11840,87.24,2100,17900
40000,19,35915.0,18910,147.96,4085,35915
60000,19,53871.0,25373,203.97,6129,53871
80000,19,71794.0,33253,257.22,8206,71794
100000,19,89747.0,39908,304.43,10253,89747
200000,19,179650.0,55047,434.63,20350,179650
400000,19,359443.0,72893,563.08,40557,359443
600000,19,539364.0,78206,599.5,60636,539364
800000,19,719484.0,84508,652.14,80516,719484
1000000,19,899514.0,86554,666.8,100486,899514
2,20,2.0,1,0.01,0,2
3,20,3.0,2,0.02,0,3
100,20,88.0,63,0.47,12,88
200,20,176.0,136,0.94,24,176
2000,20,1768.0,1072,7.93,232,1768
10000,20,8944.0,6054,43.78,1056,8944
20000,20,17878.0,10427,78.58,2122,17878
40000,20,35835.0,18009,134.67,4165,35835
60000,20,53793.0,24949,192.02,6207,53793
80000,20,71695.0,35101,248.16,8305,71695
100000,20,89720.0,37413,264.48,10280,89720
200000,20,179775.0,50486,354.38,20225,179775
400000,20,359367.0,88722,578.35,40633,359367
600000,20,539241.0,104076,685.91,60759,539241
800000,20,718967.0,123260,810.36,81033,718967
1000000,20,898887.0,124787,822.3,101113,898887
2,21,2.0,1,0.01,0,2
3,21,3.0,2,0.02,0,3
100,21,91.0,67,0.48,9,91
200,21,178.0,142,0.89,22,178
2000,21,1773.0,1015,6.94,227,1773
10000,21,8965.0,5438,42.41,1035,8965
20000,21,18011.0,9628,70.88,1989,18011
40000,21,35889.0,19674,155.5,4111,35889
60000,21,53871.0,29488,212.95,6129,53871
80000,21,71807.0,38830,281.78,8193,71807
100000,21,89759.0,44229,321.44,10241,89759
200000,21,179661.0,70454,469.12,20339,179661
400000,21,359449.0,99028,649.17,40551,359449
600000,21,539165.0,108075,706.83,60835,539165
800000,21,719122.0,125975,815.93,80878,719122
1000000,21,899144.0,133108,881.16,100856,899144
2,22,2.0,1,0.01,0,2
3,22,2.0,2,0.02,1,2
100,22,87.0,61,0.44,13,87
200,22,170.0,143,1.02,30,170
2000,22,1787.0,1192,7.94,213,1787
10000,22,8974.0,5938,41.09,1026,8974
20000,22,17919.0,12939,86.92,2081,17919
40000,22,35889.0,19738,134.0,4111,35889
60000,22,53799.0,28419,198.52,6201,53799
80000,22,71809.0,32188,220.16,8191,71809
100000,22,89853.0,37029,248.0,10147,89853
200000,22,179844.0,57896,376.31,20156,179844
400000,22,359594.0,72810,469.46,40406,359594
600000,22,539273.0,109814,658.23,60727,539273
800000,22,719193.0,114751,692.02,80807,719193
1000000,22,898968.0,122445,746.23,101032,898968
2,23,2.0,1,0.01,0,2
3,23,3.0,2,0.02,0,3
100,23,82.0,73,0.49,18,82
200,23,173.0,137,0.92,27,173
2000,23,1781.0,1244,8.43,219,1781
10000,23,8927.0,6655,42.82,1073,8927
20000,23,17895.0,12801,77.2,2105,17895
40000,23,35728.0,21501,132.74,4272,35728
60000,23,53648.0,28239,169.88,6352,53648
80000,23,71651.0,43273,245.49,8349,71651
100000,23,89642.0,48163,270.11,10358,89642
200000,23,179386.0,69756,396.83,20614,179386
400000,23,359006.0,99527,596.41,40994,359006
600000,23,538861.0,115208,685.26,61139,538861
800000,23,718720.0,123015,726.46,81280,718720
1000000,23,898700.0,129422,764.02,101300,898700
2,24,2.0,1,0.01,0,2
3,24,3.0,2,0.02,0,3
100,24,92.0,62,0.47,8,92
200,24,180.0,139,1.05,20,180
2000,24,1780.0,1295,10.37,220,1780
10000,24,8978.0,5369,42.75,1022,8978
20000,24,17943.0,9554,69.79,2057,17943
40000,24,35879.0,18513,131.15,4121,35879
60000,24,53714.0,27927,186.23,6286,53714
80000,24,71617.0,33446,220.85,8383,71617
100000,24,89559.0,36096,236.02,10441,89559
200000,24,179360.0,52187,342.07,20640,179360
400000,24,359071.0,74533,461.65,40929,359071
600000,24,538770.0,93381,567.15,61230,538770
800000,24,718578.0,96890,584.94,81422,718578
1000000,24,898678.0,96890,584.94,101322,898678
2,25,2.0,1,0.01,0,2
3,25,3.0,2,0.02,0,3
100,25,90.0,71,0.55,10,90
200,25,179.0,108,0.85,21,179
2000,25,1796.0,793,5.3,204,1796
10000,25,8959.0,4671,32.67,1041,8959
20000,25,17909.0,9930,73.91,2091,17909
40000,25,35815.0,20739,152.26,4185,35815
60000,25,53770.0,27572,193.91,6230,53770
80000,25,71625.0,39362,264.36,8375,71625
100000,25,89525.0,49642,328.91,10475,89525
200000,25,179378.0,72252,478.02,20622,179378
400000,25,359000.0,110896,712.28,41000,359000
600000,25,538846.0,119601,764.9,61154,538846
800000,25,718875.0,122288,781.26,81125,718875
1000000,25,898745.0,129357,824.63,101255,898745
2,26,2.0,1,0.01,0,2
3,26,3.0,2,0.02,0,3
100,26,91.0,60,0.47,9,91
200,26,182.0,122,0.94,18,182
2000,26,1811.0,980,7.53,189,1811
10000,26,8929.0,5103,38.92,1071,8929
20000,26,17862.0,8630,65.45,2138,17862
40000,26,35849.0,15031,103.05,4151,35849
60000,26,53741.0,21054,138.77,6259,53741
80000,26,71690.0,23898,160.19,8310,71690
100000,26,89670.0,26543,181.16,10330,89670
200000,26,179606.0,44948,337.08,20394,179606
400000,26,359634.0,56979,408.8,40366,359634
600000,26,539797.0,60677,435.36,60203,539797
800000,26,720085.0,60769,435.87,79915,720085
1000000,26,900073.0,78572,526.99,99927,900073
2,27,2.0,1,0.01,0,2
3,27,3.0,2,0.02,0,3
100,27,90.0,72,0.54,10,90
200,27,178.0,148,1.11,22,178
2000,27,1791.0,1261,8.62,209,1791
10000,27,8939.0,6439,43.01,1061,8939
20000,27,17911.0,10376,71.79,2089,17911
40000,27,35844.0,19788,126.47,4156,35844
60000,27,53786.0,28184,180.84,6214,53786
80000,27,71780.0,38533,243.21,8220,71780
100000,27,89683.0,45908,293.7,10317,89683
200000,27,179373.0,77136,488.28,20627,179373
400000,27,359247.0,108115,679.74,40753,359247
600000,27,539084.0,115069,728.42,60916,539084
800000,27,718961.0,126581,788.28,81039,718961
1000000,27,898964.0,128344,797.49,101036,898964
2,28,2.0,1,0.01,0,2
3,28,3.0,2,0.02,0,3
100,28,92.0,69,0.5,8,92
200,28,179.0,128,0.94,21,179
2000,28,1816.0,989,6.87,184,1816
10000,28,8996.0,4462,32.27,1004,8996
20000,28,17922.0,7995,58.64,2078,17922
40000,28,35992.0,14928,117.12,4008,35992
60000,28,54024.0,16947,130.9,5976,54024
80000,28,72014.0,24868,176.52,7986,72014
100000,28,89973.0,28462,197.55,10027,89973
200000,28,179746.0,49812,317.14,20254,179746
400000,28,359530.0,91531,569.44,40470,359530
600000,28,539546.0,100952,629.53,60454,539546
800000,28,719726.0,116810,709.18,80274,719726
1000000,28,899700.0,121697,737.52,100300,899700
2,29,2.0,1,0.01,0,2
3,29,3.0,2,0.02,0,3
100,29,89.0,69,0.54,11,89
200,29,177.0,127,0.97,23,177
2000,29,1784.0,1091,7.86,216,1784
10000,29,8984.0,4685,33.5,1016,8984
20000,29,17962.0,9035,60.3,2038,17962
40000,29,35940.0,14308,92.77,4060,35940
60000,29,53850.0,21874,155.71,6150,53850
80000,29,71805.0,30817,209.94,8195,71805
100000,29,89816.0,36931,243.68,10184,89816
200000,29,179821.0,45411,302.4,20179,179821
400000,29,359593.0,64120,462.75,40407,359593
600000,29,539492.0,78832,547.38,60508,539492
800000,29,719554.0,82967,568.51,80446,719554
1000000,29,899664.0,86044,584.86,100336,899664
2,30,2.0,1,0.01,0,2
3,30,3.0,2,0.02,0,3
100,30,96.0,65,0.5,4,96
200,30,186.0,145,1.07,14,186
2000,30,1818.0,1423,10.33,182,1818
10000,30,8962.0,7205,50.57,1038,8962
20000,30,17923.0,13375,98.22,2077,17923
40000,30,35948.0,22167,150.61,4052,35948
60000,30,53877.0,28198,188.24,6123,53877
80000,30,71762.0,40173,271.31,8238,71762
100000,30,89717.0,52165,339.32,10283,89717
200000,30,179646.0,74962,487.56,20354,179646
400000,30,359444.0,95022,615.19,40556,359444
600000,30,539275.0,106862,701.56,60725,539275
800000,30,719241.0,113128,734.53,80759,719241
1000000,30,899029.0,122977,821.62,100971,899029
2,31,2.0,1,0.01,0,2
3,31,3.0,2,0.02,0,3
100,31,91.0,85,0.6,9,91
200,31,176.0,171,1.25,24,176
2000,31,1794.0,1049,8.14,206,1794
10000,31,8967.0,5118,36.93,1033,8967
20000,31,17923.0,9470,72.54,2077,17923
40000,31,35818.0,20065,144.35,4182,35818
60000,31,53745.0,30337,207.77,6255,53745
80000,31,71682.0,35617,240.94,8318,71682
100000,31,89583.0,48968,313.75,10417,89583
200000,31,179434.0,63467,422.69,20566,179434
400000,31,359416.0,75870,500.39,40584,359416
600000,31,539460.0,84923,548.38,60540,539460
800000,31,719436.0,91075,579.85,80564,719436
1000000,31,899387.0,93973,602.02,100613,899387
2,32,2.0,1,0.01,0,2
3,32,3.0,2,0.02,0,3
100,32,89.0,74,0.52,11,89
200,32,177.0,140,1.01,23,177
2000,32,1803.0,1377,10.23,197,1803
10000,32,8990.0,6917,45.05,1010,8990
20000,32,17897.0,12390,86.69,2103,17897
40000,32,35847.0,22878,156.48,4153,35847
60000,32,53808.0,29897,208.53,6192,53808
80000,32,71762.0,36974,255.28,8238,71762
100000,32,89742.0,41289,280.43,10258,89742
200000,32,179733.0,64642,450.85,20267,179733
400000,32,359714.0,80910,552.02,40286,359714
600000,32,539602.0,97017,669.41,60398,539602
800000,32,719385.0,130062,854.42,80615,719385
1000000,32,899380.0,144200,952.99,100620,899380
2,33,2.0,1,0.01,0,2
3,33,3.0,2,0.02,0,3
100,33,86.0,71,0.48,14,86
200,33,173.0,106,0.73,27,173
2000,33,1793.0,833,5.98,207,1793
10000,33,8956.0,5681,39.72,1044,8956
20000,33,17894.0,10092,70.61,2106,17894
40000,33,35840.0,16896,117.86,4160,35840
60000,33,53879.0,22928,163.2,6121,53879
80000,33,71850.0,26456,193.76,8150,71850
100000,33,89820.0,35953,248.36,10180,89820
200000,33,179674.0,49542,338.37,20326,179674
400000,33,359420.0,67048,444.1,40580,359420
600000,33,539265.0,87703,558.16,60735,539265
800000,33,719188.0,113911,689.94,80812,719188
1000000,33,899260.0,116551,712.57,100740,899260
2,34,1.0,1,0.01,1,1
3,34,2.0,2,0.02,1,2
100,34,91.0,68,0.52,9,91
200,34,185.0,133,0.94,15,185
2000,34,1813.0,1127,7.87,187,1813
10000,34,9023.0,5232,36.15,977,9023
20000,34,17990.0,10465,75.6,2010,17990
40000,34,35946.0,16638,118.55,4054,35946
60000,34,53947.0,22770,160.73,6053,53947
80000,34,72026.0,25038,179.89,7974,72026
100000,34,90061.0,27835,199.82,9939,90061
200000,34,179990.0,52256,337.93,20010,179990
400000,34,359698.0,82071,504.84,40302,359698
600000,34,539599.0,97137,586.21,60401,539599
800000,34,719293.0,124849,752.55,80707,719293
1000000,34,899234.0,152016,890.01,100766,899234
2,35,1.0,1,0.01,1,1
3,35,2.0,2,0.02,1,2
100,35,87.0,74,0.55,13,87
200,35,180.0,156,1.13,20,180
2000,35,1782.0,1322,9.09,218,1782
10000,35,8928.0,5357,38.3,1072,8928
20000,35,17881.0,10463,70.95,2119,17881
40000,35,35785.0,19229,129.57,4215,35785
60000,35,53802.0,21922,145.5,6198,53802
80000,35,71829.0,26661,177.8,8171,71829
100000,35,89792.0,32638,223.65,10208,89792
200000,35,179570.0,53960,360.15,20430,179570
400000,35,359292.0,89090,598.24,40708,359292
600000,35,538948.0,128243,875.39,61052,538948
800000,35,718717.0,156900,1023.65,81283,718717
1000000,35,898468.0,169275,1090.01,101532,898468
2,36,1.0,1,0.01,1,1
3,36,2.0,2,0.02,1,2
100,36,90.0,65,0.52,10,90
200,36,180.0,127,0.98,20,180
2000,36,1790.0,1100,9.03,210,1790
10000,36,8973.0,5279,41.73,1027,8973
20000,36,17936.0,9418,75.08,2064,17936
40000,36,35920.0,16164,137.59,4080,35920
60000,36,53916.0,19882,168.51,6084,53916
80000,36,71898.0,23639,205.18,8102,71898
100000,36,89905.0,25747,223.91,10095,89905
200000,36,179966.0,31429,278.74,20034,179966
400000,36,359838.0,53609,405.53,40162,359838
600000,36,539682.0,85788,600.92,60318,539682
800000,36,719458.0,115905,784.56,80542,719458
1000000,36,899522.0,124844,844.17,100478,899522
2,37,2.0,1,0.01,0,2
3,37,3.0,2,0.02,0,3
100,37,87.0,72,0.59,13,87
200,37,177.0,131,1.04,23,177
2000,37,1793.0,1210,8.06,207,1793
10000,37,8919.0,5180,38.4,1081,8919
20000,37,17923.0,8751,68.84,2077,17923
40000,37,35872.0,14450,116.51,4128,35872
60000,37,53858.0,19827,146.97,6142,53858
80000,37,71815.0,30389,203.39,8185,71815
100000,37,89775.0,32324,216.76,10225,89775
200000,37,179688.0,56574,362.47,20312,179688
400000,37,359545.0,75787,484.0,40455,359545
600000,37,539534.0,84457,531.77,60466,539534
800000,37,719865.0,85308,536.11,80135,719865
1000000,37,899749.0,88654,554.5,100251,899749
2,38,1.0,1,0.01,1,1
3,38,2.0,2,0.02,1,2
100,38,92.0,61,0.47,8,92
200,38,184.0,119,0.91,16,184
2000,38,1793.0,994,7.57,207,1793
10000,38,8972.0,4951,38.05,1028,8972
20000,38,17960.0,8488,67.93,2040,17960
40000,38,35915.0,16813,121.97,4085,35915
60000,38,53884.0,25398,173.7,6116,53884
80000,38,71846.0,29071,199.8,8154,71846
100000,38,89781.0,31774,220.22,10219,89781
200000,38,179513.0,51000,365.0,20487,179513
400000,38,359521.0,57325,409.27,40479,359521
600000,38,539579.0,77318,510.2,60421,539579
800000,38,719214.0,99626,640.66,80786,719214
1000000,38,899226.0,101228,650.46,100774,899226
2,39,2.0,1,0.01,0,2
3,39,3.0,2,0.02,0,3
100,39,89.0,77,0.62,11,89
200,39,181.0,146,1.15,19,181
2000,39,1811.0,1238,9.58,189,1811
10000,39,8993.0,6173,46.23,1007,8993
20000,39,17999.0,9518,70.63,2001,17999
40000,39,35898.0,19739,157.75,4102,35898
60000,39,53827.0,24798,199.8,6173,53827
80000,39,71802.0,31815,253.89,8198,71802
100000,39,89845.0,33364,262.08,10155,89845
200000,39,179783.0,56893,418.17,20217,179783
400000,39,359390.0,99947,668.05,40610,359390
600000,39,539292.0,113491,767.66,60708,539292
800000,39,719246.0,115708,784.47,80754,719246
1000000,39,899247.0,123899,832.43,100753,899247
2,40,2.0,1,0.01,0,2
3,40,2.0,2,0.02,1,2
100,40,88.0,66,0.45,12,88
200,40,174.0,132,0.92,26,174
2000,40,1785.0,1280,9.17,215,1785
10000,40,8934.0,6511,45.1,1066,8934
20000,40,17912.0,9909,69.98,2088,17912
40000,40,35841.0,20444,143.95,4159,35841
60000,40,53792.0,27034,187.83,6208,53792
80000,40,71726.0,31147,218.69,8274,71726
100000,40,89743.0,35570,259.35,10257,89743
200000,40,179870.0,45719,317.43,20130,179870
400000,40,359711.0,65959,486.18,40289,359711
600000,40,539546.0,91536,645.02,60454,539546
800000,40,719315.0,107730,749.52,80685,719315
1000000,40,899175.0,117655,808.52,100825,899175
2,41,2.0,1,0.01,0,2
3,41,3.0,2,0.02,0,3
100,41,90.0,65,0.48,10,90
200,41,182.0,120,0.86,18,182
2000,41,1786.0,1235,9.54,214,1786
10000,41,8972.0,5892,38.16,1028,8972
20000,41,17890.0,11154,75.76,2110,17890
40000,41,35783.0,17325,114.1,4217,35783
60000,41,53666.0,22685,148.47,6334,53666
80000,41,71649.0,23902,156.23,8351,71649
100000,41,89622.0,28852,185.12,10378,89622
200000,41,179413.0,58804,346.22,20587,179413
400000,41,359471.0,77519,480.35,40529,359471
600000,41,539665.0,80827,499.96,60335,539665
800000,41,719746.0,89272,543.92,80254,719746
1000000,41,899725.0,95024,578.58,100275,899725
2,42,2.0,1,0.01,0,2
3,42,3.0,2,0.02,0,3
100,42,90.0,72,0.55,10,90
200,42,179.0,148,1.15,21,179
2000,42,1766.0,1106,8.34,234,1766
10000,42,8963.0,4258,29.35,1037,8963
20000,42,17921.0,7802,53.97,2079,17921
40000,42,35893.0,15616,99.75,4107,35893
60000,42,53849.0,24513,147.07,6151,53849
80000,42,71839.0,31010,200.08,8161,71839
100000,42,89884.0,34249,229.54,10116,89884
200000,42,179873.0,55413,351.19,20127,179873
400000,42,359424.0,104778,636.99,40576,359424
600000,42,539449.0,129725,779.83,60551,539449
800000,42,719512.0,133529,799.95,80488,719512
1000000,42,899309.0,152812,899.17,100691,899309
2,43,2.0,1,0.01,0,2
3,43,3.0,2,0.02,0,3
100,43,90.0,62,0.45,10,90
200,43,184.0,125,0.88,16,184
2000,43,1790.0,1365,9.4,210,1790
10000,43,8965.0,6240,40.33,1035,8965
20000,43,17931.0,12126,83.85,2069,17931
40000,43,35815.0,20430,146.14,4185,35815
60000,43,53745.0,28702,212.76,6255,53745
80000,43,71720.0,33207,243.96,8280,71720
100000,43,89681.0,38252,275.71,10319,89681
200000,43,179537.0,62925,424.11,20463,179537
400000,43,359329.0,79958,525.91,40671,359329
600000,43,539257.0,108175,676.31,60743,539257
800000,43,719312.0,113609,723.85,80688,719312
1000000,43,899327.0,115541,735.49,100673,899327
2,44,1.0,1,0.01,1,1
3,44,2.0,2,0.02,1,2
100,44,92.0,69,0.5,8,92
200,44,186.0,126,0.95,14,186
2000,44,1785.0,1231,9.01,215,1785
10000,44,8943.0,4468,30.11,1057,8943
20000,44,17896.0,10003,72.73,2104,17896
40000,44,35826.0,21758,159.7,4174,35826
60000,44,53714.0,29994,218.24,6286,53714
80000,44,71634.0,39589,276.98,8366,71634
100000,44,89552.0,43194,300.23,10448,89552
200000,44,179414.0,66618,454.38,20586,179414
400000,44,359253.0,85186,577.02,40747,359253
600000,44,539101.0,95152,640.53,60899,539101
800000,44,719073.0,109163,713.76,80927,719073
1000000,44,898937.0,112483,738.43,101063,898937
2,45,2.0,1,0.01,0,2
3,45,2.0,2,0.02,1,2
100,45,85.0,62,0.48,15,85
200,45,174.0,121,1.01,26,174
2000,45,1782.0,1305,9.61,218,1782
10000,45,8947.0,7220,52.72,1053,8947
20000,45,17895.0,13842,95.68,2105,17895
40000,45,35798.0,24068,168.5,4202,35798
60000,45,53690.0,33790,232.01,6310,53690
80000,45,71674.0,51101,322.35,8326,71674
100000,45,89633.0,59581,367.61,10367,89633
200000,45,179358.0,83156,532.2,20642,179358
400000,45,359512.0,95362,602.56,40488,359512
600000,45,539197.0,119979,736.91,60803,539197
800000,45,719086.0,132919,814.54,80914,719086
1000000,45,898917.0,139968,853.05,101083,898917
2,46,2.0,1,0.01,0,2
3,46,3.0,2,0.02,0,3
100,46,90.0,72,0.59,10,90
200,46,176.0,136,1.1,24,176
2000,46,1799.0,1190,8.95,201,1799
10000,46,8965.0,5510,40.66,1035,8965
20000,46,17920.0,11717,91.44,2080,17920
40000,46,35857.0,21159,163.58,4143,35857
60000,46,53792.0,30047,224.7,6208,53792
80000,46,71767.0,34696,254.41,8233,71767
100000,46,89829.0,36315,263.0,10171,89829
200000,46,179727.0,47905,353.11,20273,179727
400000,46,359592.0,69438,479.05,40408,359592
600000,46,539517.0,88602,587.5,60483,539517
800000,46,719531.0,92515,610.17,80469,719531
1000000,46,899936.0,92515,610.17,100064,899936
2,47,1.0,1,0.01,1,1
3,47,2.0,2,0.02,1,2
100,47,88.0,67,0.5,12,88
200,47,171.0,139,1.05,29,171
2000,47,1795.0,1306,10.2,205,1795
10000,47,8981.0,6244,44.79,1019,8981
20000,47,17945.0,9940,68.85,2055,17945
40000,47,35844.0,19302,133.71,4156,35844
60000,47,53841.0,28448,183.39,6159,53841
80000,47,71811.0,32817,210.03,8189,71811
100000,47,89785.0,38130,240.06,10215,89785
200000,47,179724.0,54226,328.21,20276,179724
400000,47,359562.0,91558,530.56,40438,359562
600000,47,539665.0,99041,583.66,60335,539665
800000,47,719605.0,107845,637.1,80395,719605
1000000,47,899445.0,124198,750.67,100555,899445
2,48,2.0,1,0.01,0,2
3,48,3.0,2,0.02,0,3
100,48,88.0,66,0.53,12,88
200,48,177.0,127,1.01,23,177
2000,48,1821.0,1288,10.0,179,1821
10000,48,9004.0,5655,42.28,996,9004
20000,48,17940.0,12120,92.96,2060,17940
40000,48,35814.0,24367,176.15,4186,35814
60000,48,53765.0,32073,219.9,6235,53765
80000,48,71729.0,37556,264.09,8271,71729
100000,48,89682.0,44076,321.42,10318,89682
200000,48,179578.0,67016,454.79,20422,179578
400000,48,359271.0,85337,571.87,40729,359271
600000,48,539583.0,85566,573.31,60417,539583
800000,48,719413.0,95942,646.63,80587,719413
1000000,48,899471.0,99830,666.85,100529,899471
2,49,2.0,1,0.01,0,2
3,49,3.0,2,0.02,0,3
100,49,95.0,68,0.5,5,95
200,49,185.0,145,1.06,15,185
2000,49,1810.0,1367,10.12,190,1810
10000,49,9005.0,5598,37.53,995,9005
20000,49,18012.0,8238,54.8,1988,18012
40000,49,36017.0,15610,102.93,3983,36017
60000,49,54019.0,22623,144.31,5981,54019
80000,49,71981.0,29259,183.85,8019,71981
100000,49,89991.0,37016,239.97,10009,89991
200000,49,179926.0,59871,375.25,20074,179926
400000,49,359918.0,78626,482.58,40082,359918
600000,49,539810.0,93574,581.52,60190,539810
800000,49,719717.0,100116,633.41,80283,719717
1000000,49,899508.0,106379,669.18,100492,899508
2,50,2.0,1,0.01,0,2
3,50,3.0,2,0.02,0,3
100,50,94.0,56,0.42,6,94
200,50,190.0,121,0.96,10,190
2000,50,1792.0,1290,9.69,208,1792
10000,50,8976.0,4511,34.73,1024,8976
20000,50,17976.0,7213,53.82,2024,17976
40000,50,36026.0,12847,99.89,3974,36026
60000,50,53980.0,19401,152.08,6020,53980
80000,50,72043.0,26882,194.52,7957,72043
100000,50,90039.0,30152,217.94,9961,90039
200000,50,179744.0,48420,334.95,20256,179744
400000,50,359381.0,72392,477.51,40619,359381
600000,50,539406.0,79557,520.19,60594,539406
800000,50,719498.0,97287,617.32,80502,719498
1000000,50,899561.0,101314,638.88,100439,899561
2,51,2.0,1,0.01,0,2
3,51,3.0,2,0.02,0,3
100,51,89.0,70,0.51,11,89
200,51,175.0,129,0.94,25,175
2000,51,1776.0,1454,10.82,224,1776
10000,51,8938.0,6317,43.61,1062,8938
20000,51,17890.0,12836,88.58,2110,17890
40000,51,35817.0,21687,151.12,4183,35817
60000,51,53757.0,32531,216.59,6243,53757
80000,51,71651.0,37950,248.79,8349,71651
100000,51,89632.0,41538,272.81,10368,89632
200000,51,179446.0,62815,408.56,20554,179446
400000,51,359210.0,83328,531.33,40790,359210
600000,51,539216.0,102295,637.8,60784,539216
800000,51,719183.0,103748,645.73,80817,719183
1000000,51,898968.0,113684,698.82,101032,898968
2,52,1.0,1,0.01,1,1
3,52,2.0,2,0.02,1,2
100,52,86.0,62,0.46,14,86
200,52,171.0,128,0.96,29,171
2000,52,1775.0,1163,7.82,225,1775
10000,52,8949.0,6418,41.28,1051,8949
20000,52,17937.0,11247,78.88,2063,17937
40000,52,35780.0,21317,157.19,4220,35780
60000,52,53771.0,27865,218.28,6229,53771
80000,52,71802.0,30896,237.86,8198,71802
100000,52,89790.0,31502,243.29,10210,89790
200000,52,179623.0,51770,384.95,20377,179623
400000,52,359380.0,68107,496.93,40620,359380
600000,52,538998.0,83779,587.9,61002,538998
800000,52,719003.0,90587,625.71,80997,719003
1000000,52,898894.0,102501,742.53,101106,898894
2,53,2.0,1,0.01,0,2
3,53,2.0,2,0.02,1,2
100,53,85.0,72,0.5,15,85
200,53,169.0,150,1.07,31,169
2000,53,1778.0,1119,8.73,222,1778
10000,53,8946.0,4643,33.99,1054,8946
20000,53,17920.0,9451,66.63,2080,17920
40000,53,35796.0,17831,128.23,4204,35796
60000,53,53790.0,20786,152.17,6210,53790
80000,53,71796.0,22996,167.83,8204,71796
100000,53,89733.0,30566,211.35,10267,89733
200000,53,179515.0,55978,370.44,20485,179515
400000,53,359559.0,67001,450.53,40441,359559
600000,53,539280.0,80082,536.9,60720,539280
800000,53,719201.0,84913,565.02,80799,719201
1000000,53,899295.0,90772,595.18,100705,899295
2,54,2.0,1,0.01,0,2
3,54,3.0,2,0.02,0,3
100,54,86.0,54,0.4,14,86
200,54,179.0,108,0.73,21,179
2000,54,1794.0,1247,8.92,206,1794
10000,54,8947.0,6447,44.06,1053,8947
20000,54,17941.0,9712,65.89,2059,17941
40000,54,35865.0,15048,102.58,4135,35865
60000,54,53812.0,21790,160.91,6188,53812
80000,54,71915.0,22000,162.27,8085,71915
100000,54,89938.0,30582,210.64,10062,89938
200000,54,179759.0,55646,360.93,20241,179759
400000,54,359770.0,70180,442.36,40230,359770
600000,54,539560.0,89307,554.4,60440,539560
800000,54,719418.0,101777,637.59,80582,719418
1000000,54,899308.0,105871,664.45,100692,899308
2,55,2.0,1,0.01,0,2
3,55,3.0,2,0.02,0,3
100,55,84.0,75,0.63,16,84
200,55,173.0,146,1.14,27,173
2000,55,1772.0,1464,10.23,228,1772
10000,55,8942.0,6353,45.63,1058,8942
20000,55,17832.0,11847,85.29,2168,17832
40000,55,35764.0,19476,131.43,4236,35764
60000,55,53721.0,25046,170.71,6279,53721
80000,55,71682.0,33842,256.78,8318,71682
100000,55,89640.0,37439,280.74,10360,89640
200000,55,179433.0,63549,455.63,20567,179433
400000,55,359247.0,86171,592.06,40753,359247
600000,55,539253.0,102753,679.78,60747,539253
800000,55,719389.0,108031,715.15,80611,719389
1000000,55,899398.0,109324,722.84,100602,899398
2,56,1.0,1,0.01,1,1
3,56,2.0,2,0.02,1,2
100,56,87.0,72,0.59,13,87
200,56,176.0,135,1.08,24,176
2000,56,1809.0,1237,9.88,191,1809
10000,56,8958.0,6175,45.96,1042,8958
20000,56,17920.0,12251,85.89,2080,17920
40000,56,35814.0,26639,179.37,4186,35814
60000,56,53808.0,37098,238.14,6192,53808
80000,56,71687.0,48603,321.57,8313,71687
100000,56,89735.0,51170,334.99,10265,89735
200000,56,179434.0,92043,561.7,20566,179434
400000,56,359294.0,144784,862.11,40706,359294
600000,56,538972.0,179683,1073.82,61028,538972
800000,56,718929.0,192251,1147.68,81071,718929
1000000,56,898882.0,199439,1185.67,101118,898882
2,57,2.0,1,0.01,0,2
3,57,3.0,2,0.02,0,3
100,57,93.0,72,0.52,7,93
200,57,182.0,149,1.08,18,182
2000,57,1796.0,1141,8.05,204,1796
10000,57,8998.0,5977,40.89,1002,8998
20000,57,17929.0,12618,82.24,2071,17929
40000,57,35853.0,21426,140.81,4147,35853
60000,57,53732.0,26943,173.91,6268,53732
80000,57,71684.0,35191,229.39,8316,71684
100000,57,89645.0,43992,288.41,10355,89645
200000,57,179413.0,76890,491.01,20587,179413
400000,57,359152.0,103804,672.24,40848,359152
600000,57,538766.0,119937,764.83,61234,538766
800000,57,718665.0,129037,827.83,81335,718665
1000000,57,898544.0,135103,873.93,101456,898544
2,58,2.0,1,0.01,0,2
3,58,3.0,2,0.02,0,3
100,58,87.0,58,0.45,13,87
200,58,176.0,131,1.05,24,176
2000,58,1808.0,1112,8.62,192,1808
10000,58,8975.0,5192,40.91,1025,8975
20000,58,17927.0,8725,63.92,2073,17927
40000,58,35939.0,11271,82.85,4061,35939
60000,58,53852.0,20468,161.3,6148,53852
80000,58,71734.0,32483,233.44,8266,71734
100000,58,89762.0,34452,248.16,10238,89762
200000,58,179551.0,70695,459.79,20449,179551
400000,58,359194.0,88950,570.53,40806,359194
600000,58,539034.0,103010,665.8,60966,539034
800000,58,718841.0,159071,949.11,81159,718841
1000000,58,898726.0,166254,987.02,101274,898726
2,59,1.0,1,0.01,1,1
3,59,2.0,2,0.02,1,2
100,59,87.0,74,0.55,13,87
200,59,175.0,148,1.08,25,175
2000,59,1795.0,1592,11.71,205,1795
10000,59,8918.0,7022,51.99,1082,8918
20000,59,17868.0,11969,88.23,2132,17868
40000,59,35822.0,18303,138.48,4178,35822
60000,59,53771.0,27196,203.48,6229,53771
80000,59,71678.0,32786,238.41,8322,71678
100000,59,89711.0,35899,256.33,10289,89711
200000,59,179528.0,62315,403.41,20472,179528
400000,59,359579.0,78443,505.55,40421,359579
600000,59,538961.0,98018,621.26,61039,538961
800000,59,718962.0,109547,679.33,81038,718962
1000000,59,898728.0,120981,739.42,101272,898728
2,60,2.0,1,0.01,0,2
3,60,3.0,2,0.02,0,3
100,60,83.0,61,0.49,17,83
200,60,173.0,116,0.89,27,173
2000,60,1779.0,1227,9.3,221,1779
10000,60,8986.0,4443,38.15,1014,8986
20000,60,17976.0,9211,75.69,2024,17976
40000,60,35968.0,16274,124.09,4032,35968
60000,60,53912.0,23885,168.84,6088,53912
80000,60,71820.0,28750,211.46,8180,71820
100000,60,89789.0,36271,259.92,10211,89789
200000,60,179478.0,57201,396.9,20522,179478
400000,60,359409.0,69872,479.97,40591,359409
600000,60,539105.0,96057,633.52,60895,539105
800000,60,718870.0,109868,707.09,81130,718870
1000000,60,898985.0,110446,711.22,101015,898985
2,61,2.0,1,0.01,0,2
3,61,2.0,2,0.02,1,2
100,61,94.0,66,0.5,6,94
200,61,186.0,137,1.0,14,186
2000,61,1793.0,1250,8.78,207,1793
10000,61,9013.0,6136,38.76,987,9013
20000,61,17977.0,12649,85.54,2023,17977
40000,61,35978.0,22621,144.11,4022,35978
60000,61,53875.0,28222,177.83,6125,53875
80000,61,71865.0,33725,207.6,8135,71865
100000,61,89840.0,44437,291.84,10160,89840
200000,61,179589.0,75080,479.32,20411,179589
400000,61,359393.0,106266,662.35,40607,359393
600000,61,539288.0,118846,756.35,60712,539288
800000,61,719040.0,129752,840.57,80960,719040
1000000,61,899103.0,136636,875.56,100897,899103
2,62,2.0,1,0.01,0,2
3,62,3.0,2,0.02,0,3
100,62,83.0,70,0.56,17,83
200,62,174.0,154,1.2,26,174
2000,62,1788.0,1124,9.05,212,1788
10000,62,8973.0,6412,44.17,1027,8973
20000,62,17942.0,11649,84.53,2058,17942
40000,62,35836.0,21913,167.04,4164,35836
60000,62,53868.0,26882,199.89,6132,53868
80000,62,71921.0,30754,225.46,8079,71921
100000,62,89828.0,33953,246.81,10172,89828
200000,62,179620.0,61213,416.64,20380,179620
400000,62,359510.0,78940,554.43,40490,359510
600000,62,539257.0,104598,704.57,60743,539257
800000,62,719578.0,105443,710.31,80422,719578
1000000,62,899247.0,118963,796.21,100753,899247
2,63,2.0,1,0.01,0,2
3,63,2.0,2,0.02,1,2
100,63,89.0,56,0.43,11,89
200,63,171.0,101,0.79,29,171
2000,63,1782.0,1360,10.35,218,1782
10000,63,8919.0,6646,52.4,1081,8919
20000,63,17859.0,13397,104.83,2141,17859
40000,63,35844.0,20404,167.95,4156,35844
60000,63,53802.0,24745,198.99,6198,53802
80000,63,71763.0,28214,226.55,8237,71763
100000,63,89827.0,28841,230.73,10173,89827
200000,63,179697.0,40296,321.48,20303,179697
400000,63,359508.0,59747,466.61,40492,359508
600000,63,539591.0,64646,494.14,60409,539591
800000,63,719383.0,83120,594.87,80617,719383
1000000,63,899385.0,89643,647.19,100615,899385
2,64,2.0,1,0.01,0,2
3,64,3.0,2,0.02,0,3
100,64,90.0,64,0.5,10,90
200,64,181.0,129,0.93,19,181
2000,64,1806.0,1112,6.93,194,1806
10000,64,8988.0,5786,42.13,1012,8988
20000,64,17891.0,12687,89.59,2109,17891
40000,64,35857.0,20907,145.1,4143,35857
60000,64,53695.0,30757,223.72,6305,53695
80000,64,71672.0,35865,256.54,8328,71672
100000,64,89542.0,45382,335.73,10458,89542
200000,64,179481.0,62989,461.99,20519,179481
400000,64,359509.0,73705,542.95,40491,359509
600000,64,539306.0,82571,599.07,60694,539306
800000,64,719404.0,85560,623.99,80596,719404
1000000,64,899295.0,94864,676.78,100705,899295
2,65,2.0,1,0.01,0,2
3,65,2.0,2,0.02,1,2
100,65,88.0,67,0.52,12,88
200,65,175.0,139,1.06,25,175
2000,65,1808.0,1222,10.08,192,1808
10000,65,8997.0,5953,43.04,1003,8997
20000,65,17920.0,10796,75.81,2080,17920
40000,65,35857.0,21075,141.21,4143,35857
60000,65,53806.0,26111,174.18,6194,53806
80000,65,71704.0,30920,209.1,8296,71704
100000,65,89707.0,38256,247.32,10293,89707
200000,65,179553.0,56898,354.82,20447,179553
400000,65,359196.0,75369,469.76,40804,359196
600000,65,539104.0,82406,513.35,60896,539104
800000,65,719244.0,82453,513.67,80756,719244
1000000,65,899148.0,85049,529.17,100852,899148
2,66,2.0,1,0.01,0,2
3,66,3.0,2,0.02,0,3
100,66,88.0,76,0.55,12,88
200,66,174.0,150,1.09,26,174
2000,66,1796.0,1329,9.82,204,1796
10000,66,8948.0,7201,51.59,1052,8948
20000,66,17884.0,13785,100.44,2116,17884
40000,66,35870.0,22042,152.72,4130,35870
60000,66,53852.0,28202,197.97,6148,53852
80000,66,71756.0,37488,258.65,8244,71756
100000,66,89678.0,42513,297.37,10322,89678
200000,66,179596.0,68169,451.16,20404,179596
400000,66,359559.0,88805,574.96,40441,359559
600000,66,539481.0,96657,629.6,60519,539481
800000,66,719302.0,108486,700.81,80698,719302
1000000,66,899140.0,114968,738.96,100860,899140
2,67,1.0,1,0.01,1,1
3,67,2.0,2,0.02,1,2
100,67,90.0,73,0.57,10,90
200,67,178.0,120,0.95,22,178
2000,67,1787.0,1333,10.52,213,1787
10000,67,8937.0,6082,48.29,1063,8937
20000,67,17875.0,13209,93.29,2125,17875
40000,67,35831.0,22518,148.65,4169,35831
60000,67,53858.0,27590,176.03,6142,53858
80000,67,71774.0,39803,251.08,8226,71774
100000,67,89716.0,50421,319.55,10284,89716
200000,67,179354.0,78863,489.84,20646,179354
400000,67,359209.0,91807,572.26,40791,359209
600000,67,539070.0,100404,618.26,60930,539070
800000,67,719119.0,108122,659.03,80881,719119
1000000,67,899071.0,110314,673.35,100929,899071
2,68,2.0,1,0.01,0,2
3,68,3.0,2,0.02,0,3
100,68,88.0,54,0.38,12,88
200,68,180.0,114,0.86,20,180
2000,68,1773.0,1216,8.76,227,1773
10000,68,8940.0,6155,44.26,1060,8940
20000,68,17891.0,10864,76.53,2109,17891
40000,68,35774.0,18682,128.09,4226,35774
60000,68,53780.0,23310,154.77,6220,53780
80000,68,71757.0,25237,166.29,8243,71757
100000,68,89731.0,29094,190.4,10269,89731
200000,68,179633.0,65466,393.51,20367,179633
400000,68,359288.0,138043,826.47,40712,359288
600000,68,539278.0,184284,1061.73,60722,539278
800000,68,719237.0,212787,1214.39,80763,719237
1000000,68,899018.0,225458,1282.04,100982,899018
2,69,2.0,1,0.01,0,2
3,69,3.0,2,0.02,0,3
100,69,95.0,74,0.56,5,95
200,69,185.0,134,1.07,15,185
2000,69,1806.0,1351,9.61,194,1806
10000,69,8992.0,6547,47.01,1008,8992
20000,69,17916.0,10694,78.47,2084,17916
40000,69,35929.0,19640,128.71,4071,35929
60000,69,53838.0,30191,201.23,6162,53838
80000,69,71835.0,38005,266.82,8165,71835
100000,69,89832.0,46069,328.43,10168,89832
200000,69,179862.0,69703,474.38,20138,179862
400000,69,359819.0,95157,621.95,40181,359819
600000,69,539846.0,109843,711.52,60154,539846
800000,69,719885.0,115207,745.32,80115,719885
1000000,69,899654.0,120028,777.04,100346,899654
2,70,2.0,1,0.01,0,2
3,70,3.0,2,0.02,0,3
100,70,89.0,56,0.37,11,89
200,70,177.0,105,0.68,23,177
2000,70,1799.0,822,6.28,201,1799
10000,70,8984.0,4607,30.6,1016,8984
20000,70,17959.0,9975,61.76,2041,17959
40000,70,35928.0,16737,106.86,4072,35928
60000,70,53865.0,25483,167.42,6135,53865
80000,70,71773.0,37802,237.45,8227,71773
100000,70,89751.0,40553,259.1,10249,89751
200000,70,179508.0,60132,384.68,20492,179508
400000,70,359213.0,78372,504.47,40787,359213
600000,70,539046.0,91753,584.63,60954,539046
800000,70,719001.0,100146,633.85,80999,719001
1000000,70,898762.0,152735,903.59,101238,898762
2,71,2.0,1,0.01,0,2
3,71,3.0,2,0.02,0,3
100,71,93.0,61,0.48,7,93
200,71,181.0,118,0.92,19,181
2000,71,1794.0,1396,10.54,206,1794
10000,71,8968.0,5714,38.93,1032,8968
20000,71,17914.0,10364,68.79,2086,17914
40000,71,35890.0,18150,130.68,4110,35890
60000,71,53713.0,28686,202.51,6287,53713
80000,71,71657.0,35513,240.51,8343,71657
100000,71,89610.0,46727,301.42,10390,89610
200000,71,179233.0,78790,527.81,20767,179233
400000,71,359218.0,100192,647.5,40782,359218
600000,71,539072.0,107411,703.11,60928,539072
800000,71,718830.0,127773,809.67,81170,718830
1000000,71,898894.0,130082,822.23,101106,898894
2,72,2.0,1,0.01,0,2
3,72,3.0,2,0.02,0,3
100,72,86.0,63,0.45,14,86
200,72,174.0,111,0.78,26,174
2000,72,1778.0,1275,7.68,222,1778
10000,72,8913.0,5508,34.7,1087,8913
20000,72,17888.0,10673,63.87,2112,17888
40000,72,35847.0,21699,151.89,4153,35847
60000,72,53804.0,32993,245.75,6196,53804
80000,72,71698.0,38454,282.63,8302,71698
100000,72,89560.0,52042,381.22,10440,89560
200000,72,179222.0,95462,670.84,20778,179222
400000,72,358974.0,140097,976.35,41026,358974
600000,72,539252.0,140097,976.35,60748,539252
800000,72,718997.0,177707,1220.19,81003,718997
1000000,72,898899.0,227609,1492.05,101101,898899
2,73,2.0,1,0.01,0,2
3,73,3.0,2,0.02,0,3
100,73,91.0,68,0.48,9,91
200,73,181.0,130,0.93,19,181
2000,73,1785.0,1125,8.15,215,1785
10000,73,9004.0,6247,44.54,996,9004
20000,73,17958.0,11545,87.01,2042,17958
40000,73,35921.0,19524,140.31,4079,35921
60000,73,53834.0,28981,217.12,6166,53834
80000,73,71769.0,37746,272.37,8231,71769
100000,73,89797.0,43023,312.89,10203,89797
200000,73,179749.0,59631,420.56,20251,179749
400000,73,359791.0,90943,594.44,40209,359791
600000,73,539800.0,102731,671.83,60200,539800
800000,73,719814.0,106547,697.8,80186,719814
1000000,73,899585.0,114507,743.96,100415,899585
2,74,2.0,1,0.01,0,2
3,74,3.0,2,0.02,0,3
100,74,98.0,68,0.52,2,98
200,74,186.0,136,0.94,14,186
2000,74,1802.0,1298,9.22,198,1802
10000,74,8971.0,7311,48.93,1029,8971
20000,74,17912.0,15783,105.92,2088,17912
40000,74,35898.0,23165,150.11,4102,35898
60000,74,53830.0,35331,221.24,6170,53830
80000,74,71784.0,44551,282.55,8216,71784
100000,74,89660.0,54659,349.33,10340,89660
200000,74,179496.0,73447,478.73,20504,179496
400000,74,359286.0,118406,733.57,40714,359286
600000,74,539280.0,127069,797.72,60720,539280
800000,74,719022.0,155330,950.09,80978,719022
1000000,74,898736.0,201282,1209.81,101264,898736
2,75,2.0,1,0.01,0,2
3,75,3.0,2,0.02,0,3
100,75,90.0,62,0.46,10,90
200,75,183.0,137,1.06,17,183
2000,75,1778.0,1282,9.84,222,1778
10000,75,8982.0,6138,44.46,1018,8982
20000,75,17989.0,11059,79.27,2011,17989
40000,75,35895.0,21516,156.41,4105,35895
60000,75,53841.0,26505,193.21,6159,53841
80000,75,71739.0,33242,238.49,8261,71739
100000,75,89682.0,38687,274.9,10318,89682
200000,75,179562.0,62909,428.66,20438,179562
400000,75,359376.0,80326,543.02,40624,359376
600000,75,539379.0,85880,580.3,60621,539379
800000,75,719125.0,112035,725.77,80875,719125
1000000,75,899058.0,116059,751.29,100942,899058
2,76,2.0,1,0.01,0,2
3,76,3.0,2,0.02,0,3
100,76,88.0,65,0.41,12,88
200,76,177.0,122,0.84,23,177
2000,76,1794.0,1238,7.84,206,1794
10000,76,8947.0,6810,46.04,1053,8947
20000,76,17916.0,13416,92.64,2084,17916
40000,76,35843.0,22133,155.53,4157,35843
60000,76,53767.0,26244,179.3,6233,53767
80000,76,71675.0,33815,240.49,8325,71675
100000,76,89620.0,41981,290.36,10380,89620
200000,76,179526.0,63806,421.78,20474,179526
400000,76,359548.0,76439,521.76,40452,359548
600000,76,539343.0,115763,746.66,60657,539343
800000,76,719421.0,124170,796.73,80579,719421
1000000,76,899355.0,127276,816.88,100645,899355
2,77,2.0,1,0.01,0,2
3,77,3.0,2,0.02,0,3
100,77,87.0,55,0.41,13,87
200,77,172.0,131,1.0,28,172
2000,77,1805.0,1284,9.73,195,1805
10000,77,8999.0,5473,36.38,1001,8999
20000,77,18037.0,8884,61.59,1963,18037
40000,77,35888.0,16474,111.75,4112,35888
60000,77,53863.0,21170,139.27,6137,53863
80000,77,71783.0,26421,173.07,8217,71783
100000,77,89747.0,32018,206.7,10253,89747
200000,77,179596.0,58758,373.71,20404,179596
400000,77,359300.0,84513,538.16,40700,359300
600000,77,539183.0,89944,572.61,60817,539183
800000,77,718915.0,108976,674.82,81085,718915
1000000,77,899020.0,110155,686.35,100980,899020
2,78,2.0,1,0.01,0,2
3,78,3.0,2,0.02,0,3
100,78,91.0,65,0.52,9,91
200,78,176.0,132,1.01,24,176
2000,78,1767.0,1244,9.6,233,1767
10000,78,8968.0,5760,39.36,1032,8968
20000,78,17934.0,10654,72.47,2066,17934
40000,78,35859.0,21817,149.63,4141,35859
60000,78,53732.0,33672,220.26,6268,53732
80000,78,71632.0,42124,267.61,8368,71632
100000,78,89666.0,48638,307.77,10334,89666
200000,78,179624.0,78039,465.05,20376,179624
400000,78,359650.0,100044,582.84,40350,359650
600000,78,539347.0,123337,743.77,60653,539347
800000,78,719367.0,125490,756.79,80633,719367
1000000,78,899412.0,128139,772.13,100588,899412
2,79,2.0,1,0.01,0,2
3,79,2.0,2,0.02,1,2
100,79,91.0,61,0.46,9,91
200,79,183.0,129,1.0,17,183
2000,79,1804.0,1118,7.67,196,1804
10000,79,9016.0,4774,32.99,984,9016
20000,79,17968.0,9064,60.02,2032,17968
40000,79,35903.0,16791,119.67,4097,35903
60000,79,53845.0,21804,158.35,6155,53845
80000,79,71778.0,29278,203.12,8222,71778
100000,79,89759.0,33961,238.63,10241,89759
200000,79,179515.0,49748,330.13,20485,179515
400000,79,359237.0,84382,570.34,40763,359237
600000,79,539126.0,93833,641.71,60874,539126
800000,79,718707.0,126659,820.75,81293,718707
1000000,79,898849.0,126894,823.0,101151,898849
2,80,2.0,1,0.01,0,2
3,80,3.0,2,0.02,0,3
100,80,89.0,61,0.51,11,89
200,80,180.0,107,0.89,20,180
2000,80,1780.0,1093,8.7,220,1780
10000,80,8937.0,4360,29.76,1063,8937
20000,80,17890.0,8248,63.55,2110,17890
40000,80,35921.0,11743,95.16,4079,35921
60000,80,53801.0,19858,144.98,6199,53801
80000,80,71757.0,23279,176.48,8243,71757
100000,80,89673.0,26740,207.9,10327,89673
200000,80,179435.0,48258,337.71,20565,179435
400000,80,359265.0,67207,495.23,40735,359265
600000,80,538872.0,76909,561.14,61128,538872
800000,80,718991.0,76909,561.14,81009,718991
1000000,80,898922.0,79446,585.03,101078,898922
2,81,2.0,1,0.01,0,2
3,81,3.0,2,0.02,0,3
100,81,85.0,63,0.4,15,85
200,81,179.0,125,0.87,21,179
2000,81,1803.0,1198,9.39,197,1803
10000,81,8987.0,4815,34.04,1013,8987
20000,81,17998.0,9321,64.7,2002,17998
40000,81,35973.0,20883,132.55,4027,35973
60000,81,53946.0,26660,163.78,6054,53946
80000,81,71870.0,34451,212.74,8130,71870
100000,81,89825.0,40374,245.62,10175,89825
200000,81,179848.0,56856,358.38,20152,179848
400000,81,359682.0,86262,527.13,40318,359682
600000,81,539586.0,101889,612.37,60414,539586
800000,81,719593.0,109066,656.21,80407,719593
1000000,81,899662.0,117250,697.5,100338,899662
2,82,2.0,1,0.01,0,2
3,82,3.0,2,0.02,0,3
100,82,88.0,66,0.5,12,88
200,82,174.0,142,1.14,26,174
2000,82,1769.0,1432,10.15,231,1769
10000,82,8936.0,6877,47.95,1064,8936
20000,82,17945.0,9906,69.33,2055,17945
40000,82,35915.0,19513,135.12,4085,35915
60000,82,53861.0,25348,176.65,6139,53861
80000,82,71807.0,34751,253.6,8193,71807
100000,82,89772.0,38611,280.49,10228,89772
200000,82,179675.0,49420,357.31,20325,179675
400000,82,359288.0,75221,554.06,40712,359288
600000,82,539145.0,102254,707.29,60855,539145
800000,82,719175.0,106899,731.62,80825,719175
1000000,82,898976.0,136074,885.61,101024,898976
2,83,0.0,1,0.01,2,0
3,83,1.0,2,0.02,2,1
100,83,88.0,71,0.61,12,88
200,83,176.0,118,0.98,24,176
2000,83,1787.0,1402,10.58,213,1787
10000,83,8933.0,6226,42.98,1067,8933
20000,83,17881.0,12442,84.19,2119,17881
40000,83,35842.0,25085,171.66,4158,35842
60000,83,53739.0,32083,217.76,6261,53739
80000,83,71739.0,38216,251.61,8261,71739
100000,83,89720.0,49236,308.47,10280,89720
200000,83,179583.0,74903,455.88,20417,179583
400000,83,359035.0,132716,773.36,40965,359035
600000,83,538939.0,152628,897.66,61061,538939
800000,83,719153.0,152678,897.92,80847,719153
1000000,83,898785.0,164318,963.61,101215,898785
2,84,2.0,1,0.01,0,2
3,84,3.0,2,0.02,0,3
100,84,87.0,67,0.55,13,87
200,84,177.0,121,1.0,23,177
2000,84,1823.0,1136,8.64,177,1823
10000,84,9008.0,5459,39.82,992,9008
20000,84,17972.0,9395,70.27,2028,17972
40000,84,35921.0,14237,104.04,4079,35921
60000,84,53878.0,20194,153.61,6122,53878
80000,84,71878.0,28211,217.99,8122,71878
100000,84,89850.0,40308,286.33,10150,89850
200000,84,179731.0,53134,378.27,20269,179731
400000,84,359553.0,81386,549.77,40447,359553
600000,84,539150.0,116303,742.37,60850,539150
800000,84,719248.0,130973,855.43,80752,719248
1000000,84,899198.0,139779,903.45,100802,899198
2,85,2.0,1,0.01,0,2
3,85,3.0,2,0.02,0,3
100,85,90.0,61,0.47,10,90
200,85,184.0,110,0.9,16,184
2000,85,1818.0,1246,9.04,182,1818
10000,85,8981.0,6533,47.96,1019,8981
20000,85,17980.0,11253,76.7,2020,17980
40000,85,35901.0,18611,126.08,4099,35901
60000,85,53824.0,27200,179.71,6176,53824
80000,85,71763.0,34791,226.67,8237,71763
100000,85,89753.0,38756,260.07,10247,89753
200000,85,179463.0,66024,450.03,20537,179463
400000,85,359520.0,74158,502.75,40480,359520
600000,85,539372.0,83148,563.81,60628,539372
800000,85,719467.0,86626,588.13,80533,719467
1000000,85,899279.0,94109,628.79,100721,899279
2,86,2.0,1,0.01,0,2
3,86,2.0,2,0.02,1,2
100,86,91.0,75,0.56,9,91
200,86,179.0,152,1.18,21,179
2000,86,1794.0,1195,9.2,206,1794
10000,86,8948.0,6005,44.69,1052,8948
20000,86,17899.0,12308,94.22,2101,17899
40000,86,35910.0,22050,156.74,4090,35910
60000,86,53851.0,30306,203.45,6149,53851
80000,86,71820.0,35642,242.39,8180,71820
100000,86,89741.0,40657,274.21,10259,89741
200000,86,179671.0,56880,387.54,20329,179671
400000,86,359705.0,65719,447.47,40295,359705
600000,86,539564.0,77365,515.24,60436,539564
800000,86,719813.0,81911,557.24,80187,719813
1000000,86,899909.0,85086,577.65,100091,899909
2,87,2.0,1,0.01,0,2
3,87,3.0,2,0.02,0,3
100,87,89.0,69,0.54,11,89
200,87,180.0,129,0.94,20,180
2000,87,1798.0,1207,8.61,202,1798
10000,87,8974.0,5240,39.85,1026,8974
20000,87,18005.0,8758,61.57,1995,18005
40000,87,36045.0,13408,92.44,3955,36045
60000,87,53935.0,19637,130.92,6065,53935
80000,87,71922.0,24251,157.75,8078,71922
100000,87,89952.0,25264,164.12,10048,89952
200000,87,179653.0,49947,312.94,20347,179653
400000,87,359446.0,82982,519.34,40554,359446
600000,87,539445.0,98830,631.41,60555,539445
800000,87,719237.0,113937,725.93,80763,719237
1000000,87,899297.0,121079,764.15,100703,899297
2,88,2.0,1,0.01,0,2
3,88,3.0,2,0.02,0,3
100,88,87.0,76,0.62,13,87
200,88,180.0,146,1.1,20,180
2000,88,1819.0,1521,11.54,181,1819
10000,88,8957.0,6611,49.32,1043,8957
20000,88,17921.0,12949,100.72,2079,17921
40000,88,35845.0,22983,164.46,4155,35845
60000,88,53816.0,32273,228.19,6184,53816
80000,88,71708.0,37088,263.58,8292,71708
100000,88,89677.0,42698,301.59,10323,89677
200000,88,179383.0,67885,474.34,20617,179383
400000,88,359385.0,74731,520.66,40615,359385
600000,88,539176.0,86791,592.85,60824,539176
800000,88,719043.0,96319,664.58,80957,719043
1000000,88,899038.0,97763,675.64,100962,899038
2,89,2.0,1,0.01,0,2
3,89,3.0,2,0.02,0,3
100,89,90.0,73,0.53,10,90
200,89,179.0,144,1.04,21,179
2000,89,1800.0,1592,12.28,200,1800
10000,89,8957.0,7041,51.23,1043,8957
20000,89,17919.0,12019,82.73,2081,17919
40000,89,35874.0,21297,135.85,4126,35874
60000,89,53797.0,27562,170.52,6203,53797
80000,89,71783.0,32677,213.55,8217,71783
100000,89,89730.0,38730,249.07,10270,89730
200000,89,179881.0,51846,324.73,20119,179881
400000,89,359767.0,77100,491.92,40233,359767
600000,89,539538.0,86861,552.57,60462,539538
800000,89,719107.0,107924,688.08,80893,719107
1000000,89,898875.0,118905,747.12,101125,898875
2,90,2.0,1,0.01,0,2
3,90,3.0,2,0.02,0,3
100,90,92.0,84,0.65,8,92
200,90,184.0,142,1.07,16,184
2000,90,1789.0,1236,9.09,211,1789
10000,90,8927.0,6505,46.86,1073,8927
20000,90,17897.0,11800,81.5,2103,17897
40000,90,35778.0,21641,149.13,4222,35778
60000,90,53786.0,26957,191.13,6214,53786
80000,90,71699.0,35733,257.68,8301,71699
100000,90,89582.0,39762,292.19,10418,89582
200000,90,179472.0,55394,380.98,20528,179472
400000,90,359441.0,73499,488.47,40559,359441
600000,90,539470.0,83158,548.97,60530,539470
800000,90,719602.0,84995,560.64,80398,719602
1000000,90,899704.0,86565,569.2,100296,899704
2,91,1.0,1,0.01,1,1
3,91,2.0,2,0.02,1,2
100,91,86.0,71,0.55,14,86
200,91,174.0,126,1.0,26,174
2000,91,1768.0,1392,10.09,232,1768
10000,91,8953.0,6826,48.61,1047,8953
20000,91,17933.0,11751,80.25,2067,17933
40000,91,35873.0,20408,134.41,4127,35873
60000,91,53776.0,29572,187.89,6224,53776
80000,91,71739.0,33154,211.03,8261,71739
100000,91,89703.0,37795,243.19,10297,89703
200000,91,179635.0,47567,313.4,20365,179635
400000,91,359365.0,84064,513.14,40635,359365
600000,91,539495.0,90360,552.62,60505,539495
800000,91,719579.0,96967,587.15,80421,719579
1000000,91,899461.0,100647,611.39,100539,899461
2,92,2.0,1,0.01,0,2
3,92,3.0,2,0.02,0,3
100,92,90.0,64,0.46,10,90
200,92,181.0,119,0.85,19,181
2000,92,1776.0,1109,7.72,224,1776
10000,92,8926.0,6184,44.87,1074,8926
20000,92,17921.0,11746,80.07,2079,17921
40000,92,35860.0,22108,146.46,4140,35860
60000,92,53786.0,30876,199.46,6214,53786
80000,92,71714.0,35748,227.55,8286,71714
100000,92,89700.0,38485,242.43,10300,89700
200000,92,179657.0,54618,335.04,20343,179657
400000,92,359491.0,83137,517.35,40509,359491
600000,92,539372.0,102814,621.79,60628,539372
800000,92,719235.0,117976,700.4,80765,719235
1000000,92,899131.0,123291,728.54,100869,899131
2,93,1.0,1,0.01,1,1
3,93,2.0,2,0.02,1,2
100,93,88.0,66,0.5,12,88
200,93,179.0,125,0.95,21,179
2000,93,1795.0,1316,9.35,205,1795
10000,93,8942.0,6361,43.11,1058,8942
20000,93,17935.0,8905,59.29,2065,17935
40000,93,35835.0,17239,116.61,4165,35835
60000,93,53726.0,25313,169.16,6274,53726
80000,93,71655.0,29260,191.26,8345,71655
100000,93,89689.0,29923,195.72,10311,89689
200000,93,179499.0,50996,353.32,20501,179499
400000,93,359376.0,87811,553.09,40624,359376
600000,93,539242.0,100906,632.88,60758,539242
800000,93,719270.0,108745,678.7,80730,719270
1000000,93,898994.0,120597,748.04,101006,898994
2,94,2.0,1,0.01,0,2
3,94,3.0,2,0.02,0,3
100,94,90.0,64,0.5,10,90
200,94,182.0,131,0.98,18,182
2000,94,1793.0,1023,7.68,207,1793
10000,94,8987.0,6227,45.1,1013,8987
20000,94,17966.0,12223,86.09,2034,17966
40000,94,35912.0,23833,162.96,4088,35912
60000,94,53764.0,33660,232.45,6236,53764
80000,94,71633.0,44141,299.31,8367,71633
100000,94,89638.0,48835,326.66,10362,89638
200000,94,179559.0,65641,430.46,20441,179559
400000,94,359587.0,83080,536.37,40413,359587
600000,94,539529.0,92469,588.43,60471,539529
800000,94,719727.0,94241,603.68,80273,719727
1000000,94,899857.0,104442,663.09,100143,899857
2,95,1.0,1,0.01,1,1
3,95,2.0,2,0.02,1,2
100,95,92.0,73,0.52,8,92
200,95,189.0,136,0.95,11,189
2000,95,1798.0,1450,11.23,202,1798
10000,95,8967.0,5325,39.69,1033,8967
20000,95,17915.0,10816,78.33,2085,17915
40000,95,35979.0,17186,130.56,4021,35979
60000,95,53992.0,22397,165.26,6008,53992
80000,95,71980.0,31084,222.33,8020,71980
100000,95,89883.0,38331,276.01,10117,89883
200000,95,179878.0,60286,432.3,20122,179878
400000,95,359804.0,95148,656.2,40196,359804
600000,95,539728.0,116147,802.19,60272,539728
800000,95,719593.0,135263,908.58,80407,719593
1000000,95,899361.0,176027,1121.77,100639,899361
2,96,2.0,1,0.01,0,2
3,96,3.0,2,0.02,0,3
100,96,95.0,63,0.48,5,95
200,96,186.0,119,0.96,14,186
2000,96,1774.0,1050,7.74,226,1774
10000,96,8932.0,6514,47.04,1068,8932
20000,96,17872.0,11030,79.81,2128,17872
40000,96,35898.0,17076,122.18,4102,35898
60000,96,53866.0,26512,185.48,6134,53866
80000,96,71824.0,30286,210.04,8176,71824
100000,96,89820.0,40077,260.83,10180,89820
200000,96,179504.0,66101,413.58,20496,179504
400000,96,359376.0,89864,544.19,40624,359376
600000,96,539307.0,94711,571.26,60693,539307
800000,96,719079.0,129625,803.18,80921,719079
1000000,96,898948.0,135667,851.29,101052,898948
2,97,1.0,1,0.01,1,1
3,97,2.0,2,0.02,1,2
100,97,87.0,72,0.59,13,87
200,97,179.0,133,1.0,21,179
2000,97,1789.0,1176,8.15,211,1789
10000,97,8942.0,5012,34.96,1058,8942
20000,97,17907.0,8493,59.14,2093,17907
40000,97,35908.0,14862,104.91,4092,35908
60000,97,53833.0,23106,170.9,6167,53833
80000,97,71762.0,32529,230.77,8238,71762
100000,97,89721.0,40762,296.66,10279,89721
200000,97,179760.0,56718,390.02,20240,179760
400000,97,359818.0,78080,513.97,40182,359818
600000,97,539654.0,86428,575.82,60346,539654
800000,97,719561.0,113010,718.73,80439,719561
1000000,97,899636.0,117343,751.51,100364,899636
2,98,2.0,1,0.01,0,2
3,98,3.0,2,0.02,0,3
100,98,90.0,56,0.43,10,90
200,98,179.0,133,1.0,21,179
2000,98,1798.0,1319,9.73,202,1798
10000,98,8968.0,5909,39.53,1032,8968
20000,98,17937.0,11330,76.2,2063,17937
40000,98,35882.0,20664,131.26,4118,35882
60000,98,53839.0,27436,174.55,6161,53839
80000,98,71734.0,37198,249.23,8266,71734
100000,98,89629.0,43653,295.53,10371,89629
200000,98,179636.0,50665,343.19,20364,179636
400000,98,359590.0,69262,461.34,40410,359590
600000,98,539579.0,96583,607.15,60421,539579
800000,98,719541.0,127450,762.79,80459,719541
1000000,98,899543.0,129908,780.73,100457,899543
2,99,2.0,1,0.01,0,2
3,99,3.0,2,0.02,0,3
100,99,92.0,62,0.48,8,92
200,99,183.0,128,0.98,17,183
2000,99,1773.0,1223,9.08,227,1773
10000,99,8971.0,4906,34.37,1029,8971
20000,99,17929.0,9674,71.55,2071,17929
40000,99,35888.0,17484,122.96,4112,35888
60000,99,53894.0,21662,145.7,6106,53894
80000,99,71808.0,32379,217.35,8192,71808
100000,99,89771.0,37289,251.52,10229,89771
200000,99,179627.0,58093,392.35,20373,179627
400000,99,359418.0,85489,583.07,40582,359418
600000,99,539281.0,120218,788.79,60719,539281
800000,99,719195.0,139303,904.28,80805,719195
1000000,99,899258.0,140747,914.05,100742,899258
2,100,2.0,1,0.01,0,2
3,100,2.0,2,0.02,1,2
100,100,88.0,66,0.5,12,88
200,100,175.0,139,1.0,25,175
2000,100,1779.0,1501,10.82,221,1779
10000,100,8889.0,7137,47.84,1111,8889
20000,100,17889.0,12868,80.43,2111,17889
40000,100,35735.0,24396,144.15,4265,35735
60000,100,53719.0,29756,176.01,6281,53719
80000,100,71629.0,40176,233.09,8371,71629
100000,100,89466.0,46561,275.3,10534,89466
200000,100,179221.0,72010,406.92,20779,179221
400000,100,359316.0,74459,428.87,40684,359316
600000,100,539273.0,89968,526.54,60727,539273
800000,100,718839.0,101567,600.76,81161,718839
1000000,100,898795.0,111564,664.23,101205,898795
