Timestep,Iteration,Total Reward,Suboptimal Arms,Total Regret,Zeros Count,Ones Count
2,1,2.0,1,0.05,0,2
3,1,3.0,2,0.05,0,3
100,1,90.0,71,1.8,10,90
200,1,178.0,142,3.55,22,178
2000,1,1788.0,1404,20.4,212,1788
10000,1,8966.0,5282,41.15,1034,8966
20000,1,17947.0,7688,47.35,2053,17947
40000,1,36004.0,13520,60.15,3996,36004
60000,1,53938.0,23272,63.05,6062,53938
80000,1,71930.0,28347,67.95,8070,71930
100000,1,89963.0,31245,69.45,10037,89963
200000,1,179850.0,71337,88.25,20150,179850
400000,1,359465.0,154278,93.55,40535,359465
600000,1,539569.0,325653,94.9,60431,539569
800000,1,719710.0,463692,94.95,80290,719710
1000000,1,899706.0,614927,96.25,100294,899706
2,2,2.0,1,0.05,0,2
3,2,3.0,2,0.05,0,3
100,2,84.0,85,1.65,16,84
200,2,173.0,158,3.55,27,173
2000,2,1751.0,1230,19.75,249,1751
10000,2,8964.0,5023,32.45,1036,8964
20000,2,17987.0,10505,43.8,2013,17987
40000,2,35956.0,23036,51.95,4044,35956
60000,2,54003.0,28340,63.0,5997,54003
80000,2,71936.0,35082,65.8,8064,71936
100000,2,90007.0,37064,65.85,9993,90007
200000,2,179941.0,85184,79.1,20059,179941
400000,2,359938.0,175660,80.3,40062,359938
600000,2,539907.0,303824,88.35,60093,539907
800000,2,719620.0,367196,89.2,80380,719620
1000000,2,899565.0,413773,89.4,100435,899565
2,3,2.0,1,0.05,0,2
3,3,3.0,2,0.05,0,3
100,3,91.0,73,1.7,9,91
200,3,181.0,136,3.25,19,181
2000,3,1784.0,1403,17.1,216,1784
10000,3,8918.0,6047,36.45,1082,8918
20000,3,17938.0,12234,38.45,2062,17938
40000,3,35920.0,21020,40.75,4080,35920
60000,3,53917.0,27964,41.3,6083,53917
80000,3,71874.0,33947,42.7,8126,71874
100000,3,89933.0,35611,45.7,10067,89933
200000,3,179890.0,59430,48.05,20110,179890
400000,3,359811.0,130747,48.75,40189,359811
600000,3,539767.0,214617,69.2,60233,539767
800000,3,719710.0,323249,69.6,80290,719710
1000000,3,899653.0,435401,70.1,100347,899653
2,4,1.0,1,0.05,1,1
3,4,2.0,2,0.05,1,2
100,4,84.0,66,1.5,16,84
200,4,168.0,112,2.05,32,168
2000,4,1761.0,1030,11.1,239,1761
10000,4,8956.0,3838,17.75,1044,8956
20000,4,17964.0,8003,19.0,2036,17964
40000,4,36003.0,19125,19.4,3997,36003
60000,4,53920.0,30318,22.4,6080,53920
80000,4,71912.0,42631,22.55,8088,71912
100000,4,89908.0,50684,22.6,10092,89908
200000,4,179818.0,88330,23.15,20182,179818
400000,4,359687.0,195982,25.0,40313,359687
600000,4,539441.0,288697,25.1,60559,539441
800000,4,719263.0,322575,25.1,80737,719263
1000000,4,899155.0,440580,25.35,100845,899155
2,5,2.0,1,0.05,0,2
3,5,3.0,2,0.05,0,3
100,5,89.0,69,1.55,11,89
200,5,180.0,133,2.3,20,180
2000,5,1810.0,1086,9.6,190,1810
10000,5,8992.0,4494,18.25,1008,8992
20000,5,17997.0,12282,21.9,2003,17997
40000,5,35998.0,24258,23.55,4002,35998
60000,5,53944.0,38263,38.2,6056,53944
80000,5,71898.0,52158,39.1,8102,71898
100000,5,89940.0,66464,39.1,10060,89940
200000,5,180013.0,119538,39.65,19987,180013
400000,5,359959.0,261659,39.9,40041,359959
600000,5,540008.0,395874,40.3,59992,540008
800000,5,719914.0,552345,40.5,80086,719914
1000000,5,899905.0,699662,40.5,100095,899905
2,6,1.0,1,0.05,1,1
3,6,2.0,2,0.05,1,2
100,6,86.0,70,2.0,14,86
200,6,182.0,132,4.0,18,182
2000,6,1809.0,940,13.8,191,1809
10000,6,8956.0,3751,39.25,1044,8956
20000,6,17900.0,8321,55.5,2100,17900
40000,6,35937.0,14724,58.3,4063,35937
60000,6,53923.0,19185,66.45,6077,53923
80000,6,71933.0,31054,68.3,8067,71933
100000,6,89985.0,39794,68.75,10015,89985
200000,6,179999.0,61436,79.4,20001,179999
400000,6,360081.0,109775,80.9,39919,360081
600000,6,539962.0,205144,83.85,60038,539962
800000,6,719700.0,272012,88.95,80300,719700
1000000,6,899563.0,360697,90.2,100437,899563
2,7,2.0,1,0.05,0,2
3,7,3.0,2,0.05,0,3
100,7,83.0,66,1.4,17,83
200,7,172.0,134,3.15,28,172
2000,7,1771.0,1264,22.5,229,1771
10000,7,8944.0,5769,43.0,1056,8944
20000,7,17928.0,9178,47.85,2072,17928
40000,7,35954.0,15678,49.25,4046,35954
60000,7,54023.0,19366,50.05,5977,54023
80000,7,72049.0,27320,50.3,7951,72049
100000,7,90005.0,36820,50.65,9995,90005
200000,7,179940.0,89670,68.05,20060,179940
400000,7,359864.0,182353,68.45,40136,359864
600000,7,539520.0,273847,72.45,60480,539520
800000,7,719260.0,355944,72.75,80740,719260
1000000,7,899273.0,482915,72.75,100727,899273
2,8,2.0,1,0.05,0,2
3,8,3.0,2,0.05,0,3
100,8,91.0,65,1.4,9,91
200,8,176.0,153,2.55,24,176
2000,8,1772.0,1252,17.05,228,1772
10000,8,8961.0,6284,47.9,1039,8961
20000,8,17938.0,11114,50.5,2062,17938
40000,8,35847.0,23955,56.4,4153,35847
60000,8,53781.0,35169,57.95,6219,53781
80000,8,71756.0,47050,59.75,8244,71756
100000,8,89809.0,56988,59.9,10191,89809
200000,8,179840.0,118367,60.7,20160,179840
400000,8,359978.0,220985,63.1,40022,359978
600000,8,540131.0,346891,63.2,59869,540131
800000,8,720290.0,496682,70.15,79710,720290
1000000,8,900058.0,649791,70.25,99942,900058
2,9,2.0,1,0.05,0,2
3,9,3.0,2,0.05,0,3
100,9,92.0,64,2.05,8,92
200,9,177.0,127,3.95,23,177
2000,9,1779.0,1171,27.7,221,1779
10000,9,8972.0,6223,64.55,1028,8972
20000,9,17979.0,11468,73.45,2021,17979
40000,9,35935.0,23568,84.05,4065,35935
60000,9,53876.0,35941,90.95,6124,53876
80000,9,71846.0,44105,96.75,8154,71846
100000,9,89851.0,52078,97.5,10149,89851
200000,9,179942.0,90829,105.1,20058,179942
400000,9,359913.0,176452,112.2,40087,359913
600000,9,539884.0,304721,112.6,60116,539884
800000,9,719940.0,442829,112.7,80060,719940
1000000,9,900104.0,551980,113.0,99896,900104
2,10,2.0,1,0.05,0,2
3,10,3.0,2,0.05,0,3
100,10,85.0,61,1.15,15,85
200,10,177.0,136,3.5,23,177
2000,10,1780.0,1254,20.8,220,1780
10000,10,9006.0,5864,44.55,994,9006
20000,10,17958.0,9763,55.95,2042,17958
40000,10,35982.0,20861,60.15,4018,35982
60000,10,54025.0,31428,71.65,5975,54025
80000,10,71940.0,41232,75.35,8060,71940
100000,10,89935.0,53566,79.15,10065,89935
200000,10,179871.0,110344,83.3,20129,179871
400000,10,359958.0,183480,87.55,40042,359958
600000,10,539689.0,284330,88.1,60311,539689
800000,10,719700.0,328698,88.15,80300,719700
1000000,10,899708.0,406421,88.35,100292,899708
2,11,2.0,1,0.05,0,2
3,11,3.0,2,0.05,0,3
100,11,90.0,64,1.6,10,90
200,11,173.0,137,3.5,27,173
2000,11,1796.0,1085,9.95,204,1796
10000,11,8996.0,2890,29.25,1004,8996
20000,11,18050.0,6081,35.6,1950,18050
40000,11,36021.0,17082,41.9,3979,36021
60000,11,54065.0,20002,43.7,5935,54065
80000,11,72044.0,28535,45.0,7956,72044
100000,11,90066.0,37567,45.3,9934,90066
200000,11,179927.0,90575,46.95,20073,179927
400000,11,359913.0,168290,47.1,40087,359913
600000,11,540110.0,309264,47.2,59890,540110
800000,11,720198.0,456789,47.4,79802,720198
1000000,11,900450.0,491119,47.4,99550,900450
2,12,2.0,1,0.05,0,2
3,12,3.0,2,0.05,0,3
100,12,91.0,66,1.3,9,91
200,12,179.0,122,2.6,21,179
2000,12,1784.0,1134,13.8,216,1784
10000,12,8981.0,4717,40.1,1019,8981
20000,12,17985.0,9373,53.1,2015,17985
40000,12,35943.0,24373,61.55,4057,35943
60000,12,53948.0,35016,64.75,6052,53948
80000,12,71992.0,43986,65.0,8008,71992
100000,12,90054.0,56169,69.3,9946,90054
200000,12,180042.0,105903,75.9,19958,180042
400000,12,359800.0,203243,82.95,40200,359800
600000,12,539823.0,284022,83.15,60177,539823
800000,12,719753.0,359432,83.25,80247,719753
1000000,12,899710.0,510699,83.8,100290,899710
2,13,2.0,1,0.05,0,2
3,13,3.0,2,0.05,0,3
100,13,86.0,62,1.55,14,86
200,13,171.0,125,3.3,29,171
2000,13,1801.0,1006,16.75,199,1801
10000,13,8954.0,5055,37.85,1046,8954
20000,13,17975.0,11057,40.65,2025,17975
40000,13,35964.0,22706,51.4,4036,35964
60000,13,53965.0,34876,51.85,6035,53965
80000,13,71991.0,49000,53.15,8009,71991
100000,13,90027.0,66581,56.6,9973,90027
200000,13,180009.0,121469,58.15,19991,180009
400000,13,360013.0,254269,72.25,39987,360013
600000,13,540385.0,357349,74.8,59615,540385
800000,13,720441.0,468130,75.4,79559,720441
1000000,13,900423.0,546157,76.9,99577,900423
2,14,1.0,1,0.05,1,1
3,14,2.0,2,0.05,1,2
100,14,85.0,62,0.75,15,85
200,14,176.0,114,1.85,24,176
2000,14,1783.0,924,13.75,217,1783
10000,14,8960.0,4584,67.6,1040,8960
20000,14,17936.0,9518,88.65,2064,17936
40000,14,35921.0,16599,94.9,4079,35921
60000,14,53863.0,24508,100.1,6137,53863
80000,14,71844.0,33963,102.25,8156,71844
100000,14,89845.0,43533,102.45,10155,89845
200000,14,179899.0,93984,109.15,20101,179899
400000,14,359785.0,204528,121.75,40215,359785
600000,14,539468.0,294338,124.35,60532,539468
800000,14,719622.0,409356,126.1,80378,719622
1000000,14,899346.0,490865,126.25,100654,899346
2,15,1.0,1,0.05,1,1
3,15,2.0,2,0.05,1,2
100,15,90.0,66,1.4,10,90
200,15,180.0,140,2.95,20,180
2000,15,1772.0,1016,10.4,228,1772
10000,15,8917.0,4649,23.35,1083,8917
20000,15,17909.0,10955,29.75,2091,17909
40000,15,35910.0,19582,38.55,4090,35910
60000,15,53862.0,26527,39.65,6138,53862
80000,15,71843.0,36680,48.15,8157,71843
100000,15,89852.0,49377,49.2,10148,89852
200000,15,179717.0,97725,56.65,20283,179717
400000,15,359699.0,201343,63.15,40301,359699
600000,15,539817.0,386694,63.6,60183,539817
800000,15,719969.0,524853,65.55,80031,719969
1000000,15,899740.0,658727,67.0,100260,899740
2,16,1.0,1,0.05,1,1
3,16,2.0,2,0.05,1,2
100,16,88.0,61,1.05,12,88
200,16,181.0,116,1.7,19,181
2000,16,1778.0,1186,15.6,222,1778
10000,16,8959.0,4500,26.75,1041,8959
20000,16,17950.0,9467,32.9,2050,17950
40000,16,35940.0,15335,34.5,4060,35940
60000,16,53992.0,28757,42.65,6008,53992
80000,16,72002.0,36224,48.75,7998,72002
100000,16,89935.0,45117,50.35,10065,89935
200000,16,179829.0,83619,81.85,20171,179829
400000,16,359932.0,139667,88.55,40068,359932
600000,16,539665.0,212819,93.75,60335,539665
800000,16,719649.0,301268,94.25,80351,719649
1000000,16,899460.0,370172,94.3,100540,899460
2,17,1.0,1,0.05,1,1
3,17,1.0,2,0.05,2,1
100,17,89.0,62,1.55,11,89
200,17,172.0,131,3.1,28,172
2000,17,1778.0,1120,12.15,222,1778
10000,17,8942.0,5601,22.45,1058,8942
20000,17,17925.0,10269,42.4,2075,17925
40000,17,35857.0,23143,46.4,4143,35857
60000,17,53896.0,39321,49.35,6104,53896
80000,17,71914.0,49766,54.2,8086,71914
100000,17,89944.0,62088,54.8,10056,89944
200000,17,179916.0,126235,57.5,20084,179916
400000,17,359915.0,270951,57.9,40085,359915
600000,17,540132.0,319404,58.0,59868,540132
800000,17,720061.0,442541,58.4,79939,720061
1000000,17,900128.0,585184,58.4,99872,900128
2,18,2.0,1,0.05,0,2
3,18,3.0,2,0.05,0,3
100,18,80.0,48,0.75,20,80
200,18,167.0,107,0.9,33,167
2000,18,1764.0,1308,18.75,236,1764
10000,18,8890.0,5059,57.8,1110,8890
20000,18,17882.0,12823,61.9,2118,17882
40000,18,35801.0,27815,80.2,4199,35801
60000,18,53802.0,38393,86.3,6198,53802
80000,18,71861.0,53120,90.3,8139,71861
100000,18,89786.0,70992,93.95,10214,89786
200000,18,179648.0,117996,104.9,20352,179648
400000,18,359763.0,221263,107.5,40237,359763
600000,18,539729.0,334078,108.4,60271,539729
800000,18,719629.0,446821,109.05,80371,719629
1000000,18,899584.0,594060,114.0,100416,899584
2,19,2.0,1,0.05,0,2
3,19,3.0,2,0.05,0,3
100,19,85.0,53,0.85,15,85
200,19,167.0,105,1.45,33,167
2000,19,1782.0,1164,12.45,218,1782
10000,19,8942.0,6012,28.25,1058,8942
20000,19,17971.0,11026,34.3,2029,17971
40000,19,36005.0,24443,35.7,3995,36005
60000,19,54066.0,37721,42.25,5934,54066
80000,19,72119.0,49549,43.35,7881,72119
100000,19,90146.0,60134,48.45,9854,90146
200000,19,180072.0,117698,64.05,19928,180072
400000,19,360291.0,266985,66.15,39709,360291
600000,19,540253.0,405943,68.35,59747,540253
800000,19,720423.0,559285,70.2,79577,720423
1000000,19,900455.0,669354,71.05,99545,900455
2,20,2.0,1,0.05,0,2
3,20,3.0,2,0.05,0,3
100,20,90.0,65,1.2,10,90
200,20,176.0,136,2.6,24,176
2000,20,1763.0,1528,15.6,237,1763
10000,20,8934.0,5012,24.55,1066,8934
20000,20,17917.0,10430,28.15,2083,17917
40000,20,35902.0,15468,30.2,4098,35902
60000,20,53931.0,25782,34.65,6069,53931
80000,20,71943.0,36726,34.75,8057,71943
100000,20,89913.0,47644,36.0,10087,89913
200000,20,179930.0,116917,39.05,20070,179930
400000,20,359791.0,244291,44.25,40209,359791
600000,20,539973.0,308672,44.3,60027,539973
800000,20,720136.0,365610,44.3,79864,720136
1000000,20,900282.0,460716,44.3,99718,900282
2,21,2.0,1,0.05,0,2
3,21,2.0,2,0.05,1,2
100,21,86.0,51,1.7,14,86
200,21,173.0,112,3.75,27,173
2000,21,1787.0,1174,22.05,213,1787
10000,21,8955.0,6207,45.8,1045,8955
20000,21,18010.0,10839,51.2,1990,18010
40000,21,35961.0,20888,67.9,4039,35961
60000,21,53948.0,26469,77.4,6052,53948
80000,21,71986.0,29432,79.4,8014,71986
100000,21,89963.0,31893,85.25,10037,89963
200000,21,180009.0,52719,86.9,19991,180009
400000,21,359785.0,101073,90.45,40215,359785
600000,21,539658.0,194543,91.25,60342,539658
800000,21,719566.0,302650,92.1,80434,719566
1000000,21,899582.0,433468,92.3,100418,899582
2,22,1.0,1,0.05,1,1
3,22,2.0,2,0.05,1,2
100,22,88.0,66,1.2,12,88
200,22,177.0,127,2.8,23,177
2000,22,1780.0,1210,20.15,220,1780
10000,22,8950.0,5573,46.05,1050,8950
20000,22,17980.0,10329,50.05,2020,17980
40000,22,35905.0,20339,58.15,4095,35905
60000,22,53945.0,25645,59.4,6055,53945
80000,22,71917.0,32012,59.85,8083,71917
100000,22,89944.0,42281,61.45,10056,89944
200000,22,179839.0,96471,63.9,20161,179839
400000,22,359601.0,148437,73.45,40399,359601
600000,22,539786.0,305715,74.4,60214,539786
800000,22,719625.0,406869,74.7,80375,719625
1000000,22,899807.0,532127,74.7,100193,899807
2,23,1.0,1,0.05,1,1
3,23,2.0,2,0.05,1,2
100,23,92.0,61,1.2,8,92
200,23,185.0,126,2.55,15,185
2000,23,1806.0,1060,11.25,194,1806
10000,23,8991.0,4311,27.15,1009,8991
20000,23,18039.0,7167,28.3,1961,18039
40000,23,36025.0,13843,62.05,3975,36025
60000,23,53978.0,21342,63.8,6022,53978
80000,23,72015.0,29976,66.85,7985,72015
100000,23,90006.0,37388,73.05,9994,90006
200000,23,179893.0,79464,76.7,20107,179893
400000,23,359737.0,160898,82.9,40263,359737
600000,23,539992.0,279883,83.4,60008,539992
800000,23,720084.0,412698,83.65,79916,720084
1000000,23,900102.0,526713,85.0,99898,900102
2,24,2.0,1,0.05,0,2
3,24,3.0,2,0.05,0,3
100,24,94.0,66,1.65,6,94
200,24,186.0,126,3.15,14,186
2000,24,1803.0,1324,17.75,197,1803
10000,24,8941.0,6069,34.8,1059,8941
20000,24,17907.0,9442,47.4,2093,17907
40000,24,35901.0,21237,53.8,4099,35901
60000,24,53882.0,35666,59.05,6118,53882
80000,24,71911.0,49824,59.35,8089,71911
100000,24,89950.0,67603,59.45,10050,89950
200000,24,179730.0,130696,82.35,20270,179730
400000,24,359473.0,210916,86.5,40527,359473
600000,24,539401.0,321804,87.55,60599,539401
800000,24,719309.0,367276,88.2,80691,719309
1000000,24,899329.0,464823,88.9,100671,899329
2,25,1.0,1,0.05,1,1
3,25,2.0,2,0.05,1,2
100,25,86.0,58,0.85,14,86
200,25,176.0,123,1.3,24,176
2000,25,1771.0,1362,20.65,229,1771
10000,25,9023.0,6543,37.55,977,9023
20000,25,17984.0,10973,56.45,2016,17984
40000,25,35925.0,20166,79.1,4075,35925
60000,25,53955.0,30483,83.65,6045,53955
80000,25,71935.0,44307,85.1,8065,71935
100000,25,89966.0,51112,89.0,10034,89966
200000,25,180020.0,105376,102.9,19980,180020
400000,25,359816.0,227116,112.95,40184,359816
600000,25,539920.0,280446,113.55,60080,539920
800000,25,719774.0,370663,114.1,80226,719774
1000000,25,899739.0,447677,118.05,100261,899739
2,26,2.0,1,0.05,0,2
3,26,3.0,2,0.05,0,3
100,26,86.0,71,1.95,14,86
200,26,177.0,140,4.0,23,177
2000,26,1794.0,876,16.95,206,1794
10000,26,8954.0,4088,42.7,1046,8954
20000,26,17906.0,8155,60.75,2094,17906
40000,26,35918.0,18836,65.65,4082,35918
60000,26,53902.0,22644,73.75,6098,53902
80000,26,71865.0,30781,78.5,8135,71865
100000,26,89904.0,45475,86.95,10096,89904
200000,26,179983.0,82847,94.55,20017,179983
400000,26,359963.0,195515,95.95,40037,359963
600000,26,540061.0,267402,96.9,59939,540061
800000,26,720238.0,366436,96.9,79762,720238
1000000,26,900168.0,439551,97.3,99832,900168
2,27,2.0,1,0.05,0,2
3,27,3.0,2,0.05,0,3
100,27,90.0,64,2.0,10,90
200,27,178.0,116,3.55,22,178
2000,27,1790.0,852,17.7,210,1790
10000,27,8972.0,5632,45.05,1028,8972
20000,27,17896.0,10182,60.4,2104,17896
40000,27,35781.0,17765,71.8,4219,35781
60000,27,53832.0,26167,72.3,6168,53832
80000,27,71896.0,42662,72.7,8104,71896
100000,27,89911.0,56914,84.05,10089,89911
200000,27,179855.0,131242,87.2,20145,179855
400000,27,359939.0,263983,90.15,40061,359939
600000,27,540049.0,336120,91.8,59951,540049
800000,27,719732.0,457610,92.25,80268,719732
1000000,27,899624.0,531355,93.15,100376,899624
2,28,2.0,1,0.05,0,2
3,28,3.0,2,0.05,0,3
100,28,90.0,65,1.5,10,90
200,28,179.0,121,2.1,21,179
2000,28,1776.0,1141,16.6,224,1776
10000,28,8950.0,6531,49.65,1050,8950
20000,28,17980.0,10703,57.6,2020,17980
40000,28,35969.0,18526,66.5,4031,35969
60000,28,53938.0,25400,69.9,6062,53938
80000,28,71960.0,34097,74.5,8040,71960
100000,28,90030.0,37723,74.9,9970,90030
200000,28,180096.0,88094,78.15,19904,180096
400000,28,360078.0,203060,82.65,39922,360078
600000,28,539913.0,304575,83.25,60087,539913
800000,28,719911.0,336751,83.5,80089,719911
1000000,28,900012.0,432900,84.7,99988,900012
2,29,2.0,1,0.05,0,2
3,29,3.0,2,0.05,0,3
100,29,91.0,65,1.3,9,91
200,29,180.0,127,2.0,20,180
2000,29,1802.0,1025,14.85,198,1802
10000,29,9022.0,5648,25.75,978,9022
20000,29,18031.0,10108,40.5,1969,18031
40000,29,35992.0,20377,60.35,4008,35992
60000,29,53919.0,31618,67.55,6081,53919
80000,29,71908.0,39717,73.7,8092,71908
100000,29,89901.0,47168,76.4,10099,89901
200000,29,179839.0,95177,82.05,20161,179839
400000,29,359763.0,163933,83.0,40237,359763
600000,29,539900.0,325415,83.2,60100,539900
800000,29,719867.0,436948,83.65,80133,719867
1000000,29,899776.0,567513,83.7,100224,899776
2,30,1.0,1,0.05,1,1
3,30,2.0,2,0.05,1,2
100,30,92.0,68,1.25,8,92
200,30,187.0,142,2.8,13,187
2000,30,1803.0,1068,12.8,197,1803
10000,30,9008.0,5913,29.0,992,9008
20000,30,17999.0,10424,31.8,2001,17999
40000,30,36013.0,22772,33.75,3987,36013
60000,30,54022.0,30095,47.35,5978,54022
80000,30,72025.0,41561,61.7,7975,72025
100000,30,89984.0,53889,74.65,10016,89984
200000,30,180007.0,88300,78.0,19993,180007
400000,30,359965.0,164548,89.05,40035,359965
600000,30,540017.0,231128,106.1,59983,540017
800000,30,719952.0,289973,110.85,80048,719952
1000000,30,899936.0,424844,111.05,100064,899936
2,31,2.0,1,0.05,0,2
3,31,3.0,2,0.05,0,3
100,31,91.0,74,2.0,9,91
200,31,183.0,141,2.95,17,183
2000,31,1801.0,1261,15.4,199,1801
10000,31,8953.0,5159,38.45,1047,8953
20000,31,17963.0,11026,41.35,2037,17963
40000,31,35926.0,20986,56.1,4074,35926
60000,31,53873.0,30257,60.3,6127,53873
80000,31,71781.0,38821,71.95,8219,71781
100000,31,89832.0,42100,73.05,10168,89832
200000,31,179729.0,81395,74.5,20271,179729
400000,31,359714.0,167578,75.6,40286,359714
600000,31,539865.0,232129,75.75,60135,539865
800000,31,719924.0,274023,79.3,80076,719924
1000000,31,899790.0,358769,79.75,100210,899790
2,32,2.0,1,0.05,0,2
3,32,3.0,2,0.05,0,3
100,32,87.0,66,1.2,13,87
200,32,179.0,133,2.95,21,179
2000,32,1779.0,1091,19.95,221,1779
10000,32,8916.0,4857,49.35,1084,8916
20000,32,17895.0,9609,56.25,2105,17895
40000,32,35857.0,16915,64.2,4143,35857
60000,32,53784.0,25994,67.55,6216,53784
80000,32,71778.0,35718,69.85,8222,71778
100000,32,89815.0,38109,70.25,10185,89815
200000,32,179704.0,80336,72.4,20296,179704
400000,32,359873.0,124438,77.0,40127,359873
600000,32,539828.0,170193,79.5,60172,539828
800000,32,719811.0,230669,79.95,80189,719811
1000000,32,899954.0,398568,79.95,100046,899954
2,33,1.0,1,0.05,1,1
3,33,2.0,2,0.05,1,2
100,33,84.0,64,1.45,16,84
200,33,178.0,126,2.6,22,178
2000,33,1807.0,1200,13.05,193,1807
10000,33,8951.0,4204,31.1,1049,8951
20000,33,17917.0,7664,39.5,2083,17917
40000,33,35907.0,17297,42.25,4093,35907
60000,33,53900.0,19891,52.25,6100,53900
80000,33,72006.0,35860,53.05,7994,72006
100000,33,89963.0,46736,53.25,10037,89963
200000,33,179946.0,113675,106.2,20054,179946
400000,33,359819.0,219027,108.1,40181,359819
600000,33,539907.0,344651,108.2,60093,539907
800000,33,720035.0,416534,111.1,79965,720035
1000000,33,899943.0,550691,111.95,100057,899943
2,34,2.0,1,0.05,0,2
3,34,3.0,2,0.05,0,3
100,34,94.0,67,1.4,6,94
200,34,184.0,131,2.55,16,184
2000,34,1786.0,1179,15.05,214,1786
10000,34,8967.0,4539,44.35,1033,8967
20000,34,17946.0,7935,48.2,2054,17946
40000,34,35974.0,17438,49.4,4026,35974
60000,34,53989.0,28059,50.5,6011,53989
80000,34,72034.0,39223,51.8,7966,72034
100000,34,90025.0,51490,53.0,9975,90025
200000,34,180104.0,108223,56.3,19896,180104
400000,34,359871.0,218272,64.25,40129,359871
600000,34,539854.0,374561,66.45,60146,539854
800000,34,719850.0,447513,67.0,80150,719850
1000000,34,899837.0,535685,67.05,100163,899837
2,35,1.0,1,0.05,1,1
3,35,2.0,2,0.05,1,2
100,35,86.0,63,1.35,14,86
200,35,179.0,132,2.65,21,179
2000,35,1787.0,986,19.5,213,1787
10000,35,8993.0,3861,34.9,1007,8993
20000,35,17953.0,7380,47.75,2047,17953
40000,35,35955.0,18814,68.85,4045,35955
60000,35,53902.0,30581,71.3,6098,53902
80000,35,71918.0,45669,73.85,8082,71918
100000,35,89894.0,55366,82.3,10106,89894
200000,35,179946.0,100457,87.85,20054,179946
400000,35,359915.0,209816,95.6,40085,359915
600000,35,539856.0,311983,96.85,60144,539856
800000,35,719709.0,442631,98.4,80291,719709
1000000,35,899450.0,526350,100.7,100550,899450
2,36,1.0,1,0.05,1,1
3,36,2.0,2,0.05,1,2
100,36,92.0,73,1.85,8,92
200,36,179.0,141,3.75,21,179
2000,36,1796.0,1399,21.9,204,1796
10000,36,8955.0,4966,53.65,1045,8955
20000,36,17986.0,9627,61.05,2014,17986
40000,36,36012.0,16909,66.0,3988,36012
60000,36,54008.0,22965,68.25,5992,54008
80000,36,72027.0,35289,68.6,7973,72027
100000,36,90035.0,43871,72.05,9965,90035
200000,36,179998.0,90080,78.45,20002,179998
400000,36,359861.0,174834,79.1,40139,359861
600000,36,539600.0,301692,80.3,60400,539600
800000,36,719631.0,403243,80.4,80369,719631
1000000,36,899634.0,524958,80.55,100366,899634
2,37,2.0,1,0.05,0,2
3,37,3.0,2,0.05,0,3
100,37,89.0,65,1.15,11,89
200,37,179.0,123,2.05,21,179
2000,37,1782.0,1120,8.3,218,1782
10000,37,8936.0,3736,22.4,1064,8936
20000,37,17906.0,9310,27.65,2094,17906
40000,37,35905.0,15583,30.75,4095,35905
60000,37,53901.0,24927,32.3,6099,53901
80000,37,71865.0,29511,32.85,8135,71865
100000,37,89885.0,33864,32.85,10115,89885
200000,37,179935.0,78956,34.05,20065,179935
400000,37,360024.0,193219,34.3,39976,360024
600000,37,539979.0,257164,34.45,60021,539979
800000,37,720060.0,342043,34.45,79940,720060
1000000,37,900165.0,514008,34.7,99835,900165
2,38,2.0,1,0.05,0,2
3,38,3.0,2,0.05,0,3
100,38,89.0,66,1.7,11,89
200,38,178.0,126,3.7,22,178
2000,38,1785.0,1423,15.95,215,1785
10000,38,8979.0,5671,40.8,1021,8979
20000,38,17978.0,11587,50.7,2022,17978
40000,38,35928.0,26119,66.95,4072,35928
60000,38,53966.0,35886,70.05,6034,53966
80000,38,71979.0,47954,70.6,8021,71979
100000,38,90049.0,65709,70.65,9951,90049
200000,38,179946.0,130546,74.1,20054,179946
400000,38,359852.0,228501,75.4,40148,359852
600000,38,540167.0,289517,75.5,59833,540167
800000,38,720050.0,370348,90.9,79950,720050
1000000,38,899899.0,419384,91.25,100101,899899
2,39,2.0,1,0.05,0,2
3,39,3.0,2,0.05,0,3
100,39,88.0,60,1.2,12,88
200,39,184.0,118,2.35,16,184
2000,39,1792.0,1163,11.2,208,1792
10000,39,9000.0,5735,23.95,1000,9000
20000,39,17919.0,10095,34.35,2081,17919
40000,39,35942.0,23129,38.15,4058,35942
60000,39,53872.0,33457,39.5,6128,53872
80000,39,71887.0,45351,39.95,8113,71887
100000,39,89909.0,50924,40.4,10091,89909
200000,39,179842.0,123862,42.3,20158,179842
400000,39,359679.0,225317,44.1,40321,359679
600000,39,539742.0,346772,44.2,60258,539742
800000,39,719762.0,405798,44.2,80238,719762
1000000,39,899662.0,500560,44.5,100338,899662
2,40,2.0,1,0.05,0,2
3,40,3.0,2,0.05,0,3
100,40,90.0,63,1.2,10,90
200,40,181.0,124,1.85,19,181
2000,40,1790.0,1313,7.5,210,1790
10000,40,9077.0,5269,9.5,923,9077
20000,40,18096.0,11448,17.5,1904,18096
40000,40,36136.0,21888,18.25,3864,36136
60000,40,54096.0,33972,20.75,5904,54096
80000,40,72143.0,41207,20.8,7857,72143
100000,40,90119.0,50389,20.95,9881,90119
200000,40,180141.0,102750,31.3,19859,180141
400000,40,360093.0,177501,38.8,39907,360093
600000,40,540009.0,246324,38.9,59991,540009
800000,40,719948.0,305874,39.05,80052,719948
1000000,40,899683.0,347968,39.1,100317,899683
2,41,2.0,1,0.05,0,2
3,41,3.0,2,0.05,0,3
100,41,88.0,69,1.2,12,88
200,41,171.0,132,1.55,29,171
2000,41,1785.0,893,7.95,215,1785
10000,41,9014.0,5242,16.55,986,9014
20000,41,18012.0,11736,22.3,1988,18012
40000,41,35982.0,21350,25.4,4018,35982
60000,41,54016.0,33080,26.4,5984,54016
80000,41,71958.0,47061,26.6,8042,71958
100000,41,89933.0,56434,28.2,10067,89933
200000,41,179816.0,98973,35.4,20184,179816
400000,41,359862.0,214498,35.55,40138,359862
600000,41,539749.0,377602,35.55,60251,539749
800000,41,719653.0,494161,35.7,80347,719653
1000000,41,899628.0,578982,35.85,100372,899628
2,42,2.0,1,0.05,0,2
3,42,3.0,2,0.05,0,3
100,42,89.0,67,1.85,11,89
200,42,180.0,140,3.25,20,180
2000,42,1791.0,1261,18.65,209,1791
10000,42,8998.0,6005,31.2,1002,8998
20000,42,17991.0,12166,34.1,2009,17991
40000,42,35960.0,21120,54.05,4040,35960
60000,42,53981.0,27793,55.35,6019,53981
80000,42,71990.0,34121,56.35,8010,71990
100000,42,90004.0,45033,56.4,9996,90004
200000,42,180050.0,96867,59.25,19950,180050
400000,42,360437.0,143561,62.0,39563,360437
600000,42,540578.0,181258,78.45,59422,540578
800000,42,720659.0,252768,81.9,79341,720659
1000000,42,900613.0,346718,81.95,99387,900613
2,43,2.0,1,0.05,0,2
3,43,3.0,2,0.05,0,3
100,43,86.0,66,1.15,14,86
200,43,173.0,134,1.8,27,173
2000,43,1779.0,1002,13.1,221,1779
10000,43,8966.0,5423,46.3,1034,8966
20000,43,17953.0,10261,72.85,2047,17953
40000,43,35939.0,17637,83.5,4061,35939
60000,43,53987.0,29426,92.85,6013,53987
80000,43,71996.0,39198,96.95,8004,71996
100000,43,89952.0,47681,97.85,10048,89952
200000,43,180108.0,116923,100.15,19892,180108
400000,43,360032.0,240386,105.1,39968,360032
600000,43,539957.0,379145,149.45,60043,539957
800000,43,719872.0,475215,151.2,80128,719872
1000000,43,899668.0,565063,151.6,100332,899668
2,44,2.0,1,0.05,0,2
3,44,3.0,2,0.05,0,3
100,44,92.0,69,1.55,8,92
200,44,183.0,130,2.25,17,183
2000,44,1810.0,1105,16.35,190,1810
10000,44,8974.0,6666,41.1,1026,8974
20000,44,17963.0,13401,43.1,2037,17963
40000,44,35883.0,20875,74.6,4117,35883
60000,44,53878.0,33064,80.05,6122,53878
80000,44,71776.0,39802,101.35,8224,71776
100000,44,89793.0,50352,101.5,10207,89793
200000,44,179734.0,86064,110.05,20266,179734
400000,44,359440.0,163568,110.8,40560,359440
600000,44,539306.0,303575,113.45,60694,539306
800000,44,719297.0,358681,113.95,80703,719297
1000000,44,899238.0,396897,116.75,100762,899238
2,45,2.0,1,0.05,0,2
3,45,3.0,2,0.05,0,3
100,45,90.0,73,1.75,10,90
200,45,176.0,142,3.1,24,176
2000,45,1759.0,1358,16.6,241,1759
10000,45,8947.0,6580,38.5,1053,8947
20000,45,17932.0,12504,46.55,2068,17932
40000,45,35919.0,26444,65.55,4081,35919
60000,45,53917.0,39190,68.75,6083,53917
80000,45,71890.0,47258,70.3,8110,71890
100000,45,89852.0,61011,71.9,10148,89852
200000,45,179780.0,120278,75.1,20220,179780
400000,45,359716.0,213529,80.4,40284,359716
600000,45,539553.0,336666,81.25,60447,539553
800000,45,719572.0,429039,81.35,80428,719572
1000000,45,899517.0,553544,81.35,100483,899517
2,46,2.0,1,0.05,0,2
3,46,3.0,2,0.05,0,3
100,46,90.0,64,1.4,10,90
200,46,176.0,126,2.6,24,176
2000,46,1780.0,1294,18.35,220,1780
10000,46,8933.0,6356,55.6,1067,8933
20000,46,17939.0,12688,67.9,2061,17939
40000,46,35921.0,23589,74.9,4079,35921
60000,46,53933.0,28266,86.05,6067,53933
80000,46,72016.0,43144,90.65,7984,72016
100000,46,90025.0,54816,91.5,9975,90025
200000,46,180061.0,96443,100.75,19939,180061
400000,46,360240.0,200660,107.85,39760,360240
600000,46,540095.0,331347,108.55,59905,540095
800000,46,720023.0,406811,108.75,79977,720023
1000000,46,899991.0,488174,109.35,100009,899991
2,47,2.0,1,0.05,0,2
3,47,3.0,2,0.05,0,3
100,47,91.0,80,1.7,9,91
200,47,178.0,156,2.55,22,178
2000,47,1773.0,1408,12.05,227,1773
10000,47,8965.0,5752,54.1,1035,8965
20000,47,17967.0,9765,59.05,2033,17967
40000,47,35981.0,22070,61.95,4019,35981
60000,47,53933.0,33458,86.65,6067,53933
80000,47,71972.0,46767,90.2,8028,71972
100000,47,89952.0,62813,90.4,10048,89952
200000,47,179947.0,115723,102.3,20053,179947
400000,47,360193.0,264267,108.2,39807,360193
600000,47,540362.0,423456,108.4,59638,540362
800000,47,720303.0,566572,108.95,79697,720303
1000000,47,900340.0,690086,109.2,99660,900340
2,48,1.0,1,0.05,1,1
3,48,2.0,2,0.05,1,2
100,48,84.0,63,0.95,16,84
200,48,170.0,125,1.35,30,170
2000,48,1778.0,1016,8.7,222,1778
10000,48,8911.0,4398,29.6,1089,8911
20000,48,17964.0,7586,33.35,2036,17964
40000,48,35938.0,13996,55.8,4062,35938
60000,48,53940.0,25325,59.7,6060,53940
80000,48,71926.0,31788,71.95,8074,71926
100000,48,90027.0,46152,71.95,9973,90027
200000,48,179873.0,93528,72.85,20127,179873
400000,48,359678.0,246018,73.9,40322,359678
600000,48,539659.0,396582,76.25,60341,539659
800000,48,719653.0,529257,76.85,80347,719653
1000000,48,899453.0,622093,79.25,100547,899453
2,49,1.0,1,0.05,1,1
3,49,2.0,2,0.05,1,2
100,49,85.0,60,1.35,15,85
200,49,172.0,113,2.0,28,172
2000,49,1791.0,1142,23.1,209,1791
10000,49,8975.0,4695,58.65,1025,8975
20000,49,17922.0,10958,69.95,2078,17922
40000,49,35905.0,20045,73.8,4095,35905
60000,49,53905.0,29985,76.05,6095,53905
80000,49,71877.0,38709,77.35,8123,71877
100000,49,89868.0,43615,77.85,10132,89868
200000,49,179793.0,69114,84.2,20207,179793
400000,49,359635.0,151453,102.0,40365,359635
600000,49,539882.0,248677,102.4,60118,539882
800000,49,719885.0,318911,102.45,80115,719885
1000000,49,899889.0,443936,102.45,100111,899889
2,50,1.0,1,0.05,1,1
3,50,2.0,2,0.05,1,2
100,50,86.0,60,1.5,14,86
200,50,174.0,125,2.85,26,174
2000,50,1777.0,1144,14.1,223,1777
10000,50,8973.0,4581,21.8,1027,8973
20000,50,17972.0,11312,23.6,2028,17972
40000,50,35981.0,24868,34.25,4019,35981
60000,50,53974.0,34391,37.6,6026,53974
80000,50,71908.0,40922,38.1,8092,71908
100000,50,89866.0,48032,39.1,10134,89866
200000,50,179746.0,115234,80.95,20254,179746
400000,50,359650.0,272798,84.3,40350,359650
600000,50,539398.0,411107,85.3,60602,539398
800000,50,719272.0,526215,85.65,80728,719272
1000000,50,899567.0,718112,85.65,100433,899567
2,51,2.0,1,0.05,0,2
3,51,3.0,2,0.05,0,3
100,51,93.0,66,1.65,7,93
200,51,181.0,144,3.55,19,181
2000,51,1790.0,1130,12.2,210,1790
10000,51,9004.0,4427,28.25,996,9004
20000,51,17974.0,9076,45.2,2026,17974
40000,51,35952.0,16532,57.45,4048,35952
60000,51,54026.0,29380,60.65,5974,54026
80000,51,72004.0,36012,63.4,7996,72004
100000,51,90019.0,53688,71.2,9981,90019
200000,51,179871.0,100019,81.1,20129,179871
400000,51,359976.0,234880,103.6,40024,359976
600000,51,539869.0,335857,103.75,60131,539869
800000,51,719908.0,420378,103.85,80092,719908
1000000,51,900202.0,475787,103.85,99798,900202
2,52,2.0,1,0.05,0,2
3,52,3.0,2,0.05,0,3
100,52,91.0,71,1.6,9,91
200,52,181.0,155,3.55,19,181
2000,52,1779.0,1335,18.75,221,1779
10000,52,8943.0,6988,49.75,1057,8943
20000,52,17881.0,11105,57.3,2119,17881
40000,52,35918.0,16839,63.4,4082,35918
60000,52,53918.0,30598,65.75,6082,53918
80000,52,72027.0,44028,78.95,7973,72027
100000,52,90026.0,52947,79.3,9974,90026
200000,52,179803.0,106026,91.8,20197,179803
400000,52,359880.0,208490,95.15,40120,359880
600000,52,539937.0,292606,98.55,60063,539937
800000,52,719979.0,412520,99.45,80021,719979
1000000,52,899563.0,487639,99.7,100437,899563
2,53,1.0,1,0.05,1,1
3,53,2.0,2,0.05,1,2
100,53,87.0,63,1.35,13,87
200,53,174.0,120,2.2,26,174
2000,53,1787.0,928,13.55,213,1787
10000,53,9004.0,5692,25.55,996,9004
20000,53,18004.0,11021,27.55,1996,18004
40000,53,35975.0,24662,37.9,4025,35975
60000,53,53919.0,33594,42.15,6081,53919
80000,53,71961.0,46205,42.55,8039,71961
100000,53,89847.0,58917,43.0,10153,89847
200000,53,179951.0,109572,43.65,20049,179951
400000,53,359878.0,194008,46.3,40122,359878
600000,53,539845.0,307476,47.75,60155,539845
800000,53,719896.0,359708,47.75,80104,719896
1000000,53,899806.0,468462,48.95,100194,899806
2,54,2.0,1,0.05,0,2
3,54,3.0,2,0.05,0,3
100,54,89.0,61,1.0,11,89
200,54,179.0,129,1.5,21,179
2000,54,1812.0,1179,12.85,188,1812
10000,54,9042.0,4604,29.4,958,9042
20000,54,17982.0,8882,39.5,2018,17982
40000,54,36003.0,17546,50.65,3997,36003
60000,54,54018.0,27179,58.85,5982,54018
80000,54,72006.0,40458,64.3,7994,72006
100000,54,90010.0,53850,66.85,9990,90010
200000,54,179890.0,108349,68.1,20110,179890
400000,54,359671.0,214275,72.3,40329,359671
600000,54,539784.0,257493,72.4,60216,539784
800000,54,719651.0,349082,72.45,80349,719651
1000000,54,899771.0,398436,72.5,100229,899771
2,55,1.0,1,0.05,1,1
3,55,2.0,2,0.05,1,2
100,55,88.0,43,0.2,12,88
200,55,176.0,88,0.25,24,176
2000,55,1806.0,1011,11.7,194,1806
10000,55,8986.0,5194,22.2,1014,8986
20000,55,18025.0,7722,27.4,1975,18025
40000,55,35963.0,16958,32.05,4037,35963
60000,55,53922.0,25657,35.15,6078,53922
80000,55,71835.0,35836,40.45,8165,71835
100000,55,89808.0,42597,40.95,10192,89808
200000,55,179674.0,77614,45.35,20326,179674
400000,55,359677.0,191197,45.4,40323,359677
600000,55,539558.0,260420,59.9,60442,539558
800000,55,719542.0,292701,60.15,80458,719542
1000000,55,899429.0,427164,60.25,100571,899429
2,56,2.0,1,0.05,0,2
3,56,3.0,2,0.05,0,3
100,56,92.0,58,1.4,8,92
200,56,178.0,111,2.55,22,178
2000,56,1751.0,1086,16.3,249,1751
10000,56,8899.0,5521,35.55,1101,8899
20000,56,17933.0,9922,36.55,2067,17933
40000,56,35978.0,22287,38.25,4022,35978
60000,56,54054.0,29732,38.55,5946,54054
80000,56,72001.0,36048,40.25,7999,72001
100000,56,89994.0,45523,40.3,10006,89994
200000,56,180047.0,91764,41.0,19953,180047
400000,56,359948.0,171547,41.45,40052,359948
600000,56,539960.0,318665,42.25,60040,539960
800000,56,719982.0,423670,42.4,80018,719982
1000000,56,900040.0,531066,42.4,99960,900040
2,57,2.0,1,0.05,0,2
3,57,3.0,2,0.05,0,3
100,57,85.0,72,1.7,15,85
200,57,178.0,112,2.65,22,178
2000,57,1781.0,1142,10.7,219,1781
10000,57,8970.0,4818,32.5,1030,8970
20000,57,17986.0,8116,38.4,2014,17986
40000,57,35932.0,15094,48.65,4068,35932
60000,57,53995.0,20489,49.25,6005,53995
80000,57,72056.0,32561,49.9,7944,72056
100000,57,90031.0,40282,52.55,9969,90031
200000,57,180072.0,101314,61.1,19928,180072
400000,57,360055.0,237105,65.2,39945,360055
600000,57,540168.0,312987,65.8,59832,540168
800000,57,720371.0,389816,65.8,79629,720371
1000000,57,900364.0,472282,65.95,99636,900364
2,58,2.0,1,0.05,0,2
3,58,3.0,2,0.05,0,3
100,58,90.0,65,1.5,10,90
200,58,180.0,144,2.95,20,180
2000,58,1776.0,1335,14.0,224,1776
10000,58,8983.0,7403,31.65,1017,8983
20000,58,17945.0,15019,58.6,2055,17945
40000,58,35926.0,26898,67.7,4074,35926
60000,58,53900.0,42119,92.1,6100,53900
80000,58,71862.0,46451,100.05,8138,71862
100000,58,89915.0,60451,100.1,10085,89915
200000,58,179808.0,122670,106.1,20192,179808
400000,58,359805.0,236841,109.35,40195,359805
600000,58,539716.0,368925,112.5,60284,539716
800000,58,719756.0,503747,112.55,80244,719756
1000000,58,899710.0,644192,113.2,100290,899710
2,59,2.0,1,0.05,0,2
3,59,3.0,2,0.05,0,3
100,59,84.0,65,1.6,16,84
200,59,170.0,145,2.4,30,170
2000,59,1795.0,976,6.1,205,1795
10000,59,8969.0,4025,28.85,1031,8969
20000,59,17949.0,7313,40.95,2051,17949
40000,59,36009.0,12878,49.6,3991,36009
60000,59,53992.0,24427,50.2,6008,53992
80000,59,71962.0,31461,51.1,8038,71962
100000,59,89969.0,42746,55.5,10031,89969
200000,59,180043.0,83019,65.65,19957,180043
400000,59,359908.0,158640,67.15,40092,359908
600000,59,539959.0,215081,67.25,60041,539959
800000,59,720050.0,259181,67.35,79950,720050
1000000,59,900144.0,336263,67.35,99856,900144
2,60,1.0,1,0.05,1,1
3,60,1.0,2,0.05,2,1
100,60,91.0,66,1.65,9,91
200,60,179.0,136,2.8,21,179
2000,60,1770.0,1160,17.3,230,1770
10000,60,8985.0,6806,32.1,1015,8985
20000,60,17974.0,13452,45.55,2026,17974
40000,60,35967.0,27020,48.95,4033,35967
60000,60,53945.0,41211,50.75,6055,53945
80000,60,71880.0,53101,51.5,8120,71880
100000,60,89835.0,68853,51.95,10165,89835
200000,60,179789.0,127086,54.7,20211,179789
400000,60,359895.0,244998,54.75,40105,359895
600000,60,539910.0,346207,55.05,60090,539910
800000,60,719943.0,494047,55.2,80057,719943
1000000,60,899880.0,638138,55.2,100120,899880
2,61,2.0,1,0.05,0,2
3,61,3.0,2,0.05,0,3
100,61,86.0,60,1.5,14,86
200,61,179.0,121,2.9,21,179
2000,61,1764.0,881,17.6,236,1764
10000,61,9007.0,4056,26.7,993,9007
20000,61,17971.0,6883,30.95,2029,17971
40000,61,36024.0,15247,34.15,3976,36024
60000,61,53969.0,25344,35.05,6031,53969
80000,61,72019.0,33398,37.2,7981,72019
100000,61,90039.0,48702,39.45,9961,90039
200000,61,180153.0,109828,39.9,19847,180153
400000,61,359861.0,210647,56.35,40139,359861
600000,61,539937.0,284824,60.65,60063,539937
800000,61,719789.0,382464,62.55,80211,719789
1000000,61,899737.0,516135,63.15,100263,899737
2,62,2.0,1,0.05,0,2
3,62,3.0,2,0.05,0,3
100,62,90.0,79,1.85,10,90
200,62,176.0,159,3.5,24,176
2000,62,1771.0,1186,17.5,229,1771
10000,62,8944.0,5799,42.3,1056,8944
20000,62,17904.0,9716,64.35,2096,17904
40000,62,35875.0,18613,68.85,4125,35875
60000,62,53870.0,26747,71.2,6130,53870
80000,62,71881.0,32415,72.5,8119,71881
100000,62,89886.0,44513,73.75,10114,89886
200000,62,179913.0,67204,84.5,20087,179913
400000,62,360005.0,196053,111.7,39995,360005
600000,62,539976.0,305253,116.2,60024,539976
800000,62,719881.0,418280,116.45,80119,719881
1000000,62,899811.0,493109,122.6,100189,899811
2,63,2.0,1,0.05,0,2
3,63,3.0,2,0.05,0,3
100,63,89.0,75,1.7,11,89
200,63,177.0,140,2.95,23,177
2000,63,1808.0,1199,22.75,192,1808
10000,63,8964.0,5344,45.2,1036,8964
20000,63,18000.0,11418,47.15,2000,18000
40000,63,35991.0,23303,51.45,4009,35991
60000,63,53937.0,35781,52.5,6063,53937
80000,63,71917.0,44480,52.95,8083,71917
100000,63,89955.0,50919,56.6,10045,89955
200000,63,179980.0,76306,57.7,20020,179980
400000,63,359981.0,156908,59.6,40019,359981
600000,63,539768.0,211629,67.25,60232,539768
800000,63,719680.0,240436,67.55,80320,719680
1000000,63,899800.0,338738,67.55,100200,899800
2,64,2.0,1,0.05,0,2
3,64,3.0,2,0.05,0,3
100,64,80.0,72,1.1,20,80
200,64,169.0,153,3.1,31,169
2000,64,1763.0,1088,18.25,237,1763
10000,64,8906.0,3947,34.5,1094,8906
20000,64,17922.0,9968,35.65,2078,17922
40000,64,35965.0,25029,36.25,4035,35965
60000,64,54016.0,31195,37.3,5984,54016
80000,64,72071.0,35425,38.05,7929,72071
100000,64,90085.0,43383,39.15,9915,90085
200000,64,180057.0,98680,59.4,19943,180057
400000,64,360061.0,218563,76.8,39939,360061
600000,64,539980.0,357652,80.25,60020,539980
800000,64,720188.0,540595,85.95,79812,720188
1000000,64,900333.0,618150,85.95,99667,900333
2,65,2.0,1,0.05,0,2
3,65,3.0,2,0.05,0,3
100,65,88.0,69,1.25,12,88
200,65,179.0,135,2.75,21,179
2000,65,1782.0,842,13.75,218,1782
10000,65,9003.0,4594,25.65,997,9003
20000,65,17996.0,9477,30.75,2004,17996
40000,65,36005.0,18865,34.0,3995,36005
60000,65,54014.0,22744,40.95,5986,54014
80000,65,71965.0,29230,41.45,8035,71965
100000,65,90033.0,33042,41.6,9967,90033
200000,65,180064.0,71167,44.45,19936,180064
400000,65,359986.0,148850,46.8,40014,359986
600000,65,539938.0,230948,47.15,60062,539938
800000,65,720108.0,283973,47.2,79892,720108
1000000,65,900108.0,409473,47.2,99892,900108
2,66,2.0,1,0.05,0,2
3,66,3.0,2,0.05,0,3
100,66,84.0,64,1.5,16,84
200,66,176.0,139,2.9,24,176
2000,66,1779.0,1065,14.95,221,1779
10000,66,8957.0,3960,41.8,1043,8957
20000,66,17957.0,7147,46.2,2043,17957
40000,66,35926.0,13770,73.6,4074,35926
60000,66,53902.0,27343,77.1,6098,53902
80000,66,71906.0,36881,78.9,8094,71906
100000,66,89872.0,47771,80.1,10128,89872
200000,66,179849.0,85966,84.8,20151,179849
400000,66,359780.0,168089,90.65,40220,359780
600000,66,539452.0,289165,90.95,60548,539452
800000,66,719569.0,436742,90.95,80431,719569
1000000,66,899606.0,596622,93.15,100394,899606
2,67,1.0,1,0.05,1,1
3,67,2.0,2,0.05,1,2
100,67,86.0,64,1.5,14,86
200,67,178.0,121,2.45,22,178
2000,67,1783.0,1426,19.15,217,1783
10000,67,8999.0,6722,42.5,1001,8999
20000,67,17954.0,10822,51.9,2046,17954
40000,67,35900.0,24370,71.55,4100,35900
60000,67,53926.0,38177,88.1,6074,53926
80000,67,71862.0,48053,91.8,8138,71862
100000,67,89829.0,55693,92.75,10171,89829
200000,67,179691.0,111774,101.8,20309,179691
400000,67,359755.0,188920,103.25,40245,359755
600000,67,539480.0,321223,106.95,60520,539480
800000,67,719699.0,442069,106.95,80301,719699
1000000,67,899865.0,568552,107.05,100135,899865
2,68,2.0,1,0.05,0,2
3,68,3.0,2,0.05,0,3
100,68,87.0,58,1.2,13,87
200,68,175.0,122,2.25,25,175
2000,68,1787.0,957,24.8,213,1787
10000,68,8951.0,5423,55.35,1049,8951
20000,68,17886.0,10206,73.35,2114,17886
40000,68,35891.0,19578,82.85,4109,35891
60000,68,53886.0,26292,86.4,6114,53886
80000,68,71842.0,32429,103.3,8158,71842
100000,68,89902.0,38649,103.6,10098,89902
200000,68,179888.0,113230,115.65,20112,179888
400000,68,359854.0,178497,118.1,40146,359854
600000,68,539877.0,289308,121.1,60123,539877
800000,68,719783.0,412563,121.35,80217,719783
1000000,68,899612.0,532029,123.75,100388,899612
2,69,1.0,1,0.05,1,1
3,69,2.0,2,0.05,1,2
100,69,92.0,64,1.15,8,92
200,69,179.0,129,2.25,21,179
2000,69,1771.0,1171,16.85,229,1771
10000,69,8960.0,5701,29.25,1040,8960
20000,69,17951.0,11184,33.8,2049,17951
40000,69,35969.0,24020,38.7,4031,35969
60000,69,54004.0,32374,38.95,5996,54004
80000,69,72052.0,48644,39.0,7948,72052
100000,69,90002.0,60129,56.55,9998,90002
200000,69,180033.0,111651,63.45,19967,180033
400000,69,360033.0,225632,64.2,39967,360033
600000,69,540095.0,314179,64.25,59905,540095
800000,69,720120.0,380049,64.4,79880,720120
1000000,69,900217.0,448955,64.5,99783,900217
2,70,2.0,1,0.05,0,2
3,70,3.0,2,0.05,0,3
100,70,87.0,56,1.3,13,87
200,70,178.0,96,2.0,22,178
2000,70,1785.0,992,20.15,215,1785
10000,70,8975.0,4869,47.7,1025,8975
20000,70,17986.0,8151,61.1,2014,17986
40000,70,35936.0,18221,67.25,4064,35936
60000,70,53922.0,26119,92.0,6078,53922
80000,70,71877.0,32833,95.05,8123,71877
100000,70,89866.0,39204,97.5,10134,89866
200000,70,179963.0,64596,111.05,20037,179963
400000,70,359973.0,150064,120.5,40027,359973
600000,70,540038.0,282097,121.1,59962,540038
800000,70,719914.0,347404,122.8,80086,719914
1000000,70,899872.0,458804,123.05,100128,899872
2,71,1.0,1,0.05,1,1
3,71,2.0,2,0.05,1,2
100,71,88.0,63,1.8,12,88
200,71,178.0,131,3.1,22,178
2000,71,1795.0,973,16.45,205,1795
10000,71,8955.0,5336,33.85,1045,8955
20000,71,17986.0,10721,42.8,2014,17986
40000,71,36066.0,21312,45.85,3934,36066
60000,71,54059.0,30690,53.35,5941,54059
80000,71,71964.0,42061,55.65,8036,71964
100000,71,90029.0,56110,61.9,9971,90029
200000,71,179989.0,88237,92.95,20011,179989
400000,71,360048.0,189861,95.5,39952,360048
600000,71,540208.0,311725,96.0,59792,540208
800000,71,720387.0,476767,96.1,79613,720387
1000000,71,900761.0,652907,96.1,99239,900761
2,72,2.0,1,0.05,0,2
3,72,3.0,2,0.05,0,3
100,72,93.0,60,1.55,7,93
200,72,182.0,115,2.45,18,182
2000,72,1808.0,967,15.25,192,1808
10000,72,8965.0,5169,61.3,1035,8965
20000,72,17965.0,10531,67.5,2035,17965
40000,72,36003.0,23100,75.85,3997,36003
60000,72,53954.0,30811,83.8,6046,53954
80000,72,71953.0,39590,85.75,8047,71953
100000,72,90030.0,46388,87.35,9970,90030
200000,72,179884.0,89898,98.35,20116,179884
400000,72,359858.0,219420,102.05,40142,359858
600000,72,539858.0,370183,103.15,60142,539858
800000,72,719963.0,461728,104.45,80037,719963
1000000,72,899767.0,532631,104.75,100233,899767
2,73,2.0,1,0.05,0,2
3,73,3.0,2,0.05,0,3
100,73,90.0,66,1.65,10,90
200,73,177.0,134,2.85,23,177
2000,73,1788.0,1331,18.4,212,1788
10000,73,8957.0,5991,40.4,1043,8957
20000,73,17895.0,12603,51.6,2105,17895
40000,73,35969.0,19138,52.1,4031,35969
60000,73,53932.0,28477,57.5,6068,53932
80000,73,71982.0,37307,61.2,8018,71982
100000,73,90015.0,45888,63.25,9985,90015
200000,73,180175.0,97225,71.35,19825,180175
400000,73,360161.0,166736,73.35,39839,360161
600000,73,540300.0,265171,74.55,59700,540300
800000,73,720461.0,423287,74.6,79539,720461
1000000,73,900446.0,510116,74.65,99554,900446
2,74,2.0,1,0.05,0,2
3,74,3.0,2,0.05,0,3
100,74,92.0,69,1.9,8,92
200,74,182.0,132,4.0,18,182
2000,74,1768.0,1074,19.55,232,1768
10000,74,8944.0,3418,42.2,1056,8944
20000,74,17914.0,4958,57.15,2086,17914
40000,74,35996.0,9935,58.9,4004,35996
60000,74,53977.0,17173,64.8,6023,53977
80000,74,72051.0,18367,69.95,7949,72051
100000,74,89975.0,24849,75.8,10025,89975
200000,74,180139.0,78177,77.85,19861,180139
400000,74,360308.0,167672,79.75,39692,360308
600000,74,540420.0,287949,79.95,59580,540420
800000,74,720682.0,368641,80.0,79318,720682
1000000,74,900511.0,449826,82.05,99489,900511
2,75,2.0,1,0.05,0,2
3,75,2.0,2,0.05,1,2
100,75,84.0,64,1.4,16,84
200,75,177.0,125,2.55,23,177
2000,75,1774.0,1085,14.2,226,1774
10000,75,8971.0,4257,16.75,1029,8971
20000,75,17965.0,9651,23.6,2035,17965
40000,75,35923.0,17944,26.55,4077,35923
60000,75,53962.0,25763,26.95,6038,53962
80000,75,71935.0,30639,32.8,8065,71935
100000,75,89942.0,35736,32.9,10058,89942
200000,75,179986.0,72404,33.65,20014,179986
400000,75,360141.0,224468,34.1,39859,360141
600000,75,540437.0,313489,34.2,59563,540437
800000,75,720193.0,429495,34.85,79807,720193
1000000,75,900091.0,506947,34.95,99909,900091
2,76,2.0,1,0.05,0,2
3,76,3.0,2,0.05,0,3
100,76,87.0,60,1.65,13,87
200,76,176.0,133,2.85,24,176
2000,76,1768.0,1356,20.7,232,1768
10000,76,8943.0,6647,40.15,1057,8943
20000,76,17953.0,10030,42.05,2047,17953
40000,76,35876.0,21583,60.0,4124,35876
60000,76,53852.0,30823,64.5,6148,53852
80000,76,71861.0,40826,64.55,8139,71861
100000,76,89923.0,49791,66.5,10077,89923
200000,76,179912.0,94102,70.45,20088,179912
400000,76,359846.0,231452,73.8,40154,359846
600000,76,540025.0,389416,74.9,59975,540025
800000,76,720088.0,528024,76.75,79912,720088
1000000,76,900125.0,637954,76.9,99875,900125
2,77,2.0,1,0.05,0,2
3,77,3.0,2,0.05,0,3
100,77,93.0,70,1.75,7,93
200,77,183.0,134,3.05,17,183
2000,77,1800.0,1163,21.05,200,1800
10000,77,8947.0,5454,42.6,1053,8947
20000,77,17896.0,9050,46.35,2104,17896
40000,77,35876.0,19156,48.9,4124,35876
60000,77,53948.0,35345,48.95,6052,53948
80000,77,71954.0,49051,49.05,8046,71954
100000,77,89920.0,62150,49.25,10080,89920
200000,77,179997.0,130978,53.75,20003,179997
400000,77,360196.0,223222,55.0,39804,360196
600000,77,540154.0,346863,55.25,59846,540154
800000,77,720157.0,454167,55.35,79843,720157
1000000,77,900149.0,599002,55.4,99851,900149
2,78,2.0,1,0.05,0,2
3,78,3.0,2,0.05,0,3
100,78,92.0,69,1.55,8,92
200,78,180.0,125,3.0,20,180
2000,78,1768.0,1061,16.7,232,1768
10000,78,8937.0,5936,23.7,1063,8937
20000,78,17942.0,11782,33.4,2058,17942
40000,78,35973.0,20679,33.9,4027,35973
60000,78,54018.0,26368,39.1,5982,54018
80000,78,71935.0,35084,45.35,8065,71935
100000,78,89941.0,50078,48.05,10059,89941
200000,78,179919.0,81435,48.95,20081,179919
400000,78,359821.0,169188,50.05,40179,359821
600000,78,539721.0,318978,50.85,60279,539721
800000,78,719760.0,425898,51.1,80240,719760
1000000,78,899700.0,564386,51.25,100300,899700
2,79,2.0,1,0.05,0,2
3,79,3.0,2,0.05,0,3
100,79,87.0,73,1.85,13,87
200,79,175.0,154,3.85,25,175
2000,79,1804.0,1090,19.5,196,1804
10000,79,8968.0,4541,37.2,1032,8968
20000,79,17967.0,7042,43.5,2033,17967
40000,79,35868.0,14590,78.8,4132,35868
60000,79,53868.0,23912,80.5,6132,53868
80000,79,71938.0,43811,80.5,8062,71938
100000,79,89874.0,56268,83.5,10126,89874
200000,79,179974.0,111699,86.9,20026,179974
400000,79,360118.0,219806,91.4,39882,360118
600000,79,540063.0,319824,92.1,59937,540063
800000,79,720191.0,394760,92.35,79809,720191
1000000,79,900096.0,506228,93.0,99904,900096
2,80,2.0,1,0.05,0,2
3,80,3.0,2,0.05,0,3
100,80,81.0,65,1.5,19,81
200,80,164.0,107,2.35,36,164
2000,80,1778.0,1114,13.9,222,1778
10000,80,8935.0,5234,36.4,1065,8935
20000,80,17981.0,8236,38.1,2019,17981
40000,80,35919.0,14815,47.3,4081,35919
60000,80,53859.0,24164,49.2,6141,53859
80000,80,71849.0,28823,50.0,8151,71849
100000,80,89796.0,35385,50.75,10204,89796
200000,80,179922.0,83053,61.7,20078,179922
400000,80,359973.0,184072,68.35,40027,359973
600000,80,539863.0,306433,68.9,60137,539863
800000,80,720043.0,414090,69.15,79957,720043
1000000,80,900086.0,519212,69.35,99914,900086
2,81,1.0,1,0.05,1,1
3,81,1.0,2,0.05,2,1
100,81,89.0,56,1.3,11,89
200,81,181.0,113,3.05,19,181
2000,81,1774.0,1042,17.2,226,1774
10000,81,8958.0,7087,37.45,1042,8958
20000,81,17929.0,12879,42.85,2071,17929
40000,81,35919.0,26859,45.85,4081,35919
60000,81,53863.0,39489,49.8,6137,53863
80000,81,71950.0,53636,49.8,8050,71950
100000,81,89947.0,65098,50.45,10053,89947
200000,81,179984.0,98926,52.65,20016,179984
400000,81,359968.0,174179,66.1,40032,359968
600000,81,539837.0,237779,67.15,60163,539837
800000,81,719872.0,363534,67.45,80128,719872
1000000,81,899884.0,491090,67.7,100116,899884
2,82,1.0,1,0.05,1,1
3,82,2.0,2,0.05,1,2
100,82,95.0,63,1.3,5,95
200,82,188.0,123,1.9,12,188
2000,82,1785.0,1287,26.1,215,1785
10000,82,9001.0,6228,51.5,999,9001
20000,82,17987.0,11125,60.2,2013,17987
40000,82,35997.0,23422,62.25,4003,35997
60000,82,54013.0,32688,79.7,5987,54013
80000,82,72003.0,39183,81.5,7997,72003
100000,82,90072.0,49056,82.8,9928,90072
200000,82,179954.0,99875,89.65,20046,179954
400000,82,360137.0,143080,97.25,39863,360137
600000,82,540207.0,245933,98.05,59793,540207
800000,82,720478.0,323916,98.8,79522,720478
1000000,82,900448.0,368129,109.1,99552,900448
2,83,2.0,1,0.05,0,2
3,83,3.0,2,0.05,0,3
100,83,91.0,68,1.9,9,91
200,83,184.0,130,3.05,16,184
2000,83,1800.0,1259,25.1,200,1800
10000,83,8921.0,6513,78.45,1079,8921
20000,83,17925.0,12150,95.35,2075,17925
40000,83,35893.0,18996,106.6,4107,35893
60000,83,53912.0,33237,109.15,6088,53912
80000,83,71888.0,46327,111.55,8112,71888
100000,83,89934.0,62538,115.15,10066,89934
200000,83,179877.0,114462,122.75,20123,179877
400000,83,359737.0,245074,128.95,40263,359737
600000,83,539927.0,361644,129.55,60073,539927
800000,83,719939.0,453688,134.25,80061,719939
1000000,83,900068.0,595837,134.6,99932,900068
2,84,2.0,1,0.05,0,2
3,84,3.0,2,0.05,0,3
100,84,90.0,64,1.4,10,90
200,84,177.0,122,2.85,23,177
2000,84,1783.0,1201,16.9,217,1783
10000,84,8941.0,4950,47.7,1059,8941
20000,84,17936.0,9440,53.4,2064,17936
40000,84,35891.0,19088,65.75,4109,35891
60000,84,53888.0,26383,69.4,6112,53888
80000,84,71919.0,32846,72.15,8081,71919
100000,84,89837.0,40819,80.2,10163,89837
200000,84,179719.0,85960,87.05,20281,179719
400000,84,359552.0,160849,98.85,40448,359552
600000,84,539672.0,239131,98.9,60328,539672
800000,84,719796.0,399617,98.9,80204,719796
1000000,84,899678.0,508779,123.0,100322,899678
2,85,0.0,1,0.05,2,0
3,85,1.0,2,0.05,2,1
100,85,90.0,64,1.4,10,90
200,85,178.0,128,2.7,22,178
2000,85,1782.0,973,15.25,218,1782
10000,85,8950.0,5013,32.8,1050,8950
20000,85,17940.0,11800,35.4,2060,17940
40000,85,35948.0,25821,39.65,4052,35948
60000,85,53915.0,37030,43.85,6085,53915
80000,85,71864.0,53581,44.65,8136,71864
100000,85,89887.0,71178,44.9,10113,89887
200000,85,179887.0,153588,45.25,20113,179887
400000,85,360158.0,291470,46.85,39842,360158
600000,85,540292.0,431157,47.1,59708,540292
800000,85,720266.0,508248,47.1,79734,720266
1000000,85,900438.0,633427,47.7,99562,900438
2,86,2.0,1,0.05,0,2
3,86,3.0,2,0.05,0,3
100,86,93.0,59,1.15,7,93
200,86,183.0,104,2.05,17,183
2000,86,1802.0,1009,18.15,198,1802
10000,86,8969.0,5531,48.5,1031,8969
20000,86,18008.0,11022,55.65,1992,18008
40000,86,35958.0,21013,70.25,4042,35958
60000,86,53932.0,28896,74.05,6068,53932
80000,86,71882.0,35186,83.3,8118,71882
100000,86,89862.0,39855,84.1,10138,89862
200000,86,179815.0,96814,86.25,20185,179815
400000,86,360069.0,239537,88.9,39931,360069
600000,86,540046.0,368353,89.35,59954,540046
800000,86,720026.0,426106,89.55,79974,720026
1000000,86,900005.0,572909,89.65,99995,900005
2,87,2.0,1,0.05,0,2
3,87,3.0,2,0.05,0,3
100,87,87.0,56,1.0,13,87
200,87,176.0,96,1.45,24,176
2000,87,1783.0,1162,16.6,217,1783
10000,87,8939.0,4972,39.85,1061,8939
20000,87,17903.0,8262,49.5,2097,17903
40000,87,35852.0,17591,58.1,4148,35852
60000,87,53813.0,28858,65.5,6187,53813
80000,87,71659.0,40783,70.7,8341,71659
100000,87,89636.0,52845,80.8,10364,89636
200000,87,179712.0,96350,81.05,20288,179712
400000,87,359866.0,241305,86.0,40134,359866
600000,87,539749.0,390236,86.1,60251,539749
800000,87,719666.0,549091,88.55,80334,719666
1000000,87,899342.0,699611,89.65,100658,899342
2,88,2.0,1,0.05,0,2
3,88,3.0,2,0.05,0,3
100,88,85.0,65,0.75,15,85
200,88,178.0,108,0.85,22,178
2000,88,1788.0,993,11.85,212,1788
10000,88,8968.0,6507,27.05,1032,8968
20000,88,18002.0,11339,34.2,1998,18002
40000,88,35998.0,20676,41.35,4002,35998
60000,88,53976.0,28725,53.75,6024,53976
80000,88,72027.0,45884,53.95,7973,72027
100000,88,90057.0,55121,55.15,9943,90057
200000,88,180164.0,120645,76.25,19836,180164
400000,88,359892.0,246532,97.45,40108,359892
600000,88,540237.0,334467,97.7,59763,540237
800000,88,720239.0,451962,97.75,79761,720239
1000000,88,900093.0,576279,98.05,99907,900093
2,89,2.0,1,0.05,0,2
3,89,2.0,2,0.05,1,2
100,89,87.0,64,1.9,13,87
200,89,175.0,129,2.9,25,175
2000,89,1759.0,958,20.4,241,1759
10000,89,8946.0,4770,47.7,1054,8946
20000,89,17973.0,10073,60.6,2027,17973
40000,89,35929.0,16321,71.5,4071,35929
60000,89,53932.0,23344,74.4,6068,53932
80000,89,71957.0,32787,84.05,8043,71957
100000,89,89901.0,41493,104.9,10099,89901
200000,89,179944.0,83658,111.45,20056,179944
400000,89,359904.0,214743,114.1,40096,359904
600000,89,540085.0,311641,118.35,59915,540085
800000,89,720101.0,391814,118.45,79899,720101
1000000,89,900190.0,547835,118.65,99810,900190
2,90,1.0,1,0.05,1,1
3,90,2.0,2,0.05,1,2
100,90,89.0,65,1.5,11,89
200,90,178.0,117,2.6,22,178
2000,90,1800.0,1204,20.75,200,1800
10000,90,9002.0,5832,34.9,998,9002
20000,90,17920.0,10769,54.7,2080,17920
40000,90,35916.0,21621,59.0,4084,35916
60000,90,53899.0,30213,61.1,6101,53899
80000,90,71880.0,41675,62.8,8120,71880
100000,90,89860.0,55901,69.6,10140,89860
200000,90,179604.0,98387,81.05,20396,179604
400000,90,359693.0,210228,85.65,40307,359693
600000,90,539560.0,292369,86.35,60440,539560
800000,90,719642.0,414917,86.45,80358,719642
1000000,90,899611.0,497900,87.1,100389,899611
2,91,2.0,1,0.05,0,2
3,91,3.0,2,0.05,0,3
100,91,86.0,72,1.75,14,86
200,91,173.0,144,2.95,27,173
2000,91,1779.0,1484,14.65,221,1779
10000,91,8933.0,6316,32.8,1067,8933
20000,91,17929.0,9382,46.0,2071,17929
40000,91,35917.0,12767,73.4,4083,35917
60000,91,53852.0,19200,75.25,6148,53852
80000,91,71796.0,25599,84.25,8204,71796
100000,91,89780.0,29683,84.65,10220,89780
200000,91,179883.0,109007,90.3,20117,179883
400000,91,359921.0,211371,98.5,40079,359921
600000,91,539929.0,293714,98.65,60071,539929
800000,91,719849.0,445169,98.85,80151,719849
1000000,91,899910.0,563386,98.95,100090,899910
2,92,1.0,1,0.05,1,1
3,92,2.0,2,0.05,1,2
100,92,92.0,63,1.55,8,92
200,92,188.0,118,3.3,12,188
2000,92,1791.0,880,16.7,209,1791
10000,92,8962.0,5895,48.15,1038,8962
20000,92,17924.0,10899,58.1,2076,17924
40000,92,35897.0,22404,82.65,4103,35897
60000,92,53867.0,32551,87.3,6133,53867
80000,92,71840.0,44734,90.75,8160,71840
100000,92,89698.0,57743,96.05,10302,89698
200000,92,179722.0,102151,140.65,20278,179722
400000,92,359881.0,166154,141.3,40119,359881
600000,92,539925.0,221169,144.25,60075,539925
800000,92,719996.0,328080,146.65,80004,719996
1000000,92,900182.0,441746,146.75,99818,900182
2,93,2.0,1,0.05,0,2
3,93,3.0,2,0.05,0,3
100,93,90.0,62,1.35,10,90
200,93,178.0,126,2.6,22,178
2000,93,1777.0,1138,9.55,223,1777
10000,93,8938.0,4448,40.05,1062,8938
20000,93,17987.0,7232,42.6,2013,17987
40000,93,35968.0,15670,46.1,4032,35968
60000,93,53962.0,24411,54.0,6038,53962
80000,93,72009.0,35965,58.8,7991,72009
100000,93,89991.0,49975,59.0,10009,89991
200000,93,179935.0,107905,59.3,20065,179935
400000,93,359999.0,205098,61.35,40001,359999
600000,93,539985.0,295593,61.4,60015,539985
800000,93,719885.0,438198,61.75,80115,719885
1000000,93,899743.0,583126,61.75,100257,899743
2,94,1.0,1,0.05,1,1
3,94,2.0,2,0.05,1,2
100,94,87.0,74,1.8,13,87
200,94,174.0,135,3.1,26,174
2000,94,1782.0,1368,16.9,218,1782
10000,94,8980.0,4925,30.5,1020,8980
20000,94,17991.0,8743,53.45,2009,17991
40000,94,35999.0,16046,60.6,4001,35999
60000,94,53975.0,29311,61.7,6025,53975
80000,94,71902.0,41542,67.4,8098,71902
100000,94,89847.0,48029,67.75,10153,89847
200000,94,179811.0,96716,72.7,20189,179811
400000,94,359776.0,149199,74.1,40224,359776
600000,94,539744.0,251250,75.0,60256,539744
800000,94,719711.0,302163,75.15,80289,719711
1000000,94,899772.0,379051,75.2,100228,899772
2,95,1.0,1,0.05,1,1
3,95,2.0,2,0.05,1,2
100,95,89.0,70,1.85,11,89
200,95,180.0,131,3.65,20,180
2000,95,1790.0,989,25.65,210,1790
10000,95,8969.0,5056,47.45,1031,8969
20000,95,17971.0,9578,63.1,2029,17971
40000,95,35981.0,20981,80.9,4019,35981
60000,95,53975.0,27977,86.15,6025,53975
80000,95,72006.0,34515,90.65,7994,72006
100000,95,90041.0,40938,92.45,9959,90041
200000,95,180122.0,71998,101.95,19878,180122
400000,95,359953.0,168880,104.85,40047,359953
600000,95,540087.0,297529,105.1,59913,540087
800000,95,719950.0,400118,105.3,80050,719950
1000000,95,899720.0,480429,107.65,100280,899720
2,96,2.0,1,0.05,0,2
3,96,3.0,2,0.05,0,3
100,96,89.0,69,1.55,11,89
200,96,178.0,134,3.0,22,178
2000,96,1805.0,937,15.65,195,1805
10000,96,8977.0,4521,44.85,1023,8977
20000,96,17909.0,10607,72.15,2091,17909
40000,96,35908.0,25327,75.75,4092,35908
60000,96,53882.0,33617,79.25,6118,53882
80000,96,71947.0,45060,80.35,8053,71947
100000,96,89912.0,59427,81.05,10088,89912
200000,96,179936.0,133949,95.4,20064,179936
400000,96,360155.0,240634,95.9,39845,360155
600000,96,540117.0,346171,97.25,59883,540117
800000,96,720288.0,418923,99.4,79712,720288
1000000,96,900218.0,515324,99.75,99782,900218
2,97,2.0,1,0.05,0,2
3,97,3.0,2,0.05,0,3
100,97,91.0,47,0.95,9,91
200,97,182.0,101,1.55,18,182
2000,97,1764.0,1043,12.1,236,1764
10000,97,8971.0,6238,25.6,1029,8971
20000,97,17902.0,10282,39.6,2098,17902
40000,97,35796.0,18742,49.6,4204,35796
60000,97,53736.0,29719,50.7,6264,53736
80000,97,71761.0,44585,50.75,8239,71761
100000,97,89824.0,47199,50.75,10176,89824
200000,97,179664.0,76396,53.5,20336,179664
400000,97,359667.0,127637,62.65,40333,359667
600000,97,539747.0,221753,62.75,60253,539747
800000,97,719594.0,308377,62.85,80406,719594
1000000,97,899627.0,350032,62.85,100373,899627
2,98,2.0,1,0.05,0,2
3,98,3.0,2,0.05,0,3
100,98,88.0,63,1.65,12,88
200,98,181.0,134,3.35,19,181
2000,98,1799.0,1445,17.2,201,1799
10000,98,8992.0,5724,34.7,1008,8992
20000,98,17920.0,11434,42.05,2080,17920
40000,98,35983.0,21243,42.85,4017,35983
60000,98,53916.0,32073,74.4,6084,53916
80000,98,71952.0,39440,81.3,8048,71952
100000,98,89819.0,48676,97.9,10181,89819
200000,98,179822.0,108300,106.0,20178,179822
400000,98,359902.0,207656,108.8,40098,359902
600000,98,539858.0,353845,109.6,60142,539858
800000,98,719806.0,434500,111.05,80194,719806
1000000,98,899888.0,579799,111.05,100112,899888
2,99,2.0,1,0.05,0,2
3,99,3.0,2,0.05,0,3
100,99,94.0,61,1.65,6,94
200,99,184.0,118,3.4,16,184
2000,99,1791.0,1028,17.0,209,1791
10000,99,9004.0,4818,24.45,996,9004
20000,99,18028.0,10325,30.9,1972,18028
40000,99,35984.0,20764,41.2,4016,35984
60000,99,53990.0,25793,41.5,6010,53990
80000,99,72033.0,37084,45.35,7967,72033
100000,99,90021.0,48795,47.0,9979,90021
200000,99,180118.0,80056,59.5,19882,180118
400000,99,360244.0,131813,62.4,39756,360244
600000,99,540290.0,264666,65.6,59710,540290
800000,99,720336.0,336780,65.7,79664,720336
1000000,99,900580.0,446305,66.75,99420,900580
2,100,2.0,1,0.05,0,2
3,100,3.0,2,0.05,0,3
100,100,83.0,73,1.15,17,83
200,100,176.0,140,1.9,24,176
2000,100,1780.0,1177,6.85,220,1780
10000,100,8918.0,6186,34.55,1082,8918
20000,100,17851.0,10828,44.05,2149,17851
40000,100,35812.0,23511,55.9,4188,35812
60000,100,53854.0,36473,57.65,6146,53854
80000,100,71878.0,48194,58.05,8122,71878
100000,100,89797.0,59952,60.3,10203,89797
200000,100,179780.0,96404,62.0,20220,179780
400000,100,359800.0,193832,63.75,40200,359800
600000,100,539855.0,368024,74.1,60145,539855
800000,100,719719.0,493622,74.5,80281,719719
1000000,100,899557.0,602500,87.7,100443,899557
