Timestep,Iteration,Total Reward,Suboptimal Arms,Total Regret,Zeros Count,Ones Count
2,1,2.0,1,0.01,0,2
3,1,3.0,1,0.01,0,3
100,1,92.0,50,0.25,8,92
200,1,185.0,118,0.59,15,185
2000,1,1820.0,830,4.15,180,1820
10000,1,8974.0,4467,22.33,1026,8974
20000,1,17921.0,10636,53.18,2079,17921
40000,1,35768.0,16888,84.44,4232,35768
60000,1,53610.0,23609,118.04,6390,53610
80000,1,71434.0,31063,155.31,8566,71434
100000,1,89369.0,34719,173.59,10631,89369
200000,1,178579.0,57137,285.68,21421,178579
400000,1,357630.0,77138,385.69,42370,357630
600000,1,536459.0,88403,442.01,63541,536459
800000,1,715381.0,95344,476.72,84619,715381
1000000,1,894303.0,135096,675.48,105697,894303
2,2,2.0,1,0.01,0,2
3,2,3.0,1,0.01,0,3
100,2,83.0,54,0.27,17,83
200,2,177.0,128,0.64,23,177
2000,2,1774.0,998,4.99,226,1774
10000,2,8914.0,4743,23.71,1086,8914
20000,2,17850.0,12701,63.51,2150,17850
40000,2,35675.0,24046,120.23,4325,35675
60000,2,53483.0,34595,172.97,6517,53483
80000,2,71378.0,38624,193.12,8622,71378
100000,2,89258.0,50778,253.89,10742,89258
200000,2,178650.0,76395,381.97,21350,178650
400000,2,357365.0,110239,551.19,42635,357365
600000,2,536354.0,114779,573.89,63646,536354
800000,2,715112.0,131960,659.8,84888,715112
1000000,2,894033.0,136687,683.43,105967,894033
2,3,1.0,1,0.01,1,1
3,3,2.0,1,0.01,1,2
100,3,88.0,51,0.26,12,88
200,3,173.0,118,0.59,27,173
2000,3,1782.0,785,3.92,218,1782
10000,3,8931.0,2962,14.81,1069,8931
20000,3,17869.0,6916,34.58,2131,17869
40000,3,35807.0,13720,68.6,4193,35807
60000,3,53755.0,16971,84.85,6245,53755
80000,3,71676.0,22279,111.39,8324,71676
100000,3,89488.0,29557,147.78,10512,89488
200000,3,178949.0,38674,193.37,21051,178949
400000,3,357724.0,58407,292.03,42276,357724
600000,3,536899.0,61818,309.09,63101,536899
800000,3,715860.0,66235,331.17,84140,715860
1000000,3,894751.0,88374,441.87,105249,894751
2,4,2.0,1,0.01,0,2
3,4,3.0,1,0.01,0,3
100,4,86.0,49,0.25,14,86
200,4,176.0,125,0.63,24,176
2000,4,1775.0,736,3.68,225,1775
10000,4,8961.0,2534,12.67,1039,8961
20000,4,17869.0,5638,28.19,2131,17869
40000,4,35730.0,14656,73.28,4270,35730
60000,4,53617.0,17276,86.38,6383,53617
80000,4,71488.0,20481,102.4,8512,71488
100000,4,89384.0,28490,142.45,10616,89384
200000,4,178776.0,48474,242.37,21224,178776
400000,4,357761.0,65491,327.45,42239,357761
600000,4,536631.0,76485,382.42,63369,536631
800000,4,715672.0,80083,400.41,84328,715672
1000000,4,894466.0,92205,461.02,105534,894466
2,5,2.0,1,0.01,0,2
3,5,3.0,1,0.01,0,3
100,5,87.0,29,0.15,13,87
200,5,175.0,70,0.35,25,175
2000,5,1774.0,679,3.39,226,1774
10000,5,8901.0,3412,17.06,1099,8901
20000,5,17777.0,8399,42.0,2223,17777
40000,5,35606.0,16473,82.36,4394,35606
60000,5,53487.0,21930,109.65,6513,53487
80000,5,71249.0,29196,145.98,8751,71249
100000,5,89085.0,37002,185.01,10915,89085
200000,5,178429.0,58810,294.05,21571,178429
400000,5,357337.0,85375,426.87,42663,357337
600000,5,536550.0,99623,498.11,63450,536550
800000,5,715691.0,99623,498.11,84309,715691
1000000,5,894798.0,108557,542.78,105202,894798
2,6,2.0,1,0.01,0,2
3,6,3.0,1,0.01,0,3
100,6,88.0,50,0.25,12,88
200,6,174.0,118,0.59,26,174
2000,6,1775.0,848,4.24,225,1775
10000,6,8927.0,3908,19.54,1073,8927
20000,6,17812.0,7252,36.26,2188,17812
40000,6,35717.0,11522,57.61,4283,35717
60000,6,53542.0,14497,72.49,6458,53542
80000,6,71437.0,22152,110.76,8563,71437
100000,6,89354.0,23284,116.42,10646,89354
200000,6,178615.0,38092,190.46,21385,178615
400000,6,357542.0,46433,232.16,42458,357542
600000,6,536532.0,52842,264.21,63468,536532
800000,6,715388.0,55351,276.75,84612,715388
1000000,6,894538.0,56977,284.88,105462,894538
2,7,2.0,1,0.01,0,2
3,7,2.0,1,0.01,1,2
100,7,86.0,46,0.23,14,86
200,7,175.0,93,0.47,25,175
2000,7,1765.0,819,4.09,235,1765
10000,7,8883.0,3523,17.62,1117,8883
20000,7,17852.0,6178,30.89,2148,17852
40000,7,35656.0,13329,66.65,4344,35656
60000,7,53497.0,18235,91.17,6503,53497
80000,7,71359.0,24528,122.64,8641,71359
100000,7,89304.0,26556,132.78,10696,89304
200000,7,178669.0,47702,238.51,21331,178669
400000,7,357517.0,65288,326.44,42483,357517
600000,7,536585.0,71286,356.43,63415,536585
800000,7,715469.0,79697,398.48,84531,715469
1000000,7,894320.0,81040,405.2,105680,894320
2,8,2.0,1,0.01,0,2
3,8,3.0,1,0.01,0,3
100,8,91.0,45,0.23,9,91
200,8,184.0,90,0.45,16,184
2000,8,1808.0,747,3.73,192,1808
10000,8,8919.0,3742,18.71,1081,8919
20000,8,17879.0,5325,26.62,2121,17879
40000,8,35813.0,7114,35.57,4187,35813
60000,8,53684.0,11526,57.63,6316,53684
80000,8,71643.0,12265,61.33,8357,71643
100000,8,89481.0,12962,64.81,10519,89481
200000,8,178797.0,34830,174.15,21203,178797
400000,8,357850.0,51935,259.67,42150,357850
600000,8,536936.0,69526,347.63,63064,536936
800000,8,715952.0,71465,357.32,84048,715952
1000000,8,894936.0,76533,382.66,105064,894936
2,9,2.0,1,0.01,0,2
3,9,3.0,1,0.01,0,3
100,9,89.0,63,0.32,11,89
200,9,179.0,120,0.6,21,179
2000,9,1770.0,1242,6.21,230,1770
10000,9,8945.0,5442,27.21,1055,8945
20000,9,17914.0,10229,51.15,2086,17914
40000,9,35747.0,18926,94.63,4253,35747
60000,9,53662.0,22030,110.15,6338,53662
80000,9,71493.0,25698,128.49,8507,71493
100000,9,89303.0,32105,160.52,10697,89303
200000,9,178787.0,59835,299.17,21213,178787
400000,9,357850.0,87974,439.87,42150,357850
600000,9,536752.0,104084,520.42,63248,536752
800000,9,715553.0,127648,638.24,84447,715553
1000000,9,894707.0,130635,653.17,105293,894707
2,10,2.0,1,0.01,0,2
3,10,3.0,1,0.01,0,3
100,10,92.0,41,0.21,8,92
200,10,181.0,86,0.43,19,181
2000,10,1777.0,898,4.49,223,1777
10000,10,8923.0,3155,15.78,1077,8923
20000,10,17884.0,8818,44.09,2116,17884
40000,10,35809.0,17371,86.85,4191,35809
60000,10,53734.0,29408,147.04,6266,53734
80000,10,71602.0,34641,173.2,8398,71602
100000,10,89415.0,39578,197.89,10585,89415
200000,10,178717.0,64972,324.86,21283,178717
400000,10,357722.0,92706,463.53,42278,357722
600000,10,536593.0,122464,612.32,63407,536593
800000,10,715226.0,138759,693.79,84774,715226
1000000,10,894164.0,148890,744.45,105836,894164
2,11,2.0,1,0.01,0,2
3,11,3.0,1,0.01,0,3
100,11,90.0,49,0.25,10,90
200,11,182.0,89,0.45,18,182
2000,11,1788.0,1231,6.15,212,1788
10000,11,8926.0,4193,20.97,1074,8926
20000,11,17946.0,7468,37.34,2054,17946
40000,11,35770.0,15857,79.29,4230,35770
60000,11,53701.0,19346,96.73,6299,53701
80000,11,71617.0,22697,113.48,8383,71617
100000,11,89434.0,27364,136.82,10566,89434
200000,11,179016.0,40792,203.96,20984,179016
400000,11,357820.0,58377,291.88,42180,357820
600000,11,536693.0,74382,371.91,63307,536693
800000,11,715827.0,76809,384.04,84173,715827
1000000,11,894450.0,92634,463.17,105550,894450
2,12,2.0,1,0.01,0,2
3,12,3.0,1,0.01,0,3
100,12,87.0,42,0.21,13,87
200,12,175.0,82,0.41,25,175
2000,12,1767.0,1040,5.2,233,1767
10000,12,8888.0,4363,21.81,1112,8888
20000,12,17852.0,9033,45.17,2148,17852
40000,12,35660.0,18112,90.56,4340,35660
60000,12,53625.0,19897,99.48,6375,53625
80000,12,71519.0,29390,146.95,8481,71519
100000,12,89382.0,35263,176.31,10618,89382
200000,12,178767.0,68124,340.62,21233,178767
400000,12,357489.0,107775,538.87,42511,357489
600000,12,536417.0,115483,577.41,63583,536417
800000,12,715734.0,116843,584.21,84266,715734
1000000,12,894660.0,127355,636.77,105340,894660
2,13,2.0,1,0.01,0,2
3,13,3.0,1,0.01,0,3
100,13,86.0,50,0.25,14,86
200,13,178.0,100,0.5,22,178
2000,13,1777.0,1002,5.01,223,1777
10000,13,8977.0,4233,21.17,1023,8977
20000,13,17912.0,8597,42.99,2088,17912
40000,13,35808.0,18327,91.63,4192,35808
60000,13,53727.0,23966,119.83,6273,53727
80000,13,71636.0,29292,146.46,8364,71636
100000,13,89460.0,38898,194.49,10540,89460
200000,13,178784.0,65029,325.14,21216,178784
400000,13,357626.0,76999,384.99,42374,357626
600000,13,536687.0,82145,410.72,63313,536687
800000,13,715270.0,108618,543.09,84730,715270
1000000,13,894169.0,117353,586.76,105831,894169
2,14,2.0,1,0.01,0,2
3,14,2.0,1,0.01,1,2
100,14,90.0,50,0.25,10,90
200,14,176.0,102,0.51,24,176
2000,14,1766.0,802,4.01,234,1766
10000,14,8937.0,3307,16.54,1063,8937
20000,14,17867.0,5475,27.37,2133,17867
40000,14,35776.0,8238,41.19,4224,35776
60000,14,53605.0,10948,54.74,6395,53605
80000,14,71471.0,11460,57.3,8529,71471
100000,14,89368.0,11688,58.44,10632,89368
200000,14,178765.0,22299,111.49,21235,178765
400000,14,357327.0,34921,174.6,42673,357327
600000,14,536471.0,42698,213.49,63529,536471
800000,14,715308.0,54203,271.01,84692,715308
1000000,14,894121.0,55095,275.47,105879,894121
2,15,1.0,1,0.01,1,1
3,15,2.0,1,0.01,1,2
100,15,88.0,50,0.25,12,88
200,15,173.0,81,0.41,27,173
2000,15,1786.0,875,4.37,214,1786
10000,15,8901.0,4789,23.94,1099,8901
20000,15,17822.0,9215,46.08,2178,17822
40000,15,35636.0,18094,90.47,4364,35636
60000,15,53495.0,24345,121.72,6505,53495
80000,15,71376.0,32953,164.76,8624,71376
100000,15,89238.0,35516,177.58,10762,89238
200000,15,178586.0,66907,334.53,21414,178586
400000,15,357274.0,93551,467.75,42726,357274
600000,15,536173.0,105809,529.04,63827,536173
800000,15,715286.0,110352,551.76,84714,715286
1000000,15,894217.0,112361,561.8,105783,894217
2,16,2.0,1,0.01,0,2
3,16,3.0,1,0.01,0,3
100,16,88.0,35,0.18,12,88
200,16,176.0,58,0.29,24,176
2000,16,1775.0,919,4.59,225,1775
10000,16,8958.0,3920,19.6,1042,8958
20000,16,17880.0,6846,34.23,2120,17880
40000,16,35717.0,16163,80.81,4283,35717
60000,16,53651.0,18546,92.73,6349,53651
80000,16,71545.0,23820,119.1,8455,71545
100000,16,89405.0,26822,134.11,10595,89405
200000,16,178745.0,45038,225.19,21255,178745
400000,16,357545.0,73748,368.74,42455,357545
600000,16,536553.0,82048,410.24,63447,536553
800000,16,715546.0,88414,442.07,84454,715546
1000000,16,894601.0,96121,480.6,105399,894601
2,17,1.0,1,0.01,1,1
3,17,2.0,2,0.01,1,2
100,17,92.0,50,0.25,8,92
200,17,182.0,100,0.5,18,182
2000,17,1791.0,911,4.55,209,1791
10000,17,8871.0,5557,27.78,1129,8871
20000,17,17727.0,9108,45.54,2273,17727
40000,17,35626.0,17270,86.35,4374,35626
60000,17,53583.0,18540,92.7,6417,53583
80000,17,71413.0,22143,110.71,8587,71413
100000,17,89322.0,23493,117.46,10678,89322
200000,17,178882.0,33456,167.28,21118,178882
400000,17,358099.0,37876,189.38,41901,358099
600000,17,536990.0,42906,214.53,63010,536990
800000,17,715941.0,53096,265.48,84059,715941
1000000,17,894730.0,60360,301.8,105270,894730
2,18,1.0,1,0.01,1,1
3,18,2.0,2,0.01,1,2
100,18,89.0,56,0.28,11,89
200,18,179.0,119,0.6,21,179
2000,18,1788.0,914,4.57,212,1788
10000,18,8934.0,5070,25.35,1066,8934
20000,18,17877.0,9093,45.47,2123,17877
40000,18,35798.0,15906,79.53,4202,35798
60000,18,53543.0,22441,112.2,6457,53543
80000,18,71323.0,26461,132.3,8677,71323
100000,18,89247.0,28796,143.98,10753,89247
200000,18,178839.0,34219,171.09,21161,178839
400000,18,357805.0,66255,331.27,42195,357805
600000,18,536635.0,89353,446.76,63365,536635
800000,18,715396.0,104012,520.06,84604,715396
1000000,18,894286.0,108119,540.59,105714,894286
2,19,2.0,1,0.01,0,2
3,19,3.0,1,0.01,0,3
100,19,88.0,50,0.25,12,88
200,19,179.0,108,0.54,21,179
2000,19,1799.0,1109,5.54,201,1799
10000,19,8951.0,5166,25.83,1049,8951
20000,19,17918.0,10465,52.33,2082,17918
40000,19,35742.0,17706,88.53,4258,35742
60000,19,53725.0,21994,109.97,6275,53725
80000,19,71576.0,33029,165.14,8424,71576
100000,19,89470.0,35692,178.46,10530,89470
200000,19,178926.0,45690,228.45,21074,178926
400000,19,357989.0,88252,441.26,42011,357989
600000,19,536990.0,119765,598.82,63010,536990
800000,19,715864.0,136267,681.33,84136,715864
1000000,19,894640.0,152124,760.62,105360,894640
2,20,2.0,1,0.01,0,2
3,20,3.0,1,0.01,0,3
100,20,87.0,42,0.21,13,87
200,20,178.0,100,0.5,22,178
2000,20,1810.0,687,3.43,190,1810
10000,20,8979.0,2787,13.94,1021,8979
20000,20,17870.0,5343,26.71,2130,17870
40000,20,35823.0,7312,36.56,4177,35823
60000,20,53749.0,15936,79.68,6251,53749
80000,20,71597.0,21510,107.55,8403,71597
100000,20,89399.0,29776,148.88,10601,89399
200000,20,178840.0,53624,268.12,21160,178840
400000,20,357759.0,73074,365.37,42241,357759
600000,20,536646.0,78673,393.36,63354,536646
800000,20,715665.0,82484,412.42,84335,715665
1000000,20,894620.0,96994,484.97,105380,894620
2,21,2.0,1,0.01,0,2
3,21,3.0,1,0.01,0,3
100,21,93.0,37,0.19,7,93
200,21,179.0,87,0.44,21,179
2000,21,1791.0,761,3.8,209,1791
10000,21,8936.0,4703,23.51,1064,8936
20000,21,17855.0,8308,41.54,2145,17855
40000,21,35633.0,14975,74.88,4367,35633
60000,21,53596.0,16249,81.24,6404,53596
80000,21,71536.0,32484,162.42,8464,71536
100000,21,89405.0,40275,201.37,10595,89405
200000,21,178906.0,54355,271.77,21094,178906
400000,21,357587.0,79536,397.68,42413,357587
600000,21,536839.0,87082,435.41,63161,536839
800000,21,716091.0,90902,454.51,83909,716091
1000000,21,894943.0,95353,476.76,105057,894943
2,22,1.0,1,0.01,1,1
3,22,2.0,1,0.01,1,2
100,22,82.0,55,0.28,18,82
200,22,171.0,113,0.57,29,171
2000,22,1783.0,1249,6.24,217,1783
10000,22,8897.0,7101,35.5,1103,8897
20000,22,17834.0,13816,69.08,2166,17834
40000,22,35639.0,25596,127.98,4361,35639
60000,22,53531.0,29260,146.3,6469,53531
80000,22,71432.0,34445,172.22,8568,71432
100000,22,89423.0,34445,172.22,10577,89423
200000,22,179059.0,40866,204.33,20941,179059
400000,22,357973.0,58526,292.63,42027,357973
600000,22,536612.0,68886,344.43,63388,536612
800000,22,715682.0,69863,349.31,84318,715682
1000000,22,894685.0,94717,473.58,105315,894685
2,23,1.0,1,0.01,1,1
3,23,2.0,2,0.01,1,2
100,23,83.0,57,0.29,17,83
200,23,177.0,103,0.52,23,177
2000,23,1776.0,982,4.91,224,1776
10000,23,8905.0,3938,19.69,1095,8905
20000,23,17795.0,8739,43.7,2205,17795
40000,23,35663.0,13012,65.06,4337,35663
60000,23,53466.0,16451,82.25,6534,53466
80000,23,71393.0,17713,88.56,8607,71393
100000,23,89241.0,20650,103.25,10759,89241
200000,23,178642.0,28172,140.86,21358,178642
400000,23,357513.0,37043,185.21,42487,357513
600000,23,536307.0,53166,265.83,63693,536307
800000,23,715341.0,61561,307.8,84659,715341
1000000,23,894243.0,61592,307.96,105757,894243
2,24,2.0,1,0.01,0,2
3,24,3.0,1,0.01,0,3
100,24,91.0,50,0.25,9,91
200,24,179.0,101,0.51,21,179
2000,24,1788.0,872,4.36,212,1788
10000,24,8926.0,3019,15.1,1074,8926
20000,24,17910.0,3684,18.42,2090,17910
40000,24,35835.0,7200,36.0,4165,35835
60000,24,53696.0,10920,54.6,6304,53696
80000,24,71504.0,13787,68.94,8496,71504
100000,24,89437.0,14291,71.46,10563,89437
200000,24,179005.0,17012,85.06,20995,179005
400000,24,357937.0,55389,276.94,42063,357937
600000,24,537152.0,62261,311.3,62848,537152
800000,24,716261.0,64381,321.9,83739,716261
1000000,24,895174.0,81637,408.18,104826,895174
2,25,2.0,1,0.01,0,2
3,25,3.0,1,0.01,0,3
100,25,89.0,43,0.22,11,89
200,25,180.0,100,0.5,20,180
2000,25,1801.0,840,4.2,199,1801
10000,25,8976.0,3744,18.72,1024,8976
20000,25,17882.0,7040,35.2,2118,17882
40000,25,35864.0,9219,46.1,4136,35864
60000,25,53748.0,12923,64.62,6252,53748
80000,25,71672.0,18155,90.77,8328,71672
100000,25,89538.0,21265,106.32,10462,89538
200000,25,178944.0,33694,168.47,21056,178944
400000,25,357930.0,50562,252.81,42070,357930
600000,25,537010.0,55749,278.74,62990,537010
800000,25,715904.0,70941,354.7,84096,715904
1000000,25,894815.0,77461,387.3,105185,894815
2,26,2.0,1,0.01,0,2
3,26,3.0,1,0.01,0,3
100,26,84.0,64,0.32,16,84
200,26,175.0,123,0.62,25,175
2000,26,1781.0,873,4.36,219,1781
10000,26,8986.0,4433,22.16,1014,8986
20000,26,17881.0,7389,36.95,2119,17881
40000,26,35794.0,14030,70.15,4206,35794
60000,26,53714.0,18240,91.2,6286,53714
80000,26,71575.0,21008,105.04,8425,71575
100000,26,89420.0,25884,129.42,10580,89420
200000,26,178823.0,42538,212.69,21177,178823
400000,26,357707.0,93922,469.61,42293,357707
600000,26,536670.0,98898,494.49,63330,536670
800000,26,715678.0,106386,531.93,84322,715678
1000000,26,894322.0,124185,620.92,105678,894322
2,27,2.0,1,0.01,0,2
3,27,3.0,1,0.01,0,3
100,27,94.0,52,0.26,6,94
200,27,185.0,109,0.55,15,185
2000,27,1793.0,999,4.99,207,1793
10000,27,8970.0,4595,22.97,1030,8970
20000,27,17915.0,8724,43.62,2085,17915
40000,27,35825.0,15245,76.23,4175,35825
60000,27,53675.0,19343,96.71,6325,53675
80000,27,71582.0,24033,120.16,8418,71582
100000,27,89449.0,25199,125.99,10551,89449
200000,27,178929.0,32557,162.78,21071,178929
400000,27,357674.0,40243,201.21,42326,357674
600000,27,536686.0,41936,209.68,63314,536686
800000,27,715880.0,44633,223.16,84120,715880
1000000,27,894781.0,56279,281.39,105219,894781
2,28,2.0,1,0.01,0,2
3,28,3.0,1,0.01,0,3
100,28,90.0,50,0.25,10,90
200,28,183.0,109,0.55,17,183
2000,28,1791.0,938,4.69,209,1791
10000,28,8947.0,3826,19.13,1053,8947
20000,28,17845.0,8216,41.08,2155,17845
40000,28,35758.0,13524,67.62,4242,35758
60000,28,53674.0,18394,91.97,6326,53674
80000,28,71584.0,23930,119.65,8416,71584
100000,28,89417.0,35895,179.47,10583,89417
200000,28,178890.0,52011,260.05,21110,178890
400000,28,357796.0,80953,404.76,42204,357796
600000,28,536773.0,94227,471.13,63227,536773
800000,28,715578.0,104584,522.92,84422,715578
1000000,28,894462.0,111721,558.6,105538,894462
2,29,2.0,1,0.01,0,2
3,29,3.0,1,0.01,0,3
100,29,91.0,55,0.28,9,91
200,29,173.0,107,0.54,27,173
2000,29,1761.0,1038,5.19,239,1761
10000,29,8877.0,4453,22.26,1123,8877
20000,29,17826.0,7438,37.19,2174,17826
40000,29,35624.0,14675,73.38,4376,35624
60000,29,53435.0,27083,135.41,6565,53435
80000,29,71386.0,27338,136.69,8614,71386
100000,29,89253.0,31074,155.37,10747,89253
200000,29,178740.0,39624,198.12,21260,178740
400000,29,357851.0,45123,225.61,42149,357851
600000,29,536949.0,47023,235.11,63051,536949
800000,29,716044.0,49005,245.02,83956,716044
1000000,29,895021.0,52082,260.41,104979,895021
2,30,2.0,1,0.01,0,2
3,30,3.0,1,0.01,0,3
100,30,92.0,56,0.28,8,92
200,30,180.0,117,0.59,20,180
2000,30,1781.0,1108,5.54,219,1781
10000,30,8940.0,3927,19.64,1060,8940
20000,30,17892.0,6825,34.12,2108,17892
40000,30,35777.0,11773,58.87,4223,35777
60000,30,53673.0,13954,69.77,6327,53673
80000,30,71625.0,16049,80.24,8375,71625
100000,30,89482.0,18758,93.79,10518,89482
200000,30,178702.0,34751,173.75,21298,178702
400000,30,357540.0,60269,301.34,42460,357540
600000,30,536293.0,86686,433.43,63707,536293
800000,30,715442.0,102289,511.44,84558,715442
1000000,30,894304.0,125840,629.2,105696,894304
2,31,2.0,1,0.01,0,2
3,31,3.0,1,0.01,0,3
100,31,89.0,44,0.22,11,89
200,31,180.0,107,0.54,20,180
2000,31,1775.0,947,4.73,225,1775
10000,31,8943.0,3869,19.35,1057,8943
20000,31,17876.0,7128,35.64,2124,17876
40000,31,35780.0,15671,78.36,4220,35780
60000,31,53685.0,18433,92.16,6315,53685
80000,31,71454.0,23847,119.23,8546,71454
100000,31,89289.0,27836,139.18,10711,89289
200000,31,178616.0,54470,272.35,21384,178616
400000,31,357772.0,67497,337.48,42228,357772
600000,31,536834.0,73923,369.61,63166,536834
800000,31,715472.0,113323,566.61,84528,715472
1000000,31,894252.0,122485,612.42,105748,894252
2,32,1.0,1,0.01,1,1
3,32,2.0,2,0.01,1,2
100,32,89.0,56,0.28,11,89
200,32,171.0,108,0.54,29,171
2000,32,1777.0,863,4.31,223,1777
10000,32,8939.0,4771,23.85,1061,8939
20000,32,17842.0,9913,49.57,2158,17842
40000,32,35586.0,18569,92.84,4414,35586
60000,32,53446.0,20968,104.84,6554,53446
80000,32,71266.0,30185,150.92,8734,71266
100000,32,89166.0,34554,172.77,10834,89166
200000,32,178483.0,52102,260.51,21517,178483
400000,32,357257.0,62410,312.05,42743,357257
600000,32,536619.0,65672,328.36,63381,536619
800000,32,715720.0,65672,328.36,84280,715720
1000000,32,894898.0,65956,329.78,105102,894898
2,33,2.0,1,0.01,0,2
3,33,3.0,1,0.01,0,3
100,33,88.0,42,0.21,12,88
200,33,173.0,92,0.46,27,173
2000,33,1762.0,953,4.76,238,1762
10000,33,8931.0,3759,18.8,1069,8931
20000,33,17917.0,6041,30.2,2083,17917
40000,33,35826.0,16605,83.02,4174,35826
60000,33,53698.0,21261,106.3,6302,53698
80000,33,71580.0,25754,128.77,8420,71580
100000,33,89478.0,26751,133.75,10522,89478
200000,33,178864.0,42723,213.61,21136,178864
400000,33,357534.0,66876,334.38,42466,357534
600000,33,536551.0,86307,431.53,63449,536551
800000,33,715428.0,93505,467.52,84572,715428
1000000,33,894398.0,94950,474.75,105602,894398
2,34,1.0,1,0.01,1,1
3,34,2.0,1,0.01,1,2
100,34,90.0,34,0.17,10,90
200,34,180.0,53,0.27,20,180
2000,34,1803.0,766,3.83,197,1803
10000,34,8936.0,5096,25.48,1064,8936
20000,34,17805.0,9157,45.79,2195,17805
40000,34,35758.0,12188,60.94,4242,35758
60000,34,53643.0,19962,99.81,6357,53643
80000,34,71476.0,25303,126.51,8524,71476
100000,34,89344.0,30842,154.21,10656,89344
200000,34,178766.0,46860,234.3,21234,178766
400000,34,357796.0,57246,286.23,42204,357796
600000,34,536839.0,63239,316.19,63161,536839
800000,34,715752.0,67349,336.74,84248,715752
1000000,34,894750.0,74531,372.65,105250,894750
2,35,2.0,1,0.01,0,2
3,35,3.0,1,0.01,0,3
100,35,93.0,46,0.23,7,93
200,35,181.0,77,0.39,19,181
2000,35,1800.0,852,4.26,200,1800
10000,35,8953.0,4482,22.41,1047,8953
20000,35,17893.0,6712,33.56,2107,17893
40000,35,35724.0,11299,56.5,4276,35724
60000,35,53647.0,13747,68.74,6353,53647
80000,35,71518.0,16036,80.18,8482,71518
100000,35,89411.0,17685,88.42,10589,89411
200000,35,178949.0,27468,137.34,21051,178949
400000,35,357956.0,46875,234.37,42044,357956
600000,35,536944.0,53714,268.57,63056,536944
800000,35,715778.0,57217,286.08,84222,715778
1000000,35,894835.0,72912,364.56,105165,894835
2,36,2.0,1,0.01,0,2
3,36,3.0,1,0.01,0,3
100,36,91.0,53,0.27,9,91
200,36,182.0,100,0.5,18,182
2000,36,1793.0,1128,5.64,207,1793
10000,36,8918.0,5150,25.75,1082,8918
20000,36,17840.0,9117,45.59,2160,17840
40000,36,35707.0,18328,91.64,4293,35707
60000,36,53522.0,24839,124.19,6478,53522
80000,36,71396.0,26809,134.04,8604,71396
100000,36,89283.0,31827,159.13,10717,89283
200000,36,178658.0,52947,264.73,21342,178658
400000,36,357517.0,79713,398.56,42483,357517
600000,36,536577.0,90079,450.39,63423,536577
800000,36,715438.0,105685,528.42,84562,715438
1000000,36,894089.0,120317,601.58,105911,894089
2,37,2.0,1,0.01,0,2
3,37,2.0,1,0.01,1,2
100,37,87.0,58,0.29,13,87
200,37,178.0,98,0.49,22,178
2000,37,1793.0,940,4.7,207,1793
10000,37,8986.0,3366,16.83,1014,8986
20000,37,17939.0,5747,28.73,2061,17939
40000,37,35852.0,11261,56.31,4148,35852
60000,37,53703.0,16521,82.6,6297,53703
80000,37,71585.0,20985,104.92,8415,71585
100000,37,89404.0,24203,121.01,10596,89404
200000,37,178931.0,33970,169.85,21069,178931
400000,37,358026.0,37500,187.5,41974,358026
600000,37,536878.0,51050,255.25,63122,536878
800000,37,715818.0,55274,276.37,84182,715818
1000000,37,894962.0,55979,279.89,105038,894962
2,38,2.0,1,0.01,0,2
3,38,3.0,1,0.01,0,3
100,38,88.0,55,0.28,12,88
200,38,177.0,93,0.47,23,177
2000,38,1789.0,909,4.54,211,1789
10000,38,8911.0,4232,21.16,1089,8911
20000,38,17845.0,7524,37.62,2155,17845
40000,38,35687.0,11629,58.15,4313,35687
60000,38,53583.0,22568,112.84,6417,53583
80000,38,71490.0,24515,122.57,8510,71490
100000,38,89350.0,27024,135.12,10650,89350
200000,38,178797.0,38533,192.66,21203,178797
400000,38,357655.0,55523,277.61,42345,357655
600000,38,536373.0,73983,369.91,63627,536373
800000,38,715192.0,99855,499.27,84808,715192
1000000,38,894183.0,104294,521.47,105817,894183
2,39,2.0,1,0.01,0,2
3,39,3.0,1,0.01,0,3
100,39,88.0,50,0.25,12,88
200,39,177.0,78,0.39,23,177
2000,39,1784.0,974,4.87,216,1784
10000,39,8963.0,3734,18.67,1037,8963
20000,39,17889.0,7452,37.26,2111,17889
40000,39,35842.0,11742,58.71,4158,35842
60000,39,53760.0,15673,78.37,6240,53760
80000,39,71633.0,22244,111.22,8367,71633
100000,39,89544.0,29677,148.38,10456,89544
200000,39,178998.0,46599,232.99,21002,178998
400000,39,357882.0,81050,405.25,42118,357882
600000,39,536544.0,99689,498.44,63456,536544
800000,39,715707.0,102331,511.65,84293,715707
1000000,39,894601.0,109894,549.47,105399,894601
2,40,2.0,1,0.01,0,2
3,40,2.0,1,0.01,1,2
100,40,90.0,50,0.25,10,90
200,40,173.0,93,0.47,27,173
2000,40,1789.0,586,2.93,211,1789
10000,40,8948.0,3582,17.91,1052,8948
20000,40,17923.0,6992,34.96,2077,17923
40000,40,35733.0,15840,79.2,4267,35733
60000,40,53635.0,21265,106.32,6365,53635
80000,40,71579.0,22116,110.58,8421,71579
100000,40,89496.0,28719,143.59,10504,89496
200000,40,178885.0,58784,293.92,21115,178885
400000,40,357964.0,70535,352.67,42036,357964
600000,40,536887.0,94393,471.96,63113,536887
800000,40,715902.0,104404,522.02,84098,715902
1000000,40,894896.0,106499,532.49,105104,894896
2,41,2.0,1,0.01,0,2
3,41,3.0,1,0.01,0,3
100,41,92.0,50,0.25,8,92
200,41,180.0,100,0.5,20,180
2000,41,1787.0,811,4.05,213,1787
10000,41,8945.0,3980,19.9,1055,8945
20000,41,17857.0,7844,39.22,2143,17857
40000,41,35839.0,10393,51.97,4161,35839
60000,41,53770.0,15094,75.47,6230,53770
80000,41,71697.0,18091,90.45,8303,71697
100000,41,89560.0,21935,109.67,10440,89560
200000,41,179103.0,38609,193.04,20897,179103
400000,41,357859.0,60254,301.27,42141,357859
600000,41,536881.0,67581,337.9,63119,536881
800000,41,715818.0,72347,361.73,84182,715818
1000000,41,894794.0,79265,396.32,105206,894794
2,42,2.0,1,0.01,0,2
3,42,2.0,1,0.01,1,2
100,42,81.0,58,0.29,19,81
200,42,168.0,105,0.53,32,168
2000,42,1772.0,947,4.73,228,1772
10000,42,8889.0,5911,29.55,1111,8889
20000,42,17834.0,10423,52.12,2166,17834
40000,42,35653.0,15166,75.83,4347,35653
60000,42,53618.0,15472,77.36,6382,53618
80000,42,71465.0,20842,104.21,8535,71465
100000,42,89392.0,21337,106.68,10608,89392
200000,42,178725.0,49829,249.14,21275,178725
400000,42,357709.0,69245,346.22,42291,357709
600000,42,536884.0,77722,388.61,63116,536884
800000,42,715829.0,94315,471.57,84171,715829
1000000,42,894837.0,108801,544.0,105163,894837
2,43,2.0,1,0.01,0,2
3,43,3.0,1,0.01,0,3
100,43,92.0,49,0.25,8,92
200,43,181.0,84,0.42,19,181
2000,43,1802.0,703,3.51,198,1802
10000,43,8960.0,3408,17.04,1040,8960
20000,43,17831.0,7657,38.29,2169,17831
40000,43,35842.0,8394,41.97,4158,35842
60000,43,53696.0,11737,58.69,6304,53696
80000,43,71546.0,17949,89.74,8454,71546
100000,43,89417.0,23079,115.39,10583,89417
200000,43,178839.0,33818,169.09,21161,178839
400000,43,357425.0,62254,311.27,42575,357425
600000,43,536344.0,78278,391.39,63656,536344
800000,43,715535.0,78278,391.39,84465,715535
1000000,43,894232.0,101496,507.48,105768,894232
2,44,2.0,1,0.01,0,2
3,44,3.0,1,0.01,0,3
100,44,90.0,50,0.25,10,90
200,44,179.0,88,0.44,21,179
2000,44,1767.0,822,4.11,233,1767
10000,44,8890.0,4268,21.34,1110,8890
20000,44,17773.0,7008,35.04,2227,17773
40000,44,35598.0,12930,64.65,4402,35598
60000,44,53548.0,14656,73.28,6452,53548
80000,44,71475.0,14656,73.28,8525,71475
100000,44,89342.0,19976,99.88,10658,89342
200000,44,178933.0,25489,127.44,21067,178933
400000,44,357781.0,30064,150.32,42219,357781
600000,44,536699.0,32783,163.91,63301,536699
800000,44,715703.0,40390,201.95,84297,715703
1000000,44,894509.0,42464,212.32,105491,894509
2,45,2.0,1,0.01,0,2
3,45,3.0,1,0.01,0,3
100,45,88.0,50,0.25,12,88
200,45,180.0,100,0.5,20,180
2000,45,1765.0,729,3.64,235,1765
10000,45,8937.0,6610,33.05,1063,8937
20000,45,17863.0,10713,53.57,2137,17863
40000,45,35734.0,18465,92.32,4266,35734
60000,45,53619.0,23742,118.71,6381,53619
80000,45,71469.0,28774,143.87,8531,71469
100000,45,89255.0,36095,180.47,10745,89255
200000,45,178489.0,60271,301.35,21511,178489
400000,45,357268.0,84900,424.5,42732,357268
600000,45,536314.0,91482,457.41,63686,536314
800000,45,714944.0,103968,519.84,85056,714944
1000000,45,893797.0,108803,544.01,106203,893797
2,46,2.0,1,0.01,0,2
3,46,3.0,1,0.01,0,3
100,46,92.0,59,0.3,8,92
200,46,182.0,114,0.57,18,182
2000,46,1790.0,1078,5.39,210,1790
10000,46,8954.0,4637,23.18,1046,8954
20000,46,17900.0,8158,40.79,2100,17900
40000,46,35832.0,13294,66.47,4168,35832
60000,46,53795.0,17085,85.42,6205,53795
80000,46,71695.0,28187,140.93,8305,71695
100000,46,89535.0,34397,171.98,10465,89535
200000,46,178658.0,61754,308.77,21342,178658
400000,46,357774.0,73561,367.8,42226,357774
600000,46,536432.0,109133,545.66,63568,536432
800000,46,715396.0,110840,554.2,84604,715396
1000000,46,894426.0,118718,593.59,105574,894426
2,47,2.0,1,0.01,0,2
3,47,3.0,1,0.01,0,3
100,47,91.0,45,0.23,9,91
200,47,176.0,104,0.52,24,176
2000,47,1789.0,905,4.52,211,1789
10000,47,8965.0,4349,21.74,1035,8965
20000,47,17901.0,6253,31.26,2099,17901
40000,47,35773.0,10528,52.64,4227,35773
60000,47,53580.0,19231,96.15,6420,53580
80000,47,71441.0,21042,105.21,8559,71441
100000,47,89322.0,23560,117.8,10678,89322
200000,47,178791.0,29346,146.73,21209,178791
400000,47,357796.0,38363,191.81,42204,357796
600000,47,536517.0,54185,270.92,63483,536517
800000,47,715513.0,55419,277.09,84487,715513
1000000,47,894606.0,61057,305.28,105394,894606
2,48,2.0,1,0.01,0,2
3,48,3.0,1,0.01,0,3
100,48,91.0,55,0.28,9,91
200,48,178.0,104,0.52,22,178
2000,48,1783.0,1004,5.02,217,1783
10000,48,8962.0,4322,21.61,1038,8962
20000,48,17915.0,7722,38.61,2085,17915
40000,48,35831.0,15655,78.28,4169,35831
60000,48,53725.0,19135,95.67,6275,53725
80000,48,71599.0,23239,116.19,8401,71599
100000,48,89490.0,28535,142.67,10510,89490
200000,48,178816.0,69815,349.07,21184,178816
400000,48,357661.0,93593,467.96,42339,357661
600000,48,536764.0,109683,548.41,63236,536764
800000,48,715675.0,113375,566.87,84325,715675
1000000,48,894409.0,129597,647.98,105591,894409
2,49,2.0,1,0.01,0,2
3,49,3.0,1,0.01,0,3
100,49,90.0,50,0.25,10,90
200,49,177.0,88,0.44,23,177
2000,49,1766.0,1014,5.07,234,1766
10000,49,8931.0,4369,21.84,1069,8931
20000,49,17883.0,8579,42.9,2117,17883
40000,49,35727.0,15143,75.72,4273,35727
60000,49,53605.0,19924,99.62,6395,53605
80000,49,71484.0,30802,154.01,8516,71484
100000,49,89308.0,35490,177.45,10692,89308
200000,49,178797.0,48033,240.16,21203,178797
400000,49,357760.0,68800,344.0,42240,357760
600000,49,536724.0,75924,379.62,63276,536724
800000,49,715812.0,79002,395.01,84188,715812
1000000,49,894810.0,81113,405.56,105190,894810
2,50,1.0,1,0.01,1,1
3,50,1.0,2,0.01,2,1
100,50,90.0,51,0.26,10,90
200,50,184.0,91,0.46,16,184
2000,50,1811.0,1189,5.94,189,1811
10000,50,8946.0,5011,25.05,1054,8946
20000,50,17898.0,10951,54.76,2102,17898
40000,50,35811.0,18590,92.95,4189,35811
60000,50,53689.0,26603,133.01,6311,53689
80000,50,71575.0,30128,150.64,8425,71575
100000,50,89486.0,32480,162.4,10514,89486
200000,50,178789.0,44618,223.09,21211,178789
400000,50,358020.0,51515,257.57,41980,358020
600000,50,536702.0,61502,307.51,63298,536702
800000,50,715439.0,81547,407.73,84561,715439
1000000,50,894328.0,87271,436.35,105672,894328
2,51,2.0,1,0.01,0,2
3,51,2.0,1,0.01,1,2
100,51,88.0,35,0.18,12,88
200,51,179.0,89,0.45,21,179
2000,51,1772.0,830,4.15,228,1772
10000,51,8932.0,4527,22.63,1068,8932
20000,51,17827.0,7196,35.98,2173,17827
40000,51,35713.0,17336,86.68,4287,35713
60000,51,53615.0,21535,107.67,6385,53615
80000,51,71453.0,25089,125.44,8547,71453
100000,51,89323.0,33612,168.06,10677,89323
200000,51,178791.0,53372,266.86,21209,178791
400000,51,357686.0,65008,325.04,42314,357686
600000,51,536983.0,65330,326.65,63017,536983
800000,51,715752.0,76969,384.84,84248,715752
1000000,51,894912.0,78964,394.82,105088,894912
2,52,2.0,1,0.01,0,2
3,52,3.0,1,0.01,0,3
100,52,90.0,33,0.17,10,90
200,52,179.0,73,0.37,21,179
2000,52,1785.0,1014,5.07,215,1785
10000,52,8898.0,5790,28.95,1102,8898
20000,52,17836.0,7987,39.94,2164,17836
40000,52,35717.0,13782,68.91,4283,35717
60000,52,53677.0,16248,81.24,6323,53677
80000,52,71505.0,20917,104.58,8495,71505
100000,52,89410.0,23162,115.81,10590,89410
200000,52,178930.0,44620,223.1,21070,178930
400000,52,357872.0,59991,299.95,42128,357872
600000,52,536843.0,72403,362.01,63157,536843
800000,52,715732.0,83154,415.77,84268,715732
1000000,52,894717.0,91376,456.88,105283,894717
2,53,2.0,1,0.01,0,2
3,53,3.0,1,0.01,0,3
100,53,94.0,50,0.25,6,94
200,53,185.0,112,0.56,15,185
2000,53,1803.0,963,4.81,197,1803
10000,53,8995.0,4452,22.26,1005,8995
20000,53,17894.0,8328,41.64,2106,17894
40000,53,35679.0,16087,80.43,4321,35679
60000,53,53498.0,19054,95.27,6502,53498
80000,53,71357.0,22845,114.22,8643,71357
100000,53,89252.0,24920,124.6,10748,89252
200000,53,178617.0,47215,236.07,21383,178617
400000,53,357497.0,59438,297.19,42503,357497
600000,53,536722.0,60571,302.85,63278,536722
800000,53,715739.0,66741,333.7,84261,715739
1000000,53,894616.0,71264,356.32,105384,894616
2,54,2.0,1,0.01,0,2
3,54,3.0,1,0.01,0,3
100,54,90.0,50,0.25,10,90
200,54,186.0,100,0.5,14,186
2000,54,1773.0,1087,5.43,227,1773
10000,54,8901.0,3645,18.23,1099,8901
20000,54,17825.0,6656,33.28,2175,17825
40000,54,35695.0,13537,67.69,4305,35695
60000,54,53567.0,15667,78.34,6433,53567
80000,54,71440.0,19468,97.34,8560,71440
100000,54,89280.0,25658,128.29,10720,89280
200000,54,178573.0,46825,234.12,21427,178573
400000,54,357426.0,62818,314.09,42574,357426
600000,54,536559.0,69093,345.46,63441,536559
800000,54,715303.0,86431,432.15,84697,715303
1000000,54,894053.0,95897,479.48,105947,894053
2,55,2.0,1,0.01,0,2
3,55,3.0,1,0.01,0,3
100,55,95.0,39,0.2,5,95
200,55,181.0,89,0.45,19,181
2000,55,1787.0,1026,5.13,213,1787
10000,55,8913.0,4847,24.23,1087,8913
20000,55,17810.0,8782,43.91,2190,17810
40000,55,35678.0,15463,77.32,4322,35678
60000,55,53575.0,19918,99.59,6425,53575
80000,55,71425.0,27063,135.31,8575,71425
100000,55,89339.0,29399,146.99,10661,89339
200000,55,178926.0,41106,205.53,21074,178926
400000,55,357676.0,61342,306.71,42324,357676
600000,55,536509.0,82608,413.04,63491,536509
800000,55,715455.0,100667,503.33,84545,715455
1000000,55,894209.0,105653,528.26,105791,894209
2,56,2.0,1,0.01,0,2
3,56,3.0,1,0.01,0,3
100,56,92.0,50,0.25,8,92
200,56,182.0,97,0.49,18,182
2000,56,1810.0,906,4.53,190,1810
10000,56,8957.0,3632,18.16,1043,8957
20000,56,17908.0,6848,34.24,2092,17908
40000,56,35781.0,15228,76.14,4219,35781
60000,56,53667.0,19310,96.55,6333,53667
80000,56,71541.0,26785,133.92,8459,71541
100000,56,89437.0,29807,149.03,10563,89437
200000,56,178982.0,37010,185.05,21018,178982
400000,56,358076.0,47325,236.62,41924,358076
600000,56,536874.0,54993,274.96,63126,536874
800000,56,715817.0,64580,322.9,84183,715817
1000000,56,894757.0,67295,336.47,105243,894757
2,57,2.0,1,0.01,0,2
3,57,3.0,1,0.01,0,3
100,57,86.0,47,0.24,14,86
200,57,176.0,100,0.5,24,176
2000,57,1790.0,1028,5.14,210,1790
10000,57,8944.0,6358,31.79,1056,8944
20000,57,17859.0,11270,56.35,2141,17859
40000,57,35754.0,21892,109.46,4246,35754
60000,57,53586.0,26784,133.92,6414,53586
80000,57,71569.0,27551,137.75,8431,71569
100000,57,89421.0,33072,165.36,10579,89421
200000,57,178936.0,45921,229.6,21064,178936
400000,57,357959.0,80849,404.24,42041,357959
600000,57,536811.0,99049,495.24,63189,536811
800000,57,715562.0,108278,541.39,84438,715562
1000000,57,894466.0,111529,557.64,105534,894466
2,58,2.0,1,0.01,0,2
3,58,3.0,1,0.01,0,3
100,58,90.0,39,0.2,10,90
200,58,181.0,74,0.37,19,181
2000,58,1784.0,563,2.81,216,1784
10000,58,8928.0,2816,14.08,1072,8928
20000,58,17904.0,6302,31.51,2096,17904
40000,58,35808.0,11631,58.16,4192,35808
60000,58,53689.0,17660,88.3,6311,53689
80000,58,71519.0,23046,115.23,8481,71519
100000,58,89393.0,27181,135.9,10607,89393
200000,58,179075.0,33006,165.03,20925,179075
400000,58,357978.0,41088,205.44,42022,357978
600000,58,536855.0,58165,290.82,63145,536855
800000,58,715609.0,64037,320.18,84391,715609
1000000,58,894807.0,77730,388.65,105193,894807
2,59,2.0,1,0.01,0,2
3,59,3.0,1,0.01,0,3
100,59,92.0,59,0.3,8,92
200,59,179.0,105,0.53,21,179
2000,59,1784.0,955,4.77,216,1784
10000,59,8928.0,3075,15.38,1072,8928
20000,59,17867.0,5308,26.54,2133,17867
40000,59,35722.0,12424,62.12,4278,35722
60000,59,53585.0,17161,85.8,6415,53585
80000,59,71392.0,21451,107.25,8608,71392
100000,59,89327.0,25997,129.98,10673,89327
200000,59,178840.0,31838,159.19,21160,178840
400000,59,357961.0,41817,209.08,42039,357961
600000,59,537005.0,55812,279.06,62995,537005
800000,59,716017.0,69047,345.23,83983,716017
1000000,59,895092.0,70090,350.45,104908,895092
2,60,2.0,1,0.01,0,2
3,60,3.0,1,0.01,0,3
100,60,91.0,56,0.28,9,91
200,60,181.0,108,0.54,19,181
2000,60,1767.0,939,4.69,233,1767
10000,60,8902.0,4756,23.78,1098,8902
20000,60,17798.0,9693,48.47,2202,17798
40000,60,35612.0,13387,66.94,4388,35612
60000,60,53427.0,20592,102.96,6573,53427
80000,60,71232.0,30650,153.25,8768,71232
100000,60,89019.0,45326,226.63,10981,89019
200000,60,178487.0,60253,301.26,21513,178487
400000,60,357415.0,67476,337.38,42585,357415
600000,60,536394.0,71145,355.72,63606,536394
800000,60,715431.0,73081,365.4,84569,715431
1000000,60,894490.0,84675,423.37,105510,894490
2,61,2.0,1,0.01,0,2
3,61,3.0,1,0.01,0,3
100,61,92.0,50,0.25,8,92
200,61,180.0,105,0.53,20,180
2000,61,1809.0,825,4.12,191,1809
10000,61,8950.0,4471,22.35,1050,8950
20000,61,17849.0,8071,40.36,2151,17849
40000,61,35759.0,15087,75.44,4241,35759
60000,61,53716.0,18164,90.82,6284,53716
80000,61,71545.0,20110,100.55,8455,71545
100000,61,89477.0,22178,110.89,10523,89477
200000,61,178788.0,33691,168.45,21212,178788
400000,61,357542.0,64858,324.29,42458,357542
600000,61,536500.0,69470,347.35,63500,536500
800000,61,715491.0,80269,401.34,84509,715491
1000000,61,894794.0,80472,402.36,105206,894794
2,62,1.0,1,0.01,1,1
3,62,2.0,2,0.01,1,2
100,62,92.0,42,0.21,8,92
200,62,186.0,85,0.43,14,186
2000,62,1798.0,813,4.06,202,1798
10000,62,8994.0,3897,19.49,1006,8994
20000,62,17923.0,7281,36.41,2077,17923
40000,62,35847.0,11091,55.46,4153,35847
60000,62,53680.0,18466,92.33,6320,53680
80000,62,71589.0,21291,106.45,8411,71589
100000,62,89482.0,24423,122.11,10518,89482
200000,62,178906.0,48618,243.09,21094,178906
400000,62,357935.0,71438,357.19,42065,357935
600000,62,536826.0,84030,420.15,63174,536826
800000,62,715818.0,92281,461.4,84182,715818
1000000,62,894925.0,96911,484.55,105075,894925
2,63,2.0,1,0.01,0,2
3,63,3.0,1,0.01,0,3
100,63,89.0,40,0.2,11,89
200,63,180.0,68,0.34,20,180
2000,63,1807.0,802,4.01,193,1807
10000,63,8968.0,3327,16.64,1032,8968
20000,63,17874.0,6687,33.43,2126,17874
40000,63,35715.0,10485,52.43,4285,35715
60000,63,53488.0,17011,85.05,6512,53488
80000,63,71425.0,19537,97.68,8575,71425
100000,63,89267.0,23093,115.46,10733,89267
200000,63,178828.0,26964,134.82,21172,178828
400000,63,357597.0,49220,246.1,42403,357597
600000,63,536552.0,89088,445.44,63448,536552
800000,63,715457.0,108198,540.99,84543,715457
1000000,63,894406.0,110277,551.38,105594,894406
2,64,1.0,1,0.01,1,1
3,64,2.0,2,0.01,1,2
100,64,90.0,50,0.25,10,90
200,64,183.0,111,0.56,17,183
2000,64,1785.0,958,4.79,215,1785
10000,64,8972.0,4311,21.55,1028,8972
20000,64,17875.0,7142,35.71,2125,17875
40000,64,35743.0,16275,81.37,4257,35743
60000,64,53686.0,23176,115.88,6314,53686
80000,64,71547.0,33199,165.99,8453,71547
100000,64,89401.0,39616,198.08,10599,89401
200000,64,178889.0,54865,274.32,21111,178889
400000,64,357882.0,74810,374.05,42118,357882
600000,64,536813.0,96384,481.92,63187,536813
800000,64,715796.0,107495,537.47,84204,715796
1000000,64,894790.0,109556,547.78,105210,894790
2,65,2.0,1,0.01,0,2
3,65,3.0,1,0.01,0,3
100,65,91.0,54,0.27,9,91
200,65,176.0,106,0.53,24,176
2000,65,1793.0,1290,6.45,207,1793
10000,65,8970.0,5824,29.12,1030,8970
20000,65,17957.0,9197,45.99,2043,17957
40000,65,35813.0,15287,76.44,4187,35813
60000,65,53689.0,22533,112.66,6311,53689
80000,65,71506.0,27291,136.45,8494,71506
100000,65,89340.0,31922,159.61,10660,89340
200000,65,178731.0,53191,265.95,21269,178731
400000,65,357345.0,85955,429.77,42655,357345
600000,65,536112.0,92172,460.86,63888,536112
800000,65,715139.0,94408,472.04,84861,715139
1000000,65,894386.0,98085,490.42,105614,894386
2,66,2.0,1,0.01,0,2
3,66,3.0,1,0.01,0,3
100,66,81.0,40,0.2,19,81
200,66,175.0,87,0.44,25,175
2000,66,1781.0,497,2.48,219,1781
10000,66,8929.0,2492,12.46,1071,8929
20000,66,17848.0,4382,21.91,2152,17848
40000,66,35691.0,8353,41.77,4309,35691
60000,66,53550.0,16452,82.26,6450,53550
80000,66,71391.0,21093,105.46,8609,71391
100000,66,89188.0,24293,121.46,10812,89188
200000,66,178612.0,32766,163.83,21388,178612
400000,66,357608.0,56007,280.03,42392,357608
600000,66,536385.0,83694,418.47,63615,536385
800000,66,715421.0,88552,442.76,84579,715421
1000000,66,894386.0,91590,457.95,105614,894386
2,67,2.0,1,0.01,0,2
3,67,3.0,1,0.01,0,3
100,67,94.0,50,0.25,6,94
200,67,183.0,120,0.6,17,183
2000,67,1770.0,1164,5.82,230,1770
10000,67,8924.0,3574,17.87,1076,8924
20000,67,17845.0,5195,25.97,2155,17845
40000,67,35717.0,8349,41.75,4283,35717
60000,67,53624.0,16127,80.63,6376,53624
80000,67,71529.0,19909,99.54,8471,71529
100000,67,89408.0,21974,109.87,10592,89408
200000,67,178840.0,32400,162.0,21160,178840
400000,67,357966.0,49869,249.34,42034,357966
600000,67,537021.0,61896,309.48,62979,537021
800000,67,715998.0,71849,359.24,84002,715998
1000000,67,895041.0,82602,413.01,104959,895041
2,68,2.0,1,0.01,0,2
3,68,3.0,1,0.01,0,3
100,68,92.0,45,0.23,8,92
200,68,183.0,96,0.48,17,183
2000,68,1792.0,977,4.88,208,1792
10000,68,8930.0,4965,24.82,1070,8930
20000,68,17831.0,10219,51.1,2169,17831
40000,68,35739.0,15942,79.71,4261,35739
60000,68,53571.0,20534,102.67,6429,53571
80000,68,71485.0,23065,115.32,8515,71485
100000,68,89321.0,26692,133.46,10679,89321
200000,68,178622.0,63615,318.07,21378,178622
400000,68,357363.0,91140,455.7,42637,357363
600000,68,536356.0,96203,481.01,63644,536356
800000,68,714998.0,108882,544.41,85002,714998
1000000,68,894115.0,109096,545.48,105885,894115
2,69,2.0,1,0.01,0,2
3,69,3.0,1,0.01,0,3
100,69,89.0,53,0.27,11,89
200,69,181.0,114,0.57,19,181
2000,69,1785.0,1327,6.63,215,1785
10000,69,8934.0,5134,25.67,1066,8934
20000,69,17857.0,9352,46.76,2143,17857
40000,69,35798.0,13227,66.14,4202,35798
60000,69,53676.0,21778,108.89,6324,53676
80000,69,71551.0,28084,140.42,8449,71551
100000,69,89394.0,37230,186.15,10606,89394
200000,69,178854.0,56780,283.9,21146,178854
400000,69,357699.0,82610,413.05,42301,357699
600000,69,536668.0,90704,453.52,63332,536668
800000,69,715606.0,98970,494.85,84394,715606
1000000,69,894623.0,107241,536.2,105377,894623
2,70,2.0,1,0.01,0,2
3,70,3.0,1,0.01,0,3
100,70,93.0,46,0.23,7,93
200,70,182.0,108,0.54,18,182
2000,70,1775.0,1013,5.06,225,1775
10000,70,8906.0,4782,23.91,1094,8906
20000,70,17836.0,7120,35.6,2164,17836
40000,70,35680.0,10936,54.68,4320,35680
60000,70,53618.0,19957,99.78,6382,53618
80000,70,71479.0,21566,107.83,8521,71479
100000,70,89313.0,26673,133.36,10687,89313
200000,70,178663.0,50585,252.92,21337,178663
400000,70,357589.0,71721,358.6,42411,357589
600000,70,536650.0,77545,387.72,63350,536650
800000,70,715498.0,95611,478.05,84502,715498
1000000,70,894419.0,99232,496.16,105581,894419
2,71,2.0,1,0.01,0,2
3,71,3.0,1,0.01,0,3
100,71,91.0,55,0.28,9,91
200,71,187.0,99,0.5,13,187
2000,71,1788.0,830,4.15,212,1788
10000,71,8917.0,3620,18.1,1083,8917
20000,71,17848.0,9362,46.81,2152,17848
40000,71,35698.0,16704,83.52,4302,35698
60000,71,53572.0,22540,112.7,6428,53572
80000,71,71466.0,24882,124.41,8534,71466
100000,71,89316.0,27134,135.67,10684,89316
200000,71,178765.0,42442,212.21,21235,178765
400000,71,357799.0,86265,431.32,42201,357799
600000,71,536673.0,109781,548.9,63327,536673
800000,71,715772.0,113677,568.38,84228,715772
1000000,71,894633.0,118773,593.86,105367,894633
2,72,2.0,1,0.01,0,2
3,72,3.0,1,0.01,0,3
100,72,89.0,49,0.25,11,89
200,72,177.0,107,0.54,23,177
2000,72,1780.0,952,4.76,220,1780
10000,72,8918.0,6306,31.53,1082,8918
20000,72,17868.0,8707,43.54,2132,17868
40000,72,35664.0,17361,86.8,4336,35664
60000,72,53566.0,19738,98.69,6434,53566
80000,72,71477.0,21159,105.79,8523,71477
100000,72,89419.0,21852,109.26,10581,89419
200000,72,178937.0,24523,122.61,21063,178937
400000,72,357774.0,42630,213.15,42226,357774
600000,72,536703.0,49298,246.49,63297,536703
800000,72,715705.0,50800,254.0,84295,715705
1000000,72,894363.0,55163,275.81,105637,894363
2,73,2.0,1,0.01,0,2
3,73,3.0,1,0.01,0,3
100,73,93.0,62,0.31,7,93
200,73,185.0,106,0.53,15,185
2000,73,1781.0,937,4.68,219,1781
10000,73,8960.0,3593,17.97,1040,8960
20000,73,17874.0,5317,26.58,2126,17874
40000,73,35741.0,8699,43.5,4259,35741
60000,73,53610.0,12654,63.27,6390,53610
80000,73,71515.0,14163,70.82,8485,71515
100000,73,89423.0,15489,77.45,10577,89423
200000,73,178865.0,22218,111.09,21135,178865
400000,73,357929.0,26706,133.53,42071,357929
600000,73,537204.0,30304,151.52,62796,537204
800000,73,716206.0,31971,159.85,83794,716206
1000000,73,895160.0,61601,308.0,104840,895160
2,74,2.0,1,0.01,0,2
3,74,3.0,1,0.01,0,3
100,74,92.0,50,0.25,8,92
200,74,184.0,93,0.47,16,184
2000,74,1799.0,871,4.35,201,1799
10000,74,8981.0,3792,18.96,1019,8981
20000,74,17897.0,6594,32.97,2103,17897
40000,74,35721.0,15108,75.54,4279,35721
60000,74,53596.0,19121,95.6,6404,53596
80000,74,71528.0,21531,107.65,8472,71528
100000,74,89307.0,26382,131.91,10693,89307
200000,74,178824.0,38090,190.45,21176,178824
400000,74,357818.0,44847,224.23,42182,357818
600000,74,536633.0,51518,257.59,63367,536633
800000,74,715649.0,57857,289.28,84351,715649
1000000,74,894575.0,58844,294.22,105425,894575
2,75,2.0,1,0.01,0,2
3,75,3.0,1,0.01,0,3
100,75,88.0,50,0.25,12,88
200,75,178.0,98,0.49,22,178
2000,75,1779.0,740,3.7,221,1779
10000,75,8939.0,3568,17.84,1061,8939
20000,75,17906.0,7080,35.4,2094,17906
40000,75,35855.0,9339,46.7,4145,35855
60000,75,53691.0,11130,55.65,6309,53691
80000,75,71573.0,12825,64.13,8427,71573
100000,75,89533.0,14700,73.5,10467,89533
200000,75,178896.0,36286,181.43,21104,178896
400000,75,357782.0,54083,270.41,42218,357782
600000,75,536589.0,84183,420.91,63411,536589
800000,75,715408.0,98084,490.42,84592,715408
1000000,75,894378.0,113222,566.11,105622,894378
2,76,1.0,1,0.01,1,1
3,76,2.0,2,0.01,1,2
100,76,84.0,52,0.26,16,84
200,76,177.0,113,0.57,23,177
2000,76,1782.0,797,3.98,218,1782
10000,76,8925.0,3822,19.11,1075,8925
20000,76,17811.0,6666,33.33,2189,17811
40000,76,35722.0,14380,71.9,4278,35722
60000,76,53623.0,18158,90.79,6377,53623
80000,76,71502.0,27788,138.94,8498,71502
100000,76,89418.0,29708,148.54,10582,89418
200000,76,178846.0,41457,207.28,21154,178846
400000,76,357768.0,57414,287.07,42232,357768
600000,76,536904.0,63913,319.56,63096,536904
800000,76,715899.0,65093,325.46,84101,715899
1000000,76,894912.0,75373,376.86,105088,894912
2,77,2.0,1,0.01,0,2
3,77,3.0,1,0.01,0,3
100,77,84.0,50,0.25,16,84
200,77,175.0,78,0.39,25,175
2000,77,1781.0,1044,5.22,219,1781
10000,77,8938.0,3266,16.33,1062,8938
20000,77,17873.0,8435,42.18,2127,17873
40000,77,35782.0,12824,64.12,4218,35782
60000,77,53597.0,17874,89.37,6403,53597
80000,77,71571.0,20554,102.77,8429,71571
100000,77,89503.0,21814,109.07,10497,89503
200000,77,178846.0,43777,218.88,21154,178846
400000,77,357787.0,66365,331.82,42213,357787
600000,77,536724.0,76402,382.01,63276,536724
800000,77,715673.0,78672,393.36,84327,715673
1000000,77,894729.0,79931,399.65,105271,894729
2,78,2.0,1,0.01,0,2
3,78,3.0,1,0.01,0,3
100,78,91.0,55,0.28,9,91
200,78,184.0,109,0.55,16,184
2000,78,1798.0,850,4.25,202,1798
10000,78,8921.0,4267,21.34,1079,8921
20000,78,17852.0,7743,38.72,2148,17852
40000,78,35729.0,9383,46.92,4271,35729
60000,78,53616.0,11405,57.03,6384,53616
80000,78,71536.0,14641,73.21,8464,71536
100000,78,89410.0,15479,77.4,10590,89410
200000,78,178813.0,20602,103.01,21187,178813
400000,78,358075.0,27918,139.59,41925,358075
600000,78,537085.0,31656,158.28,62915,537085
800000,78,715932.0,40037,200.18,84068,715932
1000000,78,894818.0,56010,280.05,105182,894818
2,79,2.0,1,0.01,0,2
3,79,3.0,1,0.01,0,3
100,79,92.0,70,0.35,8,92
200,79,179.0,141,0.71,21,179
2000,79,1782.0,1266,6.33,218,1782
10000,79,8943.0,3854,19.27,1057,8943
20000,79,17863.0,7970,39.85,2137,17863
40000,79,35732.0,13963,69.82,4268,35732
60000,79,53603.0,25873,129.36,6397,53603
80000,79,71464.0,30141,150.7,8536,71464
100000,79,89325.0,32422,162.11,10675,89325
200000,79,178843.0,39367,196.83,21157,178843
400000,79,357649.0,65808,329.04,42351,357649
600000,79,536501.0,74150,370.75,63499,536501
800000,79,715595.0,88701,443.5,84405,715595
1000000,79,894350.0,101672,508.36,105650,894350
2,80,2.0,1,0.01,0,2
3,80,3.0,1,0.01,0,3
100,80,89.0,47,0.24,11,89
200,80,172.0,75,0.38,28,172
2000,80,1759.0,678,3.39,241,1759
10000,80,8876.0,3506,17.53,1124,8876
20000,80,17824.0,4450,22.25,2176,17824
40000,80,35691.0,11630,58.15,4309,35691
60000,80,53491.0,15393,76.97,6509,53491
80000,80,71286.0,27930,139.65,8714,71286
100000,80,89138.0,30423,152.11,10862,89138
200000,80,178391.0,51227,256.13,21609,178391
400000,80,357570.0,54476,272.38,42430,357570
600000,80,536483.0,55002,275.01,63517,536483
800000,80,715595.0,55957,279.78,84405,715595
1000000,80,894506.0,81042,405.21,105494,894506
2,81,2.0,1,0.01,0,2
3,81,2.0,1,0.01,1,2
100,81,88.0,50,0.25,12,88
200,81,178.0,123,0.62,22,178
2000,81,1792.0,1090,5.45,208,1792
10000,81,8895.0,4910,24.55,1105,8895
20000,81,17886.0,7366,36.83,2114,17886
40000,81,35739.0,15346,76.73,4261,35739
60000,81,53658.0,20504,102.52,6342,53658
80000,81,71552.0,26963,134.81,8448,71552
100000,81,89495.0,27673,138.36,10505,89495
200000,81,179025.0,37157,185.78,20975,179025
400000,81,357838.0,74647,373.23,42162,357838
600000,81,536458.0,101725,508.62,63542,536458
800000,81,715405.0,106766,533.83,84595,715405
1000000,81,894348.0,114817,574.08,105652,894348
2,82,2.0,1,0.01,0,2
3,82,3.0,1,0.01,0,3
100,82,91.0,52,0.26,9,91
200,82,184.0,109,0.55,16,184
2000,82,1795.0,1147,5.73,205,1795
10000,82,8890.0,3650,18.25,1110,8890
20000,82,17847.0,8670,43.35,2153,17847
40000,82,35687.0,14862,74.31,4313,35687
60000,82,53509.0,23849,119.24,6491,53509
80000,82,71418.0,25646,128.23,8582,71418
100000,82,89281.0,28767,143.83,10719,89281
200000,82,178752.0,47635,238.17,21248,178752
400000,82,357675.0,62045,310.22,42325,357675
600000,82,536525.0,88648,443.24,63475,536525
800000,82,715429.0,98637,493.18,84571,715429
1000000,82,894288.0,100398,501.99,105712,894288
2,83,2.0,1,0.01,0,2
3,83,3.0,1,0.01,0,3
100,83,85.0,37,0.19,15,85
200,83,176.0,100,0.5,24,176
2000,83,1789.0,883,4.41,211,1789
10000,83,8905.0,4505,22.52,1095,8905
20000,83,17783.0,8428,42.14,2217,17783
40000,83,35636.0,13376,66.88,4364,35636
60000,83,53483.0,16208,81.04,6517,53483
80000,83,71392.0,20083,100.41,8608,71392
100000,83,89212.0,32738,163.69,10788,89212
200000,83,178759.0,43996,219.98,21241,178759
400000,83,357621.0,74847,374.23,42379,357621
600000,83,536454.0,91452,457.26,63546,536454
800000,83,715413.0,102917,514.58,84587,715413
1000000,83,894369.0,112544,562.72,105631,894369
2,84,1.0,1,0.01,1,1
3,84,2.0,1,0.01,1,2
100,84,91.0,39,0.2,9,91
200,84,179.0,97,0.49,21,179
2000,84,1792.0,958,4.79,208,1792
10000,84,8936.0,3563,17.82,1064,8936
20000,84,17871.0,8504,42.52,2129,17871
40000,84,35750.0,14848,74.24,4250,35750
60000,84,53601.0,22639,113.19,6399,53601
80000,84,71433.0,36204,181.02,8567,71433
100000,84,89227.0,40915,204.57,10773,89227
200000,84,178605.0,54510,272.55,21395,178605
400000,84,357492.0,82674,413.37,42508,357492
600000,84,536262.0,103162,515.81,63738,536262
800000,84,715212.0,111788,558.94,84788,715212
1000000,84,894258.0,118788,593.94,105742,894258
2,85,0.0,1,0.01,2,0
3,85,1.0,1,0.01,2,1
100,85,86.0,64,0.32,14,86
200,85,174.0,104,0.52,26,174
2000,85,1774.0,991,4.95,226,1774
10000,85,8899.0,3586,17.93,1101,8899
20000,85,17874.0,6597,32.98,2126,17874
40000,85,35809.0,14012,70.06,4191,35809
60000,85,53625.0,23188,115.94,6375,53625
80000,85,71484.0,25446,127.23,8516,71484
100000,85,89326.0,28130,140.65,10674,89326
200000,85,178823.0,44124,220.62,21177,178823
400000,85,357679.0,65827,329.13,42321,357679
600000,85,536652.0,91087,455.43,63348,536652
800000,85,715578.0,102623,513.11,84422,715578
1000000,85,894593.0,116264,581.32,105407,894593
2,86,2.0,1,0.01,0,2
3,86,3.0,1,0.01,0,3
100,86,85.0,47,0.24,15,85
200,86,173.0,87,0.44,27,173
2000,86,1776.0,900,4.5,224,1776
10000,86,8934.0,2824,14.12,1066,8934
20000,86,17824.0,7306,36.53,2176,17824
40000,86,35634.0,10124,50.62,4366,35634
60000,86,53491.0,11789,58.95,6509,53491
80000,86,71382.0,12606,63.03,8618,71382
100000,86,89327.0,12960,64.8,10673,89327
200000,86,178719.0,44204,221.02,21281,178719
400000,86,357636.0,65548,327.74,42364,357636
600000,86,536726.0,74575,372.87,63274,536726
800000,86,715899.0,74765,373.82,84101,715899
1000000,86,894724.0,85327,426.63,105276,894724
2,87,2.0,1,0.01,0,2
3,87,3.0,1,0.01,0,3
100,87,91.0,49,0.25,9,91
200,87,182.0,95,0.48,18,182
2000,87,1790.0,1110,5.55,210,1790
10000,87,8944.0,3876,19.38,1056,8944
20000,87,17858.0,8836,44.18,2142,17858
40000,87,35734.0,13419,67.1,4266,35734
60000,87,53623.0,18335,91.67,6377,53623
80000,87,71511.0,26535,132.67,8489,71511
100000,87,89342.0,32616,163.08,10658,89342
200000,87,178774.0,47058,235.29,21226,178774
400000,87,357442.0,69973,349.86,42558,357442
600000,87,536266.0,79124,395.62,63734,536266
800000,87,715114.0,80228,401.14,84886,715114
1000000,87,894077.0,83352,416.76,105923,894077
2,88,2.0,1,0.01,0,2
3,88,3.0,1,0.01,0,3
100,88,87.0,58,0.29,13,87
200,88,177.0,144,0.72,23,177
2000,88,1826.0,1095,5.47,174,1826
10000,88,8966.0,5288,26.44,1034,8966
20000,88,17886.0,8747,43.74,2114,17886
40000,88,35741.0,16052,80.26,4259,35741
60000,88,53516.0,28102,140.51,6484,53516
80000,88,71407.0,29087,145.43,8593,71407
100000,88,89262.0,32358,161.79,10738,89262
200000,88,178594.0,46920,234.6,21406,178594
400000,88,357496.0,71012,355.06,42504,357496
600000,88,536673.0,73863,369.31,63327,536673
800000,88,715374.0,106632,533.16,84626,715374
1000000,88,894351.0,110922,554.61,105649,894351
2,89,2.0,1,0.01,0,2
3,89,3.0,1,0.01,0,3
100,89,89.0,56,0.28,11,89
200,89,178.0,107,0.54,22,178
2000,89,1764.0,718,3.59,236,1764
10000,89,8883.0,4440,22.2,1117,8883
20000,89,17877.0,6822,34.11,2123,17877
40000,89,35776.0,16186,80.93,4224,35776
60000,89,53670.0,19843,99.21,6330,53670
80000,89,71557.0,26080,130.4,8443,71557
100000,89,89465.0,28142,140.71,10535,89465
200000,89,178980.0,38605,193.02,21020,178980
400000,89,357858.0,65287,326.43,42142,357858
600000,89,536801.0,71162,355.81,63199,536801
800000,89,715953.0,74220,371.1,84047,715953
1000000,89,895021.0,77435,387.17,104979,895021
2,90,2.0,1,0.01,0,2
3,90,3.0,1,0.01,0,3
100,90,93.0,46,0.23,7,93
200,90,174.0,100,0.5,26,174
2000,90,1758.0,1281,6.4,242,1758
10000,90,8922.0,4598,22.99,1078,8922
20000,90,17885.0,9669,48.35,2115,17885
40000,90,35755.0,18633,93.16,4245,35755
60000,90,53579.0,25553,127.76,6421,53579
80000,90,71438.0,34727,173.63,8562,71438
100000,90,89338.0,40997,204.98,10662,89338
200000,90,178693.0,57881,289.4,21307,178693
400000,90,357611.0,92490,462.45,42389,357611
600000,90,536325.0,112147,560.73,63675,536325
800000,90,715029.0,131079,655.39,84971,715029
1000000,90,894205.0,145371,726.85,105795,894205
2,91,2.0,1,0.01,0,2
3,91,3.0,1,0.01,0,3
100,91,91.0,39,0.2,9,91
200,91,184.0,80,0.4,16,184
2000,91,1762.0,936,4.68,238,1762
10000,91,8912.0,3269,16.35,1088,8912
20000,91,17885.0,5002,25.01,2115,17885
40000,91,35665.0,10175,50.88,4335,35665
60000,91,53494.0,17605,88.02,6506,53494
80000,91,71255.0,24600,123.0,8745,71255
100000,91,89125.0,27441,137.2,10875,89125
200000,91,178668.0,29398,146.99,21332,178668
400000,91,357438.0,49730,248.65,42562,357438
600000,91,536344.0,66126,330.63,63656,536344
800000,91,715356.0,68837,344.18,84644,715356
1000000,91,894377.0,69280,346.4,105623,894377
2,92,1.0,1,0.01,1,1
3,92,2.0,2,0.01,1,2
100,92,89.0,47,0.24,11,89
200,92,177.0,81,0.41,23,177
2000,92,1799.0,726,3.63,201,1799
10000,92,8998.0,3758,18.79,1002,8998
20000,92,17891.0,6529,32.64,2109,17891
40000,92,35707.0,13143,65.72,4293,35707
60000,92,53628.0,24544,122.72,6372,53628
80000,92,71507.0,31328,156.64,8493,71507
100000,92,89422.0,33917,169.58,10578,89422
200000,92,178681.0,58619,293.09,21319,178681
400000,92,357448.0,91219,456.09,42552,357448
600000,92,536180.0,123815,619.07,63820,536180
800000,92,715229.0,139832,699.16,84771,715229
1000000,92,894086.0,147404,737.02,105914,894086
2,93,2.0,1,0.01,0,2
3,93,3.0,1,0.01,0,3
100,93,87.0,58,0.29,13,87
200,93,176.0,117,0.59,24,176
2000,93,1785.0,1135,5.67,215,1785
10000,93,8933.0,3916,19.58,1067,8933
20000,93,17845.0,7254,36.27,2155,17845
40000,93,35741.0,15334,76.67,4259,35741
60000,93,53655.0,25054,125.27,6345,53655
80000,93,71550.0,28352,141.76,8450,71550
100000,93,89405.0,31388,156.94,10595,89405
200000,93,178710.0,48494,242.47,21290,178710
400000,93,357687.0,59232,296.16,42313,357687
600000,93,536896.0,60635,303.17,63104,536896
800000,93,715789.0,69513,347.56,84211,715789
1000000,93,894704.0,74239,371.19,105296,894704
2,94,2.0,1,0.01,0,2
3,94,3.0,1,0.01,0,3
100,94,92.0,59,0.3,8,92
200,94,181.0,105,0.53,19,181
2000,94,1780.0,1226,6.13,220,1780
10000,94,8895.0,4394,21.97,1105,8895
20000,94,17832.0,6766,33.83,2168,17832
40000,94,35663.0,15053,75.27,4337,35663
60000,94,53553.0,18466,92.33,6447,53553
80000,94,71417.0,22987,114.93,8583,71417
100000,94,89255.0,29074,145.37,10745,89255
200000,94,178646.0,41589,207.94,21354,178646
400000,94,357865.0,45748,228.74,42135,357865
600000,94,536583.0,51696,258.48,63417,536583
800000,94,715452.0,77750,388.75,84548,715452
1000000,94,894579.0,83030,415.15,105421,894579
2,95,2.0,1,0.01,0,2
3,95,3.0,1,0.01,0,3
100,95,88.0,59,0.3,12,88
200,95,176.0,134,0.67,24,176
2000,95,1787.0,835,4.17,213,1787
10000,95,8918.0,4718,23.59,1082,8918
20000,95,17871.0,7561,37.81,2129,17871
40000,95,35778.0,10189,50.95,4222,35778
60000,95,53718.0,12514,62.57,6282,53718
80000,95,71700.0,13208,66.04,8300,71700
100000,95,89519.0,15272,76.36,10481,89519
200000,95,178996.0,32405,162.02,21004,178996
400000,95,358072.0,43437,217.18,41928,358072
600000,95,537043.0,53919,269.59,62957,537043
800000,95,716142.0,63887,319.43,83858,716142
1000000,95,895205.0,67432,337.16,104795,895205
2,96,1.0,1,0.01,1,1
3,96,2.0,1,0.01,1,2
100,96,94.0,42,0.21,6,94
200,96,187.0,95,0.48,13,187
2000,96,1793.0,1111,5.55,207,1793
10000,96,8934.0,3204,16.02,1066,8934
20000,96,17876.0,4031,20.16,2124,17876
40000,96,35654.0,14439,72.2,4346,35654
60000,96,53557.0,18943,94.71,6443,53557
80000,96,71430.0,29656,148.28,8570,71430
100000,96,89362.0,30492,152.46,10638,89362
200000,96,178872.0,40283,201.41,21128,178872
400000,96,357660.0,64761,323.8,42340,357660
600000,96,536617.0,75658,378.29,63383,536617
800000,96,715633.0,79756,398.78,84367,715633
1000000,96,894480.0,103429,517.14,105520,894480
2,97,2.0,1,0.01,0,2
3,97,3.0,1,0.01,0,3
100,97,88.0,59,0.3,12,88
200,97,178.0,134,0.67,22,178
2000,97,1797.0,1111,5.55,203,1797
10000,97,8914.0,4697,23.48,1086,8914
20000,97,17837.0,6278,31.39,2163,17837
40000,97,35711.0,8296,41.48,4289,35711
60000,97,53513.0,9617,48.09,6487,53513
80000,97,71396.0,10979,54.9,8604,71396
100000,97,89416.0,10979,54.9,10584,89416
200000,97,178705.0,21810,109.05,21295,178705
400000,97,357756.0,25509,127.54,42244,357756
600000,97,536832.0,27287,136.43,63168,536832
800000,97,715738.0,27602,138.01,84262,715738
1000000,97,894751.0,29174,145.87,105249,894751
2,98,2.0,1,0.01,0,2
3,98,3.0,1,0.01,0,3
100,98,90.0,61,0.31,10,90
200,98,180.0,100,0.5,20,180
2000,98,1786.0,1050,5.25,214,1786
10000,98,8930.0,4905,24.52,1070,8930
20000,98,17909.0,9551,47.76,2091,17909
40000,98,35770.0,19292,96.46,4230,35770
60000,98,53649.0,23077,115.38,6351,53649
80000,98,71528.0,30967,154.83,8472,71528
100000,98,89341.0,35520,177.6,10659,89341
200000,98,178786.0,50757,253.78,21214,178786
400000,98,357772.0,72126,360.63,42228,357772
600000,98,536691.0,90468,452.34,63309,536691
800000,98,715565.0,103336,516.68,84435,715565
1000000,98,894403.0,110718,553.59,105597,894403
2,99,2.0,1,0.01,0,2
3,99,3.0,1,0.01,0,3
100,99,87.0,54,0.27,13,87
200,99,182.0,111,0.56,18,182
2000,99,1787.0,1108,5.54,213,1787
10000,99,8914.0,5556,27.78,1086,8914
20000,99,17836.0,11816,59.08,2164,17836
40000,99,35692.0,20105,100.52,4308,35692
60000,99,53596.0,27617,138.08,6404,53596
80000,99,71354.0,31997,159.98,8646,71354
100000,99,89213.0,37982,189.91,10787,89213
200000,99,178585.0,69556,347.78,21415,178585
400000,99,357211.0,115603,578.01,42789,357211
600000,99,536085.0,126692,633.46,63915,536085
800000,99,715365.0,127411,637.05,84635,715365
1000000,99,894494.0,127411,637.05,105506,894494
2,100,2.0,1,0.01,0,2
3,100,3.0,1,0.01,0,3
100,100,91.0,55,0.28,9,91
200,100,184.0,108,0.54,16,184
2000,100,1783.0,835,4.17,217,1783
10000,100,8906.0,3162,15.81,1094,8906
20000,100,17882.0,4631,23.15,2118,17882
40000,100,35766.0,7779,38.9,4234,35766
60000,100,53631.0,12605,63.03,6369,53631
80000,100,71450.0,14693,73.47,8550,71450
100000,100,89389.0,15602,78.01,10611,89389
200000,100,178848.0,26316,131.58,21152,178848
400000,100,357872.0,35767,178.83,42128,357872
600000,100,536588.0,59422,297.11,63412,536588
800000,100,715636.0,60952,304.76,84364,715636
1000000,100,894513.0,70055,350.27,105487,894513
