Timestep,Iteration,Total Reward,Suboptimal Arms,Total Regret,Zeros Count,Ones Count
2,1,2.0,1,0.01,0,2
3,1,3.0,2,0.11,0,3
100,1,84.0,56,2.18,16,84
200,1,169.0,117,4.77,31,169
2000,1,1751.0,1103,22.46,249,1751
10000,1,8973.0,2980,42.76,1027,8973
20000,1,17928.0,6468,77.91,2072,17928
40000,1,35822.0,11859,132.54,4178,35822
60000,1,53788.0,14401,159.76,6212,53788
80000,1,71770.0,15144,167.19,8230,71770
100000,1,89832.0,15292,168.67,10168,89832
200000,1,179766.0,24115,257.17,20234,179766
400000,1,359823.0,30914,325.25,40177,359823
600000,1,539650.0,40017,416.28,60350,539650
800000,1,719584.0,41227,428.38,80416,719584
1000000,1,899540.0,41514,431.25,100460,899540
2,2,2.0,1,0.01,0,2
3,2,3.0,2,0.11,0,3
100,2,87.0,69,2.31,13,87
200,2,177.0,112,3.37,23,177
2000,2,1806.0,1086,19.32,194,1806
10000,2,8939.0,3497,56.93,1061,8939
20000,2,17938.0,5484,77.07,2062,17938
40000,2,35900.0,8573,108.68,4100,35900
60000,2,53912.0,13289,156.02,6088,53912
80000,2,71928.0,14287,168.16,8072,71928
100000,2,89918.0,16957,195.04,10082,89918
200000,2,179749.0,23958,265.23,20251,179749
400000,2,359650.0,26236,288.1,40350,359650
600000,2,539788.0,27049,296.23,60212,539788
800000,2,719728.0,28937,315.11,80272,719728
1000000,2,899750.0,29000,315.74,100250,899750
2,3,2.0,1,0.01,0,2
3,3,3.0,2,0.11,0,3
100,3,86.0,62,2.78,14,86
200,3,168.0,124,6.01,32,168
2000,3,1767.0,1083,21.99,233,1767
10000,3,8929.0,5395,76.45,1071,8929
20000,3,17894.0,7018,94.57,2106,17894
40000,3,35810.0,12152,148.7,4190,35810
60000,3,53694.0,17221,200.38,6306,53694
80000,3,71635.0,18204,210.21,8365,71635
100000,3,89677.0,22084,249.55,10323,89677
200000,3,179876.0,23246,261.35,20124,179876
400000,3,359897.0,30435,333.24,40103,359897
600000,3,539903.0,31968,348.84,60097,539903
800000,3,719877.0,35772,386.88,80123,719877
1000000,3,899933.0,40650,435.66,100067,899933
2,4,1.0,1,0.01,1,1
3,4,1.0,2,0.11,2,1
100,4,93.0,65,3.35,7,93
200,4,180.0,138,6.51,20,180
2000,4,1768.0,1278,28.62,232,1768
10000,4,8926.0,4002,63.15,1074,8926
20000,4,17903.0,5924,82.55,2097,17903
40000,4,35835.0,9497,118.46,4165,35835
60000,4,53837.0,10789,131.38,6163,53837
80000,4,71745.0,13063,154.21,8255,71745
100000,4,89722.0,15387,177.45,10278,89722
200000,4,179692.0,17129,194.96,20308,179692
400000,4,359856.0,17829,201.96,40144,359856
600000,4,539846.0,18710,210.77,60154,539846
800000,4,719753.0,21600,239.76,80247,719753
1000000,4,899581.0,24936,273.12,100419,899581
2,5,1.0,1,0.01,1,1
3,5,2.0,2,0.11,1,2
100,5,87.0,69,3.03,13,87
200,5,175.0,138,6.6,25,175
2000,5,1759.0,842,29.66,241,1759
10000,5,8937.0,3833,77.84,1063,8937
20000,5,17875.0,8004,124.14,2125,17875
40000,5,35881.0,9561,140.16,4119,35881
60000,5,53737.0,19181,238.25,6263,53737
80000,5,71654.0,25960,306.49,8346,71654
100000,5,89633.0,26605,312.94,10367,89633
200000,5,179561.0,31471,362.32,20439,179561
400000,5,359374.0,38511,432.81,40626,359374
600000,5,539109.0,40500,456.84,60891,539109
800000,5,719076.0,41764,469.57,80924,719076
1000000,5,899167.0,41828,470.21,100833,899167
2,6,2.0,1,0.01,0,2
3,6,3.0,2,0.11,0,3
100,6,88.0,66,2.82,12,88
200,6,182.0,127,5.41,18,182
2000,6,1796.0,778,25.96,204,1796
10000,6,8989.0,4227,68.01,1011,8989
20000,6,17944.0,6200,88.64,2056,17944
40000,6,35951.0,9776,124.49,4049,35951
60000,6,53906.0,14835,177.96,6094,53906
80000,6,71936.0,16521,195.09,8064,71936
100000,6,89841.0,19950,230.55,10159,89841
200000,6,179750.0,33654,399.72,20250,179750
400000,6,359700.0,36512,428.48,40300,359700
600000,6,539591.0,42485,488.84,60409,539591
800000,6,719548.0,44453,508.52,80452,719548
1000000,6,899636.0,45778,521.77,100364,899636
2,7,2.0,1,0.01,0,2
3,7,3.0,2,0.11,0,3
100,7,90.0,58,2.83,10,90
200,7,173.0,119,4.16,27,173
2000,7,1772.0,1175,40.28,228,1772
10000,7,8929.0,3728,84.35,1071,8929
20000,7,17882.0,7484,126.41,2118,17882
40000,7,35759.0,12620,184.16,4241,35759
60000,7,53820.0,13725,195.21,6180,53820
80000,7,71882.0,13937,201.74,8118,71882
100000,7,89885.0,17108,233.9,10115,89885
200000,7,179919.0,21239,276.56,20081,179919
400000,7,359492.0,34627,411.88,40508,359492
600000,7,539433.0,40110,466.98,60567,539433
800000,7,719489.0,42524,491.12,80511,719489
1000000,7,899572.0,45484,520.72,100428,899572
2,8,2.0,1,0.01,0,2
3,8,3.0,2,0.11,0,3
100,8,89.0,62,3.05,11,89
200,8,178.0,121,4.36,22,178
2000,8,1791.0,1181,24.68,209,1791
10000,8,8923.0,3908,62.75,1077,8923
20000,8,17881.0,6715,91.0,2119,17881
40000,8,35842.0,8084,110.9,4158,35842
60000,8,53823.0,11641,150.61,6177,53823
80000,8,71740.0,13970,175.79,8260,71740
100000,8,89745.0,14394,180.12,10255,89745
200000,8,179632.0,19203,228.3,20368,179632
400000,8,359732.0,20811,244.38,40268,359732
600000,8,539700.0,24135,277.71,60300,539700
800000,8,719719.0,24717,283.53,80281,719719
1000000,8,899717.0,24905,285.41,100283,899717
2,9,2.0,1,0.01,0,2
3,9,3.0,2,0.11,0,3
100,9,82.0,78,2.85,18,82
200,9,166.0,160,6.19,34,166
2000,9,1759.0,975,25.77,241,1759
10000,9,8907.0,2560,56.56,1093,8907
20000,9,17887.0,6164,92.87,2113,17887
40000,9,35863.0,8317,116.11,4137,35863
60000,9,53837.0,10595,144.74,6163,53837
80000,9,71890.0,10791,146.7,8110,71890
100000,9,89908.0,10964,148.43,10092,89908
200000,9,179761.0,19586,235.55,20239,179761
400000,9,359921.0,21051,251.37,40079,359921
600000,9,540065.0,21652,257.38,59935,540065
800000,9,720228.0,22279,263.65,79772,720228
1000000,9,900103.0,25609,296.95,99897,900103
2,10,2.0,1,0.01,0,2
3,10,3.0,2,0.11,0,3
100,10,90.0,64,3.16,10,90
200,10,180.0,115,5.02,20,180
2000,10,1743.0,917,22.76,257,1743
10000,10,8923.0,3447,53.28,1077,8923
20000,10,17919.0,3918,64.38,2081,17919
40000,10,35888.0,6942,100.56,4112,35888
60000,10,53877.0,8412,115.89,6123,53877
80000,10,71869.0,9519,138.21,8131,71869
100000,10,89870.0,9689,139.91,10130,89870
200000,10,179697.0,10735,152.35,20303,179697
400000,10,359639.0,14169,186.96,40361,359639
600000,10,539720.0,14294,188.3,60280,539720
800000,10,719764.0,14460,189.96,80236,719764
1000000,10,899815.0,14555,190.91,100185,899815
2,11,2.0,1,0.01,0,2
3,11,3.0,2,0.11,0,3
100,11,89.0,54,2.61,11,89
200,11,173.0,107,4.49,27,173
2000,11,1774.0,808,18.25,226,1774
10000,11,8908.0,2801,42.41,1092,8908
20000,11,17882.0,5319,67.77,2118,17882
40000,11,35880.0,7736,91.94,4120,35880
60000,11,53848.0,8428,107.05,6152,53848
80000,11,71802.0,8923,112.18,8198,71802
100000,11,89784.0,13598,158.93,10216,89784
200000,11,179865.0,15274,175.69,20135,179865
400000,11,359619.0,23690,260.57,40381,359619
600000,11,539489.0,25313,277.7,60511,539489
800000,11,719493.0,25492,279.49,80507,719493
1000000,11,899695.0,26367,288.24,100305,899695
2,12,2.0,1,0.01,0,2
3,12,2.0,2,0.11,1,2
100,12,90.0,59,3.65,10,90
200,12,171.0,103,6.97,29,171
2000,12,1771.0,912,30.81,229,1771
10000,12,8932.0,4175,79.91,1068,8932
20000,12,17881.0,7501,119.38,2119,17881
40000,12,35822.0,15853,205.15,4178,35822
60000,12,53763.0,19150,238.21,6237,53763
80000,12,71713.0,21721,265.81,8287,71713
100000,12,89638.0,28523,334.01,10362,89638
200000,12,179720.0,32888,377.84,20280,179720
400000,12,359729.0,41503,464.98,40271,359729
600000,12,539942.0,43170,481.74,60058,539942
800000,12,719888.0,48083,530.87,80112,719888
1000000,12,899684.0,48630,536.34,100316,899684
2,13,2.0,1,0.01,0,2
3,13,3.0,2,0.11,0,3
100,13,90.0,63,2.43,10,90
200,13,173.0,134,5.12,27,173
2000,13,1762.0,1143,23.04,238,1762
10000,13,8880.0,4709,64.82,1120,8880
20000,13,17822.0,6722,92.87,2178,17822
40000,13,35914.0,7492,100.57,4086,35914
60000,13,53907.0,10664,137.24,6093,53907
80000,13,71848.0,11543,148.1,8152,71848
100000,13,89791.0,15036,185.73,10209,89791
200000,13,179722.0,30002,337.73,20278,179722
400000,13,359862.0,32883,366.54,40138,359862
600000,13,539915.0,35080,388.69,60085,539915
800000,13,719914.0,36148,399.37,80086,719914
1000000,13,899975.0,38593,423.82,100025,899975
2,14,1.0,1,0.01,1,1
3,14,2.0,2,0.11,1,2
100,14,88.0,58,2.74,12,88
200,14,181.0,114,6.27,19,181
2000,14,1781.0,1067,39.2,219,1781
10000,14,8970.0,3747,81.57,1030,8970
20000,14,17970.0,5357,102.71,2030,17970
40000,14,35931.0,9262,143.2,4069,35931
60000,14,53852.0,15837,213.72,6148,53852
80000,14,71844.0,19615,253.75,8156,71844
100000,14,89828.0,20383,261.79,10172,89828
200000,14,179743.0,27721,337.96,20257,179743
400000,14,359666.0,35415,415.8,40334,359666
600000,14,539316.0,39052,452.89,60684,539316
800000,14,719258.0,39529,457.66,80742,719258
1000000,14,899267.0,40683,469.2,100733,899267
2,15,2.0,1,0.01,0,2
3,15,3.0,2,0.11,0,3
100,15,84.0,58,2.02,16,84
200,15,178.0,110,4.25,22,178
2000,15,1766.0,1046,27.2,234,1766
10000,15,8932.0,3970,62.29,1068,8932
20000,15,17860.0,8989,119.59,2140,17860
40000,15,35788.0,15975,195.12,4212,35788
60000,15,53748.0,20218,238.54,6252,53748
80000,15,71755.0,20596,242.86,8245,71755
100000,15,89771.0,22225,261.4,10229,89771
200000,15,179391.0,36497,406.37,20609,179391
400000,15,359351.0,37852,419.92,40649,359351
600000,15,539166.0,39027,431.67,60834,539166
800000,15,719081.0,39976,455.65,80919,719081
1000000,15,898964.0,40291,458.8,101036,898964
2,16,2.0,1,0.01,0,2
3,16,2.0,2,0.11,1,2
100,16,87.0,63,3.06,13,87
200,16,171.0,118,5.68,29,171
2000,16,1753.0,1289,48.26,247,1753
10000,16,8882.0,4575,97.77,1118,8882
20000,16,17847.0,9258,147.3,2153,17847
40000,16,35752.0,14056,198.52,4248,35752
60000,16,53784.0,14758,205.54,6216,53784
80000,16,71791.0,15757,216.7,8209,71791
100000,16,89793.0,18135,240.48,10207,89793
200000,16,179694.0,21875,279.86,20306,179694
400000,16,359693.0,28727,349.19,40307,359693
600000,16,539800.0,30210,364.38,60200,539800
800000,16,719885.0,34357,405.85,80115,719885
1000000,16,899958.0,41815,480.61,100042,899958
2,17,1.0,1,0.01,1,1
3,17,2.0,2,0.11,1,2
100,17,88.0,66,3.63,12,88
200,17,176.0,132,5.46,24,176
2000,17,1763.0,1039,21.91,237,1763
10000,17,8961.0,4043,68.15,1039,8961
20000,17,17907.0,8936,117.8,2093,17907
40000,17,35936.0,12438,153.36,4064,35936
60000,17,53925.0,14523,174.3,6075,53925
80000,17,71879.0,16378,193.03,8121,71879
100000,17,89898.0,16939,198.91,10102,89898
200000,17,179932.0,22583,257.78,20068,179932
400000,17,359959.0,25643,289.19,40041,359959
600000,17,540180.0,27535,308.11,59820,540180
800000,17,720225.0,33212,364.88,79775,720225
1000000,17,900063.0,37281,405.93,99937,900063
2,18,2.0,1,0.01,0,2
3,18,3.0,2,0.11,0,3
100,18,94.0,55,2.44,6,94
200,18,186.0,114,4.56,14,186
2000,18,1773.0,919,19.72,227,1773
10000,18,8947.0,2711,40.16,1053,8947
20000,18,17965.0,4045,53.59,2035,17965
40000,18,35906.0,7578,88.92,4094,35906
60000,18,53858.0,9140,107.24,6142,53858
80000,18,71888.0,9277,108.61,8112,71888
100000,18,89888.0,9389,110.45,10112,89888
200000,18,179842.0,12286,139.42,20158,179842
400000,18,359817.0,14235,166.56,40183,359817
600000,18,539915.0,14616,170.37,60085,539915
800000,18,719937.0,15142,176.08,80063,719937
1000000,18,900099.0,15390,178.56,99901,900099
2,19,1.0,1,0.01,1,1
3,19,2.0,2,0.11,1,2
100,19,86.0,60,2.94,14,86
200,19,175.0,118,4.42,25,175
2000,19,1775.0,966,18.93,225,1775
10000,19,8949.0,2671,47.14,1051,8949
20000,19,17917.0,3793,59.62,2083,17917
40000,19,35829.0,7657,100.69,4171,35829
60000,19,53880.0,8657,110.69,6120,53880
80000,19,71843.0,9355,117.94,8157,71843
100000,19,89786.0,10752,133.44,10214,89786
200000,19,179688.0,14478,170.79,20312,179688
400000,19,359645.0,14948,175.58,40355,359645
600000,19,539871.0,15484,180.94,60129,539871
800000,19,720079.0,15488,180.98,79921,720079
1000000,19,900099.0,16291,189.01,99901,900099
2,20,2.0,1,0.01,0,2
3,20,3.0,2,0.11,0,3
100,20,91.0,62,2.87,9,91
200,20,179.0,111,6.42,21,179
2000,20,1788.0,1146,27.84,212,1788
10000,20,8919.0,4375,63.55,1081,8919
20000,20,17860.0,8006,100.85,2140,17860
40000,20,35869.0,11067,134.97,4131,35869
60000,20,53868.0,13069,155.26,6132,53868
80000,20,71780.0,15086,175.88,8220,71780
100000,20,89716.0,16503,190.14,10284,89716
200000,20,179605.0,20819,233.39,20395,179605
400000,20,359733.0,22863,253.83,40267,359733
600000,20,539710.0,29822,323.42,60290,539710
800000,20,719816.0,30982,335.02,80184,719816
1000000,20,899697.0,31809,343.29,100303,899697
2,21,2.0,1,0.01,0,2
3,21,3.0,2,0.11,0,3
100,21,92.0,72,3.6,8,92
200,21,176.0,127,5.32,24,176
2000,21,1768.0,1042,22.93,232,1768
10000,21,8907.0,2749,51.43,1093,8907
20000,21,17903.0,4467,69.06,2097,17903
40000,21,35886.0,5695,81.43,4114,35886
60000,21,53944.0,6213,87.51,6056,53944
80000,21,71942.0,6616,94.69,8058,71942
100000,21,90004.0,7186,100.39,9996,90004
200000,21,179773.0,8896,118.48,20227,179773
400000,21,359612.0,15632,187.01,40388,359612
600000,21,539468.0,25231,283.0,60532,539468
800000,21,719453.0,27697,307.66,80547,719453
1000000,21,899454.0,28058,311.27,100546,899454
2,22,2.0,1,0.01,0,2
3,22,2.0,2,0.11,1,2
100,22,88.0,66,2.91,12,88
200,22,179.0,131,5.45,21,179
2000,22,1776.0,855,22.5,224,1776
10000,22,8891.0,2206,59.5,1109,8891
20000,22,17908.0,5242,100.57,2092,17908
40000,22,35868.0,14504,193.55,4132,35868
60000,22,53810.0,18125,230.75,6190,53810
80000,22,71715.0,23642,287.54,8285,71715
100000,22,89778.0,23897,290.09,10222,89778
200000,22,179760.0,27366,325.86,20240,179760
400000,22,359557.0,31243,364.72,40443,359557
600000,22,539565.0,33148,383.86,60435,539565
800000,22,719585.0,33914,391.52,80415,719585
1000000,22,899818.0,37618,428.56,100182,899818
2,23,2.0,1,0.01,0,2
3,23,3.0,2,0.11,0,3
100,23,90.0,59,2.84,10,90
200,23,179.0,122,4.82,21,179
2000,23,1800.0,1285,29.86,200,1800
10000,23,9010.0,3186,58.95,990,9010
20000,23,17983.0,4758,79.62,2017,17983
40000,23,35958.0,6469,104.92,4042,35958
60000,23,53986.0,9018,130.5,6014,53986
80000,23,71940.0,10438,144.79,8060,71940
100000,23,89891.0,12545,165.95,10109,89891
200000,23,179781.0,18257,223.52,20219,179781
400000,23,359681.0,29544,336.48,40319,359681
600000,23,539488.0,30995,351.17,60512,539488
800000,23,719397.0,31931,360.53,80603,719397
1000000,23,899203.0,32489,366.11,100797,899203
2,24,2.0,1,0.01,0,2
3,24,2.0,2,0.11,1,2
100,24,85.0,54,2.07,15,85
200,24,176.0,112,3.37,24,176
2000,24,1794.0,1043,20.06,206,1794
10000,24,8917.0,4621,58.09,1083,8917
20000,24,17856.0,8362,128.89,2144,17856
40000,24,35892.0,10915,154.51,4108,35892
60000,24,53934.0,11852,164.69,6066,53934
80000,24,71870.0,14431,192.1,8130,71870
100000,24,89883.0,15196,200.29,10117,89883
200000,24,179703.0,23888,288.38,20297,179703
400000,24,359531.0,35363,403.22,40469,359531
600000,24,539475.0,41020,460.06,60525,539475
800000,24,719580.0,41478,464.64,80420,719580
1000000,24,899633.0,41906,468.92,100367,899633
2,25,2.0,1,0.01,0,2
3,25,3.0,2,0.11,0,3
100,25,88.0,60,3.03,12,88
200,25,178.0,110,6.05,22,178
2000,25,1790.0,937,27.46,210,1790
10000,25,8933.0,3758,61.97,1067,8933
20000,25,17924.0,6505,90.88,2076,17924
40000,25,35835.0,13134,172.2,4165,35835
60000,25,53833.0,15630,200.94,6167,53833
80000,25,71791.0,17911,223.84,8209,71791
100000,25,89742.0,21165,256.38,10258,89742
200000,25,179686.0,25705,305.47,20314,179686
400000,25,359395.0,29593,345.34,40605,359395
600000,25,539486.0,30400,353.41,60514,539486
800000,25,719560.0,31476,364.62,80440,719560
1000000,25,899766.0,31476,364.62,100234,899766
2,26,2.0,1,0.01,0,2
3,26,2.0,2,0.11,1,2
100,26,83.0,60,2.31,17,83
200,26,174.0,125,3.68,26,174
2000,26,1771.0,792,13.59,229,1771
10000,26,8923.0,4827,55.02,1077,8923
20000,26,17883.0,8448,92.13,2117,17883
40000,26,35833.0,13001,137.66,4167,35833
60000,26,53765.0,15996,167.61,6235,53765
80000,26,71743.0,16904,176.69,8257,71743
100000,26,89775.0,17164,179.29,10225,89775
200000,26,179691.0,22076,229.13,20309,179691
400000,26,359533.0,26130,269.67,40467,359533
600000,26,539388.0,39216,400.53,60612,539388
800000,26,719290.0,50070,509.07,80710,719290
1000000,26,899268.0,53929,547.66,100732,899268
2,27,2.0,1,0.01,0,2
3,27,2.0,2,0.11,1,2
100,27,84.0,58,2.65,16,84
200,27,174.0,127,3.97,26,174
2000,27,1775.0,1127,24.68,225,1775
10000,27,8929.0,4460,84.83,1071,8929
20000,27,17882.0,6909,111.93,2118,17882
40000,27,35855.0,12095,166.85,4145,35855
60000,27,53845.0,14069,192.98,6155,53845
80000,27,71773.0,17116,223.63,8227,71773
100000,27,89734.0,19304,246.59,10266,89734
200000,27,179791.0,25881,317.58,20209,179791
400000,27,359808.0,28547,344.96,40192,359808
600000,27,539785.0,29281,353.29,60215,539785
800000,27,719883.0,29433,357.87,80117,719883
1000000,27,899663.0,30561,373.83,100337,899663
2,28,1.0,1,0.01,1,1
3,28,2.0,2,0.11,1,2
100,28,84.0,58,3.1,16,84
200,28,174.0,121,4.99,26,174
2000,28,1781.0,947,31.61,219,1781
10000,28,8926.0,3244,62.77,1074,8926
20000,28,17941.0,4037,71.15,2059,17941
40000,28,35786.0,9478,131.59,4214,35786
60000,28,53777.0,12222,159.57,6223,53777
80000,28,71723.0,12995,167.75,8277,71723
100000,28,89692.0,14627,184.16,10308,89692
200000,28,179504.0,16318,201.34,20496,179504
400000,28,359428.0,17822,216.65,40572,359428
600000,28,539505.0,18997,228.4,60495,539505
800000,28,719253.0,23204,272.09,80747,719253
1000000,28,899336.0,23346,273.51,100664,899336
2,29,1.0,1,0.01,1,1
3,29,1.0,2,0.11,2,1
100,29,90.0,64,3.25,10,90
200,29,176.0,129,5.52,24,176
2000,29,1788.0,1103,26.69,212,1788
10000,29,8934.0,4123,63.28,1066,8934
20000,29,17955.0,6151,83.92,2045,17955
40000,29,35854.0,12087,150.21,4146,35854
60000,29,53869.0,15340,185.89,6131,53869
80000,29,71827.0,17132,205.16,8173,71827
100000,29,89767.0,17930,213.32,10233,89767
200000,29,179752.0,19268,227.15,20248,179752
400000,29,359664.0,23638,270.85,40336,359664
600000,29,539525.0,29189,328.43,60475,539525
800000,29,719537.0,29426,330.8,80463,719537
1000000,29,899449.0,29540,331.94,100551,899449
2,30,2.0,1,0.01,0,2
3,30,2.0,2,0.11,1,2
100,30,84.0,51,2.49,16,84
200,30,172.0,106,5.02,28,172
2000,30,1758.0,846,22.86,242,1758
10000,30,8938.0,2190,39.54,1062,8938
20000,30,17914.0,4084,58.75,2086,17914
40000,30,35854.0,6349,83.11,4146,35854
60000,30,53875.0,6956,89.18,6125,53875
80000,30,71776.0,10993,129.82,8224,71776
100000,30,89752.0,15729,177.18,10248,89752
200000,30,179756.0,18948,219.63,20244,179756
400000,30,359885.0,19887,229.11,40115,359885
600000,30,539823.0,23817,268.41,60177,539823
800000,30,719896.0,25717,287.41,80104,719896
1000000,30,899993.0,25774,287.98,100007,899993
2,31,2.0,1,0.01,0,2
3,31,3.0,2,0.11,0,3
100,31,82.0,64,3.97,18,82
200,31,175.0,124,5.65,25,175
2000,31,1792.0,1100,31.52,208,1792
10000,31,8971.0,2961,63.09,1029,8971
20000,31,17943.0,5961,95.52,2057,17943
40000,31,35959.0,9189,130.77,4041,35959
60000,31,53913.0,15510,194.7,6087,53913
80000,31,71899.0,17760,217.65,8101,71899
100000,31,89823.0,19700,237.5,10177,89823
200000,31,179691.0,29486,338.06,20309,179691
400000,31,359572.0,36107,404.54,40428,359572
600000,31,539610.0,38782,431.65,60390,539610
800000,31,719955.0,38843,432.26,80045,719955
1000000,31,899689.0,41239,456.22,100311,899689
2,32,2.0,1,0.01,0,2
3,32,3.0,2,0.11,0,3
100,32,93.0,60,3.3,7,93
200,32,180.0,115,7.18,20,180
2000,32,1741.0,1359,32.31,259,1741
10000,32,8939.0,4036,59.98,1061,8939
20000,32,17903.0,6604,88.18,2097,17903
40000,32,35832.0,10421,127.88,4168,35832
60000,32,53743.0,15673,180.49,6257,53743
80000,32,71688.0,17107,195.1,8312,71688
100000,32,89576.0,22970,253.73,10424,89576
200000,32,179369.0,28782,319.86,20631,179369
400000,32,359489.0,30334,335.38,40511,359489
600000,32,539116.0,41823,450.54,60884,539116
800000,32,719027.0,44490,477.21,80973,719027
1000000,32,899225.0,44563,477.94,100775,899225
2,33,2.0,1,0.01,0,2
3,33,3.0,2,0.11,0,3
100,33,89.0,70,3.13,11,89
200,33,175.0,129,5.43,25,175
2000,33,1754.0,1028,35.39,246,1754
10000,33,8875.0,4551,76.74,1125,8875
20000,33,17820.0,8999,123.38,2180,17820
40000,33,35761.0,12360,162.03,4239,35761
60000,33,53765.0,16345,203.68,6235,53765
80000,33,71800.0,16513,205.63,8200,71800
100000,33,89767.0,19127,238.25,10233,89767
200000,33,179913.0,19926,246.51,20087,179913
400000,33,359839.0,22225,270.94,40161,359839
600000,33,539985.0,26060,309.47,60015,539985
800000,33,719894.0,28753,336.4,80106,719894
1000000,33,900081.0,35305,401.92,99919,900081
2,34,1.0,1,0.01,1,1
3,34,2.0,2,0.11,1,2
100,34,85.0,55,2.35,15,85
200,34,173.0,105,4.02,27,173
2000,34,1784.0,994,27.67,216,1784
10000,34,8891.0,4601,71.66,1109,8891
20000,34,17871.0,6702,95.01,2129,17871
40000,34,35791.0,13773,169.68,4209,35791
60000,34,53754.0,17452,209.53,6246,53754
80000,34,71774.0,19219,227.2,8226,71774
100000,34,89756.0,24157,276.94,10244,89756
200000,34,179776.0,30586,341.32,20224,179776
400000,34,359745.0,34078,376.78,40255,359745
600000,34,539732.0,38602,422.02,60268,539732
800000,34,719579.0,46310,499.1,80421,719579
1000000,34,899546.0,47174,507.74,100454,899546
2,35,2.0,1,0.01,0,2
3,35,3.0,2,0.11,0,3
100,35,90.0,63,3.15,10,90
200,35,181.0,134,7.01,19,181
2000,35,1773.0,1012,27.04,227,1773
10000,35,8936.0,4202,84.59,1064,8936
20000,35,17898.0,7379,119.51,2102,17898
40000,35,35948.0,8870,135.68,4052,35948
60000,35,53897.0,11946,167.43,6103,53897
80000,35,71911.0,13321,181.27,8089,71911
100000,35,89964.0,13604,184.64,10036,89964
200000,35,179839.0,21278,262.1,20161,179839
400000,35,359525.0,27723,326.91,40475,359525
600000,35,539450.0,28208,331.85,60550,539450
800000,35,719407.0,28564,335.41,80593,719407
1000000,35,899295.0,29375,343.52,100705,899295
2,36,2.0,1,0.01,0,2
3,36,3.0,2,0.11,0,3
100,36,86.0,66,3.27,14,86
200,36,176.0,141,6.36,24,176
2000,36,1766.0,1278,31.23,234,1766
10000,36,8961.0,3525,55.68,1039,8961
20000,36,17938.0,4537,68.68,2062,17938
40000,36,35861.0,7666,101.05,4139,35861
60000,36,53779.0,9682,123.91,6221,53779
80000,36,71837.0,9759,124.68,8163,71837
100000,36,89754.0,10403,131.12,10246,89754
200000,36,179676.0,12114,150.57,20324,179676
400000,36,359486.0,24020,269.81,40514,359486
600000,36,539474.0,26075,290.36,60526,539474
800000,36,719554.0,26362,293.23,80446,719554
1000000,36,899498.0,26778,297.39,100502,899498
2,37,1.0,1,0.01,1,1
3,37,2.0,2,0.11,1,2
100,37,86.0,62,3.59,14,86
200,37,174.0,134,6.56,26,174
2000,37,1763.0,1176,26.88,237,1763
10000,37,8940.0,4523,65.48,1060,8940
20000,37,17890.0,8466,107.25,2110,17890
40000,37,35868.0,12305,145.82,4132,35868
60000,37,53900.0,13361,158.99,6100,53900
80000,37,71900.0,15165,178.92,8100,71900
100000,37,89937.0,16468,191.95,10063,89937
200000,37,179870.0,20472,232.17,20130,179870
400000,37,359778.0,27656,304.82,40222,359778
600000,37,539742.0,28480,318.37,60258,539742
800000,37,719532.0,29193,325.5,80468,719532
1000000,37,899579.0,29374,327.31,100421,899579
2,38,2.0,1,0.01,0,2
3,38,3.0,2,0.11,0,3
100,38,92.0,58,3.01,8,92
200,38,172.0,116,5.48,28,172
2000,38,1769.0,1000,24.4,231,1769
10000,38,8907.0,4291,66.31,1093,8907
20000,38,17861.0,9587,125.57,2139,17861
40000,38,35799.0,15926,190.67,4201,35799
60000,38,53762.0,19418,226.94,6238,53762
80000,38,71732.0,24600,279.03,8268,71732
100000,38,89749.0,25526,288.29,10251,89749
200000,38,179633.0,30651,339.9,20367,179633
400000,38,359585.0,32832,361.71,40415,359585
600000,38,539382.0,50447,538.67,60618,539382
800000,38,719456.0,51319,547.39,80544,719456
1000000,38,899428.0,53914,573.34,100572,899428
2,39,2.0,1,0.01,0,2
3,39,3.0,2,0.11,0,3
100,39,90.0,74,3.8,10,90
200,39,174.0,142,6.55,26,174
2000,39,1757.0,1058,32.81,243,1757
10000,39,8908.0,3723,72.51,1092,8908
20000,39,17931.0,4420,100.63,2069,17931
40000,39,35841.0,7702,138.67,4159,35841
60000,39,53833.0,8737,149.56,6167,53833
80000,39,71800.0,13137,194.19,8200,71800
100000,39,89798.0,14431,207.76,10202,89798
200000,39,179783.0,17798,242.06,20217,179783
400000,39,359747.0,23895,303.39,40253,359747
600000,39,539531.0,28790,352.61,60469,539531
800000,39,719692.0,29093,355.64,80308,719692
1000000,39,899607.0,30665,371.63,100393,899607
2,40,2.0,1,0.01,0,2
3,40,3.0,2,0.11,0,3
100,40,84.0,60,1.95,16,84
200,40,172.0,128,2.99,28,172
2000,40,1769.0,1045,21.61,231,1769
10000,40,9005.0,2285,39.68,995,9005
20000,40,17961.0,3718,54.46,2039,17961
40000,40,35921.0,4511,62.84,4079,35921
60000,40,53974.0,5368,71.59,6026,53974
80000,40,71917.0,5905,76.96,8083,71917
100000,40,89839.0,6717,109.38,10161,89839
200000,40,179722.0,13878,182.52,20278,179722
400000,40,359982.0,14246,186.2,40018,359982
600000,40,539967.0,17651,220.52,60033,539967
800000,40,720019.0,19029,234.3,79981,720019
1000000,40,900201.0,19934,246.14,99799,900201
2,41,2.0,1,0.01,0,2
3,41,3.0,2,0.11,0,3
100,41,89.0,61,2.5,11,89
200,41,177.0,120,5.16,23,177
2000,41,1783.0,1289,33.41,217,1783
10000,41,8921.0,4185,74.25,1079,8921
20000,41,17883.0,7028,104.75,2117,17883
40000,41,35834.0,11164,153.94,4166,35834
60000,41,53849.0,13739,180.5,6151,53849
80000,41,71782.0,19220,236.48,8218,71782
100000,41,89774.0,20635,250.99,10226,89774
200000,41,179942.0,23408,279.08,20058,179942
400000,41,359691.0,29308,342.94,40309,359691
600000,41,539539.0,42596,490.76,60461,539539
800000,41,719534.0,44282,507.89,80466,719534
1000000,41,899566.0,44358,508.65,100434,899566
2,42,2.0,1,0.01,0,2
3,42,3.0,2,0.11,0,3
100,42,86.0,58,2.83,14,86
200,42,177.0,103,4.63,23,177
2000,42,1763.0,836,16.91,237,1763
10000,42,8914.0,3946,50.89,1086,8914
20000,42,17924.0,6507,77.13,2076,17924
40000,42,35886.0,11031,122.37,4114,35886
60000,42,53827.0,14067,153.99,6173,53827
80000,42,71699.0,16104,175.35,8301,71699
100000,42,89739.0,16336,177.67,10261,89739
200000,42,179710.0,18652,200.83,20290,179710
400000,42,359580.0,35529,369.6,40420,359580
600000,42,539608.0,37707,391.38,60392,539608
800000,42,719687.0,38527,399.58,80313,719687
1000000,42,899772.0,38712,401.43,100228,899772
2,43,2.0,1,0.01,0,2
3,43,3.0,2,0.11,0,3
100,43,87.0,51,2.85,13,87
200,43,178.0,95,4.46,22,178
2000,43,1780.0,653,26.96,220,1780
10000,43,9031.0,2941,66.58,969,9031
20000,43,18037.0,6642,111.15,1963,18037
40000,43,35964.0,11078,167.12,4036,35964
60000,43,53893.0,15445,211.69,6107,53893
80000,43,71880.0,18099,238.32,8120,71880
100000,43,89850.0,19111,253.3,10150,89850
200000,43,179653.0,33132,395.76,20347,179653
400000,43,359588.0,38778,455.28,40412,359588
600000,43,539622.0,42194,489.44,60378,539622
800000,43,719529.0,44472,513.12,80471,719529
1000000,43,899789.0,44918,517.58,100211,899789
2,44,2.0,1,0.01,0,2
3,44,3.0,2,0.11,0,3
100,44,88.0,58,2.11,12,88
200,44,178.0,114,5.01,22,178
2000,44,1762.0,1111,36.58,238,1762
10000,44,8935.0,3676,74.92,1065,8935
20000,44,17871.0,9207,137.25,2129,17871
40000,44,35759.0,14238,190.17,4241,35759
60000,44,53707.0,17200,226.18,6293,53707
80000,44,71718.0,17790,232.17,8282,71718
100000,44,89744.0,17828,232.55,10256,89744
200000,44,179554.0,26714,329.15,20446,179554
400000,44,359530.0,33348,396.03,40470,359530
600000,44,539536.0,34755,413.34,60464,539536
800000,44,719613.0,36832,434.11,80387,719613
1000000,44,899646.0,36847,434.26,100354,899646
2,45,2.0,1,0.01,0,2
3,45,2.0,2,0.11,1,2
100,45,76.0,66,2.55,24,76
200,45,165.0,101,4.16,35,165
2000,45,1778.0,1235,21.98,222,1778
10000,45,8905.0,5213,70.85,1095,8905
20000,45,17855.0,8611,109.06,2145,17855
40000,45,35790.0,11100,134.13,4210,35790
60000,45,53763.0,12424,147.46,6237,53763
80000,45,71811.0,12938,152.6,8189,71811
100000,45,89812.0,13907,162.29,10188,89812
200000,45,179768.0,22127,245.66,20232,179768
400000,45,359668.0,28480,309.37,40332,359668
600000,45,539658.0,29188,316.45,60342,539658
800000,45,719549.0,29603,320.6,80451,719549
1000000,45,899453.0,30289,327.46,100547,899453
2,46,2.0,1,0.01,0,2
3,46,2.0,2,0.11,1,2
100,46,85.0,53,1.97,15,85
200,46,171.0,118,4.33,29,171
2000,46,1762.0,936,29.25,238,1762
10000,46,8892.0,4880,86.6,1108,8892
20000,46,17874.0,8148,120.54,2126,17874
40000,46,35849.0,14779,197.74,4151,35849
60000,46,53802.0,17306,223.73,6198,53802
80000,46,71740.0,19718,249.56,8260,71740
100000,46,89776.0,20003,252.41,10224,89776
200000,46,179650.0,23246,286.37,20350,179650
400000,46,359766.0,25056,305.37,40234,359766
600000,46,539862.0,25557,310.65,60138,539862
800000,46,719901.0,26251,317.59,80099,719901
1000000,46,900049.0,26288,317.96,99951,900049
2,47,1.0,1,0.01,1,1
3,47,1.0,2,0.11,2,1
100,47,81.0,64,3.25,19,81
200,47,165.0,109,5.5,35,165
2000,47,1763.0,832,23.53,237,1763
10000,47,8974.0,3574,60.04,1026,8974
20000,47,17928.0,5113,76.33,2072,17928
40000,47,35900.0,15654,182.28,4100,35900
60000,47,53843.0,18623,212.06,6157,53843
80000,47,71792.0,21193,237.85,8208,71792
100000,47,89726.0,22983,255.75,10274,89726
200000,47,179678.0,28287,308.97,20322,179678
400000,47,359490.0,34428,370.47,40510,359490
600000,47,539368.0,35813,384.32,60632,539368
800000,47,719521.0,36248,388.67,80479,719521
1000000,47,899553.0,36388,390.07,100447,899553
2,48,2.0,1,0.01,0,2
3,48,3.0,2,0.11,0,3
100,48,87.0,63,3.06,13,87
200,48,177.0,122,6.35,23,177
2000,48,1781.0,888,28.77,219,1781
10000,48,8937.0,3280,56.74,1063,8937
20000,48,17843.0,5743,86.77,2157,17843
40000,48,35778.0,11729,147.8,4222,35778
60000,48,53713.0,17078,201.38,6287,53713
80000,48,71694.0,17787,208.47,8306,71694
100000,48,89752.0,17787,208.47,10248,89752
200000,48,179644.0,24097,272.29,20356,179644
400000,48,359861.0,24966,281.07,40139,359861
600000,48,540060.0,25351,284.92,59940,540060
800000,48,719915.0,46354,494.95,80085,719915
1000000,48,899893.0,49930,530.71,100107,899893
2,49,1.0,1,0.01,1,1
3,49,2.0,2,0.11,1,2
100,49,88.0,50,2.75,12,88
200,49,173.0,106,4.39,27,173
2000,49,1748.0,741,22.08,252,1748
10000,49,8945.0,1864,50.86,1055,8945
20000,49,17964.0,2653,63.07,2036,17964
40000,49,35836.0,3736,76.06,4164,35836
60000,49,53900.0,4002,78.9,6100,53900
80000,49,71903.0,4498,84.22,8097,71903
100000,49,89923.0,4565,84.89,10077,89923
200000,49,179765.0,7974,121.05,20235,179765
400000,49,359658.0,8780,129.2,40342,359658
600000,49,539822.0,9335,134.75,60178,539822
800000,49,719540.0,10658,147.98,80460,719540
1000000,49,899706.0,10658,147.98,100294,899706
2,50,2.0,1,0.01,0,2
3,50,3.0,2,0.11,0,3
100,50,89.0,57,3.27,11,89
200,50,180.0,114,4.83,20,180
2000,50,1784.0,1209,26.22,216,1784
10000,50,8934.0,4682,75.8,1066,8934
20000,50,17915.0,9662,125.78,2085,17915
40000,50,35879.0,14581,175.51,4121,35879
60000,50,53882.0,17684,206.72,6118,53882
80000,50,71929.0,18971,219.59,8071,71929
100000,50,89881.0,22404,254.1,10119,89881
200000,50,179935.0,24682,277.06,20065,179935
400000,50,359849.0,30082,331.96,40151,359849
600000,50,539620.0,32219,353.51,60380,539620
800000,50,719755.0,34200,373.32,80245,719755
1000000,50,899893.0,34821,379.53,100107,899893
2,51,2.0,1,0.01,0,2
3,51,3.0,2,0.11,0,3
100,51,84.0,62,2.78,16,84
200,51,165.0,114,4.56,35,165
2000,51,1777.0,659,19.46,223,1777
10000,51,8899.0,4130,70.91,1101,8899
20000,51,17890.0,6659,97.64,2110,17890
40000,51,35848.0,10946,140.87,4152,35848
60000,51,53784.0,15604,187.63,6216,53784
80000,51,71814.0,16234,194.02,8186,71814
100000,51,89832.0,20179,233.47,10168,89832
200000,51,179743.0,24402,276.06,20257,179743
400000,51,359777.0,33033,362.46,40223,359777
600000,51,539808.0,34401,376.14,60192,539808
800000,51,719592.0,39601,428.23,80408,719592
1000000,51,899824.0,39638,428.6,100176,899824
2,52,2.0,1,0.01,0,2
3,52,3.0,2,0.11,0,3
100,52,81.0,72,4.05,19,81
200,52,166.0,128,5.96,34,166
2000,52,1774.0,754,28.24,226,1774
10000,52,8947.0,3573,77.4,1053,8947
20000,52,17924.0,5933,104.15,2076,17924
40000,52,35902.0,8313,128.58,4098,35902
60000,52,53880.0,11673,165.06,6120,53880
80000,52,71896.0,12897,177.57,8104,71896
100000,52,89838.0,14384,193.16,10162,89838
200000,52,179616.0,20799,257.49,20384,179616
400000,52,359693.0,21947,270.23,40307,359693
600000,52,539925.0,21947,270.23,60075,539925
800000,52,719753.0,22545,276.21,80247,719753
1000000,52,899625.0,23716,288.19,100375,899625
2,53,2.0,1,0.01,0,2
3,53,3.0,2,0.11,0,3
100,53,80.0,71,3.5,20,80
200,53,167.0,123,5.19,33,167
2000,53,1740.0,761,22.28,260,1740
10000,53,8942.0,2662,44.26,1058,8942
20000,53,17960.0,3619,53.92,2040,17960
40000,53,35997.0,5527,73.18,4003,35997
60000,53,54002.0,8448,103.56,5998,54002
80000,53,71869.0,12286,142.75,8131,71869
100000,53,89809.0,13262,152.51,10191,89809
200000,53,179821.0,20037,220.35,20179,179821
400000,53,359733.0,25008,270.06,40267,359733
600000,53,539692.0,27086,292.91,60308,539692
800000,53,719879.0,27906,301.2,80121,719879
1000000,53,899954.0,28005,302.19,100046,899954
2,54,2.0,1,0.01,0,2
3,54,3.0,2,0.11,0,3
100,54,84.0,63,2.61,16,84
200,54,172.0,120,5.88,28,172
2000,54,1780.0,1221,22.83,220,1780
10000,54,8956.0,4314,84.72,1044,8956
20000,54,17892.0,9145,143.83,2108,17892
40000,54,35823.0,15210,212.22,4177,35823
60000,54,53790.0,18016,240.91,6210,53790
80000,54,71779.0,19364,255.38,8221,71779
100000,54,89692.0,21437,277.01,10308,89692
200000,54,179765.0,23704,300.4,20235,179765
400000,54,359707.0,27944,350.0,40293,359707
600000,54,539612.0,29002,366.97,60388,539612
800000,54,719765.0,29745,374.4,80235,719765
1000000,54,899818.0,32802,404.97,100182,899818
2,55,2.0,1,0.01,0,2
3,55,3.0,2,0.11,0,3
100,55,87.0,62,3.05,13,87
200,55,175.0,122,5.27,25,175
2000,55,1762.0,1062,23.76,238,1762
10000,55,8909.0,3175,53.8,1091,8909
20000,55,17897.0,4182,65.49,2103,17897
40000,55,35869.0,6491,88.85,4131,35869
60000,55,53825.0,8408,110.18,6175,53825
80000,55,71770.0,12772,153.82,8230,71770
100000,55,89750.0,16706,193.25,10250,89750
200000,55,179654.0,24199,268.45,20346,179654
400000,55,359546.0,30358,330.04,40454,359546
600000,55,539661.0,30556,332.38,60339,539661
800000,55,719918.0,30573,332.55,80082,719918
1000000,55,899586.0,37641,403.23,100414,899586
2,56,1.0,1,0.01,1,1
3,56,2.0,2,0.11,1,2
100,56,84.0,66,3.54,16,84
200,56,166.0,146,6.77,34,166
2000,56,1761.0,938,26.93,239,1761
10000,56,8946.0,4210,63.97,1054,8946
20000,56,17908.0,8308,108.19,2092,17908
40000,56,35832.0,14110,168.55,4168,35832
60000,56,53785.0,17246,200.99,6215,53785
80000,56,71813.0,17904,207.57,8187,71813
100000,56,89765.0,20655,235.35,10235,89765
200000,56,179802.0,25451,284.03,20198,179802
400000,56,359754.0,32922,359.55,40246,359754
600000,56,539645.0,35522,385.55,60355,539645
800000,56,719692.0,36194,392.27,80308,719692
1000000,56,899525.0,36530,395.81,100475,899525
2,57,1.0,1,0.01,1,1
3,57,2.0,2,0.11,1,2
100,57,80.0,76,4.0,20,80
200,57,165.0,136,5.77,35,165
2000,57,1758.0,1002,29.46,242,1758
10000,57,8893.0,3798,60.48,1107,8893
20000,57,17807.0,6816,92.37,2193,17807
40000,57,35772.0,9955,123.94,4228,35772
60000,57,53670.0,12286,147.43,6330,53670
80000,57,71684.0,12380,148.37,8316,71684
100000,57,89648.0,14127,165.84,10352,89648
200000,57,179626.0,20788,232.54,20374,179626
400000,57,359549.0,35878,383.44,40451,359549
600000,57,539277.0,43095,455.61,60723,539277
800000,57,719272.0,47590,500.83,80728,719272
1000000,57,899127.0,48548,510.41,100873,899127
2,58,1.0,1,0.01,1,1
3,58,2.0,2,0.11,1,2
100,58,91.0,78,3.57,9,91
200,58,183.0,150,7.17,17,183
2000,58,1782.0,1206,32.94,218,1782
10000,58,8977.0,4661,83.78,1023,8977
20000,58,17930.0,9182,132.95,2070,17930
40000,58,35888.0,13979,183.26,4112,35888
60000,58,53874.0,15588,204.48,6126,53874
80000,58,71843.0,19073,241.31,8157,71843
100000,58,89776.0,22246,273.76,10224,89776
200000,58,179721.0,27042,322.08,20279,179721
400000,58,359696.0,29949,351.51,40304,359696
600000,58,539697.0,32477,376.79,60303,539697
800000,58,719840.0,34717,399.19,80160,719840
1000000,58,900040.0,34840,400.42,99960,900040
2,59,2.0,1,0.01,0,2
3,59,3.0,2,0.11,0,3
100,59,88.0,61,2.5,12,88
200,59,175.0,115,5.11,25,175
2000,59,1765.0,1180,29.26,235,1765
10000,59,8896.0,4749,88.71,1104,8896
20000,59,17836.0,9245,134.93,2164,17836
40000,59,35755.0,14114,185.06,4245,35755
60000,59,53758.0,15515,199.07,6242,53758
80000,59,71802.0,16221,206.22,8198,71802
100000,59,89758.0,18721,231.22,10242,89758
200000,59,179680.0,22229,266.57,20320,179680
400000,59,359674.0,23156,276.02,40326,359674
600000,59,539917.0,25221,296.67,60083,539917
800000,59,720181.0,25795,302.41,79819,720181
1000000,59,900258.0,26967,314.13,99742,900258
2,60,2.0,1,0.01,0,2
3,60,3.0,2,0.11,0,3
100,60,87.0,63,3.06,13,87
200,60,179.0,131,4.37,21,179
2000,60,1805.0,1034,36.62,195,1805
10000,60,8977.0,3143,82.37,1023,8977
20000,60,17904.0,6569,122.93,2096,17904
40000,60,35858.0,11008,170.11,4142,35858
60000,60,53805.0,14956,211.39,6195,53805
80000,60,71858.0,15436,216.19,8142,71858
100000,60,89908.0,15891,223.17,10092,89908
200000,60,179871.0,21356,281.87,20129,179871
400000,60,360072.0,24228,311.76,39928,360072
600000,60,540076.0,27286,343.15,59924,540076
800000,60,719860.0,29144,361.91,80140,719860
1000000,60,900020.0,39515,465.62,99980,900020
2,61,2.0,1,0.01,0,2
3,61,3.0,2,0.11,0,3
100,61,84.0,50,2.75,16,84
200,61,171.0,119,5.69,29,171
2000,61,1792.0,624,24.87,208,1792
10000,61,8950.0,3112,57.04,1050,8950
20000,61,17969.0,3998,66.89,2031,17969
40000,61,35935.0,6994,100.45,4065,35935
60000,61,53932.0,8610,116.79,6068,53932
80000,61,71912.0,11480,145.58,8088,71912
100000,61,89868.0,12377,154.55,10132,89868
200000,61,179917.0,16734,200.1,20083,179917
400000,61,359792.0,23044,263.74,40208,359792
600000,61,539882.0,25575,289.05,60118,539882
800000,61,720037.0,27252,305.82,79963,720037
1000000,61,900171.0,31448,348.14,99829,900171
2,62,2.0,1,0.01,0,2
3,62,3.0,2,0.11,0,3
100,62,85.0,58,2.83,15,85
200,62,172.0,95,4.64,28,172
2000,62,1775.0,802,21.07,225,1775
10000,62,8881.0,3715,61.9,1119,8881
20000,62,17915.0,4228,67.39,2085,17915
40000,62,35905.0,5187,77.34,4095,35905
60000,62,53848.0,6272,88.28,6152,53848
80000,62,71800.0,6583,91.48,8200,71800
100000,62,89749.0,6811,93.76,10251,89749
200000,62,179714.0,7197,97.8,20286,179714
400000,62,359631.0,12216,147.99,40369,359631
600000,62,539612.0,12332,149.15,60388,539612
800000,62,719728.0,13408,160.0,80272,719728
1000000,62,899815.0,13408,160.0,100185,899815
2,63,2.0,1,0.01,0,2
3,63,3.0,2,0.11,0,3
100,63,87.0,71,3.23,13,87
200,63,168.0,131,5.27,32,168
2000,63,1752.0,990,27.99,248,1752
10000,63,8877.0,5761,83.35,1123,8877
20000,63,17835.0,9260,118.88,2165,17835
40000,63,35819.0,12614,152.6,4181,35819
60000,63,53773.0,13463,180.62,6227,53773
80000,63,71802.0,14569,193.39,8198,71802
100000,63,89747.0,16752,217.83,10253,89747
200000,63,179729.0,19900,249.94,20271,179729
400000,63,359709.0,22159,273.07,40291,359709
600000,63,539582.0,23347,285.31,60418,539582
800000,63,719735.0,23970,291.54,80265,719735
1000000,63,899550.0,25101,302.85,100450,899550
2,64,2.0,1,0.01,0,2
3,64,3.0,2,0.11,0,3
100,64,87.0,49,2.29,13,87
200,64,168.0,115,4.57,32,168
2000,64,1766.0,966,19.38,234,1766
10000,64,8909.0,3896,52.01,1091,8909
20000,64,17899.0,5787,72.63,2101,17899
40000,64,35895.0,6928,84.13,4105,35895
60000,64,53886.0,11049,125.34,6114,53886
80000,64,71903.0,11293,127.78,8097,71903
100000,64,89900.0,11654,131.66,10100,89900
200000,64,179872.0,13123,146.62,20128,179872
400000,64,359827.0,15758,172.97,40173,359827
600000,64,539647.0,16356,179.31,60353,539647
800000,64,719842.0,16434,180.09,80158,719842
1000000,64,899752.0,17423,189.98,100248,899752
2,65,2.0,1,0.01,0,2
3,65,3.0,2,0.11,0,3
100,65,87.0,56,2.81,13,87
200,65,174.0,128,7.67,26,174
2000,65,1770.0,901,41.86,230,1770
10000,65,8907.0,4080,100.74,1093,8907
20000,65,17866.0,8704,149.14,2134,17866
40000,65,35874.0,13007,196.13,4126,35874
60000,65,53880.0,15738,226.23,6120,53880
80000,65,71883.0,18035,250.64,8117,71883
100000,65,89832.0,19587,266.79,10168,89832
200000,65,179838.0,23686,315.16,20162,179838
400000,65,359902.0,32534,404.0,40098,359902
600000,65,540032.0,35172,430.56,59968,540032
800000,65,719774.0,36418,444.91,80226,719774
1000000,65,899790.0,38382,465.09,100210,899790
2,66,2.0,1,0.01,0,2
3,66,3.0,2,0.11,0,3
100,66,81.0,62,2.78,19,81
200,66,171.0,100,4.24,29,171
2000,66,1753.0,968,29.93,247,1753
10000,66,8930.0,4564,69.49,1070,8930
20000,66,17864.0,7869,107.04,2136,17864
40000,66,35831.0,9756,126.09,4169,35831
60000,66,53802.0,10972,139.78,6198,53802
80000,66,71813.0,12066,150.72,8187,71813
100000,66,89900.0,12066,150.72,10100,89900
200000,66,180071.0,15785,188.27,19929,180071
400000,66,360058.0,19273,225.04,39942,360058
600000,66,540160.0,20578,238.27,59840,540160
800000,66,720047.0,21509,247.58,79953,720047
1000000,66,900267.0,22375,256.24,99733,900267
2,67,1.0,1,0.01,1,1
3,67,2.0,2,0.11,1,2
100,67,86.0,66,4.35,14,86
200,67,178.0,132,7.26,22,178
2000,67,1776.0,967,30.64,224,1776
10000,67,8894.0,3802,94.81,1106,8894
20000,67,17855.0,5197,111.19,2145,17855
40000,67,35872.0,6775,129.13,4128,35872
60000,67,53861.0,9998,162.35,6139,53861
80000,67,71812.0,12584,188.93,8188,71812
100000,67,89778.0,14883,211.92,10222,89778
200000,67,179771.0,25252,315.79,20229,179771
400000,67,359660.0,28435,353.02,40340,359660
600000,67,539513.0,29794,366.61,60487,539513
800000,67,719475.0,31593,384.78,80525,719475
1000000,67,899539.0,31789,386.74,100461,899539
2,68,2.0,1,0.01,0,2
3,68,3.0,2,0.11,0,3
100,68,84.0,45,1.98,16,84
200,68,169.0,107,3.5,31,169
2000,68,1762.0,1172,21.89,238,1762
10000,68,8924.0,3693,60.51,1076,8924
20000,68,17926.0,4522,70.42,2074,17926
40000,68,35798.0,8729,114.11,4202,35798
60000,68,53790.0,9896,125.78,6210,53790
80000,68,71768.0,10790,136.25,8232,71768
100000,68,89780.0,11575,144.55,10220,89780
200000,68,179821.0,12850,157.84,20179,179821
400000,68,359789.0,17090,200.24,40211,359789
600000,68,539558.0,17639,205.91,60442,539558
800000,68,719606.0,18253,212.05,80394,719606
1000000,68,899758.0,18921,218.73,100242,899758
2,69,2.0,1,0.01,0,2
3,69,3.0,2,0.11,0,3
100,69,87.0,64,3.07,13,87
200,69,170.0,123,5.01,30,170
2000,69,1758.0,919,26.56,242,1758
10000,69,8935.0,5610,78.6,1065,8935
20000,69,17894.0,11929,142.96,2106,17894
40000,69,35921.0,17684,200.51,4079,35921
60000,69,53930.0,20986,235.42,6070,53930
80000,69,71807.0,29268,321.93,8193,71807
100000,69,89784.0,32616,355.68,10216,89784
200000,69,179490.0,43997,469.94,20510,179490
400000,69,359560.0,49875,529.08,40440,359560
600000,69,539368.0,55464,584.97,60632,539368
800000,69,719346.0,56284,593.26,80654,719346
1000000,69,899331.0,56795,598.37,100669,899331
2,70,2.0,1,0.01,0,2
3,70,3.0,2,0.11,0,3
100,70,89.0,64,3.25,11,89
200,70,179.0,111,5.97,21,179
2000,70,1767.0,901,39.16,233,1767
10000,70,8930.0,3289,75.73,1070,8930
20000,70,17888.0,5212,97.39,2112,17888
40000,70,35803.0,10562,163.13,4197,35803
60000,70,53666.0,14016,199.11,6334,53666
80000,70,71595.0,20717,266.39,8405,71595
100000,70,89574.0,21801,277.59,10426,89574
200000,70,179533.0,34794,408.51,20467,179533
400000,70,359430.0,37167,432.6,40570,359430
600000,70,539473.0,37622,437.15,60527,539473
800000,70,719393.0,54611,607.76,80607,719393
1000000,70,899519.0,54613,607.78,100481,899519
2,71,1.0,1,0.01,1,1
3,71,1.0,2,0.11,2,1
100,71,90.0,66,3.0,10,90
200,71,176.0,114,5.46,24,176
2000,71,1800.0,1077,27.33,200,1800
10000,71,8977.0,4068,64.8,1023,8977
20000,71,17940.0,7217,106.55,2060,17940
40000,71,35978.0,9835,132.91,4022,35978
60000,71,53936.0,12597,162.15,6064,53936
80000,71,71846.0,16636,202.63,8154,71846
100000,71,89851.0,18013,216.4,10149,89851
200000,71,179595.0,29211,332.79,20405,179595
400000,71,359671.0,32556,366.33,40329,359671
600000,71,539605.0,35655,397.32,60395,539605
800000,71,719513.0,37210,412.87,80487,719513
1000000,71,899460.0,37647,417.24,100540,899460
2,72,1.0,1,0.01,1,1
3,72,2.0,2,0.11,1,2
100,72,87.0,54,1.8,13,87
200,72,176.0,122,5.27,24,176
2000,72,1766.0,1144,29.8,234,1766
10000,72,8855.0,4268,83.27,1145,8855
20000,72,17837.0,5738,99.5,2163,17837
40000,72,35774.0,8936,133.01,4226,35774
60000,72,53688.0,10718,151.55,6312,53688
80000,72,71670.0,11472,159.09,8330,71670
100000,72,89604.0,12791,172.46,10396,89604
200000,72,179750.0,17938,223.93,20250,179750
400000,72,359538.0,24659,291.23,40462,359538
600000,72,539457.0,25003,295.03,60543,539457
800000,72,719706.0,25025,295.25,80294,719706
1000000,72,899756.0,26789,312.89,100244,899756
2,73,1.0,1,0.01,1,1
3,73,2.0,2,0.11,1,2
100,73,88.0,67,3.19,12,88
200,73,178.0,130,4.72,22,178
2000,73,1784.0,844,24.55,216,1784
10000,73,8972.0,4234,62.68,1028,8972
20000,73,17905.0,7392,95.52,2095,17905
40000,73,35844.0,12914,151.28,4156,35844
60000,73,53799.0,15687,179.64,6201,53799
80000,73,71761.0,16798,190.84,8239,71761
100000,73,89793.0,18115,204.01,10207,89793
200000,73,179833.0,22417,247.03,20167,179833
400000,73,359911.0,31166,335.51,40089,359911
600000,73,539911.0,32904,353.25,60089,539911
800000,73,719803.0,36189,386.1,80197,719803
1000000,73,899918.0,37170,396.0,100082,899918
2,74,2.0,1,0.01,0,2
3,74,3.0,2,0.11,0,3
100,74,88.0,63,3.6,12,88
200,74,181.0,122,5.99,19,181
2000,74,1756.0,882,29.88,244,1756
10000,74,8903.0,3827,70.13,1097,8903
20000,74,17850.0,7506,108.27,2150,17850
40000,74,35918.0,8326,116.47,4082,35918
60000,74,53915.0,10433,137.63,6085,53915
80000,74,71882.0,11572,149.11,8118,71882
100000,74,89855.0,12831,161.97,10145,89855
200000,74,179744.0,17399,209.36,20256,179744
400000,74,359637.0,21174,247.2,40363,359637
600000,74,539447.0,23823,273.69,60553,539447
800000,74,719393.0,24286,281.65,80607,719393
1000000,74,899311.0,24418,282.97,100689,899311
2,75,1.0,1,0.01,1,1
3,75,2.0,2,0.11,1,2
100,75,88.0,61,3.49,12,88
200,75,175.0,115,5.65,25,175
2000,75,1778.0,780,28.5,222,1778
10000,75,8928.0,4121,69.65,1072,8928
20000,75,17898.0,7613,107.18,2102,17898
40000,75,35931.0,10748,138.89,4069,35931
60000,75,53781.0,13045,162.22,6219,53781
80000,75,71778.0,13440,166.17,8222,71778
100000,75,89792.0,14890,180.67,10208,89792
200000,75,179640.0,21974,252.05,20360,179640
400000,75,359625.0,23179,267.25,40375,359625
600000,75,539689.0,25276,288.22,60311,539689
800000,75,719713.0,25894,294.4,80287,719713
1000000,75,899932.0,25906,294.52,100068,899932
2,76,2.0,1,0.01,0,2
3,76,3.0,2,0.11,0,3
100,76,87.0,54,1.89,13,87
200,76,175.0,113,4.91,25,175
2000,76,1797.0,875,22.34,203,1797
10000,76,8970.0,3012,52.44,1030,8970
20000,76,17912.0,4636,71.2,2088,17912
40000,76,35821.0,5590,81.01,4179,35821
60000,76,53792.0,9171,116.82,6208,53792
80000,76,71795.0,11200,139.27,8205,71795
100000,76,89701.0,13375,162.91,10299,89701
200000,76,179604.0,16384,193.63,20396,179604
400000,76,359629.0,18788,217.67,40371,359629
600000,76,539705.0,19536,225.15,60295,539705
800000,76,719696.0,19606,225.94,80304,719696
1000000,76,899905.0,23493,264.81,100095,899905
2,77,2.0,1,0.01,0,2
3,77,3.0,2,0.11,0,3
100,77,83.0,64,3.88,17,83
200,77,173.0,115,5.65,27,173
2000,77,1771.0,652,21.01,229,1771
10000,77,8915.0,4208,63.05,1085,8915
20000,77,17827.0,6955,97.09,2173,17827
40000,77,35891.0,7914,106.68,4109,35891
60000,77,53853.0,10782,135.63,6147,53853
80000,77,71802.0,12624,154.05,8198,71802
100000,77,89850.0,12665,154.46,10150,89850
200000,77,179755.0,14121,170.55,20245,179755
400000,77,359627.0,16433,193.94,40373,359627
600000,77,539699.0,16529,194.9,60301,539699
800000,77,719634.0,18439,214.0,80366,719634
1000000,77,899658.0,18511,214.72,100342,899658
2,78,2.0,1,0.01,0,2
3,78,3.0,2,0.11,0,3
100,78,86.0,58,2.65,14,86
200,78,177.0,131,5.09,23,177
2000,78,1756.0,1166,35.69,244,1756
10000,78,8916.0,4920,84.03,1084,8916
20000,78,17858.0,9466,131.56,2142,17858
40000,78,35715.0,15237,204.57,4285,35715
60000,78,53630.0,19422,246.6,6370,53630
80000,78,71603.0,20221,255.31,8397,71603
100000,78,89632.0,20252,255.62,10368,89632
200000,78,179755.0,20740,260.86,20245,179755
400000,78,359915.0,22494,278.58,40085,359915
600000,78,539819.0,25854,312.36,60181,539819
800000,78,719900.0,29576,349.58,80100,719900
1000000,78,900094.0,36564,419.46,99906,900094
2,79,2.0,1,0.01,0,2
3,79,3.0,2,0.11,0,3
100,79,85.0,69,2.4,15,85
200,79,173.0,132,5.01,27,173
2000,79,1746.0,830,29.18,254,1746
10000,79,8904.0,4437,91.17,1096,8904
20000,79,17896.0,5509,105.31,2104,17896
40000,79,35852.0,7199,124.28,4148,35852
60000,79,53836.0,9214,147.49,6164,53836
80000,79,71776.0,10853,165.77,8224,71776
100000,79,89712.0,12264,180.42,10288,89712
200000,79,179726.0,13280,191.03,20274,179726
400000,79,359638.0,25725,315.57,40362,359638
600000,79,539669.0,26486,323.18,60331,539669
800000,79,719988.0,26486,323.18,80012,719988
1000000,79,900196.0,26516,323.48,99804,900196
2,80,1.0,1,0.01,1,1
3,80,2.0,2,0.11,1,2
100,80,86.0,55,2.98,14,86
200,80,177.0,102,4.53,23,177
2000,80,1783.0,1048,24.88,217,1783
10000,80,8937.0,4256,60.74,1063,8937
20000,80,17875.0,6700,87.16,2125,17875
40000,80,35875.0,10507,125.59,4125,35875
60000,80,53881.0,11170,132.31,6119,53881
80000,80,71871.0,12471,145.32,8129,71871
100000,80,89823.0,16855,189.97,10177,89823
200000,80,179925.0,20226,224.49,20075,179925
400000,80,359635.0,38034,403.47,40365,359635
600000,80,539832.0,38530,408.43,60168,539832
800000,80,720056.0,39171,414.84,79944,720056
1000000,80,900022.0,40570,429.01,99978,900022
2,81,1.0,1,0.01,1,1
3,81,2.0,2,0.11,1,2
100,81,83.0,60,2.49,17,83
200,81,173.0,128,4.7,27,173
2000,81,1805.0,952,27.16,195,1805
10000,81,9001.0,3811,66.73,999,9001
20000,81,17958.0,7642,113.14,2042,17958
40000,81,35918.0,11041,148.84,4082,35918
60000,81,53946.0,13112,170.09,6054,53946
80000,81,71925.0,14255,181.61,8075,71925
100000,81,89924.0,15166,191.08,10076,89924
200000,81,179753.0,19616,237.65,20247,179753
400000,81,359597.0,26070,302.28,40403,359597
600000,81,539570.0,27460,318.34,60430,539570
800000,81,719810.0,27460,318.34,80190,719810
1000000,81,899904.0,30311,346.85,100096,899904
2,82,2.0,1,0.01,0,2
3,82,3.0,2,0.11,0,3
100,82,86.0,67,2.56,14,86
200,82,175.0,128,4.97,25,175
2000,82,1759.0,1237,29.83,241,1759
10000,82,8962.0,4901,76.91,1038,8962
20000,82,17950.0,7239,103.35,2050,17950
40000,82,35937.0,10706,138.38,4063,35937
60000,82,53908.0,12894,160.89,6092,53908
80000,82,72036.0,13360,165.55,7964,72036
100000,82,90068.0,13740,169.71,9932,90068
200000,82,180012.0,20174,237.38,19988,180012
400000,82,359993.0,25578,294.12,40007,359993
600000,82,539712.0,29337,334.14,60288,539712
800000,82,719752.0,30541,346.18,80248,719752
1000000,82,900044.0,30541,346.18,99956,900044
2,83,2.0,1,0.01,0,2
3,83,3.0,2,0.11,0,3
100,83,89.0,54,2.52,11,89
200,83,180.0,92,4.97,20,180
2000,83,1777.0,1003,21.37,223,1777
10000,83,8898.0,3444,70.08,1102,8898
20000,83,17894.0,7385,109.76,2106,17894
40000,83,35840.0,9836,135.62,4160,35840
60000,83,53875.0,11274,150.09,6125,53875
80000,83,71883.0,11687,154.49,8117,71883
100000,83,89818.0,12147,159.27,10182,89818
200000,83,180072.0,14674,184.99,19928,180072
400000,83,360045.0,17250,210.84,39955,360045
600000,83,540181.0,18948,227.91,59819,540181
800000,83,720041.0,20145,239.88,79959,720041
1000000,83,899981.0,21745,255.88,100019,899981
2,84,1.0,1,0.01,1,1
3,84,2.0,2,0.11,1,2
100,84,80.0,79,4.03,20,80
200,84,163.0,135,6.57,37,163
2000,84,1770.0,1047,26.85,230,1770
10000,84,8948.0,4182,66.75,1052,8948
20000,84,17883.0,7298,99.71,2117,17883
40000,84,35788.0,9451,126.46,4212,35788
60000,84,53843.0,9700,129.04,6157,53843
80000,84,71757.0,13224,164.82,8243,71757
100000,84,89696.0,14355,176.22,10304,89696
200000,84,179608.0,19633,229.9,20392,179608
400000,84,359553.0,23140,265.51,40447,359553
600000,84,539646.0,23296,267.07,60354,539646
800000,84,719978.0,23296,267.07,80022,719978
1000000,84,899819.0,23604,270.15,100181,899819
2,85,2.0,1,0.01,0,2
3,85,3.0,2,0.11,0,3
100,85,87.0,64,3.34,13,87
200,85,174.0,128,5.69,26,174
2000,85,1760.0,1061,34.28,240,1760
10000,85,8852.0,6088,98.86,1148,8852
20000,85,17852.0,8340,121.65,2148,17852
40000,85,35901.0,12104,159.29,4099,35901
60000,85,53869.0,14726,186.59,6131,53869
80000,85,71865.0,17389,213.4,8135,71865
100000,85,89776.0,19766,257.51,10224,89776
200000,85,179968.0,24213,302.34,20032,179968
400000,85,359980.0,28478,346.88,40020,359980
600000,85,540011.0,29586,358.5,59989,540011
800000,85,720054.0,30436,368.53,79946,720054
1000000,85,899726.0,37904,443.3,100274,899726
2,86,2.0,1,0.01,0,2
3,86,3.0,2,0.11,0,3
100,86,80.0,52,2.23,20,80
200,86,166.0,94,4.27,34,166
2000,86,1772.0,720,13.05,228,1772
10000,86,8963.0,3141,42.66,1037,8963
20000,86,17940.0,4066,52.0,2060,17940
40000,86,35926.0,5681,68.78,4074,35926
60000,86,53839.0,10436,116.42,6161,53839
80000,86,71818.0,12371,135.77,8182,71818
100000,86,89747.0,12889,140.95,10253,89747
200000,86,179774.0,14763,159.69,20226,179774
400000,86,359534.0,19620,208.44,40466,359534
600000,86,539738.0,19642,208.66,60262,539738
800000,86,719690.0,19884,211.08,80310,719690
1000000,86,899777.0,21088,223.12,100223,899777
2,87,2.0,1,0.01,0,2
3,87,3.0,2,0.11,0,3
100,87,81.0,59,2.12,19,81
200,87,171.0,123,3.03,29,171
2000,87,1763.0,1210,17.95,237,1763
10000,87,8925.0,2962,56.89,1075,8925
20000,87,17899.0,5466,82.11,2101,17899
40000,87,35836.0,11797,147.04,4164,35836
60000,87,53792.0,17445,203.61,6208,53792
80000,87,71757.0,23363,265.4,8243,71757
100000,87,89696.0,25940,291.17,10304,89696
200000,87,179558.0,31768,349.99,20442,179558
400000,87,359329.0,40243,434.83,40671,359329
600000,87,539290.0,42133,453.73,60710,539290
800000,87,719122.0,43661,469.01,80878,719122
1000000,87,899319.0,43970,472.1,100681,899319
2,88,2.0,1,0.01,0,2
3,88,3.0,2,0.11,0,3
100,88,85.0,59,2.3,15,85
200,88,171.0,120,5.43,29,171
2000,88,1758.0,1120,28.3,242,1758
10000,88,8952.0,3815,76.67,1048,8952
20000,88,17911.0,5467,96.7,2089,17911
40000,88,35906.0,7331,124.52,4094,35906
60000,88,53876.0,9872,157.94,6124,53876
80000,88,71885.0,11787,177.54,8115,71885
100000,88,89841.0,13670,197.18,10159,89841
200000,88,179954.0,15181,215.62,20046,179954
400000,88,360013.0,20447,268.55,39987,360013
600000,88,540022.0,22273,287.26,59978,540022
800000,88,719972.0,25760,322.49,80028,719972
1000000,88,900024.0,26275,327.73,99976,900024
2,89,2.0,1,0.01,0,2
3,89,2.0,2,0.11,1,2
100,89,86.0,73,4.06,14,86
200,89,173.0,133,7.27,27,173
2000,89,1769.0,1060,25.0,231,1769
10000,89,8918.0,5590,77.68,1082,8918
20000,89,17862.0,9918,122.67,2138,17862
40000,89,35767.0,15308,176.66,4233,35767
60000,89,53772.0,17795,201.8,6228,53772
80000,89,71667.0,21612,241.5,8333,71667
100000,89,89643.0,23707,262.54,10357,89643
200000,89,179793.0,25418,279.65,20207,179793
400000,89,359730.0,28345,309.01,40270,359730
600000,89,539519.0,36540,390.96,60481,539519
800000,89,719352.0,47499,500.55,80648,719352
1000000,89,899377.0,47942,504.98,100623,899377
2,90,2.0,1,0.01,0,2
3,90,3.0,2,0.11,0,3
100,90,84.0,63,3.06,16,84
200,90,175.0,113,5.81,25,175
2000,90,1789.0,862,23.02,211,1789
10000,90,8956.0,4722,71.34,1044,8956
20000,90,17949.0,6793,97.36,2051,17949
40000,90,35927.0,10476,135.63,4073,35927
60000,90,53893.0,11814,153.6,6107,53893
80000,90,71945.0,12436,159.82,8055,71945
100000,90,89907.0,13576,187.42,10093,89907
200000,90,179907.0,16219,216.01,20093,179907
400000,90,359846.0,19789,254.41,40154,359846
600000,90,539718.0,20580,262.32,60282,539718
800000,90,719658.0,21615,278.52,80342,719658
1000000,90,899562.0,22552,287.89,100438,899562
2,91,2.0,1,0.01,0,2
3,91,3.0,2,0.11,0,3
100,91,89.0,59,3.11,11,89
200,91,175.0,111,5.79,25,175
2000,91,1766.0,772,23.65,234,1766
10000,91,8994.0,2661,47.58,1006,8994
20000,91,17953.0,4466,69.41,2047,17953
40000,91,35946.0,7169,100.13,4054,35946
60000,91,53905.0,8041,111.1,6095,53905
80000,91,72000.0,8119,111.88,8000,72000
100000,91,90048.0,8550,117.54,9952,90048
200000,91,179856.0,10862,141.83,20144,179856
400000,91,359657.0,20213,235.43,40343,359657
600000,91,539948.0,23360,266.9,60052,539948
800000,91,720010.0,26129,294.59,79990,720010
1000000,91,899824.0,29157,325.32,100176,899824
2,92,2.0,1,0.01,0,2
3,92,3.0,2,0.11,0,3
100,92,91.0,57,2.82,9,91
200,92,174.0,110,5.78,26,174
2000,92,1775.0,996,33.54,225,1775
10000,92,8920.0,3715,84.22,1080,8920
20000,92,17930.0,5390,102.5,2070,17930
40000,92,35913.0,11092,164.29,4087,35913
60000,92,53851.0,15465,214.41,6149,53851
80000,92,71878.0,17616,236.1,8122,71878
100000,92,89933.0,20224,262.45,10067,89933
200000,92,179863.0,28695,351.12,20137,179863
400000,92,359744.0,34960,418.0,40256,359744
600000,92,539555.0,38919,460.2,60445,539555
800000,92,719373.0,40971,480.72,80627,719373
1000000,92,899142.0,45042,522.51,100858,899142
2,93,1.0,1,0.01,1,1
3,93,2.0,2,0.11,1,2
100,93,87.0,62,3.32,13,87
200,93,176.0,112,4.9,24,176
2000,93,1772.0,809,15.2,228,1772
10000,93,8991.0,3520,42.85,1009,8991
20000,93,17985.0,5191,59.56,2015,17985
40000,93,35906.0,7868,86.42,4094,35906
60000,93,53934.0,11555,123.29,6066,53934
80000,93,71915.0,12635,134.09,8085,71915
100000,93,89896.0,13359,141.33,10104,89896
200000,93,179793.0,17176,182.83,20207,179793
400000,93,359760.0,18464,195.71,40240,359760
600000,93,539969.0,18819,199.26,60031,539969
800000,93,720124.0,19115,203.48,79876,720124
1000000,93,900283.0,20283,215.16,99717,900283
2,94,2.0,1,0.01,0,2
3,94,3.0,2,0.11,0,3
100,94,86.0,64,2.98,14,86
200,94,175.0,120,4.89,25,175
2000,94,1771.0,817,25.72,229,1771
10000,94,8986.0,2758,47.83,1014,8986
20000,94,17975.0,4316,74.03,2025,17975
40000,94,36004.0,6660,106.47,3996,36004
60000,94,53953.0,8408,128.09,6047,53953
80000,94,71911.0,9319,139.72,8089,71911
100000,94,89876.0,10789,155.14,10124,89876
200000,94,180010.0,12699,174.96,19990,180010
400000,94,360034.0,16361,211.67,39966,360034
600000,94,540004.0,16992,218.16,59996,540004
800000,94,719932.0,20065,248.89,80068,719932
1000000,94,899856.0,20879,257.12,100144,899856
2,95,2.0,1,0.01,0,2
3,95,3.0,2,0.11,0,3
100,95,88.0,61,3.4,12,88
200,95,178.0,110,6.05,22,178
2000,95,1771.0,1096,32.29,229,1771
10000,95,8975.0,3401,64.88,1025,8975
20000,95,17996.0,4354,78.19,2004,17996
40000,95,35922.0,6575,102.02,4078,35922
60000,95,53899.0,8085,117.57,6101,53899
80000,95,71884.0,10044,137.61,8116,71884
100000,95,89922.0,10273,143.23,10078,89922
200000,95,179961.0,12905,170.18,20039,179961
400000,95,360053.0,15053,205.52,39947,360053
600000,95,539815.0,19883,253.91,60185,539815
800000,95,719735.0,22327,278.35,80265,719735
1000000,95,899768.0,22361,278.78,100232,899768
2,96,2.0,1,0.01,0,2
3,96,2.0,2,0.11,1,2
100,96,85.0,71,2.96,15,85
200,96,176.0,133,5.56,24,176
2000,96,1787.0,959,23.45,213,1787
10000,96,8936.0,4950,73.26,1064,8936
20000,96,17902.0,10207,126.1,2098,17902
40000,96,35821.0,15621,180.96,4179,35821
60000,96,53779.0,22887,253.71,6221,53779
80000,96,71699.0,26771,292.55,8301,71699
100000,96,89689.0,28042,305.71,10311,89689
200000,96,179755.0,34002,365.49,20245,179755
400000,96,359551.0,40290,429.18,40449,359551
600000,96,539587.0,46509,491.37,60413,539587
800000,96,719595.0,46975,496.03,80405,719595
1000000,96,899402.0,48891,515.19,100598,899402
2,97,2.0,1,0.01,0,2
3,97,3.0,2,0.11,0,3
100,97,87.0,58,2.74,13,87
200,97,177.0,98,3.68,23,177
2000,97,1768.0,841,18.67,232,1768
10000,97,8933.0,2395,39.25,1067,8933
20000,97,17937.0,4987,65.71,2063,17937
40000,97,35824.0,11881,134.74,4176,35824
60000,97,53780.0,14125,157.27,6220,53780
80000,97,71791.0,15490,170.92,8209,71791
100000,97,89839.0,16212,178.14,10161,89839
200000,97,179853.0,20834,224.36,20147,179853
400000,97,359742.0,26449,281.23,40258,359742
600000,97,539859.0,31518,331.92,60141,539859
800000,97,719872.0,34874,365.48,80128,719872
1000000,97,900113.0,35101,367.75,99887,900113
2,98,1.0,1,0.01,1,1
3,98,2.0,2,0.11,1,2
100,98,78.0,50,2.66,22,78
200,98,169.0,75,3.36,31,169
2000,98,1778.0,920,30.26,222,1778
10000,98,8947.0,3438,80.28,1053,8947
20000,98,17891.0,6404,114.71,2109,17891
40000,98,35845.0,10449,158.13,4155,35845
60000,98,53826.0,11822,172.4,6174,53826
80000,98,71780.0,13329,188.01,8220,71780
100000,98,89697.0,16564,221.17,10303,89697
200000,98,179708.0,22334,279.32,20292,179708
400000,98,359425.0,25665,313.17,40575,359425
600000,98,539499.0,25815,316.29,60501,539499
800000,98,719273.0,31180,377.5,80727,719273
1000000,98,899355.0,31436,380.06,100645,899355
2,99,2.0,1,0.01,0,2
3,99,3.0,2,0.11,0,3
100,99,90.0,64,3.16,10,90
200,99,179.0,132,6.9,21,179
2000,99,1746.0,981,35.1,254,1746
10000,99,8920.0,3970,69.22,1080,8920
20000,99,17948.0,5280,83.22,2052,17948
40000,99,35870.0,8920,121.51,4130,35870
60000,99,53844.0,10023,132.63,6156,53844
80000,99,71825.0,11979,152.91,8175,71825
100000,99,89762.0,15020,183.68,10238,89762
200000,99,179695.0,18544,219.1,20305,179695
400000,99,359607.0,22358,257.51,40393,359607
600000,99,539650.0,23647,270.67,60350,539650
800000,99,719589.0,24910,283.3,80411,719589
1000000,99,899696.0,25719,291.39,100304,899696
2,100,2.0,1,0.01,0,2
3,100,3.0,2,0.11,0,3
100,100,90.0,50,2.3,10,90
200,100,176.0,91,3.52,24,176
2000,100,1770.0,859,21.73,230,1770
10000,100,8947.0,4115,61.58,1053,8947
20000,100,17921.0,7975,103.6,2079,17921
40000,100,35858.0,13581,159.75,4142,35858
60000,100,53839.0,17959,203.71,6161,53839
80000,100,71718.0,20104,230.38,8282,71718
100000,100,89739.0,20633,235.67,10261,89739
200000,100,179671.0,28883,318.35,20329,179671
400000,100,359556.0,31250,342.11,40444,359556
600000,100,539609.0,32994,359.55,60391,539609
800000,100,719624.0,33099,360.6,80376,719624
1000000,100,899484.0,38412,413.73,100516,899484
