Timestep,Iteration,Total Reward,Suboptimal Arms,Total Regret,Zeros Count,Ones Count
2,1,2.0,1,0.01,0,2
3,1,3.0,2,0.01,0,3
100,1,91.0,56,0.17,9,91
200,1,176.0,125,0.35,24,176
2000,1,1774.0,1537,2.56,226,1774
10000,1,8978.0,7082,15.44,1022,8978
20000,1,17934.0,13292,23.46,2066,17934
40000,1,35799.0,22294,48.38,4201,35799
60000,1,53672.0,31895,63.79,6328,53672
80000,1,71545.0,42942,84.03,8455,71545
100000,1,89396.0,54316,114.99,10604,89396
200000,1,178730.0,113450,206.16,21270,178730
400000,1,357585.0,205195,324.93,42415,357585
600000,1,536619.0,261563,368.0,63381,536619
800000,1,715718.0,318061,429.63,84282,715718
1000000,1,894948.0,331206,434.87,105052,894948
2,2,2.0,1,0.01,0,2
3,2,2.0,2,0.01,1,2
100,2,93.0,65,0.23,7,93
200,2,183.0,127,0.44,17,183
2000,2,1797.0,1354,3.42,203,1797
10000,2,8984.0,5677,13.5,1016,8984
20000,2,17940.0,12123,24.97,2060,17940
40000,2,35846.0,20735,39.58,4154,35846
60000,2,53782.0,29064,50.54,6218,53782
80000,2,71650.0,41863,70.1,8350,71650
100000,2,89535.0,49251,87.45,10465,89535
200000,2,179051.0,104694,116.9,20949,179051
400000,2,358062.0,235443,181.04,41938,358062
600000,2,536987.0,362432,265.57,63013,536987
800000,2,715844.0,494909,283.73,84156,715844
1000000,2,894900.0,566579,289.91,105100,894900
2,3,2.0,1,0.01,0,2
3,3,3.0,2,0.01,0,3
100,3,85.0,68,0.16,15,85
200,3,174.0,116,0.28,26,174
2000,3,1793.0,1300,2.21,207,1793
10000,3,8932.0,6849,10.32,1068,8932
20000,3,17881.0,13899,20.3,2119,17881
40000,3,35773.0,22704,33.18,4227,35773
60000,3,53679.0,28700,37.36,6321,53679
80000,3,71527.0,41015,74.89,8473,71527
100000,3,89409.0,54449,125.54,10591,89409
200000,3,178888.0,117503,165.53,21112,178888
400000,3,357549.0,230172,274.56,42451,357549
600000,3,536057.0,341467,323.41,63943,536057
800000,3,715067.0,497526,331.66,84933,715067
1000000,3,894183.0,560862,332.37,105817,894183
2,4,1.0,1,0.01,1,1
3,4,1.0,2,0.01,2,1
100,4,93.0,78,0.2,7,93
200,4,184.0,142,0.35,16,184
2000,4,1795.0,1168,3.18,205,1795
10000,4,8934.0,6245,12.21,1066,8934
20000,4,17857.0,13083,28.8,2143,17857
40000,4,35779.0,24986,54.02,4221,35779
60000,4,53602.0,33743,73.72,6398,53602
80000,4,71486.0,42923,79.94,8514,71486
100000,4,89398.0,54652,97.44,10602,89398
200000,4,178719.0,124974,164.9,21281,178719
400000,4,357824.0,255597,229.87,42176,357824
600000,4,536730.0,340492,323.56,63270,536730
800000,4,715350.0,488281,436.3,84650,715350
1000000,4,894260.0,654072,462.21,105740,894260
2,5,2.0,1,0.01,0,2
3,5,3.0,2,0.01,0,3
100,5,88.0,67,0.17,12,88
200,5,179.0,140,0.35,21,179
2000,5,1776.0,1528,3.58,224,1776
10000,5,8951.0,7177,12.68,1049,8951
20000,5,17886.0,13448,20.42,2114,17886
40000,5,35737.0,24807,42.72,4263,35737
60000,5,53702.0,42892,84.88,6298,53702
80000,5,71574.0,54272,109.36,8426,71574
100000,5,89496.0,63973,116.72,10504,89496
200000,5,178996.0,113159,249.9,21004,178996
400000,5,357911.0,217830,362.92,42089,357911
600000,5,536695.0,334983,466.65,63305,536695
800000,5,715554.0,426942,521.71,84446,715554
1000000,5,894630.0,556647,546.95,105370,894630
2,6,2.0,1,0.01,0,2
3,6,3.0,2,0.01,0,3
100,6,91.0,72,0.18,9,91
200,6,181.0,145,0.38,19,181
2000,6,1789.0,1352,3.73,211,1789
10000,6,8929.0,7048,18.6,1071,8929
20000,6,17845.0,12923,30.43,2155,17845
40000,6,35765.0,27595,49.93,4235,35765
60000,6,53643.0,42978,66.54,6357,53643
80000,6,71510.0,54219,73.55,8490,71510
100000,6,89409.0,69812,76.11,10591,89409
200000,6,178828.0,124765,103.64,21172,178828
400000,6,357788.0,295085,179.18,42212,357788
600000,6,536539.0,423877,230.24,63461,536539
800000,6,715270.0,545344,239.48,84730,715270
1000000,6,894250.0,685679,245.11,105750,894250
2,7,2.0,1,0.01,0,2
3,7,2.0,2,0.01,1,2
100,7,87.0,61,0.15,13,87
200,7,172.0,92,0.25,28,172
2000,7,1790.0,1359,2.89,210,1790
10000,7,8883.0,7747,19.54,1117,8883
20000,7,17860.0,13619,32.8,2140,17860
40000,7,35707.0,28441,60.38,4293,35707
60000,7,53606.0,36795,72.78,6394,53606
80000,7,71536.0,43799,80.56,8464,71536
100000,7,89451.0,49578,95.9,10549,89451
200000,7,178888.0,117724,150.2,21112,178888
400000,7,357869.0,237203,220.57,42131,357869
600000,7,536979.0,395176,248.31,63021,536979
800000,7,715646.0,533432,327.11,84354,715646
1000000,7,894747.0,573283,330.66,105253,894747
2,8,2.0,1,0.01,0,2
3,8,3.0,2,0.01,0,3
100,8,91.0,66,0.17,9,91
200,8,181.0,124,0.31,19,181
2000,8,1800.0,1303,2.78,200,1800
10000,8,8950.0,6052,13.04,1050,8950
20000,8,17885.0,12335,32.98,2115,17885
40000,8,35805.0,24131,50.46,4195,35805
60000,8,53712.0,32805,69.31,6288,53712
80000,8,71612.0,44033,87.03,8388,71612
100000,8,89542.0,57204,111.16,10458,89542
200000,8,178799.0,132419,201.03,21201,178799
400000,8,357863.0,241702,301.01,42137,357863
600000,8,536779.0,345526,393.78,63221,536779
800000,8,715765.0,407655,427.79,84235,715765
1000000,8,894778.0,444866,451.48,105222,894778
2,9,2.0,1,0.01,0,2
3,9,3.0,2,0.01,0,3
100,9,90.0,66,0.13,10,90
200,9,172.0,134,0.33,28,172
2000,9,1754.0,1194,2.67,246,1754
10000,9,8877.0,6715,9.86,1123,8877
20000,9,17790.0,13381,24.27,2210,17790
40000,9,35657.0,27029,43.72,4343,35657
60000,9,53562.0,37125,60.06,6438,53562
80000,9,71421.0,50269,73.99,8579,71421
100000,9,89351.0,56550,81.99,10649,89351
200000,9,178898.0,99400,110.57,21102,178898
400000,9,358031.0,183704,160.74,41969,358031
600000,9,537168.0,265396,181.07,62832,537168
800000,9,716049.0,341823,214.87,83951,716049
1000000,9,895103.0,457826,234.34,104897,895103
2,10,2.0,1,0.01,0,2
3,10,2.0,2,0.01,1,2
100,10,93.0,64,0.21,7,93
200,10,183.0,125,0.38,17,183
2000,10,1784.0,1040,2.88,216,1784
10000,10,8957.0,5807,13.99,1043,8957
20000,10,17839.0,12637,32.42,2161,17839
40000,10,35722.0,25080,55.12,4278,35722
60000,10,53630.0,30212,69.89,6370,53630
80000,10,71519.0,40459,82.4,8481,71519
100000,10,89484.0,54751,86.55,10516,89484
200000,10,178977.0,104794,162.78,21023,178977
400000,10,357774.0,202137,273.11,42226,357774
600000,10,536839.0,331493,327.13,63161,536839
800000,10,716111.0,353370,335.33,83889,716111
1000000,10,895073.0,483509,357.6,104927,895073
2,11,2.0,1,0.01,0,2
3,11,3.0,2,0.01,0,3
100,11,93.0,65,0.13,7,93
200,11,176.0,126,0.26,24,176
2000,11,1802.0,1260,3.17,198,1802
10000,11,8978.0,6519,12.92,1022,8978
20000,11,17904.0,14261,27.46,2096,17904
40000,11,35855.0,24104,36.61,4145,35855
60000,11,53760.0,34376,55.7,6240,53760
80000,11,71613.0,46595,72.01,8387,71613
100000,11,89559.0,58060,79.96,10441,89559
200000,11,179110.0,100222,121.51,20890,179110
400000,11,358416.0,218459,173.9,41584,358416
600000,11,537068.0,329664,281.97,62932,537068
800000,11,716022.0,463628,427.79,83978,716022
1000000,11,895027.0,525049,497.67,104973,895027
2,12,1.0,1,0.01,1,1
3,12,2.0,2,0.01,1,2
100,12,88.0,67,0.17,12,88
200,12,180.0,135,0.33,20,180
2000,12,1792.0,1344,3.03,208,1792
10000,12,8919.0,6516,17.16,1081,8919
20000,12,17866.0,13103,26.55,2134,17866
40000,12,35799.0,22285,39.3,4201,35799
60000,12,53670.0,28466,49.77,6330,53670
80000,12,71515.0,41092,91.73,8485,71515
100000,12,89470.0,57005,110.35,10530,89470
200000,12,179006.0,121853,193.27,20994,179006
400000,12,357731.0,199405,283.71,42269,357731
600000,12,536670.0,337496,319.51,63330,536670
800000,12,715745.0,404437,479.2,84255,715745
1000000,12,894808.0,542292,536.01,105192,894808
2,13,2.0,1,0.01,0,2
3,13,3.0,2,0.01,0,3
100,13,88.0,65,0.17,12,88
200,13,176.0,141,0.38,24,176
2000,13,1800.0,1295,2.43,200,1800
10000,13,8936.0,6520,11.98,1064,8936
20000,13,17812.0,11360,18.28,2188,17812
40000,13,35770.0,23538,25.74,4230,35770
60000,13,53698.0,39066,50.67,6302,53698
80000,13,71589.0,49370,72.9,8411,71589
100000,13,89579.0,60084,82.45,10421,89579
200000,13,179138.0,118050,130.62,20862,179138
400000,13,358224.0,225639,167.78,41776,358224
600000,13,536958.0,355932,231.05,63042,536958
800000,13,715754.0,464681,308.7,84246,715754
1000000,13,894429.0,554341,362.06,105571,894429
2,14,2.0,1,0.01,0,2
3,14,3.0,2,0.01,0,3
100,14,90.0,67,0.17,10,90
200,14,180.0,123,0.24,20,180
2000,14,1801.0,1421,3.07,199,1801
10000,14,8897.0,6556,15.12,1103,8897
20000,14,17821.0,13076,32.13,2179,17821
40000,14,35718.0,18898,46.37,4282,35718
60000,14,53690.0,29386,67.63,6310,53690
80000,14,71522.0,39730,90.22,8478,71522
100000,14,89415.0,47141,114.5,10585,89415
200000,14,178709.0,91042,174.58,21291,178709
400000,14,357660.0,140949,256.08,42340,357660
600000,14,536929.0,267694,258.81,63071,536929
800000,14,716003.0,403997,293.1,83997,716003
1000000,14,895063.0,515716,342.33,104937,895063
2,15,2.0,1,0.01,0,2
3,15,2.0,2,0.01,1,2
100,15,90.0,54,0.14,10,90
200,15,179.0,119,0.33,21,179
2000,15,1808.0,1328,3.23,192,1808
10000,15,8957.0,5714,17.28,1043,8957
20000,15,17946.0,11884,34.25,2054,17946
40000,15,35739.0,23942,60.25,4261,35739
60000,15,53622.0,38693,76.49,6378,53622
80000,15,71487.0,46475,101.68,8513,71487
100000,15,89336.0,56189,115.93,10664,89336
200000,15,178578.0,99193,233.08,21422,178578
400000,15,357598.0,178365,296.9,42402,357598
600000,15,536483.0,290830,369.23,63517,536483
800000,15,715404.0,457415,563.87,84596,715404
1000000,15,894330.0,586034,620.01,105670,894330
2,16,2.0,1,0.01,0,2
3,16,3.0,2,0.01,0,3
100,16,90.0,74,0.17,10,90
200,16,176.0,149,0.42,24,176
2000,16,1798.0,1384,3.09,202,1798
10000,16,8929.0,7295,13.38,1071,8929
20000,16,17865.0,13481,20.47,2135,17865
40000,16,35744.0,28739,33.71,4256,35744
60000,16,53628.0,42705,52.16,6372,53628
80000,16,71517.0,51889,61.0,8483,71517
100000,16,89411.0,65249,65.14,10589,89411
200000,16,178915.0,132414,82.44,21085,178915
400000,16,357679.0,299389,153.7,42321,357679
600000,16,536519.0,385666,182.23,63481,536519
800000,16,715474.0,466896,184.96,84526,715474
1000000,16,894242.0,559939,281.54,105758,894242
2,17,2.0,1,0.01,0,2
3,17,3.0,2,0.01,0,3
100,17,89.0,74,0.21,11,89
200,17,177.0,145,0.35,23,177
2000,17,1791.0,1298,2.67,209,1791
10000,17,8952.0,6333,7.8,1048,8952
20000,17,17928.0,12651,15.57,2072,17928
40000,17,35752.0,26471,26.78,4248,35752
60000,17,53523.0,40601,57.78,6477,53523
80000,17,71396.0,56127,74.3,8604,71396
100000,17,89202.0,69268,89.85,10798,89202
200000,17,178600.0,129515,125.45,21400,178600
400000,17,357437.0,256503,227.9,42563,357437
600000,17,536314.0,416620,300.09,63686,536314
800000,17,715210.0,481988,317.21,84790,715210
1000000,17,894252.0,625016,328.23,105748,894252
2,18,2.0,1,0.01,0,2
3,18,3.0,2,0.01,0,3
100,18,92.0,69,0.24,8,92
200,18,187.0,139,0.45,13,187
2000,18,1804.0,1367,3.16,196,1804
10000,18,8924.0,6254,11.88,1076,8924
20000,18,17893.0,13704,20.5,2107,17893
40000,18,35827.0,28076,42.14,4173,35827
60000,18,53736.0,40146,53.78,6264,53736
80000,18,71669.0,57992,61.2,8331,71669
100000,18,89578.0,69042,70.05,10422,89578
200000,18,179027.0,136220,140.44,20973,179027
400000,18,357918.0,259235,179.19,42082,357918
600000,18,536768.0,350857,204.62,63232,536768
800000,18,715759.0,451675,261.77,84241,715759
1000000,18,894525.0,571637,274.06,105475,894525
2,19,2.0,1,0.01,0,2
3,19,3.0,2,0.01,0,3
100,19,90.0,61,0.13,10,90
200,19,175.0,128,0.28,25,175
2000,19,1779.0,1484,3.3,221,1779
10000,19,8982.0,7285,11.91,1018,8982
20000,19,17922.0,13979,25.91,2078,17922
40000,19,35731.0,28793,49.58,4269,35731
60000,19,53590.0,43193,78.19,6410,53590
80000,19,71505.0,54129,82.73,8495,71505
100000,19,89285.0,66044,92.94,10715,89285
200000,19,178962.0,144573,130.14,21038,178962
400000,19,358001.0,239110,179.16,41999,358001
600000,19,536914.0,357647,223.49,63086,536914
800000,19,716023.0,442942,244.69,83977,716023
1000000,19,894713.0,548000,272.23,105287,894713
2,20,2.0,1,0.01,0,2
3,20,2.0,2,0.01,1,2
100,20,91.0,67,0.17,9,91
200,20,184.0,132,0.35,16,184
2000,20,1801.0,1203,2.12,199,1801
10000,20,8952.0,6135,8.78,1048,8952
20000,20,17864.0,11936,22.93,2136,17864
40000,20,35713.0,28494,37.86,4287,35713
60000,20,53590.0,39051,57.15,6410,53590
80000,20,71518.0,54337,68.01,8482,71518
100000,20,89411.0,68012,71.74,10589,89411
200000,20,178882.0,128513,102.23,21118,178882
400000,20,357939.0,261514,132.69,42061,357939
600000,20,536629.0,388862,217.46,63371,536629
800000,20,715387.0,517248,262.65,84613,715387
1000000,20,894289.0,661148,270.26,105711,894289
2,21,2.0,1,0.01,0,2
3,21,3.0,2,0.01,0,3
100,21,94.0,67,0.17,6,94
200,21,185.0,134,0.35,15,185
2000,21,1761.0,1129,3.23,239,1761
10000,21,8938.0,6713,11.35,1062,8938
20000,21,17910.0,11142,16.37,2090,17910
40000,21,35862.0,23337,23.93,4138,35862
60000,21,53833.0,36240,27.58,6167,53833
80000,21,71690.0,47024,39.37,8310,71690
100000,21,89588.0,60487,63.72,10412,89588
200000,21,178971.0,114116,181.44,21029,178971
400000,21,358096.0,229289,237.91,41904,358096
600000,21,536774.0,340206,307.76,63226,536774
800000,21,715819.0,430073,327.99,84181,715819
1000000,21,894751.0,548013,382.86,105249,894751
2,22,2.0,1,0.01,0,2
3,22,3.0,2,0.01,0,3
100,22,81.0,57,0.16,19,81
200,22,170.0,132,0.34,30,170
2000,22,1776.0,1297,2.56,224,1776
10000,22,8892.0,7726,17.63,1108,8892
20000,22,17819.0,14151,34.28,2181,17819
40000,22,35701.0,26936,60.67,4299,35701
60000,22,53602.0,36292,79.12,6398,53602
80000,22,71390.0,48217,98.75,8610,71390
100000,22,89298.0,65654,105.88,10702,89298
200000,22,178715.0,135914,213.77,21285,178715
400000,22,357815.0,237227,327.26,42185,357815
600000,22,536546.0,381344,386.05,63454,536546
800000,22,715512.0,518668,424.55,84488,715512
1000000,22,894339.0,585041,456.33,105661,894339
2,23,2.0,1,0.01,0,2
3,23,3.0,2,0.01,0,3
100,23,89.0,62,0.16,11,89
200,23,178.0,130,0.35,22,178
2000,23,1783.0,914,2.1,217,1783
10000,23,8903.0,6316,14.05,1097,8903
20000,23,17865.0,13411,20.91,2135,17865
40000,23,35755.0,26157,36.86,4245,35755
60000,23,53660.0,42020,63.31,6340,53660
80000,23,71604.0,55094,76.15,8396,71604
100000,23,89425.0,71930,101.82,10575,89425
200000,23,178688.0,138785,199.44,21312,178688
400000,23,357514.0,252506,321.39,42486,357514
600000,23,536638.0,344125,368.5,63362,536638
800000,23,715571.0,485802,394.56,84429,715571
1000000,23,894670.0,529860,402.85,105330,894670
2,24,2.0,1,0.01,0,2
3,24,3.0,2,0.01,0,3
100,24,88.0,68,0.16,12,88
200,24,178.0,126,0.27,22,178
2000,24,1777.0,1252,2.77,223,1777
10000,24,8924.0,5756,10.53,1076,8924
20000,24,17848.0,11478,24.69,2152,17848
40000,24,35798.0,21994,43.63,4202,35798
60000,24,53618.0,30641,53.01,6382,53618
80000,24,71503.0,40379,68.93,8497,71503
100000,24,89364.0,46539,78.56,10636,89364
200000,24,178970.0,105609,123.06,21030,178970
400000,24,357751.0,229615,219.06,42249,357751
600000,24,536502.0,372561,242.13,63498,536502
800000,24,715480.0,470253,283.3,84520,715480
1000000,24,894417.0,518391,312.62,105583,894417
2,25,2.0,1,0.01,0,2
3,25,2.0,2,0.01,1,2
100,25,90.0,57,0.18,10,90
200,25,178.0,120,0.4,22,178
2000,25,1773.0,986,2.54,227,1773
10000,25,8909.0,6182,19.81,1091,8909
20000,25,17784.0,10755,29.67,2216,17784
40000,25,35672.0,26647,36.35,4328,35672
60000,25,53593.0,38518,44.55,6407,53593
80000,25,71367.0,49110,50.05,8633,71367
100000,25,89254.0,59302,55.48,10746,89254
200000,25,178891.0,117282,64.09,21109,178891
400000,25,357851.0,204279,111.16,42149,357851
600000,25,536699.0,312447,126.63,63301,536699
800000,25,715912.0,336037,143.85,84088,715912
1000000,25,894740.0,421656,147.54,105260,894740
2,26,2.0,1,0.01,0,2
3,26,3.0,2,0.01,0,3
100,26,94.0,61,0.17,6,94
200,26,183.0,124,0.38,17,183
2000,26,1799.0,1427,3.36,201,1799
10000,26,8929.0,6960,19.34,1071,8929
20000,26,17888.0,13922,25.57,2112,17888
40000,26,35754.0,24629,44.99,4246,35754
60000,26,53610.0,39988,75.89,6390,53610
80000,26,71490.0,52130,95.36,8510,71490
100000,26,89389.0,63958,102.54,10611,89389
200000,26,178670.0,106527,178.3,21330,178670
400000,26,357722.0,241972,256.82,42278,357722
600000,26,536615.0,344758,328.72,63385,536615
800000,26,715652.0,378460,346.75,84348,715652
1000000,26,894357.0,475944,418.83,105643,894357
2,27,2.0,1,0.01,0,2
3,27,3.0,2,0.01,0,3
100,27,85.0,60,0.15,15,85
200,27,175.0,123,0.37,25,175
2000,27,1782.0,853,2.01,218,1782
10000,27,9002.0,4384,13.64,998,9002
20000,27,17909.0,9319,30.87,2091,17909
40000,27,35772.0,20462,67.26,4228,35772
60000,27,53685.0,36267,101.75,6315,53685
80000,27,71539.0,45127,125.1,8461,71539
100000,27,89367.0,53381,135.68,10633,89367
200000,27,178748.0,126263,212.67,21252,178748
400000,27,357433.0,232706,338.87,42567,357433
600000,27,536379.0,295441,368.28,63621,536379
800000,27,715386.0,414292,380.14,84614,715386
1000000,27,894575.0,441090,389.63,105425,894575
2,28,2.0,1,0.01,0,2
3,28,3.0,2,0.01,0,3
100,28,90.0,64,0.14,10,90
200,28,180.0,132,0.29,20,180
2000,28,1800.0,1360,3.28,200,1800
10000,28,8962.0,6378,12.42,1038,8962
20000,28,17925.0,11664,22.78,2075,17925
40000,28,35786.0,21673,40.48,4214,35786
60000,28,53638.0,31823,61.37,6362,53638
80000,28,71525.0,44787,65.06,8475,71525
100000,28,89526.0,45581,65.52,10474,89526
200000,28,178833.0,101054,173.6,21167,178833
400000,28,357865.0,260499,303.01,42135,357865
600000,28,537008.0,337368,382.74,62992,537008
800000,28,716208.0,388007,408.59,83792,716208
1000000,28,895131.0,452971,445.78,104869,895131
2,29,1.0,1,0.01,1,1
3,29,2.0,2,0.01,1,2
100,29,89.0,61,0.11,11,89
200,29,177.0,126,0.26,23,177
2000,29,1798.0,1319,2.87,202,1798
10000,29,8973.0,7602,13.68,1027,8973
20000,29,17951.0,13278,28.11,2049,17951
40000,29,35851.0,23391,39.11,4149,35851
60000,29,53738.0,31761,54.92,6262,53738
80000,29,71623.0,39027,66.95,8377,71623
100000,29,89518.0,55319,89.07,10482,89518
200000,29,179002.0,111002,131.6,20998,179002
400000,29,357927.0,208032,225.26,42073,357927
600000,29,536804.0,343873,301.08,63196,536804
800000,29,715928.0,446912,308.81,84072,715928
1000000,29,895027.0,512276,362.16,104973,895027
2,30,2.0,1,0.01,0,2
3,30,2.0,2,0.01,1,2
100,30,82.0,56,0.16,18,82
200,30,175.0,101,0.33,25,175
2000,30,1783.0,1205,2.73,217,1783
10000,30,8931.0,6406,18.65,1069,8931
20000,30,17780.0,13335,34.68,2220,17780
40000,30,35671.0,21815,60.58,4329,35671
60000,30,53577.0,32937,72.64,6423,53577
80000,30,71438.0,45446,105.64,8562,71438
100000,30,89430.0,60264,107.83,10570,89430
200000,30,178995.0,115734,139.25,21005,178995
400000,30,357987.0,256702,176.19,42013,357987
600000,30,536944.0,319647,200.08,63056,536944
800000,30,715930.0,392195,228.11,84070,715930
1000000,30,895009.0,518987,230.03,104991,895009
2,31,1.0,1,0.01,1,1
3,31,2.0,2,0.01,1,2
100,31,88.0,78,0.2,12,88
200,31,176.0,169,0.46,24,176
2000,31,1789.0,1536,4.03,211,1789
10000,31,8946.0,7336,20.47,1054,8946
20000,31,17873.0,14895,38.84,2127,17873
40000,31,35858.0,22131,59.52,4142,35858
60000,31,53677.0,29293,81.61,6323,53677
80000,31,71541.0,33319,95.83,8459,71541
100000,31,89370.0,47647,114.3,10630,89370
200000,31,178720.0,107096,207.68,21280,178720
400000,31,357680.0,182909,249.92,42320,357680
600000,31,536651.0,323096,282.76,63349,536651
800000,31,715664.0,387362,297.38,84336,715664
1000000,31,894621.0,479267,340.16,105379,894621
2,32,2.0,1,0.01,0,2
3,32,3.0,2,0.01,0,3
100,32,94.0,61,0.14,6,94
200,32,180.0,119,0.27,20,180
2000,32,1788.0,1192,3.21,212,1788
10000,32,8941.0,7162,21.97,1059,8941
20000,32,17905.0,13517,35.47,2095,17905
40000,32,35719.0,27376,75.0,4281,35719
60000,32,53643.0,42270,85.23,6357,53643
80000,32,71536.0,55404,97.97,8464,71536
100000,32,89485.0,60719,102.03,10515,89485
200000,32,178931.0,110323,137.6,21069,178931
400000,32,357728.0,238758,196.66,42272,357728
600000,32,536750.0,297579,217.27,63250,536750
800000,32,715403.0,421793,259.69,84597,715403
1000000,32,894380.0,532357,281.2,105620,894380
2,33,1.0,1,0.01,1,1
3,33,2.0,2,0.01,1,2
100,33,89.0,62,0.12,11,89
200,33,181.0,144,0.3,19,181
2000,33,1774.0,1698,3.78,226,1774
10000,33,8919.0,7647,21.17,1081,8919
20000,33,17820.0,14292,37.93,2180,17820
40000,33,35688.0,26534,74.82,4312,35688
60000,33,53626.0,35464,83.47,6374,53626
80000,33,71457.0,49235,109.93,8543,71457
100000,33,89312.0,58972,118.37,10688,89312
200000,33,178809.0,132940,177.91,21191,178809
400000,33,357740.0,285811,283.16,42260,357740
600000,33,536715.0,387013,351.86,63285,536715
800000,33,715571.0,491012,389.89,84429,715571
1000000,33,894203.0,595129,566.95,105797,894203
2,34,2.0,1,0.01,0,2
3,34,3.0,2,0.01,0,3
100,34,90.0,74,0.18,10,90
200,34,181.0,151,0.39,19,181
2000,34,1796.0,1499,3.65,204,1796
10000,34,8998.0,7118,14.71,1002,8998
20000,34,17969.0,13064,22.28,2031,17969
40000,34,35909.0,23135,40.26,4091,35909
60000,34,53827.0,36278,52.86,6173,53827
80000,34,71660.0,47683,89.13,8340,71660
100000,34,89564.0,54356,95.18,10436,89564
200000,34,179058.0,100923,169.16,20942,179058
400000,34,357769.0,194532,392.96,42231,357769
600000,34,536647.0,255883,477.18,63353,536647
800000,34,715803.0,368745,502.99,84197,715803
1000000,34,894948.0,418474,529.17,105052,894948
2,35,1.0,1,0.01,1,1
3,35,2.0,2,0.01,1,2
100,35,87.0,70,0.18,13,87
200,35,177.0,136,0.39,23,177
2000,35,1800.0,1202,3.16,200,1800
10000,35,8922.0,5715,14.23,1078,8922
20000,35,17842.0,13099,29.32,2158,17842
40000,35,35693.0,25594,58.59,4307,35693
60000,35,53631.0,39181,71.98,6369,53631
80000,35,71491.0,52739,85.17,8509,71491
100000,35,89368.0,66948,90.97,10632,89368
200000,35,179036.0,108466,113.82,20964,179036
400000,35,358380.0,163967,150.28,41620,358380
600000,35,537504.0,280790,168.68,62496,537504
800000,35,716269.0,379641,222.29,83731,716269
1000000,35,895175.0,506624,302.09,104825,895175
2,36,2.0,1,0.01,0,2
3,36,3.0,2,0.01,0,3
100,36,91.0,56,0.12,9,91
200,36,183.0,113,0.24,17,183
2000,36,1778.0,1339,3.23,222,1778
10000,36,8979.0,8196,16.53,1021,8979
20000,36,17854.0,13984,30.4,2146,17854
40000,36,35614.0,28327,76.24,4386,35614
60000,36,53513.0,42104,98.07,6487,53513
80000,36,71347.0,58242,116.47,8653,71347
100000,36,89219.0,74217,156.75,10781,89219
200000,36,178699.0,138548,190.01,21301,178699
400000,36,357613.0,282935,245.76,42387,357613
600000,36,536563.0,382214,298.14,63437,536563
800000,36,715504.0,464996,315.64,84496,715504
1000000,36,894543.0,579032,328.06,105457,894543
2,37,1.0,1,0.01,1,1
3,37,2.0,2,0.01,1,2
100,37,82.0,70,0.18,18,82
200,37,167.0,130,0.37,33,167
2000,37,1777.0,1571,4.17,223,1777
10000,37,8974.0,6105,16.0,1026,8974
20000,37,17921.0,14578,28.64,2079,17921
40000,37,35788.0,26121,55.42,4212,35788
60000,37,53646.0,39725,69.63,6354,53646
80000,37,71651.0,45056,71.85,8349,71651
100000,37,89588.0,51979,89.79,10412,89588
200000,37,179033.0,113294,138.24,20967,179033
400000,37,357881.0,224628,179.44,42119,357881
600000,37,537023.0,274788,202.81,62977,537023
800000,37,715989.0,373606,248.09,84011,715989
1000000,37,894958.0,459760,253.86,105042,894958
2,38,2.0,1,0.01,0,2
3,38,3.0,2,0.01,0,3
100,38,88.0,67,0.17,12,88
200,38,180.0,140,0.38,20,180
2000,38,1793.0,1396,2.54,207,1793
10000,38,9010.0,6574,16.11,990,9010
20000,38,17957.0,12066,28.06,2043,17957
40000,38,35787.0,26293,64.94,4213,35787
60000,38,53679.0,33609,84.95,6321,53679
80000,38,71512.0,43020,107.79,8488,71512
100000,38,89446.0,55352,111.62,10554,89446
200000,38,179013.0,106220,196.31,20987,179013
400000,38,357976.0,220620,252.35,42024,357976
600000,38,536917.0,324523,316.58,63083,536917
800000,38,715800.0,402409,342.73,84200,715800
1000000,38,894775.0,497928,374.18,105225,894775
2,39,1.0,1,0.01,1,1
3,39,2.0,2,0.01,1,2
100,39,84.0,84,0.23,16,84
200,39,169.0,142,0.42,31,169
2000,39,1758.0,1373,3.31,242,1758
10000,39,8904.0,6312,15.68,1096,8904
20000,39,17849.0,14210,36.48,2151,17849
40000,39,35668.0,24871,59.42,4332,35668
60000,39,53621.0,28884,70.75,6379,53621
80000,39,71417.0,38353,95.49,8583,71417
100000,39,89317.0,40886,99.98,10683,89317
200000,39,178651.0,70202,195.35,21349,178651
400000,39,357381.0,207186,322.38,42619,357381
600000,39,536431.0,347031,400.63,63569,536431
800000,39,715231.0,458061,434.08,84769,715231
1000000,39,894207.0,574150,462.03,105793,894207
2,40,1.0,1,0.01,1,1
3,40,2.0,2,0.01,1,2
100,40,85.0,67,0.17,15,85
200,40,170.0,149,0.42,30,170
2000,40,1788.0,1616,4.1,212,1788
10000,40,8888.0,7626,16.3,1112,8888
20000,40,17867.0,14113,29.11,2133,17867
40000,40,35780.0,31150,55.19,4220,35780
60000,40,53678.0,42353,66.87,6322,53678
80000,40,71568.0,55239,79.14,8432,71568
100000,40,89445.0,63483,84.37,10555,89445
200000,40,178775.0,123255,206.32,21225,178775
400000,40,357605.0,192060,305.49,42395,357605
600000,40,536759.0,305067,402.9,63241,536759
800000,40,715942.0,415825,418.28,84058,715942
1000000,40,894988.0,569778,448.64,105012,894988
2,41,1.0,1,0.01,1,1
3,41,2.0,2,0.01,1,2
100,41,88.0,62,0.13,12,88
200,41,179.0,148,0.33,21,179
2000,41,1802.0,1254,2.74,198,1802
10000,41,8978.0,6127,13.28,1022,8978
20000,41,17911.0,11281,25.38,2089,17911
40000,41,35872.0,23086,36.1,4128,35872
60000,41,53784.0,34062,65.58,6216,53784
80000,41,71684.0,46780,90.44,8316,71684
100000,41,89548.0,61557,104.02,10452,89548
200000,41,179063.0,115571,170.69,20937,179063
400000,41,358076.0,201412,251.59,41924,358076
600000,41,537046.0,311232,291.78,62954,537046
800000,41,715976.0,379445,335.61,84024,715976
1000000,41,894863.0,467136,361.4,105137,894863
2,42,2.0,1,0.01,0,2
3,42,3.0,2,0.01,0,3
100,42,91.0,66,0.13,9,91
200,42,181.0,129,0.3,19,181
2000,42,1771.0,1182,2.76,229,1771
10000,42,8984.0,5344,12.8,1016,8984
20000,42,17851.0,11304,27.51,2149,17851
40000,42,35749.0,28145,50.28,4251,35749
60000,42,53654.0,40525,58.55,6346,53654
80000,42,71473.0,56015,85.26,8527,71473
100000,42,89309.0,71489,101.0,10691,89309
200000,42,178623.0,147726,135.44,21377,178623
400000,42,357415.0,288937,298.04,42585,357415
600000,42,536410.0,406998,326.04,63590,536410
800000,42,715500.0,452560,350.37,84500,715500
1000000,42,894472.0,582970,425.65,105528,894472
2,43,2.0,1,0.01,0,2
3,43,3.0,2,0.01,0,3
100,43,87.0,54,0.13,13,87
200,43,178.0,109,0.31,22,178
2000,43,1759.0,1222,3.25,241,1759
10000,43,8917.0,5823,14.84,1083,8917
20000,43,17784.0,12049,29.75,2216,17784
40000,43,35559.0,24724,54.18,4441,35559
60000,43,53411.0,39644,82.99,6589,53411
80000,43,71317.0,56743,125.44,8683,71317
100000,43,89116.0,70959,162.46,10884,89116
200000,43,178566.0,102960,238.01,21434,178566
400000,43,357461.0,204369,306.28,42539,357461
600000,43,536071.0,323841,347.13,63929,536071
800000,43,715053.0,386893,396.34,84947,715053
1000000,43,894079.0,544933,402.78,105921,894079
2,44,2.0,1,0.01,0,2
3,44,3.0,2,0.01,0,3
100,44,89.0,69,0.19,11,89
200,44,177.0,134,0.38,23,177
2000,44,1776.0,1328,3.83,224,1776
10000,44,8939.0,6530,16.73,1061,8939
20000,44,17820.0,12739,35.9,2180,17820
40000,44,35775.0,29173,63.96,4225,35775
60000,44,53760.0,45523,87.21,6240,53760
80000,44,71617.0,58873,111.24,8383,71617
100000,44,89525.0,73592,122.99,10475,89525
200000,44,178896.0,140555,178.85,21104,178896
400000,44,357687.0,310379,309.3,42313,357687
600000,44,536860.0,349220,334.2,63140,536860
800000,44,715793.0,443787,376.26,84207,715793
1000000,44,894983.0,614240,392.66,105017,894983
2,45,2.0,1,0.01,0,2
3,45,3.0,2,0.01,0,3
100,45,93.0,59,0.12,7,93
200,45,186.0,109,0.2,14,186
2000,45,1793.0,1220,1.79,207,1793
10000,45,8964.0,6702,14.12,1036,8964
20000,45,17872.0,14120,29.58,2128,17872
40000,45,35712.0,28281,56.82,4288,35712
60000,45,53484.0,43751,89.48,6516,53484
80000,45,71369.0,57085,131.62,8631,71369
100000,45,89177.0,70506,150.85,10823,89177
200000,45,178650.0,144876,232.1,21350,178650
400000,45,357784.0,206879,282.6,42216,357784
600000,45,536602.0,278401,325.3,63398,536602
800000,45,715646.0,396232,340.05,84354,715646
1000000,45,894749.0,498042,367.52,105251,894749
2,46,1.0,1,0.01,1,1
3,46,2.0,2,0.01,1,2
100,46,91.0,65,0.17,9,91
200,46,182.0,142,0.39,18,182
2000,46,1789.0,1165,3.06,211,1789
10000,46,8961.0,6573,16.79,1039,8961
20000,46,17908.0,14543,32.77,2092,17908
40000,46,35760.0,28425,61.08,4240,35760
60000,46,53674.0,41490,75.95,6326,53674
80000,46,71546.0,56259,101.77,8454,71546
100000,46,89422.0,66939,128.63,10578,89422
200000,46,178912.0,120096,203.16,21088,178912
400000,46,357882.0,227301,264.79,42118,357882
600000,46,536744.0,310440,316.07,63256,536744
800000,46,715560.0,374455,355.04,84440,715560
1000000,46,894491.0,466748,371.83,105509,894491
2,47,1.0,1,0.01,1,1
3,47,2.0,2,0.01,1,2
100,47,91.0,69,0.16,9,91
200,47,179.0,155,0.37,21,179
2000,47,1770.0,1272,2.2,230,1770
10000,47,8955.0,6939,12.4,1045,8955
20000,47,17849.0,13462,27.38,2151,17849
40000,47,35667.0,30154,60.35,4333,35667
60000,47,53612.0,42291,88.5,6388,53612
80000,47,71516.0,57164,138.87,8484,71516
100000,47,89572.0,76897,139.13,10428,89572
200000,47,178957.0,137836,254.18,21043,178957
400000,47,357825.0,267235,428.0,42175,357825
600000,47,536882.0,365175,467.96,63118,536882
800000,47,716070.0,497177,517.14,83930,716070
1000000,47,895075.0,617477,550.7,104925,895075
2,48,1.0,1,0.01,1,1
3,48,2.0,2,0.01,1,2
100,48,92.0,69,0.19,8,92
200,48,180.0,123,0.31,20,180
2000,48,1789.0,1357,4.14,211,1789
10000,48,8948.0,6715,15.63,1052,8948
20000,48,17933.0,12868,24.27,2067,17933
40000,48,35857.0,27954,46.99,4143,35857
60000,48,53678.0,40937,63.89,6322,53678
80000,48,71529.0,53339,75.28,8471,71529
100000,48,89391.0,66535,80.8,10609,89391
200000,48,178681.0,128069,144.91,21319,178681
400000,48,357563.0,231928,349.98,42437,357563
600000,48,536297.0,315175,379.77,63703,536297
800000,48,715129.0,453790,432.45,84871,715129
1000000,48,894218.0,639635,454.03,105782,894218
2,49,1.0,1,0.01,1,1
3,49,2.0,2,0.01,1,2
100,49,91.0,71,0.15,9,91
200,49,181.0,144,0.36,19,181
2000,49,1790.0,1378,2.15,210,1790
10000,49,8898.0,7524,16.63,1102,8898
20000,49,17807.0,11916,25.87,2193,17807
40000,49,35682.0,24032,56.13,4318,35682
60000,49,53635.0,34298,61.5,6365,53635
80000,49,71610.0,51439,71.06,8390,71610
100000,49,89422.0,65294,81.23,10578,89422
200000,49,178585.0,125881,145.18,21415,178585
400000,49,357535.0,242338,185.6,42465,357535
600000,49,536430.0,329020,201.96,63570,536430
800000,49,715412.0,405189,207.05,84588,715412
1000000,49,894290.0,556415,214.65,105710,894290
2,50,2.0,1,0.01,0,2
3,50,3.0,2,0.01,0,3
100,50,89.0,69,0.16,11,89
200,50,178.0,147,0.33,22,178
2000,50,1768.0,1253,2.7,232,1768
10000,50,8910.0,6011,10.36,1090,8910
20000,50,17862.0,12265,19.14,2138,17862
40000,50,35750.0,23492,37.86,4250,35750
60000,50,53616.0,35649,56.58,6384,53616
80000,50,71477.0,47719,70.9,8523,71477
100000,50,89451.0,63144,72.62,10549,89451
200000,50,178836.0,117097,166.71,21164,178836
400000,50,357774.0,246175,259.76,42226,357774
600000,50,536517.0,344118,304.68,63483,536517
800000,50,715435.0,493263,338.55,84565,715435
1000000,50,894537.0,609155,350.13,105463,894537
2,51,2.0,1,0.01,0,2
3,51,2.0,2,0.01,1,2
100,51,91.0,63,0.16,9,91
200,51,178.0,134,0.39,22,178
2000,51,1787.0,1320,3.4,213,1787
10000,51,8926.0,6653,17.86,1074,8926
20000,51,17806.0,11603,31.26,2194,17806
40000,51,35644.0,21040,54.42,4356,35644
60000,51,53503.0,29994,84.05,6497,53503
80000,51,71340.0,45489,95.02,8660,71340
100000,51,89218.0,49144,101.25,10782,89218
200000,51,178577.0,114626,147.93,21423,178577
400000,51,357295.0,251550,207.06,42705,357295
600000,51,536075.0,374785,236.83,63925,536075
800000,51,715010.0,532282,241.34,84990,715010
1000000,51,893910.0,695627,249.8,106090,893910
2,52,2.0,1,0.01,0,2
3,52,3.0,2,0.01,0,3
100,52,89.0,69,0.13,11,89
200,52,175.0,142,0.25,25,175
2000,52,1791.0,1446,2.64,209,1791
10000,52,8903.0,6532,16.53,1097,8903
20000,52,17817.0,12526,31.49,2183,17817
40000,52,35596.0,22492,45.15,4404,35596
60000,52,53412.0,30538,57.55,6588,53412
80000,52,71339.0,33320,58.77,8661,71339
100000,52,89161.0,41813,69.86,10839,89161
200000,52,178596.0,77278,96.18,21404,178596
400000,52,357560.0,127785,112.68,42440,357560
600000,52,536459.0,238940,125.4,63541,536459
800000,52,715484.0,288949,133.3,84516,715484
1000000,52,894546.0,303362,151.56,105454,894546
2,53,2.0,1,0.01,0,2
3,53,3.0,2,0.01,0,3
100,53,92.0,69,0.16,8,92
200,53,181.0,140,0.35,19,181
2000,53,1804.0,1466,2.89,196,1804
10000,53,8931.0,6505,14.91,1069,8931
20000,53,17920.0,13914,21.61,2080,17920
40000,53,35837.0,26745,35.33,4163,35837
60000,53,53734.0,34893,46.17,6266,53734
80000,53,71586.0,46300,66.11,8414,71586
100000,53,89365.0,61566,103.93,10635,89365
200000,53,178777.0,130811,185.56,21223,178777
400000,53,357509.0,267398,288.6,42491,357509
600000,53,536390.0,408416,344.54,63610,536390
800000,53,715479.0,518816,479.32,84521,715479
1000000,53,894381.0,576802,541.93,105619,894381
2,54,2.0,1,0.01,0,2
3,54,2.0,2,0.01,1,2
100,54,87.0,61,0.19,13,87
200,54,180.0,132,0.43,20,180
2000,54,1789.0,1038,3.12,211,1789
10000,54,8945.0,5971,15.23,1055,8945
20000,54,17890.0,12677,40.66,2110,17890
40000,54,35768.0,24756,63.88,4232,35768
60000,54,53716.0,38883,84.73,6284,53716
80000,54,71491.0,48200,102.66,8509,71491
100000,54,89460.0,56286,104.74,10540,89460
200000,54,178756.0,114533,199.66,21244,178756
400000,54,357711.0,238442,274.92,42289,357711
600000,54,536565.0,356328,517.62,63435,536565
800000,54,715681.0,475288,554.04,84319,715681
1000000,54,894723.0,539945,617.66,105277,894723
2,55,2.0,1,0.01,0,2
3,55,3.0,2,0.01,0,3
100,55,90.0,66,0.21,10,90
200,55,181.0,123,0.35,19,181
2000,55,1792.0,1156,2.41,208,1792
10000,55,9002.0,6041,13.54,998,9002
20000,55,17947.0,11069,22.81,2053,17947
40000,55,35833.0,23180,33.58,4167,35833
60000,55,53665.0,36807,63.27,6335,53665
80000,55,71518.0,50825,88.58,8482,71518
100000,55,89404.0,62225,109.91,10596,89404
200000,55,178765.0,106440,168.43,21235,178765
400000,55,357547.0,219021,249.08,42453,357547
600000,55,536457.0,306318,313.66,63543,536457
800000,55,715190.0,462267,377.66,84810,715190
1000000,55,893929.0,610031,399.89,106071,893929
2,56,1.0,1,0.01,1,1
3,56,2.0,2,0.01,1,2
100,56,91.0,54,0.05,9,91
200,56,180.0,124,0.17,20,180
2000,56,1777.0,1235,1.78,223,1777
10000,56,8933.0,6889,13.99,1067,8933
20000,56,17862.0,13993,27.36,2138,17862
40000,56,35745.0,24584,42.33,4255,35745
60000,56,53636.0,32430,47.13,6364,53636
80000,56,71481.0,46156,64.01,8519,71481
100000,56,89409.0,55432,83.63,10591,89409
200000,56,178758.0,109858,190.38,21242,178758
400000,56,357473.0,228005,324.31,42527,357473
600000,56,536621.0,260253,342.55,63379,536621
800000,56,715640.0,365552,413.26,84360,715640
1000000,56,894910.0,491802,413.77,105090,894910
2,57,2.0,1,0.01,0,2
3,57,3.0,2,0.01,0,3
100,57,87.0,56,0.15,13,87
200,57,172.0,113,0.27,28,172
2000,57,1787.0,1198,2.88,213,1787
10000,57,8935.0,5952,14.26,1065,8935
20000,57,17851.0,14264,31.07,2149,17851
40000,57,35718.0,23550,55.92,4282,35718
60000,57,53588.0,33506,80.58,6412,53588
80000,57,71458.0,47829,90.51,8542,71458
100000,57,89334.0,56126,106.42,10666,89334
200000,57,178739.0,99896,159.54,21261,178739
400000,57,357577.0,157830,187.43,42423,357577
600000,57,536731.0,291870,217.68,63269,536731
800000,57,715881.0,450566,226.33,84119,715881
1000000,57,894875.0,530285,311.06,105125,894875
2,58,2.0,1,0.01,0,2
3,58,3.0,2,0.01,0,3
100,58,88.0,60,0.21,12,88
200,58,175.0,111,0.36,25,175
2000,58,1793.0,1111,2.28,207,1793
10000,58,8901.0,6321,17.71,1099,8901
20000,58,17750.0,11164,33.13,2250,17750
40000,58,35723.0,24679,44.61,4277,35723
60000,58,53651.0,33575,53.94,6349,53651
80000,58,71450.0,46440,65.42,8550,71450
100000,58,89305.0,61373,84.11,10695,89305
200000,58,178671.0,117956,153.02,21329,178671
400000,58,357456.0,250302,209.91,42544,357456
600000,58,536539.0,439299,225.53,63461,536539
800000,58,715760.0,583438,237.66,84240,715760
1000000,58,894607.0,724911,271.62,105393,894607
2,59,2.0,1,0.01,0,2
3,59,3.0,2,0.01,0,3
100,59,92.0,69,0.16,8,92
200,59,187.0,142,0.35,13,187
2000,59,1818.0,1511,2.98,182,1818
10000,59,8929.0,7594,16.08,1071,8929
20000,59,17867.0,14742,26.79,2133,17867
40000,59,35815.0,27689,38.91,4185,35815
60000,59,53747.0,40862,50.89,6253,53747
80000,59,71565.0,54437,69.44,8435,71565
100000,59,89473.0,65940,78.13,10527,89473
200000,59,178867.0,128980,131.46,21133,178867
400000,59,357673.0,252457,293.98,42327,357673
600000,59,536761.0,319502,307.08,63239,536761
800000,59,715597.0,413783,316.93,84403,715597
1000000,59,894383.0,554364,398.93,105617,894383
2,60,1.0,1,0.01,1,1
3,60,2.0,2,0.01,1,2
100,60,91.0,67,0.17,9,91
200,60,181.0,133,0.33,19,181
2000,60,1804.0,1116,2.8,196,1804
10000,60,8933.0,6438,11.65,1067,8933
20000,60,17837.0,12556,18.89,2163,17837
40000,60,35652.0,25048,37.15,4348,35652
60000,60,53593.0,37184,40.53,6407,53593
80000,60,71470.0,49857,55.36,8530,71470
100000,60,89392.0,57363,55.93,10608,89392
200000,60,178819.0,99807,90.66,21181,178819
400000,60,357828.0,163191,148.39,42172,357828
600000,60,536716.0,242327,201.8,63284,536716
800000,60,715651.0,296482,209.37,84349,715651
1000000,60,894689.0,435083,216.44,105311,894689
2,61,2.0,1,0.01,0,2
3,61,3.0,2,0.01,0,3
100,61,88.0,73,0.2,12,88
200,61,179.0,134,0.33,21,179
2000,61,1797.0,1111,2.86,203,1797
10000,61,8902.0,5972,11.54,1098,8902
20000,61,17770.0,10455,20.9,2230,17770
40000,61,35631.0,24257,53.98,4369,35631
60000,61,53513.0,33109,61.28,6487,53513
80000,61,71399.0,46217,66.87,8601,71399
100000,61,89342.0,53751,68.01,10658,89342
200000,61,178899.0,90803,97.93,21101,178899
400000,61,358068.0,156103,127.63,41932,358068
600000,61,537033.0,256006,165.05,62967,537033
800000,61,716050.0,376727,224.07,83950,716050
1000000,61,895008.0,455386,373.06,104992,895008
2,62,1.0,1,0.01,1,1
3,62,2.0,2,0.01,1,2
100,62,84.0,81,0.2,16,84
200,62,173.0,150,0.42,27,173
2000,62,1799.0,1489,2.29,201,1799
10000,62,8940.0,6574,7.85,1060,8940
20000,62,17867.0,14226,20.82,2133,17867
40000,62,35737.0,30712,60.09,4263,35737
60000,62,53657.0,41952,73.61,6343,53657
80000,62,71557.0,59720,86.46,8443,71557
100000,62,89429.0,76498,105.88,10571,89429
200000,62,178781.0,145833,165.55,21219,178781
400000,62,357583.0,256885,245.48,42417,357583
600000,62,536499.0,410242,400.57,63501,536499
800000,62,715478.0,456610,426.01,84522,715478
1000000,62,894569.0,542015,441.23,105431,894569
2,63,2.0,1,0.01,0,2
3,63,2.0,2,0.01,1,2
100,63,93.0,59,0.18,7,93
200,63,184.0,118,0.3,16,184
2000,63,1803.0,1145,2.32,197,1803
10000,63,8965.0,5654,9.43,1035,8965
20000,63,17899.0,12628,20.53,2101,17899
40000,63,35802.0,20923,27.49,4198,35802
60000,63,53682.0,33785,46.86,6318,53682
80000,63,71637.0,46021,59.41,8363,71637
100000,63,89554.0,58438,93.24,10446,89554
200000,63,179044.0,120842,153.82,20956,179044
400000,63,357939.0,225639,192.52,42061,357939
600000,63,537005.0,292216,204.96,62995,537005
800000,63,715956.0,364500,240.65,84044,715956
1000000,63,894660.0,447761,354.8,105340,894660
2,64,2.0,1,0.01,0,2
3,64,3.0,2,0.01,0,3
100,64,89.0,50,0.15,11,89
200,64,183.0,116,0.28,17,183
2000,64,1775.0,1270,2.15,225,1775
10000,64,8945.0,5532,14.72,1055,8945
20000,64,17907.0,12308,28.43,2093,17907
40000,64,35765.0,24352,45.69,4235,35765
60000,64,53712.0,33135,60.27,6288,53712
80000,64,71521.0,41758,78.14,8479,71521
100000,64,89365.0,54903,109.98,10635,89365
200000,64,178853.0,99172,144.84,21147,178853
400000,64,357920.0,225333,165.93,42080,357920
600000,64,536640.0,352378,322.8,63360,536640
800000,64,715647.0,441486,386.17,84353,715647
1000000,64,894532.0,558520,447.23,105468,894532
2,65,2.0,1,0.01,0,2
3,65,3.0,2,0.01,0,3
100,65,94.0,72,0.17,6,94
200,65,183.0,155,0.32,17,183
2000,65,1794.0,1461,2.45,206,1794
10000,65,8944.0,6332,14.27,1056,8944
20000,65,17908.0,10830,19.57,2092,17908
40000,65,35734.0,23071,44.21,4266,35734
60000,65,53619.0,34486,70.23,6381,53619
80000,65,71630.0,52040,74.77,8370,71630
100000,65,89448.0,61647,93.8,10552,89448
200000,65,178937.0,132687,154.87,21063,178937
400000,65,357963.0,286548,224.61,42037,357963
600000,65,537121.0,429667,262.76,62879,537121
800000,65,716144.0,582517,269.77,83856,716144
1000000,65,894906.0,727229,292.23,105094,894906
2,66,1.0,1,0.01,1,1
3,66,2.0,2,0.01,1,2
100,66,89.0,68,0.16,11,89
200,66,178.0,131,0.33,22,178
2000,66,1806.0,1461,3.14,194,1806
10000,66,8974.0,6864,14.72,1026,8974
20000,66,17922.0,13388,23.08,2078,17922
40000,66,35801.0,24957,51.67,4199,35801
60000,66,53662.0,31710,62.2,6338,53662
80000,66,71589.0,44984,78.62,8411,71589
100000,66,89494.0,60454,87.59,10506,89494
200000,66,178918.0,111299,143.65,21082,178918
400000,66,357713.0,191382,216.0,42287,357713
600000,66,536816.0,254473,253.71,63184,536816
800000,66,716000.0,277102,258.31,84000,716000
1000000,66,894962.0,382349,268.84,105038,894962
2,67,2.0,1,0.01,0,2
3,67,3.0,2,0.01,0,3
100,67,89.0,62,0.16,11,89
200,67,181.0,114,0.29,19,181
2000,67,1776.0,1237,3.46,224,1776
10000,67,8908.0,7022,13.86,1092,8908
20000,67,17752.0,11560,19.64,2248,17752
40000,67,35610.0,25117,40.44,4390,35610
60000,67,53452.0,35591,55.61,6548,53452
80000,67,71386.0,47380,57.57,8614,71386
100000,67,89270.0,51860,64.01,10730,89270
200000,67,178708.0,105542,121.52,21292,178708
400000,67,357912.0,232610,138.23,42088,357912
600000,67,537072.0,359701,142.26,62928,537072
800000,67,715972.0,484828,175.36,84028,715972
1000000,67,895042.0,567778,195.97,104958,895042
2,68,2.0,1,0.01,0,2
3,68,3.0,2,0.01,0,3
100,68,86.0,62,0.17,14,86
200,68,176.0,121,0.31,24,176
2000,68,1795.0,1175,3.78,205,1795
10000,68,8944.0,6885,17.95,1056,8944
20000,68,17828.0,15064,50.38,2172,17828
40000,68,35734.0,32602,82.8,4266,35734
60000,68,53606.0,44279,100.57,6394,53606
80000,68,71465.0,59494,146.89,8535,71465
100000,68,89299.0,68931,155.99,10701,89299
200000,68,178830.0,135160,194.78,21170,178830
400000,68,357772.0,234123,268.22,42228,357772
600000,68,536638.0,330627,323.54,63362,536638
800000,68,715368.0,462628,375.54,84632,715368
1000000,68,893893.0,563167,454.63,106107,893893
2,69,2.0,1,0.01,0,2
3,69,3.0,2,0.01,0,3
100,69,94.0,71,0.17,6,94
200,69,181.0,152,0.35,19,181
2000,69,1796.0,1300,3.39,204,1796
10000,69,8903.0,7045,18.62,1097,8903
20000,69,17826.0,14401,29.27,2174,17826
40000,69,35708.0,23366,46.61,4292,35708
60000,69,53622.0,39640,56.1,6378,53622
80000,69,71486.0,56106,101.35,8514,71486
100000,69,89335.0,70673,115.39,10665,89335
200000,69,178761.0,125855,256.48,21239,178761
400000,69,357666.0,218290,319.62,42334,357666
600000,69,536538.0,275713,393.96,63462,536538
800000,69,715428.0,352661,414.63,84572,715428
1000000,69,894305.0,398388,469.15,105695,894305
2,70,1.0,1,0.01,1,1
3,70,2.0,2,0.01,1,2
100,70,86.0,62,0.14,14,86
200,70,175.0,130,0.31,25,175
2000,70,1761.0,1240,3.31,239,1761
10000,70,8931.0,7365,16.93,1069,8931
20000,70,17871.0,13865,28.88,2129,17871
40000,70,35820.0,24720,37.72,4180,35820
60000,70,53716.0,37466,67.87,6284,53716
80000,70,71615.0,43554,81.53,8385,71615
100000,70,89619.0,56460,83.5,10381,89619
200000,70,178917.0,118029,137.46,21083,178917
400000,70,357799.0,232222,191.98,42201,357799
600000,70,536741.0,348663,260.51,63259,536741
800000,70,715784.0,424942,265.78,84216,715784
1000000,70,894750.0,480459,294.62,105250,894750
2,71,2.0,1,0.01,0,2
3,71,3.0,2,0.01,0,3
100,71,88.0,67,0.15,12,88
200,71,180.0,140,0.29,20,180
2000,71,1777.0,1398,2.84,223,1777
10000,71,8939.0,6777,12.22,1061,8939
20000,71,17837.0,14842,22.14,2163,17837
40000,71,35644.0,26646,33.13,4356,35644
60000,71,53494.0,39152,57.7,6506,53494
80000,71,71403.0,46799,63.21,8597,71403
100000,71,89321.0,51040,67.77,10679,89321
200000,71,178680.0,108451,170.6,21320,178680
400000,71,357690.0,249468,260.45,42310,357690
600000,71,536668.0,393431,406.65,63332,536668
800000,71,715586.0,541739,437.02,84414,715586
1000000,71,894243.0,699531,576.89,105757,894243
2,72,2.0,1,0.01,0,2
3,72,3.0,2,0.01,0,3
100,72,90.0,82,0.23,10,90
200,72,178.0,148,0.37,22,178
2000,72,1812.0,1159,2.55,188,1812
10000,72,8974.0,6212,14.72,1026,8974
20000,72,17901.0,11460,29.84,2099,17901
40000,72,35748.0,21875,47.44,4252,35748
60000,72,53563.0,31072,69.9,6437,53563
80000,72,71392.0,43521,89.82,8608,71392
100000,72,89345.0,51827,91.81,10655,89345
200000,72,178849.0,125905,175.47,21151,178849
400000,72,357649.0,231875,228.48,42351,357649
600000,72,536493.0,367021,330.65,63507,536493
800000,72,715547.0,520785,365.18,84453,715547
1000000,72,894587.0,675571,389.81,105413,894587
2,73,1.0,1,0.01,1,1
3,73,1.0,2,0.01,2,1
100,73,88.0,64,0.16,12,88
200,73,177.0,120,0.3,23,177
2000,73,1803.0,1304,2.74,197,1803
10000,73,8971.0,6420,16.02,1029,8971
20000,73,17911.0,11260,30.86,2089,17911
40000,73,35831.0,21265,48.86,4169,35831
60000,73,53741.0,36514,62.94,6259,53741
80000,73,71703.0,51580,69.39,8297,71703
100000,73,89586.0,58324,77.84,10414,89586
200000,73,179094.0,103957,113.0,20906,179094
400000,73,357852.0,244296,146.42,42148,357852
600000,73,536531.0,371612,188.0,63469,536531
800000,73,715626.0,448226,205.04,84374,715626
1000000,73,894743.0,521215,267.95,105257,894743
2,74,1.0,1,0.01,1,1
3,74,2.0,2,0.01,1,2
100,74,86.0,72,0.15,14,86
200,74,171.0,125,0.32,29,171
2000,74,1781.0,1303,3.42,219,1781
10000,74,8933.0,6112,10.39,1067,8933
20000,74,17908.0,13568,17.71,2092,17908
40000,74,35768.0,25689,40.29,4232,35768
60000,74,53685.0,35348,57.84,6315,53685
80000,74,71610.0,44723,66.23,8390,71610
100000,74,89457.0,59540,92.0,10543,89457
200000,74,178908.0,96927,127.63,21092,178908
400000,74,357946.0,196027,225.21,42054,357946
600000,74,536889.0,289805,249.29,63111,536889
800000,74,716032.0,378418,266.71,83968,716032
1000000,74,894968.0,447341,274.11,105032,894968
2,75,2.0,1,0.01,0,2
3,75,3.0,2,0.01,0,3
100,75,92.0,76,0.19,8,92
200,75,179.0,136,0.37,21,179
2000,75,1790.0,1248,3.04,210,1790
10000,75,8947.0,5657,12.43,1053,8947
20000,75,17851.0,12073,20.37,2149,17851
40000,75,35783.0,24872,34.85,4217,35783
60000,75,53742.0,33045,54.11,6258,53742
80000,75,71705.0,45280,61.06,8295,71705
100000,75,89595.0,52788,69.03,10405,89595
200000,75,178991.0,103159,129.35,21009,178991
400000,75,357859.0,219732,219.58,42141,357859
600000,75,536975.0,294538,258.88,63025,536975
800000,75,715897.0,449129,306.45,84103,715897
1000000,75,894939.0,514760,329.96,105061,894939
2,76,2.0,1,0.01,0,2
3,76,3.0,2,0.01,0,3
100,76,89.0,62,0.14,11,89
200,76,176.0,134,0.41,24,176
2000,76,1763.0,1397,3.59,237,1763
10000,76,8942.0,6694,13.84,1058,8942
20000,76,17854.0,13136,24.81,2146,17854
40000,76,35756.0,24425,44.18,4244,35756
60000,76,53500.0,39518,76.71,6500,53500
80000,76,71420.0,48451,92.03,8580,71420
100000,76,89317.0,55442,101.52,10683,89317
200000,76,179041.0,103757,124.5,20959,179041
400000,76,357905.0,217110,250.59,42095,357905
600000,76,536987.0,291531,293.27,63013,536987
800000,76,715946.0,448293,341.22,84054,715946
1000000,76,894801.0,576352,396.04,105199,894801
2,77,2.0,1,0.01,0,2
3,77,3.0,2,0.01,0,3
100,77,94.0,61,0.17,6,94
200,77,177.0,130,0.31,23,177
2000,77,1781.0,940,2.15,219,1781
10000,77,8886.0,4840,8.94,1114,8886
20000,77,17828.0,10522,26.04,2172,17828
40000,77,35725.0,19155,36.81,4275,35725
60000,77,53522.0,26450,55.35,6478,53522
80000,77,71407.0,31342,64.02,8593,71407
100000,77,89314.0,41075,86.36,10686,89314
200000,77,178804.0,78523,149.41,21196,178804
400000,77,357545.0,164842,259.03,42455,357545
600000,77,536697.0,196241,304.62,63303,536697
800000,77,715743.0,261397,332.6,84257,715743
1000000,77,894722.0,405530,356.34,105278,894722
2,78,1.0,1,0.01,1,1
3,78,2.0,2,0.01,1,2
100,78,86.0,54,0.15,14,86
200,78,172.0,106,0.24,28,172
2000,78,1785.0,1322,3.42,215,1785
10000,78,8931.0,6289,16.86,1069,8931
20000,78,17809.0,13749,30.58,2191,17809
40000,78,35693.0,29526,63.47,4307,35693
60000,78,53636.0,40373,73.28,6364,53636
80000,78,71550.0,52929,77.42,8450,71550
100000,78,89377.0,65322,89.16,10623,89377
200000,78,178745.0,116042,137.19,21255,178745
400000,78,357491.0,208342,333.61,42509,357491
600000,78,536403.0,317875,370.76,63597,536403
800000,78,715465.0,394083,392.22,84535,715465
1000000,78,894358.0,454871,429.8,105642,894358
2,79,2.0,1,0.01,0,2
3,79,3.0,2,0.01,0,3
100,79,89.0,70,0.17,11,89
200,79,178.0,134,0.32,22,178
2000,79,1810.0,1155,2.86,190,1810
10000,79,8957.0,5653,14.51,1043,8957
20000,79,17950.0,10222,28.4,2050,17950
40000,79,35909.0,21322,38.13,4091,35909
60000,79,53729.0,33225,52.86,6271,53729
80000,79,71676.0,46136,57.14,8324,71676
100000,79,89554.0,58418,67.2,10446,89554
200000,79,178947.0,129962,128.77,21053,178947
400000,79,357567.0,241626,196.48,42433,357567
600000,79,536493.0,352761,232.79,63507,536493
800000,79,715442.0,489867,380.47,84558,715442
1000000,79,894492.0,664750,400.72,105508,894492
2,80,2.0,1,0.01,0,2
3,80,3.0,2,0.01,0,3
100,80,89.0,70,0.17,11,89
200,80,179.0,122,0.31,21,179
2000,80,1781.0,1374,4.1,219,1781
10000,80,8945.0,6366,14.81,1055,8945
20000,80,17874.0,11471,23.05,2126,17874
40000,80,35794.0,23922,35.01,4206,35794
60000,80,53670.0,38672,69.82,6330,53670
80000,80,71652.0,42030,74.56,8348,71652
100000,80,89532.0,53004,80.96,10468,89532
200000,80,179039.0,102469,127.24,20961,179039
400000,80,357882.0,221667,165.81,42118,357882
600000,80,537133.0,293425,178.88,62867,537133
800000,80,716397.0,402542,185.58,83603,716397
1000000,80,895383.0,451194,195.73,104617,895383
2,81,1.0,1,0.01,1,1
3,81,2.0,2,0.01,1,2
100,81,85.0,66,0.12,15,85
200,81,170.0,118,0.22,30,170
2000,81,1763.0,1177,2.19,237,1763
10000,81,8940.0,5857,20.37,1060,8940
20000,81,17862.0,12039,38.09,2138,17862
40000,81,35701.0,24568,53.94,4299,35701
60000,81,53636.0,33822,62.43,6364,53636
80000,81,71579.0,37593,65.39,8421,71579
100000,81,89473.0,52224,124.24,10527,89473
200000,81,178901.0,114237,181.55,21099,178901
400000,81,357810.0,236536,257.73,42190,357810
600000,81,536907.0,304030,289.95,63093,536907
800000,81,715767.0,366736,300.8,84233,715767
1000000,81,894709.0,425101,334.18,105291,894709
2,82,2.0,1,0.01,0,2
3,82,3.0,2,0.01,0,3
100,82,85.0,81,0.18,15,85
200,82,175.0,147,0.26,25,175
2000,82,1792.0,1249,3.07,208,1792
10000,82,8893.0,5955,17.56,1107,8893
20000,82,17875.0,10191,22.65,2125,17875
40000,82,35800.0,20282,33.38,4200,35800
60000,82,53723.0,32825,43.51,6277,53723
80000,82,71598.0,46463,61.09,8402,71598
100000,82,89461.0,56416,71.95,10539,89461
200000,82,178749.0,127055,133.78,21251,178749
400000,82,357658.0,224803,219.75,42342,357658
600000,82,536739.0,357293,231.45,63261,536739
800000,82,715674.0,493355,276.36,84326,715674
1000000,82,894589.0,610014,282.73,105411,894589
2,83,2.0,1,0.01,0,2
3,83,3.0,2,0.01,0,3
100,83,94.0,67,0.16,6,94
200,83,186.0,126,0.32,14,186
2000,83,1821.0,1352,2.98,179,1821
10000,83,8945.0,6537,13.83,1055,8945
20000,83,17848.0,10605,20.07,2152,17848
40000,83,35760.0,22150,57.85,4240,35760
60000,83,53642.0,33767,82.45,6358,53642
80000,83,71529.0,41035,98.73,8471,71529
100000,83,89404.0,46962,110.04,10596,89404
200000,83,178845.0,101870,148.92,21155,178845
400000,83,357801.0,171707,198.62,42199,357801
600000,83,536801.0,289542,231.36,63199,536801
800000,83,715640.0,389866,276.17,84360,715640
1000000,83,894582.0,441579,355.13,105418,894582
2,84,2.0,1,0.01,0,2
3,84,3.0,2,0.01,0,3
100,84,93.0,66,0.19,7,93
200,84,182.0,134,0.35,18,182
2000,84,1789.0,1449,3.55,211,1789
10000,84,8957.0,7129,12.18,1043,8957
20000,84,17878.0,14328,25.73,2122,17878
40000,84,35691.0,28988,49.28,4309,35691
60000,84,53649.0,35633,59.13,6351,53649
80000,84,71515.0,46904,83.4,8485,71515
100000,84,89488.0,59189,86.19,10512,89488
200000,84,178898.0,115387,156.86,21102,178898
400000,84,357894.0,245399,263.39,42106,357894
600000,84,536841.0,346513,305.67,63159,536841
800000,84,715600.0,419077,348.93,84400,715600
1000000,84,894314.0,495211,368.34,105686,894314
2,85,2.0,1,0.01,0,2
3,85,3.0,2,0.01,0,3
100,85,87.0,69,0.21,13,87
200,85,173.0,145,0.42,27,173
2000,85,1797.0,1459,3.89,203,1797
10000,85,8924.0,7212,19.37,1076,8924
20000,85,17851.0,12810,31.03,2149,17851
40000,85,35766.0,27519,63.5,4234,35766
60000,85,53609.0,39339,88.63,6391,53609
80000,85,71455.0,55244,114.49,8545,71455
100000,85,89360.0,72822,145.13,10640,89360
200000,85,178862.0,157396,193.64,21138,178862
400000,85,358111.0,306707,272.0,41889,358111
600000,85,537306.0,452789,328.2,62694,537306
800000,85,716393.0,604227,379.98,83607,716393
1000000,85,895281.0,716226,512.75,104719,895281
2,86,1.0,1,0.01,1,1
3,86,2.0,2,0.01,1,2
100,86,89.0,61,0.14,11,89
200,86,182.0,133,0.34,18,182
2000,86,1804.0,1298,2.35,196,1804
10000,86,8968.0,4757,7.2,1032,8968
20000,86,17957.0,9778,15.13,2043,17957
40000,86,35790.0,21198,30.29,4210,35790
60000,86,53649.0,33506,37.89,6351,53649
80000,86,71473.0,46713,50.94,8527,71473
100000,86,89343.0,63756,83.99,10657,89343
200000,86,178672.0,146242,170.21,21328,178672
400000,86,357384.0,266747,219.22,42616,357384
600000,86,536171.0,401624,315.44,63829,536171
800000,86,715177.0,466143,332.64,84823,715177
1000000,86,894373.0,609386,333.19,105627,894373
2,87,2.0,1,0.01,0,2
3,87,3.0,2,0.01,0,3
100,87,91.0,67,0.17,9,91
200,87,175.0,144,0.32,25,175
2000,87,1791.0,1063,2.59,209,1791
10000,87,8923.0,5624,13.53,1077,8923
20000,87,17871.0,11310,26.16,2129,17871
40000,87,35797.0,24353,42.0,4203,35797
60000,87,53657.0,37929,74.2,6343,53657
80000,87,71488.0,48476,86.34,8512,71488
100000,87,89430.0,58630,89.51,10570,89430
200000,87,178664.0,120759,160.71,21336,178664
400000,87,357663.0,202537,190.96,42337,357663
600000,87,536867.0,258791,196.86,63133,536867
800000,87,715825.0,417618,249.57,84175,715825
1000000,87,894869.0,495514,276.35,105131,894869
2,88,2.0,1,0.01,0,2
3,88,3.0,2,0.01,0,3
100,88,93.0,67,0.2,7,93
200,88,177.0,140,0.41,23,177
2000,88,1791.0,1401,3.78,209,1791
10000,88,8914.0,6910,13.52,1086,8914
20000,88,17854.0,13588,25.56,2146,17854
40000,88,35710.0,27156,69.29,4290,35710
60000,88,53527.0,45036,100.72,6473,53527
80000,88,71398.0,52345,111.34,8602,71398
100000,88,89293.0,61601,135.38,10707,89293
200000,88,178711.0,116691,202.78,21289,178711
400000,88,357481.0,237124,302.65,42519,357481
600000,88,536508.0,393639,365.54,63492,536508
800000,88,715746.0,459858,405.49,84254,715746
1000000,88,894771.0,528223,420.21,105229,894771
2,89,2.0,1,0.01,0,2
3,89,3.0,2,0.01,0,3
100,89,89.0,63,0.17,11,89
200,89,185.0,122,0.28,15,185
2000,89,1792.0,1334,3.53,208,1792
10000,89,8927.0,6379,14.31,1073,8927
20000,89,17838.0,12968,29.37,2162,17838
40000,89,35706.0,23804,51.82,4294,35706
60000,89,53534.0,31332,58.65,6466,53534
80000,89,71500.0,44739,60.71,8500,71500
100000,89,89382.0,62910,64.61,10618,89382
200000,89,178886.0,130695,124.14,21114,178886
400000,89,357854.0,279744,182.53,42146,357854
600000,89,537055.0,402500,194.99,62945,537055
800000,89,716151.0,548365,205.04,83849,716151
1000000,89,895295.0,650362,215.06,104705,895295
2,90,1.0,1,0.01,1,1
3,90,2.0,2,0.01,1,2
100,90,88.0,68,0.15,12,88
200,90,175.0,120,0.27,25,175
2000,90,1802.0,1467,3.4,198,1802
10000,90,8919.0,6001,11.99,1081,8919
20000,90,17851.0,9476,17.84,2149,17851
40000,90,35666.0,20147,49.44,4334,35666
60000,90,53596.0,36198,53.28,6404,53596
80000,90,71440.0,50610,81.99,8560,71440
100000,90,89262.0,63900,103.19,10738,89262
200000,90,178783.0,124998,148.3,21217,178783
400000,90,357685.0,192393,175.81,42315,357685
600000,90,536654.0,256366,210.76,63346,536654
800000,90,715742.0,411914,220.87,84258,715742
1000000,90,894723.0,490135,274.89,105277,894723
2,91,1.0,1,0.01,1,1
3,91,1.0,2,0.01,2,1
100,91,85.0,77,0.17,15,85
200,91,173.0,158,0.38,27,173
2000,91,1767.0,1676,4.23,233,1767
10000,91,8910.0,6700,19.42,1090,8910
20000,91,17875.0,9913,28.56,2125,17875
40000,91,35729.0,19881,43.91,4271,35729
60000,91,53611.0,28126,59.05,6389,53611
80000,91,71454.0,36938,80.72,8546,71454
100000,91,89373.0,45465,111.5,10627,89373
200000,91,178827.0,81771,146.13,21173,178827
400000,91,358173.0,165091,209.21,41827,358173
600000,91,536953.0,276509,310.46,63047,536953
800000,91,715781.0,399692,384.27,84219,715781
1000000,91,894660.0,527299,426.54,105340,894660
2,92,2.0,1,0.01,0,2
3,92,3.0,2,0.01,0,3
100,92,85.0,68,0.13,15,85
200,92,178.0,131,0.23,22,178
2000,92,1783.0,1337,3.48,217,1783
10000,92,8946.0,7025,15.32,1054,8946
20000,92,17890.0,13571,28.6,2110,17890
40000,92,35795.0,22946,38.76,4205,35795
60000,92,53575.0,35495,62.31,6425,53575
80000,92,71441.0,46780,71.31,8559,71441
100000,92,89276.0,59319,86.32,10724,89276
200000,92,178628.0,112210,132.1,21372,178628
400000,92,357927.0,167774,153.38,42073,357927
600000,92,536647.0,292584,184.57,63353,536647
800000,92,715404.0,363588,196.93,84596,715404
1000000,92,894220.0,437499,314.31,105780,894220
2,93,2.0,1,0.01,0,2
3,93,3.0,2,0.01,0,3
100,93,87.0,73,0.19,13,87
200,93,177.0,141,0.43,23,177
2000,93,1775.0,1529,4.61,225,1775
10000,93,8950.0,7559,14.71,1050,8950
20000,93,17856.0,13640,26.72,2144,17856
40000,93,35725.0,25613,40.04,4275,35725
60000,93,53610.0,34067,59.53,6390,53610
80000,93,71439.0,46816,87.76,8561,71439
100000,93,89289.0,62872,102.79,10711,89289
200000,93,178622.0,117713,155.0,21378,178622
400000,93,357588.0,225154,182.74,42412,357588
600000,93,536174.0,336429,225.07,63826,536174
800000,93,715393.0,373308,225.39,84607,715393
1000000,93,894267.0,498450,266.71,105733,894267
2,94,2.0,1,0.01,0,2
3,94,3.0,2,0.01,0,3
100,94,93.0,72,0.2,7,93
200,94,186.0,135,0.34,14,186
2000,94,1762.0,1277,2.61,238,1762
10000,94,8897.0,6070,8.13,1103,8897
20000,94,17811.0,11091,16.18,2189,17811
40000,94,35691.0,21341,28.29,4309,35691
60000,94,53553.0,32027,48.6,6447,53553
80000,94,71412.0,38665,63.34,8588,71412
100000,94,89323.0,43942,71.71,10677,89323
200000,94,178943.0,77759,94.13,21057,178943
400000,94,357987.0,167371,146.18,42013,357987
600000,94,536980.0,282614,185.28,63020,536980
800000,94,715726.0,356710,199.12,84274,715726
1000000,94,894587.0,466387,233.82,105413,894587
2,95,2.0,1,0.01,0,2
3,95,3.0,2,0.01,0,3
100,95,92.0,69,0.16,8,92
200,95,182.0,136,0.34,18,182
2000,95,1772.0,1264,2.39,228,1772
10000,95,8918.0,5954,13.76,1082,8918
20000,95,17906.0,11528,32.15,2094,17906
40000,95,35803.0,24786,44.12,4197,35803
60000,95,53710.0,34970,53.19,6290,53710
80000,95,71628.0,48126,63.28,8372,71628
100000,95,89488.0,59749,77.03,10512,89488
200000,95,178763.0,129539,201.27,21237,178763
400000,95,357568.0,234133,267.33,42432,357568
600000,95,536285.0,320004,320.91,63715,536285
800000,95,715425.0,402051,327.36,84575,715425
1000000,95,894443.0,547135,376.63,105557,894443
2,96,2.0,1,0.01,0,2
3,96,3.0,2,0.01,0,3
100,96,90.0,67,0.2,10,90
200,96,181.0,133,0.33,19,181
2000,96,1766.0,1420,3.17,234,1766
10000,96,8904.0,6756,19.18,1096,8904
20000,96,17810.0,12959,34.61,2190,17810
40000,96,35656.0,26983,77.38,4344,35656
60000,96,53539.0,32401,95.53,6461,53539
80000,96,71395.0,42477,121.63,8605,71395
100000,96,89294.0,52525,140.7,10706,89294
200000,96,178705.0,94924,189.31,21295,178705
400000,96,357684.0,193057,279.24,42316,357684
600000,96,536465.0,308438,337.61,63535,536465
800000,96,715412.0,451001,344.91,84588,715412
1000000,96,894383.0,544347,368.49,105617,894383
2,97,2.0,1,0.01,0,2
3,97,3.0,2,0.01,0,3
100,97,94.0,61,0.14,6,94
200,97,190.0,126,0.34,10,190
2000,97,1794.0,1063,2.03,206,1794
10000,97,8936.0,5512,6.05,1064,8936
20000,97,17877.0,12284,17.64,2123,17877
40000,97,35778.0,20851,33.15,4222,35778
60000,97,53646.0,29775,45.3,6354,53646
80000,97,71570.0,33864,54.65,8430,71570
100000,97,89451.0,39856,60.64,10549,89451
200000,97,178959.0,65671,133.79,21041,178959
400000,97,358128.0,191511,172.44,41872,358128
600000,97,537262.0,343126,186.38,62738,537262
800000,97,716103.0,466970,212.31,83897,716103
1000000,97,894943.0,539164,258.21,105057,894943
2,98,2.0,1,0.01,0,2
3,98,3.0,2,0.01,0,3
100,98,89.0,69,0.16,11,89
200,98,181.0,131,0.32,19,181
2000,98,1746.0,1136,2.94,254,1746
10000,98,8853.0,5940,10.99,1147,8853
20000,98,17807.0,11709,21.58,2193,17807
40000,98,35687.0,20288,23.75,4313,35687
60000,98,53637.0,35476,32.19,6363,53637
80000,98,71526.0,48184,34.77,8474,71526
100000,98,89425.0,66168,73.99,10575,89425
200000,98,178948.0,139897,98.38,21052,178948
400000,98,358141.0,221877,134.77,41859,358141
600000,98,537258.0,331139,215.02,62742,537258
800000,98,716474.0,420772,241.07,83526,716474
1000000,98,895714.0,565724,256.6,104286,895714
2,99,2.0,1,0.01,0,2
3,99,3.0,2,0.01,0,3
100,99,94.0,67,0.17,6,94
200,99,186.0,139,0.34,14,186
2000,99,1795.0,1395,3.06,205,1795
10000,99,8915.0,7219,21.31,1085,8915
20000,99,17867.0,14774,30.75,2133,17867
40000,99,35794.0,25537,53.52,4206,35794
60000,99,53726.0,41083,92.24,6274,53726
80000,99,71468.0,52941,107.37,8532,71468
100000,99,89332.0,69906,168.31,10668,89332
200000,99,178740.0,127241,261.74,21260,178740
400000,99,357620.0,268531,334.32,42380,357620
600000,99,536574.0,375413,362.75,63426,536574
800000,99,715319.0,493613,480.24,84681,715319
1000000,99,894296.0,592946,520.08,105704,894296
2,100,2.0,1,0.01,0,2
3,100,3.0,2,0.01,0,3
100,100,88.0,76,0.17,12,88
200,100,179.0,139,0.31,21,179
2000,100,1800.0,1323,2.38,200,1800
10000,100,8932.0,6016,12.38,1068,8932
20000,100,17869.0,12253,19.19,2131,17869
40000,100,35751.0,21043,32.57,4249,35751
60000,100,53591.0,33114,69.2,6409,53591
80000,100,71419.0,43877,100.07,8581,71419
100000,100,89275.0,60503,131.66,10725,89275
200000,100,178802.0,96389,205.51,21198,178802
400000,100,357840.0,197930,268.43,42160,357840
600000,100,536839.0,230709,288.37,63161,536839
800000,100,715707.0,324096,340.37,84293,715707
1000000,100,894821.0,436478,359.21,105179,894821
