Timestep,Iteration,Total Reward,Suboptimal Arms,Total Regret,Zeros Count,Ones Count
2,1,0.0,2,0.19,2,0
3,1,1.0,2,0.19,2,1
100,1,84.0,62,5.89,16,84
200,1,165.0,103,9.78,35,165
2000,1,1748.0,507,48.16,252,1748
10000,1,8850.0,853,81.03,1150,8850
20000,1,17892.0,875,83.12,2108,17892
40000,1,35766.0,896,85.12,4234,35766
60000,1,53699.0,905,85.97,6301,53699
80000,1,71625.0,909,86.35,8375,71625
100000,1,89579.0,1002,95.19,10421,89579
200000,1,179066.0,1135,107.82,20934,179066
400000,1,358067.0,1159,110.1,41933,358067
600000,1,537065.0,1175,111.62,62935,537065
800000,1,716193.0,1178,111.91,83807,716193
1000000,1,895322.0,1182,112.29,104678,895322
2,2,2.0,2,0.19,0,2
3,2,3.0,2,0.19,0,3
100,2,83.0,46,4.37,17,83
200,2,169.0,77,7.31,31,169
2000,2,1742.0,296,28.12,258,1742
10000,2,8871.0,436,41.42,1129,8871
20000,2,17816.0,490,46.55,2184,17816
40000,2,35750.0,494,46.93,4250,35750
60000,2,53669.0,539,51.2,6331,53669
80000,2,71597.0,540,51.3,8403,71597
100000,2,89460.0,540,51.3,10540,89460
200000,2,178996.0,557,52.91,21004,178996
400000,2,358133.0,591,56.14,41867,358133
600000,2,537110.0,591,56.14,62890,537110
800000,2,716197.0,591,56.14,83803,716197
1000000,2,895146.0,591,56.14,104854,895146
2,3,2.0,2,0.19,0,2
3,3,3.0,2,0.19,0,3
100,3,87.0,55,5.22,13,87
200,3,169.0,102,9.69,31,169
2000,3,1744.0,345,32.77,256,1744
10000,3,8917.0,444,42.18,1083,8917
20000,3,17848.0,586,55.67,2152,17848
40000,3,35718.0,637,60.51,4282,35718
60000,3,53705.0,641,60.89,6295,53705
80000,3,71670.0,644,61.18,8330,71670
100000,3,89610.0,741,70.39,10390,89610
200000,3,179139.0,844,80.18,20861,179139
400000,3,358002.0,847,80.46,41998,358002
600000,3,537142.0,852,80.94,62858,537142
800000,3,716390.0,852,80.94,83610,716390
1000000,3,895245.0,856,81.32,104755,895245
2,4,2.0,2,0.19,0,2
3,4,3.0,2,0.19,0,3
100,4,84.0,53,5.03,16,84
200,4,169.0,93,8.83,31,169
2000,4,1746.0,550,52.25,254,1746
10000,4,8909.0,769,73.05,1091,8909
20000,4,17843.0,858,81.51,2157,17843
40000,4,35755.0,872,82.84,4245,35755
60000,4,53683.0,904,85.88,6317,53683
80000,4,71515.0,911,86.54,8485,71515
100000,4,89457.0,927,88.06,10543,89457
200000,4,178891.0,953,90.53,21109,178891
400000,4,357790.0,988,93.86,42210,357790
600000,4,536706.0,992,94.24,63294,536706
800000,4,715677.0,1003,95.28,84323,715677
1000000,4,894886.0,1005,95.47,105114,894886
2,5,1.0,2,0.19,1,1
3,5,2.0,2,0.19,1,2
100,5,80.0,58,5.51,20,80
200,5,173.0,83,7.88,27,173
2000,5,1761.0,371,35.24,239,1761
10000,5,8876.0,707,67.16,1124,8876
20000,5,17791.0,792,75.24,2209,17791
40000,5,35724.0,794,75.43,4276,35724
60000,5,53626.0,810,76.95,6374,53626
80000,5,71519.0,810,76.95,8481,71519
100000,5,89491.0,810,76.95,10509,89491
200000,5,179025.0,819,77.8,20975,179025
400000,5,357930.0,862,81.89,42070,357930
600000,5,537027.0,862,81.89,62973,537027
800000,5,716027.0,862,81.89,83973,716027
1000000,5,895135.0,887,84.26,104865,895135
2,6,1.0,2,0.19,1,1
3,6,2.0,2,0.19,1,2
100,6,82.0,53,5.03,18,82
200,6,171.0,91,8.64,29,171
2000,6,1763.0,422,40.09,237,1763
10000,6,8894.0,690,65.55,1106,8894
20000,6,17831.0,713,67.73,2169,17831
40000,6,35691.0,843,80.08,4309,35691
60000,6,53581.0,845,80.27,6419,53581
80000,6,71545.0,845,80.27,8455,71545
100000,6,89478.0,849,80.65,10522,89478
200000,6,178949.0,868,82.46,21051,178949
400000,6,358053.0,873,82.93,41947,358053
600000,6,537062.0,877,83.31,62938,537062
800000,6,716134.0,881,83.69,83866,716134
1000000,6,895285.0,897,85.21,104715,895285
2,7,2.0,2,0.19,0,2
3,7,3.0,2,0.19,0,3
100,7,81.0,38,3.61,19,81
200,7,166.0,71,6.74,34,166
2000,7,1737.0,528,50.16,263,1737
10000,7,8864.0,840,79.8,1136,8864
20000,7,17788.0,977,92.81,2212,17788
40000,7,35656.0,1001,95.09,4344,35656
60000,7,53549.0,1028,97.66,6451,53549
80000,7,71484.0,1048,99.56,8516,71484
100000,7,89447.0,1053,100.03,10553,89447
200000,7,178971.0,1208,114.76,21029,178971
400000,7,357937.0,1314,124.83,42063,357937
600000,7,536867.0,1326,125.97,63133,536867
800000,7,715708.0,1327,126.06,84292,715708
1000000,7,894836.0,1327,126.06,105164,894836
2,8,1.0,2,0.19,1,1
3,8,2.0,2,0.19,1,2
100,8,87.0,59,5.6,13,87
200,8,172.0,90,8.55,28,172
2000,8,1777.0,402,38.19,223,1777
10000,8,8904.0,844,80.18,1096,8904
20000,8,17769.0,1040,98.8,2231,17769
40000,8,35645.0,1051,99.84,4355,35645
60000,8,53559.0,1105,104.97,6441,53559
80000,8,71435.0,1109,105.35,8565,71435
100000,8,89243.0,1190,113.05,10757,89243
200000,8,178732.0,1209,114.85,21268,178732
400000,8,357629.0,1216,115.52,42371,357629
600000,8,536647.0,1216,115.52,63353,536647
800000,8,715554.0,1216,115.52,84446,715554
1000000,8,894739.0,1219,115.8,105261,894739
2,9,1.0,2,0.19,1,1
3,9,1.0,2,0.19,2,1
100,9,81.0,46,4.37,19,81
200,9,167.0,79,7.5,33,167
2000,9,1755.0,276,26.22,245,1755
10000,9,8880.0,793,75.33,1120,8880
20000,9,17803.0,941,89.39,2197,17803
40000,9,35638.0,969,92.05,4362,35638
60000,9,53585.0,972,92.34,6415,53585
80000,9,71517.0,974,92.53,8483,71517
100000,9,89425.0,977,92.81,10575,89425
200000,9,178816.0,993,94.33,21184,178816
400000,9,357731.0,999,94.9,42269,357731
600000,9,536590.0,1010,95.95,63410,536590
800000,9,715613.0,1012,96.14,84387,715613
1000000,9,894631.0,1012,96.14,105369,894631
2,10,1.0,2,0.19,1,1
3,10,2.0,2,0.19,1,2
100,10,85.0,49,4.65,15,85
200,10,172.0,91,8.64,28,172
2000,10,1759.0,409,38.85,241,1759
10000,10,8867.0,781,74.19,1133,8867
20000,10,17832.0,810,76.95,2168,17832
40000,10,35707.0,830,78.85,4293,35707
60000,10,53638.0,833,79.13,6362,53638
80000,10,71554.0,833,79.13,8446,71554
100000,10,89452.0,836,79.42,10548,89452
200000,10,178999.0,860,81.7,21001,178999
400000,10,358037.0,860,81.7,41963,358037
600000,10,536900.0,892,84.74,63100,536900
800000,10,716042.0,892,84.74,83958,716042
1000000,10,895000.0,901,85.59,105000,895000
2,11,2.0,2,0.19,0,2
3,11,3.0,2,0.19,0,3
100,11,85.0,62,5.89,15,85
200,11,171.0,113,10.74,29,171
2000,11,1761.0,349,33.15,239,1761
10000,11,8918.0,564,53.58,1082,8918
20000,11,17831.0,608,57.76,2169,17831
40000,11,35750.0,649,61.65,4250,35750
60000,11,53592.0,781,74.19,6408,53592
80000,11,71486.0,782,74.29,8514,71486
100000,11,89392.0,789,74.95,10608,89392
200000,11,178992.0,793,75.33,21008,178992
400000,11,357847.0,817,77.61,42153,357847
600000,11,536740.0,829,78.75,63260,536740
800000,11,715818.0,834,79.23,84182,715818
1000000,11,894917.0,834,79.23,105083,894917
2,12,2.0,2,0.19,0,2
3,12,3.0,2,0.19,0,3
100,12,87.0,58,5.51,13,87
200,12,168.0,107,10.16,32,168
2000,12,1737.0,551,52.34,263,1737
10000,12,8892.0,917,87.11,1108,8892
20000,12,17855.0,1118,106.21,2145,17855
40000,12,35763.0,1214,115.33,4237,35763
60000,12,53680.0,1242,117.99,6320,53680
80000,12,71671.0,1403,133.28,8329,71671
100000,12,89566.0,1513,143.73,10434,89566
200000,12,179229.0,1543,146.58,20771,179229
400000,12,358568.0,1559,148.1,41432,358568
600000,12,537833.0,1564,148.58,62167,537833
800000,12,716783.0,1568,148.96,83217,716783
1000000,12,896072.0,1579,150.0,103928,896072
2,13,2.0,2,0.19,0,2
3,13,3.0,2,0.19,0,3
100,13,85.0,56,5.32,15,85
200,13,171.0,101,9.59,29,171
2000,13,1728.0,549,52.15,272,1728
10000,13,8943.0,736,69.92,1057,8943
20000,13,17886.0,773,73.43,2114,17886
40000,13,35799.0,793,75.33,4201,35799
60000,13,53679.0,797,75.71,6321,53679
80000,13,71553.0,800,76.0,8447,71553
100000,13,89425.0,800,76.0,10575,89425
200000,13,178967.0,816,77.52,21033,178967
400000,13,357954.0,825,78.37,42046,357954
600000,13,537196.0,825,78.37,62804,537196
800000,13,716246.0,832,79.04,83754,716246
1000000,13,895498.0,832,79.04,104502,895498
2,14,0.0,2,0.19,2,0
3,14,1.0,2,0.19,2,1
100,14,81.0,73,6.93,19,81
200,14,165.0,119,11.31,35,165
2000,14,1752.0,354,33.63,248,1752
10000,14,8913.0,559,53.1,1087,8913
20000,14,17842.0,573,54.43,2158,17842
40000,14,35784.0,585,55.57,4216,35784
60000,14,53693.0,604,57.38,6307,53693
80000,14,71652.0,611,58.04,8348,71652
100000,14,89599.0,611,58.04,10401,89599
200000,14,179167.0,621,58.99,20833,179167
400000,14,358392.0,678,64.41,41608,358392
600000,14,537349.0,678,64.41,62651,537349
800000,14,716230.0,690,65.55,83770,716230
1000000,14,895297.0,695,66.02,104703,895297
2,15,2.0,2,0.19,0,2
3,15,3.0,2,0.19,0,3
100,15,82.0,61,5.79,18,82
200,15,169.0,112,10.64,31,169
2000,15,1728.0,507,48.16,272,1728
10000,15,8862.0,615,58.42,1138,8862
20000,15,17780.0,750,71.25,2220,17780
40000,15,35668.0,817,77.61,4332,35668
60000,15,53530.0,869,82.55,6470,53530
80000,15,71436.0,875,83.12,8564,71436
100000,15,89321.0,876,83.22,10679,89321
200000,15,178841.0,995,94.52,21159,178841
400000,15,358138.0,1004,95.38,41862,358138
600000,15,536891.0,1011,96.04,63109,536891
800000,15,715860.0,1014,96.33,84140,715860
1000000,15,894952.0,1014,96.33,105048,894952
2,16,2.0,2,0.19,0,2
3,16,3.0,2,0.19,0,3
100,16,91.0,55,5.22,9,91
200,16,179.0,105,9.97,21,179
2000,16,1755.0,581,55.19,245,1755
10000,16,8881.0,886,84.17,1119,8881
20000,16,17789.0,941,89.39,2211,17789
40000,16,35713.0,952,90.44,4287,35713
60000,16,53588.0,984,93.48,6412,53588
80000,16,71535.0,1020,96.9,8465,71535
100000,16,89434.0,1033,98.13,10566,89434
200000,16,179045.0,1043,99.08,20955,179045
400000,16,358068.0,1050,99.75,41932,358068
600000,16,537126.0,1063,100.98,62874,537126
800000,16,716218.0,1063,100.98,83782,716218
1000000,16,895073.0,1072,101.84,104927,895073
2,17,2.0,2,0.19,0,2
3,17,2.0,2,0.19,1,2
100,17,85.0,59,5.6,15,85
200,17,171.0,106,10.07,29,171
2000,17,1748.0,458,43.51,252,1748
10000,17,8931.0,625,59.37,1069,8931
20000,17,17900.0,666,63.27,2100,17900
40000,17,35817.0,680,64.6,4183,35817
60000,17,53614.0,715,67.92,6386,53614
80000,17,71525.0,716,68.02,8475,71525
100000,17,89398.0,716,68.02,10602,89398
200000,17,178831.0,758,72.01,21169,178831
400000,17,357817.0,759,72.1,42183,357817
600000,17,536864.0,761,72.29,63136,536864
800000,17,715864.0,761,72.29,84136,715864
1000000,17,894994.0,761,72.29,105006,894994
2,18,1.0,2,0.19,1,1
3,18,2.0,2,0.19,1,2
100,18,79.0,37,3.51,21,79
200,18,162.0,52,4.94,38,162
2000,18,1738.0,264,25.08,262,1738
10000,18,8859.0,486,46.17,1141,8859
20000,18,17799.0,489,46.45,2201,17799
40000,18,35686.0,528,50.16,4314,35686
60000,18,53607.0,531,50.44,6393,53607
80000,18,71516.0,617,58.61,8484,71516
100000,18,89495.0,617,58.61,10505,89495
200000,18,178991.0,621,58.99,21009,178991
400000,18,357933.0,652,61.94,42067,357933
600000,18,536988.0,652,61.94,63012,536988
800000,18,715834.0,680,64.6,84166,715834
1000000,18,894918.0,683,64.88,105082,894918
2,19,1.0,2,0.19,1,1
3,19,1.0,2,0.19,2,1
100,19,77.0,60,5.7,23,77
200,19,162.0,111,10.55,38,162
2000,19,1773.0,270,25.65,227,1773
10000,19,8900.0,367,34.86,1100,8900
20000,19,17820.0,428,40.66,2180,17820
40000,19,35696.0,439,41.7,4304,35696
60000,19,53574.0,448,42.56,6426,53574
80000,19,71500.0,448,42.56,8500,71500
100000,19,89398.0,450,42.75,10602,89398
200000,19,178857.0,452,42.94,21143,178857
400000,19,357866.0,452,42.94,42134,357866
600000,19,536704.0,454,43.13,63296,536704
800000,19,715804.0,454,43.13,84196,715804
1000000,19,894800.0,454,43.13,105200,894800
2,20,1.0,2,0.19,1,1
3,20,2.0,2,0.19,1,2
100,20,85.0,60,5.7,15,85
200,20,175.0,111,10.55,25,175
2000,20,1759.0,697,66.21,241,1759
10000,20,8912.0,1135,107.82,1088,8912
20000,20,17870.0,1290,122.55,2130,17870
40000,20,35831.0,1331,126.44,4169,35831
60000,20,53820.0,1414,134.33,6180,53820
80000,20,71730.0,1501,142.59,8270,71730
100000,20,89655.0,1527,145.06,10345,89655
200000,20,179050.0,1564,148.58,20950,179050
400000,20,357843.0,1610,152.95,42157,357843
600000,20,536906.0,1611,153.04,63094,536906
800000,20,715909.0,1611,153.04,84091,715909
1000000,20,894928.0,1613,153.23,105072,894928
2,21,2.0,2,0.19,0,2
3,21,3.0,2,0.19,0,3
100,21,82.0,65,6.17,18,82
200,21,163.0,120,11.4,37,163
2000,21,1726.0,502,47.69,274,1726
10000,21,8822.0,939,89.2,1178,8822
20000,21,17706.0,1022,97.09,2294,17706
40000,21,35536.0,1029,97.75,4464,35536
60000,21,53373.0,1062,100.89,6627,53373
80000,21,71209.0,1069,101.55,8791,71209
100000,21,89108.0,1069,101.55,10892,89108
200000,21,178544.0,1104,104.88,21456,178544
400000,21,357295.0,1153,109.53,42705,357295
600000,21,536242.0,1153,109.53,63758,536242
800000,21,715352.0,1153,109.53,84648,715352
1000000,21,894428.0,1154,109.63,105572,894428
2,22,1.0,2,0.19,1,1
3,22,2.0,2,0.19,1,2
100,22,86.0,56,5.32,14,86
200,22,168.0,94,8.93,32,168
2000,22,1733.0,568,53.96,267,1733
10000,22,8878.0,739,70.2,1122,8878
20000,22,17830.0,763,72.48,2170,17830
40000,22,35721.0,794,75.43,4279,35721
60000,22,53658.0,812,77.14,6342,53658
80000,22,71560.0,820,77.9,8440,71560
100000,22,89552.0,820,77.9,10448,89552
200000,22,179113.0,829,78.75,20887,179113
400000,22,357794.0,967,91.86,42206,357794
600000,22,536842.0,987,93.76,63158,536842
800000,22,716106.0,987,93.76,83894,716106
1000000,22,895165.0,987,93.76,104835,895165
2,23,2.0,2,0.19,0,2
3,23,3.0,2,0.19,0,3
100,23,84.0,63,5.98,16,84
200,23,169.0,125,11.88,31,169
2000,23,1734.0,483,45.88,266,1734
10000,23,8885.0,690,65.55,1115,8885
20000,23,17799.0,947,89.96,2201,17799
40000,23,35728.0,974,92.53,4272,35728
60000,23,53613.0,985,93.57,6387,53613
80000,23,71528.0,989,93.95,8472,71528
100000,23,89389.0,994,94.43,10611,89389
200000,23,179103.0,1001,95.09,20897,179103
400000,23,358111.0,1016,96.52,41889,358111
600000,23,537117.0,1019,96.8,62883,537117
800000,23,716121.0,1021,96.99,83879,716121
1000000,23,894971.0,1021,96.99,105029,894971
2,24,2.0,2,0.19,0,2
3,24,3.0,2,0.19,0,3
100,24,88.0,51,4.84,12,88
200,24,175.0,98,9.31,25,175
2000,24,1758.0,364,34.58,242,1758
10000,24,8894.0,702,66.69,1106,8894
20000,24,17754.0,749,71.15,2246,17754
40000,24,35686.0,751,71.34,4314,35686
60000,24,53522.0,778,73.91,6478,53522
80000,24,71432.0,778,73.91,8568,71432
100000,24,89380.0,780,74.1,10620,89380
200000,24,178718.0,877,83.31,21282,178718
400000,24,357794.0,880,83.6,42206,357794
600000,24,536713.0,885,84.07,63287,536713
800000,24,715959.0,885,84.07,84041,715959
1000000,24,894944.0,885,84.07,105056,894944
2,25,1.0,2,0.19,1,1
3,25,2.0,2,0.19,1,2
100,25,86.0,52,4.94,14,86
200,25,170.0,79,7.5,30,170
2000,25,1748.0,378,35.91,252,1748
10000,25,8908.0,561,53.29,1092,8908
20000,25,17786.0,637,60.51,2214,17786
40000,25,35666.0,647,61.46,4334,35666
60000,25,53597.0,676,64.22,6403,53597
80000,25,71507.0,684,64.98,8493,71507
100000,25,89385.0,687,65.26,10615,89385
200000,25,178993.0,699,66.4,21007,178993
400000,25,357974.0,724,68.78,42026,357974
600000,25,536943.0,734,69.73,63057,536943
800000,25,716228.0,734,69.73,83772,716228
1000000,25,895210.0,743,70.58,104790,895210
2,26,2.0,2,0.19,0,2
3,26,3.0,2,0.19,0,3
100,26,86.0,64,6.08,14,86
200,26,171.0,117,11.12,29,171
2000,26,1752.0,431,40.94,248,1752
10000,26,8854.0,904,85.88,1146,8854
20000,26,17794.0,1059,100.6,2206,17794
40000,26,35688.0,1088,103.36,4312,35688
60000,26,53644.0,1097,104.21,6356,53644
80000,26,71561.0,1123,106.68,8439,71561
100000,26,89471.0,1131,107.44,10529,89471
200000,26,179023.0,1167,110.86,20977,179023
400000,26,358156.0,1206,114.57,41844,358156
600000,26,537145.0,1215,115.42,62855,537145
800000,26,716359.0,1215,115.42,83641,716359
1000000,26,895318.0,1216,115.52,104682,895318
2,27,1.0,2,0.19,1,1
3,27,2.0,2,0.19,1,2
100,27,85.0,54,5.13,15,85
200,27,168.0,101,9.59,32,168
2000,27,1739.0,290,27.55,261,1739
10000,27,8867.0,475,45.12,1133,8867
20000,27,17890.0,479,45.5,2110,17890
40000,27,35797.0,483,45.88,4203,35797
60000,27,53689.0,562,53.39,6311,53689
80000,27,71584.0,578,54.91,8416,71584
100000,27,89456.0,598,56.81,10544,89456
200000,27,179047.0,617,58.61,20953,179047
400000,27,358260.0,621,58.99,41740,358260
600000,27,537282.0,625,59.37,62718,537282
800000,27,716134.0,630,59.85,83866,716134
1000000,27,894974.0,631,59.94,105026,894974
2,28,1.0,2,0.19,1,1
3,28,2.0,2,0.19,1,2
100,28,77.0,61,5.79,23,77
200,28,168.0,85,8.07,32,168
2000,28,1729.0,465,44.17,271,1729
10000,28,8884.0,658,62.51,1116,8884
20000,28,17824.0,691,65.64,2176,17824
40000,28,35630.0,791,75.14,4370,35630
60000,28,53528.0,797,75.71,6472,53528
80000,28,71471.0,811,77.04,8529,71471
100000,28,89424.0,811,77.04,10576,89424
200000,28,178888.0,817,77.61,21112,178888
400000,28,357952.0,827,78.56,42048,357952
600000,28,537061.0,827,78.56,62939,537061
800000,28,716289.0,830,78.85,83711,716289
1000000,28,895055.0,830,78.85,104945,895055
2,29,1.0,2,0.19,1,1
3,29,2.0,2,0.19,1,2
100,29,77.0,66,6.27,23,77
200,29,166.0,88,8.36,34,166
2000,29,1724.0,511,48.54,276,1724
10000,29,8944.0,648,61.56,1056,8944
20000,29,17875.0,871,82.74,2125,17875
40000,29,35822.0,900,85.5,4178,35822
60000,29,53787.0,911,86.54,6213,53787
80000,29,71586.0,942,89.49,8414,71586
100000,29,89452.0,950,90.25,10548,89452
200000,29,178933.0,963,91.48,21067,178933
400000,29,358043.0,966,91.77,41957,358043
600000,29,537002.0,1108,105.26,62998,537002
800000,29,716094.0,1121,106.49,83906,716094
1000000,29,895047.0,1121,106.49,104953,895047
2,30,2.0,2,0.19,0,2
3,30,3.0,2,0.19,0,3
100,30,82.0,56,5.32,18,82
200,30,166.0,102,9.69,34,166
2000,30,1748.0,524,49.78,252,1748
10000,30,8871.0,870,82.65,1129,8871
20000,30,17803.0,987,93.76,2197,17803
40000,30,35672.0,1024,97.28,4328,35672
60000,30,53565.0,1200,114.0,6435,53565
80000,30,71508.0,1201,114.09,8492,71508
100000,30,89383.0,1250,118.75,10617,89383
200000,30,179006.0,1262,119.89,20994,179006
400000,30,358165.0,1278,121.41,41835,358165
600000,30,536982.0,1305,123.97,63018,536982
800000,30,715927.0,1307,124.16,84073,715927
1000000,30,894933.0,1307,124.16,105067,894933
2,31,0.0,2,0.19,2,0
3,31,1.0,2,0.19,2,1
100,31,85.0,53,5.03,15,85
200,31,170.0,85,8.07,30,170
2000,31,1747.0,447,42.46,253,1747
10000,31,8861.0,739,70.2,1139,8861
20000,31,17808.0,765,72.67,2192,17808
40000,31,35760.0,818,77.71,4240,35760
60000,31,53585.0,1079,102.5,6415,53585
80000,31,71439.0,1130,107.35,8561,71439
100000,31,89307.0,1130,107.35,10693,89307
200000,31,178690.0,1224,116.28,21310,178690
400000,31,357749.0,1242,117.99,42251,357749
600000,31,536660.0,1243,118.08,63340,536660
800000,31,715705.0,1243,118.08,84295,715705
1000000,31,894703.0,1243,118.08,105297,894703
2,32,1.0,2,0.19,1,1
3,32,2.0,2,0.19,1,2
100,32,83.0,64,6.08,17,83
200,32,170.0,125,11.88,30,170
2000,32,1730.0,635,60.32,270,1730
10000,32,8873.0,1110,105.45,1127,8873
20000,32,17781.0,1276,121.22,2219,17781
40000,32,35718.0,1318,125.21,4282,35718
60000,32,53490.0,1422,135.09,6510,53490
80000,32,71468.0,1422,135.09,8532,71468
100000,32,89336.0,1452,137.94,10664,89336
200000,32,178859.0,1514,143.83,21141,178859
400000,32,357919.0,1557,147.91,42081,357919
600000,32,536940.0,1558,148.01,63060,536940
800000,32,715718.0,1571,149.24,84282,715718
1000000,32,894718.0,1571,149.24,105282,894718
2,33,1.0,2,0.19,1,1
3,33,2.0,2,0.19,1,2
100,33,80.0,49,4.65,20,80
200,33,172.0,67,6.36,28,172
2000,33,1770.0,286,27.17,230,1770
10000,33,8936.0,355,33.72,1064,8936
20000,33,17951.0,439,41.7,2049,17951
40000,33,35899.0,462,43.89,4101,35899
60000,33,53780.0,464,44.08,6220,53780
80000,33,71696.0,465,44.17,8304,71696
100000,33,89596.0,467,44.36,10404,89596
200000,33,179146.0,473,44.93,20854,179146
400000,33,358039.0,488,46.36,41961,358039
600000,33,537189.0,488,46.36,62811,537189
800000,33,716127.0,488,46.36,83873,716127
1000000,33,895154.0,489,46.45,104846,895154
2,34,1.0,2,0.19,1,1
3,34,2.0,2,0.19,1,2
100,34,78.0,65,6.17,22,78
200,34,160.0,107,10.16,40,160
2000,34,1745.0,325,30.87,255,1745
10000,34,8887.0,435,41.32,1113,8887
20000,34,17804.0,449,42.65,2196,17804
40000,34,35726.0,458,43.51,4274,35726
60000,34,53638.0,475,45.12,6362,53638
80000,34,71602.0,581,55.19,8398,71602
100000,34,89561.0,589,55.95,10439,89561
200000,34,179070.0,736,69.92,20930,179070
400000,34,358137.0,751,71.34,41863,358137
600000,34,536931.0,759,72.1,63069,536931
800000,34,715731.0,761,72.29,84269,715731
1000000,34,894653.0,761,72.29,105347,894653
2,35,2.0,2,0.19,0,2
3,35,2.0,2,0.19,1,2
100,35,85.0,59,5.6,15,85
200,35,174.0,94,8.93,26,174
2000,35,1753.0,565,53.67,247,1753
10000,35,8899.0,993,94.33,1101,8899
20000,35,17851.0,1019,96.8,2149,17851
40000,35,35843.0,1043,99.08,4157,35843
60000,35,53770.0,1076,102.22,6230,53770
80000,35,71671.0,1089,103.45,8329,71671
100000,35,89496.0,1104,104.88,10504,89496
200000,35,178924.0,1129,107.25,21076,178924
400000,35,357976.0,1133,107.63,42024,357976
600000,35,537227.0,1133,107.63,62773,537227
800000,35,716482.0,1133,107.63,83518,716482
1000000,35,895425.0,1136,107.92,104575,895425
2,36,2.0,2,0.19,0,2
3,36,3.0,2,0.19,0,3
100,36,87.0,63,5.98,13,87
200,36,176.0,108,10.26,24,176
2000,36,1754.0,388,36.86,246,1754
10000,36,8842.0,1020,96.9,1158,8842
20000,36,17785.0,1069,101.55,2215,17785
40000,36,35649.0,1088,103.36,4351,35649
60000,36,53438.0,1191,113.14,6562,53438
80000,36,71333.0,1192,113.24,8667,71333
100000,36,89212.0,1192,113.24,10788,89212
200000,36,178763.0,1195,113.52,21237,178763
400000,36,357807.0,1209,114.85,42193,357807
600000,36,536842.0,1210,114.95,63158,536842
800000,36,716043.0,1210,114.95,83957,716043
1000000,36,895449.0,1210,114.95,104551,895449
2,37,1.0,2,0.19,1,1
3,37,2.0,2,0.19,1,2
100,37,81.0,54,5.13,19,81
200,37,164.0,129,12.26,36,164
2000,37,1740.0,603,57.28,260,1740
10000,37,8874.0,886,84.17,1126,8874
20000,37,17836.0,920,87.4,2164,17836
40000,37,35681.0,1024,97.28,4319,35681
60000,37,53535.0,1100,104.5,6465,53535
80000,37,71466.0,1101,104.59,8534,71466
100000,37,89269.0,1157,109.91,10731,89269
200000,37,178826.0,1163,110.48,21174,178826
400000,37,357775.0,1212,115.14,42225,357775
600000,37,536531.0,1216,115.52,63469,536531
800000,37,715498.0,1216,115.52,84502,715498
1000000,37,894467.0,1218,115.71,105533,894467
2,38,2.0,2,0.19,0,2
3,38,3.0,2,0.19,0,3
100,38,84.0,58,5.51,16,84
200,38,174.0,143,13.59,26,174
2000,38,1719.0,664,63.08,281,1719
10000,38,8896.0,796,75.62,1104,8896
20000,38,17883.0,831,78.94,2117,17883
40000,38,35773.0,875,83.12,4227,35773
60000,38,53722.0,923,87.68,6278,53722
80000,38,71608.0,940,89.3,8392,71608
100000,38,89510.0,941,89.39,10490,89510
200000,38,179199.0,995,94.52,20801,179199
400000,38,358062.0,1258,119.51,41938,358062
600000,38,537183.0,1263,119.98,62817,537183
800000,38,715959.0,1266,120.27,84041,715959
1000000,38,894935.0,1388,131.86,105065,894935
2,39,2.0,2,0.19,0,2
3,39,3.0,2,0.19,0,3
100,39,77.0,63,5.98,23,77
200,39,161.0,106,10.07,39,161
2000,39,1733.0,575,54.62,267,1733
10000,39,8880.0,1024,97.28,1120,8880
20000,39,17801.0,1124,106.78,2199,17801
40000,39,35658.0,1187,112.76,4342,35658
60000,39,53439.0,1219,115.8,6561,53439
80000,39,71416.0,1219,115.8,8584,71416
100000,39,89382.0,1219,115.8,10618,89382
200000,39,179053.0,1235,117.32,20947,179053
400000,39,358092.0,1259,119.6,41908,358092
600000,39,537130.0,1263,119.98,62870,537130
800000,39,716112.0,1277,121.31,83888,716112
1000000,39,895049.0,1277,121.31,104951,895049
2,40,2.0,2,0.19,0,2
3,40,2.0,2,0.19,1,2
100,40,75.0,58,5.51,25,75
200,40,161.0,94,8.93,39,161
2000,40,1757.0,386,36.67,243,1757
10000,40,8918.0,677,64.31,1082,8918
20000,40,17784.0,782,74.29,2216,17784
40000,40,35620.0,856,81.32,4380,35620
60000,40,53476.0,910,86.45,6524,53476
80000,40,71441.0,914,86.83,8559,71441
100000,40,89263.0,920,87.4,10737,89263
200000,40,178810.0,921,87.49,21190,178810
400000,40,357785.0,936,88.92,42215,357785
600000,40,536918.0,936,88.92,63082,536918
800000,40,715719.0,936,88.92,84281,715719
1000000,40,894824.0,936,88.92,105176,894824
2,41,2.0,2,0.19,0,2
3,41,3.0,2,0.19,0,3
100,41,84.0,65,6.17,16,84
200,41,166.0,102,9.69,34,166
2000,41,1750.0,405,38.47,250,1750
10000,41,8887.0,525,49.87,1113,8887
20000,41,17798.0,949,90.15,2202,17798
40000,41,35617.0,1040,98.8,4383,35617
60000,41,53483.0,1181,112.19,6517,53483
80000,41,71383.0,1181,112.19,8617,71383
100000,41,89271.0,1184,112.48,10729,89271
200000,41,178701.0,1191,113.14,21299,178701
400000,41,357616.0,1197,113.71,42384,357616
600000,41,536643.0,1198,113.81,63357,536643
800000,41,715762.0,1198,113.81,84238,715762
1000000,41,894595.0,1199,113.9,105405,894595
2,42,2.0,2,0.19,0,2
3,42,2.0,2,0.19,1,2
100,42,85.0,62,5.89,15,85
200,42,171.0,107,10.16,29,171
2000,42,1737.0,455,43.22,263,1737
10000,42,8857.0,884,83.98,1143,8857
20000,42,17837.0,957,90.91,2163,17837
40000,42,35701.0,1148,109.06,4299,35701
60000,42,53630.0,1190,113.05,6370,53630
80000,42,71456.0,1281,121.69,8544,71456
100000,42,89374.0,1285,122.07,10626,89374
200000,42,178870.0,1343,127.58,21130,178870
400000,42,357881.0,1358,129.01,42119,357881
600000,42,536919.0,1453,138.03,63081,536919
800000,42,715878.0,1459,138.6,84122,715878
1000000,42,894695.0,1461,138.79,105305,894695
2,43,2.0,2,0.19,0,2
3,43,2.0,2,0.19,1,2
100,43,86.0,60,5.7,14,86
200,43,172.0,97,9.21,28,172
2000,43,1731.0,504,47.88,269,1731
10000,43,8865.0,619,58.8,1135,8865
20000,43,17735.0,673,63.93,2265,17735
40000,43,35661.0,691,65.64,4339,35661
60000,43,53500.0,697,66.21,6500,53500
80000,43,71431.0,697,66.21,8569,71431
100000,43,89264.0,700,66.5,10736,89264
200000,43,178825.0,744,70.68,21175,178825
400000,43,357695.0,814,77.33,42305,357695
600000,43,536756.0,820,77.9,63244,536756
800000,43,715514.0,824,78.28,84486,715514
1000000,43,894251.0,827,78.56,105749,894251
2,44,1.0,2,0.19,1,1
3,44,2.0,2,0.19,1,2
100,44,87.0,52,4.94,13,87
200,44,169.0,113,10.74,31,169
2000,44,1737.0,659,62.6,263,1737
10000,44,8817.0,1175,111.62,1183,8817
20000,44,17707.0,1213,115.23,2293,17707
40000,44,35623.0,1227,116.56,4377,35623
60000,44,53540.0,1227,116.56,6460,53540
80000,44,71403.0,1248,118.56,8597,71403
100000,44,89251.0,1270,120.65,10749,89251
200000,44,178787.0,1285,122.07,21213,178787
400000,44,357543.0,1319,125.3,42457,357543
600000,44,536646.0,1321,125.49,63354,536646
800000,44,715582.0,1321,125.49,84418,715582
1000000,44,894603.0,1321,125.49,105397,894603
2,45,1.0,2,0.19,1,1
3,45,1.0,2,0.19,2,1
100,45,83.0,58,5.51,17,83
200,45,166.0,93,8.83,34,166
2000,45,1750.0,433,41.13,250,1750
10000,45,8854.0,635,60.32,1146,8854
20000,45,17786.0,654,62.13,2214,17786
40000,45,35719.0,662,62.89,4281,35719
60000,45,53595.0,741,70.39,6405,53595
80000,45,71437.0,764,72.58,8563,71437
100000,45,89340.0,764,72.58,10660,89340
200000,45,178843.0,776,73.72,21157,178843
400000,45,357845.0,776,73.72,42155,357845
600000,45,536851.0,970,92.15,63149,536851
800000,45,715755.0,971,92.24,84245,715755
1000000,45,895108.0,971,92.24,104892,895108
2,46,2.0,2,0.19,0,2
3,46,3.0,2,0.19,0,3
100,46,88.0,55,5.22,12,88
200,46,170.0,104,9.88,30,170
2000,46,1730.0,523,49.68,270,1730
10000,46,8837.0,951,90.34,1163,8837
20000,46,17784.0,1018,96.71,2216,17784
40000,46,35670.0,1044,99.18,4330,35670
60000,46,53642.0,1044,99.18,6358,53642
80000,46,71448.0,1092,103.74,8552,71448
100000,46,89338.0,1094,103.93,10662,89338
200000,46,178740.0,1114,105.83,21260,178740
400000,46,357548.0,1115,105.92,42452,357548
600000,46,536416.0,1156,109.82,63584,536416
800000,46,715598.0,1156,109.82,84402,715598
1000000,46,894831.0,1156,109.82,105169,894831
2,47,2.0,2,0.19,0,2
3,47,3.0,2,0.19,0,3
100,47,85.0,58,5.51,15,85
200,47,168.0,100,9.5,32,168
2000,47,1719.0,580,55.1,281,1719
10000,47,8876.0,717,68.11,1124,8876
20000,47,17834.0,964,91.58,2166,17834
40000,47,35764.0,987,93.76,4236,35764
60000,47,53685.0,1031,97.94,6315,53685
80000,47,71550.0,1062,100.89,8450,71550
100000,47,89440.0,1065,101.17,10560,89440
200000,47,178845.0,1088,103.36,21155,178845
400000,47,357698.0,1098,104.31,42302,357698
600000,47,536538.0,1106,105.07,63462,536538
800000,47,715637.0,1108,105.26,84363,715637
1000000,47,894808.0,1108,105.26,105192,894808
2,48,1.0,2,0.19,1,1
3,48,2.0,2,0.19,1,2
100,48,78.0,58,5.51,22,78
200,48,170.0,89,8.45,30,170
2000,48,1751.0,421,39.99,249,1751
10000,48,8925.0,549,52.15,1075,8925
20000,48,17793.0,822,78.09,2207,17793
40000,48,35687.0,829,78.75,4313,35687
60000,48,53550.0,845,80.27,6450,53550
80000,48,71515.0,854,81.13,8485,71515
100000,48,89374.0,859,81.6,10626,89374
200000,48,178982.0,864,82.08,21018,178982
400000,48,358167.0,865,82.17,41833,358167
600000,48,537457.0,869,82.55,62543,537457
800000,48,716472.0,874,83.03,83528,716472
1000000,48,895501.0,878,83.41,104499,895501
2,49,1.0,2,0.19,1,1
3,49,2.0,2,0.19,1,2
100,49,83.0,47,4.46,17,83
200,49,171.0,78,7.41,29,171
2000,49,1751.0,431,40.94,249,1751
10000,49,8919.0,648,61.56,1081,8919
20000,49,17836.0,818,77.71,2164,17836
40000,49,35825.0,821,77.99,4175,35825
60000,49,53697.0,844,80.18,6303,53697
80000,49,71709.0,845,80.27,8291,71709
100000,49,89642.0,848,80.56,10358,89642
200000,49,179255.0,905,85.97,20745,179255
400000,49,358328.0,997,94.71,41672,358328
600000,49,537435.0,1030,97.85,62565,537435
800000,49,716342.0,1030,97.85,83658,716342
1000000,49,895292.0,1069,101.55,104708,895292
2,50,2.0,2,0.19,0,2
3,50,3.0,2,0.19,0,3
100,50,83.0,58,5.51,17,83
200,50,172.0,112,10.64,28,172
2000,50,1756.0,532,50.54,244,1756
10000,50,8860.0,848,80.56,1140,8860
20000,50,17796.0,896,85.12,2204,17796
40000,50,35652.0,921,87.49,4348,35652
60000,50,53621.0,921,87.49,6379,53621
80000,50,71450.0,926,87.97,8550,71450
100000,50,89293.0,934,88.73,10707,89293
200000,50,178733.0,935,88.82,21267,178733
400000,50,357487.0,989,93.95,42513,357487
600000,50,536463.0,1015,96.42,63537,536463
800000,50,715498.0,1021,96.99,84502,715498
1000000,50,894713.0,1021,96.99,105287,894713
2,51,2.0,2,0.19,0,2
3,51,2.0,2,0.19,1,2
100,51,83.0,54,5.13,17,83
200,51,159.0,103,9.78,41,159
2000,51,1738.0,453,43.03,262,1738
10000,51,8858.0,662,62.89,1142,8858
20000,51,17797.0,712,67.64,2203,17797
40000,51,35628.0,764,72.58,4372,35628
60000,51,53587.0,767,72.86,6413,53587
80000,51,71488.0,791,75.14,8512,71488
100000,51,89377.0,791,75.14,10623,89377
200000,51,178784.0,877,83.31,21216,178784
400000,51,357668.0,888,84.36,42332,357668
600000,51,536727.0,888,84.36,63273,536727
800000,51,715709.0,934,88.73,84291,715709
1000000,51,894627.0,934,88.73,105373,894627
2,52,2.0,2,0.19,0,2
3,52,3.0,2,0.19,0,3
100,52,84.0,47,4.46,16,84
200,52,167.0,114,10.83,33,167
2000,52,1735.0,375,35.62,265,1735
10000,52,8897.0,674,64.03,1103,8897
20000,52,17907.0,896,85.12,2093,17907
40000,52,35891.0,901,85.59,4109,35891
60000,52,53721.0,947,89.96,6279,53721
80000,52,71569.0,972,92.34,8431,71569
100000,52,89519.0,973,92.43,10481,89519
200000,52,179074.0,1058,100.51,20926,179074
400000,52,358191.0,1079,102.5,41809,358191
600000,52,537328.0,1094,103.93,62672,537328
800000,52,716432.0,1094,103.93,83568,716432
1000000,52,895382.0,1270,120.65,104618,895382
2,53,2.0,2,0.19,0,2
3,53,3.0,2,0.19,0,3
100,53,82.0,73,6.93,18,82
200,53,167.0,122,11.59,33,167
2000,53,1737.0,449,42.65,263,1737
10000,53,8854.0,822,78.09,1146,8854
20000,53,17784.0,833,79.13,2216,17784
40000,53,35680.0,842,79.99,4320,35680
60000,53,53566.0,882,83.79,6434,53566
80000,53,71446.0,886,84.17,8554,71446
100000,53,89399.0,886,84.17,10601,89399
200000,53,178951.0,892,84.74,21049,178951
400000,53,358089.0,895,85.02,41911,358089
600000,53,537157.0,902,85.69,62843,537157
800000,53,715852.0,947,89.96,84148,715852
1000000,53,894838.0,947,89.96,105162,894838
2,54,2.0,2,0.19,0,2
3,54,3.0,2,0.19,0,3
100,54,89.0,57,5.41,11,89
200,54,178.0,96,9.12,22,178
2000,54,1742.0,411,39.04,258,1742
10000,54,8893.0,541,51.39,1107,8893
20000,54,17862.0,549,52.15,2138,17862
40000,54,35756.0,561,53.29,4244,35756
60000,54,53699.0,603,57.28,6301,53699
80000,54,71631.0,603,57.28,8369,71631
100000,54,89539.0,677,64.31,10461,89539
200000,54,179093.0,726,68.97,20907,179093
400000,54,358256.0,730,69.35,41744,358256
600000,54,537085.0,731,69.44,62915,537085
800000,54,716165.0,733,69.63,83835,716165
1000000,54,894970.0,733,69.63,105030,894970
2,55,2.0,2,0.19,0,2
3,55,3.0,2,0.19,0,3
100,55,83.0,57,5.41,17,83
200,55,164.0,104,9.88,36,164
2000,55,1730.0,602,57.19,270,1730
10000,55,8851.0,730,69.35,1149,8851
20000,55,17793.0,801,76.09,2207,17793
40000,55,35723.0,841,79.89,4277,35723
60000,55,53666.0,863,81.98,6334,53666
80000,55,71623.0,888,84.36,8377,71623
100000,55,89437.0,963,91.48,10563,89437
200000,55,178951.0,976,92.72,21049,178951
400000,55,357954.0,992,94.24,42046,357954
600000,55,536583.0,1033,98.13,63417,536583
800000,55,715717.0,1033,98.13,84283,715717
1000000,55,894653.0,1033,98.13,105347,894653
2,56,2.0,2,0.19,0,2
3,56,3.0,2,0.19,0,3
100,56,79.0,64,6.08,21,79
200,56,167.0,110,10.45,33,167
2000,56,1741.0,475,45.12,259,1741
10000,56,8883.0,804,76.38,1117,8883
20000,56,17858.0,838,79.61,2142,17858
40000,56,35730.0,855,81.22,4270,35730
60000,56,53620.0,869,82.55,6380,53620
80000,56,71548.0,922,87.59,8452,71548
100000,56,89455.0,960,91.2,10545,89455
200000,56,178896.0,1001,95.09,21104,178896
400000,56,357872.0,1009,95.85,42128,357872
600000,56,537135.0,1009,95.85,62865,537135
800000,56,716111.0,1011,96.04,83889,716111
1000000,56,895247.0,1011,96.04,104753,895247
2,57,2.0,2,0.19,0,2
3,57,3.0,2,0.19,0,3
100,57,84.0,57,5.41,16,84
200,57,175.0,87,8.26,25,175
2000,57,1771.0,372,35.34,229,1771
10000,57,8917.0,756,71.82,1083,8917
20000,57,17829.0,852,80.94,2171,17829
40000,57,35784.0,928,88.16,4216,35784
60000,57,53725.0,1000,95.0,6275,53725
80000,57,71572.0,1019,96.8,8428,71572
100000,57,89481.0,1021,96.99,10519,89481
200000,57,178959.0,1176,111.72,21041,178959
400000,57,357966.0,1219,115.8,42034,357966
600000,57,536971.0,1220,115.9,63029,536971
800000,57,716026.0,1230,116.85,83974,716026
1000000,57,894951.0,1230,116.85,105049,894951
2,58,2.0,2,0.19,0,2
3,58,3.0,2,0.19,0,3
100,58,88.0,55,5.22,12,88
200,58,174.0,111,10.55,26,174
2000,58,1736.0,639,60.7,264,1736
10000,58,8879.0,1153,109.53,1121,8879
20000,58,17842.0,1323,125.68,2158,17842
40000,58,35640.0,1442,136.99,4360,35640
60000,58,53504.0,1451,137.84,6496,53504
80000,58,71439.0,1456,138.32,8561,71439
100000,58,89359.0,1472,139.84,10641,89359
200000,58,178818.0,1498,142.31,21182,178818
400000,58,357749.0,1521,144.49,42251,357749
600000,58,536558.0,1535,145.82,63442,536558
800000,58,715749.0,1535,145.82,84251,715749
1000000,58,894756.0,1535,145.82,105244,894756
2,59,2.0,2,0.19,0,2
3,59,3.0,2,0.19,0,3
100,59,85.0,63,5.98,15,85
200,59,164.0,115,10.93,36,164
2000,59,1724.0,666,63.27,276,1724
10000,59,8846.0,1084,102.98,1154,8846
20000,59,17785.0,1163,110.48,2215,17785
40000,59,35735.0,1193,113.33,4265,35735
60000,59,53620.0,1308,124.26,6380,53620
80000,59,71546.0,1310,124.45,8454,71546
100000,59,89427.0,1320,125.4,10573,89427
200000,59,179005.0,1367,129.86,20995,179005
400000,59,358058.0,1379,131.0,41942,358058
600000,59,537024.0,1396,132.62,62976,537024
800000,59,716038.0,1396,132.62,83962,716038
1000000,59,895259.0,1397,132.71,104741,895259
2,60,2.0,2,0.19,0,2
3,60,3.0,2,0.19,0,3
100,60,86.0,55,5.22,14,86
200,60,166.0,117,11.12,34,166
2000,60,1755.0,597,56.71,245,1755
10000,60,8882.0,811,77.04,1118,8882
20000,60,17785.0,962,91.39,2215,17785
40000,60,35713.0,972,92.34,4287,35713
60000,60,53698.0,984,93.48,6302,53698
80000,60,71672.0,984,93.48,8328,71672
100000,60,89510.0,998,94.81,10490,89510
200000,60,179034.0,1013,96.23,20966,179034
400000,60,357962.0,1028,97.66,42038,357962
600000,60,536963.0,1029,97.75,63037,536963
800000,60,716140.0,1029,97.75,83860,716140
1000000,60,895282.0,1029,97.75,104718,895282
2,61,2.0,2,0.19,0,2
3,61,3.0,2,0.19,0,3
100,61,90.0,51,4.84,10,90
200,61,179.0,92,8.74,21,179
2000,61,1745.0,436,41.42,255,1745
10000,61,8899.0,542,51.49,1101,8899
20000,61,17830.0,590,56.05,2170,17830
40000,61,35775.0,591,56.14,4225,35775
60000,61,53690.0,592,56.24,6310,53690
80000,61,71624.0,595,56.52,8376,71624
100000,61,89500.0,595,56.52,10500,89500
200000,61,178942.0,600,57.0,21058,178942
400000,61,357766.0,799,75.9,42234,357766
600000,61,537115.0,799,75.9,62885,537115
800000,61,716124.0,799,75.9,83876,716124
1000000,61,895225.0,799,75.9,104775,895225
2,62,1.0,2,0.19,1,1
3,62,2.0,2,0.19,1,2
100,62,76.0,55,5.22,24,76
200,62,165.0,83,7.88,35,165
2000,62,1714.0,482,45.79,286,1714
10000,62,8839.0,556,52.82,1161,8839
20000,62,17802.0,560,53.2,2198,17802
40000,62,35666.0,563,53.48,4334,35666
60000,62,53634.0,563,53.48,6366,53634
80000,62,71446.0,592,56.24,8554,71446
100000,62,89400.0,592,56.24,10600,89400
200000,62,178926.0,604,57.38,21074,178926
400000,62,357829.0,627,59.56,42171,357829
600000,62,536794.0,627,59.56,63206,536794
800000,62,715902.0,629,59.75,84098,715902
1000000,62,894988.0,629,59.75,105012,894988
2,63,2.0,2,0.19,0,2
3,63,3.0,2,0.19,0,3
100,63,86.0,62,5.89,14,86
200,63,175.0,98,9.31,25,175
2000,63,1742.0,487,46.26,258,1742
10000,63,8891.0,705,66.97,1109,8891
20000,63,17845.0,726,68.97,2155,17845
40000,63,35742.0,769,73.05,4258,35742
60000,63,53609.0,877,83.31,6391,53609
80000,63,71520.0,896,85.12,8480,71520
100000,63,89415.0,897,85.21,10585,89415
200000,63,178763.0,933,88.63,21237,178763
400000,63,357614.0,998,94.81,42386,357614
600000,63,536394.0,1002,95.19,63606,536394
800000,63,715345.0,1002,95.19,84655,715345
1000000,63,894246.0,1031,97.94,105754,894246
2,64,1.0,2,0.19,1,1
3,64,2.0,2,0.19,1,2
100,64,83.0,50,4.75,17,83
200,64,171.0,81,7.69,29,171
2000,64,1754.0,514,48.83,246,1754
10000,64,8849.0,706,67.07,1151,8849
20000,64,17822.0,720,68.4,2178,17822
40000,64,35680.0,736,69.92,4320,35680
60000,64,53491.0,794,75.43,6509,53491
80000,64,71322.0,879,83.5,8678,71322
100000,64,89172.0,882,83.79,10828,89172
200000,64,178567.0,885,84.07,21433,178567
400000,64,357495.0,886,84.17,42505,357495
600000,64,536376.0,886,84.17,63624,536376
800000,64,715512.0,886,84.17,84488,715512
1000000,64,894602.0,886,84.17,105398,894602
2,65,2.0,2,0.19,0,2
3,65,3.0,2,0.19,0,3
100,65,90.0,48,4.56,10,90
200,65,171.0,93,8.83,29,171
2000,65,1749.0,443,42.08,251,1749
10000,65,8838.0,883,83.88,1162,8838
20000,65,17805.0,1015,96.42,2195,17805
40000,65,35711.0,1060,100.7,4289,35711
60000,65,53585.0,1114,105.83,6415,53585
80000,65,71492.0,1120,106.4,8508,71492
100000,65,89369.0,1281,121.69,10631,89369
200000,65,178788.0,1296,123.12,21212,178788
400000,65,357732.0,1406,133.57,42268,357732
600000,65,536708.0,1407,133.66,63292,536708
800000,65,715521.0,1419,134.8,84479,715521
1000000,65,894624.0,1419,134.8,105376,894624
2,66,1.0,2,0.19,1,1
3,66,1.0,2,0.19,2,1
100,66,81.0,59,5.6,19,81
200,66,167.0,105,9.97,33,167
2000,66,1752.0,358,34.01,248,1752
10000,66,8923.0,625,59.37,1077,8923
20000,66,17825.0,884,83.98,2175,17825
40000,66,35667.0,921,87.49,4333,35667
60000,66,53507.0,936,88.92,6493,53507
80000,66,71387.0,937,89.01,8613,71387
100000,66,89276.0,941,89.39,10724,89276
200000,66,178743.0,1022,97.09,21257,178743
400000,66,357758.0,1026,97.47,42242,357758
600000,66,536666.0,1026,97.47,63334,536666
800000,66,715745.0,1026,97.47,84255,715745
1000000,66,894702.0,1027,97.56,105298,894702
2,67,2.0,2,0.19,0,2
3,67,3.0,2,0.19,0,3
100,67,83.0,64,6.08,17,83
200,67,170.0,107,10.16,30,170
2000,67,1755.0,412,39.14,245,1755
10000,67,8866.0,740,70.3,1134,8866
20000,67,17827.0,748,71.06,2173,17827
40000,67,35773.0,752,71.44,4227,35773
60000,67,53640.0,757,71.91,6360,53640
80000,67,71561.0,765,72.67,8439,71561
100000,67,89486.0,765,72.67,10514,89486
200000,67,178837.0,785,74.57,21163,178837
400000,67,358055.0,795,75.52,41945,358055
600000,67,537030.0,799,75.9,62970,537030
800000,67,715971.0,808,76.76,84029,715971
1000000,67,894857.0,813,77.23,105143,894857
2,68,2.0,2,0.19,0,2
3,68,3.0,2,0.19,0,3
100,68,83.0,58,5.51,17,83
200,68,166.0,94,8.93,34,166
2000,68,1743.0,315,29.92,257,1743
10000,68,8875.0,646,61.37,1125,8875
20000,68,17780.0,763,72.48,2220,17780
40000,68,35672.0,827,78.56,4328,35672
60000,68,53545.0,832,79.04,6455,53545
80000,68,71516.0,837,79.51,8484,71516
100000,68,89410.0,842,79.99,10590,89410
200000,68,178954.0,848,80.56,21046,178954
400000,68,357834.0,859,81.6,42166,357834
600000,68,536815.0,860,81.7,63185,536815
800000,68,715833.0,860,81.7,84167,715833
1000000,68,894844.0,860,81.7,105156,894844
2,69,2.0,2,0.19,0,2
3,69,3.0,2,0.19,0,3
100,69,95.0,63,5.98,5,95
200,69,178.0,135,12.83,22,178
2000,69,1751.0,603,57.28,249,1751
10000,69,8856.0,1156,109.82,1144,8856
20000,69,17805.0,1248,118.56,2195,17805
40000,69,35722.0,1488,141.36,4278,35722
60000,69,53627.0,1547,146.96,6373,53627
80000,69,71542.0,1580,150.1,8458,71542
100000,69,89464.0,1634,155.23,10536,89464
200000,69,179072.0,1640,155.8,20928,179072
400000,69,357938.0,1671,158.74,42062,357938
600000,69,536978.0,1745,165.77,63022,536978
800000,69,716002.0,1746,165.87,83998,716002
1000000,69,895068.0,1753,166.53,104932,895068
2,70,2.0,2,0.19,0,2
3,70,3.0,2,0.19,0,3
100,70,86.0,73,6.93,14,86
200,70,173.0,122,11.59,27,173
2000,70,1732.0,421,39.99,268,1732
10000,70,8908.0,790,75.05,1092,8908
20000,70,17834.0,864,82.08,2166,17834
40000,70,35715.0,896,85.12,4285,35715
60000,70,53559.0,1069,101.55,6441,53559
80000,70,71468.0,1072,101.84,8532,71468
100000,70,89321.0,1096,104.12,10679,89321
200000,70,178715.0,1138,108.11,21285,178715
400000,70,357756.0,1144,108.68,42244,357756
600000,70,536808.0,1147,108.96,63192,536808
800000,70,715939.0,1147,108.96,84061,715939
1000000,70,894966.0,1147,108.96,105034,894966
2,71,2.0,2,0.19,0,2
3,71,3.0,2,0.19,0,3
100,71,84.0,61,5.79,16,84
200,71,162.0,121,11.5,38,162
2000,71,1741.0,557,52.91,259,1741
10000,71,8908.0,739,70.2,1092,8908
20000,71,17813.0,760,72.2,2187,17813
40000,71,35642.0,803,76.28,4358,35642
60000,71,53603.0,803,76.28,6397,53603
80000,71,71533.0,812,77.14,8467,71533
100000,71,89431.0,817,77.61,10569,89431
200000,71,178714.0,832,79.04,21286,178714
400000,71,357708.0,876,83.22,42292,357708
600000,71,536449.0,885,84.07,63551,536449
800000,71,715327.0,885,84.07,84673,715327
1000000,71,894455.0,885,84.07,105545,894455
2,72,2.0,2,0.19,0,2
3,72,3.0,2,0.19,0,3
100,72,79.0,51,4.84,21,79
200,72,161.0,120,11.4,39,161
2000,72,1746.0,334,31.73,254,1746
10000,72,8844.0,461,43.79,1156,8844
20000,72,17811.0,466,44.27,2189,17811
40000,72,35762.0,466,44.27,4238,35762
60000,72,53719.0,466,44.27,6281,53719
80000,72,71595.0,470,44.65,8405,71595
100000,72,89464.0,809,76.85,10536,89464
200000,72,178962.0,851,80.84,21038,178962
400000,72,357873.0,902,85.69,42127,357873
600000,72,537093.0,902,85.69,62907,537093
800000,72,716030.0,922,87.59,83970,716030
1000000,72,894955.0,922,87.59,105045,894955
2,73,1.0,2,0.19,1,1
3,73,2.0,2,0.19,1,2
100,73,80.0,53,5.03,20,80
200,73,165.0,108,10.26,35,165
2000,73,1741.0,555,52.72,259,1741
10000,73,8864.0,849,80.65,1136,8864
20000,73,17849.0,862,81.89,2151,17849
40000,73,35753.0,897,85.21,4247,35753
60000,73,53619.0,910,86.45,6381,53619
80000,73,71552.0,916,87.02,8448,71552
100000,73,89380.0,918,87.21,10620,89380
200000,73,179030.0,1069,101.55,20970,179030
400000,73,358040.0,1232,117.04,41960,358040
600000,73,536934.0,1233,117.13,63066,536934
800000,73,715952.0,1238,117.61,84048,715952
1000000,73,894805.0,1248,118.56,105195,894805
2,74,2.0,2,0.19,0,2
3,74,3.0,2,0.19,0,3
100,74,85.0,69,6.55,15,85
200,74,168.0,111,10.55,32,168
2000,74,1728.0,536,50.92,272,1728
10000,74,8862.0,779,74.0,1138,8862
20000,74,17799.0,823,78.18,2201,17799
40000,74,35698.0,861,81.79,4302,35698
60000,74,53577.0,876,83.22,6423,53577
80000,74,71505.0,882,83.79,8495,71505
100000,74,89471.0,883,83.88,10529,89471
200000,74,178981.0,905,85.97,21019,178981
400000,74,357919.0,943,89.58,42081,357919
600000,74,536968.0,950,90.25,63032,536968
800000,74,716016.0,955,90.72,83984,716016
1000000,74,894739.0,959,91.1,105261,894739
2,75,2.0,2,0.19,0,2
3,75,2.0,2,0.19,1,2
100,75,86.0,62,5.89,14,86
200,75,165.0,111,10.55,35,165
2000,75,1714.0,683,64.88,286,1714
10000,75,8857.0,890,84.55,1143,8857
20000,75,17721.0,1013,96.23,2279,17721
40000,75,35607.0,1015,96.42,4393,35607
60000,75,53543.0,1041,98.89,6457,53543
80000,75,71451.0,1042,98.99,8549,71451
100000,75,89375.0,1042,98.99,10625,89375
200000,75,178900.0,1064,101.08,21100,178900
400000,75,357941.0,1148,109.06,42059,357941
600000,75,537019.0,1149,109.15,62981,537019
800000,75,716197.0,1149,109.15,83803,716197
1000000,75,894927.0,1154,109.63,105073,894927
2,76,2.0,2,0.19,0,2
3,76,3.0,2,0.19,0,3
100,76,87.0,58,5.51,13,87
200,76,168.0,103,9.78,32,168
2000,76,1737.0,565,53.67,263,1737
10000,76,8859.0,878,83.41,1141,8859
20000,76,17847.0,914,86.83,2153,17847
40000,76,35741.0,1095,104.02,4259,35741
60000,76,53705.0,1104,104.88,6295,53705
80000,76,71549.0,1113,105.73,8451,71549
100000,76,89487.0,1118,106.21,10513,89487
200000,76,179122.0,1209,114.85,20878,179122
400000,76,358295.0,1352,128.44,41705,358295
600000,76,537414.0,1357,128.91,62586,537414
800000,76,716462.0,1359,129.1,83538,716462
1000000,76,895332.0,1411,134.04,104668,895332
2,77,1.0,2,0.19,1,1
3,77,2.0,2,0.19,1,2
100,77,88.0,69,6.55,12,88
200,77,168.0,113,10.74,32,168
2000,77,1731.0,500,47.5,269,1731
10000,77,8859.0,669,63.55,1141,8859
20000,77,17799.0,732,69.54,2201,17799
40000,77,35716.0,749,71.15,4284,35716
60000,77,53662.0,759,72.1,6338,53662
80000,77,71580.0,790,75.05,8420,71580
100000,77,89497.0,792,75.24,10503,89497
200000,77,179079.0,802,76.19,20921,179079
400000,77,358020.0,811,77.04,41980,358020
600000,77,537053.0,812,77.14,62947,537053
800000,77,716043.0,812,77.14,83957,716043
1000000,77,894842.0,872,82.84,105158,894842
2,78,2.0,2,0.19,0,2
3,78,3.0,2,0.19,0,3
100,78,87.0,65,6.17,13,87
200,78,171.0,125,11.88,29,171
2000,78,1726.0,425,40.37,274,1726
10000,78,8859.0,817,77.61,1141,8859
20000,78,17795.0,868,82.46,2205,17795
40000,78,35708.0,882,83.79,4292,35708
60000,78,53577.0,983,93.38,6423,53577
80000,78,71420.0,985,93.57,8580,71420
100000,78,89354.0,989,93.95,10646,89354
200000,78,178888.0,994,94.43,21112,178888
400000,78,358197.0,1021,96.99,41803,358197
600000,78,537161.0,1032,98.04,62839,537161
800000,78,716082.0,1033,98.13,83918,716082
1000000,78,895018.0,1037,98.51,104982,895018
2,79,2.0,2,0.19,0,2
3,79,3.0,2,0.19,0,3
100,79,85.0,67,6.36,15,85
200,79,163.0,121,11.5,37,163
2000,79,1703.0,713,67.73,297,1703
10000,79,8860.0,942,89.49,1140,8860
20000,79,17772.0,1043,99.08,2228,17772
40000,79,35691.0,1046,99.37,4309,35691
60000,79,53488.0,1080,102.6,6512,53488
80000,79,71361.0,1098,104.31,8639,71361
100000,79,89330.0,1098,104.31,10670,89330
200000,79,178846.0,1156,109.82,21154,178846
400000,79,357650.0,1175,111.62,42350,357650
600000,79,536832.0,1180,112.1,63168,536832
800000,79,715813.0,1181,112.19,84187,715813
1000000,79,894873.0,1181,112.19,105127,894873
2,80,1.0,2,0.19,1,1
3,80,2.0,2,0.19,1,2
100,80,84.0,51,4.84,16,84
200,80,168.0,82,7.79,32,168
2000,80,1779.0,477,45.31,221,1779
10000,80,8935.0,898,85.31,1065,8935
20000,80,17880.0,1002,95.19,2120,17880
40000,80,35772.0,1215,115.42,4228,35772
60000,80,53700.0,1246,118.37,6300,53700
80000,80,71594.0,1280,121.6,8406,71594
100000,80,89513.0,1310,124.45,10487,89513
200000,80,178900.0,1340,127.3,21100,178900
400000,80,357967.0,1378,130.91,42033,357967
600000,80,536888.0,1390,132.05,63112,536888
800000,80,715855.0,1424,135.28,84145,715855
1000000,80,894926.0,1428,135.66,105074,894926
2,81,2.0,2,0.19,0,2
3,81,3.0,2,0.19,0,3
100,81,83.0,65,6.17,17,83
200,81,167.0,149,14.16,33,167
2000,81,1704.0,583,55.38,296,1704
10000,81,8824.0,876,83.22,1176,8824
20000,81,17764.0,902,85.69,2236,17764
40000,81,35677.0,928,88.16,4323,35677
60000,81,53580.0,960,91.2,6420,53580
80000,81,71510.0,960,91.2,8490,71510
100000,81,89454.0,960,91.2,10546,89454
200000,81,179069.0,964,91.58,20931,179069
400000,81,358041.0,1022,97.09,41959,358041
600000,81,536990.0,1051,99.84,63010,536990
800000,81,715953.0,1051,99.84,84047,715953
1000000,81,894756.0,1075,102.12,105244,894756
2,82,1.0,2,0.19,1,1
3,82,2.0,2,0.19,1,2
100,82,83.0,63,5.98,17,83
200,82,176.0,131,12.45,24,176
2000,82,1725.0,646,61.37,275,1725
10000,82,8842.0,778,73.91,1158,8842
20000,82,17767.0,819,77.8,2233,17767
40000,82,35714.0,819,77.8,4286,35714
60000,82,53588.0,827,78.56,6412,53588
80000,82,71450.0,879,83.5,8550,71450
100000,82,89262.0,885,84.07,10738,89262
200000,82,178889.0,889,84.45,21111,178889
400000,82,357654.0,893,84.83,42346,357654
600000,82,536755.0,893,84.83,63245,536755
800000,82,715734.0,893,84.83,84266,715734
1000000,82,894833.0,893,84.83,105167,894833
2,83,1.0,2,0.19,1,1
3,83,1.0,2,0.19,2,1
100,83,86.0,55,5.22,14,86
200,83,170.0,100,9.5,30,170
2000,83,1729.0,505,47.97,271,1729
10000,83,8875.0,745,70.77,1125,8875
20000,83,17864.0,754,71.63,2136,17864
40000,83,35715.0,825,78.37,4285,35715
60000,83,53587.0,846,80.37,6413,53587
80000,83,71451.0,848,80.56,8549,71451
100000,83,89340.0,849,80.65,10660,89340
200000,83,178938.0,849,80.65,21062,178938
400000,83,358005.0,880,83.6,41995,358005
600000,83,536986.0,953,90.53,63014,536986
800000,83,716031.0,962,91.39,83969,716031
1000000,83,894974.0,962,91.39,105026,894974
2,84,2.0,2,0.19,0,2
3,84,3.0,2,0.19,0,3
100,84,76.0,64,6.08,24,76
200,84,159.0,116,11.02,41,159
2000,84,1749.0,397,37.71,251,1749
10000,84,8847.0,526,49.97,1153,8847
20000,84,17751.0,726,68.97,2249,17751
40000,84,35606.0,789,74.95,4394,35606
60000,84,53414.0,809,76.85,6586,53414
80000,84,71320.0,833,79.13,8680,71320
100000,84,89241.0,833,79.13,10759,89241
200000,84,178630.0,992,94.24,21370,178630
400000,84,357719.0,1039,98.7,42281,357719
600000,84,536591.0,1039,98.7,63409,536591
800000,84,715669.0,1040,98.8,84331,715669
1000000,84,894538.0,1040,98.8,105462,894538
2,85,2.0,2,0.19,0,2
3,85,3.0,2,0.19,0,3
100,85,87.0,58,5.51,13,87
200,85,177.0,85,8.07,23,177
2000,85,1748.0,504,47.88,252,1748
10000,85,8883.0,809,76.85,1117,8883
20000,85,17801.0,973,92.43,2199,17801
40000,85,35740.0,989,93.95,4260,35740
60000,85,53759.0,1086,103.17,6241,53759
80000,85,71724.0,1091,103.64,8276,71724
100000,85,89617.0,1103,104.78,10383,89617
200000,85,178949.0,1136,107.92,21051,178949
400000,85,358022.0,1166,110.77,41978,358022
600000,85,537117.0,1170,111.15,62883,537117
800000,85,716182.0,1170,111.15,83818,716182
1000000,85,895346.0,1171,111.24,104654,895346
2,86,2.0,2,0.19,0,2
3,86,3.0,2,0.19,0,3
100,86,85.0,67,6.36,15,85
200,86,172.0,124,11.78,28,172
2000,86,1722.0,560,53.2,278,1722
10000,86,8885.0,781,74.19,1115,8885
20000,86,17809.0,888,84.36,2191,17809
40000,86,35686.0,929,88.25,4314,35686
60000,86,53704.0,929,88.25,6296,53704
80000,86,71636.0,931,88.44,8364,71636
100000,86,89544.0,933,88.63,10456,89544
200000,86,179180.0,950,90.25,20820,179180
400000,86,358186.0,955,90.72,41814,358186
600000,86,537226.0,959,91.1,62774,537226
800000,86,716202.0,960,91.2,83798,716202
1000000,86,895330.0,960,91.2,104670,895330
2,87,2.0,2,0.19,0,2
3,87,3.0,2,0.19,0,3
100,87,87.0,56,5.32,13,87
200,87,175.0,109,10.36,25,175
2000,87,1723.0,532,50.54,277,1723
10000,87,8867.0,672,63.84,1133,8867
20000,87,17786.0,683,64.88,2214,17786
40000,87,35696.0,687,65.26,4304,35696
60000,87,53623.0,691,65.64,6377,53623
80000,87,71574.0,691,65.64,8426,71574
100000,87,89522.0,691,65.64,10478,89522
200000,87,178979.0,728,69.16,21021,178979
400000,87,358015.0,732,69.54,41985,358015
600000,87,536926.0,744,70.68,63074,536926
800000,87,716052.0,744,70.68,83948,716052
1000000,87,895020.0,744,70.68,104980,895020
2,88,2.0,2,0.19,0,2
3,88,3.0,2,0.19,0,3
100,88,90.0,60,5.7,10,90
200,88,177.0,142,13.49,23,177
2000,88,1734.0,587,55.76,266,1734
10000,88,8855.0,895,85.02,1145,8855
20000,88,17809.0,985,93.57,2191,17809
40000,88,35660.0,1257,119.41,4340,35660
60000,88,53589.0,1267,120.36,6411,53589
80000,88,71403.0,1309,124.35,8597,71403
100000,88,89305.0,1320,125.4,10695,89305
200000,88,178923.0,1324,125.78,21077,178923
400000,88,357992.0,1342,127.49,42008,357992
600000,88,536986.0,1342,127.49,63014,536986
800000,88,716034.0,1345,127.77,83966,716034
1000000,88,894968.0,1345,127.77,105032,894968
2,89,2.0,2,0.19,0,2
3,89,3.0,2,0.19,0,3
100,89,76.0,62,5.89,24,76
200,89,147.0,99,9.4,53,147
2000,89,1721.0,606,57.57,279,1721
10000,89,8839.0,812,77.14,1161,8839
20000,89,17803.0,819,77.8,2197,17803
40000,89,35645.0,870,82.65,4355,35645
60000,89,53574.0,876,83.22,6426,53574
80000,89,71471.0,888,84.36,8529,71471
100000,89,89325.0,902,85.69,10675,89325
200000,89,178874.0,1044,99.18,21126,178874
400000,89,357913.0,1229,116.75,42087,357913
600000,89,536832.0,1236,117.42,63168,536832
800000,89,715656.0,1237,117.51,84344,715656
1000000,89,894770.0,1237,117.51,105230,894770
2,90,2.0,2,0.19,0,2
3,90,3.0,2,0.19,0,3
100,90,78.0,68,6.46,22,78
200,90,157.0,130,12.35,43,157
2000,90,1739.0,468,44.46,261,1739
10000,90,8832.0,773,73.43,1168,8832
20000,90,17769.0,809,76.85,2231,17769
40000,90,35653.0,821,77.99,4347,35653
60000,90,53489.0,891,84.64,6511,53489
80000,90,71425.0,895,85.02,8575,71425
100000,90,89336.0,895,85.02,10664,89336
200000,90,178853.0,898,85.31,21147,178853
400000,90,357891.0,913,86.73,42109,357891
600000,90,536819.0,916,87.02,63181,536819
800000,90,715659.0,920,87.4,84341,715659
1000000,90,894690.0,920,87.4,105310,894690
2,91,1.0,2,0.19,1,1
3,91,2.0,2,0.19,1,2
100,91,85.0,65,6.17,15,85
200,91,169.0,128,12.16,31,169
2000,91,1766.0,559,53.1,234,1766
10000,91,8849.0,1230,116.85,1151,8849
20000,91,17785.0,1247,118.46,2215,17785
40000,91,35607.0,1379,131.0,4393,35607
60000,91,53577.0,1380,131.1,6423,53577
80000,91,71492.0,1382,131.29,8508,71492
100000,91,89440.0,1382,131.29,10560,89440
200000,91,178989.0,1409,133.85,21011,178989
400000,91,357904.0,1508,143.26,42096,357904
600000,91,537071.0,1508,143.26,62929,537071
800000,91,716195.0,1517,144.11,83805,716195
1000000,91,895318.0,1640,155.8,104682,895318
2,92,0.0,2,0.19,2,0
3,92,1.0,2,0.19,2,1
100,92,80.0,67,6.36,20,80
200,92,163.0,120,11.4,37,163
2000,92,1718.0,690,65.55,282,1718
10000,92,8817.0,1143,108.58,1183,8817
20000,92,17754.0,1182,112.29,2246,17754
40000,92,35607.0,1226,116.47,4393,35607
60000,92,53520.0,1231,116.94,6480,53520
80000,92,71448.0,1256,119.32,8552,71448
100000,92,89352.0,1256,119.32,10648,89352
200000,92,178885.0,1338,127.11,21115,178885
400000,92,357837.0,1357,128.91,42163,357837
600000,92,536898.0,1357,128.91,63102,536898
800000,92,715700.0,1458,138.51,84300,715700
1000000,92,894556.0,1494,141.93,105444,894556
2,93,2.0,2,0.19,0,2
3,93,3.0,2,0.19,0,3
100,93,78.0,61,5.79,22,78
200,93,168.0,121,11.5,32,168
2000,93,1734.0,632,60.04,266,1734
10000,93,8891.0,949,90.15,1109,8891
20000,93,17850.0,1008,95.76,2150,17850
40000,93,35725.0,1088,103.36,4275,35725
60000,93,53643.0,1119,106.3,6357,53643
80000,93,71496.0,1161,110.29,8504,71496
100000,93,89413.0,1164,110.58,10587,89413
200000,93,178886.0,1206,114.57,21114,178886
400000,93,357840.0,1248,118.56,42160,357840
600000,93,536951.0,1253,119.03,63049,536951
800000,93,716132.0,1254,119.13,83868,716132
1000000,93,895074.0,1272,120.84,104926,895074
2,94,2.0,2,0.19,0,2
3,94,3.0,2,0.19,0,3
100,94,83.0,56,5.32,17,83
200,94,167.0,91,8.64,33,167
2000,94,1723.0,525,49.87,277,1723
10000,94,8885.0,603,57.28,1115,8885
20000,94,17813.0,751,71.34,2187,17813
40000,94,35762.0,757,71.91,4238,35762
60000,94,53699.0,765,72.67,6301,53699
80000,94,71589.0,766,72.77,8411,71589
100000,94,89480.0,768,72.96,10520,89480
200000,94,179041.0,779,74.0,20959,179041
400000,94,358116.0,805,76.47,41884,358116
600000,94,537057.0,805,76.47,62943,537057
800000,94,716066.0,806,76.57,83934,716066
1000000,94,895045.0,806,76.57,104955,895045
2,95,1.0,2,0.19,1,1
3,95,2.0,2,0.19,1,2
100,95,86.0,53,5.03,14,86
200,95,167.0,121,11.5,33,167
2000,95,1713.0,591,56.14,287,1713
10000,95,8868.0,838,79.61,1132,8868
20000,95,17786.0,902,85.69,2214,17786
40000,95,35700.0,1098,104.31,4300,35700
60000,95,53637.0,1103,104.78,6363,53637
80000,95,71477.0,1190,113.05,8523,71477
100000,95,89360.0,1254,119.13,10640,89360
200000,95,178871.0,1305,123.97,21129,178871
400000,95,357807.0,1310,124.45,42193,357807
600000,95,536801.0,1320,125.4,63199,536801
800000,95,716029.0,1320,125.4,83971,716029
1000000,95,894964.0,1335,126.82,105036,894964
2,96,2.0,2,0.19,0,2
3,96,3.0,2,0.19,0,3
100,96,82.0,54,5.13,18,82
200,96,167.0,108,10.26,33,167
2000,96,1765.0,358,34.01,235,1765
10000,96,8915.0,624,59.28,1085,8915
20000,96,17855.0,703,66.78,2145,17855
40000,96,35710.0,830,78.85,4290,35710
60000,96,53557.0,851,80.84,6443,53557
80000,96,71445.0,858,81.51,8555,71445
100000,96,89370.0,858,81.51,10630,89370
200000,96,178840.0,882,83.79,21160,178840
400000,96,357886.0,883,83.88,42114,357886
600000,96,536553.0,889,84.45,63447,536553
800000,96,715655.0,889,84.45,84345,715655
1000000,96,894411.0,889,84.45,105589,894411
2,97,1.0,2,0.19,1,1
3,97,1.0,2,0.19,2,1
100,97,86.0,52,4.94,14,86
200,97,168.0,82,7.79,32,168
2000,97,1752.0,501,47.59,248,1752
10000,97,8868.0,695,66.02,1132,8868
20000,97,17811.0,819,77.8,2189,17811
40000,97,35779.0,847,80.46,4221,35779
60000,97,53824.0,848,80.56,6176,53824
80000,97,71771.0,850,80.75,8229,71771
100000,97,89732.0,850,80.75,10268,89732
200000,97,179420.0,1040,98.8,20580,179420
400000,97,358568.0,1107,105.16,41432,358568
600000,97,537672.0,1121,106.49,62328,537672
800000,97,716532.0,1123,106.68,83468,716532
1000000,97,895425.0,1242,117.99,104575,895425
2,98,2.0,2,0.19,0,2
3,98,3.0,2,0.19,0,3
100,98,81.0,51,4.84,19,81
200,98,164.0,107,10.16,36,164
2000,98,1731.0,459,43.6,269,1731
10000,98,8832.0,601,57.09,1168,8832
20000,98,17771.0,638,60.61,2229,17771
40000,98,35654.0,638,60.61,4346,35654
60000,98,53504.0,759,72.1,6496,53504
80000,98,71386.0,760,72.2,8614,71386
100000,98,89237.0,761,72.29,10763,89237
200000,98,178580.0,815,77.42,21420,178580
400000,98,357672.0,820,77.9,42328,357672
600000,98,536610.0,825,78.37,63390,536610
800000,98,715746.0,825,78.37,84254,715746
1000000,98,894610.0,825,78.37,105390,894610
2,99,1.0,2,0.19,1,1
3,99,2.0,2,0.19,1,2
100,99,75.0,54,5.13,25,75
200,99,162.0,103,9.78,38,162
2000,99,1758.0,328,31.16,242,1758
10000,99,8960.0,389,36.95,1040,8960
20000,99,17950.0,394,37.43,2050,17950
40000,99,35913.0,398,37.81,4087,35913
60000,99,53818.0,402,38.19,6182,53818
80000,99,71613.0,641,60.89,8387,71613
100000,99,89508.0,644,61.18,10492,89508
200000,99,178974.0,652,61.94,21026,178974
400000,99,357931.0,668,63.46,42069,357931
600000,99,536907.0,668,63.46,63093,536907
800000,99,715815.0,702,66.69,84185,715815
1000000,99,894816.0,702,66.69,105184,894816
2,100,1.0,2,0.19,1,1
3,100,2.0,2,0.19,1,2
100,100,86.0,45,4.27,14,86
200,100,176.0,82,7.79,24,176
2000,100,1744.0,454,43.13,256,1744
10000,100,8875.0,622,59.09,1125,8875
20000,100,17841.0,691,65.64,2159,17841
40000,100,35739.0,726,68.97,4261,35739
60000,100,53603.0,734,69.73,6397,53603
80000,100,71555.0,738,70.11,8445,71555
100000,100,89468.0,739,70.2,10532,89468
200000,100,178878.0,751,71.34,21122,178878
400000,100,357679.0,808,76.76,42321,357679
600000,100,536443.0,809,76.85,63557,536443
800000,100,715581.0,809,76.85,84419,715581
1000000,100,894530.0,809,76.85,105470,894530
