Timestep,Iteration,Total Reward,Suboptimal Arms,Total Regret,Zeros Count,Ones Count
2,1,2.0,1,0.04,0,2
3,1,2.0,2,0.08,1,2
100,1,92.0,50,2.0,8,92
200,1,179.0,100,4.0,21,179
2000,1,1788.0,100,4.0,212,1788
10000,1,8868.0,100,4.0,1132,8868
20000,1,17812.0,100,4.0,2188,17812
40000,1,35629.0,100,4.0,4371,35629
60000,1,53356.0,100,4.0,6644,53356
80000,1,71114.0,100,4.0,8886,71114
100000,1,88888.0,100,4.0,11112,88888
200000,1,177998.0,100,4.0,22002,177998
400000,1,355948.0,100,4.0,44052,355948
600000,1,533834.0,100,4.0,66166,533834
800000,1,711755.0,100,4.0,88245,711755
1000000,1,889651.0,100,4.0,110349,889651
2,2,2.0,1,0.04,0,2
3,2,3.0,2,0.08,0,3
100,2,87.0,50,2.0,13,87
200,2,180.0,100,4.0,20,180
2000,2,1778.0,100,4.0,222,1778
10000,2,8914.0,100,4.0,1086,8914
20000,2,17811.0,100,4.0,2189,17811
40000,2,35605.0,100,4.0,4395,35605
60000,2,53453.0,100,4.0,6547,53453
80000,2,71246.0,100,4.0,8754,71246
100000,2,88997.0,100,4.0,11003,88997
200000,2,177774.0,100,4.0,22226,177774
400000,2,356083.0,100,4.0,43917,356083
600000,2,533987.0,100,4.0,66013,533987
800000,2,712046.0,100,4.0,87954,712046
1000000,2,889948.0,100,4.0,110052,889948
2,3,2.0,1,0.04,0,2
3,3,3.0,2,0.08,0,3
100,3,88.0,50,2.0,12,88
200,3,177.0,100,4.0,23,177
2000,3,1769.0,100,4.0,231,1769
10000,3,8915.0,100,4.0,1085,8915
20000,3,17866.0,100,4.0,2134,17866
40000,3,35674.0,100,4.0,4326,35674
60000,3,53489.0,100,4.0,6511,53489
80000,3,71402.0,100,4.0,8598,71402
100000,3,89146.0,100,4.0,10854,89146
200000,3,178164.0,100,4.0,21836,178164
400000,3,356221.0,100,4.0,43779,356221
600000,3,534360.0,100,4.0,65640,534360
800000,3,712511.0,100,4.0,87489,712511
1000000,3,890489.0,100,4.0,109511,890489
2,4,2.0,1,0.04,0,2
3,4,2.0,2,0.08,1,2
100,4,85.0,50,2.0,15,85
200,4,176.0,100,4.0,24,176
2000,4,1779.0,104,4.16,221,1779
10000,4,8847.0,104,4.16,1153,8847
20000,4,17750.0,104,4.16,2250,17750
40000,4,35552.0,104,4.16,4448,35552
60000,4,53338.0,104,4.16,6662,53338
80000,4,71226.0,104,4.16,8774,71226
100000,4,89032.0,104,4.16,10968,89032
200000,4,178000.0,104,4.16,22000,178000
400000,4,355938.0,104,4.16,44062,355938
600000,4,533881.0,104,4.16,66119,533881
800000,4,711923.0,104,4.16,88077,711923
1000000,4,890029.0,104,4.16,109971,890029
2,5,1.0,1,0.04,1,1
3,5,2.0,2,0.08,1,2
100,5,80.0,50,2.0,20,80
200,5,169.0,100,4.0,31,169
2000,5,1750.0,100,4.0,250,1750
10000,5,8886.0,100,4.0,1114,8886
20000,5,17789.0,100,4.0,2211,17789
40000,5,35659.0,100,4.0,4341,35659
60000,5,53362.0,100,4.0,6638,53362
80000,5,71104.0,100,4.0,8896,71104
100000,5,88862.0,100,4.0,11138,88862
200000,5,177948.0,100,4.0,22052,177948
400000,5,355746.0,100,4.0,44254,355746
600000,5,533838.0,100,4.0,66162,533838
800000,5,711826.0,100,4.0,88174,711826
1000000,5,889774.0,100,4.0,110226,889774
2,6,2.0,1,0.04,0,2
3,6,3.0,2,0.08,0,3
100,6,84.0,50,2.0,16,84
200,6,169.0,100,4.0,31,169
2000,6,1782.0,100,4.0,218,1782
10000,6,8926.0,100,4.0,1074,8926
20000,6,17829.0,100,4.0,2171,17829
40000,6,35648.0,100,4.0,4352,35648
60000,6,53462.0,100,4.0,6538,53462
80000,6,71284.0,100,4.0,8716,71284
100000,6,89108.0,100,4.0,10892,89108
200000,6,178027.0,100,4.0,21973,178027
400000,6,356312.0,100,4.0,43688,356312
600000,6,534207.0,100,4.0,65793,534207
800000,6,712201.0,100,4.0,87799,712201
1000000,6,890121.0,100,4.0,109879,890121
2,7,2.0,1,0.04,0,2
3,7,3.0,2,0.08,0,3
100,7,82.0,50,2.0,18,82
200,7,167.0,100,4.0,33,167
2000,7,1770.0,100,4.0,230,1770
10000,7,8943.0,100,4.0,1057,8943
20000,7,17795.0,100,4.0,2205,17795
40000,7,35605.0,100,4.0,4395,35605
60000,7,53434.0,100,4.0,6566,53434
80000,7,71288.0,100,4.0,8712,71288
100000,7,89102.0,100,4.0,10898,89102
200000,7,177997.0,100,4.0,22003,177997
400000,7,355842.0,100,4.0,44158,355842
600000,7,533917.0,100,4.0,66083,533917
800000,7,711869.0,100,4.0,88131,711869
1000000,7,890010.0,100,4.0,109990,890010
2,8,2.0,1,0.04,0,2
3,8,3.0,2,0.08,0,3
100,8,85.0,50,2.0,15,85
200,8,170.0,100,4.0,30,170
2000,8,1773.0,100,4.0,227,1773
10000,8,8899.0,100,4.0,1101,8899
20000,8,17866.0,100,4.0,2134,17866
40000,8,35667.0,100,4.0,4333,35667
60000,8,53455.0,100,4.0,6545,53455
80000,8,71249.0,100,4.0,8751,71249
100000,8,89072.0,100,4.0,10928,89072
200000,8,178135.0,100,4.0,21865,178135
400000,8,356106.0,100,4.0,43894,356106
600000,8,534110.0,100,4.0,65890,534110
800000,8,712246.0,100,4.0,87754,712246
1000000,8,890430.0,100,4.0,109570,890430
2,9,2.0,1,0.04,0,2
3,9,3.0,2,0.08,0,3
100,9,84.0,50,2.0,16,84
200,9,174.0,100,4.0,26,174
2000,9,1763.0,100,4.0,237,1763
10000,9,8928.0,100,4.0,1072,8928
20000,9,17828.0,100,4.0,2172,17828
40000,9,35664.0,100,4.0,4336,35664
60000,9,53465.0,100,4.0,6535,53465
80000,9,71216.0,100,4.0,8784,71216
100000,9,89050.0,100,4.0,10950,89050
200000,9,178019.0,100,4.0,21981,178019
400000,9,356138.0,100,4.0,43862,356138
600000,9,534031.0,100,4.0,65969,534031
800000,9,711991.0,100,4.0,88009,711991
1000000,9,889881.0,100,4.0,110119,889881
2,10,1.0,1,0.04,1,1
3,10,2.0,2,0.08,1,2
100,10,87.0,50,2.0,13,87
200,10,169.0,100,4.0,31,169
2000,10,1793.0,100,4.0,207,1793
10000,10,8856.0,100,4.0,1144,8856
20000,10,17784.0,100,4.0,2216,17784
40000,10,35589.0,100,4.0,4411,35589
60000,10,53408.0,100,4.0,6592,53408
80000,10,71312.0,100,4.0,8688,71312
100000,10,89155.0,100,4.0,10845,89155
200000,10,178249.0,100,4.0,21751,178249
400000,10,356372.0,100,4.0,43628,356372
600000,10,534528.0,100,4.0,65472,534528
800000,10,712521.0,100,4.0,87479,712521
1000000,10,890450.0,100,4.0,109550,890450
2,11,2.0,1,0.04,0,2
3,11,3.0,2,0.08,0,3
100,11,91.0,50,2.0,9,91
200,11,179.0,100,4.0,21,179
2000,11,1770.0,112,4.48,230,1770
10000,11,8898.0,112,4.48,1102,8898
20000,11,17841.0,112,4.48,2159,17841
40000,11,35686.0,112,4.48,4314,35686
60000,11,53478.0,112,4.48,6522,53478
80000,11,71267.0,112,4.48,8733,71267
100000,11,89104.0,112,4.48,10896,89104
200000,11,177948.0,112,4.48,22052,177948
400000,11,356000.0,112,4.48,44000,356000
600000,11,534171.0,112,4.48,65829,534171
800000,11,711980.0,112,4.48,88020,711980
1000000,11,890236.0,112,4.48,109764,890236
2,12,2.0,1,0.04,0,2
3,12,3.0,2,0.08,0,3
100,12,88.0,50,2.0,12,88
200,12,173.0,100,4.0,27,173
2000,12,1784.0,100,4.0,216,1784
10000,12,8889.0,100,4.0,1111,8889
20000,12,17745.0,100,4.0,2255,17745
40000,12,35514.0,100,4.0,4486,35514
60000,12,53341.0,100,4.0,6659,53341
80000,12,71153.0,100,4.0,8847,71153
100000,12,88958.0,100,4.0,11042,88958
200000,12,178043.0,100,4.0,21957,178043
400000,12,355877.0,100,4.0,44123,355877
600000,12,534067.0,100,4.0,65933,534067
800000,12,711915.0,100,4.0,88085,711915
1000000,12,890029.0,100,4.0,109971,890029
2,13,2.0,1,0.04,0,2
3,13,3.0,2,0.08,0,3
100,13,85.0,50,2.0,15,85
200,13,171.0,100,4.0,29,171
2000,13,1757.0,100,4.0,243,1757
10000,13,8865.0,100,4.0,1135,8865
20000,13,17754.0,100,4.0,2246,17754
40000,13,35569.0,100,4.0,4431,35569
60000,13,53388.0,100,4.0,6612,53388
80000,13,71180.0,100,4.0,8820,71180
100000,13,88940.0,100,4.0,11060,88940
200000,13,177912.0,100,4.0,22088,177912
400000,13,355812.0,100,4.0,44188,355812
600000,13,533959.0,100,4.0,66041,533959
800000,13,712234.0,100,4.0,87766,712234
1000000,13,890013.0,100,4.0,109987,890013
2,14,2.0,1,0.04,0,2
3,14,3.0,2,0.08,0,3
100,14,77.0,50,2.0,23,77
200,14,161.0,100,4.0,39,161
2000,14,1777.0,100,4.0,223,1777
10000,14,8946.0,100,4.0,1054,8946
20000,14,17848.0,100,4.0,2152,17848
40000,14,35689.0,100,4.0,4311,35689
60000,14,53534.0,100,4.0,6466,53534
80000,14,71382.0,100,4.0,8618,71382
100000,14,89228.0,100,4.0,10772,89228
200000,14,178371.0,100,4.0,21629,178371
400000,14,356572.0,100,4.0,43428,356572
600000,14,534656.0,100,4.0,65344,534656
800000,14,712611.0,100,4.0,87389,712611
1000000,14,890658.0,100,4.0,109342,890658
2,15,2.0,1,0.04,0,2
3,15,3.0,2,0.08,0,3
100,15,87.0,50,2.0,13,87
200,15,173.0,100,4.0,27,173
2000,15,1776.0,100,4.0,224,1776
10000,15,8938.0,100,4.0,1062,8938
20000,15,17889.0,100,4.0,2111,17889
40000,15,35699.0,100,4.0,4301,35699
60000,15,53539.0,100,4.0,6461,53539
80000,15,71362.0,100,4.0,8638,71362
100000,15,89090.0,100,4.0,10910,89090
200000,15,178016.0,100,4.0,21984,178016
400000,15,355980.0,100,4.0,44020,355980
600000,15,533792.0,100,4.0,66208,533792
800000,15,711635.0,100,4.0,88365,711635
1000000,15,889805.0,100,4.0,110195,889805
2,16,1.0,1,0.04,1,1
3,16,2.0,2,0.08,1,2
100,16,94.0,50,2.0,6,94
200,16,184.0,100,4.0,16,184
2000,16,1802.0,100,4.0,198,1802
10000,16,8943.0,100,4.0,1057,8943
20000,16,17839.0,100,4.0,2161,17839
40000,16,35594.0,105,4.2,4406,35594
60000,16,53460.0,105,4.2,6540,53460
80000,16,71284.0,105,4.2,8716,71284
100000,16,89109.0,105,4.2,10891,89109
200000,16,177986.0,105,4.2,22014,177986
400000,16,355923.0,105,4.2,44077,355923
600000,16,533875.0,105,4.2,66125,533875
800000,16,711824.0,105,4.2,88176,711824
1000000,16,889925.0,105,4.2,110075,889925
2,17,1.0,1,0.04,1,1
3,17,1.0,2,0.08,2,1
100,17,82.0,50,2.0,18,82
200,17,170.0,100,4.0,30,170
2000,17,1780.0,100,4.0,220,1780
10000,17,8890.0,100,4.0,1110,8890
20000,17,17809.0,100,4.0,2191,17809
40000,17,35657.0,100,4.0,4343,35657
60000,17,53524.0,100,4.0,6476,53524
80000,17,71224.0,100,4.0,8776,71224
100000,17,89015.0,100,4.0,10985,89015
200000,17,177957.0,100,4.0,22043,177957
400000,17,356061.0,100,4.0,43939,356061
600000,17,534157.0,100,4.0,65843,534157
800000,17,712105.0,100,4.0,87895,712105
1000000,17,890181.0,100,4.0,109819,890181
2,18,2.0,1,0.04,0,2
3,18,2.0,2,0.08,1,2
100,18,84.0,50,2.0,16,84
200,18,171.0,100,4.0,29,171
2000,18,1768.0,100,4.0,232,1768
10000,18,8909.0,100,4.0,1091,8909
20000,18,17799.0,100,4.0,2201,17799
40000,18,35623.0,100,4.0,4377,35623
60000,18,53362.0,100,4.0,6638,53362
80000,18,71216.0,100,4.0,8784,71216
100000,18,88978.0,100,4.0,11022,88978
200000,18,177863.0,100,4.0,22137,177863
400000,18,355887.0,100,4.0,44113,355887
600000,18,533856.0,100,4.0,66144,533856
800000,18,711995.0,100,4.0,88005,711995
1000000,18,889883.0,100,4.0,110117,889883
2,19,2.0,1,0.04,0,2
3,19,3.0,2,0.08,0,3
100,19,89.0,50,2.0,11,89
200,19,180.0,100,4.0,20,180
2000,19,1774.0,111,4.44,226,1774
10000,19,8882.0,111,4.44,1118,8882
20000,19,17767.0,111,4.44,2233,17767
40000,19,35501.0,111,4.44,4499,35501
60000,19,53232.0,111,4.44,6768,53232
80000,19,70973.0,111,4.44,9027,70973
100000,19,88768.0,111,4.44,11232,88768
200000,19,177637.0,111,4.44,22363,177637
400000,19,355646.0,111,4.44,44354,355646
600000,19,533687.0,111,4.44,66313,533687
800000,19,711773.0,111,4.44,88227,711773
1000000,19,889699.0,111,4.44,110301,889699
2,20,1.0,1,0.04,1,1
3,20,2.0,2,0.08,1,2
100,20,88.0,50,2.0,12,88
200,20,174.0,100,4.0,26,174
2000,20,1778.0,100,4.0,222,1778
10000,20,8889.0,100,4.0,1111,8889
20000,20,17829.0,100,4.0,2171,17829
40000,20,35587.0,100,4.0,4413,35587
60000,20,53457.0,100,4.0,6543,53457
80000,20,71255.0,100,4.0,8745,71255
100000,20,89057.0,100,4.0,10943,89057
200000,20,177980.0,100,4.0,22020,177980
400000,20,355883.0,100,4.0,44117,355883
600000,20,534034.0,100,4.0,65966,534034
800000,20,712112.0,100,4.0,87888,712112
1000000,20,890133.0,100,4.0,109867,890133
2,21,2.0,1,0.04,0,2
3,21,3.0,2,0.08,0,3
100,21,91.0,50,2.0,9,91
200,21,176.0,100,4.0,24,176
2000,21,1800.0,121,4.84,200,1800
10000,21,8917.0,121,4.84,1083,8917
20000,21,17836.0,121,4.84,2164,17836
40000,21,35601.0,121,4.84,4399,35601
60000,21,53317.0,121,4.84,6683,53317
80000,21,71145.0,121,4.84,8855,71145
100000,21,88950.0,121,4.84,11050,88950
200000,21,177888.0,121,4.84,22112,177888
400000,21,355759.0,121,4.84,44241,355759
600000,21,533704.0,121,4.84,66296,533704
800000,21,711691.0,121,4.84,88309,711691
1000000,21,889709.0,121,4.84,110291,889709
2,22,2.0,1,0.04,0,2
3,22,3.0,2,0.08,0,3
100,22,86.0,50,2.0,14,86
200,22,177.0,100,4.0,23,177
2000,22,1769.0,100,4.0,231,1769
10000,22,8861.0,100,4.0,1139,8861
20000,22,17710.0,100,4.0,2290,17710
40000,22,35516.0,100,4.0,4484,35516
60000,22,53318.0,100,4.0,6682,53318
80000,22,71138.0,100,4.0,8862,71138
100000,22,88988.0,100,4.0,11012,88988
200000,22,178155.0,100,4.0,21845,178155
400000,22,356223.0,100,4.0,43777,356223
600000,22,534036.0,100,4.0,65964,534036
800000,22,711872.0,100,4.0,88128,711872
1000000,22,890047.0,100,4.0,109953,890047
2,23,2.0,1,0.04,0,2
3,23,3.0,2,0.08,0,3
100,23,91.0,50,2.0,9,91
200,23,184.0,100,4.0,16,184
2000,23,1799.0,186,7.44,201,1799
10000,23,8949.0,208,8.32,1051,8949
20000,23,17837.0,208,8.32,2163,17837
40000,23,35637.0,208,8.32,4363,35637
60000,23,53378.0,208,8.32,6622,53378
80000,23,71199.0,208,8.32,8801,71199
100000,23,89113.0,208,8.32,10887,89113
200000,23,178279.0,208,8.32,21721,178279
400000,23,356233.0,208,8.32,43767,356233
600000,23,534329.0,208,8.32,65671,534329
800000,23,712279.0,208,8.32,87721,712279
1000000,23,890335.0,208,8.32,109665,890335
2,24,2.0,1,0.04,0,2
3,24,3.0,2,0.08,0,3
100,24,92.0,50,2.0,8,92
200,24,179.0,100,4.0,21,179
2000,24,1779.0,112,4.48,221,1779
10000,24,8919.0,112,4.48,1081,8919
20000,24,17802.0,112,4.48,2198,17802
40000,24,35647.0,112,4.48,4353,35647
60000,24,53421.0,112,4.48,6579,53421
80000,24,71202.0,112,4.48,8798,71202
100000,24,89024.0,112,4.48,10976,89024
200000,24,177983.0,112,4.48,22017,177983
400000,24,355892.0,112,4.48,44108,355892
600000,24,533901.0,112,4.48,66099,533901
800000,24,711954.0,112,4.48,88046,711954
1000000,24,889937.0,112,4.48,110063,889937
2,25,2.0,1,0.04,0,2
3,25,2.0,2,0.08,1,2
100,25,89.0,50,2.0,11,89
200,25,181.0,100,4.0,19,181
2000,25,1761.0,100,4.0,239,1761
10000,25,8878.0,100,4.0,1122,8878
20000,25,17755.0,100,4.0,2245,17755
40000,25,35528.0,100,4.0,4472,35528
60000,25,53364.0,100,4.0,6636,53364
80000,25,71090.0,100,4.0,8910,71090
100000,25,88878.0,100,4.0,11122,88878
200000,25,177908.0,100,4.0,22092,177908
400000,25,355816.0,100,4.0,44184,355816
600000,25,533595.0,100,4.0,66405,533595
800000,25,711648.0,100,4.0,88352,711648
1000000,25,889663.0,100,4.0,110337,889663
2,26,1.0,1,0.04,1,1
3,26,2.0,2,0.08,1,2
100,26,84.0,50,2.0,16,84
200,26,165.0,100,4.0,35,165
2000,26,1719.0,1900,76.0,281,1719
10000,26,8537.0,9900,396.0,1463,8537
20000,26,17048.0,19900,796.0,2952,17048
40000,26,34057.0,39900,1596.0,5943,34057
60000,26,51104.0,59900,2396.0,8896,51104
80000,26,68109.0,79900,3196.0,11891,68109
100000,26,85016.0,99900,3996.0,14984,85016
200000,26,170010.0,199900,7996.0,29990,170010
400000,26,339835.0,399900,15996.0,60165,339835
600000,26,509862.0,599900,23996.0,90138,509862
800000,26,680096.0,799900,31996.0,119904,680096
1000000,26,850242.0,999900,39996.0,149758,850242
2,27,2.0,1,0.04,0,2
3,27,3.0,2,0.08,0,3
100,27,85.0,50,2.0,15,85
200,27,165.0,100,4.0,35,165
2000,27,1756.0,100,4.0,244,1756
10000,27,8886.0,100,4.0,1114,8886
20000,27,17781.0,100,4.0,2219,17781
40000,27,35557.0,100,4.0,4443,35557
60000,27,53436.0,100,4.0,6564,53436
80000,27,71302.0,100,4.0,8698,71302
100000,27,89011.0,100,4.0,10989,89011
200000,27,177873.0,100,4.0,22127,177873
400000,27,356076.0,100,4.0,43924,356076
600000,27,534114.0,100,4.0,65886,534114
800000,27,712300.0,100,4.0,87700,712300
1000000,27,890260.0,100,4.0,109740,890260
2,28,2.0,1,0.04,0,2
3,28,2.0,2,0.08,1,2
100,28,84.0,50,2.0,16,84
200,28,175.0,100,4.0,25,175
2000,28,1735.0,415,16.6,265,1735
10000,28,8824.0,415,16.6,1176,8824
20000,28,17725.0,415,16.6,2275,17725
40000,28,35548.0,415,16.6,4452,35548
60000,28,53359.0,415,16.6,6641,53359
80000,28,71111.0,415,16.6,8889,71111
100000,28,88891.0,415,16.6,11109,88891
200000,28,177864.0,415,16.6,22136,177864
400000,28,355641.0,415,16.6,44359,355641
600000,28,533518.0,415,16.6,66482,533518
800000,28,711526.0,415,16.6,88474,711526
1000000,28,889654.0,415,16.6,110346,889654
2,29,1.0,1,0.04,1,1
3,29,2.0,2,0.08,1,2
100,29,92.0,50,2.0,8,92
200,29,176.0,100,4.0,24,176
2000,29,1723.0,1871,74.84,277,1723
10000,29,8509.0,9869,394.76,1491,8509
20000,29,17008.0,19869,794.76,2992,17008
40000,29,34045.0,39869,1594.76,5955,34045
60000,29,51050.0,59869,2394.76,8950,51050
80000,29,68039.0,79869,3194.76,11961,68039
100000,29,85045.0,99869,3994.76,14955,85045
200000,29,170109.0,199869,7994.76,29891,170109
400000,29,340158.0,399869,15994.76,59842,340158
600000,29,510182.0,599869,23994.76,89818,510182
800000,29,680233.0,799869,31994.76,119767,680233
1000000,29,850559.0,999869,39994.76,149441,850559
2,30,2.0,1,0.04,0,2
3,30,3.0,2,0.08,0,3
100,30,83.0,50,2.0,17,83
200,30,169.0,100,4.0,31,169
2000,30,1759.0,100,4.0,241,1759
10000,30,8834.0,100,4.0,1166,8834
20000,30,17720.0,100,4.0,2280,17720
40000,30,35508.0,100,4.0,4492,35508
60000,30,53349.0,100,4.0,6651,53349
80000,30,71152.0,100,4.0,8848,71152
100000,30,88991.0,100,4.0,11009,88991
200000,30,178009.0,100,4.0,21991,178009
400000,30,356294.0,100,4.0,43706,356294
600000,30,534167.0,100,4.0,65833,534167
800000,30,711865.0,100,4.0,88135,711865
1000000,30,889763.0,100,4.0,110237,889763
2,31,1.0,1,0.04,1,1
3,31,2.0,2,0.08,1,2
100,31,82.0,50,2.0,18,82
200,31,171.0,100,4.0,29,171
2000,31,1758.0,100,4.0,242,1758
10000,31,8924.0,100,4.0,1076,8924
20000,31,17839.0,100,4.0,2161,17839
40000,31,35599.0,100,4.0,4401,35599
60000,31,53481.0,100,4.0,6519,53481
80000,31,71297.0,100,4.0,8703,71297
100000,31,89155.0,100,4.0,10845,89155
200000,31,178292.0,100,4.0,21708,178292
400000,31,356201.0,100,4.0,43799,356201
600000,31,534133.0,100,4.0,65867,534133
800000,31,712143.0,100,4.0,87857,712143
1000000,31,889964.0,100,4.0,110036,889964
2,32,1.0,1,0.04,1,1
3,32,2.0,2,0.08,1,2
100,32,86.0,50,2.0,14,86
200,32,177.0,100,4.0,23,177
2000,32,1755.0,100,4.0,245,1755
10000,32,8815.0,100,4.0,1185,8815
20000,32,17723.0,100,4.0,2277,17723
40000,32,35519.0,100,4.0,4481,35519
60000,32,53363.0,100,4.0,6637,53363
80000,32,71210.0,100,4.0,8790,71210
100000,32,88975.0,100,4.0,11025,88975
200000,32,178012.0,100,4.0,21988,178012
400000,32,356088.0,100,4.0,43912,356088
600000,32,533858.0,100,4.0,66142,533858
800000,32,711864.0,100,4.0,88136,711864
1000000,32,889845.0,100,4.0,110155,889845
2,33,2.0,1,0.04,0,2
3,33,3.0,2,0.08,0,3
100,33,93.0,50,2.0,7,93
200,33,179.0,100,4.0,21,179
2000,33,1764.0,337,13.48,236,1764
10000,33,8870.0,337,13.48,1130,8870
20000,33,17796.0,337,13.48,2204,17796
40000,33,35581.0,337,13.48,4419,35581
60000,33,53443.0,337,13.48,6557,53443
80000,33,71263.0,337,13.48,8737,71263
100000,33,89061.0,337,13.48,10939,89061
200000,33,178053.0,337,13.48,21947,178053
400000,33,356353.0,337,13.48,43647,356353
600000,33,534342.0,337,13.48,65658,534342
800000,33,712327.0,337,13.48,87673,712327
1000000,33,890522.0,337,13.48,109478,890522
2,34,2.0,1,0.04,0,2
3,34,3.0,2,0.08,0,3
100,34,83.0,50,2.0,17,83
200,34,169.0,100,4.0,31,169
2000,34,1703.0,1900,76.0,297,1703
10000,34,8494.0,9900,396.0,1506,8494
20000,34,17018.0,19900,796.0,2982,17018
40000,34,34095.0,39900,1596.0,5905,34095
60000,34,51088.0,59900,2396.0,8912,51088
80000,34,68099.0,79900,3196.0,11901,68099
100000,34,85113.0,99900,3996.0,14887,85113
200000,34,170350.0,199900,7996.0,29650,170350
400000,34,340500.0,399900,15996.0,59500,340500
600000,34,510586.0,599900,23996.0,89414,510586
800000,34,680388.0,799900,31996.0,119612,680388
1000000,34,850328.0,999900,39996.0,149672,850328
2,35,2.0,1,0.04,0,2
3,35,3.0,2,0.08,0,3
100,35,92.0,50,2.0,8,92
200,35,182.0,100,4.0,18,182
2000,35,1793.0,102,4.08,207,1793
10000,35,8891.0,195,7.8,1109,8891
20000,35,17818.0,195,7.8,2182,17818
40000,35,35586.0,195,7.8,4414,35586
60000,35,53356.0,195,7.8,6644,53356
80000,35,71193.0,195,7.8,8807,71193
100000,35,88999.0,195,7.8,11001,88999
200000,35,177859.0,195,7.8,22141,177859
400000,35,355760.0,195,7.8,44240,355760
600000,35,533789.0,195,7.8,66211,533789
800000,35,711700.0,195,7.8,88300,711700
1000000,35,889820.0,195,7.8,110180,889820
2,36,2.0,1,0.04,0,2
3,36,2.0,2,0.08,1,2
100,36,85.0,50,2.0,15,85
200,36,173.0,100,4.0,27,173
2000,36,1793.0,100,4.0,207,1793
10000,36,8883.0,100,4.0,1117,8883
20000,36,17829.0,100,4.0,2171,17829
40000,36,35560.0,100,4.0,4440,35560
60000,36,53347.0,100,4.0,6653,53347
80000,36,71147.0,100,4.0,8853,71147
100000,36,88938.0,100,4.0,11062,88938
200000,36,178163.0,100,4.0,21837,178163
400000,36,356139.0,100,4.0,43861,356139
600000,36,533997.0,100,4.0,66003,533997
800000,36,712050.0,100,4.0,87950,712050
1000000,36,889941.0,100,4.0,110059,889941
2,37,1.0,1,0.04,1,1
3,37,2.0,2,0.08,1,2
100,37,85.0,50,2.0,15,85
200,37,169.0,100,4.0,31,169
2000,37,1789.0,100,4.0,211,1789
10000,37,8928.0,100,4.0,1072,8928
20000,37,17804.0,100,4.0,2196,17804
40000,37,35600.0,100,4.0,4400,35600
60000,37,53427.0,100,4.0,6573,53427
80000,37,71255.0,100,4.0,8745,71255
100000,37,89132.0,100,4.0,10868,89132
200000,37,178042.0,100,4.0,21958,178042
400000,37,356001.0,100,4.0,43999,356001
600000,37,533837.0,100,4.0,66163,533837
800000,37,711923.0,100,4.0,88077,711923
1000000,37,890056.0,100,4.0,109944,890056
2,38,2.0,1,0.04,0,2
3,38,3.0,2,0.08,0,3
100,38,89.0,50,2.0,11,89
200,38,176.0,100,4.0,24,176
2000,38,1761.0,213,8.52,239,1761
10000,38,8866.0,213,8.52,1134,8866
20000,38,17772.0,213,8.52,2228,17772
40000,38,35637.0,213,8.52,4363,35637
60000,38,53372.0,213,8.52,6628,53372
80000,38,71118.0,213,8.52,8882,71118
100000,38,89012.0,213,8.52,10988,89012
200000,38,177863.0,213,8.52,22137,177863
400000,38,356030.0,213,8.52,43970,356030
600000,38,533965.0,213,8.52,66035,533965
800000,38,711769.0,213,8.52,88231,711769
1000000,38,889734.0,213,8.52,110266,889734
2,39,1.0,1,0.04,1,1
3,39,1.0,2,0.08,2,1
100,39,91.0,50,2.0,9,91
200,39,177.0,100,4.0,23,177
2000,39,1776.0,100,4.0,224,1776
10000,39,8893.0,100,4.0,1107,8893
20000,39,17788.0,100,4.0,2212,17788
40000,39,35514.0,100,4.0,4486,35514
60000,39,53290.0,100,4.0,6710,53290
80000,39,71070.0,100,4.0,8930,71070
100000,39,88914.0,100,4.0,11086,88914
200000,39,177929.0,100,4.0,22071,177929
400000,39,355837.0,100,4.0,44163,355837
600000,39,533993.0,100,4.0,66007,533993
800000,39,711976.0,100,4.0,88024,711976
1000000,39,889959.0,100,4.0,110041,889959
2,40,2.0,1,0.04,0,2
3,40,3.0,2,0.08,0,3
100,40,87.0,50,2.0,13,87
200,40,174.0,100,4.0,26,174
2000,40,1775.0,100,4.0,225,1775
10000,40,8913.0,100,4.0,1087,8913
20000,40,17778.0,100,4.0,2222,17778
40000,40,35661.0,100,4.0,4339,35661
60000,40,53429.0,100,4.0,6571,53429
80000,40,71208.0,100,4.0,8792,71208
100000,40,88998.0,100,4.0,11002,88998
200000,40,178256.0,100,4.0,21744,178256
400000,40,356437.0,100,4.0,43563,356437
600000,40,534279.0,100,4.0,65721,534279
800000,40,712457.0,100,4.0,87543,712457
1000000,40,890533.0,100,4.0,109467,890533
2,41,2.0,1,0.04,0,2
3,41,3.0,2,0.08,0,3
100,41,89.0,50,2.0,11,89
200,41,174.0,100,4.0,26,174
2000,41,1779.0,114,4.56,221,1779
10000,41,8909.0,114,4.56,1091,8909
20000,41,17852.0,114,4.56,2148,17852
40000,41,35697.0,114,4.56,4303,35697
60000,41,53550.0,114,4.56,6450,53550
80000,41,71277.0,114,4.56,8723,71277
100000,41,89013.0,114,4.56,10987,89013
200000,41,177818.0,114,4.56,22182,177818
400000,41,355542.0,114,4.56,44458,355542
600000,41,533541.0,114,4.56,66459,533541
800000,41,711426.0,114,4.56,88574,711426
1000000,41,889449.0,114,4.56,110551,889449
2,42,2.0,1,0.04,0,2
3,42,3.0,2,0.08,0,3
100,42,86.0,50,2.0,14,86
200,42,174.0,100,4.0,26,174
2000,42,1783.0,100,4.0,217,1783
10000,42,8855.0,100,4.0,1145,8855
20000,42,17698.0,100,4.0,2302,17698
40000,42,35466.0,100,4.0,4534,35466
60000,42,53230.0,100,4.0,6770,53230
80000,42,71058.0,100,4.0,8942,71058
100000,42,88853.0,100,4.0,11147,88853
200000,42,177818.0,100,4.0,22182,177818
400000,42,355934.0,100,4.0,44066,355934
600000,42,533718.0,100,4.0,66282,533718
800000,42,711622.0,100,4.0,88378,711622
1000000,42,889781.0,100,4.0,110219,889781
2,43,2.0,1,0.04,0,2
3,43,3.0,2,0.08,0,3
100,43,87.0,50,2.0,13,87
200,43,174.0,100,4.0,26,174
2000,43,1780.0,100,4.0,220,1780
10000,43,8865.0,100,4.0,1135,8865
20000,43,17734.0,100,4.0,2266,17734
40000,43,35587.0,100,4.0,4413,35587
60000,43,53363.0,100,4.0,6637,53363
80000,43,71206.0,100,4.0,8794,71206
100000,43,89059.0,100,4.0,10941,89059
200000,43,178121.0,100,4.0,21879,178121
400000,43,356222.0,100,4.0,43778,356222
600000,43,534340.0,100,4.0,65660,534340
800000,43,712343.0,100,4.0,87657,712343
1000000,43,890337.0,100,4.0,109663,890337
2,44,1.0,1,0.04,1,1
3,44,1.0,2,0.08,2,1
100,44,89.0,50,2.0,11,89
200,44,177.0,100,4.0,23,177
2000,44,1766.0,317,12.68,234,1766
10000,44,8899.0,317,12.68,1101,8899
20000,44,17812.0,317,12.68,2188,17812
40000,44,35583.0,317,12.68,4417,35583
60000,44,53339.0,317,12.68,6661,53339
80000,44,71184.0,317,12.68,8816,71184
100000,44,89041.0,317,12.68,10959,89041
200000,44,177979.0,317,12.68,22021,177979
400000,44,355939.0,317,12.68,44061,355939
600000,44,534066.0,317,12.68,65934,534066
800000,44,712071.0,317,12.68,87929,712071
1000000,44,890033.0,317,12.68,109967,890033
2,45,2.0,1,0.04,0,2
3,45,3.0,2,0.08,0,3
100,45,93.0,50,2.0,7,93
200,45,179.0,100,4.0,21,179
2000,45,1787.0,280,11.2,213,1787
10000,45,8972.0,280,11.2,1028,8972
20000,45,17904.0,280,11.2,2096,17904
40000,45,35645.0,280,11.2,4355,35645
60000,45,53422.0,280,11.2,6578,53422
80000,45,71217.0,280,11.2,8783,71217
100000,45,89046.0,280,11.2,10954,89046
200000,45,178011.0,280,11.2,21989,178011
400000,45,356168.0,280,11.2,43832,356168
600000,45,534045.0,280,11.2,65955,534045
800000,45,712210.0,280,11.2,87790,712210
1000000,45,890165.0,280,11.2,109835,890165
2,46,2.0,1,0.04,0,2
3,46,3.0,2,0.08,0,3
100,46,92.0,50,2.0,8,92
200,46,179.0,100,4.0,21,179
2000,46,1771.0,117,4.68,229,1771
10000,46,8926.0,117,4.68,1074,8926
20000,46,17778.0,117,4.68,2222,17778
40000,46,35522.0,117,4.68,4478,35522
60000,46,53328.0,117,4.68,6672,53328
80000,46,71086.0,117,4.68,8914,71086
100000,46,88902.0,117,4.68,11098,88902
200000,46,177980.0,117,4.68,22020,177980
400000,46,355930.0,117,4.68,44070,355930
600000,46,533846.0,117,4.68,66154,533846
800000,46,711718.0,117,4.68,88282,711718
1000000,46,889845.0,117,4.68,110155,889845
2,47,2.0,1,0.04,0,2
3,47,3.0,2,0.08,0,3
100,47,86.0,50,2.0,14,86
200,47,170.0,100,4.0,30,170
2000,47,1803.0,100,4.0,197,1803
10000,47,8940.0,100,4.0,1060,8940
20000,47,17860.0,100,4.0,2140,17860
40000,47,35583.0,100,4.0,4417,35583
60000,47,53390.0,100,4.0,6610,53390
80000,47,71130.0,100,4.0,8870,71130
100000,47,88816.0,100,4.0,11184,88816
200000,47,177731.0,100,4.0,22269,177731
400000,47,355875.0,100,4.0,44125,355875
600000,47,533980.0,100,4.0,66020,533980
800000,47,711900.0,100,4.0,88100,711900
1000000,47,889844.0,100,4.0,110156,889844
2,48,2.0,1,0.04,0,2
3,48,3.0,2,0.08,0,3
100,48,85.0,50,2.0,15,85
200,48,172.0,100,4.0,28,172
2000,48,1767.0,100,4.0,233,1767
10000,48,8824.0,100,4.0,1176,8824
20000,48,17720.0,100,4.0,2280,17720
40000,48,35457.0,100,4.0,4543,35457
60000,48,53252.0,100,4.0,6748,53252
80000,48,71047.0,100,4.0,8953,71047
100000,48,88846.0,100,4.0,11154,88846
200000,48,177918.0,100,4.0,22082,177918
400000,48,355875.0,100,4.0,44125,355875
600000,48,533803.0,100,4.0,66197,533803
800000,48,711599.0,100,4.0,88401,711599
1000000,48,889528.0,100,4.0,110472,889528
2,49,1.0,1,0.04,1,1
3,49,2.0,2,0.08,1,2
100,49,86.0,50,2.0,14,86
200,49,173.0,100,4.0,27,173
2000,49,1772.0,100,4.0,228,1772
10000,49,8940.0,100,4.0,1060,8940
20000,49,17894.0,100,4.0,2106,17894
40000,49,35664.0,100,4.0,4336,35664
60000,49,53440.0,100,4.0,6560,53440
80000,49,71169.0,100,4.0,8831,71169
100000,49,88982.0,100,4.0,11018,88982
200000,49,177928.0,100,4.0,22072,177928
400000,49,355999.0,100,4.0,44001,355999
600000,49,533915.0,100,4.0,66085,533915
800000,49,712027.0,100,4.0,87973,712027
1000000,49,890176.0,100,4.0,109824,890176
2,50,1.0,1,0.04,1,1
3,50,2.0,2,0.08,1,2
100,50,86.0,50,2.0,14,86
200,50,174.0,100,4.0,26,174
2000,50,1747.0,100,4.0,253,1747
10000,50,8831.0,100,4.0,1169,8831
20000,50,17736.0,100,4.0,2264,17736
40000,50,35411.0,100,4.0,4589,35411
60000,50,53298.0,100,4.0,6702,53298
80000,50,71050.0,100,4.0,8950,71050
100000,50,88819.0,100,4.0,11181,88819
200000,50,177933.0,100,4.0,22067,177933
400000,50,355899.0,100,4.0,44101,355899
600000,50,533997.0,100,4.0,66003,533997
800000,50,711810.0,100,4.0,88190,711810
1000000,50,889660.0,100,4.0,110340,889660
2,51,2.0,1,0.04,0,2
3,51,3.0,2,0.08,0,3
100,51,84.0,50,2.0,16,84
200,51,173.0,100,4.0,27,173
2000,51,1759.0,100,4.0,241,1759
10000,51,8861.0,100,4.0,1139,8861
20000,51,17734.0,100,4.0,2266,17734
40000,51,35520.0,100,4.0,4480,35520
60000,51,53360.0,100,4.0,6640,53360
80000,51,71164.0,100,4.0,8836,71164
100000,51,88927.0,100,4.0,11073,88927
200000,51,177846.0,100,4.0,22154,177846
400000,51,355820.0,100,4.0,44180,355820
600000,51,533877.0,100,4.0,66123,533877
800000,51,711992.0,100,4.0,88008,711992
1000000,51,889840.0,100,4.0,110160,889840
2,52,2.0,1,0.04,0,2
3,52,3.0,2,0.08,0,3
100,52,89.0,50,2.0,11,89
200,52,175.0,100,4.0,25,175
2000,52,1780.0,100,4.0,220,1780
10000,52,8920.0,100,4.0,1080,8920
20000,52,17886.0,100,4.0,2114,17886
40000,52,35657.0,100,4.0,4343,35657
60000,52,53441.0,100,4.0,6559,53441
80000,52,71217.0,100,4.0,8783,71217
100000,52,88994.0,100,4.0,11006,88994
200000,52,178083.0,100,4.0,21917,178083
400000,52,356342.0,100,4.0,43658,356342
600000,52,534231.0,100,4.0,65769,534231
800000,52,712379.0,100,4.0,87621,712379
1000000,52,890368.0,100,4.0,109632,890368
2,53,2.0,1,0.04,0,2
3,53,3.0,2,0.08,0,3
100,53,87.0,50,2.0,13,87
200,53,166.0,100,4.0,34,166
2000,53,1768.0,100,4.0,232,1768
10000,53,8852.0,100,4.0,1148,8852
20000,53,17795.0,100,4.0,2205,17795
40000,53,35623.0,100,4.0,4377,35623
60000,53,53458.0,100,4.0,6542,53458
80000,53,71196.0,100,4.0,8804,71196
100000,53,89022.0,100,4.0,10978,89022
200000,53,177997.0,100,4.0,22003,177997
400000,53,355987.0,100,4.0,44013,355987
600000,53,534338.0,100,4.0,65662,534338
800000,53,712699.0,100,4.0,87301,712699
1000000,53,890548.0,100,4.0,109452,890548
2,54,2.0,1,0.04,0,2
3,54,3.0,2,0.08,0,3
100,54,86.0,50,2.0,14,86
200,54,176.0,100,4.0,24,176
2000,54,1771.0,100,4.0,229,1771
10000,54,8890.0,100,4.0,1110,8890
20000,54,17799.0,100,4.0,2201,17799
40000,54,35640.0,100,4.0,4360,35640
60000,54,53480.0,100,4.0,6520,53480
80000,54,71267.0,100,4.0,8733,71267
100000,54,89033.0,100,4.0,10967,89033
200000,54,178019.0,100,4.0,21981,178019
400000,54,355951.0,100,4.0,44049,355951
600000,54,533913.0,100,4.0,66087,533913
800000,54,712132.0,100,4.0,87868,712132
1000000,54,890011.0,100,4.0,109989,890011
2,55,2.0,1,0.04,0,2
3,55,3.0,2,0.08,0,3
100,55,86.0,50,2.0,14,86
200,55,177.0,100,4.0,23,177
2000,55,1755.0,161,6.44,245,1755
10000,55,8926.0,161,6.44,1074,8926
20000,55,17830.0,161,6.44,2170,17830
40000,55,35649.0,161,6.44,4351,35649
60000,55,53498.0,161,6.44,6502,53498
80000,55,71313.0,161,6.44,8687,71313
100000,55,89093.0,161,6.44,10907,89093
200000,55,178072.0,161,6.44,21928,178072
400000,55,356077.0,161,6.44,43923,356077
600000,55,533868.0,161,6.44,66132,533868
800000,55,711972.0,161,6.44,88028,711972
1000000,55,889795.0,161,6.44,110205,889795
2,56,2.0,1,0.04,0,2
3,56,3.0,2,0.08,0,3
100,56,88.0,50,2.0,12,88
200,56,177.0,100,4.0,23,177
2000,56,1758.0,100,4.0,242,1758
10000,56,8891.0,100,4.0,1109,8891
20000,56,17788.0,100,4.0,2212,17788
40000,56,35595.0,100,4.0,4405,35595
60000,56,53413.0,100,4.0,6587,53413
80000,56,71228.0,100,4.0,8772,71228
100000,56,89012.0,100,4.0,10988,89012
200000,56,178002.0,100,4.0,21998,178002
400000,56,356088.0,100,4.0,43912,356088
600000,56,534094.0,100,4.0,65906,534094
800000,56,712238.0,100,4.0,87762,712238
1000000,56,890565.0,100,4.0,109435,890565
2,57,2.0,1,0.04,0,2
3,57,3.0,2,0.08,0,3
100,57,83.0,50,2.0,17,83
200,57,168.0,100,4.0,32,168
2000,57,1765.0,100,4.0,235,1765
10000,57,8859.0,100,4.0,1141,8859
20000,57,17768.0,100,4.0,2232,17768
40000,57,35576.0,100,4.0,4424,35576
60000,57,53347.0,100,4.0,6653,53347
80000,57,71107.0,100,4.0,8893,71107
100000,57,88897.0,100,4.0,11103,88897
200000,57,177845.0,100,4.0,22155,177845
400000,57,356154.0,100,4.0,43846,356154
600000,57,534121.0,100,4.0,65879,534121
800000,57,711938.0,100,4.0,88062,711938
1000000,57,889948.0,100,4.0,110052,889948
2,58,2.0,1,0.04,0,2
3,58,3.0,2,0.08,0,3
100,58,82.0,50,2.0,18,82
200,58,165.0,100,4.0,35,165
2000,58,1751.0,103,4.12,249,1751
10000,58,8862.0,103,4.12,1138,8862
20000,58,17784.0,103,4.12,2216,17784
40000,58,35593.0,103,4.12,4407,35593
60000,58,53446.0,103,4.12,6554,53446
80000,58,71304.0,103,4.12,8696,71304
100000,58,89140.0,103,4.12,10860,89140
200000,58,178121.0,103,4.12,21879,178121
400000,58,356217.0,103,4.12,43783,356217
600000,58,534274.0,103,4.12,65726,534274
800000,58,711967.0,103,4.12,88033,711967
1000000,58,890106.0,103,4.12,109894,890106
2,59,2.0,1,0.04,0,2
3,59,3.0,2,0.08,0,3
100,59,91.0,50,2.0,9,91
200,59,181.0,100,4.0,19,181
2000,59,1775.0,112,4.48,225,1775
10000,59,8877.0,112,4.48,1123,8877
20000,59,17778.0,112,4.48,2222,17778
40000,59,35449.0,112,4.48,4551,35449
60000,59,53280.0,112,4.48,6720,53280
80000,59,71038.0,112,4.48,8962,71038
100000,59,88873.0,112,4.48,11127,88873
200000,59,177901.0,112,4.48,22099,177901
400000,59,355932.0,112,4.48,44068,355932
600000,59,533849.0,112,4.48,66151,533849
800000,59,711946.0,112,4.48,88054,711946
1000000,59,890082.0,112,4.48,109918,890082
2,60,2.0,1,0.04,0,2
3,60,3.0,2,0.08,0,3
100,60,93.0,50,2.0,7,93
200,60,178.0,100,4.0,22,178
2000,60,1717.0,1817,72.68,283,1717
10000,60,8498.0,9816,392.64,1502,8498
20000,60,17350.0,10487,419.48,2650,17350
40000,60,35112.0,10487,419.48,4888,35112
60000,60,52831.0,10487,419.48,7169,52831
80000,60,70671.0,10487,419.48,9329,70671
100000,60,88488.0,10487,419.48,11512,88488
200000,60,177560.0,10487,419.48,22440,177560
400000,60,355312.0,10487,419.48,44688,355312
600000,60,533167.0,10487,419.48,66833,533167
800000,60,711036.0,10487,419.48,88964,711036
1000000,60,889001.0,10487,419.48,110999,889001
2,61,1.0,1,0.04,1,1
3,61,2.0,2,0.08,1,2
100,61,87.0,50,2.0,13,87
200,61,173.0,100,4.0,27,173
2000,61,1758.0,100,4.0,242,1758
10000,61,8853.0,100,4.0,1147,8853
20000,61,17703.0,100,4.0,2297,17703
40000,61,35456.0,100,4.0,4544,35456
60000,61,53335.0,100,4.0,6665,53335
80000,61,71175.0,100,4.0,8825,71175
100000,61,88935.0,100,4.0,11065,88935
200000,61,178002.0,100,4.0,21998,178002
400000,61,355886.0,100,4.0,44114,355886
600000,61,533983.0,100,4.0,66017,533983
800000,61,712141.0,100,4.0,87859,712141
1000000,61,890250.0,100,4.0,109750,890250
2,62,2.0,1,0.04,0,2
3,62,2.0,2,0.08,1,2
100,62,89.0,50,2.0,11,89
200,62,177.0,100,4.0,23,177
2000,62,1813.0,100,4.0,187,1813
10000,62,8924.0,100,4.0,1076,8924
20000,62,17794.0,100,4.0,2206,17794
40000,62,35604.0,100,4.0,4396,35604
60000,62,53432.0,100,4.0,6568,53432
80000,62,71223.0,100,4.0,8777,71223
100000,62,89021.0,100,4.0,10979,89021
200000,62,178129.0,100,4.0,21871,178129
400000,62,356106.0,100,4.0,43894,356106
600000,62,534015.0,100,4.0,65985,534015
800000,62,711880.0,100,4.0,88120,711880
1000000,62,890053.0,100,4.0,109947,890053
2,63,2.0,1,0.04,0,2
3,63,3.0,2,0.08,0,3
100,63,90.0,50,2.0,10,90
200,63,174.0,100,4.0,26,174
2000,63,1782.0,100,4.0,218,1782
10000,63,8892.0,100,4.0,1108,8892
20000,63,17757.0,100,4.0,2243,17757
40000,63,35523.0,100,4.0,4477,35523
60000,63,53365.0,100,4.0,6635,53365
80000,63,71156.0,100,4.0,8844,71156
100000,63,89003.0,100,4.0,10997,89003
200000,63,177945.0,100,4.0,22055,177945
400000,63,355899.0,100,4.0,44101,355899
600000,63,533868.0,100,4.0,66132,533868
800000,63,711688.0,100,4.0,88312,711688
1000000,63,889658.0,100,4.0,110342,889658
2,64,1.0,1,0.04,1,1
3,64,2.0,2,0.08,1,2
100,64,82.0,50,2.0,18,82
200,64,167.0,100,4.0,33,167
2000,64,1762.0,100,4.0,238,1762
10000,64,8843.0,100,4.0,1157,8843
20000,64,17723.0,100,4.0,2277,17723
40000,64,35570.0,100,4.0,4430,35570
60000,64,53354.0,100,4.0,6646,53354
80000,64,71158.0,100,4.0,8842,71158
100000,64,89060.0,100,4.0,10940,89060
200000,64,178036.0,100,4.0,21964,178036
400000,64,355897.0,100,4.0,44103,355897
600000,64,534035.0,100,4.0,65965,534035
800000,64,712319.0,100,4.0,87681,712319
1000000,64,890360.0,100,4.0,109640,890360
2,65,2.0,1,0.04,0,2
3,65,3.0,2,0.08,0,3
100,65,88.0,50,2.0,12,88
200,65,175.0,100,4.0,25,175
2000,65,1770.0,100,4.0,230,1770
10000,65,8801.0,100,4.0,1199,8801
20000,65,17778.0,100,4.0,2222,17778
40000,65,35563.0,100,4.0,4437,35563
60000,65,53319.0,100,4.0,6681,53319
80000,65,71119.0,100,4.0,8881,71119
100000,65,88935.0,100,4.0,11065,88935
200000,65,177839.0,100,4.0,22161,177839
400000,65,355888.0,100,4.0,44112,355888
600000,65,533932.0,100,4.0,66068,533932
800000,65,712066.0,100,4.0,87934,712066
1000000,65,889989.0,100,4.0,110011,889989
2,66,1.0,1,0.04,1,1
3,66,2.0,2,0.08,1,2
100,66,83.0,50,2.0,17,83
200,66,175.0,100,4.0,25,175
2000,66,1778.0,391,15.64,222,1778
10000,66,8886.0,391,15.64,1114,8886
20000,66,17828.0,391,15.64,2172,17828
40000,66,35673.0,391,15.64,4327,35673
60000,66,53458.0,391,15.64,6542,53458
80000,66,71221.0,391,15.64,8779,71221
100000,66,89098.0,391,15.64,10902,89098
200000,66,178160.0,391,15.64,21840,178160
400000,66,356184.0,391,15.64,43816,356184
600000,66,534209.0,391,15.64,65791,534209
800000,66,712007.0,391,15.64,87993,712007
1000000,66,890097.0,391,15.64,109903,890097
2,67,1.0,1,0.04,1,1
3,67,2.0,2,0.08,1,2
100,67,87.0,50,2.0,13,87
200,67,174.0,100,4.0,26,174
2000,67,1754.0,100,4.0,246,1754
10000,67,8886.0,100,4.0,1114,8886
20000,67,17790.0,100,4.0,2210,17790
40000,67,35632.0,100,4.0,4368,35632
60000,67,53413.0,100,4.0,6587,53413
80000,67,71239.0,100,4.0,8761,71239
100000,67,89036.0,100,4.0,10964,89036
200000,67,177994.0,100,4.0,22006,177994
400000,67,356082.0,100,4.0,43918,356082
600000,67,534105.0,100,4.0,65895,534105
800000,67,712028.0,100,4.0,87972,712028
1000000,67,890262.0,100,4.0,109738,890262
2,68,2.0,1,0.04,0,2
3,68,3.0,2,0.08,0,3
100,68,85.0,50,2.0,15,85
200,68,172.0,100,4.0,28,172
2000,68,1766.0,100,4.0,234,1766
10000,68,8912.0,100,4.0,1088,8912
20000,68,17810.0,100,4.0,2190,17810
40000,68,35602.0,100,4.0,4398,35602
60000,68,53363.0,100,4.0,6637,53363
80000,68,71253.0,100,4.0,8747,71253
100000,68,89069.0,100,4.0,10931,89069
200000,68,178147.0,100,4.0,21853,178147
400000,68,356019.0,100,4.0,43981,356019
600000,68,533675.0,100,4.0,66325,533675
800000,68,711612.0,100,4.0,88388,711612
1000000,68,889526.0,100,4.0,110474,889526
2,69,1.0,1,0.04,1,1
3,69,2.0,2,0.08,1,2
100,69,87.0,50,2.0,13,87
200,69,176.0,100,4.0,24,176
2000,69,1779.0,100,4.0,221,1779
10000,69,8868.0,100,4.0,1132,8868
20000,69,17710.0,100,4.0,2290,17710
40000,69,35538.0,100,4.0,4462,35538
60000,69,53302.0,100,4.0,6698,53302
80000,69,71118.0,100,4.0,8882,71118
100000,69,88940.0,100,4.0,11060,88940
200000,69,177991.0,100,4.0,22009,177991
400000,69,356155.0,100,4.0,43845,356155
600000,69,534457.0,100,4.0,65543,534457
800000,69,712502.0,100,4.0,87498,712502
1000000,69,890507.0,100,4.0,109493,890507
2,70,1.0,1,0.04,1,1
3,70,2.0,2,0.08,1,2
100,70,84.0,50,2.0,16,84
200,70,171.0,100,4.0,29,171
2000,70,1763.0,145,5.8,237,1763
10000,70,8891.0,145,5.8,1109,8891
20000,70,17766.0,145,5.8,2234,17766
40000,70,35612.0,145,5.8,4388,35612
60000,70,53402.0,145,5.8,6598,53402
80000,70,71267.0,145,5.8,8733,71267
100000,70,89050.0,145,5.8,10950,89050
200000,70,178015.0,145,5.8,21985,178015
400000,70,355945.0,145,5.8,44055,355945
600000,70,533886.0,145,5.8,66114,533886
800000,70,712052.0,145,5.8,87948,712052
1000000,70,890165.0,145,5.8,109835,890165
2,71,2.0,1,0.04,0,2
3,71,3.0,2,0.08,0,3
100,71,88.0,50,2.0,12,88
200,71,178.0,100,4.0,22,178
2000,71,1759.0,103,4.12,241,1759
10000,71,8891.0,103,4.12,1109,8891
20000,71,17776.0,103,4.12,2224,17776
40000,71,35582.0,103,4.12,4418,35582
60000,71,53302.0,103,4.12,6698,53302
80000,71,71100.0,103,4.12,8900,71100
100000,71,88882.0,103,4.12,11118,88882
200000,71,177961.0,103,4.12,22039,177961
400000,71,356074.0,103,4.12,43926,356074
600000,71,534112.0,103,4.12,65888,534112
800000,71,712302.0,103,4.12,87698,712302
1000000,71,890428.0,103,4.12,109572,890428
2,72,2.0,1,0.04,0,2
3,72,3.0,2,0.08,0,3
100,72,86.0,50,2.0,14,86
200,72,175.0,100,4.0,25,175
2000,72,1777.0,100,4.0,223,1777
10000,72,8890.0,100,4.0,1110,8890
20000,72,17812.0,100,4.0,2188,17812
40000,72,35697.0,100,4.0,4303,35697
60000,72,53528.0,100,4.0,6472,53528
80000,72,71304.0,100,4.0,8696,71304
100000,72,89083.0,100,4.0,10917,89083
200000,72,177995.0,100,4.0,22005,177995
400000,72,356154.0,100,4.0,43846,356154
600000,72,534060.0,100,4.0,65940,534060
800000,72,712075.0,100,4.0,87925,712075
1000000,72,890369.0,100,4.0,109631,890369
2,73,1.0,1,0.04,1,1
3,73,2.0,2,0.08,1,2
100,73,85.0,50,2.0,15,85
200,73,171.0,100,4.0,29,171
2000,73,1782.0,100,4.0,218,1782
10000,73,8877.0,100,4.0,1123,8877
20000,73,17802.0,100,4.0,2198,17802
40000,73,35616.0,100,4.0,4384,35616
60000,73,53499.0,100,4.0,6501,53499
80000,73,71266.0,100,4.0,8734,71266
100000,73,89127.0,100,4.0,10873,89127
200000,73,178103.0,100,4.0,21897,178103
400000,73,356220.0,100,4.0,43780,356220
600000,73,534169.0,100,4.0,65831,534169
800000,73,711857.0,100,4.0,88143,711857
1000000,73,889772.0,100,4.0,110228,889772
2,74,1.0,1,0.04,1,1
3,74,2.0,2,0.08,1,2
100,74,94.0,50,2.0,6,94
200,74,177.0,100,4.0,23,177
2000,74,1792.0,115,4.6,208,1792
10000,74,8895.0,115,4.6,1105,8895
20000,74,17783.0,115,4.6,2217,17783
40000,74,35580.0,115,4.6,4420,35580
60000,74,53440.0,115,4.6,6560,53440
80000,74,71226.0,115,4.6,8774,71226
100000,74,89021.0,115,4.6,10979,89021
200000,74,178075.0,115,4.6,21925,178075
400000,74,356091.0,115,4.6,43909,356091
600000,74,534057.0,115,4.6,65943,534057
800000,74,712274.0,115,4.6,87726,712274
1000000,74,890339.0,115,4.6,109661,890339
2,75,2.0,1,0.04,0,2
3,75,3.0,2,0.08,0,3
100,75,87.0,50,2.0,13,87
200,75,173.0,100,4.0,27,173
2000,75,1767.0,100,4.0,233,1767
10000,75,8910.0,100,4.0,1090,8910
20000,75,17866.0,100,4.0,2134,17866
40000,75,35653.0,100,4.0,4347,35653
60000,75,53420.0,100,4.0,6580,53420
80000,75,71204.0,100,4.0,8796,71204
100000,75,88969.0,100,4.0,11031,88969
200000,75,177989.0,100,4.0,22011,177989
400000,75,356001.0,100,4.0,43999,356001
600000,75,533919.0,100,4.0,66081,533919
800000,75,711994.0,100,4.0,88006,711994
1000000,75,889983.0,100,4.0,110017,889983
2,76,1.0,1,0.04,1,1
3,76,2.0,2,0.08,1,2
100,76,87.0,50,2.0,13,87
200,76,174.0,100,4.0,26,174
2000,76,1763.0,100,4.0,237,1763
10000,76,8881.0,100,4.0,1119,8881
20000,76,17801.0,100,4.0,2199,17801
40000,76,35552.0,100,4.0,4448,35552
60000,76,53386.0,100,4.0,6614,53386
80000,76,71112.0,100,4.0,8888,71112
100000,76,88929.0,100,4.0,11071,88929
200000,76,177868.0,100,4.0,22132,177868
400000,76,355855.0,100,4.0,44145,355855
600000,76,533673.0,100,4.0,66327,533673
800000,76,711920.0,100,4.0,88080,711920
1000000,76,889748.0,100,4.0,110252,889748
2,77,2.0,1,0.04,0,2
3,77,3.0,2,0.08,0,3
100,77,83.0,50,2.0,17,83
200,77,172.0,100,4.0,28,172
2000,77,1767.0,133,5.32,233,1767
10000,77,8887.0,133,5.32,1113,8887
20000,77,17768.0,133,5.32,2232,17768
40000,77,35537.0,133,5.32,4463,35537
60000,77,53297.0,133,5.32,6703,53297
80000,77,71060.0,133,5.32,8940,71060
100000,77,88922.0,133,5.32,11078,88922
200000,77,178059.0,133,5.32,21941,178059
400000,77,356086.0,133,5.32,43914,356086
600000,77,534193.0,133,5.32,65807,534193
800000,77,712164.0,133,5.32,87836,712164
1000000,77,889946.0,133,5.32,110054,889946
2,78,2.0,1,0.04,0,2
3,78,3.0,2,0.08,0,3
100,78,89.0,50,2.0,11,89
200,78,175.0,100,4.0,25,175
2000,78,1773.0,100,4.0,227,1773
10000,78,8884.0,100,4.0,1116,8884
20000,78,17825.0,100,4.0,2175,17825
40000,78,35555.0,100,4.0,4445,35555
60000,78,53298.0,100,4.0,6702,53298
80000,78,71072.0,100,4.0,8928,71072
100000,78,88851.0,100,4.0,11149,88851
200000,78,177962.0,100,4.0,22038,177962
400000,78,355801.0,100,4.0,44199,355801
600000,78,533918.0,100,4.0,66082,533918
800000,78,711836.0,100,4.0,88164,711836
1000000,78,889781.0,100,4.0,110219,889781
2,79,2.0,1,0.04,0,2
3,79,3.0,2,0.08,0,3
100,79,87.0,50,2.0,13,87
200,79,177.0,100,4.0,23,177
2000,79,1761.0,100,4.0,239,1761
10000,79,8910.0,100,4.0,1090,8910
20000,79,17809.0,100,4.0,2191,17809
40000,79,35641.0,100,4.0,4359,35641
60000,79,53429.0,100,4.0,6571,53429
80000,79,71287.0,100,4.0,8713,71287
100000,79,89101.0,100,4.0,10899,89101
200000,79,177993.0,100,4.0,22007,177993
400000,79,355908.0,100,4.0,44092,355908
600000,79,534074.0,100,4.0,65926,534074
800000,79,712081.0,100,4.0,87919,712081
1000000,79,890047.0,100,4.0,109953,890047
2,80,2.0,1,0.04,0,2
3,80,3.0,2,0.08,0,3
100,80,89.0,50,2.0,11,89
200,80,178.0,100,4.0,22,178
2000,80,1774.0,100,4.0,226,1774
10000,80,8875.0,100,4.0,1125,8875
20000,80,17802.0,100,4.0,2198,17802
40000,80,35546.0,100,4.0,4454,35546
60000,80,53315.0,100,4.0,6685,53315
80000,80,71177.0,100,4.0,8823,71177
100000,80,89028.0,100,4.0,10972,89028
200000,80,178164.0,100,4.0,21836,178164
400000,80,356457.0,100,4.0,43543,356457
600000,80,534277.0,100,4.0,65723,534277
800000,80,712393.0,100,4.0,87607,712393
1000000,80,890427.0,100,4.0,109573,890427
2,81,2.0,1,0.04,0,2
3,81,3.0,2,0.08,0,3
100,81,84.0,50,2.0,16,84
200,81,167.0,100,4.0,33,167
2000,81,1788.0,100,4.0,212,1788
10000,81,8898.0,100,4.0,1102,8898
20000,81,17822.0,100,4.0,2178,17822
40000,81,35620.0,100,4.0,4380,35620
60000,81,53464.0,100,4.0,6536,53464
80000,81,71188.0,100,4.0,8812,71188
100000,81,88913.0,100,4.0,11087,88913
200000,81,177903.0,100,4.0,22097,177903
400000,81,355922.0,100,4.0,44078,355922
600000,81,533727.0,100,4.0,66273,533727
800000,81,711636.0,100,4.0,88364,711636
1000000,81,889792.0,100,4.0,110208,889792
2,82,2.0,1,0.04,0,2
3,82,3.0,2,0.08,0,3
100,82,90.0,50,2.0,10,90
200,82,176.0,100,4.0,24,176
2000,82,1775.0,172,6.88,225,1775
10000,82,8857.0,172,6.88,1143,8857
20000,82,17761.0,172,6.88,2239,17761
40000,82,35531.0,172,6.88,4469,35531
60000,82,53327.0,172,6.88,6673,53327
80000,82,71184.0,172,6.88,8816,71184
100000,82,88982.0,172,6.88,11018,88982
200000,82,178034.0,172,6.88,21966,178034
400000,82,356157.0,172,6.88,43843,356157
600000,82,533936.0,172,6.88,66064,533936
800000,82,711953.0,172,6.88,88047,711953
1000000,82,890151.0,172,6.88,109849,890151
2,83,2.0,1,0.04,0,2
3,83,3.0,2,0.08,0,3
100,83,86.0,50,2.0,14,86
200,83,174.0,100,4.0,26,174
2000,83,1734.0,1900,76.0,266,1734
10000,83,8517.0,9900,396.0,1483,8517
20000,83,16999.0,19900,796.0,3001,16999
40000,83,33959.0,39900,1596.0,6041,33959
60000,83,50970.0,59900,2396.0,9030,50970
80000,83,67946.0,79900,3196.0,12054,67946
100000,83,84916.0,99900,3996.0,15084,84916
200000,83,169881.0,199900,7996.0,30119,169881
400000,83,339801.0,399900,15996.0,60199,339801
600000,83,509851.0,599900,23996.0,90149,509851
800000,83,679636.0,799900,31996.0,120364,679636
1000000,83,849681.0,999900,39996.0,150319,849681
2,84,2.0,1,0.04,0,2
3,84,3.0,2,0.08,0,3
100,84,87.0,50,2.0,13,87
200,84,168.0,100,4.0,32,168
2000,84,1766.0,118,4.72,234,1766
10000,84,8875.0,118,4.72,1125,8875
20000,84,17733.0,118,4.72,2267,17733
40000,84,35524.0,118,4.72,4476,35524
60000,84,53389.0,118,4.72,6611,53389
80000,84,71165.0,118,4.72,8835,71165
100000,84,88983.0,118,4.72,11017,88983
200000,84,177873.0,118,4.72,22127,177873
400000,84,355892.0,118,4.72,44108,355892
600000,84,534232.0,118,4.72,65768,534232
800000,84,712399.0,118,4.72,87601,712399
1000000,84,890373.0,118,4.72,109627,890373
2,85,2.0,1,0.04,0,2
3,85,3.0,2,0.08,0,3
100,85,89.0,50,2.0,11,89
200,85,179.0,100,4.0,21,179
2000,85,1792.0,104,4.16,208,1792
10000,85,8934.0,104,4.16,1066,8934
20000,85,17834.0,104,4.16,2166,17834
40000,85,35620.0,104,4.16,4380,35620
60000,85,53502.0,104,4.16,6498,53502
80000,85,71379.0,104,4.16,8621,71379
100000,85,89154.0,104,4.16,10846,89154
200000,85,178071.0,104,4.16,21929,178071
400000,85,355953.0,104,4.16,44047,355953
600000,85,534041.0,104,4.16,65959,534041
800000,85,712063.0,104,4.16,87937,712063
1000000,85,890385.0,104,4.16,109615,890385
2,86,1.0,1,0.04,1,1
3,86,2.0,2,0.08,1,2
100,86,83.0,50,2.0,17,83
200,86,174.0,100,4.0,26,174
2000,86,1781.0,108,4.32,219,1781
10000,86,8902.0,108,4.32,1098,8902
20000,86,17827.0,108,4.32,2173,17827
40000,86,35601.0,108,4.32,4399,35601
60000,86,53432.0,108,4.32,6568,53432
80000,86,71293.0,108,4.32,8707,71293
100000,86,89072.0,108,4.32,10928,89072
200000,86,177997.0,108,4.32,22003,177997
400000,86,355830.0,108,4.32,44170,355830
600000,86,533528.0,108,4.32,66472,533528
800000,86,711583.0,108,4.32,88417,711583
1000000,86,889346.0,108,4.32,110654,889346
2,87,2.0,1,0.04,0,2
3,87,3.0,2,0.08,0,3
100,87,87.0,50,2.0,13,87
200,87,177.0,100,4.0,23,177
2000,87,1779.0,100,4.0,221,1779
10000,87,8926.0,100,4.0,1074,8926
20000,87,17828.0,100,4.0,2172,17828
40000,87,35619.0,100,4.0,4381,35619
60000,87,53423.0,100,4.0,6577,53423
80000,87,71207.0,100,4.0,8793,71207
100000,87,89008.0,100,4.0,10992,89008
200000,87,178157.0,100,4.0,21843,178157
400000,87,356260.0,100,4.0,43740,356260
600000,87,534285.0,100,4.0,65715,534285
800000,87,712267.0,100,4.0,87733,712267
1000000,87,890162.0,100,4.0,109838,890162
2,88,2.0,1,0.04,0,2
3,88,3.0,2,0.08,0,3
100,88,85.0,50,2.0,15,85
200,88,162.0,100,4.0,38,162
2000,88,1682.0,1900,76.0,318,1682
10000,88,8537.0,9900,396.0,1463,8537
20000,88,17020.0,19900,796.0,2980,17020
40000,88,33958.0,39900,1596.0,6042,33958
60000,88,50904.0,59900,2396.0,9096,50904
80000,88,67983.0,79900,3196.0,12017,67983
100000,88,84971.0,99900,3996.0,15029,84971
200000,88,169838.0,199900,7996.0,30162,169838
400000,88,340118.0,399900,15996.0,59882,340118
600000,88,510326.0,599900,23996.0,89674,510326
800000,88,680236.0,799900,31996.0,119764,680236
1000000,88,850325.0,999900,39996.0,149675,850325
2,89,2.0,1,0.04,0,2
3,89,3.0,2,0.08,0,3
100,89,83.0,50,2.0,17,83
200,89,170.0,100,4.0,30,170
2000,89,1778.0,100,4.0,222,1778
10000,89,8885.0,100,4.0,1115,8885
20000,89,17791.0,100,4.0,2209,17791
40000,89,35658.0,100,4.0,4342,35658
60000,89,53464.0,100,4.0,6536,53464
80000,89,71276.0,100,4.0,8724,71276
100000,89,89118.0,100,4.0,10882,89118
200000,89,177946.0,100,4.0,22054,177946
400000,89,356218.0,100,4.0,43782,356218
600000,89,534294.0,100,4.0,65706,534294
800000,89,712405.0,100,4.0,87595,712405
1000000,89,890336.0,100,4.0,109664,890336
2,90,2.0,1,0.04,0,2
3,90,3.0,2,0.08,0,3
100,90,81.0,50,2.0,19,81
200,90,171.0,100,4.0,29,171
2000,90,1750.0,100,4.0,250,1750
10000,90,8878.0,100,4.0,1122,8878
20000,90,17757.0,100,4.0,2243,17757
40000,90,35540.0,100,4.0,4460,35540
60000,90,53409.0,100,4.0,6591,53409
80000,90,71258.0,100,4.0,8742,71258
100000,90,89092.0,100,4.0,10908,89092
200000,90,178156.0,100,4.0,21844,178156
400000,90,356067.0,100,4.0,43933,356067
600000,90,534023.0,100,4.0,65977,534023
800000,90,712121.0,100,4.0,87879,712121
1000000,90,890053.0,100,4.0,109947,890053
2,91,2.0,1,0.04,0,2
3,91,3.0,2,0.08,0,3
100,91,82.0,50,2.0,18,82
200,91,171.0,100,4.0,29,171
2000,91,1773.0,100,4.0,227,1773
10000,91,8948.0,100,4.0,1052,8948
20000,91,17816.0,100,4.0,2184,17816
40000,91,35584.0,100,4.0,4416,35584
60000,91,53370.0,100,4.0,6630,53370
80000,91,71122.0,100,4.0,8878,71122
100000,91,88904.0,100,4.0,11096,88904
200000,91,177829.0,100,4.0,22171,177829
400000,91,355701.0,100,4.0,44299,355701
600000,91,533477.0,100,4.0,66523,533477
800000,91,711503.0,100,4.0,88497,711503
1000000,91,889474.0,100,4.0,110526,889474
2,92,1.0,1,0.04,1,1
3,92,1.0,2,0.08,2,1
100,92,87.0,50,2.0,13,87
200,92,169.0,100,4.0,31,169
2000,92,1769.0,100,4.0,231,1769
10000,92,8891.0,100,4.0,1109,8891
20000,92,17749.0,100,4.0,2251,17749
40000,92,35560.0,100,4.0,4440,35560
60000,92,53362.0,100,4.0,6638,53362
80000,92,71217.0,100,4.0,8783,71217
100000,92,89036.0,100,4.0,10964,89036
200000,92,178012.0,100,4.0,21988,178012
400000,92,355643.0,100,4.0,44357,355643
600000,92,533898.0,100,4.0,66102,533898
800000,92,711907.0,100,4.0,88093,711907
1000000,92,890039.0,100,4.0,109961,890039
2,93,2.0,1,0.04,0,2
3,93,3.0,2,0.08,0,3
100,93,87.0,50,2.0,13,87
200,93,177.0,100,4.0,23,177
2000,93,1782.0,100,4.0,218,1782
10000,93,8915.0,100,4.0,1085,8915
20000,93,17814.0,100,4.0,2186,17814
40000,93,35574.0,100,4.0,4426,35574
60000,93,53357.0,100,4.0,6643,53357
80000,93,71096.0,100,4.0,8904,71096
100000,93,88890.0,100,4.0,11110,88890
200000,93,177864.0,100,4.0,22136,177864
400000,93,355788.0,100,4.0,44212,355788
600000,93,533684.0,100,4.0,66316,533684
800000,93,711709.0,100,4.0,88291,711709
1000000,93,889819.0,100,4.0,110181,889819
2,94,1.0,1,0.04,1,1
3,94,2.0,2,0.08,1,2
100,94,90.0,50,2.0,10,90
200,94,177.0,100,4.0,23,177
2000,94,1770.0,100,4.0,230,1770
10000,94,8891.0,100,4.0,1109,8891
20000,94,17765.0,100,4.0,2235,17765
40000,94,35543.0,100,4.0,4457,35543
60000,94,53298.0,100,4.0,6702,53298
80000,94,71173.0,100,4.0,8827,71173
100000,94,88997.0,100,4.0,11003,88997
200000,94,177972.0,100,4.0,22028,177972
400000,94,356016.0,100,4.0,43984,356016
600000,94,533778.0,100,4.0,66222,533778
800000,94,711681.0,100,4.0,88319,711681
1000000,94,889539.0,100,4.0,110461,889539
2,95,2.0,1,0.04,0,2
3,95,3.0,2,0.08,0,3
100,95,89.0,50,2.0,11,89
200,95,177.0,100,4.0,23,177
2000,95,1808.0,100,4.0,192,1808
10000,95,8933.0,100,4.0,1067,8933
20000,95,17908.0,100,4.0,2092,17908
40000,95,35669.0,100,4.0,4331,35669
60000,95,53452.0,100,4.0,6548,53452
80000,95,71250.0,100,4.0,8750,71250
100000,95,88993.0,100,4.0,11007,88993
200000,95,177858.0,100,4.0,22142,177858
400000,95,356068.0,100,4.0,43932,356068
600000,95,534276.0,100,4.0,65724,534276
800000,95,712071.0,100,4.0,87929,712071
1000000,95,890135.0,100,4.0,109865,890135
2,96,2.0,1,0.04,0,2
3,96,3.0,2,0.08,0,3
100,96,83.0,50,2.0,17,83
200,96,176.0,100,4.0,24,176
2000,96,1781.0,100,4.0,219,1781
10000,96,8913.0,100,4.0,1087,8913
20000,96,17801.0,100,4.0,2199,17801
40000,96,35582.0,100,4.0,4418,35582
60000,96,53448.0,100,4.0,6552,53448
80000,96,71362.0,100,4.0,8638,71362
100000,96,89142.0,100,4.0,10858,89142
200000,96,178113.0,100,4.0,21887,178113
400000,96,356010.0,100,4.0,43990,356010
600000,96,533915.0,100,4.0,66085,533915
800000,96,711985.0,100,4.0,88015,711985
1000000,96,890025.0,100,4.0,109975,890025
2,97,2.0,1,0.04,0,2
3,97,3.0,2,0.08,0,3
100,97,89.0,50,2.0,11,89
200,97,180.0,100,4.0,20,180
2000,97,1777.0,100,4.0,223,1777
10000,97,8877.0,100,4.0,1123,8877
20000,97,17818.0,100,4.0,2182,17818
40000,97,35515.0,100,4.0,4485,35515
60000,97,53343.0,100,4.0,6657,53343
80000,97,71148.0,100,4.0,8852,71148
100000,97,88975.0,100,4.0,11025,88975
200000,97,177993.0,100,4.0,22007,177993
400000,97,356328.0,100,4.0,43672,356328
600000,97,534373.0,100,4.0,65627,534373
800000,97,712450.0,100,4.0,87550,712450
1000000,97,890365.0,100,4.0,109635,890365
2,98,2.0,1,0.04,0,2
3,98,3.0,2,0.08,0,3
100,98,90.0,50,2.0,10,90
200,98,172.0,100,4.0,28,172
2000,98,1776.0,100,4.0,224,1776
10000,98,8857.0,100,4.0,1143,8857
20000,98,17782.0,100,4.0,2218,17782
40000,98,35538.0,100,4.0,4462,35538
60000,98,53435.0,100,4.0,6565,53435
80000,98,71221.0,100,4.0,8779,71221
100000,98,89026.0,100,4.0,10974,89026
200000,98,177994.0,100,4.0,22006,177994
400000,98,356094.0,100,4.0,43906,356094
600000,98,534010.0,100,4.0,65990,534010
800000,98,711989.0,100,4.0,88011,711989
1000000,98,889947.0,100,4.0,110053,889947
2,99,2.0,1,0.04,0,2
3,99,3.0,2,0.08,0,3
100,99,87.0,50,2.0,13,87
200,99,177.0,100,4.0,23,177
2000,99,1773.0,165,6.6,227,1773
10000,99,8895.0,165,6.6,1105,8895
20000,99,17792.0,165,6.6,2208,17792
40000,99,35552.0,165,6.6,4448,35552
60000,99,53275.0,165,6.6,6725,53275
80000,99,71030.0,165,6.6,8970,71030
100000,99,88872.0,165,6.6,11128,88872
200000,99,177766.0,165,6.6,22234,177766
400000,99,355765.0,165,6.6,44235,355765
600000,99,533917.0,165,6.6,66083,533917
800000,99,711924.0,165,6.6,88076,711924
1000000,99,889777.0,165,6.6,110223,889777
2,100,1.0,1,0.04,1,1
3,100,2.0,2,0.08,1,2
100,100,84.0,50,2.0,16,84
200,100,170.0,100,4.0,30,170
2000,100,1702.0,1900,76.0,298,1702
10000,100,8528.0,9900,396.0,1472,8528
20000,100,16980.0,19900,796.0,3020,16980
40000,100,33874.0,39900,1596.0,6126,33874
60000,100,50861.0,59900,2396.0,9139,50861
80000,100,67849.0,79900,3196.0,12151,67849
100000,100,84877.0,99900,3996.0,15123,84877
200000,100,169825.0,199900,7996.0,30175,169825
400000,100,339991.0,399900,15996.0,60009,339991
600000,100,510013.0,599900,23996.0,89987,510013
800000,100,679907.0,799900,31996.0,120093,679907
1000000,100,849647.0,999900,39996.0,150353,849647
