Timestep,Iteration,Total Reward,Suboptimal Arms,Total Regret,Zeros Count,Ones Count
2,1,1.0,1,0.04,1,1
3,1,2.0,2,0.08,1,2
100,1,92.0,67,2.68,8,92
200,1,182.0,133,5.32,18,182
2000,1,1792.0,200,8.0,208,1792
10000,1,8911.0,200,8.0,1089,8911
20000,1,17807.0,200,8.0,2193,17807
40000,1,35591.0,200,8.0,4409,35591
60000,1,53400.0,200,8.0,6600,53400
80000,1,71140.0,200,8.0,8860,71140
100000,1,88920.0,200,8.0,11080,88920
200000,1,177846.0,200,8.0,22154,177846
400000,1,355807.0,200,8.0,44193,355807
600000,1,533716.0,200,8.0,66284,533716
800000,1,711616.0,200,8.0,88384,711616
1000000,1,889571.0,200,8.0,110429,889571
2,2,2.0,1,0.04,0,2
3,2,3.0,2,0.08,0,3
100,2,82.0,67,2.68,18,82
200,2,170.0,133,5.32,30,170
2000,2,1778.0,200,8.0,222,1778
10000,2,8904.0,200,8.0,1096,8904
20000,2,17829.0,200,8.0,2171,17829
40000,2,35597.0,200,8.0,4403,35597
60000,2,53369.0,200,8.0,6631,53369
80000,2,71208.0,200,8.0,8792,71208
100000,2,89023.0,200,8.0,10977,89023
200000,2,177964.0,200,8.0,22036,177964
400000,2,355901.0,200,8.0,44099,355901
600000,2,533893.0,200,8.0,66107,533893
800000,2,712011.0,200,8.0,87989,712011
1000000,2,889710.0,200,8.0,110290,889710
2,3,2.0,1,0.04,0,2
3,3,3.0,2,0.08,0,3
100,3,88.0,67,2.68,12,88
200,3,174.0,133,5.32,26,174
2000,3,1775.0,206,8.24,225,1775
10000,3,8909.0,206,8.24,1091,8909
20000,3,17773.0,206,8.24,2227,17773
40000,3,35555.0,206,8.24,4445,35555
60000,3,53297.0,206,8.24,6703,53297
80000,3,71094.0,206,8.24,8906,71094
100000,3,88917.0,206,8.24,11083,88917
200000,3,177912.0,206,8.24,22088,177912
400000,3,355846.0,206,8.24,44154,355846
600000,3,533871.0,206,8.24,66129,533871
800000,3,712146.0,206,8.24,87854,712146
1000000,3,890276.0,206,8.24,109724,890276
2,4,2.0,1,0.04,0,2
3,4,3.0,2,0.08,0,3
100,4,88.0,67,2.68,12,88
200,4,176.0,133,5.32,24,176
2000,4,1765.0,474,18.96,235,1765
10000,4,8926.0,474,18.96,1074,8926
20000,4,17788.0,474,18.96,2212,17788
40000,4,35624.0,474,18.96,4376,35624
60000,4,53402.0,474,18.96,6598,53402
80000,4,71251.0,474,18.96,8749,71251
100000,4,89062.0,474,18.96,10938,89062
200000,4,178163.0,474,18.96,21837,178163
400000,4,356136.0,474,18.96,43864,356136
600000,4,534556.0,474,18.96,65444,534556
800000,4,712653.0,474,18.96,87347,712653
1000000,4,890637.0,474,18.96,109363,890637
2,5,2.0,1,0.04,0,2
3,5,3.0,2,0.08,0,3
100,5,87.0,67,2.68,13,87
200,5,173.0,133,5.32,27,173
2000,5,1762.0,282,11.28,238,1762
10000,5,8946.0,282,11.28,1054,8946
20000,5,17852.0,282,11.28,2148,17852
40000,5,35668.0,282,11.28,4332,35668
60000,5,53541.0,282,11.28,6459,53541
80000,5,71391.0,282,11.28,8609,71391
100000,5,89222.0,282,11.28,10778,89222
200000,5,178169.0,282,11.28,21831,178169
400000,5,356104.0,282,11.28,43896,356104
600000,5,534146.0,282,11.28,65854,534146
800000,5,711896.0,282,11.28,88104,711896
1000000,5,889890.0,282,11.28,110110,889890
2,6,1.0,1,0.04,1,1
3,6,2.0,2,0.08,1,2
100,6,91.0,67,2.68,9,91
200,6,179.0,133,5.32,21,179
2000,6,1783.0,200,8.0,217,1783
10000,6,8867.0,200,8.0,1133,8867
20000,6,17765.0,200,8.0,2235,17765
40000,6,35623.0,200,8.0,4377,35623
60000,6,53375.0,200,8.0,6625,53375
80000,6,71171.0,200,8.0,8829,71171
100000,6,88932.0,200,8.0,11068,88932
200000,6,178025.0,200,8.0,21975,178025
400000,6,356085.0,200,8.0,43915,356085
600000,6,534108.0,200,8.0,65892,534108
800000,6,712010.0,200,8.0,87990,712010
1000000,6,890140.0,200,8.0,109860,890140
2,7,2.0,1,0.04,0,2
3,7,3.0,2,0.08,0,3
100,7,84.0,67,2.68,16,84
200,7,171.0,133,5.32,29,171
2000,7,1790.0,200,8.0,210,1790
10000,7,8913.0,200,8.0,1087,8913
20000,7,17779.0,200,8.0,2221,17779
40000,7,35467.0,200,8.0,4533,35467
60000,7,53272.0,200,8.0,6728,53272
80000,7,71015.0,200,8.0,8985,71015
100000,7,88870.0,200,8.0,11130,88870
200000,7,177818.0,200,8.0,22182,177818
400000,7,355738.0,200,8.0,44262,355738
600000,7,533800.0,200,8.0,66200,533800
800000,7,711473.0,200,8.0,88527,711473
1000000,7,889520.0,200,8.0,110480,889520
2,8,1.0,1,0.04,1,1
3,8,2.0,2,0.08,1,2
100,8,86.0,67,2.68,14,86
200,8,173.0,133,5.32,27,173
2000,8,1770.0,556,22.24,230,1770
10000,8,8923.0,556,22.24,1077,8923
20000,8,17826.0,556,22.24,2174,17826
40000,8,35562.0,556,22.24,4438,35562
60000,8,53336.0,556,22.24,6664,53336
80000,8,71220.0,556,22.24,8780,71220
100000,8,89033.0,556,22.24,10967,89033
200000,8,177968.0,556,22.24,22032,177968
400000,8,355955.0,556,22.24,44045,355955
600000,8,534026.0,556,22.24,65974,534026
800000,8,712057.0,556,22.24,87943,712057
1000000,8,890327.0,556,22.24,109673,890327
2,9,1.0,1,0.04,1,1
3,9,2.0,2,0.08,1,2
100,9,82.0,67,2.68,18,82
200,9,170.0,133,5.32,30,170
2000,9,1765.0,200,8.0,235,1765
10000,9,8903.0,200,8.0,1097,8903
20000,9,17740.0,200,8.0,2260,17740
40000,9,35542.0,200,8.0,4458,35542
60000,9,53373.0,200,8.0,6627,53373
80000,9,71142.0,200,8.0,8858,71142
100000,9,88931.0,200,8.0,11069,88931
200000,9,177957.0,200,8.0,22043,177957
400000,9,355866.0,200,8.0,44134,355866
600000,9,533921.0,200,8.0,66079,533921
800000,9,712151.0,200,8.0,87849,712151
1000000,9,890002.0,200,8.0,109998,890002
2,10,2.0,1,0.04,0,2
3,10,3.0,2,0.08,0,3
100,10,86.0,67,2.68,14,86
200,10,169.0,133,5.32,31,169
2000,10,1775.0,200,8.0,225,1775
10000,10,8881.0,200,8.0,1119,8881
20000,10,17756.0,200,8.0,2244,17756
40000,10,35501.0,200,8.0,4499,35501
60000,10,53285.0,200,8.0,6715,53285
80000,10,71091.0,200,8.0,8909,71091
100000,10,88868.0,200,8.0,11132,88868
200000,10,177702.0,200,8.0,22298,177702
400000,10,355735.0,200,8.0,44265,355735
600000,10,533451.0,200,8.0,66549,533451
800000,10,711512.0,200,8.0,88488,711512
1000000,10,889451.0,200,8.0,110549,889451
2,11,2.0,1,0.04,0,2
3,11,3.0,2,0.08,0,3
100,11,81.0,67,2.68,19,81
200,11,162.0,133,5.32,38,162
2000,11,1784.0,200,8.0,216,1784
10000,11,8929.0,200,8.0,1071,8929
20000,11,17795.0,200,8.0,2205,17795
40000,11,35659.0,200,8.0,4341,35659
60000,11,53447.0,200,8.0,6553,53447
80000,11,71318.0,200,8.0,8682,71318
100000,11,89124.0,200,8.0,10876,89124
200000,11,178227.0,200,8.0,21773,178227
400000,11,356069.0,200,8.0,43931,356069
600000,11,534225.0,200,8.0,65775,534225
800000,11,712291.0,200,8.0,87709,712291
1000000,11,890460.0,200,8.0,109540,890460
2,12,1.0,1,0.04,1,1
3,12,2.0,2,0.08,1,2
100,12,89.0,67,2.68,11,89
200,12,179.0,133,5.32,21,179
2000,12,1717.0,1900,76.0,283,1717
10000,12,8539.0,9900,396.0,1461,8539
20000,12,17004.0,19900,796.0,2996,17004
40000,12,34037.0,39900,1596.0,5963,34037
60000,12,51068.0,59900,2396.0,8932,51068
80000,12,68019.0,79900,3196.0,11981,68019
100000,12,84961.0,99900,3996.0,15039,84961
200000,12,169848.0,199900,7996.0,30152,169848
400000,12,339890.0,399900,15996.0,60110,339890
600000,12,509760.0,599900,23996.0,90240,509760
800000,12,679863.0,799900,31996.0,120137,679863
1000000,12,849946.0,999900,39996.0,150054,849946
2,13,2.0,1,0.04,0,2
3,13,3.0,2,0.08,0,3
100,13,86.0,67,2.68,14,86
200,13,177.0,133,5.32,23,177
2000,13,1757.0,827,33.08,243,1757
10000,13,8897.0,827,33.08,1103,8897
20000,13,17814.0,827,33.08,2186,17814
40000,13,35550.0,827,33.08,4450,35550
60000,13,53373.0,827,33.08,6627,53373
80000,13,71205.0,827,33.08,8795,71205
100000,13,88977.0,827,33.08,11023,88977
200000,13,177929.0,827,33.08,22071,177929
400000,13,356146.0,827,33.08,43854,356146
600000,13,534337.0,827,33.08,65663,534337
800000,13,712300.0,827,33.08,87700,712300
1000000,13,890154.0,827,33.08,109846,890154
2,14,1.0,1,0.04,1,1
3,14,2.0,2,0.08,1,2
100,14,84.0,67,2.68,16,84
200,14,172.0,133,5.32,28,172
2000,14,1784.0,211,8.44,216,1784
10000,14,8929.0,211,8.44,1071,8929
20000,14,17815.0,211,8.44,2185,17815
40000,14,35616.0,211,8.44,4384,35616
60000,14,53337.0,211,8.44,6663,53337
80000,14,71069.0,211,8.44,8931,71069
100000,14,88820.0,211,8.44,11180,88820
200000,14,177841.0,211,8.44,22159,177841
400000,14,355822.0,211,8.44,44178,355822
600000,14,533585.0,211,8.44,66415,533585
800000,14,711547.0,211,8.44,88453,711547
1000000,14,889492.0,211,8.44,110508,889492
2,15,2.0,1,0.04,0,2
3,15,3.0,2,0.08,0,3
100,15,88.0,67,2.68,12,88
200,15,173.0,133,5.32,27,173
2000,15,1780.0,200,8.0,220,1780
10000,15,8905.0,200,8.0,1095,8905
20000,15,17785.0,200,8.0,2215,17785
40000,15,35613.0,200,8.0,4387,35613
60000,15,53473.0,200,8.0,6527,53473
80000,15,71321.0,200,8.0,8679,71321
100000,15,89115.0,200,8.0,10885,89115
200000,15,177989.0,200,8.0,22011,177989
400000,15,356016.0,200,8.0,43984,356016
600000,15,533846.0,200,8.0,66154,533846
800000,15,711917.0,200,8.0,88083,711917
1000000,15,889661.0,200,8.0,110339,889661
2,16,2.0,1,0.04,0,2
3,16,3.0,2,0.08,0,3
100,16,88.0,67,2.68,12,88
200,16,177.0,133,5.32,23,177
2000,16,1793.0,200,8.0,207,1793
10000,16,8910.0,200,8.0,1090,8910
20000,16,17815.0,200,8.0,2185,17815
40000,16,35668.0,200,8.0,4332,35668
60000,16,53543.0,200,8.0,6457,53543
80000,16,71352.0,200,8.0,8648,71352
100000,16,89163.0,200,8.0,10837,89163
200000,16,178273.0,200,8.0,21727,178273
400000,16,355915.0,200,8.0,44085,355915
600000,16,533924.0,200,8.0,66076,533924
800000,16,712128.0,200,8.0,87872,712128
1000000,16,890008.0,200,8.0,109992,890008
2,17,2.0,1,0.04,0,2
3,17,3.0,2,0.08,0,3
100,17,86.0,67,2.68,14,86
200,17,168.0,133,5.32,32,168
2000,17,1743.0,733,29.32,257,1743
10000,17,8898.0,733,29.32,1102,8898
20000,17,17781.0,733,29.32,2219,17781
40000,17,35556.0,733,29.32,4444,35556
60000,17,53379.0,733,29.32,6621,53379
80000,17,71191.0,733,29.32,8809,71191
100000,17,88955.0,733,29.32,11045,88955
200000,17,177856.0,733,29.32,22144,177856
400000,17,355855.0,733,29.32,44145,355855
600000,17,533971.0,733,29.32,66029,533971
800000,17,712206.0,733,29.32,87794,712206
1000000,17,890113.0,733,29.32,109887,890113
2,18,1.0,1,0.04,1,1
3,18,1.0,2,0.08,2,1
100,18,83.0,67,2.68,17,83
200,18,174.0,133,5.32,26,174
2000,18,1791.0,200,8.0,209,1791
10000,18,8919.0,200,8.0,1081,8919
20000,18,17841.0,200,8.0,2159,17841
40000,18,35566.0,200,8.0,4434,35566
60000,18,53390.0,200,8.0,6610,53390
80000,18,71197.0,200,8.0,8803,71197
100000,18,88940.0,200,8.0,11060,88940
200000,18,178050.0,200,8.0,21950,178050
400000,18,356196.0,200,8.0,43804,356196
600000,18,534021.0,200,8.0,65979,534021
800000,18,711878.0,200,8.0,88122,711878
1000000,18,890018.0,200,8.0,109982,890018
2,19,2.0,1,0.04,0,2
3,19,3.0,2,0.08,0,3
100,19,95.0,67,2.68,5,95
200,19,180.0,133,5.32,20,180
2000,19,1792.0,233,9.32,208,1792
10000,19,8887.0,233,9.32,1113,8887
20000,19,17772.0,233,9.32,2228,17772
40000,19,35600.0,233,9.32,4400,35600
60000,19,53360.0,233,9.32,6640,53360
80000,19,71153.0,233,9.32,8847,71153
100000,19,89038.0,233,9.32,10962,89038
200000,19,178033.0,233,9.32,21967,178033
400000,19,355716.0,233,9.32,44284,355716
600000,19,533876.0,233,9.32,66124,533876
800000,19,712089.0,233,9.32,87911,712089
1000000,19,889993.0,233,9.32,110007,889993
2,20,2.0,1,0.04,0,2
3,20,3.0,2,0.08,0,3
100,20,85.0,67,2.68,15,85
200,20,173.0,133,5.32,27,173
2000,20,1780.0,317,12.68,220,1780
10000,20,8919.0,317,12.68,1081,8919
20000,20,17777.0,317,12.68,2223,17777
40000,20,35559.0,317,12.68,4441,35559
60000,20,53322.0,317,12.68,6678,53322
80000,20,71172.0,317,12.68,8828,71172
100000,20,88965.0,317,12.68,11035,88965
200000,20,178001.0,317,12.68,21999,178001
400000,20,355877.0,317,12.68,44123,355877
600000,20,533865.0,317,12.68,66135,533865
800000,20,711881.0,317,12.68,88119,711881
1000000,20,889833.0,317,12.68,110167,889833
2,21,2.0,1,0.04,0,2
3,21,3.0,2,0.08,0,3
100,21,88.0,67,2.68,12,88
200,21,170.0,133,5.32,30,170
2000,21,1762.0,200,8.0,238,1762
10000,21,8880.0,200,8.0,1120,8880
20000,21,17846.0,200,8.0,2154,17846
40000,21,35724.0,200,8.0,4276,35724
60000,21,53561.0,200,8.0,6439,53561
80000,21,71343.0,200,8.0,8657,71343
100000,21,89181.0,200,8.0,10819,89181
200000,21,178185.0,200,8.0,21815,178185
400000,21,356208.0,200,8.0,43792,356208
600000,21,534253.0,200,8.0,65747,534253
800000,21,712231.0,200,8.0,87769,712231
1000000,21,890190.0,200,8.0,109810,890190
2,22,2.0,1,0.04,0,2
3,22,3.0,2,0.08,0,3
100,22,83.0,67,2.68,17,83
200,22,165.0,133,5.32,35,165
2000,22,1753.0,200,8.0,247,1753
10000,22,8897.0,200,8.0,1103,8897
20000,22,17822.0,200,8.0,2178,17822
40000,22,35654.0,200,8.0,4346,35654
60000,22,53420.0,200,8.0,6580,53420
80000,22,71230.0,200,8.0,8770,71230
100000,22,89026.0,200,8.0,10974,89026
200000,22,177999.0,200,8.0,22001,177999
400000,22,356002.0,200,8.0,43998,356002
600000,22,534078.0,200,8.0,65922,534078
800000,22,712152.0,200,8.0,87848,712152
1000000,22,890287.0,200,8.0,109713,890287
2,23,2.0,1,0.04,0,2
3,23,3.0,2,0.08,0,3
100,23,91.0,67,2.68,9,91
200,23,173.0,133,5.32,27,173
2000,23,1762.0,576,23.04,238,1762
10000,23,8915.0,576,23.04,1085,8915
20000,23,17783.0,576,23.04,2217,17783
40000,23,35548.0,576,23.04,4452,35548
60000,23,53369.0,576,23.04,6631,53369
80000,23,71132.0,576,23.04,8868,71132
100000,23,88935.0,576,23.04,11065,88935
200000,23,177830.0,576,23.04,22170,177830
400000,23,355842.0,576,23.04,44158,355842
600000,23,533729.0,576,23.04,66271,533729
800000,23,711835.0,576,23.04,88165,711835
1000000,23,889782.0,576,23.04,110218,889782
2,24,2.0,1,0.04,0,2
3,24,2.0,2,0.08,1,2
100,24,90.0,67,2.68,10,90
200,24,179.0,133,5.32,21,179
2000,24,1765.0,281,11.24,235,1765
10000,24,8840.0,281,11.24,1160,8840
20000,24,17802.0,281,11.24,2198,17802
40000,24,35579.0,281,11.24,4421,35579
60000,24,53364.0,281,11.24,6636,53364
80000,24,71134.0,281,11.24,8866,71134
100000,24,88954.0,281,11.24,11046,88954
200000,24,177868.0,281,11.24,22132,177868
400000,24,355871.0,281,11.24,44129,355871
600000,24,533742.0,281,11.24,66258,533742
800000,24,711526.0,281,11.24,88474,711526
1000000,24,889652.0,281,11.24,110348,889652
2,25,0.0,1,0.04,2,0
3,25,1.0,2,0.08,2,1
100,25,93.0,67,2.68,7,93
200,25,178.0,133,5.32,22,178
2000,25,1775.0,288,11.52,225,1775
10000,25,8896.0,288,11.52,1104,8896
20000,25,17807.0,288,11.52,2193,17807
40000,25,35499.0,288,11.52,4501,35499
60000,25,53321.0,288,11.52,6679,53321
80000,25,71140.0,288,11.52,8860,71140
100000,25,88999.0,288,11.52,11001,88999
200000,25,178204.0,288,11.52,21796,178204
400000,25,356492.0,288,11.52,43508,356492
600000,25,534467.0,288,11.52,65533,534467
800000,25,712311.0,288,11.52,87689,712311
1000000,25,890271.0,288,11.52,109729,890271
2,26,2.0,1,0.04,0,2
3,26,2.0,2,0.08,1,2
100,26,90.0,67,2.68,10,90
200,26,175.0,133,5.32,25,175
2000,26,1795.0,268,10.72,205,1795
10000,26,8929.0,268,10.72,1071,8929
20000,26,17842.0,268,10.72,2158,17842
40000,26,35645.0,268,10.72,4355,35645
60000,26,53387.0,268,10.72,6613,53387
80000,26,71166.0,268,10.72,8834,71166
100000,26,88967.0,268,10.72,11033,88967
200000,26,177911.0,268,10.72,22089,177911
400000,26,355719.0,268,10.72,44281,355719
600000,26,533827.0,268,10.72,66173,533827
800000,26,711846.0,268,10.72,88154,711846
1000000,26,889892.0,268,10.72,110108,889892
2,27,2.0,1,0.04,0,2
3,27,3.0,2,0.08,0,3
100,27,83.0,67,2.68,17,83
200,27,176.0,133,5.32,24,176
2000,27,1787.0,200,8.0,213,1787
10000,27,8913.0,200,8.0,1087,8913
20000,27,17790.0,200,8.0,2210,17790
40000,27,35533.0,200,8.0,4467,35533
60000,27,53392.0,200,8.0,6608,53392
80000,27,71141.0,200,8.0,8859,71141
100000,27,88980.0,200,8.0,11020,88980
200000,27,177879.0,200,8.0,22121,177879
400000,27,355905.0,200,8.0,44095,355905
600000,27,534033.0,200,8.0,65967,534033
800000,27,711968.0,200,8.0,88032,711968
1000000,27,889958.0,200,8.0,110042,889958
2,28,2.0,1,0.04,0,2
3,28,3.0,2,0.08,0,3
100,28,88.0,67,2.68,12,88
200,28,175.0,133,5.32,25,175
2000,28,1702.0,1898,75.92,298,1702
10000,28,8538.0,9898,395.92,1462,8538
20000,28,16994.0,19898,795.92,3006,16994
40000,28,33938.0,39898,1595.92,6062,33938
60000,28,50888.0,59898,2395.92,9112,50888
80000,28,67861.0,79898,3195.92,12139,67861
100000,28,84906.0,99898,3995.92,15094,84906
200000,28,169999.0,199898,7995.92,30001,169999
400000,28,339813.0,399898,15995.92,60187,339813
600000,28,509800.0,599898,23995.92,90200,509800
800000,28,679931.0,799898,31995.92,120069,679931
1000000,28,849987.0,999898,39995.92,150013,849987
2,29,2.0,1,0.04,0,2
3,29,3.0,2,0.08,0,3
100,29,85.0,67,2.68,15,85
200,29,171.0,133,5.32,29,171
2000,29,1768.0,219,8.76,232,1768
10000,29,8877.0,219,8.76,1123,8877
20000,29,17773.0,219,8.76,2227,17773
40000,29,35562.0,219,8.76,4438,35562
60000,29,53445.0,219,8.76,6555,53445
80000,29,71200.0,219,8.76,8800,71200
100000,29,89054.0,219,8.76,10946,89054
200000,29,178083.0,219,8.76,21917,178083
400000,29,355961.0,219,8.76,44039,355961
600000,29,534082.0,219,8.76,65918,534082
800000,29,711995.0,219,8.76,88005,711995
1000000,29,890269.0,219,8.76,109731,890269
2,30,2.0,1,0.04,0,2
3,30,3.0,2,0.08,0,3
100,30,88.0,67,2.68,12,88
200,30,172.0,133,5.32,28,172
2000,30,1715.0,1900,76.0,285,1715
10000,30,8518.0,9900,396.0,1482,8518
20000,30,16994.0,19900,796.0,3006,16994
40000,30,33968.0,39900,1596.0,6032,33968
60000,30,51005.0,59900,2396.0,8995,51005
80000,30,67950.0,79900,3196.0,12050,67950
100000,30,84933.0,99900,3996.0,15067,84933
200000,30,169789.0,199900,7996.0,30211,169789
400000,30,339782.0,399900,15996.0,60218,339782
600000,30,509819.0,599900,23996.0,90181,509819
800000,30,679926.0,799900,31996.0,120074,679926
1000000,30,850086.0,999900,39996.0,149914,850086
2,31,2.0,1,0.04,0,2
3,31,3.0,2,0.08,0,3
100,31,93.0,67,2.68,7,93
200,31,183.0,133,5.32,17,183
2000,31,1774.0,291,11.64,226,1774
10000,31,8916.0,291,11.64,1084,8916
20000,31,17783.0,291,11.64,2217,17783
40000,31,35608.0,291,11.64,4392,35608
60000,31,53455.0,291,11.64,6545,53455
80000,31,71248.0,291,11.64,8752,71248
100000,31,89061.0,291,11.64,10939,89061
200000,31,178003.0,291,11.64,21997,178003
400000,31,356090.0,291,11.64,43910,356090
600000,31,534131.0,291,11.64,65869,534131
800000,31,711882.0,291,11.64,88118,711882
1000000,31,890313.0,291,11.64,109687,890313
2,32,1.0,1,0.04,1,1
3,32,2.0,2,0.08,1,2
100,32,80.0,67,2.68,20,80
200,32,166.0,133,5.32,34,166
2000,32,1746.0,200,8.0,254,1746
10000,32,8832.0,200,8.0,1168,8832
20000,32,17758.0,200,8.0,2242,17758
40000,32,35566.0,200,8.0,4434,35566
60000,32,53310.0,200,8.0,6690,53310
80000,32,71140.0,200,8.0,8860,71140
100000,32,88998.0,200,8.0,11002,88998
200000,32,177822.0,200,8.0,22178,177822
400000,32,356062.0,200,8.0,43938,356062
600000,32,534181.0,200,8.0,65819,534181
800000,32,712257.0,200,8.0,87743,712257
1000000,32,890295.0,200,8.0,109705,890295
2,33,1.0,1,0.04,1,1
3,33,2.0,2,0.08,1,2
100,33,83.0,67,2.68,17,83
200,33,174.0,133,5.32,26,174
2000,33,1789.0,200,8.0,211,1789
10000,33,8967.0,200,8.0,1033,8967
20000,33,17877.0,200,8.0,2123,17877
40000,33,35692.0,200,8.0,4308,35692
60000,33,53535.0,200,8.0,6465,53535
80000,33,71295.0,200,8.0,8705,71295
100000,33,89034.0,200,8.0,10966,89034
200000,33,178032.0,200,8.0,21968,178032
400000,33,355982.0,200,8.0,44018,355982
600000,33,533729.0,200,8.0,66271,533729
800000,33,711956.0,200,8.0,88044,711956
1000000,33,889769.0,200,8.0,110231,889769
2,34,2.0,1,0.04,0,2
3,34,3.0,2,0.08,0,3
100,34,85.0,67,2.68,15,85
200,34,168.0,133,5.32,32,168
2000,34,1780.0,200,8.0,220,1780
10000,34,8928.0,200,8.0,1072,8928
20000,34,17884.0,200,8.0,2116,17884
40000,34,35727.0,200,8.0,4273,35727
60000,34,53512.0,200,8.0,6488,53512
80000,34,71327.0,200,8.0,8673,71327
100000,34,89084.0,200,8.0,10916,89084
200000,34,178127.0,200,8.0,21873,178127
400000,34,355971.0,200,8.0,44029,355971
600000,34,533811.0,200,8.0,66189,533811
800000,34,711784.0,200,8.0,88216,711784
1000000,34,889891.0,200,8.0,110109,889891
2,35,2.0,1,0.04,0,2
3,35,3.0,2,0.08,0,3
100,35,84.0,67,2.68,16,84
200,35,170.0,133,5.32,30,170
2000,35,1751.0,339,13.56,249,1751
10000,35,8864.0,339,13.56,1136,8864
20000,35,17763.0,339,13.56,2237,17763
40000,35,35550.0,339,13.56,4450,35550
60000,35,53410.0,339,13.56,6590,53410
80000,35,71195.0,339,13.56,8805,71195
100000,35,88992.0,339,13.56,11008,88992
200000,35,178000.0,339,13.56,22000,178000
400000,35,355846.0,339,13.56,44154,355846
600000,35,533522.0,339,13.56,66478,533522
800000,35,711540.0,339,13.56,88460,711540
1000000,35,889756.0,339,13.56,110244,889756
2,36,2.0,1,0.04,0,2
3,36,3.0,2,0.08,0,3
100,36,89.0,67,2.68,11,89
200,36,174.0,133,5.32,26,174
2000,36,1743.0,504,20.16,257,1743
10000,36,8917.0,504,20.16,1083,8917
20000,36,17766.0,504,20.16,2234,17766
40000,36,35612.0,504,20.16,4388,35612
60000,36,53408.0,504,20.16,6592,53408
80000,36,71227.0,504,20.16,8773,71227
100000,36,89071.0,504,20.16,10929,89071
200000,36,178161.0,504,20.16,21839,178161
400000,36,356172.0,504,20.16,43828,356172
600000,36,534047.0,504,20.16,65953,534047
800000,36,712163.0,504,20.16,87837,712163
1000000,36,889913.0,504,20.16,110087,889913
2,37,2.0,1,0.04,0,2
3,37,3.0,2,0.08,0,3
100,37,90.0,67,2.68,10,90
200,37,179.0,133,5.32,21,179
2000,37,1765.0,426,17.04,235,1765
10000,37,8899.0,426,17.04,1101,8899
20000,37,17793.0,426,17.04,2207,17793
40000,37,35631.0,426,17.04,4369,35631
60000,37,53421.0,426,17.04,6579,53421
80000,37,71247.0,426,17.04,8753,71247
100000,37,89061.0,426,17.04,10939,89061
200000,37,178067.0,426,17.04,21933,178067
400000,37,356311.0,426,17.04,43689,356311
600000,37,534195.0,426,17.04,65805,534195
800000,37,712449.0,426,17.04,87551,712449
1000000,37,890373.0,426,17.04,109627,890373
2,38,2.0,1,0.04,0,2
3,38,2.0,2,0.08,1,2
100,38,87.0,67,2.68,13,87
200,38,170.0,133,5.32,30,170
2000,38,1785.0,200,8.0,215,1785
10000,38,8859.0,200,8.0,1141,8859
20000,38,17804.0,200,8.0,2196,17804
40000,38,35649.0,200,8.0,4351,35649
60000,38,53555.0,200,8.0,6445,53555
80000,38,71320.0,200,8.0,8680,71320
100000,38,89073.0,200,8.0,10927,89073
200000,38,178130.0,200,8.0,21870,178130
400000,38,355904.0,200,8.0,44096,355904
600000,38,533819.0,200,8.0,66181,533819
800000,38,711663.0,200,8.0,88337,711663
1000000,38,889554.0,200,8.0,110446,889554
2,39,2.0,1,0.04,0,2
3,39,3.0,2,0.08,0,3
100,39,81.0,67,2.68,19,81
200,39,170.0,133,5.32,30,170
2000,39,1762.0,241,9.64,238,1762
10000,39,8892.0,241,9.64,1108,8892
20000,39,17783.0,241,9.64,2217,17783
40000,39,35586.0,241,9.64,4414,35586
60000,39,53424.0,241,9.64,6576,53424
80000,39,71214.0,241,9.64,8786,71214
100000,39,88997.0,241,9.64,11003,88997
200000,39,177872.0,241,9.64,22128,177872
400000,39,355819.0,241,9.64,44181,355819
600000,39,533912.0,241,9.64,66088,533912
800000,39,711885.0,241,9.64,88115,711885
1000000,39,890085.0,241,9.64,109915,890085
2,40,2.0,1,0.04,0,2
3,40,2.0,2,0.08,1,2
100,40,83.0,67,2.68,17,83
200,40,171.0,133,5.32,29,171
2000,40,1729.0,1049,41.96,271,1729
10000,40,8826.0,1049,41.96,1174,8826
20000,40,17695.0,1049,41.96,2305,17695
40000,40,35558.0,1049,41.96,4442,35558
60000,40,53364.0,1049,41.96,6636,53364
80000,40,71128.0,1049,41.96,8872,71128
100000,40,88931.0,1049,41.96,11069,88931
200000,40,178010.0,1049,41.96,21990,178010
400000,40,355935.0,1049,41.96,44065,355935
600000,40,533956.0,1049,41.96,66044,533956
800000,40,712021.0,1049,41.96,87979,712021
1000000,40,889953.0,1049,41.96,110047,889953
2,41,1.0,1,0.04,1,1
3,41,2.0,2,0.08,1,2
100,41,77.0,67,2.68,23,77
200,41,164.0,133,5.32,36,164
2000,41,1775.0,200,8.0,225,1775
10000,41,8919.0,200,8.0,1081,8919
20000,41,17838.0,200,8.0,2162,17838
40000,41,35544.0,200,8.0,4456,35544
60000,41,53354.0,200,8.0,6646,53354
80000,41,71174.0,200,8.0,8826,71174
100000,41,88908.0,200,8.0,11092,88908
200000,41,177846.0,200,8.0,22154,177846
400000,41,355752.0,200,8.0,44248,355752
600000,41,533710.0,200,8.0,66290,533710
800000,41,711811.0,200,8.0,88189,711811
1000000,41,889622.0,200,8.0,110378,889622
2,42,2.0,1,0.04,0,2
3,42,3.0,2,0.08,0,3
100,42,89.0,67,2.68,11,89
200,42,176.0,133,5.32,24,176
2000,42,1786.0,236,9.44,214,1786
10000,42,8913.0,236,9.44,1087,8913
20000,42,17847.0,236,9.44,2153,17847
40000,42,35643.0,236,9.44,4357,35643
60000,42,53480.0,236,9.44,6520,53480
80000,42,71266.0,236,9.44,8734,71266
100000,42,89087.0,236,9.44,10913,89087
200000,42,178072.0,236,9.44,21928,178072
400000,42,356086.0,236,9.44,43914,356086
600000,42,534005.0,236,9.44,65995,534005
800000,42,711964.0,236,9.44,88036,711964
1000000,42,890165.0,236,9.44,109835,890165
2,43,2.0,1,0.04,0,2
3,43,3.0,2,0.08,0,3
100,43,88.0,67,2.68,12,88
200,43,175.0,133,5.32,25,175
2000,43,1777.0,267,10.68,223,1777
10000,43,8934.0,267,10.68,1066,8934
20000,43,17866.0,267,10.68,2134,17866
40000,43,35660.0,267,10.68,4340,35660
60000,43,53516.0,267,10.68,6484,53516
80000,43,71440.0,267,10.68,8560,71440
100000,43,89259.0,267,10.68,10741,89259
200000,43,178301.0,267,10.68,21699,178301
400000,43,356211.0,267,10.68,43789,356211
600000,43,534185.0,267,10.68,65815,534185
800000,43,712159.0,267,10.68,87841,712159
1000000,43,890248.0,267,10.68,109752,890248
2,44,2.0,1,0.04,0,2
3,44,3.0,2,0.08,0,3
100,44,84.0,67,2.68,16,84
200,44,171.0,133,5.32,29,171
2000,44,1761.0,383,15.32,239,1761
10000,44,8896.0,395,15.8,1104,8896
20000,44,17825.0,395,15.8,2175,17825
40000,44,35558.0,395,15.8,4442,35558
60000,44,53317.0,395,15.8,6683,53317
80000,44,71071.0,395,15.8,8929,71071
100000,44,88849.0,395,15.8,11151,88849
200000,44,177627.0,395,15.8,22373,177627
400000,44,355423.0,395,15.8,44577,355423
600000,44,533225.0,395,15.8,66775,533225
800000,44,711049.0,395,15.8,88951,711049
1000000,44,889305.0,395,15.8,110695,889305
2,45,2.0,1,0.04,0,2
3,45,3.0,2,0.08,0,3
100,45,92.0,67,2.68,8,92
200,45,176.0,133,5.32,24,176
2000,45,1773.0,203,8.12,227,1773
10000,45,8898.0,203,8.12,1102,8898
20000,45,17822.0,203,8.12,2178,17822
40000,45,35654.0,203,8.12,4346,35654
60000,45,53512.0,203,8.12,6488,53512
80000,45,71293.0,203,8.12,8707,71293
100000,45,89053.0,203,8.12,10947,89053
200000,45,178028.0,203,8.12,21972,178028
400000,45,355792.0,203,8.12,44208,355792
600000,45,533810.0,203,8.12,66190,533810
800000,45,712068.0,203,8.12,87932,712068
1000000,45,890009.0,203,8.12,109991,890009
2,46,2.0,1,0.04,0,2
3,46,3.0,2,0.08,0,3
100,46,92.0,67,2.68,8,92
200,46,182.0,133,5.32,18,182
2000,46,1784.0,206,8.24,216,1784
10000,46,8914.0,206,8.24,1086,8914
20000,46,17792.0,206,8.24,2208,17792
40000,46,35586.0,206,8.24,4414,35586
60000,46,53459.0,206,8.24,6541,53459
80000,46,71323.0,206,8.24,8677,71323
100000,46,89068.0,206,8.24,10932,89068
200000,46,177997.0,206,8.24,22003,177997
400000,46,355880.0,206,8.24,44120,355880
600000,46,533793.0,206,8.24,66207,533793
800000,46,711854.0,206,8.24,88146,711854
1000000,46,889770.0,206,8.24,110230,889770
2,47,2.0,1,0.04,0,2
3,47,3.0,2,0.08,0,3
100,47,83.0,67,2.68,17,83
200,47,164.0,133,5.32,36,164
2000,47,1719.0,1900,76.0,281,1719
10000,47,8459.0,9900,396.0,1541,8459
20000,47,17002.0,19900,796.0,2998,17002
40000,47,34064.0,39900,1596.0,5936,34064
60000,47,51018.0,59900,2396.0,8982,51018
80000,47,67869.0,79900,3196.0,12131,67869
100000,47,84899.0,99900,3996.0,15101,84899
200000,47,170048.0,199900,7996.0,29952,170048
400000,47,340055.0,399900,15996.0,59945,340055
600000,47,510016.0,599900,23996.0,89984,510016
800000,47,680226.0,799900,31996.0,119774,680226
1000000,47,850049.0,999900,39996.0,149951,850049
2,48,2.0,1,0.04,0,2
3,48,3.0,2,0.08,0,3
100,48,87.0,67,2.68,13,87
200,48,177.0,133,5.32,23,177
2000,48,1764.0,200,8.0,236,1764
10000,48,8953.0,200,8.0,1047,8953
20000,48,17892.0,200,8.0,2108,17892
40000,48,35676.0,200,8.0,4324,35676
60000,48,53461.0,200,8.0,6539,53461
80000,48,71248.0,200,8.0,8752,71248
100000,48,89099.0,200,8.0,10901,89099
200000,48,178000.0,200,8.0,22000,178000
400000,48,356027.0,200,8.0,43973,356027
600000,48,534107.0,200,8.0,65893,534107
800000,48,712190.0,200,8.0,87810,712190
1000000,48,889903.0,200,8.0,110097,889903
2,49,2.0,1,0.04,0,2
3,49,3.0,2,0.08,0,3
100,49,83.0,67,2.68,17,83
200,49,169.0,133,5.32,31,169
2000,49,1775.0,200,8.0,225,1775
10000,49,8862.0,200,8.0,1138,8862
20000,49,17775.0,200,8.0,2225,17775
40000,49,35479.0,200,8.0,4521,35479
60000,49,53247.0,200,8.0,6753,53247
80000,49,71009.0,200,8.0,8991,71009
100000,49,88848.0,200,8.0,11152,88848
200000,49,177767.0,200,8.0,22233,177767
400000,49,355902.0,200,8.0,44098,355902
600000,49,533823.0,200,8.0,66177,533823
800000,49,711716.0,200,8.0,88284,711716
1000000,49,889588.0,200,8.0,110412,889588
2,50,1.0,1,0.04,1,1
3,50,2.0,2,0.08,1,2
100,50,89.0,67,2.68,11,89
200,50,176.0,133,5.32,24,176
2000,50,1766.0,200,8.0,234,1766
10000,50,8950.0,200,8.0,1050,8950
20000,50,17835.0,200,8.0,2165,17835
40000,50,35639.0,200,8.0,4361,35639
60000,50,53377.0,200,8.0,6623,53377
80000,50,71217.0,200,8.0,8783,71217
100000,50,89023.0,200,8.0,10977,89023
200000,50,178028.0,200,8.0,21972,178028
400000,50,356077.0,200,8.0,43923,356077
600000,50,534161.0,200,8.0,65839,534161
800000,50,712273.0,200,8.0,87727,712273
1000000,50,890361.0,200,8.0,109639,890361
2,51,2.0,1,0.04,0,2
3,51,3.0,2,0.08,0,3
100,51,85.0,67,2.68,15,85
200,51,171.0,133,5.32,29,171
2000,51,1784.0,200,8.0,216,1784
10000,51,8982.0,200,8.0,1018,8982
20000,51,17903.0,200,8.0,2097,17903
40000,51,35649.0,200,8.0,4351,35649
60000,51,53528.0,200,8.0,6472,53528
80000,51,71311.0,200,8.0,8689,71311
100000,51,89123.0,200,8.0,10877,89123
200000,51,178374.0,200,8.0,21626,178374
400000,51,355983.0,200,8.0,44017,355983
600000,51,533727.0,200,8.0,66273,533727
800000,51,711917.0,200,8.0,88083,711917
1000000,51,890083.0,200,8.0,109917,890083
2,52,2.0,1,0.04,0,2
3,52,3.0,2,0.08,0,3
100,52,85.0,67,2.68,15,85
200,52,173.0,133,5.32,27,173
2000,52,1759.0,200,8.0,241,1759
10000,52,8930.0,200,8.0,1070,8930
20000,52,17845.0,200,8.0,2155,17845
40000,52,35662.0,200,8.0,4338,35662
60000,52,53516.0,200,8.0,6484,53516
80000,52,71307.0,200,8.0,8693,71307
100000,52,89111.0,200,8.0,10889,89111
200000,52,178166.0,200,8.0,21834,178166
400000,52,356239.0,200,8.0,43761,356239
600000,52,534333.0,200,8.0,65667,534333
800000,52,712344.0,200,8.0,87656,712344
1000000,52,890334.0,200,8.0,109666,890334
2,53,2.0,1,0.04,0,2
3,53,2.0,2,0.08,1,2
100,53,82.0,67,2.68,18,82
200,53,165.0,133,5.32,35,165
2000,53,1769.0,200,8.0,231,1769
10000,53,8936.0,200,8.0,1064,8936
20000,53,17853.0,200,8.0,2147,17853
40000,53,35626.0,200,8.0,4374,35626
60000,53,53403.0,200,8.0,6597,53403
80000,53,71270.0,200,8.0,8730,71270
100000,53,89153.0,200,8.0,10847,89153
200000,53,178123.0,200,8.0,21877,178123
400000,53,356332.0,200,8.0,43668,356332
600000,53,534322.0,200,8.0,65678,534322
800000,53,712133.0,200,8.0,87867,712133
1000000,53,890246.0,200,8.0,109754,890246
2,54,2.0,1,0.04,0,2
3,54,3.0,2,0.08,0,3
100,54,82.0,67,2.68,18,82
200,54,172.0,133,5.32,28,172
2000,54,1802.0,200,8.0,198,1802
10000,54,8961.0,200,8.0,1039,8961
20000,54,17845.0,200,8.0,2155,17845
40000,54,35676.0,200,8.0,4324,35676
60000,54,53412.0,200,8.0,6588,53412
80000,54,71250.0,200,8.0,8750,71250
100000,54,89035.0,200,8.0,10965,89035
200000,54,178036.0,200,8.0,21964,178036
400000,54,355816.0,200,8.0,44184,355816
600000,54,533544.0,200,8.0,66456,533544
800000,54,711621.0,200,8.0,88379,711621
1000000,54,889665.0,200,8.0,110335,889665
2,55,1.0,1,0.04,1,1
3,55,2.0,2,0.08,1,2
100,55,84.0,67,2.68,16,84
200,55,171.0,133,5.32,29,171
2000,55,1781.0,200,8.0,219,1781
10000,55,8970.0,200,8.0,1030,8970
20000,55,17885.0,200,8.0,2115,17885
40000,55,35714.0,200,8.0,4286,35714
60000,55,53531.0,200,8.0,6469,53531
80000,55,71316.0,200,8.0,8684,71316
100000,55,89097.0,200,8.0,10903,89097
200000,55,178123.0,200,8.0,21877,178123
400000,55,356261.0,200,8.0,43739,356261
600000,55,534215.0,200,8.0,65785,534215
800000,55,712105.0,200,8.0,87895,712105
1000000,55,890009.0,200,8.0,109991,890009
2,56,1.0,1,0.04,1,1
3,56,2.0,2,0.08,1,2
100,56,83.0,67,2.68,17,83
200,56,168.0,133,5.32,32,168
2000,56,1785.0,200,8.0,215,1785
10000,56,8848.0,200,8.0,1152,8848
20000,56,17743.0,200,8.0,2257,17743
40000,56,35507.0,200,8.0,4493,35507
60000,56,53323.0,200,8.0,6677,53323
80000,56,71192.0,200,8.0,8808,71192
100000,56,88998.0,200,8.0,11002,88998
200000,56,177958.0,200,8.0,22042,177958
400000,56,356075.0,200,8.0,43925,356075
600000,56,534176.0,200,8.0,65824,534176
800000,56,712094.0,200,8.0,87906,712094
1000000,56,890115.0,200,8.0,109885,890115
2,57,1.0,1,0.04,1,1
3,57,2.0,2,0.08,1,2
100,57,85.0,67,2.68,15,85
200,57,169.0,133,5.32,31,169
2000,57,1768.0,200,8.0,232,1768
10000,57,8873.0,200,8.0,1127,8873
20000,57,17829.0,200,8.0,2171,17829
40000,57,35631.0,200,8.0,4369,35631
60000,57,53445.0,200,8.0,6555,53445
80000,57,71294.0,200,8.0,8706,71294
100000,57,89125.0,200,8.0,10875,89125
200000,57,177998.0,200,8.0,22002,177998
400000,57,356073.0,200,8.0,43927,356073
600000,57,534202.0,200,8.0,65798,534202
800000,57,712475.0,200,8.0,87525,712475
1000000,57,890580.0,200,8.0,109420,890580
2,58,2.0,1,0.04,0,2
3,58,3.0,2,0.08,0,3
100,58,87.0,67,2.68,13,87
200,58,177.0,133,5.32,23,177
2000,58,1795.0,200,8.0,205,1795
10000,58,8920.0,200,8.0,1080,8920
20000,58,17843.0,200,8.0,2157,17843
40000,58,35604.0,200,8.0,4396,35604
60000,58,53380.0,200,8.0,6620,53380
80000,58,71211.0,200,8.0,8789,71211
100000,58,89048.0,200,8.0,10952,89048
200000,58,178070.0,200,8.0,21930,178070
400000,58,356126.0,200,8.0,43874,356126
600000,58,534112.0,200,8.0,65888,534112
800000,58,712139.0,200,8.0,87861,712139
1000000,58,890128.0,200,8.0,109872,890128
2,59,2.0,1,0.04,0,2
3,59,3.0,2,0.08,0,3
100,59,85.0,67,2.68,15,85
200,59,170.0,133,5.32,30,170
2000,59,1707.0,1900,76.0,293,1707
10000,59,8484.0,9900,396.0,1516,8484
20000,59,16913.0,19900,796.0,3087,16913
40000,59,33887.0,39900,1596.0,6113,33887
60000,59,50856.0,59900,2396.0,9144,50856
80000,59,67904.0,79900,3196.0,12096,67904
100000,59,84971.0,99900,3996.0,15029,84971
200000,59,170006.0,199900,7996.0,29994,170006
400000,59,340065.0,399900,15996.0,59935,340065
600000,59,509903.0,599900,23996.0,90097,509903
800000,59,679991.0,799900,31996.0,120009,679991
1000000,59,849938.0,999900,39996.0,150062,849938
2,60,2.0,1,0.04,0,2
3,60,3.0,2,0.08,0,3
100,60,86.0,67,2.68,14,86
200,60,175.0,133,5.32,25,175
2000,60,1725.0,1856,74.24,275,1725
10000,60,8794.0,2958,118.32,1206,8794
20000,60,17696.0,2958,118.32,2304,17696
40000,60,35528.0,2958,118.32,4472,35528
60000,60,53341.0,2958,118.32,6659,53341
80000,60,71109.0,2958,118.32,8891,71109
100000,60,88829.0,2958,118.32,11171,88829
200000,60,177655.0,2958,118.32,22345,177655
400000,60,355599.0,2958,118.32,44401,355599
600000,60,533506.0,2958,118.32,66494,533506
800000,60,711616.0,2958,118.32,88384,711616
1000000,60,889328.0,2958,118.32,110672,889328
2,61,1.0,1,0.04,1,1
3,61,2.0,2,0.08,1,2
100,61,90.0,67,2.68,10,90
200,61,180.0,133,5.32,20,180
2000,61,1793.0,205,8.2,207,1793
10000,61,8909.0,205,8.2,1091,8909
20000,61,17742.0,205,8.2,2258,17742
40000,61,35575.0,205,8.2,4425,35575
60000,61,53446.0,205,8.2,6554,53446
80000,61,71321.0,205,8.2,8679,71321
100000,61,89109.0,205,8.2,10891,89109
200000,61,178078.0,205,8.2,21922,178078
400000,61,355887.0,205,8.2,44113,355887
600000,61,534014.0,205,8.2,65986,534014
800000,61,712083.0,205,8.2,87917,712083
1000000,61,890310.0,205,8.2,109690,890310
2,62,2.0,1,0.04,0,2
3,62,3.0,2,0.08,0,3
100,62,84.0,67,2.68,16,84
200,62,166.0,133,5.32,34,166
2000,62,1703.0,1900,76.0,297,1703
10000,62,8501.0,9900,396.0,1499,8501
20000,62,17011.0,19900,796.0,2989,17011
40000,62,34040.0,39900,1596.0,5960,34040
60000,62,50995.0,59900,2396.0,9005,50995
80000,62,67976.0,79900,3196.0,12024,67976
100000,62,84978.0,99900,3996.0,15022,84978
200000,62,169848.0,199900,7996.0,30152,169848
400000,62,339950.0,399900,15996.0,60050,339950
600000,62,509797.0,599900,23996.0,90203,509797
800000,62,679569.0,799900,31996.0,120431,679569
1000000,62,849629.0,999900,39996.0,150371,849629
2,63,1.0,1,0.04,1,1
3,63,2.0,2,0.08,1,2
100,63,84.0,67,2.68,16,84
200,63,168.0,133,5.32,32,168
2000,63,1788.0,200,8.0,212,1788
10000,63,8897.0,200,8.0,1103,8897
20000,63,17811.0,200,8.0,2189,17811
40000,63,35627.0,200,8.0,4373,35627
60000,63,53380.0,200,8.0,6620,53380
80000,63,71195.0,200,8.0,8805,71195
100000,63,89018.0,200,8.0,10982,89018
200000,63,178045.0,200,8.0,21955,178045
400000,63,356274.0,200,8.0,43726,356274
600000,63,534361.0,200,8.0,65639,534361
800000,63,712195.0,200,8.0,87805,712195
1000000,63,890140.0,200,8.0,109860,890140
2,64,1.0,1,0.04,1,1
3,64,2.0,2,0.08,1,2
100,64,80.0,67,2.68,20,80
200,64,163.0,133,5.32,37,163
2000,64,1701.0,1900,76.0,299,1701
10000,64,8534.0,9900,396.0,1466,8534
20000,64,17077.0,19900,796.0,2923,17077
40000,64,34106.0,39900,1596.0,5894,34106
60000,64,51124.0,59900,2396.0,8876,51124
80000,64,68097.0,79900,3196.0,11903,68097
100000,64,85087.0,99900,3996.0,14913,85087
200000,64,170199.0,199900,7996.0,29801,170199
400000,64,340245.0,399900,15996.0,59755,340245
600000,64,509998.0,599900,23996.0,90002,509998
800000,64,680202.0,799900,31996.0,119798,680202
1000000,64,850411.0,999900,39996.0,149589,850411
2,65,2.0,1,0.04,0,2
3,65,2.0,2,0.08,1,2
100,65,88.0,67,2.68,12,88
200,65,168.0,133,5.32,32,168
2000,65,1771.0,200,8.0,229,1771
10000,65,8845.0,200,8.0,1155,8845
20000,65,17724.0,200,8.0,2276,17724
40000,65,35411.0,200,8.0,4589,35411
60000,65,53219.0,200,8.0,6781,53219
80000,65,71056.0,200,8.0,8944,71056
100000,65,88820.0,200,8.0,11180,88820
200000,65,177738.0,200,8.0,22262,177738
400000,65,355983.0,200,8.0,44017,355983
600000,65,533912.0,200,8.0,66088,533912
800000,65,712080.0,200,8.0,87920,712080
1000000,65,889907.0,200,8.0,110093,889907
2,66,1.0,1,0.04,1,1
3,66,1.0,2,0.08,2,1
100,66,82.0,67,2.68,18,82
200,66,174.0,133,5.32,26,174
2000,66,1766.0,200,8.0,234,1766
10000,66,8844.0,200,8.0,1156,8844
20000,66,17735.0,200,8.0,2265,17735
40000,66,35492.0,200,8.0,4508,35492
60000,66,53243.0,200,8.0,6757,53243
80000,66,71052.0,200,8.0,8948,71052
100000,66,88910.0,200,8.0,11090,88910
200000,66,177876.0,200,8.0,22124,177876
400000,66,355986.0,200,8.0,44014,355986
600000,66,534104.0,200,8.0,65896,534104
800000,66,712092.0,200,8.0,87908,712092
1000000,66,889846.0,200,8.0,110154,889846
2,67,2.0,1,0.04,0,2
3,67,3.0,2,0.08,0,3
100,67,80.0,67,2.68,20,80
200,67,166.0,133,5.32,34,166
2000,67,1700.0,1900,76.0,300,1700
10000,67,8496.0,9900,396.0,1504,8496
20000,67,16934.0,19900,796.0,3066,16934
40000,67,33947.0,39900,1596.0,6053,33947
60000,67,51027.0,59900,2396.0,8973,51027
80000,67,68019.0,79900,3196.0,11981,68019
100000,67,85014.0,99900,3996.0,14986,85014
200000,67,169900.0,199900,7996.0,30100,169900
400000,67,339760.0,399900,15996.0,60240,339760
600000,67,509617.0,599900,23996.0,90383,509617
800000,67,679917.0,799900,31996.0,120083,679917
1000000,67,850284.0,999900,39996.0,149716,850284
2,68,2.0,1,0.04,0,2
3,68,3.0,2,0.08,0,3
100,68,87.0,67,2.68,13,87
200,68,171.0,133,5.32,29,171
2000,68,1785.0,200,8.0,215,1785
10000,68,8865.0,200,8.0,1135,8865
20000,68,17767.0,200,8.0,2233,17767
40000,68,35505.0,200,8.0,4495,35505
60000,68,53233.0,200,8.0,6767,53233
80000,68,71017.0,200,8.0,8983,71017
100000,68,88797.0,200,8.0,11203,88797
200000,68,177998.0,200,8.0,22002,177998
400000,68,356131.0,200,8.0,43869,356131
600000,68,534121.0,200,8.0,65879,534121
800000,68,712218.0,200,8.0,87782,712218
1000000,68,890229.0,200,8.0,109771,890229
2,69,2.0,1,0.04,0,2
3,69,3.0,2,0.08,0,3
100,69,82.0,67,2.68,18,82
200,69,167.0,133,5.32,33,167
2000,69,1710.0,1900,76.0,290,1710
10000,69,8519.0,9900,396.0,1481,8519
20000,69,16948.0,19896,795.84,3052,16948
40000,69,33956.0,39896,1595.84,6044,33956
60000,69,51073.0,59896,2395.84,8927,51073
80000,69,68077.0,79896,3195.84,11923,68077
100000,69,85013.0,99896,3995.84,14987,85013
200000,69,170088.0,199896,7995.84,29912,170088
400000,69,339926.0,399896,15995.84,60074,339926
600000,69,510077.0,599896,23995.84,89923,510077
800000,69,680135.0,799896,31995.84,119865,680135
1000000,69,850141.0,999896,39995.84,149859,850141
2,70,2.0,1,0.04,0,2
3,70,3.0,2,0.08,0,3
100,70,84.0,67,2.68,16,84
200,70,171.0,133,5.32,29,171
2000,70,1782.0,200,8.0,218,1782
10000,70,8880.0,200,8.0,1120,8880
20000,70,17773.0,200,8.0,2227,17773
40000,70,35595.0,200,8.0,4405,35595
60000,70,53403.0,200,8.0,6597,53403
80000,70,71136.0,200,8.0,8864,71136
100000,70,88941.0,200,8.0,11059,88941
200000,70,177969.0,200,8.0,22031,177969
400000,70,356227.0,200,8.0,43773,356227
600000,70,534346.0,200,8.0,65654,534346
800000,70,712480.0,200,8.0,87520,712480
1000000,70,890516.0,200,8.0,109484,890516
2,71,1.0,1,0.04,1,1
3,71,2.0,2,0.08,1,2
100,71,83.0,67,2.68,17,83
200,71,164.0,133,5.32,36,164
2000,71,1772.0,200,8.0,228,1772
10000,71,8877.0,200,8.0,1123,8877
20000,71,17769.0,200,8.0,2231,17769
40000,71,35580.0,200,8.0,4420,35580
60000,71,53367.0,200,8.0,6633,53367
80000,71,71208.0,200,8.0,8792,71208
100000,71,88974.0,200,8.0,11026,88974
200000,71,177815.0,200,8.0,22185,177815
400000,71,355883.0,200,8.0,44117,355883
600000,71,533893.0,200,8.0,66107,533893
800000,71,712142.0,200,8.0,87858,712142
1000000,71,890216.0,200,8.0,109784,890216
2,72,1.0,1,0.04,1,1
3,72,2.0,2,0.08,1,2
100,72,84.0,67,2.68,16,84
200,72,176.0,133,5.32,24,176
2000,72,1769.0,200,8.0,231,1769
10000,72,8883.0,200,8.0,1117,8883
20000,72,17804.0,200,8.0,2196,17804
40000,72,35633.0,200,8.0,4367,35633
60000,72,53436.0,200,8.0,6564,53436
80000,72,71216.0,200,8.0,8784,71216
100000,72,89031.0,200,8.0,10969,89031
200000,72,177892.0,200,8.0,22108,177892
400000,72,355709.0,200,8.0,44291,355709
600000,72,533691.0,200,8.0,66309,533691
800000,72,711550.0,200,8.0,88450,711550
1000000,72,889750.0,200,8.0,110250,889750
2,73,1.0,1,0.04,1,1
3,73,2.0,2,0.08,1,2
100,73,85.0,67,2.68,15,85
200,73,179.0,133,5.32,21,179
2000,73,1754.0,232,9.28,246,1754
10000,73,8892.0,232,9.28,1108,8892
20000,73,17836.0,232,9.28,2164,17836
40000,73,35591.0,232,9.28,4409,35591
60000,73,53412.0,232,9.28,6588,53412
80000,73,71252.0,232,9.28,8748,71252
100000,73,89005.0,232,9.28,10995,89005
200000,73,177966.0,232,9.28,22034,177966
400000,73,356261.0,232,9.28,43739,356261
600000,73,534163.0,232,9.28,65837,534163
800000,73,712363.0,232,9.28,87637,712363
1000000,73,890311.0,232,9.28,109689,890311
2,74,2.0,1,0.04,0,2
3,74,3.0,2,0.08,0,3
100,74,91.0,67,2.68,9,91
200,74,179.0,133,5.32,21,179
2000,74,1761.0,692,27.68,239,1761
10000,74,8894.0,692,27.68,1106,8894
20000,74,17783.0,692,27.68,2217,17783
40000,74,35594.0,692,27.68,4406,35594
60000,74,53343.0,692,27.68,6657,53343
80000,74,71049.0,692,27.68,8951,71049
100000,74,88815.0,692,27.68,11185,88815
200000,74,177886.0,692,27.68,22114,177886
400000,74,355744.0,692,27.68,44256,355744
600000,74,533814.0,692,27.68,66186,533814
800000,74,711837.0,692,27.68,88163,711837
1000000,74,889784.0,692,27.68,110216,889784
2,75,2.0,1,0.04,0,2
3,75,3.0,2,0.08,0,3
100,75,86.0,67,2.68,14,86
200,75,173.0,133,5.32,27,173
2000,75,1688.0,1852,74.08,312,1688
10000,75,8506.0,9852,394.08,1494,8506
20000,75,16944.0,19852,794.08,3056,16944
40000,75,33990.0,39852,1594.08,6010,33990
60000,75,50973.0,59852,2394.08,9027,50973
80000,75,67993.0,79852,3194.08,12007,67993
100000,75,85023.0,99852,3994.08,14977,85023
200000,75,170077.0,199852,7994.08,29923,170077
400000,75,339710.0,399852,15994.08,60290,339710
600000,75,509746.0,599852,23994.08,90254,509746
800000,75,679758.0,799852,31994.08,120242,679758
1000000,75,849749.0,999852,39994.08,150251,849749
2,76,2.0,1,0.04,0,2
3,76,2.0,2,0.08,1,2
100,76,85.0,67,2.68,15,85
200,76,171.0,133,5.32,29,171
2000,76,1805.0,200,8.0,195,1805
10000,76,8949.0,200,8.0,1051,8949
20000,76,17817.0,200,8.0,2183,17817
40000,76,35649.0,200,8.0,4351,35649
60000,76,53440.0,200,8.0,6560,53440
80000,76,71227.0,200,8.0,8773,71227
100000,76,88988.0,200,8.0,11012,88988
200000,76,177948.0,200,8.0,22052,177948
400000,76,355902.0,200,8.0,44098,355902
600000,76,533958.0,200,8.0,66042,533958
800000,76,712120.0,200,8.0,87880,712120
1000000,76,890170.0,200,8.0,109830,890170
2,77,2.0,1,0.04,0,2
3,77,3.0,2,0.08,0,3
100,77,89.0,67,2.68,11,89
200,77,184.0,133,5.32,16,184
2000,77,1758.0,451,18.04,242,1758
10000,77,8857.0,451,18.04,1143,8857
20000,77,17759.0,451,18.04,2241,17759
40000,77,35616.0,451,18.04,4384,35616
60000,77,53411.0,451,18.04,6589,53411
80000,77,71205.0,451,18.04,8795,71205
100000,77,88984.0,451,18.04,11016,88984
200000,77,177950.0,451,18.04,22050,177950
400000,77,355870.0,451,18.04,44130,355870
600000,77,534015.0,451,18.04,65985,534015
800000,77,712022.0,451,18.04,87978,712022
1000000,77,890211.0,451,18.04,109789,890211
2,78,2.0,1,0.04,0,2
3,78,3.0,2,0.08,0,3
100,78,84.0,67,2.68,16,84
200,78,168.0,133,5.32,32,168
2000,78,1748.0,359,14.36,252,1748
10000,78,8854.0,359,14.36,1146,8854
20000,78,17729.0,359,14.36,2271,17729
40000,78,35479.0,359,14.36,4521,35479
60000,78,53305.0,359,14.36,6695,53305
80000,78,71131.0,359,14.36,8869,71131
100000,78,88960.0,359,14.36,11040,88960
200000,78,177917.0,359,14.36,22083,177917
400000,78,356042.0,359,14.36,43958,356042
600000,78,534047.0,359,14.36,65953,534047
800000,78,711944.0,359,14.36,88056,711944
1000000,78,889936.0,359,14.36,110064,889936
2,79,2.0,1,0.04,0,2
3,79,3.0,2,0.08,0,3
100,79,87.0,67,2.68,13,87
200,79,174.0,133,5.32,26,174
2000,79,1781.0,200,8.0,219,1781
10000,79,8932.0,200,8.0,1068,8932
20000,79,17821.0,200,8.0,2179,17821
40000,79,35634.0,200,8.0,4366,35634
60000,79,53381.0,200,8.0,6619,53381
80000,79,71158.0,200,8.0,8842,71158
100000,79,88905.0,200,8.0,11095,88905
200000,79,177825.0,200,8.0,22175,177825
400000,79,355777.0,200,8.0,44223,355777
600000,79,533836.0,200,8.0,66164,533836
800000,79,711637.0,200,8.0,88363,711637
1000000,79,889483.0,200,8.0,110517,889483
2,80,2.0,1,0.04,0,2
3,80,3.0,2,0.08,0,3
100,80,85.0,67,2.68,15,85
200,80,173.0,133,5.32,27,173
2000,80,1765.0,200,8.0,235,1765
10000,80,8899.0,200,8.0,1101,8899
20000,80,17808.0,200,8.0,2192,17808
40000,80,35618.0,200,8.0,4382,35618
60000,80,53391.0,200,8.0,6609,53391
80000,80,71187.0,200,8.0,8813,71187
100000,80,88981.0,200,8.0,11019,88981
200000,80,178089.0,200,8.0,21911,178089
400000,80,355991.0,200,8.0,44009,355991
600000,80,533938.0,200,8.0,66062,533938
800000,80,712024.0,200,8.0,87976,712024
1000000,80,889964.0,200,8.0,110036,889964
2,81,2.0,1,0.04,0,2
3,81,2.0,2,0.08,1,2
100,81,82.0,67,2.68,18,82
200,81,170.0,133,5.32,30,170
2000,81,1767.0,200,8.0,233,1767
10000,81,8905.0,200,8.0,1095,8905
20000,81,17820.0,200,8.0,2180,17820
40000,81,35665.0,200,8.0,4335,35665
60000,81,53444.0,200,8.0,6556,53444
80000,81,71284.0,200,8.0,8716,71284
100000,81,89055.0,200,8.0,10945,89055
200000,81,178148.0,200,8.0,21852,178148
400000,81,356282.0,200,8.0,43718,356282
600000,81,534192.0,200,8.0,65808,534192
800000,81,712337.0,200,8.0,87663,712337
1000000,81,890325.0,200,8.0,109675,890325
2,82,2.0,1,0.04,0,2
3,82,3.0,2,0.08,0,3
100,82,89.0,67,2.68,11,89
200,82,178.0,133,5.32,22,178
2000,82,1770.0,200,8.0,230,1770
10000,82,8950.0,200,8.0,1050,8950
20000,82,17868.0,200,8.0,2132,17868
40000,82,35680.0,200,8.0,4320,35680
60000,82,53452.0,200,8.0,6548,53452
80000,82,71297.0,200,8.0,8703,71297
100000,82,89146.0,200,8.0,10854,89146
200000,82,178281.0,200,8.0,21719,178281
400000,82,355938.0,200,8.0,44062,355938
600000,82,533630.0,200,8.0,66370,533630
800000,82,711616.0,200,8.0,88384,711616
1000000,82,889363.0,200,8.0,110637,889363
2,83,2.0,1,0.04,0,2
3,83,3.0,2,0.08,0,3
100,83,91.0,67,2.68,9,91
200,83,175.0,133,5.32,25,175
2000,83,1707.0,1900,76.0,293,1707
10000,83,8511.0,9900,396.0,1489,8511
20000,83,17004.0,19900,796.0,2996,17004
40000,83,33979.0,39900,1596.0,6021,33979
60000,83,50937.0,59900,2396.0,9063,50937
80000,83,67930.0,79900,3196.0,12070,67930
100000,83,84997.0,99900,3996.0,15003,84997
200000,83,170025.0,199900,7996.0,29975,170025
400000,83,340059.0,399900,15996.0,59941,340059
600000,83,510022.0,599900,23996.0,89978,510022
800000,83,679783.0,799900,31996.0,120217,679783
1000000,83,849866.0,999900,39996.0,150134,849866
2,84,2.0,1,0.04,0,2
3,84,3.0,2,0.08,0,3
100,84,90.0,67,2.68,10,90
200,84,178.0,133,5.32,22,178
2000,84,1768.0,231,9.24,232,1768
10000,84,8868.0,231,9.24,1132,8868
20000,84,17750.0,231,9.24,2250,17750
40000,84,35602.0,231,9.24,4398,35602
60000,84,53369.0,231,9.24,6631,53369
80000,84,71165.0,231,9.24,8835,71165
100000,84,88929.0,231,9.24,11071,88929
200000,84,177957.0,231,9.24,22043,177957
400000,84,356019.0,231,9.24,43981,356019
600000,84,533993.0,231,9.24,66007,533993
800000,84,711923.0,231,9.24,88077,711923
1000000,84,889631.0,231,9.24,110369,889631
2,85,1.0,1,0.04,1,1
3,85,2.0,2,0.08,1,2
100,85,86.0,67,2.68,14,86
200,85,167.0,133,5.32,33,167
2000,85,1759.0,200,8.0,241,1759
10000,85,8874.0,200,8.0,1126,8874
20000,85,17779.0,200,8.0,2221,17779
40000,85,35492.0,200,8.0,4508,35492
60000,85,53313.0,200,8.0,6687,53313
80000,85,71164.0,200,8.0,8836,71164
100000,85,89023.0,200,8.0,10977,89023
200000,85,178219.0,200,8.0,21781,178219
400000,85,356393.0,200,8.0,43607,356393
600000,85,534406.0,200,8.0,65594,534406
800000,85,712545.0,200,8.0,87455,712545
1000000,85,890422.0,200,8.0,109578,890422
2,86,2.0,1,0.04,0,2
3,86,3.0,2,0.08,0,3
100,86,85.0,67,2.68,15,85
200,86,172.0,133,5.32,28,172
2000,86,1719.0,1900,76.0,281,1719
10000,86,8499.0,9884,395.36,1501,8499
20000,86,17007.0,19884,795.36,2993,17007
40000,86,34002.0,39884,1595.36,5998,34002
60000,86,50926.0,59884,2395.36,9074,50926
80000,86,67953.0,79884,3195.36,12047,67953
100000,86,84908.0,99884,3995.36,15092,84908
200000,86,169724.0,199884,7995.36,30276,169724
400000,86,339414.0,399884,15995.36,60586,339414
600000,86,509377.0,599884,23995.36,90623,509377
800000,86,679209.0,799884,31995.36,120791,679209
1000000,86,849177.0,999884,39995.36,150823,849177
2,87,2.0,1,0.04,0,2
3,87,3.0,2,0.08,0,3
100,87,86.0,67,2.68,14,86
200,87,169.0,133,5.32,31,169
2000,87,1710.0,1369,54.76,290,1710
10000,87,8825.0,1369,54.76,1175,8825
20000,87,17690.0,1369,54.76,2310,17690
40000,87,35534.0,1369,54.76,4466,35534
60000,87,53379.0,1369,54.76,6621,53379
80000,87,71211.0,1369,54.76,8789,71211
100000,87,89076.0,1369,54.76,10924,89076
200000,87,177897.0,1369,54.76,22103,177897
400000,87,355935.0,1369,54.76,44065,355935
600000,87,533936.0,1369,54.76,66064,533936
800000,87,711741.0,1369,54.76,88259,711741
1000000,87,889994.0,1369,54.76,110006,889994
2,88,2.0,1,0.04,0,2
3,88,3.0,2,0.08,0,3
100,88,85.0,67,2.68,15,85
200,88,177.0,133,5.32,23,177
2000,88,1770.0,200,8.0,230,1770
10000,88,8943.0,200,8.0,1057,8943
20000,88,17802.0,200,8.0,2198,17802
40000,88,35686.0,200,8.0,4314,35686
60000,88,53388.0,200,8.0,6612,53388
80000,88,71125.0,200,8.0,8875,71125
100000,88,88995.0,200,8.0,11005,88995
200000,88,177946.0,200,8.0,22054,177946
400000,88,356109.0,200,8.0,43891,356109
600000,88,534250.0,200,8.0,65750,534250
800000,88,712374.0,200,8.0,87626,712374
1000000,88,890270.0,200,8.0,109730,890270
2,89,2.0,1,0.04,0,2
3,89,3.0,2,0.08,0,3
100,89,84.0,67,2.68,16,84
200,89,173.0,133,5.32,27,173
2000,89,1766.0,245,9.8,234,1766
10000,89,8879.0,245,9.8,1121,8879
20000,89,17748.0,245,9.8,2252,17748
40000,89,35530.0,245,9.8,4470,35530
60000,89,53350.0,245,9.8,6650,53350
80000,89,71137.0,245,9.8,8863,71137
100000,89,88923.0,245,9.8,11077,88923
200000,89,178115.0,245,9.8,21885,178115
400000,89,355912.0,245,9.8,44088,355912
600000,89,533936.0,245,9.8,66064,533936
800000,89,711940.0,245,9.8,88060,711940
1000000,89,890006.0,245,9.8,109994,890006
2,90,1.0,1,0.04,1,1
3,90,2.0,2,0.08,1,2
100,90,83.0,67,2.68,17,83
200,90,169.0,133,5.32,31,169
2000,90,1786.0,200,8.0,214,1786
10000,90,8908.0,200,8.0,1092,8908
20000,90,17743.0,200,8.0,2257,17743
40000,90,35487.0,200,8.0,4513,35487
60000,90,53304.0,200,8.0,6696,53304
80000,90,71110.0,200,8.0,8890,71110
100000,90,88864.0,200,8.0,11136,88864
200000,90,177958.0,200,8.0,22042,177958
400000,90,355861.0,200,8.0,44139,355861
600000,90,533700.0,200,8.0,66300,533700
800000,90,711695.0,200,8.0,88305,711695
1000000,90,889829.0,200,8.0,110171,889829
2,91,2.0,1,0.04,0,2
3,91,2.0,2,0.08,1,2
100,91,84.0,67,2.68,16,84
200,91,169.0,133,5.32,31,169
2000,91,1759.0,332,13.28,241,1759
10000,91,8853.0,332,13.28,1147,8853
20000,91,17786.0,332,13.28,2214,17786
40000,91,35548.0,332,13.28,4452,35548
60000,91,53355.0,332,13.28,6645,53355
80000,91,71116.0,332,13.28,8884,71116
100000,91,88879.0,332,13.28,11121,88879
200000,91,177894.0,332,13.28,22106,177894
400000,91,355699.0,332,13.28,44301,355699
600000,91,533880.0,332,13.28,66120,533880
800000,91,711870.0,332,13.28,88130,711870
1000000,91,890143.0,332,13.28,109857,890143
2,92,2.0,1,0.04,0,2
3,92,3.0,2,0.08,0,3
100,92,82.0,67,2.68,18,82
200,92,175.0,133,5.32,25,175
2000,92,1759.0,200,8.0,241,1759
10000,92,8870.0,200,8.0,1130,8870
20000,92,17795.0,200,8.0,2205,17795
40000,92,35597.0,200,8.0,4403,35597
60000,92,53435.0,200,8.0,6565,53435
80000,92,71280.0,200,8.0,8720,71280
100000,92,89092.0,200,8.0,10908,89092
200000,92,178009.0,200,8.0,21991,178009
400000,92,356114.0,200,8.0,43886,356114
600000,92,534163.0,200,8.0,65837,534163
800000,92,712280.0,200,8.0,87720,712280
1000000,92,890049.0,200,8.0,109951,890049
2,93,1.0,1,0.04,1,1
3,93,1.0,2,0.08,2,1
100,93,87.0,67,2.68,13,87
200,93,173.0,133,5.32,27,173
2000,93,1746.0,509,20.36,254,1746
10000,93,8892.0,509,20.36,1108,8892
20000,93,17785.0,509,20.36,2215,17785
40000,93,35518.0,509,20.36,4482,35518
60000,93,53334.0,509,20.36,6666,53334
80000,93,71070.0,509,20.36,8930,71070
100000,93,88880.0,509,20.36,11120,88880
200000,93,177909.0,509,20.36,22091,177909
400000,93,355956.0,509,20.36,44044,355956
600000,93,534073.0,509,20.36,65927,534073
800000,93,712135.0,509,20.36,87865,712135
1000000,93,889871.0,509,20.36,110129,889871
2,94,2.0,1,0.04,0,2
3,94,2.0,2,0.08,1,2
100,94,89.0,67,2.68,11,89
200,94,173.0,133,5.32,27,173
2000,94,1751.0,221,8.84,249,1751
10000,94,8904.0,221,8.84,1096,8904
20000,94,17812.0,221,8.84,2188,17812
40000,94,35584.0,221,8.84,4416,35584
60000,94,53356.0,221,8.84,6644,53356
80000,94,71098.0,221,8.84,8902,71098
100000,94,88850.0,221,8.84,11150,88850
200000,94,177860.0,221,8.84,22140,177860
400000,94,355845.0,221,8.84,44155,355845
600000,94,533484.0,221,8.84,66516,533484
800000,94,711589.0,221,8.84,88411,711589
1000000,94,889235.0,221,8.84,110765,889235
2,95,2.0,1,0.04,0,2
3,95,3.0,2,0.08,0,3
100,95,90.0,67,2.68,10,90
200,95,180.0,133,5.32,20,180
2000,95,1763.0,335,13.4,237,1763
10000,95,8866.0,335,13.4,1134,8866
20000,95,17800.0,335,13.4,2200,17800
40000,95,35533.0,335,13.4,4467,35533
60000,95,53337.0,335,13.4,6663,53337
80000,95,71195.0,335,13.4,8805,71195
100000,95,88990.0,335,13.4,11010,88990
200000,95,178023.0,335,13.4,21977,178023
400000,95,356282.0,335,13.4,43718,356282
600000,95,534543.0,335,13.4,65457,534543
800000,95,712751.0,335,13.4,87249,712751
1000000,95,890820.0,335,13.4,109180,890820
2,96,1.0,1,0.04,1,1
3,96,2.0,2,0.08,1,2
100,96,82.0,67,2.68,18,82
200,96,172.0,133,5.32,28,172
2000,96,1795.0,200,8.0,205,1795
10000,96,8973.0,200,8.0,1027,8973
20000,96,17865.0,200,8.0,2135,17865
40000,96,35675.0,200,8.0,4325,35675
60000,96,53505.0,200,8.0,6495,53505
80000,96,71377.0,200,8.0,8623,71377
100000,96,89218.0,200,8.0,10782,89218
200000,96,178337.0,200,8.0,21663,178337
400000,96,356379.0,200,8.0,43621,356379
600000,96,534337.0,200,8.0,65663,534337
800000,96,712303.0,200,8.0,87697,712303
1000000,96,890362.0,200,8.0,109638,890362
2,97,2.0,1,0.04,0,2
3,97,2.0,2,0.08,1,2
100,97,86.0,67,2.68,14,86
200,97,171.0,133,5.32,29,171
2000,97,1773.0,200,8.0,227,1773
10000,97,8875.0,200,8.0,1125,8875
20000,97,17789.0,200,8.0,2211,17789
40000,97,35574.0,200,8.0,4426,35574
60000,97,53305.0,200,8.0,6695,53305
80000,97,71053.0,200,8.0,8947,71053
100000,97,88811.0,200,8.0,11189,88811
200000,97,177616.0,200,8.0,22384,177616
400000,97,355561.0,200,8.0,44439,355561
600000,97,533789.0,200,8.0,66211,533789
800000,97,711835.0,200,8.0,88165,711835
1000000,97,889736.0,200,8.0,110264,889736
2,98,1.0,1,0.04,1,1
3,98,2.0,2,0.08,1,2
100,98,84.0,67,2.68,16,84
200,98,172.0,133,5.32,28,172
2000,98,1780.0,200,8.0,220,1780
10000,98,8927.0,200,8.0,1073,8927
20000,98,17802.0,200,8.0,2198,17802
40000,98,35559.0,200,8.0,4441,35559
60000,98,53361.0,200,8.0,6639,53361
80000,98,71183.0,200,8.0,8817,71183
100000,98,89002.0,200,8.0,10998,89002
200000,98,178097.0,200,8.0,21903,178097
400000,98,356369.0,200,8.0,43631,356369
600000,98,534704.0,200,8.0,65296,534704
800000,98,712623.0,200,8.0,87377,712623
1000000,98,890485.0,200,8.0,109515,890485
2,99,1.0,1,0.04,1,1
3,99,2.0,2,0.08,1,2
100,99,87.0,67,2.68,13,87
200,99,176.0,133,5.32,24,176
2000,99,1771.0,200,8.0,229,1771
10000,99,8910.0,200,8.0,1090,8910
20000,99,17791.0,200,8.0,2209,17791
40000,99,35583.0,200,8.0,4417,35583
60000,99,53313.0,200,8.0,6687,53313
80000,99,71219.0,200,8.0,8781,71219
100000,99,89054.0,200,8.0,10946,89054
200000,99,178067.0,200,8.0,21933,178067
400000,99,356388.0,200,8.0,43612,356388
600000,99,534321.0,200,8.0,65679,534321
800000,99,712623.0,200,8.0,87377,712623
1000000,99,890452.0,200,8.0,109548,890452
2,100,1.0,1,0.04,1,1
3,100,2.0,2,0.08,1,2
100,100,77.0,67,2.68,23,77
200,100,163.0,133,5.32,37,163
2000,100,1757.0,200,8.0,243,1757
10000,100,8884.0,200,8.0,1116,8884
20000,100,17803.0,200,8.0,2197,17803
40000,100,35524.0,200,8.0,4476,35524
60000,100,53319.0,200,8.0,6681,53319
80000,100,71159.0,200,8.0,8841,71159
100000,100,88872.0,200,8.0,11128,88872
200000,100,177737.0,200,8.0,22263,177737
400000,100,355700.0,200,8.0,44300,355700
600000,100,533833.0,200,8.0,66167,533833
800000,100,711900.0,200,8.0,88100,711900
1000000,100,889939.0,200,8.0,110061,889939
