Timestep,Iteration,Total Reward,Suboptimal Arms,Total Regret,Zeros Count,Ones Count
2,1,2.0,1,0.01,0,2
3,1,3.0,2,0.02,0,3
100,1,83.0,66,0.66,17,83
200,1,167.0,133,1.33,33,167
2000,1,1797.0,200,2.0,203,1797
10000,1,8950.0,200,2.0,1050,8950
20000,1,17920.0,200,2.0,2080,17920
40000,1,35961.0,200,2.0,4039,35961
60000,1,53933.0,200,2.0,6067,53933
80000,1,72001.0,200,2.0,7999,72001
100000,1,90040.0,200,2.0,9960,90040
200000,1,179791.0,200,2.0,20209,179791
400000,1,359780.0,200,2.0,40220,359780
600000,1,539865.0,200,2.0,60135,539865
800000,1,719925.0,200,2.0,80075,719925
1000000,1,899913.0,200,2.0,100087,899913
2,2,2.0,1,0.01,0,2
3,2,3.0,2,0.02,0,3
100,2,84.0,66,0.66,16,84
200,2,173.0,133,1.33,27,173
2000,2,1810.0,236,2.36,190,1810
10000,2,9034.0,236,2.36,966,9034
20000,2,18031.0,236,2.36,1969,18031
40000,2,36044.0,236,2.36,3956,36044
60000,2,54051.0,236,2.36,5949,54051
80000,2,72055.0,236,2.36,7945,72055
100000,2,90075.0,236,2.36,9925,90075
200000,2,180176.0,236,2.36,19824,180176
400000,2,360269.0,236,2.36,39731,360269
600000,2,540080.0,236,2.36,59920,540080
800000,2,720097.0,236,2.36,79903,720097
1000000,2,899945.0,236,2.36,100055,899945
2,3,2.0,1,0.01,0,2
3,3,3.0,2,0.02,0,3
100,3,91.0,66,0.66,9,91
200,3,177.0,133,1.33,23,177
2000,3,1773.0,1900,19.0,227,1773
10000,3,8912.0,9900,99.0,1088,8912
20000,3,17835.0,19900,199.0,2165,17835
40000,3,35610.0,39900,399.0,4390,35610
60000,3,53411.0,59900,599.0,6589,53411
80000,3,71126.0,79900,799.0,8874,71126
100000,3,88858.0,99900,999.0,11142,88858
200000,3,177747.0,199900,1999.0,22253,177747
400000,3,355867.0,399900,3999.0,44133,355867
600000,3,533739.0,599900,5999.0,66261,533739
800000,3,711751.0,799900,7999.0,88249,711751
1000000,3,889724.0,999900,9999.0,110276,889724
2,4,2.0,1,0.01,0,2
3,4,3.0,2,0.02,0,3
100,4,93.0,66,0.66,7,93
200,4,181.0,133,1.33,19,181
2000,4,1787.0,1584,15.84,213,1787
10000,4,8955.0,4055,40.55,1045,8955
20000,4,17910.0,4055,40.55,2090,17910
40000,4,35939.0,4055,40.55,4061,35939
60000,4,53941.0,4055,40.55,6059,53941
80000,4,71935.0,4055,40.55,8065,71935
100000,4,89997.0,4055,40.55,10003,89997
200000,4,179983.0,4055,40.55,20017,179983
400000,4,359992.0,4055,40.55,40008,359992
600000,4,540027.0,4055,40.55,59973,540027
800000,4,719937.0,4055,40.55,80063,719937
1000000,4,899604.0,4055,40.55,100396,899604
2,5,2.0,1,0.01,0,2
3,5,3.0,2,0.02,0,3
100,5,91.0,66,0.66,9,91
200,5,174.0,133,1.33,26,174
2000,5,1788.0,200,2.0,212,1788
10000,5,9029.0,200,2.0,971,9029
20000,5,17978.0,200,2.0,2022,17978
40000,5,35915.0,200,2.0,4085,35915
60000,5,53896.0,200,2.0,6104,53896
80000,5,71964.0,200,2.0,8036,71964
100000,5,89989.0,200,2.0,10011,89989
200000,5,180098.0,200,2.0,19902,180098
400000,5,360065.0,200,2.0,39935,360065
600000,5,539909.0,200,2.0,60091,539909
800000,5,719782.0,200,2.0,80218,719782
1000000,5,900053.0,200,2.0,99947,900053
2,6,2.0,1,0.01,0,2
3,6,3.0,2,0.02,0,3
100,6,85.0,66,0.66,15,85
200,6,175.0,133,1.33,25,175
2000,6,1783.0,200,2.0,217,1783
10000,6,8977.0,200,2.0,1023,8977
20000,6,18005.0,200,2.0,1995,18005
40000,6,36062.0,200,2.0,3938,36062
60000,6,54046.0,200,2.0,5954,54046
80000,6,71995.0,200,2.0,8005,71995
100000,6,89994.0,200,2.0,10006,89994
200000,6,180067.0,200,2.0,19933,180067
400000,6,360351.0,200,2.0,39649,360351
600000,6,540383.0,200,2.0,59617,540383
800000,6,720230.0,200,2.0,79770,720230
1000000,6,900076.0,200,2.0,99924,900076
2,7,1.0,1,0.01,1,1
3,7,2.0,2,0.02,1,2
100,7,89.0,66,0.66,11,89
200,7,180.0,133,1.33,20,180
2000,7,1773.0,283,2.83,227,1773
10000,7,8979.0,283,2.83,1021,8979
20000,7,18024.0,283,2.83,1976,18024
40000,7,36109.0,283,2.83,3891,36109
60000,7,54158.0,283,2.83,5842,54158
80000,7,72186.0,283,2.83,7814,72186
100000,7,90175.0,283,2.83,9825,90175
200000,7,180304.0,283,2.83,19696,180304
400000,7,360318.0,283,2.83,39682,360318
600000,7,540336.0,283,2.83,59664,540336
800000,7,720296.0,283,2.83,79704,720296
1000000,7,900452.0,283,2.83,99548,900452
2,8,2.0,1,0.01,0,2
3,8,3.0,2,0.02,0,3
100,8,92.0,66,0.66,8,92
200,8,184.0,133,1.33,16,184
2000,8,1805.0,1900,19.0,195,1805
10000,8,8926.0,9900,99.0,1074,8926
20000,8,17848.0,19900,199.0,2152,17848
40000,8,35725.0,39900,399.0,4275,35725
60000,8,53635.0,59900,599.0,6365,53635
80000,8,71346.0,79900,799.0,8654,71346
100000,8,89111.0,99900,999.0,10889,89111
200000,8,177867.0,199900,1999.0,22133,177867
400000,8,355899.0,399900,3999.0,44101,355899
600000,8,533739.0,599900,5999.0,66261,533739
800000,8,711736.0,799900,7999.0,88264,711736
1000000,8,889510.0,999900,9999.0,110490,889510
2,9,1.0,1,0.01,1,1
3,9,2.0,2,0.02,1,2
100,9,89.0,66,0.66,11,89
200,9,171.0,133,1.33,29,171
2000,9,1748.0,1843,18.43,252,1748
10000,9,8853.0,9843,98.43,1147,8853
20000,9,17813.0,19843,198.43,2187,17813
40000,9,35651.0,39843,398.43,4349,35651
60000,9,53515.0,59843,598.43,6485,53515
80000,9,71349.0,79843,798.43,8651,71349
100000,9,89170.0,99843,998.43,10830,89170
200000,9,178072.0,199843,1998.43,21928,178072
400000,9,356245.0,399843,3998.43,43755,356245
600000,9,534206.0,599843,5998.43,65794,534206
800000,9,712401.0,799843,7998.43,87599,712401
1000000,9,890364.0,999843,9998.43,109636,890364
2,10,2.0,1,0.01,0,2
3,10,3.0,2,0.02,0,3
100,10,90.0,66,0.66,10,90
200,10,180.0,133,1.33,20,180
2000,10,1777.0,1878,18.78,223,1777
10000,10,8916.0,9878,98.78,1084,8916
20000,10,17760.0,19878,198.78,2240,17760
40000,10,35625.0,39878,398.78,4375,35625
60000,10,53384.0,59878,598.78,6616,53384
80000,10,71237.0,79878,798.78,8763,71237
100000,10,88961.0,99878,998.78,11039,88961
200000,10,178016.0,199878,1998.78,21984,178016
400000,10,355887.0,399878,3998.78,44113,355887
600000,10,533891.0,599878,5998.78,66109,533891
800000,10,711552.0,799878,7998.78,88448,711552
1000000,10,889687.0,999878,9998.78,110313,889687
2,11,2.0,1,0.01,0,2
3,11,2.0,2,0.02,1,2
100,11,91.0,66,0.66,9,91
200,11,181.0,133,1.33,19,181
2000,11,1822.0,720,7.2,178,1822
10000,11,9051.0,1401,14.01,949,9051
20000,11,18090.0,1401,14.01,1910,18090
40000,11,36097.0,1401,14.01,3903,36097
60000,11,54054.0,1504,15.04,5946,54054
80000,11,72131.0,1504,15.04,7869,72131
100000,11,90107.0,1504,15.04,9893,90107
200000,11,179952.0,1586,15.86,20048,179952
400000,11,359927.0,1586,15.86,40073,359927
600000,11,539868.0,1586,15.86,60132,539868
800000,11,720031.0,1586,15.86,79969,720031
1000000,11,900265.0,1586,15.86,99735,900265
2,12,1.0,1,0.01,1,1
3,12,2.0,2,0.02,1,2
100,12,94.0,66,0.66,6,94
200,12,179.0,133,1.33,21,179
2000,12,1799.0,314,3.14,201,1799
10000,12,9015.0,314,3.14,985,9015
20000,12,17929.0,314,3.14,2071,17929
40000,12,35933.0,314,3.14,4067,35933
60000,12,53942.0,314,3.14,6058,53942
80000,12,71965.0,314,3.14,8035,71965
100000,12,89967.0,314,3.14,10033,89967
200000,12,179974.0,314,3.14,20026,179974
400000,12,359869.0,314,3.14,40131,359869
600000,12,539925.0,314,3.14,60075,539925
800000,12,719746.0,314,3.14,80254,719746
1000000,12,899605.0,314,3.14,100395,899605
2,13,2.0,1,0.01,0,2
3,13,3.0,2,0.02,0,3
100,13,83.0,66,0.66,17,83
200,13,167.0,133,1.33,33,167
2000,13,1793.0,200,2.0,207,1793
10000,13,8961.0,200,2.0,1039,8961
20000,13,17948.0,200,2.0,2052,17948
40000,13,35882.0,200,2.0,4118,35882
60000,13,53867.0,200,2.0,6133,53867
80000,13,71879.0,200,2.0,8121,71879
100000,13,89848.0,200,2.0,10152,89848
200000,13,179893.0,200,2.0,20107,179893
400000,13,359865.0,200,2.0,40135,359865
600000,13,540019.0,200,2.0,59981,540019
800000,13,720005.0,200,2.0,79995,720005
1000000,13,900133.0,200,2.0,99867,900133
2,14,2.0,1,0.01,0,2
3,14,3.0,2,0.02,0,3
100,14,90.0,66,0.66,10,90
200,14,178.0,133,1.33,22,178
2000,14,1778.0,217,2.17,222,1778
10000,14,8978.0,217,2.17,1022,8978
20000,14,18026.0,217,2.17,1974,18026
40000,14,36019.0,217,2.17,3981,36019
60000,14,53937.0,217,2.17,6063,53937
80000,14,72006.0,217,2.17,7994,72006
100000,14,90042.0,217,2.17,9958,90042
200000,14,180072.0,217,2.17,19928,180072
400000,14,360208.0,217,2.17,39792,360208
600000,14,540236.0,217,2.17,59764,540236
800000,14,720390.0,217,2.17,79610,720390
1000000,14,900321.0,217,2.17,99679,900321
2,15,2.0,1,0.01,0,2
3,15,3.0,2,0.02,0,3
100,15,92.0,66,0.66,8,92
200,15,181.0,133,1.33,19,181
2000,15,1797.0,299,2.99,203,1797
10000,15,9004.0,299,2.99,996,9004
20000,15,18009.0,299,2.99,1991,18009
40000,15,36004.0,299,2.99,3996,36004
60000,15,53944.0,299,2.99,6056,53944
80000,15,71948.0,299,2.99,8052,71948
100000,15,89899.0,299,2.99,10101,89899
200000,15,179970.0,299,2.99,20030,179970
400000,15,359771.0,299,2.99,40229,359771
600000,15,539728.0,299,2.99,60272,539728
800000,15,719638.0,299,2.99,80362,719638
1000000,15,899638.0,299,2.99,100362,899638
2,16,2.0,1,0.01,0,2
3,16,3.0,2,0.02,0,3
100,16,90.0,66,0.66,10,90
200,16,184.0,133,1.33,16,184
2000,16,1785.0,329,3.29,215,1785
10000,16,8967.0,332,3.32,1033,8967
20000,16,17989.0,332,3.32,2011,17989
40000,16,35951.0,332,3.32,4049,35951
60000,16,53932.0,332,3.32,6068,53932
80000,16,71964.0,332,3.32,8036,71964
100000,16,89950.0,332,3.32,10050,89950
200000,16,179801.0,332,3.32,20199,179801
400000,16,359672.0,332,3.32,40328,359672
600000,16,540027.0,332,3.32,59973,540027
800000,16,720077.0,332,3.32,79923,720077
1000000,16,900046.0,332,3.32,99954,900046
2,17,2.0,1,0.01,0,2
3,17,2.0,2,0.02,1,2
100,17,94.0,66,0.66,6,94
200,17,181.0,133,1.33,19,181
2000,17,1803.0,998,9.98,197,1803
10000,17,8989.0,2211,22.11,1011,8989
20000,17,17987.0,2211,22.11,2013,17987
40000,17,35991.0,2211,22.11,4009,35991
60000,17,54062.0,2211,22.11,5938,54062
80000,17,72023.0,2211,22.11,7977,72023
100000,17,90024.0,2211,22.11,9976,90024
200000,17,180054.0,2211,22.11,19946,180054
400000,17,360155.0,2211,22.11,39845,360155
600000,17,540089.0,2211,22.11,59911,540089
800000,17,719863.0,2211,22.11,80137,719863
1000000,17,899803.0,2211,22.11,100197,899803
2,18,1.0,1,0.01,1,1
3,18,2.0,2,0.02,1,2
100,18,85.0,66,0.66,15,85
200,18,174.0,133,1.33,26,174
2000,18,1762.0,1874,18.74,238,1762
10000,18,8890.0,9874,98.74,1110,8890
20000,18,17825.0,19874,198.74,2175,17825
40000,18,35538.0,39874,398.74,4462,35538
60000,18,53294.0,59874,598.74,6706,53294
80000,18,71123.0,79874,798.74,8877,71123
100000,18,88980.0,99874,998.74,11020,88980
200000,18,177878.0,199874,1998.74,22122,177878
400000,18,355941.0,399874,3998.74,44059,355941
600000,18,533964.0,599874,5998.74,66036,533964
800000,18,712083.0,799874,7998.74,87917,712083
1000000,18,889995.0,999874,9998.74,110005,889995
2,19,2.0,1,0.01,0,2
3,19,3.0,2,0.02,0,3
100,19,89.0,66,0.66,11,89
200,19,178.0,133,1.33,22,178
2000,19,1803.0,1900,19.0,197,1803
10000,19,8896.0,9900,99.0,1104,8896
20000,19,17781.0,19900,199.0,2219,17781
40000,19,35559.0,39900,399.0,4441,35559
60000,19,53349.0,59900,599.0,6651,53349
80000,19,71117.0,79900,799.0,8883,71117
100000,19,88898.0,99900,999.0,11102,88898
200000,19,177930.0,199900,1999.0,22070,177930
400000,19,356022.0,399900,3999.0,43978,356022
600000,19,533843.0,599900,5999.0,66157,533843
800000,19,711909.0,799900,7999.0,88091,711909
1000000,19,889946.0,999900,9999.0,110054,889946
2,20,2.0,1,0.01,0,2
3,20,3.0,2,0.02,0,3
100,20,89.0,66,0.66,11,89
200,20,181.0,133,1.33,19,181
2000,20,1786.0,1897,18.97,214,1786
10000,20,8905.0,9897,98.97,1095,8905
20000,20,17808.0,19897,198.97,2192,17808
40000,20,35539.0,39897,398.97,4461,35539
60000,20,53365.0,59897,598.97,6635,53365
80000,20,71252.0,79897,798.97,8748,71252
100000,20,89086.0,99897,998.97,10914,89086
200000,20,177899.0,199897,1998.97,22101,177899
400000,20,356024.0,399897,3998.97,43976,356024
600000,20,534038.0,599897,5998.97,65962,534038
800000,20,712067.0,799897,7998.97,87933,712067
1000000,20,890316.0,999897,9998.97,109684,890316
2,21,2.0,1,0.01,0,2
3,21,3.0,2,0.02,0,3
100,21,88.0,66,0.66,12,88
200,21,177.0,133,1.33,23,177
2000,21,1782.0,1900,19.0,218,1782
10000,21,8948.0,9900,99.0,1052,8948
20000,21,17811.0,19900,199.0,2189,17811
40000,21,35591.0,39900,399.0,4409,35591
60000,21,53369.0,59900,599.0,6631,53369
80000,21,71144.0,79900,799.0,8856,71144
100000,21,88923.0,99900,999.0,11077,88923
200000,21,177829.0,199900,1999.0,22171,177829
400000,21,356043.0,399900,3999.0,43957,356043
600000,21,534011.0,599900,5999.0,65989,534011
800000,21,712158.0,799900,7999.0,87842,712158
1000000,21,890440.0,999900,9999.0,109560,890440
2,22,0.0,1,0.01,2,0
3,22,1.0,2,0.02,2,1
100,22,84.0,66,0.66,16,84
200,22,175.0,133,1.33,25,175
2000,22,1777.0,1890,18.9,223,1777
10000,22,8891.0,9890,98.9,1109,8891
20000,22,17742.0,19890,198.9,2258,17742
40000,22,35517.0,39890,398.9,4483,35517
60000,22,53327.0,59890,598.9,6673,53327
80000,22,71153.0,79890,798.9,8847,71153
100000,22,88918.0,99890,998.9,11082,88918
200000,22,178020.0,199890,1998.9,21980,178020
400000,22,356076.0,399890,3998.9,43924,356076
600000,22,534078.0,599890,5998.9,65922,534078
800000,22,712182.0,799890,7998.9,87818,712182
1000000,22,890051.0,999890,9998.9,109949,890051
2,23,2.0,1,0.01,0,2
3,23,3.0,2,0.02,0,3
100,23,87.0,66,0.66,13,87
200,23,175.0,133,1.33,25,175
2000,23,1788.0,1900,19.0,212,1788
10000,23,8884.0,9900,99.0,1116,8884
20000,23,17783.0,19900,199.0,2217,17783
40000,23,35550.0,39900,399.0,4450,35550
60000,23,53343.0,59900,599.0,6657,53343
80000,23,71130.0,79900,799.0,8870,71130
100000,23,88913.0,99900,999.0,11087,88913
200000,23,177669.0,199900,1999.0,22331,177669
400000,23,355675.0,399900,3999.0,44325,355675
600000,23,533574.0,599900,5999.0,66426,533574
800000,23,711621.0,799900,7999.0,88379,711621
1000000,23,889454.0,999900,9999.0,110546,889454
2,24,2.0,1,0.01,0,2
3,24,3.0,2,0.02,0,3
100,24,85.0,66,0.66,15,85
200,24,175.0,133,1.33,25,175
2000,24,1792.0,200,2.0,208,1792
10000,24,8982.0,200,2.0,1018,8982
20000,24,17950.0,200,2.0,2050,17950
40000,24,35890.0,200,2.0,4110,35890
60000,24,53845.0,200,2.0,6155,53845
80000,24,71907.0,200,2.0,8093,71907
100000,24,89885.0,200,2.0,10115,89885
200000,24,179954.0,200,2.0,20046,179954
400000,24,360060.0,200,2.0,39940,360060
600000,24,540093.0,200,2.0,59907,540093
800000,24,719783.0,200,2.0,80217,719783
1000000,24,899868.0,200,2.0,100132,899868
2,25,2.0,1,0.01,0,2
3,25,3.0,2,0.02,0,3
100,25,92.0,66,0.66,8,92
200,25,183.0,133,1.33,17,183
2000,25,1784.0,289,2.89,216,1784
10000,25,8996.0,289,2.89,1004,8996
20000,25,17982.0,289,2.89,2018,17982
40000,25,35991.0,289,2.89,4009,35991
60000,25,53988.0,289,2.89,6012,53988
80000,25,71941.0,289,2.89,8059,71941
100000,25,89941.0,289,2.89,10059,89941
200000,25,179961.0,289,2.89,20039,179961
400000,25,360046.0,289,2.89,39954,360046
600000,25,540053.0,289,2.89,59947,540053
800000,25,720039.0,289,2.89,79961,720039
1000000,25,900116.0,289,2.89,99884,900116
2,26,1.0,1,0.01,1,1
3,26,2.0,2,0.02,1,2
100,26,89.0,66,0.66,11,89
200,26,173.0,133,1.33,27,173
2000,26,1778.0,1900,19.0,222,1778
10000,26,8878.0,9900,99.0,1122,8878
20000,26,17743.0,19900,199.0,2257,17743
40000,26,35618.0,39900,399.0,4382,35618
60000,26,53424.0,59900,599.0,6576,53424
80000,26,71233.0,79900,799.0,8767,71233
100000,26,88997.0,99900,999.0,11003,88997
200000,26,178094.0,199900,1999.0,21906,178094
400000,26,356118.0,399900,3999.0,43882,356118
600000,26,534389.0,599900,5999.0,65611,534389
800000,26,712364.0,799900,7999.0,87636,712364
1000000,26,890339.0,999900,9999.0,109661,890339
2,27,1.0,1,0.01,1,1
3,27,2.0,2,0.02,1,2
100,27,90.0,66,0.66,10,90
200,27,177.0,133,1.33,23,177
2000,27,1786.0,1900,19.0,214,1786
10000,27,8896.0,9900,99.0,1104,8896
20000,27,17821.0,19900,199.0,2179,17821
40000,27,35581.0,39900,399.0,4419,35581
60000,27,53266.0,59900,599.0,6734,53266
80000,27,71060.0,79900,799.0,8940,71060
100000,27,88895.0,99900,999.0,11105,88895
200000,27,178019.0,199900,1999.0,21981,178019
400000,27,356022.0,399900,3999.0,43978,356022
600000,27,534288.0,599900,5999.0,65712,534288
800000,27,712337.0,799900,7999.0,87663,712337
1000000,27,890507.0,999900,9999.0,109493,890507
2,28,2.0,1,0.01,0,2
3,28,3.0,2,0.02,0,3
100,28,95.0,66,0.66,5,95
200,28,184.0,133,1.33,16,184
2000,28,1766.0,277,2.77,234,1766
10000,28,8960.0,277,2.77,1040,8960
20000,28,17915.0,277,2.77,2085,17915
40000,28,35882.0,277,2.77,4118,35882
60000,28,53885.0,277,2.77,6115,53885
80000,28,71893.0,277,2.77,8107,71893
100000,28,89921.0,277,2.77,10079,89921
200000,28,180062.0,277,2.77,19938,180062
400000,28,360058.0,277,2.77,39942,360058
600000,28,540099.0,277,2.77,59901,540099
800000,28,719867.0,277,2.77,80133,719867
1000000,28,899697.0,277,2.77,100303,899697
2,29,2.0,1,0.01,0,2
3,29,3.0,2,0.02,0,3
100,29,89.0,66,0.66,11,89
200,29,177.0,133,1.33,23,177
2000,29,1809.0,200,2.0,191,1809
10000,29,9025.0,200,2.0,975,9025
20000,29,18052.0,200,2.0,1948,18052
40000,29,36082.0,200,2.0,3918,36082
60000,29,54031.0,200,2.0,5969,54031
80000,29,72052.0,200,2.0,7948,72052
100000,29,90033.0,200,2.0,9967,90033
200000,29,180023.0,200,2.0,19977,180023
400000,29,360108.0,200,2.0,39892,360108
600000,29,539982.0,200,2.0,60018,539982
800000,29,719932.0,200,2.0,80068,719932
1000000,29,899967.0,200,2.0,100033,899967
2,30,2.0,1,0.01,0,2
3,30,3.0,2,0.02,0,3
100,30,88.0,66,0.66,12,88
200,30,178.0,133,1.33,22,178
2000,30,1766.0,1892,18.92,234,1766
10000,30,8880.0,9892,98.92,1120,8880
20000,30,17798.0,19892,198.92,2202,17798
40000,30,35611.0,39892,398.92,4389,35611
60000,30,53428.0,59892,598.92,6572,53428
80000,30,71206.0,79892,798.92,8794,71206
100000,30,88988.0,99892,998.92,11012,88988
200000,30,178071.0,199892,1998.92,21929,178071
400000,30,355951.0,399892,3998.92,44049,355951
600000,30,533926.0,599892,5998.92,66074,533926
800000,30,712124.0,799892,7998.92,87876,712124
1000000,30,890306.0,999892,9998.92,109694,890306
2,31,2.0,1,0.01,0,2
3,31,3.0,2,0.02,0,3
100,31,93.0,66,0.66,7,93
200,31,184.0,133,1.33,16,184
2000,31,1799.0,228,2.28,201,1799
10000,31,9032.0,228,2.28,968,9032
20000,31,18066.0,228,2.28,1934,18066
40000,31,36045.0,228,2.28,3955,36045
60000,31,53996.0,228,2.28,6004,53996
80000,31,71909.0,228,2.28,8091,71909
100000,31,89936.0,228,2.28,10064,89936
200000,31,179936.0,228,2.28,20064,179936
400000,31,360117.0,228,2.28,39883,360117
600000,31,540113.0,228,2.28,59887,540113
800000,31,720072.0,228,2.28,79928,720072
1000000,31,900060.0,228,2.28,99940,900060
2,32,2.0,1,0.01,0,2
3,32,3.0,2,0.02,0,3
100,32,90.0,66,0.66,10,90
200,32,182.0,133,1.33,18,182
2000,32,1817.0,200,2.0,183,1817
10000,32,9040.0,200,2.0,960,9040
20000,32,18030.0,200,2.0,1970,18030
40000,32,35980.0,200,2.0,4020,35980
60000,32,53988.0,200,2.0,6012,53988
80000,32,71978.0,200,2.0,8022,71978
100000,32,90021.0,200,2.0,9979,90021
200000,32,180091.0,200,2.0,19909,180091
400000,32,360211.0,200,2.0,39789,360211
600000,32,540061.0,200,2.0,59939,540061
800000,32,720124.0,200,2.0,79876,720124
1000000,32,900371.0,200,2.0,99629,900371
2,33,1.0,1,0.01,1,1
3,33,2.0,2,0.02,1,2
100,33,82.0,66,0.66,18,82
200,33,175.0,133,1.33,25,175
2000,33,1801.0,200,2.0,199,1801
10000,33,9048.0,200,2.0,952,9048
20000,33,18030.0,200,2.0,1970,18030
40000,33,36038.0,200,2.0,3962,36038
60000,33,54031.0,200,2.0,5969,54031
80000,33,72095.0,200,2.0,7905,72095
100000,33,90037.0,200,2.0,9963,90037
200000,33,180183.0,200,2.0,19817,180183
400000,33,360219.0,200,2.0,39781,360219
600000,33,540322.0,200,2.0,59678,540322
800000,33,720152.0,200,2.0,79848,720152
1000000,33,900211.0,200,2.0,99789,900211
2,34,2.0,1,0.01,0,2
3,34,3.0,2,0.02,0,3
100,34,90.0,66,0.66,10,90
200,34,181.0,133,1.33,19,181
2000,34,1791.0,1900,19.0,209,1791
10000,34,8899.0,9899,98.99,1101,8899
20000,34,17804.0,19899,198.99,2196,17804
40000,34,35698.0,39899,398.99,4302,35698
60000,34,53440.0,59899,598.99,6560,53440
80000,34,71286.0,79899,798.99,8714,71286
100000,34,89073.0,99899,998.99,10927,89073
200000,34,178071.0,199899,1998.99,21929,178071
400000,34,356025.0,399899,3998.99,43975,356025
600000,34,534062.0,599899,5998.99,65938,534062
800000,34,712033.0,799899,7998.99,87967,712033
1000000,34,890011.0,999899,9998.99,109989,890011
2,35,2.0,1,0.01,0,2
3,35,3.0,2,0.02,0,3
100,35,87.0,66,0.66,13,87
200,35,180.0,133,1.33,20,180
2000,35,1789.0,1900,19.0,211,1789
10000,35,8914.0,9900,99.0,1086,8914
20000,35,17876.0,19900,199.0,2124,17876
40000,35,35696.0,39900,399.0,4304,35696
60000,35,53513.0,59900,599.0,6487,53513
80000,35,71304.0,79900,799.0,8696,71304
100000,35,89034.0,99900,999.0,10966,89034
200000,35,178126.0,199900,1999.0,21874,178126
400000,35,356088.0,399900,3999.0,43912,356088
600000,35,534002.0,599900,5999.0,65998,534002
800000,35,711722.0,799900,7999.0,88278,711722
1000000,35,889380.0,999900,9999.0,110620,889380
2,36,2.0,1,0.01,0,2
3,36,3.0,2,0.02,0,3
100,36,85.0,66,0.66,15,85
200,36,177.0,133,1.33,23,177
2000,36,1766.0,1881,18.81,234,1766
10000,36,8897.0,9881,98.81,1103,8897
20000,36,17782.0,19881,198.81,2218,17782
40000,36,35576.0,39881,398.81,4424,35576
60000,36,53374.0,59881,598.81,6626,53374
80000,36,71137.0,79881,798.81,8863,71137
100000,36,88942.0,99881,998.81,11058,88942
200000,36,177795.0,199881,1998.81,22205,177795
400000,36,355913.0,399881,3998.81,44087,355913
600000,36,533975.0,599881,5998.81,66025,533975
800000,36,711805.0,799881,7998.81,88195,711805
1000000,36,889939.0,999881,9998.81,110061,889939
2,37,2.0,1,0.01,0,2
3,37,2.0,2,0.02,1,2
100,37,85.0,66,0.66,15,85
200,37,179.0,133,1.33,21,179
2000,37,1796.0,200,2.0,204,1796
10000,37,9043.0,200,2.0,957,9043
20000,37,18077.0,200,2.0,1923,18077
40000,37,36098.0,200,2.0,3902,36098
60000,37,54162.0,200,2.0,5838,54162
80000,37,72237.0,200,2.0,7763,72237
100000,37,90325.0,200,2.0,9675,90325
200000,37,180438.0,200,2.0,19562,180438
400000,37,360441.0,200,2.0,39559,360441
600000,37,540442.0,200,2.0,59558,540442
800000,37,720628.0,200,2.0,79372,720628
1000000,37,900694.0,200,2.0,99306,900694
2,38,2.0,1,0.01,0,2
3,38,2.0,2,0.02,1,2
100,38,88.0,66,0.66,12,88
200,38,177.0,133,1.33,23,177
2000,38,1791.0,200,2.0,209,1791
10000,38,8965.0,200,2.0,1035,8965
20000,38,17965.0,200,2.0,2035,17965
40000,38,35907.0,200,2.0,4093,35907
60000,38,53892.0,200,2.0,6108,53892
80000,38,71903.0,200,2.0,8097,71903
100000,38,89957.0,200,2.0,10043,89957
200000,38,179888.0,200,2.0,20112,179888
400000,38,359939.0,200,2.0,40061,359939
600000,38,539924.0,200,2.0,60076,539924
800000,38,719964.0,200,2.0,80036,719964
1000000,38,900234.0,200,2.0,99766,900234
2,39,1.0,1,0.01,1,1
3,39,2.0,2,0.02,1,2
100,39,88.0,66,0.66,12,88
200,39,178.0,133,1.33,22,178
2000,39,1809.0,231,2.31,191,1809
10000,39,8974.0,231,2.31,1026,8974
20000,39,17945.0,231,2.31,2055,17945
40000,39,35900.0,231,2.31,4100,35900
60000,39,53922.0,231,2.31,6078,53922
80000,39,71924.0,231,2.31,8076,71924
100000,39,89986.0,231,2.31,10014,89986
200000,39,179882.0,231,2.31,20118,179882
400000,39,359752.0,231,2.31,40248,359752
600000,39,539768.0,231,2.31,60232,539768
800000,39,719503.0,231,2.31,80497,719503
1000000,39,899537.0,231,2.31,100463,899537
2,40,2.0,1,0.01,0,2
3,40,3.0,2,0.02,0,3
100,40,90.0,66,0.66,10,90
200,40,183.0,133,1.33,17,183
2000,40,1789.0,619,6.19,211,1789
10000,40,8998.0,619,6.19,1002,8998
20000,40,17984.0,619,6.19,2016,17984
40000,40,36010.0,619,6.19,3990,36010
60000,40,53954.0,619,6.19,6046,53954
80000,40,71899.0,619,6.19,8101,71899
100000,40,89896.0,619,6.19,10104,89896
200000,40,179850.0,619,6.19,20150,179850
400000,40,359743.0,619,6.19,40257,359743
600000,40,539865.0,619,6.19,60135,539865
800000,40,719733.0,619,6.19,80267,719733
1000000,40,899588.0,619,6.19,100412,899588
2,41,2.0,1,0.01,0,2
3,41,3.0,2,0.02,0,3
100,41,90.0,66,0.66,10,90
200,41,179.0,133,1.33,21,179
2000,41,1804.0,210,2.1,196,1804
10000,41,9038.0,210,2.1,962,9038
20000,41,18011.0,210,2.1,1989,18011
40000,41,36035.0,210,2.1,3965,36035
60000,41,54052.0,210,2.1,5948,54052
80000,41,72054.0,210,2.1,7946,72054
100000,41,90029.0,210,2.1,9971,90029
200000,41,179999.0,210,2.1,20001,179999
400000,41,359755.0,210,2.1,40245,359755
600000,41,539686.0,210,2.1,60314,539686
800000,41,719618.0,210,2.1,80382,719618
1000000,41,899706.0,210,2.1,100294,899706
2,42,2.0,1,0.01,0,2
3,42,3.0,2,0.02,0,3
100,42,89.0,66,0.66,11,89
200,42,177.0,133,1.33,23,177
2000,42,1823.0,207,2.07,177,1823
10000,42,9005.0,207,2.07,995,9005
20000,42,17956.0,207,2.07,2044,17956
40000,42,35898.0,207,2.07,4102,35898
60000,42,53889.0,207,2.07,6111,53889
80000,42,71855.0,207,2.07,8145,71855
100000,42,89864.0,207,2.07,10136,89864
200000,42,179959.0,207,2.07,20041,179959
400000,42,359950.0,207,2.07,40050,359950
600000,42,539916.0,207,2.07,60084,539916
800000,42,719964.0,207,2.07,80036,719964
1000000,42,899991.0,207,2.07,100009,899991
2,43,2.0,1,0.01,0,2
3,43,3.0,2,0.02,0,3
100,43,88.0,66,0.66,12,88
200,43,178.0,133,1.33,22,178
2000,43,1797.0,209,2.09,203,1797
10000,43,9025.0,209,2.09,975,9025
20000,43,18033.0,209,2.09,1967,18033
40000,43,36051.0,209,2.09,3949,36051
60000,43,54112.0,209,2.09,5888,54112
80000,43,72130.0,209,2.09,7870,72130
100000,43,90123.0,209,2.09,9877,90123
200000,43,180226.0,209,2.09,19774,180226
400000,43,360504.0,209,2.09,39496,360504
600000,43,540634.0,209,2.09,59366,540634
800000,43,720732.0,209,2.09,79268,720732
1000000,43,900607.0,209,2.09,99393,900607
2,44,2.0,1,0.01,0,2
3,44,3.0,2,0.02,0,3
100,44,92.0,66,0.66,8,92
200,44,184.0,133,1.33,16,184
2000,44,1778.0,1774,17.74,222,1778
10000,44,8897.0,9774,97.74,1103,8897
20000,44,17783.0,19774,197.74,2217,17783
40000,44,35621.0,39774,397.74,4379,35621
60000,44,53499.0,59774,597.74,6501,53499
80000,44,71250.0,79774,797.74,8750,71250
100000,44,88978.0,99774,997.74,11022,88978
200000,44,178084.0,199774,1997.74,21916,178084
400000,44,355999.0,399774,3997.74,44001,355999
600000,44,533963.0,599774,5997.74,66037,533963
800000,44,711748.0,799774,7997.74,88252,711748
1000000,44,889873.0,999774,9997.74,110127,889873
2,45,2.0,1,0.01,0,2
3,45,3.0,2,0.02,0,3
100,45,91.0,66,0.66,9,91
200,45,183.0,133,1.33,17,183
2000,45,1810.0,233,2.33,190,1810
10000,45,8992.0,233,2.33,1008,8992
20000,45,17961.0,233,2.33,2039,17961
40000,45,36002.0,233,2.33,3998,36002
60000,45,53981.0,233,2.33,6019,53981
80000,45,71965.0,233,2.33,8035,71965
100000,45,89917.0,233,2.33,10083,89917
200000,45,179947.0,233,2.33,20053,179947
400000,45,359886.0,233,2.33,40114,359886
600000,45,540021.0,233,2.33,59979,540021
800000,45,720062.0,233,2.33,79938,720062
1000000,45,899778.0,233,2.33,100222,899778
2,46,2.0,1,0.01,0,2
3,46,3.0,2,0.02,0,3
100,46,83.0,66,0.66,17,83
200,46,177.0,133,1.33,23,177
2000,46,1775.0,531,5.31,225,1775
10000,46,8984.0,531,5.31,1016,8984
20000,46,17971.0,531,5.31,2029,17971
40000,46,35986.0,531,5.31,4014,35986
60000,46,54012.0,531,5.31,5988,54012
80000,46,72066.0,531,5.31,7934,72066
100000,46,90134.0,531,5.31,9866,90134
200000,46,180011.0,531,5.31,19989,180011
400000,46,360161.0,531,5.31,39839,360161
600000,46,540236.0,531,5.31,59764,540236
800000,46,720308.0,531,5.31,79692,720308
1000000,46,900398.0,531,5.31,99602,900398
2,47,2.0,1,0.01,0,2
3,47,3.0,2,0.02,0,3
100,47,89.0,66,0.66,11,89
200,47,179.0,133,1.33,21,179
2000,47,1782.0,1900,19.0,218,1782
10000,47,8937.0,9900,99.0,1063,8937
20000,47,17832.0,19900,199.0,2168,17832
40000,47,35578.0,39900,399.0,4422,35578
60000,47,53322.0,59900,599.0,6678,53322
80000,47,71078.0,79900,799.0,8922,71078
100000,47,88850.0,99900,999.0,11150,88850
200000,47,177902.0,199900,1999.0,22098,177902
400000,47,356181.0,399900,3999.0,43819,356181
600000,47,533981.0,599900,5999.0,66019,533981
800000,47,712035.0,799900,7999.0,87965,712035
1000000,47,889958.0,999900,9999.0,110042,889958
2,48,2.0,1,0.01,0,2
3,48,3.0,2,0.02,0,3
100,48,91.0,66,0.66,9,91
200,48,182.0,133,1.33,18,182
2000,48,1791.0,1546,15.46,209,1791
10000,48,8934.0,5111,51.11,1066,8934
20000,48,17954.0,5111,51.11,2046,17954
40000,48,35990.0,5111,51.11,4010,35990
60000,48,54070.0,5111,51.11,5930,54070
80000,48,72027.0,5111,51.11,7973,72027
100000,48,90043.0,5111,51.11,9957,90043
200000,48,180056.0,5111,51.11,19944,180056
400000,48,360213.0,5111,51.11,39787,360213
600000,48,540164.0,5111,51.11,59836,540164
800000,48,720081.0,5111,51.11,79919,720081
1000000,48,900097.0,5111,51.11,99903,900097
2,49,2.0,1,0.01,0,2
3,49,3.0,2,0.02,0,3
100,49,88.0,66,0.66,12,88
200,49,183.0,133,1.33,17,183
2000,49,1788.0,253,2.53,212,1788
10000,49,8993.0,253,2.53,1007,8993
20000,49,17951.0,253,2.53,2049,17951
40000,49,35977.0,253,2.53,4023,35977
60000,49,54033.0,253,2.53,5967,54033
80000,49,72020.0,253,2.53,7980,72020
100000,49,90027.0,253,2.53,9973,90027
200000,49,180148.0,253,2.53,19852,180148
400000,49,360074.0,253,2.53,39926,360074
600000,49,540187.0,253,2.53,59813,540187
800000,49,720139.0,253,2.53,79861,720139
1000000,49,900288.0,253,2.53,99712,900288
2,50,2.0,1,0.01,0,2
3,50,3.0,2,0.02,0,3
100,50,94.0,66,0.66,6,94
200,50,184.0,133,1.33,16,184
2000,50,1790.0,285,2.85,210,1790
10000,50,9026.0,285,2.85,974,9026
20000,50,18030.0,285,2.85,1970,18030
40000,50,36033.0,285,2.85,3967,36033
60000,50,54035.0,285,2.85,5965,54035
80000,50,72021.0,285,2.85,7979,72021
100000,50,90013.0,285,2.85,9987,90013
200000,50,180179.0,285,2.85,19821,180179
400000,50,360211.0,285,2.85,39789,360211
600000,50,540368.0,285,2.85,59632,540368
800000,50,720172.0,285,2.85,79828,720172
1000000,50,900310.0,285,2.85,99690,900310
2,51,2.0,1,0.01,0,2
3,51,3.0,2,0.02,0,3
100,51,91.0,66,0.66,9,91
200,51,180.0,133,1.33,20,180
2000,51,1812.0,200,2.0,188,1812
10000,51,9014.0,200,2.0,986,9014
20000,51,18066.0,204,2.04,1934,18066
40000,51,36011.0,204,2.04,3989,36011
60000,51,54071.0,204,2.04,5929,54071
80000,51,72020.0,204,2.04,7980,72020
100000,51,90005.0,204,2.04,9995,90005
200000,51,179991.0,204,2.04,20009,179991
400000,51,360026.0,204,2.04,39974,360026
600000,51,540035.0,204,2.04,59965,540035
800000,51,719995.0,204,2.04,80005,719995
1000000,51,899707.0,204,2.04,100293,899707
2,52,2.0,1,0.01,0,2
3,52,3.0,2,0.02,0,3
100,52,89.0,66,0.66,11,89
200,52,176.0,133,1.33,24,176
2000,52,1784.0,243,2.43,216,1784
10000,52,8983.0,243,2.43,1017,8983
20000,52,17991.0,243,2.43,2009,17991
40000,52,36020.0,243,2.43,3980,36020
60000,52,54038.0,243,2.43,5962,54038
80000,52,72097.0,243,2.43,7903,72097
100000,52,90067.0,243,2.43,9933,90067
200000,52,179960.0,243,2.43,20040,179960
400000,52,360032.0,243,2.43,39968,360032
600000,52,540102.0,243,2.43,59898,540102
800000,52,720046.0,243,2.43,79954,720046
1000000,52,900099.0,243,2.43,99901,900099
2,53,2.0,1,0.01,0,2
3,53,3.0,2,0.02,0,3
100,53,89.0,66,0.66,11,89
200,53,181.0,133,1.33,19,181
2000,53,1783.0,238,2.38,217,1783
10000,53,8994.0,238,2.38,1006,8994
20000,53,17972.0,238,2.38,2028,17972
40000,53,35920.0,238,2.38,4080,35920
60000,53,53936.0,238,2.38,6064,53936
80000,53,71897.0,238,2.38,8103,71897
100000,53,89928.0,238,2.38,10072,89928
200000,53,179862.0,238,2.38,20138,179862
400000,53,359863.0,238,2.38,40137,359863
600000,53,539742.0,238,2.38,60258,539742
800000,53,719588.0,238,2.38,80412,719588
1000000,53,899504.0,238,2.38,100496,899504
2,54,2.0,1,0.01,0,2
3,54,2.0,2,0.02,1,2
100,54,90.0,66,0.66,10,90
200,54,180.0,133,1.33,20,180
2000,54,1807.0,200,2.0,193,1807
10000,54,8937.0,200,2.0,1063,8937
20000,54,17942.0,200,2.0,2058,17942
40000,54,35912.0,200,2.0,4088,35912
60000,54,53900.0,200,2.0,6100,53900
80000,54,71819.0,200,2.0,8181,71819
100000,54,89808.0,200,2.0,10192,89808
200000,54,179826.0,200,2.0,20174,179826
400000,54,359630.0,200,2.0,40370,359630
600000,54,539588.0,200,2.0,60412,539588
800000,54,719336.0,200,2.0,80664,719336
1000000,54,899162.0,200,2.0,100838,899162
2,55,2.0,1,0.01,0,2
3,55,3.0,2,0.02,0,3
100,55,92.0,66,0.66,8,92
200,55,181.0,133,1.33,19,181
2000,55,1818.0,200,2.0,182,1818
10000,55,8960.0,200,2.0,1040,8960
20000,55,17925.0,200,2.0,2075,17925
40000,55,35867.0,200,2.0,4133,35867
60000,55,53917.0,200,2.0,6083,53917
80000,55,71916.0,200,2.0,8084,71916
100000,55,89894.0,200,2.0,10106,89894
200000,55,179899.0,200,2.0,20101,179899
400000,55,359959.0,200,2.0,40041,359959
600000,55,539974.0,200,2.0,60026,539974
800000,55,719724.0,200,2.0,80276,719724
1000000,55,899740.0,200,2.0,100260,899740
2,56,1.0,1,0.01,1,1
3,56,2.0,2,0.02,1,2
100,56,88.0,66,0.66,12,88
200,56,178.0,133,1.33,22,178
2000,56,1768.0,1862,18.62,232,1768
10000,56,8855.0,9862,98.62,1145,8855
20000,56,17796.0,19862,198.62,2204,17796
40000,56,35532.0,39862,398.62,4468,35532
60000,56,53308.0,59862,598.62,6692,53308
80000,56,71102.0,79862,798.62,8898,71102
100000,56,88894.0,99862,998.62,11106,88894
200000,56,177913.0,199862,1998.62,22087,177913
400000,56,356030.0,399862,3998.62,43970,356030
600000,56,534094.0,599862,5998.62,65906,534094
800000,56,712171.0,799862,7998.62,87829,712171
1000000,56,890289.0,999862,9998.62,109711,890289
2,57,2.0,1,0.01,0,2
3,57,3.0,2,0.02,0,3
100,57,93.0,66,0.66,7,93
200,57,180.0,133,1.33,20,180
2000,57,1793.0,1849,18.49,207,1793
10000,57,8940.0,9849,98.49,1060,8940
20000,57,17902.0,19849,198.49,2098,17902
40000,57,35706.0,39849,398.49,4294,35706
60000,57,53457.0,59849,598.49,6543,53457
80000,57,71357.0,79849,798.49,8643,71357
100000,57,89148.0,99849,998.49,10852,89148
200000,57,178256.0,199849,1998.49,21744,178256
400000,57,356395.0,399849,3998.49,43605,356395
600000,57,534415.0,599849,5998.49,65585,534415
800000,57,712458.0,799849,7998.49,87542,712458
1000000,57,890443.0,999849,9998.49,109557,890443
2,58,2.0,1,0.01,0,2
3,58,3.0,2,0.02,0,3
100,58,93.0,66,0.66,7,93
200,58,180.0,133,1.33,20,180
2000,58,1784.0,478,4.78,216,1784
10000,58,8977.0,478,4.78,1023,8977
20000,58,17951.0,478,4.78,2049,17951
40000,58,35949.0,478,4.78,4051,35949
60000,58,53964.0,478,4.78,6036,53964
80000,58,72039.0,478,4.78,7961,72039
100000,58,89970.0,478,4.78,10030,89970
200000,58,179953.0,478,4.78,20047,179953
400000,58,359869.0,478,4.78,40131,359869
600000,58,539720.0,478,4.78,60280,539720
800000,58,719985.0,478,4.78,80015,719985
1000000,58,899876.0,478,4.78,100124,899876
2,59,2.0,1,0.01,0,2
3,59,3.0,2,0.02,0,3
100,59,89.0,66,0.66,11,89
200,59,168.0,133,1.33,32,168
2000,59,1785.0,251,2.51,215,1785
10000,59,8962.0,251,2.51,1038,8962
20000,59,17969.0,251,2.51,2031,17969
40000,59,35949.0,251,2.51,4051,35949
60000,59,53933.0,251,2.51,6067,53933
80000,59,71951.0,251,2.51,8049,71951
100000,59,89972.0,251,2.51,10028,89972
200000,59,179998.0,251,2.51,20002,179998
400000,59,360018.0,251,2.51,39982,360018
600000,59,539878.0,251,2.51,60122,539878
800000,59,719967.0,251,2.51,80033,719967
1000000,59,899891.0,251,2.51,100109,899891
2,60,2.0,1,0.01,0,2
3,60,3.0,2,0.02,0,3
100,60,94.0,66,0.66,6,94
200,60,182.0,133,1.33,18,182
2000,60,1763.0,1875,18.75,237,1763
10000,60,8908.0,9875,98.75,1092,8908
20000,60,17835.0,19875,198.75,2165,17835
40000,60,35627.0,39875,398.75,4373,35627
60000,60,53382.0,59875,598.75,6618,53382
80000,60,71159.0,79875,798.75,8841,71159
100000,60,88952.0,99875,998.75,11048,88952
200000,60,178125.0,199875,1998.75,21875,178125
400000,60,356013.0,399875,3998.75,43987,356013
600000,60,533947.0,599875,5998.75,66053,533947
800000,60,712095.0,799875,7998.75,87905,712095
1000000,60,890165.0,999875,9998.75,109835,890165
2,61,1.0,1,0.01,1,1
3,61,2.0,2,0.02,1,2
100,61,88.0,66,0.66,12,88
200,61,182.0,133,1.33,18,182
2000,61,1822.0,200,2.0,178,1822
10000,61,9010.0,200,2.0,990,9010
20000,61,17993.0,200,2.0,2007,17993
40000,61,36058.0,200,2.0,3942,36058
60000,61,54062.0,200,2.0,5938,54062
80000,61,72122.0,200,2.0,7878,72122
100000,61,90113.0,200,2.0,9887,90113
200000,61,180137.0,200,2.0,19863,180137
400000,61,360218.0,200,2.0,39782,360218
600000,61,540274.0,200,2.0,59726,540274
800000,61,720177.0,200,2.0,79823,720177
1000000,61,900370.0,200,2.0,99630,900370
2,62,1.0,1,0.01,1,1
3,62,1.0,2,0.02,2,1
100,62,91.0,66,0.66,9,91
200,62,180.0,133,1.33,20,180
2000,62,1804.0,387,3.87,196,1804
10000,62,8992.0,387,3.87,1008,8992
20000,62,17993.0,387,3.87,2007,17993
40000,62,36016.0,387,3.87,3984,36016
60000,62,53972.0,387,3.87,6028,53972
80000,62,71957.0,387,3.87,8043,71957
100000,62,90026.0,387,3.87,9974,90026
200000,62,180062.0,387,3.87,19938,180062
400000,62,360240.0,387,3.87,39760,360240
600000,62,540070.0,387,3.87,59930,540070
800000,62,719884.0,387,3.87,80116,719884
1000000,62,899840.0,387,3.87,100160,899840
2,63,2.0,1,0.01,0,2
3,63,3.0,2,0.02,0,3
100,63,93.0,66,0.66,7,93
200,63,181.0,133,1.33,19,181
2000,63,1809.0,200,2.0,191,1809
10000,63,8997.0,200,2.0,1003,8997
20000,63,18002.0,200,2.0,1998,18002
40000,63,36018.0,200,2.0,3982,36018
60000,63,53961.0,200,2.0,6039,53961
80000,63,71932.0,200,2.0,8068,71932
100000,63,89893.0,200,2.0,10107,89893
200000,63,179964.0,200,2.0,20036,179964
400000,63,359970.0,200,2.0,40030,359970
600000,63,540052.0,200,2.0,59948,540052
800000,63,720482.0,200,2.0,79518,720482
1000000,63,900418.0,200,2.0,99582,900418
2,64,2.0,1,0.01,0,2
3,64,3.0,2,0.02,0,3
100,64,87.0,66,0.66,13,87
200,64,175.0,133,1.33,25,175
2000,64,1787.0,201,2.01,213,1787
10000,64,8974.0,201,2.01,1026,8974
20000,64,17936.0,201,2.01,2064,17936
40000,64,35955.0,201,2.01,4045,35955
60000,64,53914.0,201,2.01,6086,53914
80000,64,71952.0,201,2.01,8048,71952
100000,64,89995.0,201,2.01,10005,89995
200000,64,180029.0,201,2.01,19971,180029
400000,64,360185.0,201,2.01,39815,360185
600000,64,540180.0,201,2.01,59820,540180
800000,64,720173.0,201,2.01,79827,720173
1000000,64,900362.0,201,2.01,99638,900362
2,65,2.0,1,0.01,0,2
3,65,3.0,2,0.02,0,3
100,65,86.0,66,0.66,14,86
200,65,175.0,133,1.33,25,175
2000,65,1792.0,200,2.0,208,1792
10000,65,9001.0,200,2.0,999,9001
20000,65,17954.0,200,2.0,2046,17954
40000,65,35893.0,200,2.0,4107,35893
60000,65,53932.0,200,2.0,6068,53932
80000,65,71940.0,200,2.0,8060,71940
100000,65,89919.0,200,2.0,10081,89919
200000,65,179998.0,200,2.0,20002,179998
400000,65,359966.0,200,2.0,40034,359966
600000,65,539966.0,200,2.0,60034,539966
800000,65,720185.0,200,2.0,79815,720185
1000000,65,900421.0,200,2.0,99579,900421
2,66,2.0,1,0.01,0,2
3,66,3.0,2,0.02,0,3
100,66,83.0,66,0.66,17,83
200,66,167.0,133,1.33,33,167
2000,66,1774.0,200,2.0,226,1774
10000,66,8985.0,200,2.0,1015,8985
20000,66,17938.0,200,2.0,2062,17938
40000,66,35937.0,200,2.0,4063,35937
60000,66,53908.0,200,2.0,6092,53908
80000,66,71895.0,200,2.0,8105,71895
100000,66,89843.0,200,2.0,10157,89843
200000,66,179834.0,200,2.0,20166,179834
400000,66,359992.0,200,2.0,40008,359992
600000,66,539999.0,200,2.0,60001,539999
800000,66,720152.0,200,2.0,79848,720152
1000000,66,900253.0,200,2.0,99747,900253
2,67,1.0,1,0.01,1,1
3,67,2.0,2,0.02,1,2
100,67,93.0,66,0.66,7,93
200,67,184.0,133,1.33,16,184
2000,67,1793.0,207,2.07,207,1793
10000,67,9035.0,207,2.07,965,9035
20000,67,18041.0,207,2.07,1959,18041
40000,67,36112.0,207,2.07,3888,36112
60000,67,54097.0,207,2.07,5903,54097
80000,67,72156.0,207,2.07,7844,72156
100000,67,90173.0,207,2.07,9827,90173
200000,67,180243.0,207,2.07,19757,180243
400000,67,360133.0,207,2.07,39867,360133
600000,67,539861.0,207,2.07,60139,539861
800000,67,719929.0,207,2.07,80071,719929
1000000,67,899738.0,207,2.07,100262,899738
2,68,1.0,1,0.01,1,1
3,68,2.0,2,0.02,1,2
100,68,86.0,66,0.66,14,86
200,68,172.0,133,1.33,28,172
2000,68,1766.0,1900,19.0,234,1766
10000,68,8889.0,9900,99.0,1111,8889
20000,68,17737.0,19900,199.0,2263,17737
40000,68,35561.0,39900,399.0,4439,35561
60000,68,53409.0,59900,599.0,6591,53409
80000,68,71212.0,79900,799.0,8788,71212
100000,68,89051.0,99900,999.0,10949,89051
200000,68,178230.0,199900,1999.0,21770,178230
400000,68,356430.0,399900,3999.0,43570,356430
600000,68,534453.0,599900,5999.0,65547,534453
800000,68,712263.0,799900,7999.0,87737,712263
1000000,68,890443.0,999900,9999.0,109557,890443
2,69,2.0,1,0.01,0,2
3,69,3.0,2,0.02,0,3
100,69,90.0,66,0.66,10,90
200,69,184.0,133,1.33,16,184
2000,69,1788.0,1900,19.0,212,1788
10000,69,8868.0,9900,99.0,1132,8868
20000,69,17785.0,19900,199.0,2215,17785
40000,69,35568.0,39900,399.0,4432,35568
60000,69,53340.0,59900,599.0,6660,53340
80000,69,71176.0,79900,799.0,8824,71176
100000,69,88961.0,99900,999.0,11039,88961
200000,69,177985.0,199900,1999.0,22015,177985
400000,69,355977.0,399900,3999.0,44023,355977
600000,69,533976.0,599900,5999.0,66024,533976
800000,69,711895.0,799900,7999.0,88105,711895
1000000,69,889717.0,999900,9999.0,110283,889717
2,70,2.0,1,0.01,0,2
3,70,3.0,2,0.02,0,3
100,70,86.0,66,0.66,14,86
200,70,170.0,133,1.33,30,170
2000,70,1747.0,1891,18.91,253,1747
10000,70,8899.0,9891,98.91,1101,8899
20000,70,17828.0,19891,198.91,2172,17828
40000,70,35620.0,39891,398.91,4380,35620
60000,70,53431.0,59891,598.91,6569,53431
80000,70,71208.0,79891,798.91,8792,71208
100000,70,88993.0,99891,998.91,11007,88993
200000,70,177867.0,199891,1998.91,22133,177867
400000,70,355855.0,399891,3998.91,44145,355855
600000,70,533910.0,599891,5998.91,66090,533910
800000,70,711935.0,799891,7998.91,88065,711935
1000000,70,890184.0,999891,9998.91,109816,890184
2,71,2.0,1,0.01,0,2
3,71,3.0,2,0.02,0,3
100,71,86.0,66,0.66,14,86
200,71,176.0,133,1.33,24,176
2000,71,1784.0,1823,18.23,216,1784
10000,71,8905.0,9556,95.56,1095,8905
20000,71,17735.0,19547,195.47,2265,17735
40000,71,35571.0,39547,395.47,4429,35571
60000,71,53349.0,59547,595.47,6651,53349
80000,71,71113.0,79547,795.47,8887,71113
100000,71,88934.0,99547,995.47,11066,88934
200000,71,177946.0,199547,1995.47,22054,177946
400000,71,355885.0,399547,3995.47,44115,355885
600000,71,533966.0,599547,5995.47,66034,533966
800000,71,711955.0,799547,7995.47,88045,711955
1000000,71,890034.0,999547,9995.47,109966,890034
2,72,2.0,1,0.01,0,2
3,72,3.0,2,0.02,0,3
100,72,92.0,66,0.66,8,92
200,72,180.0,133,1.33,20,180
2000,72,1760.0,1900,19.0,240,1760
10000,72,8900.0,9900,99.0,1100,8900
20000,72,17792.0,19900,199.0,2208,17792
40000,72,35716.0,39900,399.0,4284,35716
60000,72,53443.0,59900,599.0,6557,53443
80000,72,71291.0,79900,799.0,8709,71291
100000,72,89129.0,99900,999.0,10871,89129
200000,72,178276.0,199900,1999.0,21724,178276
400000,72,356309.0,399900,3999.0,43691,356309
600000,72,534283.0,599900,5999.0,65717,534283
800000,72,712215.0,799900,7999.0,87785,712215
1000000,72,890296.0,999900,9999.0,109704,890296
2,73,2.0,1,0.01,0,2
3,73,3.0,2,0.02,0,3
100,73,93.0,66,0.66,7,93
200,73,177.0,133,1.33,23,177
2000,73,1779.0,1859,18.59,221,1779
10000,73,8902.0,9859,98.59,1098,8902
20000,73,17824.0,19859,198.59,2176,17824
40000,73,35641.0,39859,398.59,4359,35641
60000,73,53443.0,59859,598.59,6557,53443
80000,73,71194.0,79859,798.59,8806,71194
100000,73,89000.0,99859,998.59,11000,89000
200000,73,178036.0,199859,1998.59,21964,178036
400000,73,355867.0,399859,3998.59,44133,355867
600000,73,533788.0,599859,5998.59,66212,533788
800000,73,711785.0,799859,7998.59,88215,711785
1000000,73,889816.0,999859,9998.59,110184,889816
2,74,2.0,1,0.01,0,2
3,74,3.0,2,0.02,0,3
100,74,85.0,66,0.66,15,85
200,74,174.0,133,1.33,26,174
2000,74,1793.0,200,2.0,207,1793
10000,74,9005.0,200,2.0,995,9005
20000,74,18008.0,200,2.0,1992,18008
40000,74,35984.0,200,2.0,4016,35984
60000,74,54016.0,200,2.0,5984,54016
80000,74,71979.0,200,2.0,8021,71979
100000,74,89959.0,200,2.0,10041,89959
200000,74,180024.0,200,2.0,19976,180024
400000,74,359994.0,200,2.0,40006,359994
600000,74,540118.0,200,2.0,59882,540118
800000,74,720263.0,200,2.0,79737,720263
1000000,74,900516.0,200,2.0,99484,900516
2,75,2.0,1,0.01,0,2
3,75,3.0,2,0.02,0,3
100,75,89.0,66,0.66,11,89
200,75,179.0,133,1.33,21,179
2000,75,1822.0,275,2.75,178,1822
10000,75,9057.0,275,2.75,943,9057
20000,75,18039.0,275,2.75,1961,18039
40000,75,35979.0,275,2.75,4021,35979
60000,75,53979.0,275,2.75,6021,53979
80000,75,71970.0,275,2.75,8030,71970
100000,75,89996.0,275,2.75,10004,89996
200000,75,180006.0,275,2.75,19994,180006
400000,75,359760.0,275,2.75,40240,359760
600000,75,539824.0,275,2.75,60176,539824
800000,75,719796.0,275,2.75,80204,719796
1000000,75,899720.0,275,2.75,100280,899720
2,76,2.0,1,0.01,0,2
3,76,3.0,2,0.02,0,3
100,76,88.0,66,0.66,12,88
200,76,177.0,133,1.33,23,177
2000,76,1783.0,1900,19.0,217,1783
10000,76,8919.0,9900,99.0,1081,8919
20000,76,17832.0,19900,199.0,2168,17832
40000,76,35587.0,39900,399.0,4413,35587
60000,76,53413.0,59900,599.0,6587,53413
80000,76,71134.0,79900,799.0,8866,71134
100000,76,88906.0,99900,999.0,11094,88906
200000,76,177782.0,199900,1999.0,22218,177782
400000,76,355852.0,399900,3999.0,44148,355852
600000,76,533870.0,599900,5999.0,66130,533870
800000,76,711834.0,799900,7999.0,88166,711834
1000000,76,889774.0,999900,9999.0,110226,889774
2,77,2.0,1,0.01,0,2
3,77,3.0,2,0.02,0,3
100,77,84.0,66,0.66,16,84
200,77,175.0,133,1.33,25,175
2000,77,1794.0,200,2.0,206,1794
10000,77,8991.0,200,2.0,1009,8991
20000,77,17969.0,200,2.0,2031,17969
40000,77,35889.0,200,2.0,4111,35889
60000,77,53868.0,200,2.0,6132,53868
80000,77,71908.0,200,2.0,8092,71908
100000,77,89921.0,200,2.0,10079,89921
200000,77,180003.0,200,2.0,19997,180003
400000,77,359937.0,200,2.0,40063,359937
600000,77,539830.0,200,2.0,60170,539830
800000,77,719697.0,200,2.0,80303,719697
1000000,77,899784.0,200,2.0,100216,899784
2,78,2.0,1,0.01,0,2
3,78,2.0,2,0.02,1,2
100,78,80.0,66,0.66,20,80
200,78,168.0,133,1.33,32,168
2000,78,1777.0,1900,19.0,223,1777
10000,78,8866.0,9900,99.0,1134,8866
20000,78,17724.0,19900,199.0,2276,17724
40000,78,35482.0,39900,399.0,4518,35482
60000,78,53185.0,59900,599.0,6815,53185
80000,78,70938.0,79900,799.0,9062,70938
100000,78,88735.0,99900,999.0,11265,88735
200000,78,177669.0,199900,1999.0,22331,177669
400000,78,355498.0,399900,3999.0,44502,355498
600000,78,533472.0,599900,5999.0,66528,533472
800000,78,711320.0,799900,7999.0,88680,711320
1000000,78,889390.0,999900,9999.0,110610,889390
2,79,1.0,1,0.01,1,1
3,79,2.0,2,0.02,1,2
100,79,88.0,66,0.66,12,88
200,79,173.0,133,1.33,27,173
2000,79,1801.0,238,2.38,199,1801
10000,79,9016.0,238,2.38,984,9016
20000,79,18013.0,238,2.38,1987,18013
40000,79,36108.0,238,2.38,3892,36108
60000,79,54139.0,238,2.38,5861,54139
80000,79,72147.0,238,2.38,7853,72147
100000,79,90164.0,238,2.38,9836,90164
200000,79,180219.0,238,2.38,19781,180219
400000,79,360264.0,238,2.38,39736,360264
600000,79,540201.0,238,2.38,59799,540201
800000,79,720084.0,238,2.38,79916,720084
1000000,79,900404.0,238,2.38,99596,900404
2,80,2.0,1,0.01,0,2
3,80,3.0,2,0.02,0,3
100,80,95.0,66,0.66,5,95
200,80,182.0,133,1.33,18,182
2000,80,1801.0,216,2.16,199,1801
10000,80,9057.0,216,2.16,943,9057
20000,80,18050.0,216,2.16,1950,18050
40000,80,36114.0,216,2.16,3886,36114
60000,80,54146.0,216,2.16,5854,54146
80000,80,72152.0,216,2.16,7848,72152
100000,80,90160.0,216,2.16,9840,90160
200000,80,180177.0,216,2.16,19823,180177
400000,80,360326.0,216,2.16,39674,360326
600000,80,540342.0,216,2.16,59658,540342
800000,80,720198.0,216,2.16,79802,720198
1000000,80,899870.0,216,2.16,100130,899870
2,81,1.0,1,0.01,1,1
3,81,1.0,2,0.02,2,1
100,81,85.0,66,0.66,15,85
200,81,176.0,133,1.33,24,176
2000,81,1776.0,1900,19.0,224,1776
10000,81,8892.0,9900,99.0,1108,8892
20000,81,17774.0,19900,199.0,2226,17774
40000,81,35571.0,39900,399.0,4429,35571
60000,81,53376.0,59900,599.0,6624,53376
80000,81,71242.0,79900,799.0,8758,71242
100000,81,89012.0,99900,999.0,10988,89012
200000,81,177854.0,199900,1999.0,22146,177854
400000,81,355633.0,399900,3999.0,44367,355633
600000,81,533479.0,599900,5999.0,66521,533479
800000,81,711451.0,799900,7999.0,88549,711451
1000000,81,889575.0,999900,9999.0,110425,889575
2,82,2.0,1,0.01,0,2
3,82,3.0,2,0.02,0,3
100,82,87.0,66,0.66,13,87
200,82,174.0,133,1.33,26,174
2000,82,1781.0,1900,19.0,219,1781
10000,82,8920.0,9900,99.0,1080,8920
20000,82,17817.0,19900,199.0,2183,17817
40000,82,35637.0,39900,399.0,4363,35637
60000,82,53438.0,59900,599.0,6562,53438
80000,82,71273.0,79900,799.0,8727,71273
100000,82,89048.0,99900,999.0,10952,89048
200000,82,178089.0,199900,1999.0,21911,178089
400000,82,356237.0,399900,3999.0,43763,356237
600000,82,534389.0,599900,5999.0,65611,534389
800000,82,712475.0,799900,7999.0,87525,712475
1000000,82,890400.0,999900,9999.0,109600,890400
2,83,2.0,1,0.01,0,2
3,83,3.0,2,0.02,0,3
100,83,92.0,66,0.66,8,92
200,83,179.0,133,1.33,21,179
2000,83,1804.0,258,2.58,196,1804
10000,83,8990.0,258,2.58,1010,8990
20000,83,17986.0,258,2.58,2014,17986
40000,83,36023.0,258,2.58,3977,36023
60000,83,54024.0,258,2.58,5976,54024
80000,83,72056.0,258,2.58,7944,72056
100000,83,90098.0,258,2.58,9902,90098
200000,83,179955.0,258,2.58,20045,179955
400000,83,359901.0,258,2.58,40099,359901
600000,83,539998.0,258,2.58,60002,539998
800000,83,720067.0,258,2.58,79933,720067
1000000,83,899989.0,258,2.58,100011,899989
2,84,2.0,1,0.01,0,2
3,84,2.0,2,0.02,1,2
100,84,84.0,66,0.66,16,84
200,84,171.0,133,1.33,29,171
2000,84,1788.0,1900,19.0,212,1788
10000,84,8915.0,9900,99.0,1085,8915
20000,84,17781.0,19900,199.0,2219,17781
40000,84,35580.0,39900,399.0,4420,35580
60000,84,53316.0,59900,599.0,6684,53316
80000,84,71119.0,79900,799.0,8881,71119
100000,84,88864.0,99900,999.0,11136,88864
200000,84,177860.0,199900,1999.0,22140,177860
400000,84,356025.0,399900,3999.0,43975,356025
600000,84,534103.0,599900,5999.0,65897,534103
800000,84,712215.0,799900,7999.0,87785,712215
1000000,84,890068.0,999900,9999.0,109932,890068
2,85,2.0,1,0.01,0,2
3,85,3.0,2,0.02,0,3
100,85,90.0,66,0.66,10,90
200,85,177.0,133,1.33,23,177
2000,85,1795.0,1900,19.0,205,1795
10000,85,8924.0,9900,99.0,1076,8924
20000,85,17818.0,19900,199.0,2182,17818
40000,85,35603.0,39900,399.0,4397,35603
60000,85,53448.0,59900,599.0,6552,53448
80000,85,71174.0,79900,799.0,8826,71174
100000,85,88893.0,99900,999.0,11107,88893
200000,85,177944.0,199900,1999.0,22056,177944
400000,85,355926.0,399900,3999.0,44074,355926
600000,85,533768.0,599900,5999.0,66232,533768
800000,85,711759.0,799900,7999.0,88241,711759
1000000,85,889778.0,999900,9999.0,110222,889778
2,86,2.0,1,0.01,0,2
3,86,3.0,2,0.02,0,3
100,86,94.0,66,0.66,6,94
200,86,181.0,133,1.33,19,181
2000,86,1793.0,1863,18.63,207,1793
10000,86,8865.0,9863,98.63,1135,8865
20000,86,17743.0,19863,198.63,2257,17743
40000,86,35656.0,39863,398.63,4344,35656
60000,86,53379.0,59863,598.63,6621,53379
80000,86,71121.0,79863,798.63,8879,71121
100000,86,88915.0,99863,998.63,11085,88915
200000,86,177939.0,199863,1998.63,22061,177939
400000,86,355996.0,399863,3998.63,44004,355996
600000,86,533820.0,599863,5998.63,66180,533820
800000,86,711908.0,799863,7998.63,88092,711908
1000000,86,889885.0,999863,9998.63,110115,889885
2,87,2.0,1,0.01,0,2
3,87,3.0,2,0.02,0,3
100,87,93.0,66,0.66,7,93
200,87,185.0,133,1.33,15,185
2000,87,1805.0,220,2.2,195,1805
10000,87,8990.0,220,2.2,1010,8990
20000,87,18022.0,220,2.2,1978,18022
40000,87,36067.0,220,2.2,3933,36067
60000,87,54054.0,220,2.2,5946,54054
80000,87,72020.0,220,2.2,7980,72020
100000,87,90044.0,220,2.2,9956,90044
200000,87,180089.0,220,2.2,19911,180089
400000,87,360138.0,220,2.2,39862,360138
600000,87,540353.0,220,2.2,59647,540353
800000,87,720591.0,220,2.2,79409,720591
1000000,87,900612.0,220,2.2,99388,900612
2,88,2.0,1,0.01,0,2
3,88,3.0,2,0.02,0,3
100,88,92.0,66,0.66,8,92
200,88,183.0,133,1.33,17,183
2000,88,1784.0,1348,13.48,216,1784
10000,88,8885.0,9284,92.84,1115,8885
20000,88,17791.0,19284,192.84,2209,17791
40000,88,35633.0,39284,392.84,4367,35633
60000,88,53459.0,59284,592.84,6541,53459
80000,88,71240.0,79284,792.84,8760,71240
100000,88,89008.0,99284,992.84,10992,89008
200000,88,178022.0,199284,1992.84,21978,178022
400000,88,355929.0,399284,3992.84,44071,355929
600000,88,533879.0,599284,5992.84,66121,533879
800000,88,711927.0,799284,7992.84,88073,711927
1000000,88,890144.0,999284,9992.84,109856,890144
2,89,2.0,1,0.01,0,2
3,89,3.0,2,0.02,0,3
100,89,90.0,66,0.66,10,90
200,89,179.0,133,1.33,21,179
2000,89,1763.0,1900,19.0,237,1763
10000,89,8863.0,9900,99.0,1137,8863
20000,89,17766.0,19900,199.0,2234,17766
40000,89,35593.0,39900,399.0,4407,35593
60000,89,53379.0,59900,599.0,6621,53379
80000,89,71255.0,79900,799.0,8745,71255
100000,89,89067.0,99900,999.0,10933,89067
200000,89,177985.0,199900,1999.0,22015,177985
400000,89,356001.0,399900,3999.0,43999,356001
600000,89,533983.0,599900,5999.0,66017,533983
800000,89,711972.0,799900,7999.0,88028,711972
1000000,89,889826.0,999900,9999.0,110174,889826
2,90,2.0,1,0.01,0,2
3,90,2.0,2,0.02,1,2
100,90,86.0,66,0.66,14,86
200,90,177.0,133,1.33,23,177
2000,90,1807.0,1898,18.98,193,1807
10000,90,8877.0,9898,98.98,1123,8877
20000,90,17726.0,19898,198.98,2274,17726
40000,90,35537.0,39898,398.98,4463,35537
60000,90,53382.0,59898,598.98,6618,53382
80000,90,71145.0,79898,798.98,8855,71145
100000,90,88948.0,99898,998.98,11052,88948
200000,90,177735.0,199898,1998.98,22265,177735
400000,90,355749.0,399898,3998.98,44251,355749
600000,90,533576.0,599898,5998.98,66424,533576
800000,90,711616.0,799898,7998.98,88384,711616
1000000,90,889715.0,999898,9998.98,110285,889715
2,91,2.0,1,0.01,0,2
3,91,3.0,2,0.02,0,3
100,91,90.0,66,0.66,10,90
200,91,186.0,133,1.33,14,186
2000,91,1794.0,937,9.37,206,1794
10000,91,8940.0,7936,79.36,1060,8940
20000,91,17892.0,7936,79.36,2108,17892
40000,91,35862.0,7936,79.36,4138,35862
60000,91,53827.0,7936,79.36,6173,53827
80000,91,71815.0,7936,79.36,8185,71815
100000,91,89825.0,7936,79.36,10175,89825
200000,91,179998.0,7936,79.36,20002,179998
400000,91,360070.0,7936,79.36,39930,360070
600000,91,539940.0,7936,79.36,60060,539940
800000,91,720056.0,7936,79.36,79944,720056
1000000,91,900308.0,7936,79.36,99692,900308
2,92,2.0,1,0.01,0,2
3,92,2.0,2,0.02,1,2
100,92,88.0,66,0.66,12,88
200,92,176.0,133,1.33,24,176
2000,92,1800.0,215,2.15,200,1800
10000,92,8971.0,215,2.15,1029,8971
20000,92,17975.0,215,2.15,2025,17975
40000,92,35912.0,215,2.15,4088,35912
60000,92,53947.0,215,2.15,6053,53947
80000,92,71955.0,215,2.15,8045,71955
100000,92,89894.0,215,2.15,10106,89894
200000,92,179980.0,215,2.15,20020,179980
400000,92,359674.0,215,2.15,40326,359674
600000,92,539698.0,215,2.15,60302,539698
800000,92,719624.0,215,2.15,80376,719624
1000000,92,899692.0,215,2.15,100308,899692
2,93,2.0,1,0.01,0,2
3,93,3.0,2,0.02,0,3
100,93,94.0,66,0.66,6,94
200,93,191.0,133,1.33,9,191
2000,93,1806.0,531,5.31,194,1806
10000,93,9027.0,866,8.66,973,9027
20000,93,18003.0,866,8.66,1997,18003
40000,93,36030.0,866,8.66,3970,36030
60000,93,53958.0,866,8.66,6042,53958
80000,93,72008.0,866,8.66,7992,72008
100000,93,90039.0,866,8.66,9961,90039
200000,93,180101.0,866,8.66,19899,180101
400000,93,360225.0,866,8.66,39775,360225
600000,93,540156.0,866,8.66,59844,540156
800000,93,720295.0,866,8.66,79705,720295
1000000,93,900123.0,866,8.66,99877,900123
2,94,1.0,1,0.01,1,1
3,94,2.0,2,0.02,1,2
100,94,85.0,66,0.66,15,85
200,94,170.0,133,1.33,30,170
2000,94,1771.0,1900,19.0,229,1771
10000,94,8907.0,9900,99.0,1093,8907
20000,94,17775.0,19900,199.0,2225,17775
40000,94,35573.0,39900,399.0,4427,35573
60000,94,53305.0,59900,599.0,6695,53305
80000,94,71203.0,79900,799.0,8797,71203
100000,94,88991.0,99900,999.0,11009,88991
200000,94,178040.0,199900,1999.0,21960,178040
400000,94,355982.0,399900,3999.0,44018,355982
600000,94,533801.0,599900,5999.0,66199,533801
800000,94,711867.0,799900,7999.0,88133,711867
1000000,94,889834.0,999900,9999.0,110166,889834
2,95,2.0,1,0.01,0,2
3,95,3.0,2,0.02,0,3
100,95,87.0,66,0.66,13,87
200,95,178.0,133,1.33,22,178
2000,95,1766.0,911,9.11,234,1766
10000,95,8993.0,911,9.11,1007,8993
20000,95,18009.0,911,9.11,1991,18009
40000,95,35937.0,911,9.11,4063,35937
60000,95,53956.0,911,9.11,6044,53956
80000,95,71955.0,911,9.11,8045,71955
100000,95,89957.0,911,9.11,10043,89957
200000,95,179980.0,911,9.11,20020,179980
400000,95,360010.0,911,9.11,39990,360010
600000,95,540050.0,911,9.11,59950,540050
800000,95,719989.0,911,9.11,80011,719989
1000000,95,899906.0,911,9.11,100094,899906
2,96,2.0,1,0.01,0,2
3,96,3.0,2,0.02,0,3
100,96,85.0,66,0.66,15,85
200,96,173.0,133,1.33,27,173
2000,96,1774.0,1897,18.97,226,1774
10000,96,8902.0,9897,98.97,1098,8902
20000,96,17772.0,19897,198.97,2228,17772
40000,96,35590.0,39897,398.97,4410,35590
60000,96,53399.0,59897,598.97,6601,53399
80000,96,71225.0,79897,798.97,8775,71225
100000,96,88980.0,99897,998.97,11020,88980
200000,96,178062.0,199897,1998.97,21938,178062
400000,96,356101.0,399897,3998.97,43899,356101
600000,96,534036.0,599897,5998.97,65964,534036
800000,96,712347.0,799897,7998.97,87653,712347
1000000,96,890435.0,999897,9998.97,109565,890435
2,97,2.0,1,0.01,0,2
3,97,3.0,2,0.02,0,3
100,97,82.0,66,0.66,18,82
200,97,166.0,133,1.33,34,166
2000,97,1790.0,207,2.07,210,1790
10000,97,9010.0,207,2.07,990,9010
20000,97,18052.0,207,2.07,1948,18052
40000,97,36066.0,207,2.07,3934,36066
60000,97,54067.0,207,2.07,5933,54067
80000,97,72036.0,207,2.07,7964,72036
100000,97,90030.0,207,2.07,9970,90030
200000,97,180185.0,207,2.07,19815,180185
400000,97,360162.0,207,2.07,39838,360162
600000,97,540312.0,207,2.07,59688,540312
800000,97,720420.0,207,2.07,79580,720420
1000000,97,900452.0,207,2.07,99548,900452
2,98,1.0,1,0.01,1,1
3,98,2.0,2,0.02,1,2
100,98,84.0,66,0.66,16,84
200,98,171.0,133,1.33,29,171
2000,98,1763.0,511,5.11,237,1763
10000,98,8938.0,511,5.11,1062,8938
20000,98,17963.0,511,5.11,2037,17963
40000,98,35987.0,511,5.11,4013,35987
60000,98,54040.0,511,5.11,5960,54040
80000,98,72000.0,511,5.11,8000,72000
100000,98,90007.0,511,5.11,9993,90007
200000,98,180010.0,511,5.11,19990,180010
400000,98,359930.0,511,5.11,40070,359930
600000,98,539952.0,511,5.11,60048,539952
800000,98,720047.0,511,5.11,79953,720047
1000000,98,900111.0,511,5.11,99889,900111
2,99,2.0,1,0.01,0,2
3,99,3.0,2,0.02,0,3
100,99,96.0,66,0.66,4,96
200,99,185.0,133,1.33,15,185
2000,99,1806.0,225,2.25,194,1806
10000,99,8978.0,230,2.3,1022,8978
20000,99,18010.0,230,2.3,1990,18010
40000,99,35980.0,230,2.3,4020,35980
60000,99,53998.0,230,2.3,6002,53998
80000,99,71934.0,230,2.3,8066,71934
100000,99,89836.0,230,2.3,10164,89836
200000,99,179683.0,230,2.3,20317,179683
400000,99,359681.0,230,2.3,40319,359681
600000,99,539754.0,230,2.3,60246,539754
800000,99,719805.0,230,2.3,80195,719805
1000000,99,899774.0,230,2.3,100226,899774
2,100,2.0,1,0.01,0,2
3,100,3.0,2,0.02,0,3
100,100,84.0,66,0.66,16,84
200,100,168.0,133,1.33,32,168
2000,100,1783.0,200,2.0,217,1783
10000,100,8965.0,200,2.0,1035,8965
20000,100,17986.0,200,2.0,2014,17986
40000,100,36042.0,200,2.0,3958,36042
60000,100,54047.0,200,2.0,5953,54047
80000,100,72133.0,200,2.0,7867,72133
100000,100,90100.0,200,2.0,9900,90100
200000,100,180104.0,200,2.0,19896,180104
400000,100,360448.0,200,2.0,39552,360448
600000,100,540285.0,200,2.0,59715,540285
800000,100,720234.0,200,2.0,79766,720234
1000000,100,900232.0,200,2.0,99768,900232
