Timestep,Iteration,Total Reward,Suboptimal Arms,Total Regret,Zeros Count,Ones Count
2,1,2.0,1,0.05,0,2
3,1,3.0,2,0.14,0,3
100,1,79.0,67,4.66,21,79
200,1,171.0,133,9.28,29,171
2000,1,1772.0,200,14.0,228,1772
10000,1,8912.0,200,14.0,1088,8912
20000,1,17831.0,200,14.0,2169,17831
40000,1,35707.0,200,14.0,4293,35707
60000,1,53613.0,200,14.0,6387,53613
80000,1,71533.0,200,14.0,8467,71533
100000,1,89416.0,200,14.0,10584,89416
200000,1,178735.0,200,14.0,21265,178735
400000,1,357657.0,200,14.0,42343,357657
600000,1,536650.0,200,14.0,63350,536650
800000,1,715563.0,200,14.0,84437,715563
1000000,1,894599.0,200,14.0,105401,894599
2,2,1.0,1,0.05,1,1
3,2,1.0,2,0.14,2,1
100,2,83.0,67,4.66,17,83
200,2,171.0,133,9.28,29,171
2000,2,1769.0,200,14.0,231,1769
10000,2,8911.0,200,14.0,1089,8911
20000,2,17833.0,200,14.0,2167,17833
40000,2,35728.0,200,14.0,4272,35728
60000,2,53627.0,200,14.0,6373,53627
80000,2,71493.0,200,14.0,8507,71493
100000,2,89392.0,200,14.0,10608,89392
200000,2,179102.0,200,14.0,20898,179102
400000,2,357940.0,200,14.0,42060,357940
600000,2,536952.0,200,14.0,63048,536952
800000,2,715785.0,200,14.0,84215,715785
1000000,2,894639.0,200,14.0,105361,894639
2,3,2.0,1,0.05,0,2
3,3,3.0,2,0.14,0,3
100,3,90.0,67,4.66,10,90
200,3,171.0,133,9.28,29,171
2000,3,1782.0,200,14.0,218,1782
10000,3,8969.0,200,14.0,1031,8969
20000,3,17916.0,200,14.0,2084,17916
40000,3,35806.0,200,14.0,4194,35806
60000,3,53695.0,200,14.0,6305,53695
80000,3,71580.0,200,14.0,8420,71580
100000,3,89425.0,200,14.0,10575,89425
200000,3,178895.0,200,14.0,21105,178895
400000,3,357777.0,200,14.0,42223,357777
600000,3,536664.0,200,14.0,63336,536664
800000,3,715672.0,200,14.0,84328,715672
1000000,3,894649.0,200,14.0,105351,894649
2,4,2.0,1,0.05,0,2
3,4,3.0,2,0.14,0,3
100,4,86.0,67,4.66,14,86
200,4,174.0,133,9.28,26,174
2000,4,1761.0,881,44.65,239,1761
10000,4,8922.0,881,44.65,1078,8922
20000,4,17871.0,881,44.65,2129,17871
40000,4,35777.0,881,44.65,4223,35777
60000,4,53632.0,881,44.65,6368,53632
80000,4,71556.0,881,44.65,8444,71556
100000,4,89425.0,881,44.65,10575,89425
200000,4,178913.0,881,44.65,21087,178913
400000,4,357929.0,881,44.65,42071,357929
600000,4,536906.0,881,44.65,63094,536906
800000,4,715979.0,881,44.65,84021,715979
1000000,4,895016.0,881,44.65,104984,895016
2,5,2.0,1,0.05,0,2
3,5,3.0,2,0.14,0,3
100,5,88.0,67,4.66,12,88
200,5,173.0,133,9.28,27,173
2000,5,1764.0,200,14.0,236,1764
10000,5,8906.0,200,14.0,1094,8906
20000,5,17870.0,200,14.0,2130,17870
40000,5,35786.0,200,14.0,4214,35786
60000,5,53684.0,200,14.0,6316,53684
80000,5,71492.0,200,14.0,8508,71492
100000,5,89374.0,200,14.0,10626,89374
200000,5,178900.0,200,14.0,21100,178900
400000,5,357963.0,200,14.0,42037,357963
600000,5,537008.0,200,14.0,62992,537008
800000,5,716009.0,200,14.0,83991,716009
1000000,5,894949.0,200,14.0,105051,894949
2,6,2.0,1,0.05,0,2
3,6,3.0,2,0.14,0,3
100,6,83.0,67,4.66,17,83
200,6,169.0,133,9.28,31,169
2000,6,1784.0,200,14.0,216,1784
10000,6,8945.0,200,14.0,1055,8945
20000,6,17884.0,200,14.0,2116,17884
40000,6,35691.0,200,14.0,4309,35691
60000,6,53621.0,200,14.0,6379,53621
80000,6,71527.0,200,14.0,8473,71527
100000,6,89368.0,200,14.0,10632,89368
200000,6,178760.0,200,14.0,21240,178760
400000,6,357780.0,200,14.0,42220,357780
600000,6,536848.0,200,14.0,63152,536848
800000,6,715712.0,200,14.0,84288,715712
1000000,6,894805.0,200,14.0,105195,894805
2,7,1.0,1,0.05,1,1
3,7,2.0,2,0.14,1,2
100,7,80.0,67,4.66,20,80
200,7,167.0,133,9.28,33,167
2000,7,1702.0,1900,90.5,298,1702
10000,7,8503.0,9900,450.5,1497,8503
20000,7,16998.0,19900,900.5,3002,16998
40000,7,33994.0,39900,1800.5,6006,33994
60000,7,50997.0,59900,2700.5,9003,50997
80000,7,68044.0,79900,3600.5,11956,68044
100000,7,85024.0,99900,4500.5,14976,85024
200000,7,170049.0,199900,9000.5,29951,170049
400000,7,339997.0,399900,18000.5,60003,339997
600000,7,510241.0,599900,27000.5,89759,510241
800000,7,680642.0,799900,36000.5,119358,680642
1000000,7,850763.0,999900,45000.5,149237,850763
2,8,2.0,1,0.05,0,2
3,8,3.0,2,0.14,0,3
100,8,77.0,67,4.66,23,77
200,8,156.0,133,9.28,44,156
2000,8,1774.0,200,14.0,226,1774
10000,8,8938.0,200,14.0,1062,8938
20000,8,17904.0,200,14.0,2096,17904
40000,8,35866.0,200,14.0,4134,35866
60000,8,53814.0,200,14.0,6186,53814
80000,8,71777.0,200,14.0,8223,71777
100000,8,89756.0,200,14.0,10244,89756
200000,8,179423.0,200,14.0,20577,179423
400000,8,358477.0,200,14.0,41523,358477
600000,8,537522.0,200,14.0,62478,537522
800000,8,716685.0,200,14.0,83315,716685
1000000,8,895841.0,200,14.0,104159,895841
2,9,1.0,1,0.05,1,1
3,9,2.0,2,0.14,1,2
100,9,85.0,67,4.66,15,85
200,9,173.0,133,9.28,27,173
2000,9,1784.0,200,14.0,216,1784
10000,9,8966.0,200,14.0,1034,8966
20000,9,17984.0,200,14.0,2016,17984
40000,9,35887.0,200,14.0,4113,35887
60000,9,53712.0,200,14.0,6288,53712
80000,9,71596.0,200,14.0,8404,71596
100000,9,89511.0,200,14.0,10489,89511
200000,9,179080.0,200,14.0,20920,179080
400000,9,358164.0,200,14.0,41836,358164
600000,9,537214.0,200,14.0,62786,537214
800000,9,716029.0,200,14.0,83971,716029
1000000,9,894704.0,200,14.0,105296,894704
2,10,1.0,1,0.05,1,1
3,10,1.0,2,0.14,2,1
100,10,81.0,67,4.66,19,81
200,10,170.0,133,9.28,30,170
2000,10,1774.0,200,14.0,226,1774
10000,10,8959.0,200,14.0,1041,8959
20000,10,17918.0,200,14.0,2082,17918
40000,10,35785.0,200,14.0,4215,35785
60000,10,53762.0,200,14.0,6238,53762
80000,10,71658.0,200,14.0,8342,71658
100000,10,89539.0,200,14.0,10461,89539
200000,10,179084.0,200,14.0,20916,179084
400000,10,357992.0,200,14.0,42008,357992
600000,10,536784.0,200,14.0,63216,536784
800000,10,715710.0,200,14.0,84290,715710
1000000,10,894753.0,200,14.0,105247,894753
2,11,2.0,1,0.05,0,2
3,11,3.0,2,0.14,0,3
100,11,82.0,67,4.66,18,82
200,11,167.0,133,9.28,33,167
2000,11,1782.0,201,14.05,218,1782
10000,11,8914.0,201,14.05,1086,8914
20000,11,17916.0,201,14.05,2084,17916
40000,11,35839.0,201,14.05,4161,35839
60000,11,53725.0,201,14.05,6275,53725
80000,11,71593.0,201,14.05,8407,71593
100000,11,89505.0,201,14.05,10495,89505
200000,11,179051.0,201,14.05,20949,179051
400000,11,358020.0,201,14.05,41980,358020
600000,11,537082.0,201,14.05,62918,537082
800000,11,716050.0,201,14.05,83950,716050
1000000,11,895211.0,201,14.05,104789,895211
2,12,1.0,1,0.05,1,1
3,12,2.0,2,0.14,1,2
100,12,83.0,67,4.66,17,83
200,12,163.0,133,9.28,37,163
2000,12,1747.0,200,14.0,253,1747
10000,12,8925.0,200,14.0,1075,8925
20000,12,17864.0,200,14.0,2136,17864
40000,12,35772.0,200,14.0,4228,35772
60000,12,53758.0,200,14.0,6242,53758
80000,12,71639.0,200,14.0,8361,71639
100000,12,89503.0,200,14.0,10497,89503
200000,12,178848.0,200,14.0,21152,178848
400000,12,358053.0,200,14.0,41947,358053
600000,12,537107.0,200,14.0,62893,537107
800000,12,716051.0,200,14.0,83949,716051
1000000,12,894813.0,200,14.0,105187,894813
2,13,2.0,1,0.05,0,2
3,13,3.0,2,0.14,0,3
100,13,88.0,67,4.66,12,88
200,13,174.0,133,9.28,26,174
2000,13,1787.0,200,14.0,213,1787
10000,13,8904.0,200,14.0,1096,8904
20000,13,17908.0,200,14.0,2092,17908
40000,13,35794.0,200,14.0,4206,35794
60000,13,53761.0,200,14.0,6239,53761
80000,13,71652.0,200,14.0,8348,71652
100000,13,89626.0,200,14.0,10374,89626
200000,13,179064.0,200,14.0,20936,179064
400000,13,357993.0,200,14.0,42007,357993
600000,13,536976.0,200,14.0,63024,536976
800000,13,716209.0,200,14.0,83791,716209
1000000,13,895369.0,200,14.0,104631,895369
2,14,1.0,1,0.05,1,1
3,14,2.0,2,0.14,1,2
100,14,78.0,67,4.66,22,78
200,14,163.0,133,9.28,37,163
2000,14,1766.0,253,16.39,234,1766
10000,14,8908.0,253,16.39,1092,8908
20000,14,17891.0,253,16.39,2109,17891
40000,14,35808.0,253,16.39,4192,35808
60000,14,53704.0,253,16.39,6296,53704
80000,14,71606.0,253,16.39,8394,71606
100000,14,89509.0,253,16.39,10491,89509
200000,14,178936.0,253,16.39,21064,178936
400000,14,358223.0,253,16.39,41777,358223
600000,14,536978.0,253,16.39,63022,536978
800000,14,716114.0,253,16.39,83886,716114
1000000,14,895232.0,253,16.39,104768,895232
2,15,2.0,1,0.05,0,2
3,15,2.0,2,0.14,1,2
100,15,83.0,67,4.66,17,83
200,15,167.0,133,9.28,33,167
2000,15,1753.0,200,14.0,247,1753
10000,15,8908.0,200,14.0,1092,8908
20000,15,17869.0,200,14.0,2131,17869
40000,15,35693.0,200,14.0,4307,35693
60000,15,53706.0,200,14.0,6294,53706
80000,15,71644.0,200,14.0,8356,71644
100000,15,89563.0,200,14.0,10437,89563
200000,15,179005.0,200,14.0,20995,179005
400000,15,358112.0,200,14.0,41888,358112
600000,15,537077.0,200,14.0,62923,537077
800000,15,715832.0,200,14.0,84168,715832
1000000,15,894742.0,200,14.0,105258,894742
2,16,1.0,1,0.05,1,1
3,16,2.0,2,0.14,1,2
100,16,80.0,67,4.66,20,80
200,16,162.0,133,9.28,38,162
2000,16,1791.0,200,14.0,209,1791
10000,16,8964.0,200,14.0,1036,8964
20000,16,17889.0,200,14.0,2111,17889
40000,16,35803.0,200,14.0,4197,35803
60000,16,53717.0,200,14.0,6283,53717
80000,16,71644.0,200,14.0,8356,71644
100000,16,89593.0,200,14.0,10407,89593
200000,16,179006.0,200,14.0,20994,179006
400000,16,358143.0,200,14.0,41857,358143
600000,16,537162.0,200,14.0,62838,537162
800000,16,715888.0,200,14.0,84112,715888
1000000,16,894770.0,200,14.0,105230,894770
2,17,2.0,1,0.05,0,2
3,17,3.0,2,0.14,0,3
100,17,85.0,67,4.66,15,85
200,17,171.0,133,9.28,29,171
2000,17,1745.0,200,14.0,255,1745
10000,17,8883.0,200,14.0,1117,8883
20000,17,17882.0,200,14.0,2118,17882
40000,17,35792.0,200,14.0,4208,35792
60000,17,53620.0,200,14.0,6380,53620
80000,17,71514.0,200,14.0,8486,71514
100000,17,89478.0,200,14.0,10522,89478
200000,17,179069.0,200,14.0,20931,179069
400000,17,357930.0,200,14.0,42070,357930
600000,17,537175.0,200,14.0,62825,537175
800000,17,716257.0,200,14.0,83743,716257
1000000,17,895607.0,200,14.0,104393,895607
2,18,1.0,1,0.05,1,1
3,18,2.0,2,0.14,1,2
100,18,86.0,67,4.66,14,86
200,18,166.0,133,9.28,34,166
2000,18,1787.0,200,14.0,213,1787
10000,18,8978.0,200,14.0,1022,8978
20000,18,17932.0,200,14.0,2068,17932
40000,18,35785.0,200,14.0,4215,35785
60000,18,53683.0,200,14.0,6317,53683
80000,18,71499.0,200,14.0,8501,71499
100000,18,89441.0,200,14.0,10559,89441
200000,18,179002.0,200,14.0,20998,179002
400000,18,358292.0,200,14.0,41708,358292
600000,18,537076.0,200,14.0,62924,537076
800000,18,716015.0,200,14.0,83985,716015
1000000,18,894807.0,200,14.0,105193,894807
2,19,2.0,1,0.05,0,2
3,19,3.0,2,0.14,0,3
100,19,84.0,67,4.66,16,84
200,19,167.0,133,9.28,33,167
2000,19,1769.0,200,14.0,231,1769
10000,19,8936.0,200,14.0,1064,8936
20000,19,17882.0,200,14.0,2118,17882
40000,19,35762.0,200,14.0,4238,35762
60000,19,53598.0,200,14.0,6402,53598
80000,19,71520.0,200,14.0,8480,71520
100000,19,89424.0,200,14.0,10576,89424
200000,19,178973.0,200,14.0,21027,178973
400000,19,358107.0,200,14.0,41893,358107
600000,19,537104.0,200,14.0,62896,537104
800000,19,716302.0,200,14.0,83698,716302
1000000,19,895461.0,200,14.0,104539,895461
2,20,2.0,1,0.05,0,2
3,20,2.0,2,0.14,1,2
100,20,84.0,67,4.66,16,84
200,20,171.0,133,9.28,29,171
2000,20,1773.0,200,14.0,227,1773
10000,20,8895.0,200,14.0,1105,8895
20000,20,17855.0,200,14.0,2145,17855
40000,20,35766.0,200,14.0,4234,35766
60000,20,53659.0,200,14.0,6341,53659
80000,20,71577.0,200,14.0,8423,71577
100000,20,89484.0,200,14.0,10516,89484
200000,20,178962.0,200,14.0,21038,178962
400000,20,357889.0,200,14.0,42111,357889
600000,20,536862.0,200,14.0,63138,536862
800000,20,715615.0,200,14.0,84385,715615
1000000,20,894604.0,200,14.0,105396,894604
2,21,1.0,1,0.05,1,1
3,21,2.0,2,0.14,1,2
100,21,90.0,67,4.66,10,90
200,21,173.0,133,9.28,27,173
2000,21,1778.0,200,14.0,222,1778
10000,21,8956.0,200,14.0,1044,8956
20000,21,17919.0,200,14.0,2081,17919
40000,21,35782.0,200,14.0,4218,35782
60000,21,53647.0,200,14.0,6353,53647
80000,21,71592.0,200,14.0,8408,71592
100000,21,89506.0,200,14.0,10494,89506
200000,21,178916.0,200,14.0,21084,178916
400000,21,357880.0,200,14.0,42120,357880
600000,21,536779.0,200,14.0,63221,536779
800000,21,715574.0,200,14.0,84426,715574
1000000,21,894499.0,200,14.0,105501,894499
2,22,1.0,1,0.05,1,1
3,22,2.0,2,0.14,1,2
100,22,85.0,67,4.66,15,85
200,22,171.0,133,9.28,29,171
2000,22,1788.0,200,14.0,212,1788
10000,22,8940.0,200,14.0,1060,8940
20000,22,17959.0,200,14.0,2041,17959
40000,22,35915.0,200,14.0,4085,35915
60000,22,53841.0,200,14.0,6159,53841
80000,22,71826.0,200,14.0,8174,71826
100000,22,89723.0,200,14.0,10277,89723
200000,22,179194.0,200,14.0,20806,179194
400000,22,357945.0,200,14.0,42055,357945
600000,22,536830.0,200,14.0,63170,536830
800000,22,715850.0,200,14.0,84150,715850
1000000,22,895058.0,200,14.0,104942,895058
2,23,2.0,1,0.05,0,2
3,23,3.0,2,0.14,0,3
100,23,84.0,67,4.66,16,84
200,23,168.0,133,9.28,32,168
2000,23,1770.0,200,14.0,230,1770
10000,23,8939.0,200,14.0,1061,8939
20000,23,17883.0,200,14.0,2117,17883
40000,23,35844.0,200,14.0,4156,35844
60000,23,53764.0,200,14.0,6236,53764
80000,23,71625.0,200,14.0,8375,71625
100000,23,89610.0,200,14.0,10390,89610
200000,23,179285.0,200,14.0,20715,179285
400000,23,358380.0,200,14.0,41620,358380
600000,23,537108.0,200,14.0,62892,537108
800000,23,716028.0,200,14.0,83972,716028
1000000,23,895250.0,200,14.0,104750,895250
2,24,2.0,1,0.05,0,2
3,24,2.0,2,0.14,1,2
100,24,85.0,67,4.66,15,85
200,24,172.0,133,9.28,28,172
2000,24,1775.0,200,14.0,225,1775
10000,24,8868.0,200,14.0,1132,8868
20000,24,17832.0,200,14.0,2168,17832
40000,24,35780.0,200,14.0,4220,35780
60000,24,53653.0,200,14.0,6347,53653
80000,24,71576.0,200,14.0,8424,71576
100000,24,89446.0,200,14.0,10554,89446
200000,24,179201.0,200,14.0,20799,179201
400000,24,358415.0,200,14.0,41585,358415
600000,24,537139.0,200,14.0,62861,537139
800000,24,716176.0,200,14.0,83824,716176
1000000,24,895098.0,200,14.0,104902,895098
2,25,2.0,1,0.05,0,2
3,25,3.0,2,0.14,0,3
100,25,81.0,67,4.66,19,81
200,25,166.0,133,9.28,34,166
2000,25,1690.0,1900,90.65,310,1690
10000,25,8528.0,9900,450.65,1472,8528
20000,25,17011.0,19900,900.65,2989,17011
40000,25,33950.0,39900,1800.65,6050,33950
60000,25,50988.0,59900,2700.65,9012,50988
80000,25,67875.0,79900,3600.65,12125,67875
100000,25,84834.0,99900,4500.65,15166,84834
200000,25,169772.0,199900,9000.65,30228,169772
400000,25,339611.0,399900,18000.65,60389,339611
600000,25,509636.0,599900,27000.65,90364,509636
800000,25,679930.0,799900,36000.65,120070,679930
1000000,25,850074.0,999900,45000.65,149926,850074
2,26,2.0,1,0.05,0,2
3,26,2.0,2,0.14,1,2
100,26,83.0,67,4.66,17,83
200,26,170.0,133,9.28,30,170
2000,26,1783.0,200,14.0,217,1783
10000,26,8909.0,200,14.0,1091,8909
20000,26,17865.0,200,14.0,2135,17865
40000,26,35788.0,200,14.0,4212,35788
60000,26,53659.0,200,14.0,6341,53659
80000,26,71614.0,200,14.0,8386,71614
100000,26,89461.0,200,14.0,10539,89461
200000,26,178805.0,200,14.0,21195,178805
400000,26,357969.0,200,14.0,42031,357969
600000,26,537013.0,200,14.0,62987,537013
800000,26,716036.0,200,14.0,83964,716036
1000000,26,894933.0,200,14.0,105067,894933
2,27,1.0,1,0.05,1,1
3,27,2.0,2,0.14,1,2
100,27,91.0,67,4.66,9,91
200,27,174.0,133,9.28,26,174
2000,27,1772.0,212,14.54,228,1772
10000,27,8955.0,212,14.54,1045,8955
20000,27,17886.0,212,14.54,2114,17886
40000,27,35857.0,212,14.54,4143,35857
60000,27,53760.0,212,14.54,6240,53760
80000,27,71776.0,212,14.54,8224,71776
100000,27,89686.0,212,14.54,10314,89686
200000,27,179204.0,212,14.54,20796,179204
400000,27,358136.0,212,14.54,41864,358136
600000,27,537381.0,212,14.54,62619,537381
800000,27,716233.0,212,14.54,83767,716233
1000000,27,895234.0,212,14.54,104766,895234
2,28,2.0,1,0.05,0,2
3,28,3.0,2,0.14,0,3
100,28,93.0,67,4.66,7,93
200,28,181.0,133,9.28,19,181
2000,28,1782.0,296,18.32,218,1782
10000,28,8910.0,296,18.32,1090,8910
20000,28,17847.0,296,18.32,2153,17847
40000,28,35611.0,296,18.32,4389,35611
60000,28,53510.0,296,18.32,6490,53510
80000,28,71389.0,296,18.32,8611,71389
100000,28,89235.0,296,18.32,10765,89235
200000,28,178831.0,296,18.32,21169,178831
400000,28,357679.0,296,18.32,42321,357679
600000,28,536526.0,296,18.32,63474,536526
800000,28,715588.0,296,18.32,84412,715588
1000000,28,894543.0,296,18.32,105457,894543
2,29,2.0,1,0.05,0,2
3,29,3.0,2,0.14,0,3
100,29,87.0,67,4.66,13,87
200,29,173.0,133,9.28,27,173
2000,29,1773.0,200,14.0,227,1773
10000,29,8927.0,200,14.0,1073,8927
20000,29,17894.0,200,14.0,2106,17894
40000,29,35691.0,200,14.0,4309,35691
60000,29,53563.0,200,14.0,6437,53563
80000,29,71430.0,200,14.0,8570,71430
100000,29,89377.0,200,14.0,10623,89377
200000,29,178793.0,200,14.0,21207,178793
400000,29,357888.0,200,14.0,42112,357888
600000,29,536761.0,200,14.0,63239,536761
800000,29,715960.0,200,14.0,84040,715960
1000000,29,895078.0,200,14.0,104922,895078
2,30,2.0,1,0.05,0,2
3,30,3.0,2,0.14,0,3
100,30,86.0,67,4.66,14,86
200,30,170.0,133,9.28,30,170
2000,30,1794.0,242,15.89,206,1794
10000,30,9004.0,242,15.89,996,9004
20000,30,17980.0,242,15.89,2020,17980
40000,30,35925.0,242,15.89,4075,35925
60000,30,53802.0,242,15.89,6198,53802
80000,30,71771.0,242,15.89,8229,71771
100000,30,89681.0,242,15.89,10319,89681
200000,30,179109.0,242,15.89,20891,179109
400000,30,358151.0,242,15.89,41849,358151
600000,30,537015.0,242,15.89,62985,537015
800000,30,715902.0,242,15.89,84098,715902
1000000,30,894785.0,242,15.89,105215,894785
2,31,2.0,1,0.05,0,2
3,31,3.0,2,0.14,0,3
100,31,89.0,67,4.66,11,89
200,31,174.0,133,9.28,26,174
2000,31,1789.0,200,14.0,211,1789
10000,31,8916.0,200,14.0,1084,8916
20000,31,17844.0,200,14.0,2156,17844
40000,31,35810.0,200,14.0,4190,35810
60000,31,53679.0,200,14.0,6321,53679
80000,31,71575.0,200,14.0,8425,71575
100000,31,89431.0,200,14.0,10569,89431
200000,31,178865.0,200,14.0,21135,178865
400000,31,357762.0,200,14.0,42238,357762
600000,31,536663.0,200,14.0,63337,536663
800000,31,715710.0,200,14.0,84290,715710
1000000,31,894885.0,200,14.0,105115,894885
2,32,2.0,1,0.05,0,2
3,32,3.0,2,0.14,0,3
100,32,86.0,67,4.66,14,86
200,32,171.0,133,9.28,29,171
2000,32,1766.0,200,14.0,234,1766
10000,32,8940.0,200,14.0,1060,8940
20000,32,17871.0,200,14.0,2129,17871
40000,32,35723.0,200,14.0,4277,35723
60000,32,53686.0,200,14.0,6314,53686
80000,32,71548.0,200,14.0,8452,71548
100000,32,89422.0,200,14.0,10578,89422
200000,32,178880.0,200,14.0,21120,178880
400000,32,358027.0,200,14.0,41973,358027
600000,32,537125.0,200,14.0,62875,537125
800000,32,716476.0,200,14.0,83524,716476
1000000,32,895757.0,200,14.0,104243,895757
2,33,2.0,1,0.05,0,2
3,33,3.0,2,0.14,0,3
100,33,81.0,67,4.66,19,81
200,33,167.0,133,9.28,33,167
2000,33,1776.0,200,14.0,224,1776
10000,33,8935.0,200,14.0,1065,8935
20000,33,17902.0,200,14.0,2098,17902
40000,33,35845.0,200,14.0,4155,35845
60000,33,53763.0,200,14.0,6237,53763
80000,33,71708.0,200,14.0,8292,71708
100000,33,89566.0,200,14.0,10434,89566
200000,33,179160.0,200,14.0,20840,179160
400000,33,357967.0,200,14.0,42033,357967
600000,33,537024.0,200,14.0,62976,537024
800000,33,715876.0,200,14.0,84124,715876
1000000,33,894836.0,200,14.0,105164,894836
2,34,2.0,1,0.05,0,2
3,34,3.0,2,0.14,0,3
100,34,95.0,67,4.66,5,95
200,34,174.0,133,9.28,26,174
2000,34,1782.0,296,19.97,218,1782
10000,34,8985.0,296,19.97,1015,8985
20000,34,17962.0,296,19.97,2038,17962
40000,34,35804.0,296,19.97,4196,35804
60000,34,53751.0,296,19.97,6249,53751
80000,34,71686.0,296,19.97,8314,71686
100000,34,89621.0,296,19.97,10379,89621
200000,34,179122.0,296,19.97,20878,179122
400000,34,358382.0,296,19.97,41618,358382
600000,34,537364.0,296,19.97,62636,537364
800000,34,716528.0,296,19.97,83472,716528
1000000,34,895532.0,296,19.97,104468,895532
2,35,2.0,1,0.05,0,2
3,35,2.0,2,0.14,1,2
100,35,85.0,67,4.66,15,85
200,35,174.0,133,9.28,26,174
2000,35,1768.0,352,20.84,232,1768
10000,35,8955.0,352,20.84,1045,8955
20000,35,17883.0,352,20.84,2117,17883
40000,35,35812.0,352,20.84,4188,35812
60000,35,53659.0,352,20.84,6341,53659
80000,35,71615.0,352,20.84,8385,71615
100000,35,89477.0,352,20.84,10523,89477
200000,35,178832.0,352,20.84,21168,178832
400000,35,358031.0,352,20.84,41969,358031
600000,35,537074.0,352,20.84,62926,537074
800000,35,716148.0,352,20.84,83852,716148
1000000,35,895454.0,352,20.84,104546,895454
2,36,2.0,1,0.05,0,2
3,36,3.0,2,0.14,0,3
100,36,87.0,67,4.66,13,87
200,36,179.0,133,9.28,21,179
2000,36,1794.0,200,14.0,206,1794
10000,36,8925.0,200,14.0,1075,8925
20000,36,17883.0,200,14.0,2117,17883
40000,36,35759.0,200,14.0,4241,35759
60000,36,53579.0,200,14.0,6421,53579
80000,36,71606.0,200,14.0,8394,71606
100000,36,89552.0,200,14.0,10448,89552
200000,36,179085.0,200,14.0,20915,179085
400000,36,358271.0,200,14.0,41729,358271
600000,36,537279.0,200,14.0,62721,537279
800000,36,716257.0,200,14.0,83743,716257
1000000,36,895568.0,200,14.0,104432,895568
2,37,2.0,1,0.05,0,2
3,37,3.0,2,0.14,0,3
100,37,87.0,67,4.66,13,87
200,37,174.0,133,9.28,26,174
2000,37,1804.0,200,14.0,196,1804
10000,37,8973.0,200,14.0,1027,8973
20000,37,17939.0,200,14.0,2061,17939
40000,37,35838.0,200,14.0,4162,35838
60000,37,53809.0,200,14.0,6191,53809
80000,37,71701.0,200,14.0,8299,71701
100000,37,89592.0,200,14.0,10408,89592
200000,37,178966.0,200,14.0,21034,178966
400000,37,357904.0,200,14.0,42096,357904
600000,37,537031.0,200,14.0,62969,537031
800000,37,716052.0,200,14.0,83948,716052
1000000,37,894856.0,200,14.0,105144,894856
2,38,2.0,1,0.05,0,2
3,38,3.0,2,0.14,0,3
100,38,81.0,67,4.66,19,81
200,38,165.0,133,9.28,35,165
2000,38,1783.0,200,14.0,217,1783
10000,38,8932.0,200,14.0,1068,8932
20000,38,17919.0,200,14.0,2081,17919
40000,38,35838.0,200,14.0,4162,35838
60000,38,53710.0,200,14.0,6290,53710
80000,38,71607.0,200,14.0,8393,71607
100000,38,89524.0,200,14.0,10476,89524
200000,38,179088.0,200,14.0,20912,179088
400000,38,358023.0,200,14.0,41977,358023
600000,38,536881.0,200,14.0,63119,536881
800000,38,715753.0,200,14.0,84247,715753
1000000,38,894853.0,200,14.0,105147,894853
2,39,2.0,1,0.05,0,2
3,39,2.0,2,0.14,1,2
100,39,82.0,67,4.66,18,82
200,39,166.0,133,9.28,34,166
2000,39,1775.0,200,14.0,225,1775
10000,39,8967.0,200,14.0,1033,8967
20000,39,17895.0,200,14.0,2105,17895
40000,39,35808.0,200,14.0,4192,35808
60000,39,53692.0,200,14.0,6308,53692
80000,39,71598.0,200,14.0,8402,71598
100000,39,89459.0,200,14.0,10541,89459
200000,39,179041.0,200,14.0,20959,179041
400000,39,358118.0,200,14.0,41882,358118
600000,39,537107.0,200,14.0,62893,537107
800000,39,716172.0,200,14.0,83828,716172
1000000,39,895326.0,200,14.0,104674,895326
2,40,2.0,1,0.05,0,2
3,40,3.0,2,0.14,0,3
100,40,88.0,67,4.66,12,88
200,40,171.0,133,9.28,29,171
2000,40,1777.0,229,15.31,223,1777
10000,40,8921.0,229,15.31,1079,8921
20000,40,17857.0,229,15.31,2143,17857
40000,40,35706.0,229,15.31,4294,35706
60000,40,53647.0,229,15.31,6353,53647
80000,40,71626.0,229,15.31,8374,71626
100000,40,89544.0,229,15.31,10456,89544
200000,40,178955.0,229,15.31,21045,178955
400000,40,358253.0,229,15.31,41747,358253
600000,40,537371.0,229,15.31,62629,537371
800000,40,716655.0,229,15.31,83345,716655
1000000,40,895663.0,229,15.31,104337,895663
2,41,2.0,1,0.05,0,2
3,41,2.0,2,0.14,1,2
100,41,78.0,67,4.66,22,78
200,41,167.0,133,9.28,33,167
2000,41,1694.0,1900,90.5,306,1694
10000,41,8486.0,9900,450.5,1514,8486
20000,41,17034.0,19900,900.5,2966,17034
40000,41,34018.0,39900,1800.5,5982,34018
60000,41,51071.0,59900,2700.5,8929,51071
80000,41,68089.0,79900,3600.5,11911,68089
100000,41,85099.0,99900,4500.5,14901,85099
200000,41,170173.0,199900,9000.5,29827,170173
400000,41,339930.0,399900,18000.5,60070,339930
600000,41,509762.0,599900,27000.5,90238,509762
800000,41,679759.0,799900,36000.5,120241,679759
1000000,41,849591.0,999900,45000.5,150409,849591
2,42,1.0,1,0.05,1,1
3,42,2.0,2,0.14,1,2
100,42,83.0,67,4.66,17,83
200,42,164.0,133,9.28,36,164
2000,42,1784.0,200,14.0,216,1784
10000,42,8933.0,200,14.0,1067,8933
20000,42,17879.0,200,14.0,2121,17879
40000,42,35803.0,200,14.0,4197,35803
60000,42,53655.0,200,14.0,6345,53655
80000,42,71482.0,200,14.0,8518,71482
100000,42,89321.0,200,14.0,10679,89321
200000,42,178902.0,200,14.0,21098,178902
400000,42,357685.0,200,14.0,42315,357685
600000,42,536732.0,200,14.0,63268,536732
800000,42,715480.0,200,14.0,84520,715480
1000000,42,894472.0,200,14.0,105528,894472
2,43,1.0,1,0.05,1,1
3,43,2.0,2,0.14,1,2
100,43,82.0,67,4.66,18,82
200,43,163.0,133,9.28,37,163
2000,43,1766.0,253,16.39,234,1766
10000,43,8891.0,253,16.39,1109,8891
20000,43,17828.0,253,16.39,2172,17828
40000,43,35736.0,253,16.39,4264,35736
60000,43,53684.0,253,16.39,6316,53684
80000,43,71581.0,253,16.39,8419,71581
100000,43,89518.0,253,16.39,10482,89518
200000,43,178835.0,253,16.39,21165,178835
400000,43,357772.0,253,16.39,42228,357772
600000,43,536842.0,253,16.39,63158,536842
800000,43,715823.0,253,16.39,84177,715823
1000000,43,894803.0,253,16.39,105197,894803
2,44,2.0,1,0.05,0,2
3,44,3.0,2,0.14,0,3
100,44,79.0,67,4.66,21,79
200,44,164.0,133,9.28,36,164
2000,44,1766.0,200,14.0,234,1766
10000,44,8960.0,200,14.0,1040,8960
20000,44,17943.0,200,14.0,2057,17943
40000,44,35932.0,200,14.0,4068,35932
60000,44,53835.0,200,14.0,6165,53835
80000,44,71752.0,200,14.0,8248,71752
100000,44,89640.0,200,14.0,10360,89640
200000,44,179137.0,200,14.0,20863,179137
400000,44,358291.0,200,14.0,41709,358291
600000,44,537363.0,200,14.0,62637,537363
800000,44,716358.0,200,14.0,83642,716358
1000000,44,895187.0,200,14.0,104813,895187
2,45,1.0,1,0.05,1,1
3,45,2.0,2,0.14,1,2
100,45,84.0,67,4.66,16,84
200,45,174.0,133,9.28,26,174
2000,45,1752.0,200,14.0,248,1752
10000,45,8929.0,200,14.0,1071,8929
20000,45,17868.0,200,14.0,2132,17868
40000,45,35779.0,200,14.0,4221,35779
60000,45,53686.0,200,14.0,6314,53686
80000,45,71597.0,200,14.0,8403,71597
100000,45,89544.0,200,14.0,10456,89544
200000,45,179073.0,200,14.0,20927,179073
400000,45,357990.0,200,14.0,42010,357990
600000,45,536855.0,200,14.0,63145,536855
800000,45,716123.0,200,14.0,83877,716123
1000000,45,895330.0,200,14.0,104670,895330
2,46,1.0,1,0.05,1,1
3,46,2.0,2,0.14,1,2
100,46,82.0,67,4.66,18,82
200,46,170.0,133,9.28,30,170
2000,46,1765.0,200,14.0,235,1765
10000,46,8909.0,200,14.0,1091,8909
20000,46,17875.0,200,14.0,2125,17875
40000,46,35703.0,200,14.0,4297,35703
60000,46,53637.0,200,14.0,6363,53637
80000,46,71521.0,200,14.0,8479,71521
100000,46,89330.0,200,14.0,10670,89330
200000,46,178994.0,200,14.0,21006,178994
400000,46,357904.0,200,14.0,42096,357904
600000,46,536864.0,200,14.0,63136,536864
800000,46,716117.0,200,14.0,83883,716117
1000000,46,895206.0,200,14.0,104794,895206
2,47,2.0,1,0.05,0,2
3,47,3.0,2,0.14,0,3
100,47,86.0,67,4.66,14,86
200,47,163.0,133,9.28,37,163
2000,47,1754.0,389,22.51,246,1754
10000,47,8939.0,389,22.51,1061,8939
20000,47,17890.0,389,22.51,2110,17890
40000,47,35789.0,389,22.51,4211,35789
60000,47,53692.0,389,22.51,6308,53692
80000,47,71632.0,389,22.51,8368,71632
100000,47,89485.0,389,22.51,10515,89485
200000,47,178832.0,389,22.51,21168,178832
400000,47,358051.0,389,22.51,41949,358051
600000,47,536983.0,389,22.51,63017,536983
800000,47,716087.0,389,22.51,83913,716087
1000000,47,895271.0,389,22.51,104729,895271
2,48,2.0,1,0.05,0,2
3,48,2.0,2,0.14,1,2
100,48,75.0,67,4.66,25,75
200,48,161.0,133,9.28,39,161
2000,48,1786.0,200,14.0,214,1786
10000,48,8949.0,200,14.0,1051,8949
20000,48,17921.0,200,14.0,2079,17921
40000,48,35774.0,200,14.0,4226,35774
60000,48,53667.0,200,14.0,6333,53667
80000,48,71513.0,200,14.0,8487,71513
100000,48,89394.0,200,14.0,10606,89394
200000,48,179103.0,200,14.0,20897,179103
400000,48,358119.0,200,14.0,41881,358119
600000,48,537112.0,200,14.0,62888,537112
800000,48,716241.0,200,14.0,83759,716241
1000000,48,895199.0,200,14.0,104801,895199
2,49,2.0,1,0.05,0,2
3,49,3.0,2,0.14,0,3
100,49,86.0,67,4.66,14,86
200,49,173.0,133,9.28,27,173
2000,49,1774.0,200,14.0,226,1774
10000,49,8908.0,200,14.0,1092,8908
20000,49,17860.0,200,14.0,2140,17860
40000,49,35746.0,200,14.0,4254,35746
60000,49,53573.0,200,14.0,6427,53573
80000,49,71569.0,200,14.0,8431,71569
100000,49,89434.0,200,14.0,10566,89434
200000,49,179082.0,200,14.0,20918,179082
400000,49,358100.0,200,14.0,41900,358100
600000,49,536876.0,200,14.0,63124,536876
800000,49,715854.0,200,14.0,84146,715854
1000000,49,895130.0,200,14.0,104870,895130
2,50,2.0,1,0.05,0,2
3,50,3.0,2,0.14,0,3
100,50,81.0,67,4.66,19,81
200,50,170.0,133,9.28,30,170
2000,50,1753.0,200,14.0,247,1753
10000,50,8905.0,200,14.0,1095,8905
20000,50,17876.0,200,14.0,2124,17876
40000,50,35784.0,200,14.0,4216,35784
60000,50,53716.0,200,14.0,6284,53716
80000,50,71617.0,200,14.0,8383,71617
100000,50,89510.0,200,14.0,10490,89510
200000,50,179029.0,200,14.0,20971,179029
400000,50,358280.0,200,14.0,41720,358280
600000,50,537082.0,200,14.0,62918,537082
800000,50,716150.0,200,14.0,83850,716150
1000000,50,894872.0,200,14.0,105128,894872
2,51,2.0,1,0.05,0,2
3,51,3.0,2,0.14,0,3
100,51,80.0,67,4.66,20,80
200,51,170.0,133,9.28,30,170
2000,51,1776.0,263,16.84,224,1776
10000,51,8933.0,263,16.84,1067,8933
20000,51,17851.0,263,16.84,2149,17851
40000,51,35779.0,263,16.84,4221,35779
60000,51,53676.0,263,16.84,6324,53676
80000,51,71534.0,263,16.84,8466,71534
100000,51,89476.0,263,16.84,10524,89476
200000,51,179012.0,263,16.84,20988,179012
400000,51,357862.0,263,16.84,42138,357862
600000,51,536867.0,263,16.84,63133,536867
800000,51,715994.0,263,16.84,84006,715994
1000000,51,895106.0,263,16.84,104894,895106
2,52,2.0,1,0.05,0,2
3,52,3.0,2,0.14,0,3
100,52,91.0,67,4.66,9,91
200,52,177.0,133,9.28,23,177
2000,52,1794.0,212,14.54,206,1794
10000,52,8980.0,212,14.54,1020,8980
20000,52,17898.0,212,14.54,2102,17898
40000,52,35831.0,212,14.54,4169,35831
60000,52,53806.0,212,14.54,6194,53806
80000,52,71685.0,212,14.54,8315,71685
100000,52,89592.0,212,14.54,10408,89592
200000,52,178875.0,212,14.54,21125,178875
400000,52,357816.0,212,14.54,42184,357816
600000,52,536629.0,212,14.54,63371,536629
800000,52,715457.0,212,14.54,84543,715457
1000000,52,894452.0,212,14.54,105548,894452
2,53,2.0,1,0.05,0,2
3,53,3.0,2,0.14,0,3
100,53,81.0,67,4.66,19,81
200,53,157.0,133,9.28,43,157
2000,53,1761.0,200,14.0,239,1761
10000,53,8881.0,200,14.0,1119,8881
20000,53,17841.0,200,14.0,2159,17841
40000,53,35770.0,200,14.0,4230,35770
60000,53,53666.0,200,14.0,6334,53666
80000,53,71557.0,200,14.0,8443,71557
100000,53,89456.0,200,14.0,10544,89456
200000,53,179075.0,200,14.0,20925,179075
400000,53,358001.0,200,14.0,41999,358001
600000,53,537117.0,200,14.0,62883,537117
800000,53,715956.0,200,14.0,84044,715956
1000000,53,895206.0,200,14.0,104794,895206
2,54,2.0,1,0.05,0,2
3,54,2.0,2,0.14,1,2
100,54,87.0,67,4.66,13,87
200,54,174.0,133,9.28,26,174
2000,54,1757.0,260,16.7,243,1757
10000,54,8904.0,260,16.7,1096,8904
20000,54,17859.0,260,16.7,2141,17859
40000,54,35774.0,260,16.7,4226,35774
60000,54,53577.0,260,16.7,6423,53577
80000,54,71508.0,260,16.7,8492,71508
100000,54,89358.0,260,16.7,10642,89358
200000,54,178885.0,260,16.7,21115,178885
400000,54,358045.0,260,16.7,41955,358045
600000,54,537053.0,260,16.7,62947,537053
800000,54,715939.0,260,16.7,84061,715939
1000000,54,894814.0,260,16.7,105186,894814
2,55,1.0,1,0.05,1,1
3,55,1.0,2,0.14,2,1
100,55,86.0,67,4.66,14,86
200,55,173.0,133,9.28,27,173
2000,55,1771.0,200,14.0,229,1771
10000,55,8917.0,200,14.0,1083,8917
20000,55,17896.0,200,14.0,2104,17896
40000,55,35780.0,200,14.0,4220,35780
60000,55,53656.0,200,14.0,6344,53656
80000,55,71560.0,200,14.0,8440,71560
100000,55,89459.0,200,14.0,10541,89459
200000,55,178998.0,200,14.0,21002,178998
400000,55,357909.0,200,14.0,42091,357909
600000,55,537008.0,200,14.0,62992,537008
800000,55,715733.0,200,14.0,84267,715733
1000000,55,894718.0,200,14.0,105282,894718
2,56,2.0,1,0.05,0,2
3,56,3.0,2,0.14,0,3
100,56,89.0,67,4.66,11,89
200,56,177.0,133,9.28,23,177
2000,56,1790.0,200,14.0,210,1790
10000,56,8955.0,200,14.0,1045,8955
20000,56,17898.0,200,14.0,2102,17898
40000,56,35746.0,200,14.0,4254,35746
60000,56,53639.0,200,14.0,6361,53639
80000,56,71481.0,200,14.0,8519,71481
100000,56,89312.0,200,14.0,10688,89312
200000,56,178604.0,200,14.0,21396,178604
400000,56,357629.0,200,14.0,42371,357629
600000,56,536856.0,200,14.0,63144,536856
800000,56,715949.0,200,14.0,84051,715949
1000000,56,895151.0,200,14.0,104849,895151
2,57,2.0,1,0.05,0,2
3,57,2.0,2,0.14,1,2
100,57,91.0,67,4.66,9,91
200,57,174.0,133,9.28,26,174
2000,57,1790.0,200,14.0,210,1790
10000,57,8954.0,200,14.0,1046,8954
20000,57,17904.0,200,14.0,2096,17904
40000,57,35726.0,200,14.0,4274,35726
60000,57,53625.0,200,14.0,6375,53625
80000,57,71529.0,200,14.0,8471,71529
100000,57,89447.0,200,14.0,10553,89447
200000,57,179063.0,200,14.0,20937,179063
400000,57,358076.0,200,14.0,41924,358076
600000,57,537104.0,200,14.0,62896,537104
800000,57,716239.0,200,14.0,83761,716239
1000000,57,895293.0,200,14.0,104707,895293
2,58,1.0,1,0.05,1,1
3,58,2.0,2,0.14,1,2
100,58,86.0,67,4.66,14,86
200,58,170.0,133,9.28,30,170
2000,58,1787.0,200,14.0,213,1787
10000,58,8966.0,200,14.0,1034,8966
20000,58,17919.0,200,14.0,2081,17919
40000,58,35739.0,200,14.0,4261,35739
60000,58,53730.0,200,14.0,6270,53730
80000,58,71611.0,200,14.0,8389,71611
100000,58,89519.0,200,14.0,10481,89519
200000,58,178985.0,200,14.0,21015,178985
400000,58,358151.0,200,14.0,41849,358151
600000,58,537215.0,200,14.0,62785,537215
800000,58,716081.0,200,14.0,83919,716081
1000000,58,895087.0,200,14.0,104913,895087
2,59,1.0,1,0.05,1,1
3,59,2.0,2,0.14,1,2
100,59,82.0,67,4.66,18,82
200,59,162.0,133,9.28,38,162
2000,59,1786.0,200,14.0,214,1786
10000,59,8946.0,200,14.0,1054,8946
20000,59,17881.0,200,14.0,2119,17881
40000,59,35768.0,200,14.0,4232,35768
60000,59,53661.0,200,14.0,6339,53661
80000,59,71585.0,200,14.0,8415,71585
100000,59,89474.0,200,14.0,10526,89474
200000,59,179066.0,200,14.0,20934,179066
400000,59,358109.0,200,14.0,41891,358109
600000,59,537173.0,200,14.0,62827,537173
800000,59,716141.0,200,14.0,83859,716141
1000000,59,895096.0,200,14.0,104904,895096
2,60,1.0,1,0.05,1,1
3,60,2.0,2,0.14,1,2
100,60,82.0,67,4.66,18,82
200,60,171.0,133,9.28,29,171
2000,60,1771.0,263,16.84,229,1771
10000,60,8937.0,263,16.84,1063,8937
20000,60,17890.0,263,16.84,2110,17890
40000,60,35799.0,263,16.84,4201,35799
60000,60,53639.0,263,16.84,6361,53639
80000,60,71570.0,263,16.84,8430,71570
100000,60,89490.0,263,16.84,10510,89490
200000,60,178924.0,263,16.84,21076,178924
400000,60,357683.0,263,16.84,42317,357683
600000,60,536636.0,263,16.84,63364,536636
800000,60,715792.0,263,16.84,84208,715792
1000000,60,894749.0,263,16.84,105251,894749
2,61,0.0,1,0.05,2,0
3,61,1.0,2,0.14,2,1
100,61,82.0,67,4.66,18,82
200,61,166.0,133,9.28,34,166
2000,61,1768.0,200,14.0,232,1768
10000,61,8906.0,200,14.0,1094,8906
20000,61,17783.0,200,14.0,2217,17783
40000,61,35616.0,200,14.0,4384,35616
60000,61,53554.0,200,14.0,6446,53554
80000,61,71456.0,200,14.0,8544,71456
100000,61,89267.0,200,14.0,10733,89267
200000,61,178853.0,200,14.0,21147,178853
400000,61,357881.0,200,14.0,42119,357881
600000,61,536914.0,200,14.0,63086,536914
800000,61,716004.0,200,14.0,83996,716004
1000000,61,894932.0,200,14.0,105068,894932
2,62,2.0,1,0.05,0,2
3,62,3.0,2,0.14,0,3
100,62,87.0,67,4.66,13,87
200,62,173.0,133,9.28,27,173
2000,62,1694.0,1900,90.5,306,1694
10000,62,8522.0,9900,450.5,1478,8522
20000,62,17048.0,19900,900.5,2952,17048
40000,62,34018.0,39900,1800.5,5982,34018
60000,62,51050.0,59900,2700.5,8950,51050
80000,62,68075.0,79900,3600.5,11925,68075
100000,62,84985.0,99900,4500.5,15015,84985
200000,62,169958.0,199900,9000.5,30042,169958
400000,62,339871.0,399900,18000.5,60129,339871
600000,62,509752.0,599900,27000.5,90248,509752
800000,62,679693.0,799900,36000.5,120307,679693
1000000,62,849751.0,999900,45000.5,150249,849751
2,63,2.0,1,0.05,0,2
3,63,2.0,2,0.14,1,2
100,63,87.0,67,4.66,13,87
200,63,176.0,133,9.28,24,176
2000,63,1777.0,200,14.0,223,1777
10000,63,8926.0,200,14.0,1074,8926
20000,63,17911.0,200,14.0,2089,17911
40000,63,35792.0,200,14.0,4208,35792
60000,63,53749.0,200,14.0,6251,53749
80000,63,71645.0,200,14.0,8355,71645
100000,63,89527.0,200,14.0,10473,89527
200000,63,179236.0,200,14.0,20764,179236
400000,63,358302.0,200,14.0,41698,358302
600000,63,537325.0,200,14.0,62675,537325
800000,63,716158.0,200,14.0,83842,716158
1000000,63,895326.0,200,14.0,104674,895326
2,64,1.0,1,0.05,1,1
3,64,2.0,2,0.14,1,2
100,64,80.0,67,4.66,20,80
200,64,162.0,133,9.28,38,162
2000,64,1772.0,200,14.0,228,1772
10000,64,8973.0,200,14.0,1027,8973
20000,64,17902.0,200,14.0,2098,17902
40000,64,35862.0,200,14.0,4138,35862
60000,64,53830.0,200,14.0,6170,53830
80000,64,71869.0,200,14.0,8131,71869
100000,64,89754.0,200,14.0,10246,89754
200000,64,179271.0,200,14.0,20729,179271
400000,64,358074.0,200,14.0,41926,358074
600000,64,537193.0,200,14.0,62807,537193
800000,64,716273.0,200,14.0,83727,716273
1000000,64,895247.0,200,14.0,104753,895247
2,65,2.0,1,0.05,0,2
3,65,3.0,2,0.14,0,3
100,65,86.0,67,4.66,14,86
200,65,169.0,133,9.28,31,169
2000,65,1791.0,200,14.0,209,1791
10000,65,8916.0,200,14.0,1084,8916
20000,65,17830.0,200,14.0,2170,17830
40000,65,35681.0,200,14.0,4319,35681
60000,65,53543.0,200,14.0,6457,53543
80000,65,71385.0,200,14.0,8615,71385
100000,65,89337.0,200,14.0,10663,89337
200000,65,178872.0,200,14.0,21128,178872
400000,65,357796.0,200,14.0,42204,357796
600000,65,536868.0,200,14.0,63132,536868
800000,65,715944.0,200,14.0,84056,715944
1000000,65,895264.0,200,14.0,104736,895264
2,66,1.0,1,0.05,1,1
3,66,2.0,2,0.14,1,2
100,66,86.0,67,4.66,14,86
200,66,175.0,133,9.28,25,175
2000,66,1766.0,200,14.0,234,1766
10000,66,8920.0,200,14.0,1080,8920
20000,66,17882.0,200,14.0,2118,17882
40000,66,35795.0,200,14.0,4205,35795
60000,66,53711.0,200,14.0,6289,53711
80000,66,71608.0,200,14.0,8392,71608
100000,66,89513.0,200,14.0,10487,89513
200000,66,179070.0,200,14.0,20930,179070
400000,66,357937.0,200,14.0,42063,357937
600000,66,536745.0,200,14.0,63255,536745
800000,66,716040.0,200,14.0,83960,716040
1000000,66,895039.0,200,14.0,104961,895039
2,67,1.0,1,0.05,1,1
3,67,1.0,2,0.14,2,1
100,67,85.0,67,4.66,15,85
200,67,163.0,133,9.28,37,163
2000,67,1761.0,200,14.0,239,1761
10000,67,8916.0,200,14.0,1084,8916
20000,67,17886.0,200,14.0,2114,17886
40000,67,35731.0,200,14.0,4269,35731
60000,67,53614.0,200,14.0,6386,53614
80000,67,71518.0,200,14.0,8482,71518
100000,67,89389.0,200,14.0,10611,89389
200000,67,178810.0,200,14.0,21190,178810
400000,67,357860.0,200,14.0,42140,357860
600000,67,536910.0,200,14.0,63090,536910
800000,67,715919.0,200,14.0,84081,715919
1000000,67,894962.0,200,14.0,105038,894962
2,68,1.0,1,0.05,1,1
3,68,2.0,2,0.14,1,2
100,68,80.0,67,4.66,20,80
200,68,163.0,133,9.28,37,163
2000,68,1775.0,200,14.0,225,1775
10000,68,8936.0,200,14.0,1064,8936
20000,68,17886.0,200,14.0,2114,17886
40000,68,35754.0,200,14.0,4246,35754
60000,68,53676.0,200,14.0,6324,53676
80000,68,71571.0,200,14.0,8429,71571
100000,68,89507.0,200,14.0,10493,89507
200000,68,179084.0,200,14.0,20916,179084
400000,68,358009.0,200,14.0,41991,358009
600000,68,536993.0,200,14.0,63007,536993
800000,68,716104.0,200,14.0,83896,716104
1000000,68,895294.0,200,14.0,104706,895294
2,69,1.0,1,0.05,1,1
3,69,2.0,2,0.14,1,2
100,69,86.0,67,4.66,14,86
200,69,169.0,133,9.28,31,169
2000,69,1782.0,200,14.0,218,1782
10000,69,8969.0,200,14.0,1031,8969
20000,69,17906.0,200,14.0,2094,17906
40000,69,35833.0,200,14.0,4167,35833
60000,69,53788.0,200,14.0,6212,53788
80000,69,71682.0,200,14.0,8318,71682
100000,69,89610.0,200,14.0,10390,89610
200000,69,179168.0,200,14.0,20832,179168
400000,69,358041.0,200,14.0,41959,358041
600000,69,536734.0,200,14.0,63266,536734
800000,69,715873.0,200,14.0,84127,715873
1000000,69,894874.0,200,14.0,105126,894874
2,70,2.0,1,0.05,0,2
3,70,2.0,2,0.14,1,2
100,70,84.0,67,4.66,16,84
200,70,174.0,133,9.28,26,174
2000,70,1758.0,265,16.93,242,1758
10000,70,8958.0,265,16.93,1042,8958
20000,70,17903.0,265,16.93,2097,17903
40000,70,35828.0,265,16.93,4172,35828
60000,70,53791.0,265,16.93,6209,53791
80000,70,71749.0,265,16.93,8251,71749
100000,70,89712.0,265,16.93,10288,89712
200000,70,179190.0,265,16.93,20810,179190
400000,70,358290.0,265,16.93,41710,358290
600000,70,537275.0,265,16.93,62725,537275
800000,70,716382.0,265,16.93,83618,716382
1000000,70,895655.0,265,16.93,104345,895655
2,71,2.0,1,0.05,0,2
3,71,3.0,2,0.14,0,3
100,71,86.0,67,4.66,14,86
200,71,169.0,133,9.28,31,169
2000,71,1777.0,200,14.0,223,1777
10000,71,8939.0,200,14.0,1061,8939
20000,71,17856.0,200,14.0,2144,17856
40000,71,35725.0,200,14.0,4275,35725
60000,71,53559.0,200,14.0,6441,53559
80000,71,71506.0,200,14.0,8494,71506
100000,71,89452.0,200,14.0,10548,89452
200000,71,178814.0,200,14.0,21186,178814
400000,71,357685.0,200,14.0,42315,357685
600000,71,536665.0,200,14.0,63335,536665
800000,71,715550.0,200,14.0,84450,715550
1000000,71,894631.0,200,14.0,105369,894631
2,72,2.0,1,0.05,0,2
3,72,3.0,2,0.14,0,3
100,72,87.0,67,4.66,13,87
200,72,170.0,133,9.28,30,170
2000,72,1765.0,200,14.0,235,1765
10000,72,8908.0,200,14.0,1092,8908
20000,72,17863.0,200,14.0,2137,17863
40000,72,35689.0,200,14.0,4311,35689
60000,72,53640.0,200,14.0,6360,53640
80000,72,71599.0,200,14.0,8401,71599
100000,72,89470.0,200,14.0,10530,89470
200000,72,178936.0,200,14.0,21064,178936
400000,72,358030.0,200,14.0,41970,358030
600000,72,537024.0,200,14.0,62976,537024
800000,72,715843.0,200,14.0,84157,715843
1000000,72,894905.0,200,14.0,105095,894905
2,73,2.0,1,0.05,0,2
3,73,3.0,2,0.14,0,3
100,73,86.0,67,4.66,14,86
200,73,169.0,133,9.28,31,169
2000,73,1777.0,200,14.0,223,1777
10000,73,8927.0,200,14.0,1073,8927
20000,73,17896.0,200,14.0,2104,17896
40000,73,35822.0,200,14.0,4178,35822
60000,73,53726.0,200,14.0,6274,53726
80000,73,71717.0,200,14.0,8283,71717
100000,73,89550.0,200,14.0,10450,89550
200000,73,179084.0,200,14.0,20916,179084
400000,73,358041.0,200,14.0,41959,358041
600000,73,537248.0,200,14.0,62752,537248
800000,73,716219.0,200,14.0,83781,716219
1000000,73,895106.0,200,14.0,104894,895106
2,74,1.0,1,0.05,1,1
3,74,2.0,2,0.14,1,2
100,74,82.0,67,4.66,18,82
200,74,171.0,133,9.28,29,171
2000,74,1777.0,277,17.47,223,1777
10000,74,8933.0,277,17.47,1067,8933
20000,74,17867.0,277,17.47,2133,17867
40000,74,35761.0,277,17.47,4239,35761
60000,74,53589.0,277,17.47,6411,53589
80000,74,71482.0,277,17.47,8518,71482
100000,74,89361.0,277,17.47,10639,89361
200000,74,178961.0,277,17.47,21039,178961
400000,74,357832.0,277,17.47,42168,357832
600000,74,536737.0,277,17.47,63263,536737
800000,74,715740.0,277,17.47,84260,715740
1000000,74,894769.0,277,17.47,105231,894769
2,75,1.0,1,0.05,1,1
3,75,1.0,2,0.14,2,1
100,75,84.0,67,4.66,16,84
200,75,171.0,133,9.28,29,171
2000,75,1793.0,200,14.0,207,1793
10000,75,8971.0,200,14.0,1029,8971
20000,75,17898.0,200,14.0,2102,17898
40000,75,35822.0,200,14.0,4178,35822
60000,75,53782.0,200,14.0,6218,53782
80000,75,71674.0,200,14.0,8326,71674
100000,75,89537.0,200,14.0,10463,89537
200000,75,178965.0,200,14.0,21035,178965
400000,75,357953.0,200,14.0,42047,357953
600000,75,536916.0,200,14.0,63084,536916
800000,75,716069.0,200,14.0,83931,716069
1000000,75,895283.0,200,14.0,104717,895283
2,76,2.0,1,0.05,0,2
3,76,3.0,2,0.14,0,3
100,76,88.0,67,4.66,12,88
200,76,170.0,133,9.28,30,170
2000,76,1781.0,200,14.0,219,1781
10000,76,8957.0,200,14.0,1043,8957
20000,76,17891.0,200,14.0,2109,17891
40000,76,35832.0,200,14.0,4168,35832
60000,76,53725.0,200,14.0,6275,53725
80000,76,71595.0,200,14.0,8405,71595
100000,76,89490.0,200,14.0,10510,89490
200000,76,179021.0,200,14.0,20979,179021
400000,76,357821.0,200,14.0,42179,357821
600000,76,536787.0,200,14.0,63213,536787
800000,76,715656.0,200,14.0,84344,715656
1000000,76,894554.0,200,14.0,105446,894554
2,77,2.0,1,0.05,0,2
3,77,3.0,2,0.14,0,3
100,77,80.0,67,4.66,20,80
200,77,160.0,133,9.28,40,160
2000,77,1776.0,200,14.0,224,1776
10000,77,8934.0,200,14.0,1066,8934
20000,77,17863.0,200,14.0,2137,17863
40000,77,35801.0,200,14.0,4199,35801
60000,77,53646.0,200,14.0,6354,53646
80000,77,71576.0,200,14.0,8424,71576
100000,77,89546.0,200,14.0,10454,89546
200000,77,179146.0,200,14.0,20854,179146
400000,77,357927.0,200,14.0,42073,357927
600000,77,536786.0,200,14.0,63214,536786
800000,77,715773.0,200,14.0,84227,715773
1000000,77,894697.0,200,14.0,105303,894697
2,78,0.0,1,0.05,2,0
3,78,0.0,2,0.14,3,0
100,78,78.0,67,4.66,22,78
200,78,157.0,133,9.28,43,157
2000,78,1776.0,200,14.0,224,1776
10000,78,8975.0,200,14.0,1025,8975
20000,78,17956.0,200,14.0,2044,17956
40000,78,35722.0,200,14.0,4278,35722
60000,78,53621.0,200,14.0,6379,53621
80000,78,71521.0,200,14.0,8479,71521
100000,78,89403.0,200,14.0,10597,89403
200000,78,178949.0,200,14.0,21051,178949
400000,78,357863.0,200,14.0,42137,357863
600000,78,536815.0,200,14.0,63185,536815
800000,78,715720.0,200,14.0,84280,715720
1000000,78,894556.0,200,14.0,105444,894556
2,79,2.0,1,0.05,0,2
3,79,3.0,2,0.14,0,3
100,79,85.0,67,4.66,15,85
200,79,170.0,133,9.28,30,170
2000,79,1781.0,200,14.0,219,1781
10000,79,8935.0,200,14.0,1065,8935
20000,79,17950.0,200,14.0,2050,17950
40000,79,35790.0,200,14.0,4210,35790
60000,79,53735.0,200,14.0,6265,53735
80000,79,71660.0,200,14.0,8340,71660
100000,79,89534.0,200,14.0,10466,89534
200000,79,178971.0,200,14.0,21029,178971
400000,79,357827.0,200,14.0,42173,357827
600000,79,536745.0,200,14.0,63255,536745
800000,79,715850.0,200,14.0,84150,715850
1000000,79,895141.0,200,14.0,104859,895141
2,80,2.0,1,0.05,0,2
3,80,3.0,2,0.14,0,3
100,80,85.0,67,4.66,15,85
200,80,171.0,133,9.28,29,171
2000,80,1764.0,200,14.0,236,1764
10000,80,8975.0,200,14.0,1025,8975
20000,80,17958.0,200,14.0,2042,17958
40000,80,35821.0,200,14.0,4179,35821
60000,80,53757.0,200,14.0,6243,53757
80000,80,71684.0,200,14.0,8316,71684
100000,80,89546.0,200,14.0,10454,89546
200000,80,179003.0,200,14.0,20997,179003
400000,80,358030.0,200,14.0,41970,358030
600000,80,536915.0,200,14.0,63085,536915
800000,80,715748.0,200,14.0,84252,715748
1000000,80,894679.0,200,14.0,105321,894679
2,81,2.0,1,0.05,0,2
3,81,3.0,2,0.14,0,3
100,81,87.0,67,4.66,13,87
200,81,175.0,133,9.28,25,175
2000,81,1767.0,201,14.05,233,1767
10000,81,8932.0,201,14.05,1068,8932
20000,81,17868.0,201,14.05,2132,17868
40000,81,35818.0,201,14.05,4182,35818
60000,81,53644.0,201,14.05,6356,53644
80000,81,71545.0,201,14.05,8455,71545
100000,81,89481.0,201,14.05,10519,89481
200000,81,178890.0,201,14.05,21110,178890
400000,81,358044.0,201,14.05,41956,358044
600000,81,537040.0,201,14.05,62960,537040
800000,81,716025.0,201,14.05,83975,716025
1000000,81,894778.0,201,14.05,105222,894778
2,82,2.0,1,0.05,0,2
3,82,2.0,2,0.14,1,2
100,82,85.0,67,4.66,15,85
200,82,169.0,133,9.28,31,169
2000,82,1776.0,203,14.14,224,1776
10000,82,8957.0,203,14.14,1043,8957
20000,82,17893.0,203,14.14,2107,17893
40000,82,35747.0,203,14.14,4253,35747
60000,82,53599.0,203,14.14,6401,53599
80000,82,71419.0,203,14.14,8581,71419
100000,82,89306.0,203,14.14,10694,89306
200000,82,178837.0,203,14.14,21163,178837
400000,82,357709.0,203,14.14,42291,357709
600000,82,536594.0,203,14.14,63406,536594
800000,82,715661.0,203,14.14,84339,715661
1000000,82,894543.0,203,14.14,105457,894543
2,83,2.0,1,0.05,0,2
3,83,3.0,2,0.14,0,3
100,83,82.0,67,4.66,18,82
200,83,171.0,133,9.28,29,171
2000,83,1781.0,205,14.23,219,1781
10000,83,8941.0,205,14.23,1059,8941
20000,83,17859.0,205,14.23,2141,17859
40000,83,35769.0,205,14.23,4231,35769
60000,83,53631.0,205,14.23,6369,53631
80000,83,71537.0,205,14.23,8463,71537
100000,83,89396.0,205,14.23,10604,89396
200000,83,178892.0,205,14.23,21108,178892
400000,83,357982.0,205,14.23,42018,357982
600000,83,537045.0,205,14.23,62955,537045
800000,83,716228.0,205,14.23,83772,716228
1000000,83,895202.0,205,14.23,104798,895202
2,84,2.0,1,0.05,0,2
3,84,3.0,2,0.14,0,3
100,84,88.0,67,4.66,12,88
200,84,169.0,133,9.28,31,169
2000,84,1735.0,812,41.54,265,1735
10000,84,8940.0,812,41.54,1060,8940
20000,84,17923.0,812,41.54,2077,17923
40000,84,35788.0,812,41.54,4212,35788
60000,84,53669.0,812,41.54,6331,53669
80000,84,71605.0,812,41.54,8395,71605
100000,84,89515.0,812,41.54,10485,89515
200000,84,179007.0,812,41.54,20993,179007
400000,84,357864.0,812,41.54,42136,357864
600000,84,536742.0,812,41.54,63258,536742
800000,84,715712.0,812,41.54,84288,715712
1000000,84,894890.0,812,41.54,105110,894890
2,85,2.0,1,0.05,0,2
3,85,3.0,2,0.14,0,3
100,85,84.0,67,4.66,16,84
200,85,171.0,133,9.28,29,171
2000,85,1776.0,220,15.9,224,1776
10000,85,8916.0,220,15.9,1084,8916
20000,85,17811.0,220,15.9,2189,17811
40000,85,35670.0,220,15.9,4330,35670
60000,85,53551.0,220,15.9,6449,53551
80000,85,71471.0,220,15.9,8529,71471
100000,85,89378.0,220,15.9,10622,89378
200000,85,178888.0,220,15.9,21112,178888
400000,85,357995.0,220,15.9,42005,357995
600000,85,536865.0,220,15.9,63135,536865
800000,85,715858.0,220,15.9,84142,715858
1000000,85,894698.0,220,15.9,105302,894698
2,86,1.0,1,0.05,1,1
3,86,1.0,2,0.14,2,1
100,86,77.0,67,4.66,23,77
200,86,161.0,133,9.28,39,161
2000,86,1676.0,1900,90.5,324,1676
10000,86,8489.0,9900,450.5,1511,8489
20000,86,17019.0,19900,900.5,2981,17019
40000,86,33962.0,39900,1800.5,6038,33962
60000,86,50923.0,59900,2700.5,9077,50923
80000,86,67914.0,79900,3600.5,12086,67914
100000,86,84905.0,99900,4500.5,15095,84905
200000,86,169730.0,199900,9000.5,30270,169730
400000,86,339855.0,399900,18000.5,60145,339855
600000,86,509842.0,599900,27000.5,90158,509842
800000,86,679986.0,799900,36000.5,120014,679986
1000000,86,849766.0,999900,45000.5,150234,849766
2,87,1.0,1,0.05,1,1
3,87,1.0,2,0.14,2,1
100,87,85.0,67,4.66,15,85
200,87,171.0,133,9.28,29,171
2000,87,1808.0,200,14.0,192,1808
10000,87,8980.0,200,14.0,1020,8980
20000,87,17955.0,200,14.0,2045,17955
40000,87,35819.0,200,14.0,4181,35819
60000,87,53747.0,200,14.0,6253,53747
80000,87,71655.0,200,14.0,8345,71655
100000,87,89559.0,200,14.0,10441,89559
200000,87,179015.0,200,14.0,20985,179015
400000,87,357991.0,200,14.0,42009,357991
600000,87,537235.0,200,14.0,62765,537235
800000,87,716130.0,200,14.0,83870,716130
1000000,87,894961.0,200,14.0,105039,894961
2,88,1.0,1,0.05,1,1
3,88,2.0,2,0.14,1,2
100,88,86.0,67,4.66,14,86
200,88,166.0,133,9.28,34,166
2000,88,1758.0,200,14.0,242,1758
10000,88,8903.0,200,14.0,1097,8903
20000,88,17827.0,200,14.0,2173,17827
40000,88,35658.0,200,14.0,4342,35658
60000,88,53563.0,200,14.0,6437,53563
80000,88,71455.0,200,14.0,8545,71455
100000,88,89355.0,200,14.0,10645,89355
200000,88,178806.0,200,14.0,21194,178806
400000,88,357782.0,200,14.0,42218,357782
600000,88,536690.0,200,14.0,63310,536690
800000,88,715873.0,200,14.0,84127,715873
1000000,88,895166.0,200,14.0,104834,895166
2,89,2.0,1,0.05,0,2
3,89,3.0,2,0.14,0,3
100,89,85.0,67,4.66,15,85
200,89,171.0,133,9.28,29,171
2000,89,1759.0,200,14.0,241,1759
10000,89,8931.0,200,14.0,1069,8931
20000,89,17927.0,200,14.0,2073,17927
40000,89,35903.0,200,14.0,4097,35903
60000,89,53872.0,200,14.0,6128,53872
80000,89,71792.0,200,14.0,8208,71792
100000,89,89656.0,200,14.0,10344,89656
200000,89,179264.0,200,14.0,20736,179264
400000,89,358297.0,200,14.0,41703,358297
600000,89,537303.0,200,14.0,62697,537303
800000,89,716450.0,200,14.0,83550,716450
1000000,89,895676.0,200,14.0,104324,895676
2,90,2.0,1,0.05,0,2
3,90,3.0,2,0.14,0,3
100,90,85.0,67,4.66,15,85
200,90,174.0,133,9.28,26,174
2000,90,1792.0,200,14.0,208,1792
10000,90,8931.0,200,14.0,1069,8931
20000,90,17907.0,200,14.0,2093,17907
40000,90,35734.0,200,14.0,4266,35734
60000,90,53588.0,200,14.0,6412,53588
80000,90,71454.0,200,14.0,8546,71454
100000,90,89354.0,200,14.0,10646,89354
200000,90,178737.0,200,14.0,21263,178737
400000,90,357572.0,200,14.0,42428,357572
600000,90,536172.0,200,14.0,63828,536172
800000,90,715346.0,200,14.0,84654,715346
1000000,90,894379.0,200,14.0,105621,894379
2,91,1.0,1,0.05,1,1
3,91,2.0,2,0.14,1,2
100,91,88.0,67,4.66,12,88
200,91,179.0,133,9.28,21,179
2000,91,1728.0,1830,87.35,272,1728
10000,91,8532.0,9830,447.35,1468,8532
20000,91,17085.0,19830,897.35,2915,17085
40000,91,34058.0,39830,1797.35,5942,34058
60000,91,51002.0,59830,2698.0,8998,51002
80000,91,68058.0,79830,3598.0,11942,68058
100000,91,85102.0,99830,4498.0,14898,85102
200000,91,170041.0,199830,8998.0,29959,170041
400000,91,339982.0,399830,17998.0,60018,339982
600000,91,510109.0,599830,26998.0,89891,510109
800000,91,680350.0,799830,35998.0,119650,680350
1000000,91,850153.0,999830,44998.0,149847,850153
2,92,1.0,1,0.05,1,1
3,92,2.0,2,0.14,1,2
100,92,86.0,67,4.66,14,86
200,92,171.0,133,9.28,29,171
2000,92,1797.0,200,14.0,203,1797
10000,92,8964.0,200,14.0,1036,8964
20000,92,17875.0,200,14.0,2125,17875
40000,92,35837.0,200,14.0,4163,35837
60000,92,53761.0,200,14.0,6239,53761
80000,92,71633.0,200,14.0,8367,71633
100000,92,89568.0,200,14.0,10432,89568
200000,92,179013.0,200,14.0,20987,179013
400000,92,358055.0,200,14.0,41945,358055
600000,92,536901.0,200,14.0,63099,536901
800000,92,715879.0,200,14.0,84121,715879
1000000,92,894917.0,200,14.0,105083,894917
2,93,1.0,1,0.05,1,1
3,93,2.0,2,0.14,1,2
100,93,79.0,67,4.66,21,79
200,93,161.0,133,9.28,39,161
2000,93,1704.0,1900,90.5,296,1704
10000,93,8471.0,9900,450.5,1529,8471
20000,93,17003.0,19900,900.5,2997,17003
40000,93,34083.0,39900,1800.5,5917,34083
60000,93,51173.0,59900,2700.5,8827,51173
80000,93,68199.0,79900,3600.5,11801,68199
100000,93,85282.0,99900,4500.5,14718,85282
200000,93,170169.0,199900,9000.5,29831,170169
400000,93,340113.0,399900,18000.5,59887,340113
600000,93,510304.0,599900,27000.5,89696,510304
800000,93,680363.0,799900,36000.5,119637,680363
1000000,93,850240.0,999900,45000.5,149760,850240
2,94,2.0,1,0.05,0,2
3,94,3.0,2,0.14,0,3
100,94,84.0,67,4.66,16,84
200,94,172.0,133,9.28,28,172
2000,94,1786.0,264,16.88,214,1786
10000,94,8940.0,264,16.88,1060,8940
20000,94,17879.0,264,16.88,2121,17879
40000,94,35768.0,264,16.88,4232,35768
60000,94,53681.0,264,16.88,6319,53681
80000,94,71635.0,264,16.88,8365,71635
100000,94,89573.0,264,16.88,10427,89573
200000,94,179274.0,264,16.88,20726,179274
400000,94,358386.0,264,16.88,41614,358386
600000,94,537072.0,264,16.88,62928,537072
800000,94,716050.0,264,16.88,83950,716050
1000000,94,895215.0,264,16.88,104785,895215
2,95,2.0,1,0.05,0,2
3,95,3.0,2,0.14,0,3
100,95,88.0,67,4.66,12,88
200,95,172.0,133,9.28,28,172
2000,95,1697.0,1897,91.07,303,1697
10000,95,8545.0,9897,451.07,1455,8545
20000,95,17085.0,19897,901.06,2915,17085
40000,95,34152.0,39897,1801.07,5848,34152
60000,95,51110.0,59897,2701.07,8890,51110
80000,95,68063.0,79897,3601.07,11937,68063
100000,95,85182.0,99897,4501.07,14818,85182
200000,95,170283.0,199897,9001.07,29717,170283
400000,95,340548.0,399897,18001.06,59452,340548
600000,95,510537.0,599897,27001.06,89463,510537
800000,95,680718.0,799897,36001.06,119282,680718
1000000,95,850697.0,999897,45001.06,149303,850697
2,96,1.0,1,0.05,1,1
3,96,2.0,2,0.14,1,2
100,96,78.0,67,4.66,22,78
200,96,163.0,133,9.28,37,163
2000,96,1771.0,200,14.0,229,1771
10000,96,8833.0,200,14.0,1167,8833
20000,96,17764.0,200,14.0,2236,17764
40000,96,35660.0,200,14.0,4340,35660
60000,96,53554.0,200,14.0,6446,53554
80000,96,71400.0,200,14.0,8600,71400
100000,96,89315.0,200,14.0,10685,89315
200000,96,178870.0,200,14.0,21130,178870
400000,96,357923.0,200,14.0,42077,357923
600000,96,536913.0,200,14.0,63087,536913
800000,96,715916.0,200,14.0,84084,715916
1000000,96,894916.0,200,14.0,105084,894916
2,97,1.0,1,0.05,1,1
3,97,2.0,2,0.14,1,2
100,97,88.0,67,4.66,12,88
200,97,176.0,133,9.28,24,176
2000,97,1792.0,200,14.0,208,1792
10000,97,8954.0,200,14.0,1046,8954
20000,97,17843.0,200,14.0,2157,17843
40000,97,35805.0,200,14.0,4195,35805
60000,97,53679.0,200,14.0,6321,53679
80000,97,71706.0,200,14.0,8294,71706
100000,97,89585.0,200,14.0,10415,89585
200000,97,178930.0,200,14.0,21070,178930
400000,97,357960.0,200,14.0,42040,357960
600000,97,537080.0,200,14.0,62920,537080
800000,97,716011.0,200,14.0,83989,716011
1000000,97,894906.0,200,14.0,105094,894906
2,98,2.0,1,0.05,0,2
3,98,3.0,2,0.14,0,3
100,98,89.0,67,4.66,11,89
200,98,167.0,133,9.28,33,167
2000,98,1768.0,200,14.0,232,1768
10000,98,8843.0,200,14.0,1157,8843
20000,98,17770.0,200,14.0,2230,17770
40000,98,35766.0,200,14.0,4234,35766
60000,98,53596.0,200,14.0,6404,53596
80000,98,71463.0,200,14.0,8537,71463
100000,98,89309.0,200,14.0,10691,89309
200000,98,178808.0,200,14.0,21192,178808
400000,98,357615.0,200,14.0,42385,357615
600000,98,536541.0,200,14.0,63459,536541
800000,98,715585.0,200,14.0,84415,715585
1000000,98,894380.0,200,14.0,105620,894380
2,99,1.0,1,0.05,1,1
3,99,2.0,2,0.14,1,2
100,99,76.0,67,4.66,24,76
200,99,165.0,133,9.28,35,165
2000,99,1764.0,200,14.0,236,1764
10000,99,8930.0,200,14.0,1070,8930
20000,99,17873.0,200,14.0,2127,17873
40000,99,35802.0,200,14.0,4198,35802
60000,99,53687.0,200,14.0,6313,53687
80000,99,71578.0,200,14.0,8422,71578
100000,99,89521.0,200,14.0,10479,89521
200000,99,179068.0,200,14.0,20932,179068
400000,99,358149.0,200,14.0,41851,358149
600000,99,537397.0,200,14.0,62603,537397
800000,99,716149.0,200,14.0,83851,716149
1000000,99,895073.0,200,14.0,104927,895073
2,100,2.0,1,0.05,0,2
3,100,3.0,2,0.14,0,3
100,100,88.0,67,4.66,12,88
200,100,174.0,133,9.28,26,174
2000,100,1796.0,281,17.65,204,1796
10000,100,8945.0,281,17.65,1055,8945
20000,100,17859.0,281,17.65,2141,17859
40000,100,35738.0,281,17.65,4262,35738
60000,100,53645.0,281,17.65,6355,53645
80000,100,71570.0,281,17.65,8430,71570
100000,100,89432.0,281,17.65,10568,89432
200000,100,178991.0,281,17.65,21009,178991
400000,100,358171.0,281,17.65,41829,358171
600000,100,537096.0,281,17.65,62904,537096
800000,100,715908.0,281,17.65,84092,715908
1000000,100,894714.0,281,17.65,105286,894714
