Timestep,Iteration,Total Reward,Suboptimal Arms,Total Regret,Zeros Count,Ones Count
2,1,1.0,1,0.09,1,1
3,1,2.0,2,0.13,1,2
100,1,82.0,67,4.38,18,82
200,1,170.0,133,8.67,30,170
2000,1,1760.0,200,13.0,240,1760
10000,1,8868.0,200,13.0,1132,8868
20000,1,17780.0,200,13.0,2220,17780
40000,1,35504.0,200,13.0,4496,35504
60000,1,53263.0,200,13.0,6737,53263
80000,1,71092.0,200,13.0,8908,71092
100000,1,88902.0,200,13.0,11098,88902
200000,1,177844.0,200,13.0,22156,177844
400000,1,356011.0,200,13.0,43989,356011
600000,1,533845.0,200,13.0,66155,533845
800000,1,711725.0,200,13.0,88275,711725
1000000,1,889642.0,200,13.0,110358,889642
2,2,1.0,1,0.09,1,1
3,2,2.0,2,0.13,1,2
100,2,84.0,67,4.38,16,84
200,2,168.0,133,8.67,32,168
2000,2,1754.0,200,13.0,246,1754
10000,2,8895.0,200,13.0,1105,8895
20000,2,17829.0,200,13.0,2171,17829
40000,2,35600.0,200,13.0,4400,35600
60000,2,53361.0,200,13.0,6639,53361
80000,2,71205.0,200,13.0,8795,71205
100000,2,88985.0,200,13.0,11015,88985
200000,2,178113.0,200,13.0,21887,178113
400000,2,355857.0,200,13.0,44143,355857
600000,2,533754.0,200,13.0,66246,533754
800000,2,711739.0,200,13.0,88261,711739
1000000,2,889731.0,200,13.0,110269,889731
2,3,2.0,1,0.09,0,2
3,3,3.0,2,0.13,0,3
100,3,90.0,67,4.38,10,90
200,3,174.0,133,8.67,26,174
2000,3,1807.0,200,13.0,193,1807
10000,3,8937.0,200,13.0,1063,8937
20000,3,17828.0,200,13.0,2172,17828
40000,3,35601.0,200,13.0,4399,35601
60000,3,53421.0,200,13.0,6579,53421
80000,3,71137.0,200,13.0,8863,71137
100000,3,88973.0,200,13.0,11027,88973
200000,3,178009.0,200,13.0,21991,178009
400000,3,355924.0,200,13.0,44076,355924
600000,3,533954.0,200,13.0,66046,533954
800000,3,712091.0,200,13.0,87909,712091
1000000,3,889850.0,200,13.0,110150,889850
2,4,2.0,1,0.09,0,2
3,4,3.0,2,0.13,0,3
100,4,85.0,67,4.38,15,85
200,4,174.0,133,8.67,26,174
2000,4,1776.0,200,13.0,224,1776
10000,4,8903.0,200,13.0,1097,8903
20000,4,17752.0,200,13.0,2248,17752
40000,4,35624.0,200,13.0,4376,35624
60000,4,53507.0,200,13.0,6493,53507
80000,4,71398.0,200,13.0,8602,71398
100000,4,89185.0,200,13.0,10815,89185
200000,4,178189.0,200,13.0,21811,178189
400000,4,356062.0,200,13.0,43938,356062
600000,4,533834.0,200,13.0,66166,533834
800000,4,711751.0,200,13.0,88249,711751
1000000,4,889733.0,200,13.0,110267,889733
2,5,2.0,1,0.09,0,2
3,5,2.0,2,0.13,1,2
100,5,77.0,67,4.38,23,77
200,5,167.0,133,8.67,33,167
2000,5,1783.0,200,13.0,217,1783
10000,5,8911.0,200,13.0,1089,8911
20000,5,17846.0,200,13.0,2154,17846
40000,5,35673.0,200,13.0,4327,35673
60000,5,53445.0,200,13.0,6555,53445
80000,5,71353.0,200,13.0,8647,71353
100000,5,89173.0,200,13.0,10827,89173
200000,5,178085.0,200,13.0,21915,178085
400000,5,356236.0,200,13.0,43764,356236
600000,5,534002.0,200,13.0,65998,534002
800000,5,711866.0,200,13.0,88134,711866
1000000,5,889866.0,200,13.0,110134,889866
2,6,1.0,1,0.09,1,1
3,6,2.0,2,0.13,1,2
100,6,83.0,67,4.38,17,83
200,6,166.0,133,8.67,34,166
2000,6,1776.0,200,13.0,224,1776
10000,6,8899.0,200,13.0,1101,8899
20000,6,17757.0,200,13.0,2243,17757
40000,6,35565.0,200,13.0,4435,35565
60000,6,53370.0,200,13.0,6630,53370
80000,6,71166.0,200,13.0,8834,71166
100000,6,88963.0,200,13.0,11037,88963
200000,6,178003.0,200,13.0,21997,178003
400000,6,355721.0,200,13.0,44279,355721
600000,6,533615.0,200,13.0,66385,533615
800000,6,711758.0,200,13.0,88242,711758
1000000,6,890099.0,200,13.0,109901,890099
2,7,2.0,1,0.09,0,2
3,7,3.0,2,0.13,0,3
100,7,81.0,67,4.38,19,81
200,7,168.0,133,8.67,32,168
2000,7,1720.0,1851,79.04,280,1720
10000,7,8449.0,9849,398.96,1551,8449
20000,7,16971.0,19849,798.96,3029,16971
40000,7,33989.0,39849,1598.96,6011,33989
60000,7,50965.0,59849,2398.96,9035,50965
80000,7,68003.0,79849,3198.96,11997,68003
100000,7,84940.0,99849,3998.96,15060,84940
200000,7,169979.0,199849,7998.96,30021,169979
400000,7,340020.0,399849,15998.96,59980,340020
600000,7,510093.0,599849,23998.96,89907,510093
800000,7,680161.0,799849,31998.96,119839,680161
1000000,7,849984.0,999849,39998.96,150016,849984
2,8,1.0,1,0.09,1,1
3,8,2.0,2,0.13,1,2
100,8,83.0,67,4.38,17,83
200,8,171.0,133,8.67,29,171
2000,8,1759.0,200,13.0,241,1759
10000,8,8870.0,200,13.0,1130,8870
20000,8,17796.0,200,13.0,2204,17796
40000,8,35580.0,200,13.0,4420,35580
60000,8,53341.0,200,13.0,6659,53341
80000,8,71113.0,200,13.0,8887,71113
100000,8,88914.0,200,13.0,11086,88914
200000,8,177934.0,200,13.0,22066,177934
400000,8,355806.0,200,13.0,44194,355806
600000,8,533972.0,200,13.0,66028,533972
800000,8,711853.0,200,13.0,88147,711853
1000000,8,889803.0,200,13.0,110197,889803
2,9,2.0,1,0.09,0,2
3,9,3.0,2,0.13,0,3
100,9,83.0,67,4.38,17,83
200,9,161.0,133,8.67,39,161
2000,9,1734.0,242,14.68,266,1734
10000,9,8845.0,242,14.68,1155,8845
20000,9,17761.0,242,14.68,2239,17761
40000,9,35513.0,242,14.68,4487,35513
60000,9,53299.0,242,14.68,6701,53299
80000,9,71070.0,242,14.68,8930,71070
100000,9,88871.0,242,14.68,11129,88871
200000,9,177701.0,242,14.68,22299,177701
400000,9,355744.0,242,14.68,44256,355744
600000,9,533825.0,242,14.68,66175,533825
800000,9,711968.0,242,14.68,88032,711968
1000000,9,890086.0,242,14.68,109914,890086
2,10,2.0,1,0.09,0,2
3,10,3.0,2,0.13,0,3
100,10,83.0,67,4.38,17,83
200,10,165.0,133,8.67,35,165
2000,10,1771.0,200,13.0,229,1771
10000,10,8877.0,200,13.0,1123,8877
20000,10,17808.0,200,13.0,2192,17808
40000,10,35578.0,200,13.0,4422,35578
60000,10,53381.0,200,13.0,6619,53381
80000,10,71144.0,200,13.0,8856,71144
100000,10,88982.0,200,13.0,11018,88982
200000,10,177866.0,200,13.0,22134,177866
400000,10,355663.0,200,13.0,44337,355663
600000,10,533777.0,200,13.0,66223,533777
800000,10,711661.0,200,13.0,88339,711661
1000000,10,889691.0,200,13.0,110309,889691
2,11,2.0,1,0.09,0,2
3,11,3.0,2,0.13,0,3
100,11,87.0,67,4.38,13,87
200,11,175.0,133,8.67,25,175
2000,11,1769.0,200,13.0,231,1769
10000,11,8894.0,200,13.0,1106,8894
20000,11,17805.0,200,13.0,2195,17805
40000,11,35620.0,200,13.0,4380,35620
60000,11,53421.0,200,13.0,6579,53421
80000,11,71222.0,200,13.0,8778,71222
100000,11,88987.0,200,13.0,11013,88987
200000,11,177855.0,200,13.0,22145,177855
400000,11,355926.0,200,13.0,44074,355926
600000,11,533923.0,200,13.0,66077,533923
800000,11,711763.0,200,13.0,88237,711763
1000000,11,889851.0,200,13.0,110149,889851
2,12,2.0,1,0.09,0,2
3,12,3.0,2,0.13,0,3
100,12,87.0,67,4.38,13,87
200,12,172.0,133,8.67,28,172
2000,12,1765.0,200,13.0,235,1765
10000,12,8841.0,200,13.0,1159,8841
20000,12,17720.0,200,13.0,2280,17720
40000,12,35512.0,200,13.0,4488,35512
60000,12,53396.0,200,13.0,6604,53396
80000,12,71141.0,200,13.0,8859,71141
100000,12,88926.0,200,13.0,11074,88926
200000,12,177826.0,200,13.0,22174,177826
400000,12,355679.0,200,13.0,44321,355679
600000,12,533806.0,200,13.0,66194,533806
800000,12,711744.0,200,13.0,88256,711744
1000000,12,889621.0,200,13.0,110379,889621
2,13,2.0,1,0.09,0,2
3,13,3.0,2,0.13,0,3
100,13,83.0,67,4.38,17,83
200,13,170.0,133,8.67,30,170
2000,13,1747.0,868,39.72,253,1747
10000,13,8875.0,868,39.72,1125,8875
20000,13,17762.0,868,39.72,2238,17762
40000,13,35572.0,868,39.72,4428,35572
60000,13,53369.0,868,39.72,6631,53369
80000,13,71155.0,868,39.72,8845,71155
100000,13,88977.0,868,39.72,11023,88977
200000,13,177945.0,868,39.72,22055,177945
400000,13,356097.0,868,39.72,43903,356097
600000,13,533874.0,868,39.72,66126,533874
800000,13,711725.0,868,39.72,88275,711725
1000000,13,889874.0,868,39.72,110126,889874
2,14,2.0,1,0.09,0,2
3,14,3.0,2,0.13,0,3
100,14,85.0,67,4.38,15,85
200,14,170.0,133,8.67,30,170
2000,14,1763.0,200,13.0,237,1763
10000,14,8895.0,200,13.0,1105,8895
20000,14,17769.0,200,13.0,2231,17769
40000,14,35622.0,200,13.0,4378,35622
60000,14,53492.0,200,13.0,6508,53492
80000,14,71309.0,200,13.0,8691,71309
100000,14,89086.0,200,13.0,10914,89086
200000,14,178114.0,200,13.0,21886,178114
400000,14,356178.0,200,13.0,43822,356178
600000,14,534296.0,200,13.0,65704,534296
800000,14,712431.0,200,13.0,87569,712431
1000000,14,890427.0,200,13.0,109573,890427
2,15,0.0,1,0.09,2,0
3,15,1.0,2,0.13,2,1
100,15,82.0,67,4.38,18,82
200,15,166.0,133,8.67,34,166
2000,15,1756.0,200,13.0,244,1756
10000,15,8906.0,200,13.0,1094,8906
20000,15,17776.0,200,13.0,2224,17776
40000,15,35573.0,200,13.0,4427,35573
60000,15,53358.0,200,13.0,6642,53358
80000,15,71102.0,200,13.0,8898,71102
100000,15,89004.0,200,13.0,10996,89004
200000,15,178125.0,200,13.0,21875,178125
400000,15,356074.0,200,13.0,43926,356074
600000,15,534012.0,200,13.0,65988,534012
800000,15,712280.0,200,13.0,87720,712280
1000000,15,890298.0,200,13.0,109702,890298
2,16,2.0,1,0.09,0,2
3,16,3.0,2,0.13,0,3
100,16,83.0,67,4.38,17,83
200,16,157.0,133,8.67,43,157
2000,16,1746.0,200,13.0,254,1746
10000,16,8863.0,200,13.0,1137,8863
20000,16,17769.0,200,13.0,2231,17769
40000,16,35549.0,200,13.0,4451,35549
60000,16,53291.0,200,13.0,6709,53291
80000,16,71102.0,200,13.0,8898,71102
100000,16,88947.0,200,13.0,11053,88947
200000,16,178111.0,200,13.0,21889,178111
400000,16,356117.0,200,13.0,43883,356117
600000,16,534467.0,200,13.0,65533,534467
800000,16,712555.0,200,13.0,87445,712555
1000000,16,890519.0,200,13.0,109481,890519
2,17,2.0,1,0.09,0,2
3,17,3.0,2,0.13,0,3
100,17,79.0,67,4.38,21,79
200,17,169.0,133,8.67,31,169
2000,17,1762.0,200,13.0,238,1762
10000,17,8839.0,200,13.0,1161,8839
20000,17,17736.0,200,13.0,2264,17736
40000,17,35465.0,200,13.0,4535,35465
60000,17,53261.0,200,13.0,6739,53261
80000,17,71003.0,200,13.0,8997,71003
100000,17,88865.0,200,13.0,11135,88865
200000,17,177851.0,200,13.0,22149,177851
400000,17,356020.0,200,13.0,43980,356020
600000,17,533970.0,200,13.0,66030,533970
800000,17,712150.0,200,13.0,87850,712150
1000000,17,890047.0,200,13.0,109953,890047
2,18,1.0,1,0.09,1,1
3,18,2.0,2,0.13,1,2
100,18,85.0,67,4.38,15,85
200,18,169.0,133,8.67,31,169
2000,18,1739.0,892,42.68,261,1739
10000,18,8830.0,892,42.68,1170,8830
20000,18,17779.0,892,42.68,2221,17779
40000,18,35556.0,892,42.68,4444,35556
60000,18,53333.0,892,42.68,6667,53333
80000,18,71128.0,892,42.68,8872,71128
100000,18,88911.0,892,42.68,11089,88911
200000,18,177972.0,892,42.68,22028,177972
400000,18,355987.0,892,42.68,44013,355987
600000,18,533759.0,892,42.68,66241,533759
800000,18,711750.0,892,42.68,88250,711750
1000000,18,889843.0,892,42.68,110157,889843
2,19,1.0,1,0.09,1,1
3,19,2.0,2,0.13,1,2
100,19,86.0,67,4.38,14,86
200,19,176.0,133,8.67,24,176
2000,19,1769.0,373,19.92,231,1769
10000,19,8837.0,373,19.92,1163,8837
20000,19,17813.0,373,19.92,2187,17813
40000,19,35611.0,373,19.92,4389,35611
60000,19,53422.0,373,19.92,6578,53422
80000,19,71139.0,373,19.92,8861,71139
100000,19,88967.0,373,19.92,11033,88967
200000,19,177971.0,373,19.92,22029,177971
400000,19,356013.0,373,19.92,43987,356013
600000,19,534184.0,373,19.92,65816,534184
800000,19,712138.0,373,19.92,87862,712138
1000000,19,890331.0,373,19.92,109669,890331
2,20,1.0,1,0.09,1,1
3,20,2.0,2,0.13,1,2
100,20,89.0,67,4.38,11,89
200,20,168.0,133,8.67,32,168
2000,20,1774.0,200,13.0,226,1774
10000,20,8885.0,200,13.0,1115,8885
20000,20,17776.0,200,13.0,2224,17776
40000,20,35488.0,200,13.0,4512,35488
60000,20,53293.0,200,13.0,6707,53293
80000,20,71116.0,200,13.0,8884,71116
100000,20,88817.0,200,13.0,11183,88817
200000,20,177731.0,200,13.0,22269,177731
400000,20,355539.0,200,13.0,44461,355539
600000,20,533783.0,200,13.0,66217,533783
800000,20,712101.0,200,13.0,87899,712101
1000000,20,890226.0,200,13.0,109774,890226
2,21,1.0,1,0.09,1,1
3,21,2.0,2,0.13,1,2
100,21,81.0,67,4.38,19,81
200,21,163.0,133,8.67,37,163
2000,21,1735.0,200,13.0,265,1735
10000,21,8855.0,200,13.0,1145,8855
20000,21,17668.0,200,13.0,2332,17668
40000,21,35431.0,200,13.0,4569,35431
60000,21,53201.0,200,13.0,6799,53201
80000,21,70945.0,200,13.0,9055,70945
100000,21,88744.0,200,13.0,11256,88744
200000,21,177679.0,200,13.0,22321,177679
400000,21,355490.0,200,13.0,44510,355490
600000,21,533175.0,200,13.0,66825,533175
800000,21,711230.0,200,13.0,88770,711230
1000000,21,889326.0,200,13.0,110674,889326
2,22,2.0,1,0.09,0,2
3,22,3.0,2,0.13,0,3
100,22,78.0,67,4.38,22,78
200,22,163.0,133,8.67,37,163
2000,22,1743.0,200,13.0,257,1743
10000,22,8862.0,200,13.0,1138,8862
20000,22,17760.0,200,13.0,2240,17760
40000,22,35578.0,200,13.0,4422,35578
60000,22,53447.0,200,13.0,6553,53447
80000,22,71287.0,200,13.0,8713,71287
100000,22,89187.0,200,13.0,10813,89187
200000,22,178238.0,200,13.0,21762,178238
400000,22,356207.0,200,13.0,43793,356207
600000,22,534137.0,200,13.0,65863,534137
800000,22,711928.0,200,13.0,88072,711928
1000000,22,889821.0,200,13.0,110179,889821
2,23,2.0,1,0.09,0,2
3,23,3.0,2,0.13,0,3
100,23,85.0,67,4.38,15,85
200,23,165.0,133,8.67,35,165
2000,23,1750.0,200,13.0,250,1750
10000,23,8866.0,200,13.0,1134,8866
20000,23,17749.0,200,13.0,2251,17749
40000,23,35597.0,200,13.0,4403,35597
60000,23,53334.0,200,13.0,6666,53334
80000,23,71058.0,200,13.0,8942,71058
100000,23,88938.0,200,13.0,11062,88938
200000,23,177801.0,200,13.0,22199,177801
400000,23,355657.0,200,13.0,44343,355657
600000,23,533560.0,200,13.0,66440,533560
800000,23,711520.0,200,13.0,88480,711520
1000000,23,889542.0,200,13.0,110458,889542
2,24,2.0,1,0.09,0,2
3,24,3.0,2,0.13,0,3
100,24,82.0,67,4.38,18,82
200,24,171.0,133,8.67,29,171
2000,24,1755.0,220,13.8,245,1755
10000,24,8890.0,220,13.8,1110,8890
20000,24,17768.0,220,13.8,2232,17768
40000,24,35544.0,220,13.8,4456,35544
60000,24,53270.0,220,13.8,6730,53270
80000,24,71104.0,220,13.8,8896,71104
100000,24,88884.0,220,13.8,11116,88884
200000,24,177928.0,220,13.8,22072,177928
400000,24,355950.0,220,13.8,44050,355950
600000,24,533985.0,220,13.8,66015,533985
800000,24,711859.0,220,13.8,88141,711859
1000000,24,889710.0,220,13.8,110290,889710
2,25,1.0,1,0.09,1,1
3,25,2.0,2,0.13,1,2
100,25,90.0,67,4.38,10,90
200,25,172.0,133,8.67,28,172
2000,25,1758.0,250,17.5,242,1758
10000,25,8883.0,250,17.5,1117,8883
20000,25,17776.0,250,17.5,2224,17776
40000,25,35581.0,250,17.5,4419,35581
60000,25,53308.0,250,17.5,6692,53308
80000,25,71175.0,250,17.5,8825,71175
100000,25,88976.0,250,17.5,11024,88976
200000,25,177988.0,250,17.5,22012,177988
400000,25,355986.0,250,17.5,44014,355986
600000,25,533903.0,250,17.5,66097,533903
800000,25,711777.0,250,17.5,88223,711777
1000000,25,889829.0,250,17.5,110171,889829
2,26,2.0,1,0.09,0,2
3,26,2.0,2,0.13,1,2
100,26,84.0,67,4.38,16,84
200,26,168.0,133,8.67,32,168
2000,26,1761.0,200,13.0,239,1761
10000,26,8892.0,200,13.0,1108,8892
20000,26,17769.0,200,13.0,2231,17769
40000,26,35563.0,200,13.0,4437,35563
60000,26,53380.0,200,13.0,6620,53380
80000,26,71125.0,200,13.0,8875,71125
100000,26,88966.0,200,13.0,11034,88966
200000,26,177953.0,200,13.0,22047,177953
400000,26,356146.0,200,13.0,43854,356146
600000,26,534245.0,200,13.0,65755,534245
800000,26,712390.0,200,13.0,87610,712390
1000000,26,890415.0,200,13.0,109585,890415
2,27,2.0,1,0.09,0,2
3,27,3.0,2,0.13,0,3
100,27,85.0,67,4.38,15,85
200,27,171.0,133,8.67,29,171
2000,27,1785.0,208,13.32,215,1785
10000,27,8861.0,208,13.32,1139,8861
20000,27,17769.0,208,13.32,2231,17769
40000,27,35582.0,208,13.32,4418,35582
60000,27,53353.0,208,13.32,6647,53353
80000,27,71154.0,208,13.32,8846,71154
100000,27,88904.0,208,13.32,11096,88904
200000,27,178003.0,208,13.32,21997,178003
400000,27,355868.0,208,13.32,44132,355868
600000,27,534041.0,208,13.32,65959,534041
800000,27,712198.0,208,13.32,87802,712198
1000000,27,890250.0,208,13.32,109750,890250
2,28,2.0,1,0.09,0,2
3,28,3.0,2,0.13,0,3
100,28,92.0,67,4.38,8,92
200,28,173.0,133,8.67,27,173
2000,28,1752.0,200,13.0,248,1752
10000,28,8862.0,200,13.0,1138,8862
20000,28,17734.0,200,13.0,2266,17734
40000,28,35533.0,200,13.0,4467,35533
60000,28,53333.0,200,13.0,6667,53333
80000,28,71158.0,200,13.0,8842,71158
100000,28,89016.0,200,13.0,10984,89016
200000,28,177901.0,200,13.0,22099,177901
400000,28,355957.0,200,13.0,44043,355957
600000,28,533865.0,200,13.0,66135,533865
800000,28,711957.0,200,13.0,88043,711957
1000000,28,889916.0,200,13.0,110084,889916
2,29,2.0,1,0.09,0,2
3,29,3.0,2,0.13,0,3
100,29,86.0,67,4.38,14,86
200,29,175.0,133,8.67,25,175
2000,29,1751.0,687,33.48,249,1751
10000,29,8823.0,687,33.48,1177,8823
20000,29,17700.0,687,33.48,2300,17700
40000,29,35583.0,687,33.48,4417,35583
60000,29,53397.0,687,33.48,6603,53397
80000,29,71096.0,687,33.48,8904,71096
100000,29,88956.0,687,33.48,11044,88956
200000,29,177897.0,687,33.48,22103,177897
400000,29,355669.0,687,33.48,44331,355669
600000,29,533607.0,687,33.48,66393,533607
800000,29,711569.0,687,33.48,88431,711569
1000000,29,889560.0,687,33.48,110440,889560
2,30,2.0,1,0.09,0,2
3,30,3.0,2,0.13,0,3
100,30,81.0,67,4.38,19,81
200,30,168.0,133,8.67,32,168
2000,30,1694.0,1900,81.0,306,1694
10000,30,8532.0,9900,401.0,1468,8532
20000,30,17027.0,19900,801.0,2973,17027
40000,30,34054.0,39900,1601.0,5946,34054
60000,30,51069.0,59900,2401.0,8931,51069
80000,30,68023.0,79900,3201.0,11977,68023
100000,30,85093.0,99900,4001.0,14907,85093
200000,30,170152.0,199900,8001.0,29848,170152
400000,30,340277.0,399900,16001.0,59723,340277
600000,30,510470.0,599900,24001.0,89530,510470
800000,30,680752.0,799900,32001.0,119248,680752
1000000,30,850690.0,999900,40001.0,149310,850690
2,31,1.0,1,0.09,1,1
3,31,2.0,2,0.13,1,2
100,31,89.0,67,4.38,11,89
200,31,179.0,133,8.67,21,179
2000,31,1790.0,200,13.0,210,1790
10000,31,8931.0,200,13.0,1069,8931
20000,31,17839.0,200,13.0,2161,17839
40000,31,35658.0,200,13.0,4342,35658
60000,31,53434.0,200,13.0,6566,53434
80000,31,71280.0,200,13.0,8720,71280
100000,31,89084.0,200,13.0,10916,89084
200000,31,178020.0,200,13.0,21980,178020
400000,31,356069.0,200,13.0,43931,356069
600000,31,533879.0,200,13.0,66121,533879
800000,31,711986.0,200,13.0,88014,711986
1000000,31,890177.0,200,13.0,109823,890177
2,32,1.0,1,0.09,1,1
3,32,2.0,2,0.13,1,2
100,32,86.0,67,4.38,14,86
200,32,163.0,133,8.67,37,163
2000,32,1735.0,200,13.0,265,1735
10000,32,8855.0,200,13.0,1145,8855
20000,32,17702.0,200,13.0,2298,17702
40000,32,35546.0,200,13.0,4454,35546
60000,32,53228.0,200,13.0,6772,53228
80000,32,71047.0,200,13.0,8953,71047
100000,32,88893.0,200,13.0,11107,88893
200000,32,177864.0,200,13.0,22136,177864
400000,32,355864.0,200,13.0,44136,355864
600000,32,533811.0,200,13.0,66189,533811
800000,32,711731.0,200,13.0,88269,711731
1000000,32,889581.0,200,13.0,110419,889581
2,33,2.0,1,0.09,0,2
3,33,3.0,2,0.13,0,3
100,33,77.0,67,4.38,23,77
200,33,161.0,133,8.67,39,161
2000,33,1755.0,200,13.0,245,1755
10000,33,8824.0,200,13.0,1176,8824
20000,33,17711.0,200,13.0,2289,17711
40000,33,35434.0,200,13.0,4566,35434
60000,33,53241.0,200,13.0,6759,53241
80000,33,71047.0,200,13.0,8953,71047
100000,33,88865.0,200,13.0,11135,88865
200000,33,177871.0,200,13.0,22129,177871
400000,33,356070.0,200,13.0,43930,356070
600000,33,533836.0,200,13.0,66164,533836
800000,33,712053.0,200,13.0,87947,712053
1000000,33,889889.0,200,13.0,110111,889889
2,34,2.0,1,0.09,0,2
3,34,2.0,2,0.13,1,2
100,34,84.0,67,4.38,16,84
200,34,164.0,133,8.67,36,164
2000,34,1781.0,200,13.0,219,1781
10000,34,8877.0,200,13.0,1123,8877
20000,34,17769.0,200,13.0,2231,17769
40000,34,35656.0,200,13.0,4344,35656
60000,34,53485.0,200,13.0,6515,53485
80000,34,71248.0,200,13.0,8752,71248
100000,34,89074.0,200,13.0,10926,89074
200000,34,178024.0,200,13.0,21976,178024
400000,34,355884.0,200,13.0,44116,355884
600000,34,533890.0,200,13.0,66110,533890
800000,34,712082.0,200,13.0,87918,712082
1000000,34,889950.0,200,13.0,110050,889950
2,35,2.0,1,0.09,0,2
3,35,3.0,2,0.13,0,3
100,35,87.0,67,4.38,13,87
200,35,174.0,133,8.67,26,174
2000,35,1750.0,725,34.0,250,1750
10000,35,8846.0,725,34.0,1154,8846
20000,35,17821.0,725,34.0,2179,17821
40000,35,35521.0,725,34.0,4479,35521
60000,35,53296.0,725,34.0,6704,53296
80000,35,71108.0,725,34.0,8892,71108
100000,35,88896.0,725,34.0,11104,88896
200000,35,177910.0,725,34.0,22090,177910
400000,35,355960.0,725,34.0,44040,355960
600000,35,533901.0,725,34.0,66099,533901
800000,35,711805.0,725,34.0,88195,711805
1000000,35,889537.0,725,34.0,110463,889537
2,36,2.0,1,0.09,0,2
3,36,3.0,2,0.13,0,3
100,36,86.0,67,4.38,14,86
200,36,167.0,133,8.67,33,167
2000,36,1753.0,201,13.04,247,1753
10000,36,8856.0,201,13.04,1144,8856
20000,36,17754.0,201,13.04,2246,17754
40000,36,35573.0,201,13.04,4427,35573
60000,36,53304.0,201,13.04,6696,53304
80000,36,71112.0,201,13.04,8888,71112
100000,36,88909.0,201,13.04,11091,88909
200000,36,177907.0,201,13.04,22093,177907
400000,36,355919.0,201,13.04,44081,355919
600000,36,534017.0,201,13.04,65983,534017
800000,36,711992.0,201,13.04,88008,711992
1000000,36,889978.0,201,13.04,110022,889978
2,37,2.0,1,0.09,0,2
3,37,3.0,2,0.13,0,3
100,37,89.0,67,4.38,11,89
200,37,174.0,133,8.67,26,174
2000,37,1771.0,252,15.08,229,1771
10000,37,8913.0,256,15.24,1087,8913
20000,37,17808.0,256,15.24,2192,17808
40000,37,35643.0,256,15.24,4357,35643
60000,37,53429.0,256,15.24,6571,53429
80000,37,71215.0,256,15.24,8785,71215
100000,37,89096.0,256,15.24,10904,89096
200000,37,178033.0,256,15.24,21967,178033
400000,37,355735.0,256,15.24,44265,355735
600000,37,533888.0,256,15.24,66112,533888
800000,37,711774.0,256,15.24,88226,711774
1000000,37,889901.0,256,15.24,110099,889901
2,38,1.0,1,0.09,1,1
3,38,1.0,2,0.13,2,1
100,38,85.0,67,4.38,15,85
200,38,178.0,133,8.67,22,178
2000,38,1777.0,200,13.0,223,1777
10000,38,8967.0,200,13.0,1033,8967
20000,38,17812.0,200,13.0,2188,17812
40000,38,35586.0,200,13.0,4414,35586
60000,38,53373.0,200,13.0,6627,53373
80000,38,71181.0,200,13.0,8819,71181
100000,38,88951.0,200,13.0,11049,88951
200000,38,177849.0,200,13.0,22151,177849
400000,38,355809.0,200,13.0,44191,355809
600000,38,533791.0,200,13.0,66209,533791
800000,38,711725.0,200,13.0,88275,711725
1000000,38,889591.0,200,13.0,110409,889591
2,39,1.0,1,0.09,1,1
3,39,2.0,2,0.13,1,2
100,39,85.0,67,4.38,15,85
200,39,166.0,133,8.67,34,166
2000,39,1753.0,200,13.0,247,1753
10000,39,8815.0,200,13.0,1185,8815
20000,39,17677.0,200,13.0,2323,17677
40000,39,35404.0,200,13.0,4596,35404
60000,39,53248.0,200,13.0,6752,53248
80000,39,71001.0,200,13.0,8999,71001
100000,39,88769.0,200,13.0,11231,88769
200000,39,177766.0,200,13.0,22234,177766
400000,39,355655.0,200,13.0,44345,355655
600000,39,533527.0,200,13.0,66473,533527
800000,39,711391.0,200,13.0,88609,711391
1000000,39,889339.0,200,13.0,110661,889339
2,40,1.0,1,0.09,1,1
3,40,2.0,2,0.13,1,2
100,40,86.0,67,4.38,14,86
200,40,173.0,133,8.67,27,173
2000,40,1744.0,767,35.68,256,1744
10000,40,8864.0,767,35.68,1136,8864
20000,40,17758.0,767,35.68,2242,17758
40000,40,35521.0,767,35.68,4479,35521
60000,40,53313.0,767,35.68,6687,53313
80000,40,71085.0,767,35.68,8915,71085
100000,40,88868.0,767,35.68,11132,88868
200000,40,177908.0,767,35.68,22092,177908
400000,40,356116.0,767,35.68,43884,356116
600000,40,533992.0,767,35.68,66008,533992
800000,40,712062.0,767,35.68,87938,712062
1000000,40,890243.0,767,35.68,109757,890243
2,41,2.0,1,0.09,0,2
3,41,3.0,2,0.13,0,3
100,41,82.0,67,4.38,18,82
200,41,167.0,133,8.67,33,167
2000,41,1748.0,200,13.0,252,1748
10000,41,8853.0,200,13.0,1147,8853
20000,41,17736.0,200,13.0,2264,17736
40000,41,35479.0,200,13.0,4521,35479
60000,41,53368.0,200,13.0,6632,53368
80000,41,71226.0,200,13.0,8774,71226
100000,41,89020.0,200,13.0,10980,89020
200000,41,178049.0,200,13.0,21951,178049
400000,41,356029.0,200,13.0,43971,356029
600000,41,533983.0,200,13.0,66017,533983
800000,41,711799.0,200,13.0,88201,711799
1000000,41,889973.0,200,13.0,110027,889973
2,42,1.0,1,0.09,1,1
3,42,2.0,2,0.13,1,2
100,42,83.0,67,4.38,17,83
200,42,171.0,133,8.67,29,171
2000,42,1781.0,200,13.0,219,1781
10000,42,8930.0,200,13.0,1070,8930
20000,42,17863.0,200,13.0,2137,17863
40000,42,35601.0,200,13.0,4399,35601
60000,42,53375.0,200,13.0,6625,53375
80000,42,71147.0,200,13.0,8853,71147
100000,42,88946.0,200,13.0,11054,88946
200000,42,177933.0,200,13.0,22067,177933
400000,42,355753.0,200,13.0,44247,355753
600000,42,533500.0,200,13.0,66500,533500
800000,42,711703.0,200,13.0,88297,711703
1000000,42,889448.0,200,13.0,110552,889448
2,43,2.0,1,0.09,0,2
3,43,3.0,2,0.13,0,3
100,43,83.0,67,4.38,17,83
200,43,168.0,133,8.67,32,168
2000,43,1769.0,200,13.0,231,1769
10000,43,8846.0,200,13.0,1154,8846
20000,43,17725.0,200,13.0,2275,17725
40000,43,35529.0,200,13.0,4471,35529
60000,43,53338.0,200,13.0,6662,53338
80000,43,71152.0,200,13.0,8848,71152
100000,43,88964.0,200,13.0,11036,88964
200000,43,177905.0,200,13.0,22095,177905
400000,43,356248.0,200,13.0,43752,356248
600000,43,534179.0,200,13.0,65821,534179
800000,43,712325.0,200,13.0,87675,712325
1000000,43,890216.0,200,13.0,109784,890216
2,44,1.0,1,0.09,1,1
3,44,2.0,2,0.13,1,2
100,44,89.0,67,4.38,11,89
200,44,182.0,133,8.67,18,182
2000,44,1794.0,200,13.0,206,1794
10000,44,8899.0,219,13.76,1101,8899
20000,44,17736.0,235,14.4,2264,17736
40000,44,35587.0,235,14.4,4413,35587
60000,44,53411.0,235,14.4,6589,53411
80000,44,71259.0,235,14.4,8741,71259
100000,44,89064.0,235,14.4,10936,89064
200000,44,177873.0,235,14.4,22127,177873
400000,44,355596.0,235,14.4,44404,355596
600000,44,533581.0,235,14.4,66419,533581
800000,44,711400.0,235,14.4,88600,711400
1000000,44,889371.0,235,14.4,110629,889371
2,45,2.0,1,0.09,0,2
3,45,3.0,2,0.13,0,3
100,45,82.0,67,4.38,18,82
200,45,169.0,133,8.67,31,169
2000,45,1761.0,200,13.0,239,1761
10000,45,8820.0,200,13.0,1180,8820
20000,45,17690.0,200,13.0,2310,17690
40000,45,35505.0,200,13.0,4495,35505
60000,45,53299.0,200,13.0,6701,53299
80000,45,71110.0,200,13.0,8890,71110
100000,45,88848.0,200,13.0,11152,88848
200000,45,177915.0,200,13.0,22085,177915
400000,45,355858.0,200,13.0,44142,355858
600000,45,534036.0,200,13.0,65964,534036
800000,45,712002.0,200,13.0,87998,712002
1000000,45,889977.0,200,13.0,110023,889977
2,46,2.0,1,0.09,0,2
3,46,2.0,2,0.13,1,2
100,46,81.0,67,4.38,19,81
200,46,167.0,133,8.67,33,167
2000,46,1781.0,200,13.0,219,1781
10000,46,8855.0,200,13.0,1145,8855
20000,46,17812.0,200,13.0,2188,17812
40000,46,35614.0,200,13.0,4386,35614
60000,46,53389.0,200,13.0,6611,53389
80000,46,71172.0,200,13.0,8828,71172
100000,46,88941.0,200,13.0,11059,88941
200000,46,177979.0,200,13.0,22021,177979
400000,46,356071.0,200,13.0,43929,356071
600000,46,534127.0,200,13.0,65873,534127
800000,46,712349.0,200,13.0,87651,712349
1000000,46,889966.0,200,13.0,110034,889966
2,47,1.0,1,0.09,1,1
3,47,2.0,2,0.13,1,2
100,47,75.0,67,4.38,25,75
200,47,152.0,133,8.67,48,152
2000,47,1739.0,200,13.0,261,1739
10000,47,8858.0,200,13.0,1142,8858
20000,47,17751.0,200,13.0,2249,17751
40000,47,35550.0,200,13.0,4450,35550
60000,47,53333.0,200,13.0,6667,53333
80000,47,71206.0,200,13.0,8794,71206
100000,47,88982.0,200,13.0,11018,88982
200000,47,178011.0,200,13.0,21989,178011
400000,47,355898.0,200,13.0,44102,355898
600000,47,533588.0,200,13.0,66412,533588
800000,47,711575.0,200,13.0,88425,711575
1000000,47,889362.0,200,13.0,110638,889362
2,48,1.0,1,0.09,1,1
3,48,1.0,2,0.13,2,1
100,48,79.0,67,4.38,21,79
200,48,161.0,133,8.67,39,161
2000,48,1767.0,200,13.0,233,1767
10000,48,8885.0,200,13.0,1115,8885
20000,48,17784.0,200,13.0,2216,17784
40000,48,35592.0,200,13.0,4408,35592
60000,48,53413.0,200,13.0,6587,53413
80000,48,71118.0,200,13.0,8882,71118
100000,48,88898.0,200,13.0,11102,88898
200000,48,177940.0,200,13.0,22060,177940
400000,48,355882.0,200,13.0,44118,355882
600000,48,533846.0,200,13.0,66154,533846
800000,48,711426.0,200,13.0,88574,711426
1000000,48,889592.0,200,13.0,110408,889592
2,49,2.0,1,0.09,0,2
3,49,3.0,2,0.13,0,3
100,49,86.0,67,4.38,14,86
200,49,175.0,133,8.67,25,175
2000,49,1747.0,299,21.91,253,1747
10000,49,8889.0,299,21.91,1111,8889
20000,49,17835.0,299,21.91,2165,17835
40000,49,35614.0,299,21.91,4386,35614
60000,49,53444.0,299,21.91,6556,53444
80000,49,71231.0,299,21.91,8769,71231
100000,49,89040.0,299,21.91,10960,89040
200000,49,178089.0,299,21.91,21911,178089
400000,49,356207.0,299,21.91,43793,356207
600000,49,534572.0,299,21.91,65428,534572
800000,49,712554.0,299,21.91,87446,712554
1000000,49,890739.0,299,21.91,109261,890739
2,50,1.0,1,0.09,1,1
3,50,2.0,2,0.13,1,2
100,50,85.0,67,4.38,15,85
200,50,167.0,133,8.67,33,167
2000,50,1752.0,392,20.68,248,1752
10000,50,8850.0,392,20.68,1150,8850
20000,50,17764.0,392,20.68,2236,17764
40000,50,35548.0,392,20.68,4452,35548
60000,50,53312.0,392,20.68,6688,53312
80000,50,71122.0,392,20.68,8878,71122
100000,50,88922.0,392,20.68,11078,88922
200000,50,177860.0,392,20.68,22140,177860
400000,50,355837.0,392,20.68,44163,355837
600000,50,533743.0,392,20.68,66257,533743
800000,50,711769.0,392,20.68,88231,711769
1000000,50,889815.0,392,20.68,110185,889815
2,51,2.0,1,0.09,0,2
3,51,2.0,2,0.13,1,2
100,51,81.0,67,4.38,19,81
200,51,165.0,133,8.67,35,165
2000,51,1777.0,200,13.0,223,1777
10000,51,8931.0,200,13.0,1069,8931
20000,51,17793.0,200,13.0,2207,17793
40000,51,35613.0,200,13.0,4387,35613
60000,51,53363.0,200,13.0,6637,53363
80000,51,71013.0,200,13.0,8987,71013
100000,51,88876.0,200,13.0,11124,88876
200000,51,177934.0,200,13.0,22066,177934
400000,51,355875.0,200,13.0,44125,355875
600000,51,533846.0,200,13.0,66154,533846
800000,51,712279.0,200,13.0,87721,712279
1000000,51,890313.0,200,13.0,109687,890313
2,52,2.0,1,0.09,0,2
3,52,3.0,2,0.13,0,3
100,52,84.0,67,4.38,16,84
200,52,167.0,133,8.67,33,167
2000,52,1685.0,1900,81.0,315,1685
10000,52,8480.0,9900,401.0,1520,8480
20000,52,17007.0,19900,801.0,2993,17007
40000,52,34014.0,39900,1601.0,5986,34014
60000,52,50900.0,59900,2401.0,9100,50900
80000,52,67908.0,79900,3201.0,12092,67908
100000,52,84846.0,99900,4001.0,15154,84846
200000,52,169639.0,199900,8001.0,30361,169639
400000,52,339656.0,399900,16001.0,60344,339656
600000,52,509765.0,599900,24001.0,90235,509765
800000,52,679987.0,799900,32001.0,120013,679987
1000000,52,850116.0,999900,40001.0,149884,850116
2,53,2.0,1,0.09,0,2
3,53,2.0,2,0.13,1,2
100,53,86.0,67,4.38,14,86
200,53,173.0,133,8.67,27,173
2000,53,1791.0,200,13.0,209,1791
10000,53,8965.0,200,13.0,1035,8965
20000,53,17858.0,200,13.0,2142,17858
40000,53,35599.0,200,13.0,4401,35599
60000,53,53429.0,200,13.0,6571,53429
80000,53,71158.0,200,13.0,8842,71158
100000,53,88905.0,200,13.0,11095,88905
200000,53,177977.0,200,13.0,22023,177977
400000,53,355858.0,200,13.0,44142,355858
600000,53,533915.0,200,13.0,66085,533915
800000,53,711933.0,200,13.0,88067,711933
1000000,53,890006.0,200,13.0,109994,890006
2,54,2.0,1,0.09,0,2
3,54,3.0,2,0.13,0,3
100,54,84.0,67,4.38,16,84
200,54,168.0,133,8.67,32,168
2000,54,1748.0,201,13.04,252,1748
10000,54,8833.0,201,13.04,1167,8833
20000,54,17733.0,201,13.04,2267,17733
40000,54,35545.0,201,13.04,4455,35545
60000,54,53371.0,201,13.04,6629,53371
80000,54,71159.0,201,13.04,8841,71159
100000,54,88992.0,201,13.04,11008,88992
200000,54,177930.0,201,13.04,22070,177930
400000,54,355815.0,201,13.04,44185,355815
600000,54,533592.0,201,13.04,66408,533592
800000,54,711776.0,201,13.04,88224,711776
1000000,54,889785.0,201,13.04,110215,889785
2,55,2.0,1,0.09,0,2
3,55,3.0,2,0.13,0,3
100,55,84.0,67,4.38,16,84
200,55,163.0,133,8.67,37,163
2000,55,1770.0,200,13.0,230,1770
10000,55,8919.0,200,13.0,1081,8919
20000,55,17806.0,200,13.0,2194,17806
40000,55,35607.0,200,13.0,4393,35607
60000,55,53381.0,200,13.0,6619,53381
80000,55,71192.0,200,13.0,8808,71192
100000,55,88978.0,200,13.0,11022,88978
200000,55,178025.0,200,13.0,21975,178025
400000,55,356131.0,200,13.0,43869,356131
600000,55,534157.0,200,13.0,65843,534157
800000,55,712216.0,200,13.0,87784,712216
1000000,55,890195.0,200,13.0,109805,890195
2,56,2.0,1,0.09,0,2
3,56,3.0,2,0.13,0,3
100,56,88.0,67,4.38,12,88
200,56,169.0,133,8.67,31,169
2000,56,1761.0,200,13.0,239,1761
10000,56,8860.0,200,13.0,1140,8860
20000,56,17790.0,200,13.0,2210,17790
40000,56,35549.0,200,13.0,4451,35549
60000,56,53358.0,200,13.0,6642,53358
80000,56,71247.0,200,13.0,8753,71247
100000,56,89078.0,200,13.0,10922,89078
200000,56,178241.0,200,13.0,21759,178241
400000,56,356098.0,200,13.0,43902,356098
600000,56,534171.0,200,13.0,65829,534171
800000,56,712014.0,200,13.0,87986,712014
1000000,56,890187.0,200,13.0,109813,890187
2,57,2.0,1,0.09,0,2
3,57,3.0,2,0.13,0,3
100,57,80.0,67,4.38,20,80
200,57,156.0,133,8.67,44,156
2000,57,1766.0,200,13.0,234,1766
10000,57,8912.0,200,13.0,1088,8912
20000,57,17851.0,200,13.0,2149,17851
40000,57,35589.0,200,13.0,4411,35589
60000,57,53381.0,200,13.0,6619,53381
80000,57,71174.0,200,13.0,8826,71174
100000,57,88962.0,200,13.0,11038,88962
200000,57,178044.0,200,13.0,21956,178044
400000,57,355914.0,200,13.0,44086,355914
600000,57,533873.0,200,13.0,66127,533873
800000,57,711534.0,200,13.0,88466,711534
1000000,57,889541.0,200,13.0,110459,889541
2,58,2.0,1,0.09,0,2
3,58,3.0,2,0.13,0,3
100,58,81.0,67,4.38,19,81
200,58,172.0,133,8.67,28,172
2000,58,1769.0,200,13.0,231,1769
10000,58,8908.0,200,13.0,1092,8908
20000,58,17797.0,200,13.0,2203,17797
40000,58,35647.0,200,13.0,4353,35647
60000,58,53393.0,200,13.0,6607,53393
80000,58,71199.0,200,13.0,8801,71199
100000,58,89017.0,200,13.0,10983,89017
200000,58,177905.0,200,13.0,22095,177905
400000,58,355722.0,200,13.0,44278,355722
600000,58,533593.0,200,13.0,66407,533593
800000,58,711477.0,200,13.0,88523,711477
1000000,58,889520.0,200,13.0,110480,889520
2,59,2.0,1,0.09,0,2
3,59,2.0,2,0.13,1,2
100,59,85.0,67,4.38,15,85
200,59,164.0,133,8.67,36,164
2000,59,1756.0,200,13.0,244,1756
10000,59,8854.0,200,13.0,1146,8854
20000,59,17744.0,200,13.0,2256,17744
40000,59,35562.0,200,13.0,4438,35562
60000,59,53396.0,200,13.0,6604,53396
80000,59,71115.0,200,13.0,8885,71115
100000,59,88859.0,200,13.0,11141,88859
200000,59,177856.0,200,13.0,22144,177856
400000,59,355980.0,200,13.0,44020,355980
600000,59,533661.0,200,13.0,66339,533661
800000,59,711721.0,200,13.0,88279,711721
1000000,59,889513.0,200,13.0,110487,889513
2,60,2.0,1,0.09,0,2
3,60,3.0,2,0.13,0,3
100,60,85.0,67,4.38,15,85
200,60,170.0,133,8.67,30,170
2000,60,1771.0,200,13.0,229,1771
10000,60,8902.0,200,13.0,1098,8902
20000,60,17750.0,200,13.0,2250,17750
40000,60,35543.0,200,13.0,4457,35543
60000,60,53365.0,200,13.0,6635,53365
80000,60,71122.0,200,13.0,8878,71122
100000,60,88900.0,200,13.0,11100,88900
200000,60,177834.0,200,13.0,22166,177834
400000,60,355984.0,200,13.0,44016,355984
600000,60,534099.0,200,13.0,65901,534099
800000,60,712157.0,200,13.0,87843,712157
1000000,60,889977.0,200,13.0,110023,889977
2,61,1.0,1,0.09,1,1
3,61,2.0,2,0.13,1,2
100,61,82.0,67,4.38,18,82
200,61,169.0,133,8.67,31,169
2000,61,1756.0,200,13.0,244,1756
10000,61,8882.0,200,13.0,1118,8882
20000,61,17774.0,200,13.0,2226,17774
40000,61,35608.0,200,13.0,4392,35608
60000,61,53441.0,200,13.0,6559,53441
80000,61,71219.0,200,13.0,8781,71219
100000,61,89029.0,200,13.0,10971,89029
200000,61,178064.0,200,13.0,21936,178064
400000,61,356133.0,200,13.0,43867,356133
600000,61,534050.0,200,13.0,65950,534050
800000,61,712197.0,200,13.0,87803,712197
1000000,61,890308.0,200,13.0,109692,890308
2,62,1.0,1,0.09,1,1
3,62,2.0,2,0.13,1,2
100,62,84.0,67,4.38,16,84
200,62,162.0,133,8.67,38,162
2000,62,1774.0,200,13.0,226,1774
10000,62,8889.0,200,13.0,1111,8889
20000,62,17768.0,200,13.0,2232,17768
40000,62,35629.0,200,13.0,4371,35629
60000,62,53470.0,200,13.0,6530,53470
80000,62,71229.0,200,13.0,8771,71229
100000,62,89053.0,200,13.0,10947,89053
200000,62,178077.0,200,13.0,21923,178077
400000,62,355969.0,200,13.0,44031,355969
600000,62,533819.0,200,13.0,66181,533819
800000,62,711986.0,200,13.0,88014,711986
1000000,62,890088.0,200,13.0,109912,890088
2,63,2.0,1,0.09,0,2
3,63,3.0,2,0.13,0,3
100,63,88.0,67,4.38,12,88
200,63,171.0,133,8.67,29,171
2000,63,1774.0,203,13.12,226,1774
10000,63,8891.0,203,13.12,1109,8891
20000,63,17786.0,203,13.12,2214,17786
40000,63,35534.0,203,13.12,4466,35534
60000,63,53337.0,203,13.12,6663,53337
80000,63,71153.0,203,13.12,8847,71153
100000,63,88901.0,203,13.12,11099,88901
200000,63,177613.0,203,13.12,22387,177613
400000,63,355531.0,203,13.12,44469,355531
600000,63,533506.0,203,13.12,66494,533506
800000,63,711394.0,203,13.12,88606,711394
1000000,63,889440.0,203,13.12,110560,889440
2,64,2.0,1,0.09,0,2
3,64,3.0,2,0.13,0,3
100,64,89.0,67,4.38,11,89
200,64,177.0,133,8.67,23,177
2000,64,1752.0,433,22.32,248,1752
10000,64,8906.0,433,22.32,1094,8906
20000,64,17775.0,433,22.32,2225,17775
40000,64,35532.0,433,22.32,4468,35532
60000,64,53361.0,433,22.32,6639,53361
80000,64,71226.0,433,22.32,8774,71226
100000,64,89074.0,433,22.32,10926,89074
200000,64,178058.0,433,22.32,21942,178058
400000,64,356035.0,433,22.32,43965,356035
600000,64,534043.0,433,22.32,65957,534043
800000,64,712128.0,433,22.32,87872,712128
1000000,64,889912.0,433,22.32,110088,889912
2,65,2.0,1,0.09,0,2
3,65,3.0,2,0.13,0,3
100,65,73.0,67,4.38,27,73
200,65,157.0,133,8.67,43,157
2000,65,1774.0,200,13.0,226,1774
10000,65,8875.0,200,13.0,1125,8875
20000,65,17823.0,200,13.0,2177,17823
40000,65,35646.0,200,13.0,4354,35646
60000,65,53410.0,200,13.0,6590,53410
80000,65,71244.0,200,13.0,8756,71244
100000,65,89119.0,200,13.0,10881,89119
200000,65,177927.0,200,13.0,22073,177927
400000,65,356059.0,200,13.0,43941,356059
600000,65,534066.0,200,13.0,65934,534066
800000,65,711942.0,200,13.0,88058,711942
1000000,65,890035.0,200,13.0,109965,890035
2,66,0.0,1,0.09,2,0
3,66,0.0,2,0.13,3,0
100,66,80.0,67,4.38,20,80
200,66,160.0,133,8.67,40,160
2000,66,1762.0,200,13.0,238,1762
10000,66,8919.0,200,13.0,1081,8919
20000,66,17825.0,200,13.0,2175,17825
40000,66,35644.0,200,13.0,4356,35644
60000,66,53416.0,200,13.0,6584,53416
80000,66,71212.0,200,13.0,8788,71212
100000,66,88989.0,200,13.0,11011,88989
200000,66,177984.0,200,13.0,22016,177984
400000,66,356004.0,200,13.0,43996,356004
600000,66,534089.0,200,13.0,65911,534089
800000,66,712149.0,200,13.0,87851,712149
1000000,66,890162.0,200,13.0,109838,890162
2,67,2.0,1,0.09,0,2
3,67,2.0,2,0.13,1,2
100,67,83.0,67,4.38,17,83
200,67,159.0,133,8.67,41,159
2000,67,1757.0,200,13.0,243,1757
10000,67,8865.0,200,13.0,1135,8865
20000,67,17759.0,200,13.0,2241,17759
40000,67,35570.0,200,13.0,4430,35570
60000,67,53310.0,200,13.0,6690,53310
80000,67,71112.0,200,13.0,8888,71112
100000,67,88942.0,200,13.0,11058,88942
200000,67,178104.0,200,13.0,21896,178104
400000,67,356012.0,200,13.0,43988,356012
600000,67,533933.0,200,13.0,66067,533933
800000,67,711681.0,200,13.0,88319,711681
1000000,67,889690.0,200,13.0,110310,889690
2,68,1.0,1,0.09,1,1
3,68,2.0,2,0.13,1,2
100,68,84.0,67,4.38,16,84
200,68,168.0,133,8.67,32,168
2000,68,1760.0,231,14.24,240,1760
10000,68,8885.0,231,14.24,1115,8885
20000,68,17787.0,231,14.24,2213,17787
40000,68,35540.0,231,14.24,4460,35540
60000,68,53452.0,231,14.24,6548,53452
80000,68,71326.0,231,14.24,8674,71326
100000,68,89104.0,231,14.24,10896,89104
200000,68,178012.0,231,14.24,21988,178012
400000,68,355997.0,231,14.24,44003,355997
600000,68,533909.0,231,14.24,66091,533909
800000,68,711793.0,231,14.24,88207,711793
1000000,68,890029.0,231,14.24,109971,890029
2,69,1.0,1,0.09,1,1
3,69,2.0,2,0.13,1,2
100,69,86.0,67,4.38,14,86
200,69,169.0,133,8.67,31,169
2000,69,1762.0,200,13.0,238,1762
10000,69,8881.0,200,13.0,1119,8881
20000,69,17815.0,200,13.0,2185,17815
40000,69,35672.0,200,13.0,4328,35672
60000,69,53428.0,200,13.0,6572,53428
80000,69,71197.0,200,13.0,8803,71197
100000,69,89004.0,200,13.0,10996,89004
200000,69,177939.0,200,13.0,22061,177939
400000,69,355921.0,200,13.0,44079,355921
600000,69,533778.0,200,13.0,66222,533778
800000,69,711578.0,200,13.0,88422,711578
1000000,69,889444.0,200,13.0,110556,889444
2,70,2.0,1,0.09,0,2
3,70,3.0,2,0.13,0,3
100,70,85.0,67,4.38,15,85
200,70,178.0,133,8.67,22,178
2000,70,1762.0,200,13.0,238,1762
10000,70,8859.0,200,13.0,1141,8859
20000,70,17759.0,200,13.0,2241,17759
40000,70,35582.0,200,13.0,4418,35582
60000,70,53385.0,200,13.0,6615,53385
80000,70,71216.0,200,13.0,8784,71216
100000,70,89023.0,200,13.0,10977,89023
200000,70,177811.0,200,13.0,22189,177811
400000,70,355809.0,200,13.0,44191,355809
600000,70,533988.0,200,13.0,66012,533988
800000,70,712074.0,200,13.0,87926,712074
1000000,70,890295.0,200,13.0,109705,890295
2,71,2.0,1,0.09,0,2
3,71,3.0,2,0.13,0,3
100,71,81.0,67,4.38,19,81
200,71,165.0,133,8.67,35,165
2000,71,1777.0,200,13.0,223,1777
10000,71,8939.0,200,13.0,1061,8939
20000,71,17805.0,200,13.0,2195,17805
40000,71,35697.0,200,13.0,4303,35697
60000,71,53490.0,200,13.0,6510,53490
80000,71,71289.0,200,13.0,8711,71289
100000,71,89163.0,200,13.0,10837,89163
200000,71,178080.0,200,13.0,21920,178080
400000,71,355937.0,200,13.0,44063,355937
600000,71,533684.0,200,13.0,66316,533684
800000,71,711948.0,200,13.0,88052,711948
1000000,71,889929.0,200,13.0,110071,889929
2,72,1.0,1,0.09,1,1
3,72,2.0,2,0.13,1,2
100,72,87.0,67,4.38,13,87
200,72,174.0,133,8.67,26,174
2000,72,1761.0,340,18.6,239,1761
10000,72,8928.0,340,18.6,1072,8928
20000,72,17877.0,340,18.6,2123,17877
40000,72,35667.0,340,18.6,4333,35667
60000,72,53434.0,340,18.6,6566,53434
80000,72,71208.0,340,18.6,8792,71208
100000,72,89015.0,340,18.6,10985,89015
200000,72,178034.0,340,18.6,21966,178034
400000,72,356085.0,340,18.6,43915,356085
600000,72,534243.0,340,18.6,65757,534243
800000,72,712194.0,340,18.6,87806,712194
1000000,72,890198.0,340,18.6,109802,890198
2,73,2.0,1,0.09,0,2
3,73,3.0,2,0.13,0,3
100,73,89.0,67,4.38,11,89
200,73,172.0,133,8.67,28,172
2000,73,1757.0,200,13.0,243,1757
10000,73,8893.0,200,13.0,1107,8893
20000,73,17749.0,200,13.0,2251,17749
40000,73,35527.0,200,13.0,4473,35527
60000,73,53334.0,200,13.0,6666,53334
80000,73,71121.0,200,13.0,8879,71121
100000,73,88897.0,200,13.0,11103,88897
200000,73,177895.0,200,13.0,22105,177895
400000,73,355897.0,200,13.0,44103,355897
600000,73,533959.0,200,13.0,66041,533959
800000,73,711767.0,200,13.0,88233,711767
1000000,73,889723.0,200,13.0,110277,889723
2,74,2.0,1,0.09,0,2
3,74,3.0,2,0.13,0,3
100,74,84.0,67,4.38,16,84
200,74,171.0,133,8.67,29,171
2000,74,1769.0,279,16.16,231,1769
10000,74,8881.0,279,16.16,1119,8881
20000,74,17768.0,279,16.16,2232,17768
40000,74,35621.0,279,16.16,4379,35621
60000,74,53479.0,279,16.16,6521,53479
80000,74,71317.0,279,16.16,8683,71317
100000,74,89105.0,279,16.16,10895,89105
200000,74,178012.0,279,16.16,21988,178012
400000,74,356129.0,279,16.16,43871,356129
600000,74,534238.0,279,16.16,65762,534238
800000,74,712281.0,279,16.16,87719,712281
1000000,74,890718.0,279,16.16,109282,890718
2,75,2.0,1,0.09,0,2
3,75,3.0,2,0.13,0,3
100,75,86.0,67,4.38,14,86
200,75,170.0,133,8.67,30,170
2000,75,1756.0,275,16.0,244,1756
10000,75,8838.0,275,16.0,1162,8838
20000,75,17758.0,275,16.0,2242,17758
40000,75,35516.0,275,16.0,4484,35516
60000,75,53305.0,275,16.0,6695,53305
80000,75,71082.0,275,16.0,8918,71082
100000,75,88861.0,275,16.0,11139,88861
200000,75,178049.0,275,16.0,21951,178049
400000,75,356118.0,275,16.0,43882,356118
600000,75,534066.0,275,16.0,65934,534066
800000,75,711878.0,275,16.0,88122,711878
1000000,75,889793.0,275,16.0,110207,889793
2,76,1.0,1,0.09,1,1
3,76,2.0,2,0.13,1,2
100,76,84.0,67,4.38,16,84
200,76,172.0,133,8.67,28,172
2000,76,1761.0,217,13.68,239,1761
10000,76,8914.0,217,13.68,1086,8914
20000,76,17743.0,217,13.68,2257,17743
40000,76,35531.0,217,13.68,4469,35531
60000,76,53372.0,217,13.68,6628,53372
80000,76,71182.0,217,13.68,8818,71182
100000,76,88958.0,217,13.68,11042,88958
200000,76,177890.0,217,13.68,22110,177890
400000,76,355968.0,217,13.68,44032,355968
600000,76,534072.0,217,13.68,65928,534072
800000,76,712129.0,217,13.68,87871,712129
1000000,76,890344.0,217,13.68,109656,890344
2,77,2.0,1,0.09,0,2
3,77,3.0,2,0.13,0,3
100,77,85.0,67,4.38,15,85
200,77,165.0,133,8.67,35,165
2000,77,1765.0,200,13.0,235,1765
10000,77,8867.0,200,13.0,1133,8867
20000,77,17777.0,200,13.0,2223,17777
40000,77,35553.0,200,13.0,4447,35553
60000,77,53365.0,200,13.0,6635,53365
80000,77,71224.0,200,13.0,8776,71224
100000,77,89013.0,200,13.0,10987,89013
200000,77,177979.0,200,13.0,22021,177979
400000,77,355646.0,200,13.0,44354,355646
600000,77,533658.0,200,13.0,66342,533658
800000,77,711724.0,200,13.0,88276,711724
1000000,77,889824.0,200,13.0,110176,889824
2,78,1.0,1,0.09,1,1
3,78,2.0,2,0.13,1,2
100,78,86.0,67,4.38,14,86
200,78,177.0,133,8.67,23,177
2000,78,1778.0,204,13.16,222,1778
10000,78,8893.0,204,13.16,1107,8893
20000,78,17781.0,204,13.16,2219,17781
40000,78,35528.0,204,13.16,4472,35528
60000,78,53366.0,204,13.16,6634,53366
80000,78,71105.0,204,13.16,8895,71105
100000,78,88970.0,204,13.16,11030,88970
200000,78,178097.0,204,13.16,21903,178097
400000,78,356127.0,204,13.16,43873,356127
600000,78,534046.0,204,13.16,65954,534046
800000,78,712159.0,204,13.16,87841,712159
1000000,78,890108.0,204,13.16,109892,890108
2,79,2.0,1,0.09,0,2
3,79,3.0,2,0.13,0,3
100,79,85.0,67,4.38,15,85
200,79,180.0,133,8.67,20,180
2000,79,1786.0,200,13.0,214,1786
10000,79,8919.0,200,13.0,1081,8919
20000,79,17774.0,200,13.0,2226,17774
40000,79,35611.0,200,13.0,4389,35611
60000,79,53336.0,200,13.0,6664,53336
80000,79,71117.0,200,13.0,8883,71117
100000,79,88898.0,200,13.0,11102,88898
200000,79,177932.0,200,13.0,22068,177932
400000,79,355837.0,200,13.0,44163,355837
600000,79,533671.0,200,13.0,66329,533671
800000,79,711810.0,200,13.0,88190,711810
1000000,79,889728.0,200,13.0,110272,889728
2,80,2.0,1,0.09,0,2
3,80,2.0,2,0.13,1,2
100,80,89.0,67,4.38,11,89
200,80,174.0,133,8.67,26,174
2000,80,1775.0,241,14.64,225,1775
10000,80,8873.0,241,14.64,1127,8873
20000,80,17793.0,241,14.64,2207,17793
40000,80,35589.0,241,14.64,4411,35589
60000,80,53466.0,241,14.64,6534,53466
80000,80,71281.0,241,14.64,8719,71281
100000,80,89088.0,241,14.64,10912,89088
200000,80,178015.0,241,14.64,21985,178015
400000,80,355815.0,241,14.64,44185,355815
600000,80,534168.0,241,14.64,65832,534168
800000,80,711955.0,241,14.64,88045,711955
1000000,80,890019.0,241,14.64,109981,890019
2,81,2.0,1,0.09,0,2
3,81,3.0,2,0.13,0,3
100,81,90.0,67,4.38,10,90
200,81,176.0,133,8.67,24,176
2000,81,1790.0,200,13.0,210,1790
10000,81,8946.0,200,13.0,1054,8946
20000,81,17885.0,200,13.0,2115,17885
40000,81,35630.0,200,13.0,4370,35630
60000,81,53419.0,200,13.0,6581,53419
80000,81,71247.0,200,13.0,8753,71247
100000,81,89015.0,200,13.0,10985,89015
200000,81,177965.0,200,13.0,22035,177965
400000,81,355981.0,200,13.0,44019,355981
600000,81,534119.0,200,13.0,65881,534119
800000,81,712239.0,200,13.0,87761,712239
1000000,81,890190.0,200,13.0,109810,890190
2,82,1.0,1,0.09,1,1
3,82,2.0,2,0.13,1,2
100,82,84.0,67,4.38,16,84
200,82,174.0,133,8.67,26,174
2000,82,1751.0,303,17.12,249,1751
10000,82,8870.0,303,17.12,1130,8870
20000,82,17807.0,303,17.12,2193,17807
40000,82,35503.0,303,17.12,4497,35503
60000,82,53278.0,303,17.12,6722,53278
80000,82,71042.0,303,17.12,8958,71042
100000,82,88855.0,303,17.12,11145,88855
200000,82,177833.0,303,17.12,22167,177833
400000,82,355825.0,303,17.12,44175,355825
600000,82,533920.0,303,17.12,66080,533920
800000,82,711750.0,303,17.12,88250,711750
1000000,82,889629.0,303,17.12,110371,889629
2,83,2.0,1,0.09,0,2
3,83,3.0,2,0.13,0,3
100,83,86.0,67,4.38,14,86
200,83,176.0,133,8.67,24,176
2000,83,1775.0,200,13.0,225,1775
10000,83,8896.0,200,13.0,1104,8896
20000,83,17783.0,200,13.0,2217,17783
40000,83,35677.0,200,13.0,4323,35677
60000,83,53459.0,200,13.0,6541,53459
80000,83,71254.0,200,13.0,8746,71254
100000,83,89009.0,200,13.0,10991,89009
200000,83,178104.0,200,13.0,21896,178104
400000,83,356103.0,200,13.0,43897,356103
600000,83,533944.0,200,13.0,66056,533944
800000,83,711996.0,200,13.0,88004,711996
1000000,83,890092.0,200,13.0,109908,890092
2,84,2.0,1,0.09,0,2
3,84,3.0,2,0.13,0,3
100,84,85.0,67,4.38,15,85
200,84,173.0,133,8.67,27,173
2000,84,1787.0,215,13.6,213,1787
10000,84,8915.0,215,13.6,1085,8915
20000,84,17754.0,215,13.6,2246,17754
40000,84,35644.0,215,13.6,4356,35644
60000,84,53483.0,215,13.6,6517,53483
80000,84,71255.0,215,13.6,8745,71255
100000,84,89054.0,215,13.6,10946,89054
200000,84,178131.0,215,13.6,21869,178131
400000,84,356266.0,215,13.6,43734,356266
600000,84,534142.0,215,13.6,65858,534142
800000,84,711840.0,215,13.6,88160,711840
1000000,84,889919.0,215,13.6,110081,889919
2,85,2.0,1,0.09,0,2
3,85,3.0,2,0.13,0,3
100,85,89.0,67,4.38,11,89
200,85,176.0,133,8.67,24,176
2000,85,1795.0,200,13.0,205,1795
10000,85,8919.0,200,13.0,1081,8919
20000,85,17789.0,200,13.0,2211,17789
40000,85,35547.0,200,13.0,4453,35547
60000,85,53310.0,200,13.0,6690,53310
80000,85,71070.0,200,13.0,8930,71070
100000,85,88891.0,200,13.0,11109,88891
200000,85,178090.0,200,13.0,21910,178090
400000,85,355969.0,200,13.0,44031,355969
600000,85,534035.0,200,13.0,65965,534035
800000,85,712457.0,200,13.0,87543,712457
1000000,85,890520.0,200,13.0,109480,890520
2,86,1.0,1,0.09,1,1
3,86,2.0,2,0.13,1,2
100,86,87.0,67,4.38,13,87
200,86,170.0,133,8.67,30,170
2000,86,1747.0,543,26.72,253,1747
10000,86,8878.0,543,26.72,1122,8878
20000,86,17862.0,543,26.72,2138,17862
40000,86,35637.0,543,26.72,4363,35637
60000,86,53362.0,543,26.72,6638,53362
80000,86,71121.0,543,26.72,8879,71121
100000,86,88996.0,543,26.72,11004,88996
200000,86,177960.0,543,26.72,22040,177960
400000,86,355995.0,543,26.72,44005,355995
600000,86,533991.0,543,26.72,66009,533991
800000,86,711868.0,543,26.72,88132,711868
1000000,86,889903.0,543,26.72,110097,889903
2,87,1.0,1,0.09,1,1
3,87,2.0,2,0.13,1,2
100,87,82.0,67,4.38,18,82
200,87,162.0,133,8.67,38,162
2000,87,1752.0,200,13.0,248,1752
10000,87,8844.0,200,13.0,1156,8844
20000,87,17730.0,200,13.0,2270,17730
40000,87,35580.0,200,13.0,4420,35580
60000,87,53417.0,200,13.0,6583,53417
80000,87,71276.0,200,13.0,8724,71276
100000,87,89049.0,200,13.0,10951,89049
200000,87,178012.0,200,13.0,21988,178012
400000,87,355903.0,200,13.0,44097,355903
600000,87,533862.0,200,13.0,66138,533862
800000,87,711733.0,200,13.0,88267,711733
1000000,87,889823.0,200,13.0,110177,889823
2,88,2.0,1,0.09,0,2
3,88,3.0,2,0.13,0,3
100,88,81.0,67,4.38,19,81
200,88,162.0,133,8.67,38,162
2000,88,1756.0,200,13.0,244,1756
10000,88,8877.0,200,13.0,1123,8877
20000,88,17773.0,200,13.0,2227,17773
40000,88,35557.0,200,13.0,4443,35557
60000,88,53370.0,200,13.0,6630,53370
80000,88,71211.0,200,13.0,8789,71211
100000,88,88956.0,200,13.0,11044,88956
200000,88,178140.0,200,13.0,21860,178140
400000,88,356331.0,200,13.0,43669,356331
600000,88,534361.0,200,13.0,65639,534361
800000,88,712170.0,200,13.0,87830,712170
1000000,88,889854.0,200,13.0,110146,889854
2,89,1.0,1,0.09,1,1
3,89,2.0,2,0.13,1,2
100,89,84.0,67,4.38,16,84
200,89,168.0,133,8.67,32,168
2000,89,1733.0,1210,53.4,267,1733
10000,89,8875.0,1210,53.4,1125,8875
20000,89,17802.0,1210,53.4,2198,17802
40000,89,35646.0,1210,53.4,4354,35646
60000,89,53381.0,1210,53.4,6619,53381
80000,89,71203.0,1210,53.4,8797,71203
100000,89,88990.0,1210,53.4,11010,88990
200000,89,178094.0,1210,53.4,21906,178094
400000,89,356193.0,1210,53.4,43807,356193
600000,89,534174.0,1210,53.4,65826,534174
800000,89,712226.0,1210,53.4,87774,712226
1000000,89,890443.0,1210,53.4,109557,890443
2,90,2.0,1,0.09,0,2
3,90,3.0,2,0.13,0,3
100,90,85.0,67,4.38,15,85
200,90,174.0,133,8.67,26,174
2000,90,1753.0,221,13.94,247,1753
10000,90,8860.0,221,13.94,1140,8860
20000,90,17751.0,221,13.94,2249,17751
40000,90,35541.0,221,13.94,4459,35541
60000,90,53355.0,221,13.94,6645,53355
80000,90,71090.0,221,13.94,8910,71090
100000,90,88833.0,221,13.94,11167,88833
200000,90,177963.0,221,13.94,22037,177963
400000,90,355748.0,221,13.94,44252,355748
600000,90,533657.0,221,13.94,66343,533657
800000,90,711673.0,221,13.94,88327,711673
1000000,90,889799.0,221,13.94,110201,889799
2,91,1.0,1,0.09,1,1
3,91,2.0,2,0.13,1,2
100,91,79.0,67,4.38,21,79
200,91,165.0,133,8.67,35,165
2000,91,1702.0,1900,81.0,298,1702
10000,91,8522.0,9900,401.0,1478,8522
20000,91,17040.0,19900,801.0,2960,17040
40000,91,34015.0,39900,1601.0,5985,34015
60000,91,51044.0,59900,2401.0,8956,51044
80000,91,68028.0,79900,3201.0,11972,68028
100000,91,85066.0,99900,4001.0,14934,85066
200000,91,170253.0,199900,8001.0,29747,170253
400000,91,340311.0,399900,16001.0,59689,340311
600000,91,510549.0,599900,24001.0,89451,510549
800000,91,680678.0,799900,32001.0,119322,680678
1000000,91,850805.0,999900,40001.0,149195,850805
2,92,1.0,1,0.09,1,1
3,92,2.0,2,0.13,1,2
100,92,86.0,67,4.38,14,86
200,92,172.0,133,8.67,28,172
2000,92,1786.0,207,13.28,214,1786
10000,92,8901.0,207,13.28,1099,8901
20000,92,17797.0,207,13.28,2203,17797
40000,92,35626.0,207,13.28,4374,35626
60000,92,53412.0,207,13.28,6588,53412
80000,92,71259.0,207,13.28,8741,71259
100000,92,89045.0,207,13.28,10955,89045
200000,92,178124.0,207,13.28,21876,178124
400000,92,356098.0,207,13.28,43902,356098
600000,92,534223.0,207,13.28,65777,534223
800000,92,711964.0,207,13.28,88036,711964
1000000,92,890047.0,207,13.28,109953,890047
2,93,1.0,1,0.09,1,1
3,93,1.0,2,0.13,2,1
100,93,80.0,67,4.38,20,80
200,93,164.0,133,8.67,36,164
2000,93,1755.0,200,13.0,245,1755
10000,93,8887.0,200,13.0,1113,8887
20000,93,17785.0,200,13.0,2215,17785
40000,93,35583.0,200,13.0,4417,35583
60000,93,53315.0,200,13.0,6685,53315
80000,93,71107.0,200,13.0,8893,71107
100000,93,88903.0,200,13.0,11097,88903
200000,93,177812.0,200,13.0,22188,177812
400000,93,355761.0,200,13.0,44239,355761
600000,93,533790.0,200,13.0,66210,533790
800000,93,711902.0,200,13.0,88098,711902
1000000,93,889741.0,200,13.0,110259,889741
2,94,2.0,1,0.09,0,2
3,94,2.0,2,0.13,1,2
100,94,83.0,67,4.38,17,83
200,94,171.0,133,8.67,29,171
2000,94,1699.0,1876,80.04,301,1699
10000,94,8474.0,9876,400.04,1526,8474
20000,94,17023.0,19876,800.04,2977,17023
40000,94,33999.0,39876,1600.04,6001,33999
60000,94,51012.0,59876,2400.04,8988,51012
80000,94,68087.0,79876,3200.04,11913,68087
100000,94,85045.0,99876,4000.04,14955,85045
200000,94,170114.0,199876,8000.04,29886,170114
400000,94,340089.0,399876,16000.04,59911,340089
600000,94,510275.0,599876,24000.04,89725,510275
800000,94,680213.0,799876,32000.04,119787,680213
1000000,94,849887.0,999876,40000.04,150113,849887
2,95,2.0,1,0.09,0,2
3,95,3.0,2,0.13,0,3
100,95,88.0,67,4.38,12,88
200,95,172.0,133,8.67,28,172
2000,95,1756.0,297,16.88,244,1756
10000,95,8812.0,297,16.88,1188,8812
20000,95,17666.0,297,16.88,2334,17666
40000,95,35464.0,297,16.88,4536,35464
60000,95,53248.0,297,16.88,6752,53248
80000,95,71049.0,297,16.88,8951,71049
100000,95,88849.0,297,16.88,11151,88849
200000,95,177863.0,297,16.88,22137,177863
400000,95,355920.0,297,16.88,44080,355920
600000,95,534096.0,297,16.88,65904,534096
800000,95,712174.0,297,16.88,87826,712174
1000000,95,889973.0,297,16.88,110027,889973
2,96,2.0,1,0.09,0,2
3,96,3.0,2,0.13,0,3
100,96,81.0,67,4.38,19,81
200,96,164.0,133,8.67,36,164
2000,96,1743.0,200,13.0,257,1743
10000,96,8844.0,200,13.0,1156,8844
20000,96,17734.0,200,13.0,2266,17734
40000,96,35552.0,200,13.0,4448,35552
60000,96,53226.0,200,13.0,6774,53226
80000,96,71015.0,200,13.0,8985,71015
100000,96,88824.0,200,13.0,11176,88824
200000,96,177978.0,200,13.0,22022,177978
400000,96,355914.0,200,13.0,44086,355914
600000,96,533896.0,200,13.0,66104,533896
800000,96,711801.0,200,13.0,88199,711801
1000000,96,889599.0,200,13.0,110401,889599
2,97,2.0,1,0.09,0,2
3,97,3.0,2,0.13,0,3
100,97,84.0,67,4.38,16,84
200,97,168.0,133,8.67,32,168
2000,97,1701.0,903,76.27,299,1701
10000,97,8819.0,903,76.27,1181,8819
20000,97,17731.0,903,76.27,2269,17731
40000,97,35543.0,903,76.27,4457,35543
60000,97,53280.0,903,76.27,6720,53280
80000,97,70959.0,903,76.27,9041,70959
100000,97,88751.0,903,76.27,11249,88751
200000,97,177754.0,903,76.27,22246,177754
400000,97,356040.0,903,76.27,43960,356040
600000,97,534054.0,903,76.27,65946,534054
800000,97,712246.0,903,76.27,87754,712246
1000000,97,890329.0,903,76.27,109671,890329
2,98,2.0,1,0.09,0,2
3,98,3.0,2,0.13,0,3
100,98,79.0,67,4.38,21,79
200,98,158.0,133,8.67,42,158
2000,98,1755.0,200,13.0,245,1755
10000,98,8826.0,200,13.0,1174,8826
20000,98,17631.0,200,13.0,2369,17631
40000,98,35465.0,200,13.0,4535,35465
60000,98,53282.0,200,13.0,6718,53282
80000,98,71150.0,200,13.0,8850,71150
100000,98,88905.0,200,13.0,11095,88905
200000,98,177915.0,200,13.0,22085,177915
400000,98,356037.0,200,13.0,43963,356037
600000,98,534132.0,200,13.0,65868,534132
800000,98,712117.0,200,13.0,87883,712117
1000000,98,889845.0,200,13.0,110155,889845
2,99,2.0,1,0.09,0,2
3,99,3.0,2,0.13,0,3
100,99,78.0,67,4.38,22,78
200,99,164.0,133,8.67,36,164
2000,99,1757.0,317,17.68,243,1757
10000,99,8854.0,317,17.68,1146,8854
20000,99,17738.0,317,17.68,2262,17738
40000,99,35582.0,317,17.68,4418,35582
60000,99,53445.0,317,17.68,6555,53445
80000,99,71264.0,317,17.68,8736,71264
100000,99,89051.0,317,17.68,10949,89051
200000,99,178157.0,317,17.68,21843,178157
400000,99,356075.0,317,17.68,43925,356075
600000,99,534100.0,317,17.68,65900,534100
800000,99,712294.0,317,17.68,87706,712294
1000000,99,890303.0,317,17.68,109697,890303
2,100,2.0,1,0.09,0,2
3,100,3.0,2,0.13,0,3
100,100,86.0,67,4.38,14,86
200,100,171.0,133,8.67,29,171
2000,100,1745.0,839,38.56,255,1745
10000,100,8863.0,839,38.56,1137,8863
20000,100,17772.0,839,38.56,2228,17772
40000,100,35647.0,839,38.56,4353,35647
60000,100,53462.0,839,38.56,6538,53462
80000,100,71220.0,839,38.56,8780,71220
100000,100,89015.0,839,38.56,10985,89015
200000,100,178009.0,839,38.56,21991,178009
400000,100,355903.0,839,38.56,44097,355903
600000,100,533891.0,839,38.56,66109,533891
800000,100,711818.0,839,38.56,88182,711818
1000000,100,889559.0,839,38.56,110441,889559
