Timestep,Iteration,Total Reward,Suboptimal Arms,Total Regret,Zeros Count,Ones Count
2,1,2.0,1,0.01,0,2
3,1,3.0,2,0.06,0,3
100,1,86.0,66,1.98,14,86
200,1,171.0,133,3.97,29,171
2000,1,1802.0,200,6.0,198,1802
10000,1,8979.0,200,6.0,1021,8979
20000,1,17967.0,200,6.0,2033,17967
40000,1,36002.0,200,6.0,3998,36002
60000,1,53954.0,200,6.0,6046,53954
80000,1,71969.0,200,6.0,8031,71969
100000,1,89994.0,200,6.0,10006,89994
200000,1,180074.0,200,6.0,19926,180074
400000,1,360102.0,200,6.0,39898,360102
600000,1,539844.0,200,6.0,60156,539844
800000,1,719967.0,200,6.0,80033,719967
1000000,1,900067.0,200,6.0,99933,900067
2,2,2.0,1,0.01,0,2
3,2,3.0,2,0.06,0,3
100,2,91.0,66,1.98,9,91
200,2,181.0,133,3.97,19,181
2000,2,1810.0,300,7.0,190,1810
10000,2,9011.0,300,7.0,989,9011
20000,2,17947.0,300,7.0,2053,17947
40000,2,35992.0,300,7.0,4008,35992
60000,2,53965.0,300,7.0,6035,53965
80000,2,71981.0,300,7.0,8019,71981
100000,2,89975.0,300,7.0,10025,89975
200000,2,179855.0,300,7.0,20145,179855
400000,2,359857.0,300,7.0,40143,359857
600000,2,539720.0,300,7.0,60280,539720
800000,2,719839.0,300,7.0,80161,719839
1000000,2,900001.0,300,7.0,99999,900001
2,3,2.0,1,0.01,0,2
3,3,3.0,2,0.06,0,3
100,3,86.0,66,1.98,14,86
200,3,172.0,133,3.97,28,172
2000,3,1787.0,200,6.0,213,1787
10000,3,9024.0,200,6.0,976,9024
20000,3,18025.0,200,6.0,1975,18025
40000,3,36004.0,200,6.0,3996,36004
60000,3,54005.0,200,6.0,5995,54005
80000,3,71933.0,200,6.0,8067,71933
100000,3,89926.0,200,6.0,10074,89926
200000,3,179847.0,200,6.0,20153,179847
400000,3,359908.0,200,6.0,40092,359908
600000,3,539872.0,200,6.0,60128,539872
800000,3,720090.0,200,6.0,79910,720090
1000000,3,899922.0,200,6.0,100078,899922
2,4,2.0,1,0.01,0,2
3,4,3.0,2,0.06,0,3
100,4,88.0,66,1.98,12,88
200,4,176.0,133,3.97,24,176
2000,4,1784.0,1900,23.0,216,1784
10000,4,8916.0,9900,103.0,1084,8916
20000,4,17770.0,19900,203.0,2230,17770
40000,4,35581.0,39900,403.0,4419,35581
60000,4,53356.0,59900,603.0,6644,53356
80000,4,71237.0,79900,803.0,8763,71237
100000,4,89064.0,99900,1003.0,10936,89064
200000,4,178179.0,199900,2003.0,21821,178179
400000,4,356090.0,399900,4003.0,43910,356090
600000,4,534169.0,599900,6003.0,65831,534169
800000,4,711903.0,799900,8003.0,88097,711903
1000000,4,889787.0,999900,10003.0,110213,889787
2,5,2.0,1,0.01,0,2
3,5,3.0,2,0.06,0,3
100,5,86.0,66,1.98,14,86
200,5,178.0,133,3.97,22,178
2000,5,1787.0,482,8.82,213,1787
10000,5,9086.0,482,8.82,914,9086
20000,5,18172.0,482,8.82,1828,18172
40000,5,36202.0,482,8.82,3798,36202
60000,5,54180.0,482,8.82,5820,54180
80000,5,72168.0,482,8.82,7832,72168
100000,5,90187.0,482,8.82,9813,90187
200000,5,180319.0,482,8.82,19681,180319
400000,5,360574.0,482,8.82,39426,360574
600000,5,540603.0,482,8.82,59397,540603
800000,5,720863.0,482,8.82,79137,720863
1000000,5,901014.0,482,8.82,98986,901014
2,6,2.0,1,0.01,0,2
3,6,3.0,2,0.06,0,3
100,6,86.0,66,1.98,14,86
200,6,171.0,133,3.97,29,171
2000,6,1763.0,1900,23.0,237,1763
10000,6,8891.0,9900,103.0,1109,8891
20000,6,17797.0,19900,203.0,2203,17797
40000,6,35560.0,39900,403.0,4440,35560
60000,6,53395.0,59900,603.0,6605,53395
80000,6,71212.0,79900,803.0,8788,71212
100000,6,89025.0,99900,1003.0,10975,89025
200000,6,177805.0,199900,2003.0,22195,177805
400000,6,355754.0,399900,4003.0,44246,355754
600000,6,533582.0,599900,6003.0,66418,533582
800000,6,711509.0,799900,8003.0,88491,711509
1000000,6,889709.0,999900,10003.0,110291,889709
2,7,2.0,1,0.01,0,2
3,7,3.0,2,0.06,0,3
100,7,90.0,66,1.98,10,90
200,7,174.0,133,3.97,26,174
2000,7,1761.0,1710,21.1,239,1761
10000,7,8884.0,9710,101.1,1116,8884
20000,7,17756.0,19710,201.1,2244,17756
40000,7,35532.0,39710,401.1,4468,35532
60000,7,53391.0,59710,601.1,6609,53391
80000,7,71184.0,79710,801.1,8816,71184
100000,7,88951.0,99710,1001.1,11049,88951
200000,7,177873.0,199710,2001.1,22127,177873
400000,7,355914.0,399710,4001.1,44086,355914
600000,7,533809.0,599710,6001.1,66191,533809
800000,7,711959.0,799710,8001.1,88041,711959
1000000,7,889951.0,999710,10001.1,110049,889951
2,8,2.0,1,0.01,0,2
3,8,2.0,2,0.06,1,2
100,8,90.0,66,1.98,10,90
200,8,175.0,133,3.97,25,175
2000,8,1822.0,200,6.0,178,1822
10000,8,8965.0,200,6.0,1035,8965
20000,8,17954.0,200,6.0,2046,17954
40000,8,35900.0,200,6.0,4100,35900
60000,8,53897.0,200,6.0,6103,53897
80000,8,71957.0,200,6.0,8043,71957
100000,8,89987.0,200,6.0,10013,89987
200000,8,180173.0,200,6.0,19827,180173
400000,8,360226.0,200,6.0,39774,360226
600000,8,540206.0,200,6.0,59794,540206
800000,8,720123.0,200,6.0,79877,720123
1000000,8,900127.0,200,6.0,99873,900127
2,9,2.0,1,0.01,0,2
3,9,2.0,2,0.06,1,2
100,9,85.0,66,1.98,15,85
200,9,174.0,133,3.97,26,174
2000,9,1826.0,200,6.0,174,1826
10000,9,9029.0,200,6.0,971,9029
20000,9,17963.0,200,6.0,2037,17963
40000,9,35958.0,200,6.0,4042,35958
60000,9,53907.0,200,6.0,6093,53907
80000,9,71900.0,200,6.0,8100,71900
100000,9,89916.0,200,6.0,10084,89916
200000,9,179991.0,200,6.0,20009,179991
400000,9,359977.0,200,6.0,40023,359977
600000,9,539993.0,200,6.0,60007,539993
800000,9,719962.0,200,6.0,80038,719962
1000000,9,899819.0,200,6.0,100181,899819
2,10,2.0,1,0.01,0,2
3,10,3.0,2,0.06,0,3
100,10,96.0,66,1.98,4,96
200,10,185.0,133,3.97,15,185
2000,10,1818.0,921,13.21,182,1818
10000,10,9008.0,1557,19.57,992,9008
20000,10,18006.0,3976,43.76,1994,18006
40000,10,35968.0,10960,113.6,4032,35968
60000,10,54008.0,10960,113.6,5992,54008
80000,10,72053.0,10960,113.6,7947,72053
100000,10,90073.0,10960,113.6,9927,90073
200000,10,180113.0,10960,113.6,19887,180113
400000,10,359966.0,10960,113.6,40034,359966
600000,10,540007.0,10960,113.6,59993,540007
800000,10,720016.0,10960,113.6,79984,720016
1000000,10,900171.0,10960,113.6,99829,900171
2,11,2.0,1,0.01,0,2
3,11,3.0,2,0.06,0,3
100,11,87.0,66,1.98,13,87
200,11,178.0,133,3.97,22,178
2000,11,1798.0,252,6.96,202,1798
10000,11,8995.0,252,6.96,1005,8995
20000,11,18040.0,252,6.96,1960,18040
40000,11,36031.0,252,6.96,3969,36031
60000,11,53988.0,252,6.96,6012,53988
80000,11,72002.0,252,6.96,7998,72002
100000,11,90022.0,252,6.96,9978,90022
200000,11,179997.0,252,6.96,20003,179997
400000,11,359975.0,252,6.96,40025,359975
600000,11,539974.0,252,6.96,60026,539974
800000,11,720013.0,252,6.96,79987,720013
1000000,11,899991.0,252,6.96,100009,899991
2,12,2.0,1,0.01,0,2
3,12,3.0,2,0.06,0,3
100,12,89.0,66,1.98,11,89
200,12,176.0,133,3.97,24,176
2000,12,1795.0,235,6.35,205,1795
10000,12,8999.0,235,6.35,1001,8999
20000,12,17987.0,235,6.35,2013,17987
40000,12,35950.0,235,6.35,4050,35950
60000,12,54026.0,235,6.35,5974,54026
80000,12,72082.0,235,6.35,7918,72082
100000,12,90110.0,235,6.35,9890,90110
200000,12,180111.0,235,6.35,19889,180111
400000,12,359976.0,235,6.35,40024,359976
600000,12,539792.0,235,6.35,60208,539792
800000,12,719562.0,235,6.35,80438,719562
1000000,12,899810.0,235,6.35,100190,899810
2,13,2.0,1,0.01,0,2
3,13,3.0,2,0.06,0,3
100,13,85.0,66,1.98,15,85
200,13,177.0,133,3.97,23,177
2000,13,1776.0,200,6.0,224,1776
10000,13,8993.0,200,6.0,1007,8993
20000,13,17983.0,200,6.0,2017,17983
40000,13,36039.0,200,6.0,3961,36039
60000,13,54048.0,200,6.0,5952,54048
80000,13,72053.0,200,6.0,7947,72053
100000,13,90068.0,200,6.0,9932,90068
200000,13,180165.0,200,6.0,19835,180165
400000,13,359931.0,200,6.0,40069,359931
600000,13,539973.0,200,6.0,60027,539973
800000,13,720158.0,200,6.0,79842,720158
1000000,13,900263.0,200,6.0,99737,900263
2,14,2.0,1,0.01,0,2
3,14,3.0,2,0.06,0,3
100,14,87.0,66,1.98,13,87
200,14,172.0,133,3.97,28,172
2000,14,1784.0,333,7.33,216,1784
10000,14,9015.0,333,7.33,985,9015
20000,14,18015.0,333,7.33,1985,18015
40000,14,36070.0,333,7.33,3930,36070
60000,14,54058.0,333,7.33,5942,54058
80000,14,72077.0,333,7.33,7923,72077
100000,14,90016.0,333,7.33,9984,90016
200000,14,179971.0,333,7.33,20029,179971
400000,14,360137.0,333,7.33,39863,360137
600000,14,540342.0,333,7.33,59658,540342
800000,14,720239.0,333,7.33,79761,720239
1000000,14,900182.0,333,7.33,99818,900182
2,15,2.0,1,0.01,0,2
3,15,3.0,2,0.06,0,3
100,15,90.0,66,1.98,10,90
200,15,181.0,133,3.97,19,181
2000,15,1792.0,1067,14.67,208,1792
10000,15,8981.0,1090,14.9,1019,8981
20000,15,18028.0,1090,14.9,1972,18028
40000,15,36058.0,1090,14.9,3942,36058
60000,15,53990.0,1090,14.9,6010,53990
80000,15,71883.0,1090,14.9,8117,71883
100000,15,89921.0,1090,14.9,10079,89921
200000,15,179945.0,1090,14.9,20055,179945
400000,15,359911.0,1090,14.9,40089,359911
600000,15,539856.0,1090,14.9,60144,539856
800000,15,720184.0,1090,14.9,79816,720184
1000000,15,900186.0,1090,14.9,99814,900186
2,16,2.0,1,0.01,0,2
3,16,3.0,2,0.06,0,3
100,16,92.0,66,1.98,8,92
200,16,179.0,133,3.97,21,179
2000,16,1780.0,1830,22.3,220,1780
10000,16,8891.0,9830,102.3,1109,8891
20000,16,17809.0,19830,202.3,2191,17809
40000,16,35687.0,39830,402.3,4313,35687
60000,16,53468.0,59830,602.3,6532,53468
80000,16,71197.0,79830,802.3,8803,71197
100000,16,89082.0,99830,1002.3,10918,89082
200000,16,178068.0,199830,2002.3,21932,178068
400000,16,356263.0,399830,4002.3,43737,356263
600000,16,534277.0,599830,6002.3,65723,534277
800000,16,712391.0,799830,8002.3,87609,712391
1000000,16,890621.0,999830,10002.3,109379,890621
2,17,2.0,1,0.01,0,2
3,17,3.0,2,0.06,0,3
100,17,82.0,66,1.98,18,82
200,17,172.0,133,3.97,28,172
2000,17,1790.0,211,6.11,210,1790
10000,17,8945.0,211,6.11,1055,8945
20000,17,17983.0,211,6.11,2017,17983
40000,17,35888.0,211,6.11,4112,35888
60000,17,53862.0,211,6.11,6138,53862
80000,17,71866.0,211,6.11,8134,71866
100000,17,89899.0,211,6.11,10101,89899
200000,17,179903.0,211,6.11,20097,179903
400000,17,359693.0,211,6.11,40307,359693
600000,17,539461.0,211,6.11,60539,539461
800000,17,719592.0,211,6.11,80408,719592
1000000,17,899542.0,211,6.11,100458,899542
2,18,1.0,1,0.01,1,1
3,18,1.0,2,0.06,2,1
100,18,85.0,66,1.98,15,85
200,18,176.0,133,3.97,24,176
2000,18,1808.0,1885,22.85,192,1808
10000,18,8949.0,9880,102.8,1051,8949
20000,18,17891.0,19880,202.8,2109,17891
40000,18,35720.0,39880,402.8,4280,35720
60000,18,53470.0,59876,602.76,6530,53470
80000,18,71270.0,79876,802.76,8730,71270
100000,18,89156.0,99876,1002.76,10844,89156
200000,18,178099.0,199876,2002.76,21901,178099
400000,18,355970.0,399876,4002.76,44030,355970
600000,18,533952.0,599876,6002.76,66048,533952
800000,18,711973.0,799876,8002.76,88027,711973
1000000,18,889997.0,999876,10002.76,110003,889997
2,19,2.0,1,0.01,0,2
3,19,3.0,2,0.06,0,3
100,19,90.0,66,1.98,10,90
200,19,177.0,133,3.97,23,177
2000,19,1797.0,214,6.14,203,1797
10000,19,8981.0,214,6.14,1019,8981
20000,19,17966.0,214,6.14,2034,17966
40000,19,35919.0,214,6.14,4081,35919
60000,19,53871.0,214,6.14,6129,53871
80000,19,71865.0,214,6.14,8135,71865
100000,19,89874.0,214,6.14,10126,89874
200000,19,179813.0,214,6.14,20187,179813
400000,19,359750.0,214,6.14,40250,359750
600000,19,539581.0,214,6.14,60419,539581
800000,19,719473.0,214,6.14,80527,719473
1000000,19,899815.0,214,6.14,100185,899815
2,20,2.0,1,0.01,0,2
3,20,3.0,2,0.06,0,3
100,20,88.0,66,1.98,12,88
200,20,176.0,133,3.97,24,176
2000,20,1814.0,200,6.0,186,1814
10000,20,9040.0,200,6.0,960,9040
20000,20,18028.0,200,6.0,1972,18028
40000,20,36001.0,200,6.0,3999,36001
60000,20,53989.0,200,6.0,6011,53989
80000,20,71947.0,200,6.0,8053,71947
100000,20,89915.0,200,6.0,10085,89915
200000,20,179832.0,200,6.0,20168,179832
400000,20,359821.0,200,6.0,40179,359821
600000,20,539802.0,200,6.0,60198,539802
800000,20,720026.0,200,6.0,79974,720026
1000000,20,900132.0,200,6.0,99868,900132
2,21,2.0,1,0.01,0,2
3,21,3.0,2,0.06,0,3
100,21,87.0,66,1.98,13,87
200,21,171.0,133,3.97,29,171
2000,21,1797.0,213,6.13,203,1797
10000,21,8953.0,213,6.13,1047,8953
20000,21,17968.0,213,6.13,2032,17968
40000,21,35953.0,213,6.13,4047,35953
60000,21,54043.0,213,6.13,5957,54043
80000,21,72068.0,213,6.13,7932,72068
100000,21,90038.0,213,6.13,9962,90038
200000,21,179844.0,213,6.13,20156,179844
400000,21,359692.0,213,6.13,40308,359692
600000,21,539714.0,213,6.13,60286,539714
800000,21,719852.0,213,6.13,80148,719852
1000000,21,899865.0,213,6.13,100135,899865
2,22,1.0,1,0.01,1,1
3,22,2.0,2,0.06,1,2
100,22,87.0,66,1.98,13,87
200,22,178.0,133,3.97,22,178
2000,22,1772.0,1900,23.0,228,1772
10000,22,8911.0,9900,103.0,1089,8911
20000,22,17817.0,19900,203.0,2183,17817
40000,22,35600.0,39900,403.0,4400,35600
60000,22,53406.0,59900,603.0,6594,53406
80000,22,71201.0,79900,803.0,8799,71201
100000,22,89057.0,99900,1003.0,10943,89057
200000,22,178012.0,199900,2003.0,21988,178012
400000,22,355972.0,399900,4003.0,44028,355972
600000,22,533985.0,599900,6003.0,66015,533985
800000,22,712181.0,799900,8003.0,87819,712181
1000000,22,890227.0,999900,10003.0,109773,890227
2,23,2.0,1,0.01,0,2
3,23,3.0,2,0.06,0,3
100,23,85.0,66,1.98,15,85
200,23,174.0,133,3.97,26,174
2000,23,1783.0,1900,23.0,217,1783
10000,23,8887.0,9900,103.0,1113,8887
20000,23,17778.0,19900,203.0,2222,17778
40000,23,35596.0,39900,403.0,4404,35596
60000,23,53343.0,59900,603.0,6657,53343
80000,23,71173.0,79900,803.0,8827,71173
100000,23,88999.0,99900,1003.0,11001,88999
200000,23,178196.0,199900,2003.0,21804,178196
400000,23,356401.0,399900,4003.0,43599,356401
600000,23,534437.0,599900,6003.0,65563,534437
800000,23,712426.0,799900,8003.0,87574,712426
1000000,23,890587.0,999900,10003.0,109413,890587
2,24,2.0,1,0.01,0,2
3,24,3.0,2,0.06,0,3
100,24,84.0,66,1.98,16,84
200,24,170.0,133,3.97,30,170
2000,24,1758.0,1900,23.0,242,1758
10000,24,8849.0,9900,103.0,1151,8849
20000,24,17797.0,19900,203.0,2203,17797
40000,24,35639.0,39900,403.0,4361,35639
60000,24,53495.0,59900,603.0,6505,53495
80000,24,71267.0,79900,803.0,8733,71267
100000,24,89039.0,99900,1003.0,10961,89039
200000,24,178140.0,199900,2003.0,21860,178140
400000,24,356170.0,399900,4003.0,43830,356170
600000,24,534056.0,599900,6003.0,65944,534056
800000,24,712386.0,799900,8003.0,87614,712386
1000000,24,890296.0,999900,10003.0,109704,890296
2,25,1.0,1,0.01,1,1
3,25,2.0,2,0.06,1,2
100,25,82.0,66,1.98,18,82
200,25,174.0,133,3.97,26,174
2000,25,1807.0,200,6.0,193,1807
10000,25,9033.0,200,6.0,967,9033
20000,25,18078.0,200,6.0,1922,18078
40000,25,36075.0,200,6.0,3925,36075
60000,25,54093.0,200,6.0,5907,54093
80000,25,72095.0,200,6.0,7905,72095
100000,25,90052.0,200,6.0,9948,90052
200000,25,180001.0,200,6.0,19999,180001
400000,25,359934.0,200,6.0,40066,359934
600000,25,540050.0,200,6.0,59950,540050
800000,25,720312.0,200,6.0,79688,720312
1000000,25,900519.0,200,6.0,99481,900519
2,26,2.0,1,0.01,0,2
3,26,2.0,2,0.06,1,2
100,26,86.0,66,1.98,14,86
200,26,173.0,133,3.97,27,173
2000,26,1771.0,200,6.0,229,1771
10000,26,8991.0,200,6.0,1009,8991
20000,26,17988.0,200,6.0,2012,17988
40000,26,36064.0,200,6.0,3936,36064
60000,26,54009.0,200,6.0,5991,54009
80000,26,71907.0,200,6.0,8093,71907
100000,26,89845.0,200,6.0,10155,89845
200000,26,179888.0,200,6.0,20112,179888
400000,26,359792.0,200,6.0,40208,359792
600000,26,539844.0,200,6.0,60156,539844
800000,26,719855.0,200,6.0,80145,719855
1000000,26,899641.0,200,6.0,100359,899641
2,27,2.0,1,0.01,0,2
3,27,3.0,2,0.06,0,3
100,27,82.0,66,1.98,18,82
200,27,168.0,133,3.97,32,168
2000,27,1784.0,204,6.04,216,1784
10000,27,8935.0,204,6.04,1065,8935
20000,27,17947.0,204,6.04,2053,17947
40000,27,35993.0,204,6.04,4007,35993
60000,27,53974.0,204,6.04,6026,53974
80000,27,71854.0,204,6.04,8146,71854
100000,27,89916.0,204,6.04,10084,89916
200000,27,180074.0,204,6.04,19926,180074
400000,27,359999.0,204,6.04,40001,359999
600000,27,540049.0,204,6.04,59951,540049
800000,27,720230.0,204,6.04,79770,720230
1000000,27,900257.0,204,6.04,99743,900257
2,28,2.0,1,0.01,0,2
3,28,3.0,2,0.06,0,3
100,28,86.0,66,1.98,14,86
200,28,177.0,133,3.97,23,177
2000,28,1796.0,200,6.0,204,1796
10000,28,8983.0,265,6.65,1017,8983
20000,28,17994.0,265,6.65,2006,17994
40000,28,36047.0,265,6.65,3953,36047
60000,28,54078.0,265,6.65,5922,54078
80000,28,72109.0,265,6.65,7891,72109
100000,28,90095.0,265,6.65,9905,90095
200000,28,180130.0,265,6.65,19870,180130
400000,28,360135.0,265,6.65,39865,360135
600000,28,540150.0,265,6.65,59850,540150
800000,28,720053.0,265,6.65,79947,720053
1000000,28,900022.0,265,6.65,99978,900022
2,29,2.0,1,0.01,0,2
3,29,3.0,2,0.06,0,3
100,29,92.0,66,1.98,8,92
200,29,180.0,133,3.97,20,180
2000,29,1787.0,200,6.0,213,1787
10000,29,9002.0,200,6.0,998,9002
20000,29,18001.0,200,6.0,1999,18001
40000,29,35894.0,200,6.0,4106,35894
60000,29,53911.0,200,6.0,6089,53911
80000,29,71921.0,200,6.0,8079,71921
100000,29,89881.0,200,6.0,10119,89881
200000,29,179861.0,200,6.0,20139,179861
400000,29,359907.0,200,6.0,40093,359907
600000,29,539996.0,200,6.0,60004,539996
800000,29,719962.0,200,6.0,80038,719962
1000000,29,900007.0,200,6.0,99993,900007
2,30,2.0,1,0.01,0,2
3,30,3.0,2,0.06,0,3
100,30,95.0,66,1.98,5,95
200,30,182.0,133,3.97,18,182
2000,30,1792.0,1900,24.04,208,1792
10000,30,8845.0,9900,104.12,1155,8845
20000,30,17774.0,19900,204.12,2226,17774
40000,30,35602.0,39900,404.12,4398,35602
60000,30,53407.0,59900,604.12,6593,53407
80000,30,71271.0,79900,804.12,8729,71271
100000,30,89038.0,99900,1004.12,10962,89038
200000,30,177896.0,199900,2004.12,22104,177896
400000,30,355949.0,399900,4004.12,44051,355949
600000,30,533960.0,599900,6004.12,66040,533960
800000,30,712104.0,799900,8004.12,87896,712104
1000000,30,889967.0,999900,10004.12,110033,889967
2,31,2.0,1,0.01,0,2
3,31,3.0,2,0.06,0,3
100,31,89.0,66,1.98,11,89
200,31,182.0,133,3.97,18,182
2000,31,1804.0,452,16.08,196,1804
10000,31,9017.0,452,16.08,983,9017
20000,31,18014.0,452,16.08,1986,18014
40000,31,35975.0,452,16.08,4025,35975
60000,31,54001.0,452,16.08,5999,54001
80000,31,72058.0,452,16.08,7942,72058
100000,31,90054.0,452,16.08,9946,90054
200000,31,179950.0,452,16.08,20050,179950
400000,31,359706.0,452,16.08,40294,359706
600000,31,539765.0,452,16.08,60235,539765
800000,31,719729.0,452,16.08,80271,719729
1000000,31,899671.0,452,16.08,100329,899671
2,32,1.0,1,0.01,1,1
3,32,2.0,2,0.06,1,2
100,32,85.0,66,1.98,15,85
200,32,168.0,133,3.97,32,168
2000,32,1768.0,1900,23.0,232,1768
10000,32,8876.0,9900,103.0,1124,8876
20000,32,17836.0,19900,203.0,2164,17836
40000,32,35684.0,39900,403.0,4316,35684
60000,32,53501.0,59900,603.0,6499,53501
80000,32,71243.0,79900,803.0,8757,71243
100000,32,88965.0,99900,1003.0,11035,88965
200000,32,177919.0,199900,2003.0,22081,177919
400000,32,355967.0,399900,4003.0,44033,355967
600000,32,533723.0,599900,6003.0,66277,533723
800000,32,711907.0,799900,8003.0,88093,711907
1000000,32,890095.0,999900,10003.0,109905,890095
2,33,2.0,1,0.01,0,2
3,33,3.0,2,0.06,0,3
100,33,87.0,66,1.98,13,87
200,33,177.0,133,3.97,23,177
2000,33,1775.0,1900,27.08,225,1775
10000,33,8907.0,9900,107.08,1093,8907
20000,33,17792.0,19900,207.08,2208,17792
40000,33,35627.0,39900,407.08,4373,35627
60000,33,53426.0,59900,607.08,6574,53426
80000,33,71160.0,79900,807.08,8840,71160
100000,33,88994.0,99900,1007.08,11006,88994
200000,33,178139.0,199900,2007.08,21861,178139
400000,33,356068.0,399900,4007.08,43932,356068
600000,33,534213.0,599900,6007.08,65787,534213
800000,33,712240.0,799900,8007.08,87760,712240
1000000,33,890251.0,999900,10007.08,109749,890251
2,34,2.0,1,0.01,0,2
3,34,3.0,2,0.06,0,3
100,34,88.0,66,1.98,12,88
200,34,176.0,133,3.97,24,176
2000,34,1769.0,1880,22.8,231,1769
10000,34,8836.0,9861,102.61,1164,8836
20000,34,17737.0,19861,202.61,2263,17737
40000,34,35562.0,39861,402.61,4438,35562
60000,34,53354.0,59861,602.61,6646,53354
80000,34,71073.0,79861,802.61,8927,71073
100000,34,88919.0,99861,1002.61,11081,88919
200000,34,177868.0,199861,2002.61,22132,177868
400000,34,355862.0,399861,4002.61,44138,355862
600000,34,533937.0,599861,6002.61,66063,533937
800000,34,711603.0,799861,8002.61,88397,711603
1000000,34,889741.0,999861,10002.61,110259,889741
2,35,2.0,1,0.01,0,2
3,35,3.0,2,0.06,0,3
100,35,83.0,66,1.98,17,83
200,35,172.0,133,3.97,28,172
2000,35,1768.0,1900,41.92,232,1768
10000,35,8852.0,9900,121.92,1148,8852
20000,35,17807.0,19900,221.92,2193,17807
40000,35,35564.0,39900,421.92,4436,35564
60000,35,53341.0,59900,621.92,6659,53341
80000,35,71178.0,79900,821.92,8822,71178
100000,35,89001.0,99900,1021.92,10999,89001
200000,35,178082.0,199900,2021.92,21918,178082
400000,35,355889.0,399900,4021.92,44111,355889
600000,35,533898.0,599900,6021.92,66102,533898
800000,35,711885.0,799900,8021.92,88115,711885
1000000,35,890009.0,999900,10021.92,109991,890009
2,36,2.0,1,0.01,0,2
3,36,3.0,2,0.06,0,3
100,36,88.0,66,1.98,12,88
200,36,175.0,133,3.97,25,175
2000,36,1780.0,1885,22.85,220,1780
10000,36,8938.0,9885,102.85,1062,8938
20000,36,17802.0,19885,202.85,2198,17802
40000,36,35608.0,39885,402.85,4392,35608
60000,36,53391.0,59885,602.85,6609,53391
80000,36,71083.0,79885,802.85,8917,71083
100000,36,88920.0,99885,1002.85,11080,88920
200000,36,177845.0,199885,2002.85,22155,177845
400000,36,355903.0,399885,4002.85,44097,355903
600000,36,533744.0,599885,6002.85,66256,533744
800000,36,711602.0,799885,8002.85,88398,711602
1000000,36,889689.0,999885,10002.85,110311,889689
2,37,2.0,1,0.01,0,2
3,37,3.0,2,0.06,0,3
100,37,92.0,66,1.98,8,92
200,37,173.0,133,3.97,27,173
2000,37,1780.0,200,6.0,220,1780
10000,37,8942.0,200,6.0,1058,8942
20000,37,17991.0,200,6.0,2009,17991
40000,37,35964.0,200,6.0,4036,35964
60000,37,54000.0,200,6.0,6000,54000
80000,37,71953.0,200,6.0,8047,71953
100000,37,89948.0,200,6.0,10052,89948
200000,37,179869.0,200,6.0,20131,179869
400000,37,359684.0,200,6.0,40316,359684
600000,37,539869.0,200,6.0,60131,539869
800000,37,720017.0,200,6.0,79983,720017
1000000,37,899830.0,200,6.0,100170,899830
2,38,2.0,1,0.01,0,2
3,38,3.0,2,0.06,0,3
100,38,92.0,66,1.98,8,92
200,38,183.0,133,3.97,17,183
2000,38,1782.0,1176,15.76,218,1782
10000,38,8993.0,1303,17.03,1007,8993
20000,38,18008.0,1303,17.03,1992,18008
40000,38,35987.0,1303,17.03,4013,35987
60000,38,54048.0,1303,17.03,5952,54048
80000,38,72060.0,1303,17.03,7940,72060
100000,38,90093.0,1303,17.03,9907,90093
200000,38,180026.0,1303,17.03,19974,180026
400000,38,360042.0,1303,17.03,39958,360042
600000,38,540134.0,1303,17.03,59866,540134
800000,38,720182.0,1303,17.03,79818,720182
1000000,38,900058.0,1303,17.03,99942,900058
2,39,2.0,1,0.01,0,2
3,39,3.0,2,0.06,0,3
100,39,90.0,66,1.98,10,90
200,39,173.0,133,3.97,27,173
2000,39,1778.0,212,6.6,222,1778
10000,39,9030.0,212,6.6,970,9030
20000,39,18048.0,212,6.6,1952,18048
40000,39,36104.0,212,6.6,3896,36104
60000,39,54024.0,212,6.6,5976,54024
80000,39,72017.0,212,6.6,7983,72017
100000,39,90076.0,212,6.6,9924,90076
200000,39,180139.0,212,6.6,19861,180139
400000,39,360201.0,212,6.6,39799,360201
600000,39,540300.0,212,6.6,59700,540300
800000,39,720121.0,212,6.6,79879,720121
1000000,39,900310.0,212,6.6,99690,900310
2,40,2.0,1,0.01,0,2
3,40,3.0,2,0.06,0,3
100,40,91.0,66,1.98,9,91
200,40,177.0,133,3.97,23,177
2000,40,1772.0,1900,23.48,228,1772
10000,40,8909.0,9900,103.48,1091,8909
20000,40,17766.0,19900,203.48,2234,17766
40000,40,35634.0,39900,403.48,4366,35634
60000,40,53387.0,59900,603.48,6613,53387
80000,40,71220.0,79900,803.48,8780,71220
100000,40,88990.0,99900,1003.48,11010,88990
200000,40,178031.0,199900,2003.48,21969,178031
400000,40,355933.0,399900,4003.48,44067,355933
600000,40,534059.0,599900,6003.48,65941,534059
800000,40,711794.0,799900,8003.48,88206,711794
1000000,40,889543.0,999900,10003.48,110457,889543
2,41,2.0,1,0.01,0,2
3,41,3.0,2,0.06,0,3
100,41,85.0,66,1.98,15,85
200,41,171.0,133,3.97,29,171
2000,41,1799.0,200,6.0,201,1799
10000,41,8966.0,200,6.0,1034,8966
20000,41,17965.0,200,6.0,2035,17965
40000,41,35971.0,200,6.0,4029,35971
60000,41,53991.0,200,6.0,6009,53991
80000,41,71988.0,200,6.0,8012,71988
100000,41,89965.0,200,6.0,10035,89965
200000,41,180052.0,200,6.0,19948,180052
400000,41,360060.0,200,6.0,39940,360060
600000,41,540023.0,200,6.0,59977,540023
800000,41,719944.0,200,6.0,80056,719944
1000000,41,899993.0,200,6.0,100007,899993
2,42,2.0,1,0.01,0,2
3,42,3.0,2,0.06,0,3
100,42,88.0,66,1.98,12,88
200,42,177.0,133,3.97,23,177
2000,42,1779.0,1078,14.78,221,1779
10000,42,9009.0,1078,14.78,991,9009
20000,42,18049.0,1078,14.78,1951,18049
40000,42,36073.0,1078,14.78,3927,36073
60000,42,54087.0,1078,14.78,5913,54087
80000,42,72056.0,1078,14.78,7944,72056
100000,42,90071.0,1078,14.78,9929,90071
200000,42,180049.0,1078,14.78,19951,180049
400000,42,359850.0,1078,14.78,40150,359850
600000,42,539967.0,1078,14.78,60033,539967
800000,42,719815.0,1078,14.78,80185,719815
1000000,42,899654.0,1078,14.78,100346,899654
2,43,2.0,1,0.01,0,2
3,43,2.0,2,0.06,1,2
100,43,89.0,66,1.98,11,89
200,43,174.0,133,3.97,26,174
2000,43,1795.0,213,6.13,205,1795
10000,43,9037.0,213,6.13,963,9037
20000,43,18013.0,213,6.13,1987,18013
40000,43,36037.0,213,6.13,3963,36037
60000,43,53998.0,213,6.13,6002,53998
80000,43,71991.0,213,6.13,8009,71991
100000,43,90000.0,213,6.13,10000,90000
200000,43,180047.0,213,6.13,19953,180047
400000,43,360164.0,213,6.13,39836,360164
600000,43,540182.0,213,6.13,59818,540182
800000,43,720248.0,213,6.13,79752,720248
1000000,43,900510.0,213,6.13,99490,900510
2,44,2.0,1,0.01,0,2
3,44,3.0,2,0.06,0,3
100,44,84.0,66,1.98,16,84
200,44,173.0,133,3.97,27,173
2000,44,1776.0,1900,23.0,224,1776
10000,44,8859.0,9900,103.0,1141,8859
20000,44,17824.0,19900,203.0,2176,17824
40000,44,35649.0,39900,403.0,4351,35649
60000,44,53474.0,59900,603.0,6526,53474
80000,44,71265.0,79900,803.0,8735,71265
100000,44,89078.0,99900,1003.0,10922,89078
200000,44,177975.0,199900,2003.0,22025,177975
400000,44,355950.0,399900,4003.0,44050,355950
600000,44,533980.0,599900,6003.0,66020,533980
800000,44,712250.0,799900,8003.0,87750,712250
1000000,44,890376.0,999900,10003.0,109624,890376
2,45,2.0,1,0.01,0,2
3,45,3.0,2,0.06,0,3
100,45,85.0,66,1.98,15,85
200,45,168.0,133,3.97,32,168
2000,45,1750.0,1900,23.0,250,1750
10000,45,8838.0,9900,103.0,1162,8838
20000,45,17695.0,19900,203.0,2305,17695
40000,45,35501.0,39900,403.0,4499,35501
60000,45,53252.0,59900,603.0,6748,53252
80000,45,71126.0,79900,803.0,8874,71126
100000,45,88829.0,99900,1003.0,11171,88829
200000,45,177760.0,199900,2003.0,22240,177760
400000,45,355783.0,399900,4003.0,44217,355783
600000,45,533906.0,599900,6003.0,66094,533906
800000,45,712087.0,799900,8003.0,87913,712087
1000000,45,890185.0,999900,10003.0,109815,890185
2,46,1.0,1,0.01,1,1
3,46,2.0,2,0.06,1,2
100,46,88.0,66,1.98,12,88
200,46,174.0,133,3.97,26,174
2000,46,1783.0,545,9.45,217,1783
10000,46,8984.0,545,9.45,1016,8984
20000,46,18008.0,545,9.45,1992,18008
40000,46,36032.0,545,9.45,3968,36032
60000,46,54077.0,545,9.45,5923,54077
80000,46,72076.0,545,9.45,7924,72076
100000,46,90083.0,545,9.45,9917,90083
200000,46,180194.0,545,9.45,19806,180194
400000,46,360114.0,545,9.45,39886,360114
600000,46,540254.0,545,9.45,59746,540254
800000,46,720444.0,545,9.45,79556,720444
1000000,46,900329.0,545,9.45,99671,900329
2,47,2.0,1,0.01,0,2
3,47,3.0,2,0.06,0,3
100,47,82.0,66,1.98,18,82
200,47,173.0,133,3.97,27,173
2000,47,1767.0,200,6.0,233,1767
10000,47,8899.0,200,6.0,1101,8899
20000,47,17866.0,200,6.0,2134,17866
40000,47,35842.0,200,6.0,4158,35842
60000,47,53814.0,200,6.0,6186,53814
80000,47,71820.0,200,6.0,8180,71820
100000,47,89838.0,200,6.0,10162,89838
200000,47,179701.0,200,6.0,20299,179701
400000,47,359688.0,200,6.0,40312,359688
600000,47,539843.0,200,6.0,60157,539843
800000,47,719751.0,200,6.0,80249,719751
1000000,47,899805.0,200,6.0,100195,899805
2,48,2.0,1,0.01,0,2
3,48,3.0,2,0.06,0,3
100,48,88.0,66,1.98,12,88
200,48,182.0,133,3.97,18,182
2000,48,1755.0,229,6.29,245,1755
10000,48,8961.0,229,6.29,1039,8961
20000,48,18029.0,229,6.29,1971,18029
40000,48,36015.0,229,6.29,3985,36015
60000,48,54020.0,229,6.29,5980,54020
80000,48,72065.0,229,6.29,7935,72065
100000,48,90056.0,229,6.29,9944,90056
200000,48,180095.0,229,6.29,19905,180095
400000,48,360234.0,229,6.29,39766,360234
600000,48,540262.0,229,6.29,59738,540262
800000,48,720357.0,229,6.29,79643,720357
1000000,48,900385.0,229,6.29,99615,900385
2,49,2.0,1,0.01,0,2
3,49,3.0,2,0.06,0,3
100,49,90.0,66,1.98,10,90
200,49,182.0,133,3.97,18,182
2000,49,1763.0,1710,21.1,237,1763
10000,49,8882.0,9710,101.1,1118,8882
20000,49,17796.0,19710,201.1,2204,17796
40000,49,35577.0,39710,401.1,4423,35577
60000,49,53377.0,59710,601.1,6623,53377
80000,49,71211.0,79710,801.1,8789,71211
100000,49,88972.0,99710,1001.1,11028,88972
200000,49,178008.0,199710,2001.1,21992,178008
400000,49,356248.0,399710,4001.1,43752,356248
600000,49,534309.0,599710,6001.1,65691,534309
800000,49,712306.0,799710,8001.1,87694,712306
1000000,49,890214.0,999710,10001.1,109786,890214
2,50,2.0,1,0.01,0,2
3,50,3.0,2,0.06,0,3
100,50,91.0,66,1.98,9,91
200,50,180.0,133,3.97,20,180
2000,50,1779.0,224,7.2,221,1779
10000,50,8971.0,224,7.2,1029,8971
20000,50,18030.0,224,7.2,1970,18030
40000,50,35975.0,224,7.2,4025,35975
60000,50,53947.0,224,7.2,6053,53947
80000,50,71923.0,224,7.2,8077,71923
100000,50,89901.0,224,7.2,10099,89901
200000,50,179952.0,224,7.2,20048,179952
400000,50,359963.0,224,7.2,40037,359963
600000,50,539785.0,224,7.2,60215,539785
800000,50,719690.0,224,7.2,80310,719690
1000000,50,899708.0,224,7.2,100292,899708
2,51,2.0,1,0.01,0,2
3,51,2.0,2,0.06,1,2
100,51,85.0,66,1.98,15,85
200,51,168.0,133,3.97,32,168
2000,51,1793.0,1900,23.0,207,1793
10000,51,8896.0,9900,103.0,1104,8896
20000,51,17841.0,19900,203.0,2159,17841
40000,51,35618.0,39900,403.0,4382,35618
60000,51,53412.0,59900,603.0,6588,53412
80000,51,71215.0,79900,803.0,8785,71215
100000,51,88990.0,99900,1003.0,11010,88990
200000,51,178023.0,199900,2003.0,21977,178023
400000,51,356292.0,399900,4003.0,43708,356292
600000,51,534261.0,599900,6003.0,65739,534261
800000,51,712199.0,799900,8003.0,87801,712199
1000000,51,890060.0,999900,10003.0,109940,890060
2,52,2.0,1,0.01,0,2
3,52,3.0,2,0.06,0,3
100,52,85.0,66,1.98,15,85
200,52,168.0,133,3.97,32,168
2000,52,1749.0,1458,18.58,251,1749
10000,52,8941.0,1458,18.58,1059,8941
20000,52,17904.0,1458,18.58,2096,17904
40000,52,35921.0,1458,18.58,4079,35921
60000,52,53905.0,1458,18.58,6095,53905
80000,52,71911.0,1458,18.58,8089,71911
100000,52,89784.0,1458,18.58,10216,89784
200000,52,179906.0,1458,18.58,20094,179906
400000,52,359960.0,1458,18.58,40040,359960
600000,52,539838.0,1458,18.58,60162,539838
800000,52,719715.0,1458,18.58,80285,719715
1000000,52,899756.0,1458,18.58,100244,899756
2,53,1.0,1,0.01,1,1
3,53,1.0,2,0.06,2,1
100,53,87.0,66,1.98,13,87
200,53,173.0,133,3.97,27,173
2000,53,1796.0,289,10.45,204,1796
10000,53,8964.0,289,10.45,1036,8964
20000,53,17948.0,289,10.45,2052,17948
40000,53,35943.0,289,10.45,4057,35943
60000,53,53944.0,289,10.45,6056,53944
80000,53,71910.0,289,10.45,8090,71910
100000,53,89943.0,289,10.45,10057,89943
200000,53,179945.0,289,10.45,20055,179945
400000,53,359863.0,289,10.45,40137,359863
600000,53,539799.0,289,10.45,60201,539799
800000,53,719716.0,289,10.45,80284,719716
1000000,53,899768.0,289,10.45,100232,899768
2,54,2.0,1,0.01,0,2
3,54,3.0,2,0.06,0,3
100,54,88.0,66,1.98,12,88
200,54,176.0,133,3.97,24,176
2000,54,1788.0,229,6.29,212,1788
10000,54,8993.0,229,6.29,1007,8993
20000,54,17954.0,229,6.29,2046,17954
40000,54,35971.0,229,6.29,4029,35971
60000,54,54004.0,229,6.29,5996,54004
80000,54,71980.0,229,6.29,8020,71980
100000,54,89883.0,229,6.29,10117,89883
200000,54,179953.0,229,6.29,20047,179953
400000,54,360048.0,229,6.29,39952,360048
600000,54,540159.0,229,6.29,59841,540159
800000,54,719966.0,229,6.29,80034,719966
1000000,54,900037.0,229,6.29,99963,900037
2,55,1.0,1,0.01,1,1
3,55,2.0,2,0.06,1,2
100,55,88.0,66,1.98,12,88
200,55,182.0,133,3.97,18,182
2000,55,1796.0,1865,22.65,204,1796
10000,55,9009.0,2850,32.5,991,9009
20000,55,17996.0,2850,32.5,2004,17996
40000,55,35984.0,2850,32.5,4016,35984
60000,55,54012.0,2850,32.5,5988,54012
80000,55,71975.0,2850,32.5,8025,71975
100000,55,90028.0,2850,32.5,9972,90028
200000,55,179925.0,2850,32.5,20075,179925
400000,55,359958.0,2850,32.5,40042,359958
600000,55,539974.0,2850,32.5,60026,539974
800000,55,720123.0,2850,32.5,79877,720123
1000000,55,900113.0,2850,32.5,99887,900113
2,56,1.0,1,0.01,1,1
3,56,1.0,2,0.06,2,1
100,56,90.0,66,1.98,10,90
200,56,177.0,133,3.97,23,177
2000,56,1800.0,200,6.0,200,1800
10000,56,9035.0,200,6.0,965,9035
20000,56,18015.0,200,6.0,1985,18015
40000,56,36089.0,200,6.0,3911,36089
60000,56,54091.0,200,6.0,5909,54091
80000,56,72085.0,200,6.0,7915,72085
100000,56,90068.0,200,6.0,9932,90068
200000,56,180280.0,200,6.0,19720,180280
400000,56,360512.0,200,6.0,39488,360512
600000,56,540596.0,200,6.0,59404,540596
800000,56,720639.0,200,6.0,79361,720639
1000000,56,900603.0,200,6.0,99397,900603
2,57,2.0,1,0.01,0,2
3,57,3.0,2,0.06,0,3
100,57,88.0,66,1.98,12,88
200,57,174.0,133,3.97,26,174
2000,57,1780.0,1863,22.63,220,1780
10000,57,8901.0,9863,102.63,1099,8901
20000,57,17748.0,19863,202.63,2252,17748
40000,57,35591.0,39863,402.63,4409,35591
60000,57,53373.0,59863,602.63,6627,53373
80000,57,71196.0,79863,802.63,8804,71196
100000,57,89073.0,99863,1002.63,10927,89073
200000,57,177868.0,199863,2002.63,22132,177868
400000,57,355947.0,399863,4002.63,44053,355947
600000,57,533910.0,599863,6002.63,66090,533910
800000,57,711952.0,799863,8002.63,88048,711952
1000000,57,889691.0,999863,10002.63,110309,889691
2,58,2.0,1,0.01,0,2
3,58,3.0,2,0.06,0,3
100,58,91.0,66,1.98,9,91
200,58,177.0,133,3.97,23,177
2000,58,1786.0,200,6.0,214,1786
10000,58,8968.0,200,6.0,1032,8968
20000,58,18001.0,200,6.0,1999,18001
40000,58,36000.0,200,6.0,4000,36000
60000,58,53926.0,200,6.0,6074,53926
80000,58,71867.0,200,6.0,8133,71867
100000,58,89822.0,200,6.0,10178,89822
200000,58,179822.0,200,6.0,20178,179822
400000,58,359873.0,200,6.0,40127,359873
600000,58,539850.0,200,6.0,60150,539850
800000,58,719815.0,200,6.0,80185,719815
1000000,58,899936.0,200,6.0,100064,899936
2,59,2.0,1,0.01,0,2
3,59,3.0,2,0.06,0,3
100,59,93.0,66,1.98,7,93
200,59,178.0,133,3.97,22,178
2000,59,1786.0,1893,22.93,214,1786
10000,59,8901.0,9893,102.93,1099,8901
20000,59,17811.0,19893,202.93,2189,17811
40000,59,35660.0,39893,402.93,4340,35660
60000,59,53515.0,59893,602.93,6485,53515
80000,59,71311.0,79893,802.93,8689,71311
100000,59,89095.0,99893,1002.93,10905,89095
200000,59,178079.0,199893,2002.93,21921,178079
400000,59,355904.0,399893,4002.93,44096,355904
600000,59,533949.0,599893,6002.93,66051,533949
800000,59,712021.0,799893,8002.93,87979,712021
1000000,59,890073.0,999893,10002.93,109927,890073
2,60,2.0,1,0.01,0,2
3,60,3.0,2,0.06,0,3
100,60,92.0,66,1.98,8,92
200,60,178.0,133,3.97,22,178
2000,60,1788.0,1139,15.39,212,1788
10000,60,8962.0,1139,15.39,1038,8962
20000,60,17970.0,1139,15.39,2030,17970
40000,60,36002.0,1139,15.39,3998,36002
60000,60,54001.0,1139,15.39,5999,54001
80000,60,72006.0,1139,15.39,7994,72006
100000,60,89943.0,1139,15.39,10057,89943
200000,60,179919.0,1139,15.39,20081,179919
400000,60,359690.0,1139,15.39,40310,359690
600000,60,539826.0,1139,15.39,60174,539826
800000,60,719794.0,1139,15.39,80206,719794
1000000,60,899964.0,1139,15.39,100036,899964
2,61,1.0,1,0.01,1,1
3,61,2.0,2,0.06,1,2
100,61,89.0,66,1.98,11,89
200,61,177.0,133,3.97,23,177
2000,61,1768.0,1721,21.21,232,1768
10000,61,8894.0,9721,101.21,1106,8894
20000,61,17783.0,19721,201.21,2217,17783
40000,61,35611.0,39721,401.21,4389,35611
60000,61,53417.0,59721,601.21,6583,53417
80000,61,71110.0,79721,801.21,8890,71110
100000,61,88911.0,99721,1001.21,11089,88911
200000,61,177886.0,199721,2001.21,22114,177886
400000,61,355780.0,399721,4001.21,44220,355780
600000,61,533892.0,599721,6001.21,66108,533892
800000,61,712080.0,799721,8001.21,87920,712080
1000000,61,890185.0,999721,10001.21,109815,890185
2,62,2.0,1,0.01,0,2
3,62,3.0,2,0.06,0,3
100,62,92.0,66,1.98,8,92
200,62,181.0,133,3.97,19,181
2000,62,1783.0,1846,27.94,217,1783
10000,62,8913.0,9846,107.94,1087,8913
20000,62,17808.0,19846,207.94,2192,17808
40000,62,35642.0,39846,407.94,4358,35642
60000,62,53478.0,59846,607.94,6522,53478
80000,62,71346.0,79846,807.94,8654,71346
100000,62,89146.0,99846,1007.94,10854,89146
200000,62,178037.0,199846,2007.94,21963,178037
400000,62,356310.0,399846,4007.94,43690,356310
600000,62,534241.0,599846,6007.94,65759,534241
800000,62,712319.0,799846,8007.94,87681,712319
1000000,62,890314.0,999846,10007.94,109686,890314
2,63,2.0,1,0.01,0,2
3,63,3.0,2,0.06,0,3
100,63,91.0,66,1.98,9,91
200,63,172.0,133,3.97,28,172
2000,63,1766.0,1900,23.0,234,1766
10000,63,8872.0,9900,103.0,1128,8872
20000,63,17723.0,19900,203.0,2277,17723
40000,63,35554.0,39900,403.0,4446,35554
60000,63,53431.0,59900,603.0,6569,53431
80000,63,71218.0,79900,803.0,8782,71218
100000,63,88992.0,99900,1003.0,11008,88992
200000,63,178054.0,199900,2003.0,21946,178054
400000,63,356015.0,399900,4003.0,43985,356015
600000,63,534218.0,599900,6003.0,65782,534218
800000,63,712256.0,799900,8003.0,87744,712256
1000000,63,890301.0,999900,10003.0,109699,890301
2,64,2.0,1,0.01,0,2
3,64,3.0,2,0.06,0,3
100,64,91.0,66,1.98,9,91
200,64,176.0,133,3.97,24,176
2000,64,1777.0,1849,22.49,223,1777
10000,64,8887.0,9849,102.49,1113,8887
20000,64,17773.0,19849,202.49,2227,17773
40000,64,35599.0,39849,402.49,4401,35599
60000,64,53412.0,59849,602.49,6588,53412
80000,64,71192.0,79849,802.49,8808,71192
100000,64,89015.0,99849,1002.49,10985,89015
200000,64,178042.0,199849,2002.49,21958,178042
400000,64,355878.0,399849,4002.49,44122,355878
600000,64,534021.0,599849,6002.49,65979,534021
800000,64,711721.0,799849,8002.49,88279,711721
1000000,64,889558.0,999849,10002.49,110442,889558
2,65,1.0,1,0.01,1,1
3,65,1.0,2,0.06,2,1
100,65,83.0,66,1.98,17,83
200,65,166.0,133,3.97,34,166
2000,65,1791.0,200,6.0,209,1791
10000,65,9003.0,200,6.0,997,9003
20000,65,17964.0,200,6.0,2036,17964
40000,65,35982.0,200,6.0,4018,35982
60000,65,54050.0,200,6.0,5950,54050
80000,65,72028.0,200,6.0,7972,72028
100000,65,89999.0,200,6.0,10001,89999
200000,65,180084.0,200,6.0,19916,180084
400000,65,360289.0,200,6.0,39711,360289
600000,65,540464.0,200,6.0,59536,540464
800000,65,720407.0,200,6.0,79593,720407
1000000,65,900429.0,200,6.0,99571,900429
2,66,2.0,1,0.01,0,2
3,66,2.0,2,0.06,1,2
100,66,88.0,66,1.98,12,88
200,66,175.0,133,3.97,25,175
2000,66,1806.0,200,6.0,194,1806
10000,66,9022.0,200,6.0,978,9022
20000,66,18052.0,200,6.0,1948,18052
40000,66,36094.0,200,6.0,3906,36094
60000,66,54075.0,200,6.0,5925,54075
80000,66,72171.0,200,6.0,7829,72171
100000,66,90167.0,200,6.0,9833,90167
200000,66,180130.0,200,6.0,19870,180130
400000,66,360054.0,200,6.0,39946,360054
600000,66,540012.0,200,6.0,59988,540012
800000,66,720007.0,200,6.0,79993,720007
1000000,66,899798.0,200,6.0,100202,899798
2,67,2.0,1,0.01,0,2
3,67,3.0,2,0.06,0,3
100,67,89.0,66,1.98,11,89
200,67,175.0,133,3.97,25,175
2000,67,1811.0,200,6.0,189,1811
10000,67,9044.0,200,6.0,956,9044
20000,67,18028.0,200,6.0,1972,18028
40000,67,36014.0,200,6.0,3986,36014
60000,67,53997.0,200,6.0,6003,53997
80000,67,72012.0,200,6.0,7988,72012
100000,67,89955.0,200,6.0,10045,89955
200000,67,180037.0,200,6.0,19963,180037
400000,67,359734.0,200,6.0,40266,359734
600000,67,539758.0,200,6.0,60242,539758
800000,67,719737.0,200,6.0,80263,719737
1000000,67,899744.0,200,6.0,100256,899744
2,68,2.0,1,0.01,0,2
3,68,3.0,2,0.06,0,3
100,68,87.0,66,1.98,13,87
200,68,175.0,133,3.97,25,175
2000,68,1808.0,218,6.18,192,1808
10000,68,8977.0,225,6.25,1023,8977
20000,68,18009.0,225,6.25,1991,18009
40000,68,35940.0,225,6.25,4060,35940
60000,68,53934.0,225,6.25,6066,53934
80000,68,71959.0,225,6.25,8041,71959
100000,68,89928.0,225,6.25,10072,89928
200000,68,179933.0,225,6.25,20067,179933
400000,68,359786.0,225,6.25,40214,359786
600000,68,539620.0,225,6.25,60380,539620
800000,68,719656.0,225,6.25,80344,719656
1000000,68,899744.0,225,6.25,100256,899744
2,69,2.0,1,0.01,0,2
3,69,3.0,2,0.06,0,3
100,69,89.0,66,1.98,11,89
200,69,178.0,133,3.97,22,178
2000,69,1823.0,204,6.04,177,1823
10000,69,9071.0,204,6.04,929,9071
20000,69,18114.0,204,6.04,1886,18114
40000,69,36091.0,237,6.37,3909,36091
60000,69,54027.0,237,6.37,5973,54027
80000,69,72084.0,237,6.37,7916,72084
100000,69,90129.0,237,6.37,9871,90129
200000,69,180079.0,237,6.37,19921,180079
400000,69,359882.0,237,6.37,40118,359882
600000,69,539617.0,237,6.37,60383,539617
800000,69,719424.0,237,6.37,80576,719424
1000000,69,899531.0,237,6.37,100469,899531
2,70,2.0,1,0.01,0,2
3,70,2.0,2,0.06,1,2
100,70,84.0,66,1.98,16,84
200,70,169.0,133,3.97,31,169
2000,70,1781.0,200,6.0,219,1781
10000,70,9010.0,200,6.0,990,9010
20000,70,17972.0,200,6.0,2028,17972
40000,70,36010.0,200,6.0,3990,36010
60000,70,54033.0,200,6.0,5967,54033
80000,70,72059.0,200,6.0,7941,72059
100000,70,90009.0,200,6.0,9991,90009
200000,70,180047.0,200,6.0,19953,180047
400000,70,359882.0,200,6.0,40118,359882
600000,70,539804.0,200,6.0,60196,539804
800000,70,720072.0,200,6.0,79928,720072
1000000,70,900187.0,200,6.0,99813,900187
2,71,1.0,1,0.01,1,1
3,71,2.0,2,0.06,1,2
100,71,90.0,66,1.98,10,90
200,71,172.0,133,3.97,28,172
2000,71,1780.0,223,6.23,220,1780
10000,71,9000.0,223,6.23,1000,9000
20000,71,17973.0,223,6.23,2027,17973
40000,71,35862.0,223,6.23,4138,35862
60000,71,53856.0,223,6.23,6144,53856
80000,71,71919.0,223,6.23,8081,71919
100000,71,89933.0,223,6.23,10067,89933
200000,71,179978.0,223,6.23,20022,179978
400000,71,360088.0,223,6.23,39912,360088
600000,71,540126.0,223,6.23,59874,540126
800000,71,720323.0,223,6.23,79677,720323
1000000,71,900328.0,223,6.23,99672,900328
2,72,2.0,1,0.01,0,2
3,72,3.0,2,0.06,0,3
100,72,90.0,66,1.98,10,90
200,72,181.0,133,3.97,19,181
2000,72,1810.0,214,6.7,190,1810
10000,72,8979.0,214,6.7,1021,8979
20000,72,17968.0,214,6.7,2032,17968
40000,72,35909.0,214,6.7,4091,35909
60000,72,53834.0,214,6.7,6166,53834
80000,72,71749.0,214,6.7,8251,71749
100000,72,89732.0,214,6.7,10268,89732
200000,72,179830.0,214,6.7,20170,179830
400000,72,359834.0,214,6.7,40166,359834
600000,72,539741.0,214,6.7,60259,539741
800000,72,719706.0,214,6.7,80294,719706
1000000,72,899947.0,214,6.7,100053,899947
2,73,2.0,1,0.01,0,2
3,73,2.0,2,0.06,1,2
100,73,86.0,66,1.98,14,86
200,73,175.0,133,3.97,25,175
2000,73,1761.0,1893,22.93,239,1761
10000,73,8796.0,9876,102.76,1204,8796
20000,73,17669.0,19876,202.76,2331,17669
40000,73,35509.0,39876,402.76,4491,35509
60000,73,53328.0,59876,602.76,6672,53328
80000,73,71143.0,79876,802.76,8857,71143
100000,73,88939.0,99876,1002.76,11061,88939
200000,73,177906.0,199876,2002.76,22094,177906
400000,73,355652.0,399876,4002.76,44348,355652
600000,73,533818.0,599876,6002.76,66182,533818
800000,73,711823.0,799876,8002.76,88177,711823
1000000,73,889871.0,999876,10002.76,110129,889871
2,74,2.0,1,0.01,0,2
3,74,3.0,2,0.06,0,3
100,74,82.0,66,1.98,18,82
200,74,171.0,133,3.97,29,171
2000,74,1762.0,200,6.0,238,1762
10000,74,8936.0,200,6.0,1064,8936
20000,74,17968.0,200,6.0,2032,17968
40000,74,35935.0,200,6.0,4065,35935
60000,74,53914.0,200,6.0,6086,53914
80000,74,71841.0,200,6.0,8159,71841
100000,74,89813.0,200,6.0,10187,89813
200000,74,179659.0,200,6.0,20341,179659
400000,74,359503.0,200,6.0,40497,359503
600000,74,539603.0,200,6.0,60397,539603
800000,74,719678.0,200,6.0,80322,719678
1000000,74,899401.0,200,6.0,100599,899401
2,75,2.0,1,0.01,0,2
3,75,3.0,2,0.06,0,3
100,75,86.0,66,1.98,14,86
200,75,179.0,133,3.97,21,179
2000,75,1797.0,211,6.11,203,1797
10000,75,9018.0,211,6.11,982,9018
20000,75,18021.0,211,6.11,1979,18021
40000,75,36055.0,211,6.11,3945,36055
60000,75,54099.0,211,6.11,5901,54099
80000,75,72091.0,211,6.11,7909,72091
100000,75,90097.0,211,6.11,9903,90097
200000,75,180189.0,211,6.11,19811,180189
400000,75,359935.0,211,6.11,40065,359935
600000,75,540093.0,211,6.11,59907,540093
800000,75,720178.0,211,6.11,79822,720178
1000000,75,900137.0,211,6.11,99863,900137
2,76,2.0,1,0.01,0,2
3,76,3.0,2,0.06,0,3
100,76,85.0,66,1.98,15,85
200,76,166.0,133,3.97,34,166
2000,76,1787.0,200,6.0,213,1787
10000,76,8982.0,200,6.0,1018,8982
20000,76,18008.0,200,6.0,1992,18008
40000,76,36008.0,200,6.0,3992,36008
60000,76,54042.0,200,6.0,5958,54042
80000,76,72082.0,200,6.0,7918,72082
100000,76,90052.0,200,6.0,9948,90052
200000,76,180141.0,200,6.0,19859,180141
400000,76,360016.0,200,6.0,39984,360016
600000,76,540054.0,200,6.0,59946,540054
800000,76,719837.0,200,6.0,80163,719837
1000000,76,899843.0,200,6.0,100157,899843
2,77,2.0,1,0.01,0,2
3,77,3.0,2,0.06,0,3
100,77,88.0,66,1.98,12,88
200,77,178.0,133,3.97,22,178
2000,77,1788.0,421,8.21,212,1788
10000,77,8994.0,437,8.37,1006,8994
20000,77,17975.0,437,8.37,2025,17975
40000,77,35958.0,437,8.37,4042,35958
60000,77,53944.0,437,8.37,6056,53944
80000,77,71917.0,437,8.37,8083,71917
100000,77,89868.0,437,8.37,10132,89868
200000,77,179847.0,437,8.37,20153,179847
400000,77,360035.0,437,8.37,39965,360035
600000,77,540124.0,437,8.37,59876,540124
800000,77,720138.0,437,8.37,79862,720138
1000000,77,900227.0,437,8.37,99773,900227
2,78,2.0,1,0.01,0,2
3,78,2.0,2,0.06,1,2
100,78,83.0,66,1.98,17,83
200,78,174.0,133,3.97,26,174
2000,78,1780.0,998,13.98,220,1780
10000,78,8960.0,998,13.98,1040,8960
20000,78,17926.0,998,13.98,2074,17926
40000,78,35931.0,998,13.98,4069,35931
60000,78,53911.0,998,13.98,6089,53911
80000,78,71889.0,998,13.98,8111,71889
100000,78,89920.0,998,13.98,10080,89920
200000,78,179865.0,998,13.98,20135,179865
400000,78,359956.0,998,13.98,40044,359956
600000,78,539929.0,998,13.98,60071,539929
800000,78,720020.0,998,13.98,79980,720020
1000000,78,900010.0,998,13.98,99990,900010
2,79,2.0,1,0.01,0,2
3,79,2.0,2,0.06,1,2
100,79,91.0,66,1.98,9,91
200,79,179.0,133,3.97,21,179
2000,79,1799.0,200,6.0,201,1799
10000,79,9002.0,200,6.0,998,9002
20000,79,18010.0,200,6.0,1990,18010
40000,79,36016.0,200,6.0,3984,36016
60000,79,54049.0,200,6.0,5951,54049
80000,79,72111.0,200,6.0,7889,72111
100000,79,90195.0,200,6.0,9805,90195
200000,79,180159.0,200,6.0,19841,180159
400000,79,360084.0,200,6.0,39916,360084
600000,79,540362.0,200,6.0,59638,540362
800000,79,720709.0,200,6.0,79291,720709
1000000,79,900890.0,200,6.0,99110,900890
2,80,1.0,1,0.01,1,1
3,80,1.0,2,0.06,2,1
100,80,82.0,66,1.98,18,82
200,80,170.0,133,3.97,30,170
2000,80,1782.0,200,6.0,218,1782
10000,80,8993.0,200,6.0,1007,8993
20000,80,17997.0,200,6.0,2003,17997
40000,80,36072.0,200,6.0,3928,36072
60000,80,54057.0,200,6.0,5943,54057
80000,80,72060.0,200,6.0,7940,72060
100000,80,90112.0,200,6.0,9888,90112
200000,80,180107.0,200,6.0,19893,180107
400000,80,360077.0,200,6.0,39923,360077
600000,80,539943.0,200,6.0,60057,539943
800000,80,720066.0,200,6.0,79934,720066
1000000,80,899874.0,200,6.0,100126,899874
2,81,2.0,1,0.01,0,2
3,81,3.0,2,0.06,0,3
100,81,90.0,66,1.98,10,90
200,81,180.0,133,3.97,20,180
2000,81,1800.0,712,11.12,200,1800
10000,81,9022.0,712,11.12,978,9022
20000,81,18032.0,712,11.12,1968,18032
40000,81,36001.0,712,11.12,3999,36001
60000,81,54007.0,712,11.12,5993,54007
80000,81,72023.0,712,11.12,7977,72023
100000,81,90071.0,712,11.12,9929,90071
200000,81,180096.0,712,11.12,19904,180096
400000,81,360159.0,712,11.12,39841,360159
600000,81,540237.0,712,11.12,59763,540237
800000,81,720281.0,712,11.12,79719,720281
1000000,81,900147.0,712,11.12,99853,900147
2,82,2.0,1,0.01,0,2
3,82,3.0,2,0.06,0,3
100,82,90.0,66,1.98,10,90
200,82,180.0,133,3.97,20,180
2000,82,1760.0,1029,44.45,240,1760
10000,82,8989.0,1029,44.45,1011,8989
20000,82,18035.0,1029,44.45,1965,18035
40000,82,36055.0,1029,44.45,3945,36055
60000,82,54157.0,1029,44.45,5843,54157
80000,82,72116.0,1029,44.45,7884,72116
100000,82,90100.0,1029,44.45,9900,90100
200000,82,180212.0,1029,44.45,19788,180212
400000,82,360324.0,1029,44.45,39676,360324
600000,82,540323.0,1029,44.45,59677,540323
800000,82,720412.0,1029,44.45,79588,720412
1000000,82,900487.0,1029,44.45,99513,900487
2,83,2.0,1,0.01,0,2
3,83,3.0,2,0.06,0,3
100,83,86.0,66,1.98,14,86
200,83,175.0,133,3.97,25,175
2000,83,1790.0,1900,23.0,210,1790
10000,83,8900.0,9900,103.0,1100,8900
20000,83,17817.0,19900,203.0,2183,17817
40000,83,35607.0,39900,403.0,4393,35607
60000,83,53368.0,59900,603.0,6632,53368
80000,83,71255.0,79900,803.0,8745,71255
100000,83,89052.0,99900,1003.0,10948,89052
200000,83,177969.0,199900,2003.0,22031,177969
400000,83,355915.0,399900,4003.0,44085,355915
600000,83,533790.0,599900,6003.0,66210,533790
800000,83,711786.0,799900,8003.0,88214,711786
1000000,83,889568.0,999900,10003.0,110432,889568
2,84,2.0,1,0.01,0,2
3,84,2.0,2,0.06,1,2
100,84,91.0,66,1.98,9,91
200,84,185.0,133,3.97,15,185
2000,84,1796.0,1786,21.86,204,1796
10000,84,8900.0,9784,101.84,1100,8900
20000,84,17773.0,19779,201.79,2227,17773
40000,84,35552.0,39779,401.79,4448,35552
60000,84,53344.0,59779,601.79,6656,53344
80000,84,71138.0,79779,801.79,8862,71138
100000,84,89052.0,99779,1001.79,10948,89052
200000,84,177895.0,199779,2001.79,22105,177895
400000,84,355674.0,399779,4001.79,44326,355674
600000,84,533840.0,599779,6001.79,66160,533840
800000,84,711906.0,799779,8001.79,88094,711906
1000000,84,889736.0,999779,10001.79,110264,889736
2,85,2.0,1,0.01,0,2
3,85,3.0,2,0.06,0,3
100,85,90.0,66,1.98,10,90
200,85,182.0,133,3.97,18,182
2000,85,1798.0,231,6.31,202,1798
10000,85,8983.0,231,6.31,1017,8983
20000,85,17991.0,231,6.31,2009,17991
40000,85,36009.0,231,6.31,3991,36009
60000,85,53947.0,231,6.31,6053,53947
80000,85,71958.0,231,6.31,8042,71958
100000,85,90000.0,231,6.31,10000,90000
200000,85,180133.0,231,6.31,19867,180133
400000,85,360197.0,231,6.31,39803,360197
600000,85,540224.0,231,6.31,59776,540224
800000,85,720065.0,231,6.31,79935,720065
1000000,85,900179.0,231,6.31,99821,900179
2,86,2.0,1,0.01,0,2
3,86,3.0,2,0.06,0,3
100,86,90.0,66,1.98,10,90
200,86,175.0,133,3.97,25,175
2000,86,1789.0,248,6.48,211,1789
10000,86,9023.0,248,6.48,977,9023
20000,86,18035.0,248,6.48,1965,18035
40000,86,36063.0,248,6.48,3937,36063
60000,86,54008.0,248,6.48,5992,54008
80000,86,72055.0,248,6.48,7945,72055
100000,86,90048.0,248,6.48,9952,90048
200000,86,180112.0,248,6.48,19888,180112
400000,86,359836.0,248,6.48,40164,359836
600000,86,539899.0,248,6.48,60101,539899
800000,86,719727.0,248,6.48,80273,719727
1000000,86,899665.0,248,6.48,100335,899665
2,87,2.0,1,0.01,0,2
3,87,3.0,2,0.06,0,3
100,87,87.0,66,1.98,13,87
200,87,177.0,133,3.97,23,177
2000,87,1791.0,1676,20.76,209,1791
10000,87,8927.0,9676,100.76,1073,8927
20000,87,17824.0,19655,200.55,2176,17824
40000,87,35782.0,22942,233.42,4218,35782
60000,87,53838.0,22942,233.42,6162,53838
80000,87,71872.0,22942,233.42,8128,71872
100000,87,89938.0,22942,233.42,10062,89938
200000,87,179980.0,22942,233.42,20020,179980
400000,87,360004.0,22942,233.42,39996,360004
600000,87,540087.0,22942,233.42,59913,540087
800000,87,719825.0,22942,233.42,80175,719825
1000000,87,899658.0,22942,233.42,100342,899658
2,88,2.0,1,0.01,0,2
3,88,3.0,2,0.06,0,3
100,88,88.0,66,1.98,12,88
200,88,172.0,133,3.97,28,172
2000,88,1720.0,980,45.0,280,1720
10000,88,8913.0,980,45.0,1087,8913
20000,88,17946.0,980,45.0,2054,17946
40000,88,35954.0,980,45.0,4046,35954
60000,88,53891.0,980,45.0,6109,53891
80000,88,71862.0,980,45.0,8138,71862
100000,88,89865.0,980,45.0,10135,89865
200000,88,179783.0,980,45.0,20217,179783
400000,88,359625.0,980,45.0,40375,359625
600000,88,539655.0,980,45.0,60345,539655
800000,88,719783.0,980,45.0,80217,719783
1000000,88,899707.0,980,45.0,100293,899707
2,89,2.0,1,0.01,0,2
3,89,3.0,2,0.06,0,3
100,89,87.0,66,1.98,13,87
200,89,172.0,133,3.97,28,172
2000,89,1790.0,1900,23.0,210,1790
10000,89,8900.0,9900,103.0,1100,8900
20000,89,17765.0,19900,203.0,2235,17765
40000,89,35606.0,39900,403.0,4394,35606
60000,89,53468.0,59900,603.0,6532,53468
80000,89,71231.0,79900,803.0,8769,71231
100000,89,88980.0,99900,1003.0,11020,88980
200000,89,177926.0,199900,2003.0,22074,177926
400000,89,355831.0,399900,4003.0,44169,355831
600000,89,533578.0,599900,6003.0,66422,533578
800000,89,711618.0,799900,8003.0,88382,711618
1000000,89,889555.0,999900,10003.0,110445,889555
2,90,2.0,1,0.01,0,2
3,90,3.0,2,0.06,0,3
100,90,89.0,66,1.98,11,89
200,90,174.0,133,3.97,26,174
2000,90,1772.0,1900,23.0,228,1772
10000,90,8840.0,9900,103.0,1160,8840
20000,90,17708.0,19900,203.0,2292,17708
40000,90,35554.0,39900,403.0,4446,35554
60000,90,53371.0,59900,603.0,6629,53371
80000,90,71181.0,79900,803.0,8819,71181
100000,90,88997.0,99900,1003.0,11003,88997
200000,90,178025.0,199900,2003.0,21975,178025
400000,90,356132.0,399900,4003.0,43868,356132
600000,90,534141.0,599900,6003.0,65859,534141
800000,90,712102.0,799900,8003.0,87898,712102
1000000,90,890177.0,999900,10003.0,109823,890177
2,91,2.0,1,0.01,0,2
3,91,3.0,2,0.06,0,3
100,91,92.0,66,1.98,8,92
200,91,183.0,133,3.97,17,183
2000,91,1819.0,306,7.06,181,1819
10000,91,9018.0,306,7.06,982,9018
20000,91,18020.0,306,7.06,1980,18020
40000,91,35891.0,307,7.07,4109,35891
60000,91,53901.0,307,7.07,6099,53901
80000,91,71968.0,307,7.07,8032,71968
100000,91,89912.0,307,7.07,10088,89912
200000,91,179861.0,307,7.07,20139,179861
400000,91,359816.0,307,7.07,40184,359816
600000,91,539844.0,307,7.07,60156,539844
800000,91,719761.0,307,7.07,80239,719761
1000000,91,899556.0,307,7.07,100444,899556
2,92,2.0,1,0.01,0,2
3,92,3.0,2,0.06,0,3
100,92,91.0,66,1.98,9,91
200,92,177.0,133,3.97,23,177
2000,92,1811.0,200,6.0,189,1811
10000,92,9007.0,200,6.0,993,9007
20000,92,17996.0,200,6.0,2004,17996
40000,92,35978.0,200,6.0,4022,35978
60000,92,53925.0,200,6.0,6075,53925
80000,92,71979.0,200,6.0,8021,71979
100000,92,89986.0,200,6.0,10014,89986
200000,92,180039.0,200,6.0,19961,180039
400000,92,360171.0,200,6.0,39829,360171
600000,92,540063.0,200,6.0,59937,540063
800000,92,719851.0,200,6.0,80149,719851
1000000,92,899865.0,200,6.0,100135,899865
2,93,2.0,1,0.01,0,2
3,93,3.0,2,0.06,0,3
100,93,83.0,66,1.98,17,83
200,93,173.0,133,3.97,27,173
2000,93,1796.0,200,6.0,204,1796
10000,93,9034.0,200,6.0,966,9034
20000,93,18055.0,200,6.0,1945,18055
40000,93,36081.0,200,6.0,3919,36081
60000,93,54086.0,200,6.0,5914,54086
80000,93,72089.0,200,6.0,7911,72089
100000,93,90078.0,200,6.0,9922,90078
200000,93,180110.0,200,6.0,19890,180110
400000,93,360061.0,200,6.0,39939,360061
600000,93,540270.0,200,6.0,59730,540270
800000,93,720253.0,200,6.0,79747,720253
1000000,93,900243.0,200,6.0,99757,900243
2,94,2.0,1,0.01,0,2
3,94,3.0,2,0.06,0,3
100,94,85.0,66,1.98,15,85
200,94,173.0,133,3.97,27,173
2000,94,1781.0,353,13.65,219,1781
10000,94,8998.0,353,13.65,1002,8998
20000,94,17973.0,353,13.65,2027,17973
40000,94,35990.0,353,13.65,4010,35990
60000,94,53973.0,353,13.65,6027,53973
80000,94,71954.0,353,13.65,8046,71954
100000,94,89967.0,353,13.65,10033,89967
200000,94,179920.0,353,13.65,20080,179920
400000,94,359954.0,353,13.65,40046,359954
600000,94,539778.0,353,13.65,60222,539778
800000,94,719894.0,353,13.65,80106,719894
1000000,94,900011.0,353,13.65,99989,900011
2,95,2.0,1,0.01,0,2
3,95,3.0,2,0.06,0,3
100,95,91.0,66,1.98,9,91
200,95,175.0,133,3.97,25,175
2000,95,1814.0,213,6.13,186,1814
10000,95,8984.0,226,6.26,1016,8984
20000,95,17968.0,226,6.26,2032,17968
40000,95,35931.0,226,6.26,4069,35931
60000,95,53967.0,226,6.26,6033,53967
80000,95,71966.0,226,6.26,8034,71966
100000,95,90029.0,226,6.26,9971,90029
200000,95,180105.0,226,6.26,19895,180105
400000,95,360235.0,226,6.26,39765,360235
600000,95,540079.0,226,6.26,59921,540079
800000,95,720042.0,226,6.26,79958,720042
1000000,95,899878.0,226,6.26,100122,899878
2,96,1.0,1,0.01,1,1
3,96,2.0,2,0.06,1,2
100,96,82.0,66,1.98,18,82
200,96,171.0,133,3.97,29,171
2000,96,1778.0,1871,22.71,222,1778
10000,96,8881.0,9871,102.71,1119,8881
20000,96,17751.0,19871,202.71,2249,17751
40000,96,35662.0,39871,402.71,4338,35662
60000,96,53431.0,59871,602.71,6569,53431
80000,96,71232.0,79871,802.71,8768,71232
100000,96,89085.0,99871,1002.71,10915,89085
200000,96,178022.0,199871,2002.71,21978,178022
400000,96,356333.0,399871,4002.71,43667,356333
600000,96,534443.0,599871,6002.71,65557,534443
800000,96,712563.0,799871,8002.71,87437,712563
1000000,96,890391.0,999871,10002.71,109609,890391
2,97,2.0,1,0.01,0,2
3,97,2.0,2,0.06,1,2
100,97,91.0,66,1.98,9,91
200,97,175.0,133,3.97,25,175
2000,97,1779.0,200,6.0,221,1779
10000,97,8967.0,200,6.0,1033,8967
20000,97,17935.0,200,6.0,2065,17935
40000,97,35985.0,200,6.0,4015,35985
60000,97,54026.0,200,6.0,5974,54026
80000,97,71941.0,200,6.0,8059,71941
100000,97,89920.0,200,6.0,10080,89920
200000,97,180043.0,200,6.0,19957,180043
400000,97,359991.0,200,6.0,40009,359991
600000,97,540225.0,200,6.0,59775,540225
800000,97,720153.0,200,6.0,79847,720153
1000000,97,900171.0,200,6.0,99829,900171
2,98,2.0,1,0.01,0,2
3,98,3.0,2,0.06,0,3
100,98,90.0,66,1.98,10,90
200,98,181.0,133,3.97,19,181
2000,98,1798.0,245,6.45,202,1798
10000,98,8971.0,245,6.45,1029,8971
20000,98,17973.0,245,6.45,2027,17973
40000,98,35977.0,245,6.45,4023,35977
60000,98,54027.0,245,6.45,5973,54027
80000,98,72144.0,245,6.45,7856,72144
100000,98,90159.0,245,6.45,9841,90159
200000,98,180096.0,245,6.45,19904,180096
400000,98,360062.0,245,6.45,39938,360062
600000,98,540347.0,245,6.45,59653,540347
800000,98,720226.0,245,6.45,79774,720226
1000000,98,900019.0,245,6.45,99981,900019
2,99,2.0,1,0.01,0,2
3,99,2.0,2,0.06,1,2
100,99,87.0,66,1.98,13,87
200,99,180.0,133,3.97,20,180
2000,99,1794.0,1794,21.94,206,1794
10000,99,8920.0,9780,101.8,1080,8920
20000,99,17831.0,19747,201.47,2169,17831
40000,99,35656.0,39747,401.47,4344,35656
60000,99,53444.0,59747,601.47,6556,53444
80000,99,71307.0,79747,801.47,8693,71307
100000,99,89130.0,99747,1001.47,10870,89130
200000,99,178126.0,199747,2001.47,21874,178126
400000,99,356016.0,399747,4001.47,43984,356016
600000,99,534198.0,599747,6001.47,65802,534198
800000,99,711830.0,799747,8001.47,88170,711830
1000000,99,889793.0,999747,10001.47,110207,889793
2,100,2.0,1,0.01,0,2
3,100,3.0,2,0.06,0,3
100,100,90.0,66,1.98,10,90
200,100,183.0,133,3.97,17,183
2000,100,1786.0,892,12.92,214,1786
10000,100,8964.0,892,12.92,1036,8964
20000,100,17962.0,892,12.92,2038,17962
40000,100,35897.0,892,12.92,4103,35897
60000,100,53936.0,892,12.92,6064,53936
80000,100,71954.0,892,12.92,8046,71954
100000,100,89974.0,892,12.92,10026,89974
200000,100,179954.0,892,12.92,20046,179954
400000,100,360157.0,892,12.92,39843,360157
600000,100,540143.0,892,12.92,59857,540143
800000,100,720019.0,892,12.92,79981,720019
1000000,100,900039.0,892,12.92,99961,900039
