Timestep,Iteration,Total Reward,Suboptimal Arms,Total Regret,Zeros Count,Ones Count
2,1,2.0,0,0.0,0,2
3,1,3.0,0,0.0,0,3
100,1,87.0,67,1.5,13,87
200,1,179.0,146,1.8,21,179
2000,1,1719.0,861,16.95,281,1719
10000,1,8503.0,3845,81.55,1497,8503
20000,1,16901.0,7896,165.55,3099,16901
40000,1,33729.0,14567,332.2,6271,33729
60000,1,50552.0,21129,497.35,9448,50552
80000,1,67371.0,32009,664.15,12629,67371
100000,1,84235.0,48714,834.95,15765,84235
200000,1,168711.0,132099,1661.4,31289,168711
400000,1,337035.0,298561,3336.4,62965,337035
600000,1,505406.0,431612,5006.4,94594,505406
800000,1,673830.0,498327,6670.15,126170,673830
1000000,1,842061.0,570460,8327.6,157939,842061
2,2,2.0,0,0.0,0,2
3,2,2.0,0,0.0,1,2
100,2,90.0,78,1.8,10,90
200,2,167.0,158,3.95,33,167
2000,2,1661.0,1528,20.3,339,1661
10000,2,8457.0,5587,88.8,1543,8457
20000,2,16856.0,9525,170.35,3144,16856
40000,2,33593.0,17059,337.9,6407,33593
60000,2,50367.0,23686,504.35,9633,50367
80000,2,67123.0,30304,671.3,12877,67123
100000,2,83962.0,37072,839.0,16038,83962
200000,2,168053.0,70364,1679.8,31947,168053
400000,2,336240.0,137015,3350.6,63760,336240
600000,2,504395.0,204091,5020.55,95605,504395
800000,2,672705.0,275703,6681.65,127295,672705
1000000,2,841262.0,442587,8350.25,158738,841262
2,3,2.0,1,0.05,0,2
3,3,3.0,1,0.05,0,3
100,3,82.0,79,1.0,18,82
200,3,163.0,159,2.05,37,163
2000,3,1674.0,1672,18.1,326,1674
10000,3,8403.0,8332,83.5,1597,8403
20000,3,16785.0,16637,166.1,3215,16785
40000,3,33641.0,33311,331.2,6359,33641
60000,3,50520.0,45618,498.3,9480,50520
80000,3,67389.0,60916,664.85,12611,67389
100000,3,84210.0,77458,833.85,15790,84210
200000,3,168620.0,160688,1667.1,31380,168620
400000,3,336953.0,302896,3334.6,63047,336953
600000,3,505095.0,469401,5003.95,94905,505095
800000,3,673664.0,635873,6665.6,126336,673664
1000000,3,841929.0,802780,8343.75,158071,841929
2,4,1.0,2,0.0,1,1
3,4,2.0,3,0.0,1,2
100,4,84.0,54,1.3,16,84
200,4,166.0,93,2.4,34,166
2000,4,1684.0,751,17.55,316,1684
10000,4,8436.0,3362,81.8,1564,8436
20000,4,16819.0,7333,164.85,3181,16819
40000,4,33627.0,13927,327.05,6373,33627
60000,4,50415.0,20577,495.5,9585,50415
80000,4,67274.0,27534,662.3,12726,67274
100000,4,84096.0,34227,829.0,15904,84096
200000,4,168195.0,82755,1662.25,31805,168195
400000,4,336667.0,156043,3322.2,63333,336667
600000,4,504974.0,225447,4974.9,95026,504974
800000,4,673646.0,297659,6642.75,126354,673646
1000000,4,841813.0,394617,8308.3,158187,841813
2,5,1.0,2,0.05,1,1
3,5,2.0,2,0.05,1,2
100,5,82.0,81,1.1,18,82
200,5,171.0,164,1.9,29,171
2000,5,1685.0,1658,17.15,315,1685
10000,5,8376.0,8283,83.8,1624,8376
20000,5,16815.0,16580,166.95,3185,16815
40000,5,33614.0,33234,333.15,6386,33614
60000,5,50453.0,49932,501.3,9547,50453
80000,5,67204.0,66614,665.65,12796,67204
100000,5,84083.0,82611,833.55,15917,84083
200000,5,168361.0,116343,1670.3,31639,168361
400000,5,336514.0,185031,3332.35,63486,336514
600000,5,504839.0,279974,5002.5,95161,504839
800000,5,673004.0,384265,6661.45,126996,673004
1000000,5,841186.0,549371,8323.55,158814,841186
2,6,2.0,1,0.05,0,2
3,6,3.0,2,0.05,0,3
100,6,88.0,86,1.05,12,88
200,6,176.0,171,1.95,24,176
2000,6,1690.0,1657,17.6,310,1690
10000,6,8337.0,8220,86.4,1663,8337
20000,6,16782.0,16549,168.7,3218,16782
40000,6,33610.0,33179,331.25,6390,33610
60000,6,50462.0,49808,493.4,9538,50462
80000,6,67231.0,66455,659.15,12769,67231
100000,6,84004.0,83178,827.25,15996,84004
200000,6,168199.0,165953,1668.0,31801,168199
400000,6,336641.0,328740,3332.75,63359,336641
600000,6,504687.0,483346,4988.0,95313,504687
800000,6,672839.0,603321,6664.05,127161,672839
1000000,6,841142.0,755010,8323.35,158858,841142
2,7,2.0,0,0.0,0,2
3,7,2.0,0,0.0,1,2
100,7,86.0,79,0.6,14,86
200,7,167.0,151,2.25,33,167
2000,7,1674.0,1216,18.7,326,1674
10000,7,8421.0,3892,85.3,1579,8421
20000,7,16823.0,7104,163.85,3177,16823
40000,7,33612.0,13810,332.8,6388,33612
60000,7,50402.0,24538,498.8,9598,50402
80000,7,67133.0,31445,663.15,12867,67133
100000,7,84025.0,44383,831.65,15975,84025
200000,7,168130.0,112779,1670.85,31870,168130
400000,7,336354.0,259085,3340.0,63646,336354
600000,7,504758.0,425942,5011.4,95242,504758
800000,7,673374.0,592642,6686.7,126626,673374
1000000,7,841927.0,759503,8366.55,158073,841927
2,8,2.0,1,0.0,0,2
3,8,3.0,1,0.0,0,3
100,8,80.0,39,0.55,20,80
200,8,160.0,80,1.35,40,160
2000,8,1669.0,684,16.8,331,1669
10000,8,8410.0,3833,82.7,1590,8410
20000,8,16877.0,12142,165.45,3123,16877
40000,8,33715.0,28826,331.9,6285,33715
60000,8,50569.0,45227,491.1,9431,50569
80000,8,67379.0,61790,663.25,12621,67379
100000,8,84287.0,78481,827.2,15713,84287
200000,8,168484.0,161710,1666.0,31516,168484
400000,8,336766.0,309541,3350.3,63234,336766
600000,8,505268.0,401413,5033.15,94732,505268
800000,8,673492.0,502562,6700.4,126508,673492
1000000,8,841749.0,637568,8356.35,158251,841749
2,9,1.0,0,0.0,1,1
3,9,2.0,1,0.05,1,2
100,9,86.0,38,0.85,14,86
200,9,169.0,65,1.6,31,169
2000,9,1681.0,658,15.65,319,1681
10000,9,8447.0,4170,80.55,1553,8447
20000,9,16809.0,8487,164.15,3191,16809
40000,9,33704.0,25000,331.65,6296,33704
60000,9,50549.0,41041,499.25,9451,50549
80000,9,67421.0,53950,663.75,12579,67421
100000,9,84247.0,70651,828.9,15753,84247
200000,9,168334.0,153743,1650.85,31666,168334
400000,9,336716.0,241934,3314.5,63284,336716
600000,9,504808.0,345352,4967.85,95192,504808
800000,9,672978.0,511844,6633.75,127022,672978
1000000,9,841235.0,678580,8293.9,158765,841235
2,10,2.0,0,0.0,0,2
3,10,3.0,1,0.0,0,3
100,10,84.0,80,1.1,16,84
200,10,168.0,166,1.85,32,168
2000,10,1678.0,1688,20.8,322,1678
10000,10,8485.0,8357,87.5,1515,8485
20000,10,16889.0,15626,171.55,3111,16889
40000,10,33695.0,22694,338.85,6305,33695
60000,10,50477.0,29597,504.45,9523,50477
80000,10,67327.0,45574,669.0,12673,67327
100000,10,84166.0,62254,837.0,15834,84166
200000,10,168359.0,143212,1668.7,31641,168359
400000,10,336658.0,222591,3333.6,63342,336658
600000,10,504722.0,289239,4990.8,95278,504722
800000,10,672863.0,385869,6651.25,127137,672863
1000000,10,841039.0,552595,8337.55,158961,841039
2,11,1.0,0,0.0,1,1
3,11,2.0,0,0.0,1,2
100,11,89.0,51,0.95,11,89
200,11,170.0,139,2.25,30,170
2000,11,1664.0,926,17.6,336,1664
10000,11,8430.0,3810,85.55,1570,8430
20000,11,16820.0,9171,165.3,3180,16820
40000,11,33647.0,25894,333.15,6353,33647
60000,11,50519.0,42626,503.8,9481,50519
80000,11,67395.0,59270,670.1,12605,67395
100000,11,84200.0,75943,839.1,15800,84200
200000,11,168535.0,157395,1665.95,31465,168535
400000,11,336897.0,314945,3304.0,63103,336897
600000,11,505512.0,477846,4967.1,94488,505512
800000,11,673989.0,644568,6621.5,126011,673989
1000000,11,842011.0,811287,8288.45,157989,842011
2,12,2.0,1,0.0,0,2
3,12,3.0,2,0.05,0,3
100,12,83.0,82,2.4,17,83
200,12,171.0,161,3.1,29,171
2000,12,1673.0,1651,17.7,327,1673
10000,12,8407.0,5284,82.35,1593,8407
20000,12,16830.0,8714,171.75,3170,16830
40000,12,33719.0,15280,335.65,6281,33719
60000,12,50504.0,21978,494.3,9496,50504
80000,12,67359.0,29213,664.65,12641,67359
100000,12,84184.0,35968,833.7,15816,84184
200000,12,168431.0,69365,1668.6,31569,168431
400000,12,336836.0,136380,3335.25,63164,336836
600000,12,505335.0,202914,4997.65,94665,505335
800000,12,673573.0,269422,6665.15,126427,673573
1000000,12,841877.0,336447,8348.95,158123,841877
2,13,2.0,0,0.0,0,2
3,13,3.0,1,0.05,0,3
100,13,87.0,49,0.75,13,87
200,13,172.0,124,1.4,28,172
2000,13,1701.0,771,18.25,299,1701
10000,13,8424.0,3394,85.1,1576,8424
20000,13,16818.0,6746,168.1,3182,16818
40000,13,33516.0,13756,337.8,6484,33516
60000,13,50285.0,30424,507.3,9715,50285
80000,13,67133.0,47093,676.2,12867,67133
100000,13,83974.0,63702,840.45,16026,83974
200000,13,167943.0,147063,1680.6,32057,167943
400000,13,336177.0,313717,3341.5,63823,336177
600000,13,504466.0,480484,5020.7,95534,504466
800000,13,673230.0,647164,6693.6,126770,673230
1000000,13,841764.0,813873,8360.3,158236,841764
2,14,1.0,0,0.0,1,1
3,14,2.0,1,0.05,1,2
100,14,73.0,80,2.45,27,73
200,14,159.0,168,3.35,41,159
2000,14,1679.0,1142,18.2,321,1679
10000,14,8380.0,4586,83.6,1620,8380
20000,14,16814.0,9184,166.65,3186,16814
40000,14,33682.0,25810,330.1,6318,33682
60000,14,50447.0,42403,495.45,9553,50447
80000,14,67206.0,52544,663.65,12794,67206
100000,14,84023.0,67314,830.25,15977,84023
200000,14,168274.0,105119,1673.55,31726,168274
400000,14,336581.0,179676,3342.2,63419,336581
600000,14,505040.0,246550,5007.25,94960,505040
800000,14,673283.0,312768,6654.0,126717,673283
1000000,14,841507.0,379561,8332.4,158493,841507
2,15,2.0,0,0.0,0,2
3,15,2.0,0,0.0,1,2
100,15,82.0,81,2.8,18,82
200,15,166.0,120,4.05,34,166
2000,15,1681.0,872,18.0,319,1681
10000,15,8421.0,3657,85.85,1579,8421
20000,15,16858.0,6954,167.95,3142,16858
40000,15,33649.0,13721,335.2,6351,33649
60000,15,50489.0,20427,502.55,9511,50489
80000,15,67356.0,27079,669.3,12644,67356
100000,15,84240.0,33719,834.75,15760,84240
200000,15,168161.0,67162,1671.45,31839,168161
400000,15,336711.0,133858,3348.0,63289,336711
600000,15,504910.0,200859,5028.8,95090,504910
800000,15,673181.0,267612,6688.95,126819,673181
1000000,15,841420.0,334392,8357.0,158580,841420
2,16,2.0,1,0.05,0,2
3,16,2.0,1,0.05,1,2
100,16,87.0,89,0.7,13,87
200,16,174.0,177,1.4,26,174
2000,16,1676.0,1688,18.4,324,1676
10000,16,8459.0,8123,88.2,1541,8459
20000,16,16924.0,16488,170.9,3076,16924
40000,16,33762.0,33119,336.75,6238,33762
60000,16,50616.0,49812,501.1,9384,50616
80000,16,67540.0,66485,663.25,12460,67540
100000,16,84381.0,83170,833.2,15619,84381
200000,16,168654.0,166347,1666.5,31346,168654
400000,16,336924.0,333178,3331.55,63076,336924
600000,16,504932.0,464233,5002.35,95068,504932
800000,16,673506.0,548798,6670.15,126494,673506
1000000,16,841869.0,615648,8342.85,158131,841869
2,17,2.0,2,0.0,0,2
3,17,3.0,3,0.0,0,3
100,17,79.0,85,2.8,21,79
200,17,153.0,166,5.95,47,153
2000,17,1672.0,1099,23.45,328,1672
10000,17,8468.0,5300,87.65,1532,8468
20000,17,16858.0,8584,170.0,3142,16858
40000,17,33598.0,16186,335.7,6402,33598
60000,17,50455.0,31311,505.0,9545,50455
80000,17,67322.0,47981,670.3,12678,67322
100000,17,84106.0,64645,837.45,15894,84106
200000,17,168237.0,147989,1668.65,31763,168237
400000,17,336723.0,314725,3333.45,63277,336723
600000,17,505130.0,481406,4986.95,94870,505130
800000,17,673394.0,647862,6645.75,126606,673394
1000000,17,841668.0,814622,8308.4,158332,841668
2,18,1.0,0,0.0,1,1
3,18,2.0,0,0.0,1,2
100,18,81.0,73,3.1,19,81
200,18,166.0,150,5.55,34,166
2000,18,1661.0,1634,22.4,339,1661
10000,18,8401.0,8314,87.4,1599,8401
20000,18,16842.0,16616,170.6,3158,16842
40000,18,33652.0,31820,340.7,6348,33652
60000,18,50409.0,47898,506.05,9591,50409
80000,18,67363.0,60078,672.2,12637,67363
100000,18,84225.0,66854,840.4,15775,84225
200000,18,168280.0,100492,1684.7,31720,168280
400000,18,336554.0,173803,3375.75,63446,336554
600000,18,504832.0,308879,5032.35,95168,504832
800000,18,673474.0,475585,6699.0,126526,673474
1000000,18,841714.0,642329,8364.7,158286,841714
2,19,1.0,0,0.0,1,1
3,19,2.0,0,0.0,1,2
100,19,79.0,59,0.65,21,79
200,19,164.0,144,1.25,36,164
2000,19,1685.0,1594,15.9,315,1685
10000,19,8451.0,8164,81.05,1549,8451
20000,19,16893.0,16527,167.85,3107,16893
40000,19,33682.0,27058,336.95,6318,33682
60000,19,50509.0,33714,503.3,9491,50509
80000,19,67322.0,40347,673.0,12678,67322
100000,19,84069.0,47129,841.2,15931,84069
200000,19,168209.0,80239,1664.2,31791,168209
400000,19,336593.0,146778,3332.05,63407,336593
600000,19,505020.0,213118,4998.15,94980,505020
800000,19,673150.0,279888,6665.1,126850,673150
1000000,19,841627.0,346350,8323.0,158373,841627
2,20,2.0,2,0.1,0,2
3,20,3.0,2,0.1,0,3
100,20,80.0,68,2.25,20,80
200,20,160.0,145,5.45,40,160
2000,20,1695.0,1647,26.85,305,1695
10000,20,8426.0,8293,94.35,1574,8426
20000,20,16789.0,16670,178.25,3211,16789
40000,20,33629.0,29991,343.1,6371,33629
60000,20,50492.0,38050,503.75,9508,50492
80000,20,67293.0,51699,669.1,12707,67293
100000,20,84052.0,65809,836.45,15948,84052
200000,20,168020.0,105483,1678.05,31980,168020
400000,20,336398.0,172157,3348.1,63602,336398
600000,20,504730.0,238768,5006.95,95270,504730
800000,20,672946.0,305733,6675.1,127054,672946
1000000,20,841007.0,372642,8347.05,158993,841007
2,21,1.0,1,0.05,1,1
3,21,2.0,1,0.05,1,2
100,21,89.0,46,0.75,11,89
200,21,173.0,78,1.4,27,173
2000,21,1678.0,1378,17.15,322,1678
10000,21,8350.0,4181,82.6,1650,8350
20000,21,16756.0,7604,169.2,3244,16756
40000,21,33633.0,23933,330.2,6367,33633
60000,21,50494.0,40546,497.85,9506,50494
80000,21,67399.0,57203,668.15,12601,67399
100000,21,84240.0,73840,835.3,15760,84240
200000,21,168483.0,157166,1661.4,31517,168483
400000,21,336806.0,323914,3334.2,63194,336806
600000,21,504908.0,490586,4999.1,95092,504908
800000,21,673179.0,657106,6665.4,126821,673179
1000000,21,841246.0,823665,8328.95,158754,841246
2,22,2.0,0,0.0,0,2
3,22,3.0,1,0.0,0,3
100,22,85.0,42,0.55,15,85
200,22,169.0,84,1.7,31,169
2000,22,1687.0,798,16.1,313,1687
10000,22,8419.0,7069,83.55,1581,8419
20000,22,16836.0,15356,168.1,3164,16836
40000,22,33689.0,32139,331.45,6311,33689
60000,22,50538.0,48767,499.1,9462,50538
80000,22,67366.0,65407,661.45,12634,67366
100000,22,84215.0,82174,828.5,15785,84215
200000,22,168492.0,165517,1660.9,31508,168492
400000,22,336741.0,332665,3351.0,63259,336741
600000,22,505153.0,499624,5018.9,94847,505153
800000,22,673182.0,666342,6703.8,126818,673182
1000000,22,841604.0,833065,8381.65,158396,841604
2,23,2.0,0,0.0,0,2
3,23,3.0,0,0.0,0,3
100,23,85.0,57,2.1,15,85
200,23,175.0,136,2.85,25,175
2000,23,1707.0,1601,18.1,293,1707
10000,23,8443.0,7762,84.3,1557,8443
20000,23,16829.0,15738,166.5,3171,16829
40000,23,33583.0,32388,337.75,6417,33583
60000,23,50496.0,48664,509.8,9504,50496
80000,23,67338.0,64518,679.4,12662,67338
100000,23,84128.0,80560,843.75,15872,84128
200000,23,168258.0,160909,1676.4,31742,168258
400000,23,336271.0,268716,3344.55,63729,336271
600000,23,504710.0,435337,4998.25,95290,504710
800000,23,673003.0,528451,6655.7,126997,673003
1000000,23,841144.0,635393,8323.7,158856,841144
2,24,2.0,0,0.0,0,2
3,24,3.0,0,0.0,0,3
100,24,89.0,53,1.8,11,89
200,24,175.0,94,2.65,25,175
2000,24,1700.0,1580,17.15,300,1700
10000,24,8397.0,5159,86.05,1603,8397
20000,24,16813.0,8487,170.15,3187,16813
40000,24,33649.0,15159,335.4,6351,33649
60000,24,50470.0,21815,500.95,9530,50470
80000,24,67268.0,28413,666.55,12732,67268
100000,24,84062.0,35038,830.9,15938,84062
200000,24,168186.0,71216,1661.75,31814,168186
400000,24,336550.0,205877,3321.7,63450,336550
600000,24,504905.0,346254,4986.65,95095,504905
800000,24,673153.0,489180,6677.35,126847,673153
1000000,24,841650.0,555893,8348.3,158350,841650
2,25,2.0,0,0.0,0,2
3,25,2.0,0,0.0,1,2
100,25,82.0,81,1.95,18,82
200,25,168.0,157,2.85,32,168
2000,25,1695.0,1670,18.0,305,1695
10000,25,8367.0,6929,88.5,1633,8367
20000,25,16822.0,11366,169.3,3178,16822
40000,25,33667.0,17974,333.0,6333,33667
60000,25,50502.0,24661,501.7,9498,50502
80000,25,67360.0,34859,666.25,12640,67360
100000,25,84155.0,51303,836.2,15845,84155
200000,25,168567.0,131846,1666.7,31433,168567
400000,25,336976.0,274273,3331.65,63024,336976
600000,25,505361.0,355014,4988.95,94639,505361
800000,25,673604.0,471938,6655.05,126396,673604
1000000,25,841863.0,622026,8325.25,158137,841863
2,26,2.0,2,0.05,0,2
3,26,3.0,3,0.1,0,3
100,26,89.0,73,0.8,11,89
200,26,182.0,159,1.55,18,182
2000,26,1711.0,1518,17.35,289,1711
10000,26,8423.0,7319,80.8,1577,8423
20000,26,16795.0,15641,165.05,3205,16795
40000,26,33626.0,32315,331.9,6374,33626
60000,26,50383.0,48994,496.0,9617,50383
80000,26,67232.0,65639,661.45,12768,67232
100000,26,84044.0,82308,826.35,15956,84044
200000,26,168227.0,144987,1648.05,31773,168227
400000,26,336590.0,311949,3325.2,63410,336590
600000,26,505060.0,478596,5007.55,94940,505060
800000,26,673410.0,645477,6671.7,126590,673410
1000000,26,842062.0,812329,8340.5,157938,842062
2,27,1.0,1,0.05,1,1
3,27,2.0,2,0.1,1,2
100,27,81.0,70,1.75,19,81
200,27,157.0,120,2.65,43,157
2000,27,1658.0,731,17.35,342,1658
10000,27,8404.0,6767,82.75,1596,8404
20000,27,16799.0,15106,166.45,3201,16799
40000,27,33612.0,31813,328.45,6388,33612
60000,27,50421.0,48515,498.05,9579,50421
80000,27,67176.0,65244,667.45,12824,67176
100000,27,84012.0,81865,832.5,15988,84012
200000,27,168246.0,165227,1665.95,31754,168246
400000,27,336541.0,331910,3324.9,63459,336541
600000,27,504955.0,498685,4992.7,95045,504955
800000,27,673149.0,665316,6662.15,126851,673149
1000000,27,841577.0,832466,8323.4,158423,841577
2,28,2.0,1,0.05,0,2
3,28,3.0,2,0.1,0,3
100,28,86.0,43,0.85,14,86
200,28,166.0,98,3.05,34,166
2000,28,1679.0,1012,18.1,321,1679
10000,28,8417.0,3689,86.55,1583,8417
20000,28,16823.0,7070,171.15,3177,16823
40000,28,33694.0,13742,335.15,6306,33694
60000,28,50587.0,20439,502.2,9413,50587
80000,28,67448.0,27616,668.85,12552,67448
100000,28,84360.0,34584,829.75,15640,84360
200000,28,168589.0,73362,1667.1,31411,168589
400000,28,336803.0,140072,3333.5,63197,336803
600000,28,505285.0,217281,5002.25,94715,505285
800000,28,673720.0,283973,6667.4,126280,673720
1000000,28,841964.0,350532,8324.05,158036,841964
2,29,1.0,1,0.0,1,1
3,29,2.0,2,0.0,1,2
100,29,87.0,80,1.3,13,87
200,29,165.0,155,2.2,35,165
2000,29,1686.0,1665,18.0,314,1686
10000,29,8439.0,8345,81.4,1561,8439
20000,29,16846.0,16680,166.3,3154,16846
40000,29,33716.0,33125,332.5,6284,33716
60000,29,50530.0,49821,496.25,9470,50530
80000,29,67386.0,66507,661.2,12614,67386
100000,29,84162.0,83124,829.05,15838,84162
200000,29,168347.0,166359,1664.65,31653,168347
400000,29,336813.0,263379,3342.9,63187,336813
600000,29,504954.0,391343,5006.55,95046,504954
800000,29,673522.0,458030,6688.8,126478,673522
1000000,29,841842.0,525654,8360.85,158158,841842
2,30,2.0,0,0.0,0,2
3,30,3.0,0,0.0,0,3
100,30,84.0,61,1.8,16,84
200,30,168.0,127,3.45,32,168
2000,30,1671.0,876,19.25,329,1671
10000,30,8422.0,4508,83.45,1578,8422
20000,30,16807.0,7816,166.55,3193,16807
40000,30,33618.0,21119,337.0,6382,33618
60000,30,50501.0,37777,503.55,9499,50501
80000,30,67254.0,54450,672.3,12746,67254
100000,30,84196.0,71135,833.95,15804,84196
200000,30,168320.0,125448,1662.75,31680,168320
400000,30,336727.0,270965,3317.05,63273,336727
600000,30,505248.0,420173,4994.5,94752,505248
800000,30,673563.0,550134,6661.0,126437,673563
1000000,30,841864.0,657569,8329.25,158136,841864
2,31,1.0,1,0.0,1,1
3,31,1.0,1,0.0,2,1
100,31,79.0,61,0.75,21,79
200,31,165.0,104,1.85,35,165
2000,31,1684.0,1288,18.15,316,1684
10000,31,8357.0,7963,85.55,1643,8357
20000,31,16755.0,16306,170.1,3245,16755
40000,31,33551.0,32937,334.2,6449,33551
60000,31,50362.0,47833,499.6,9638,50362
80000,31,67219.0,63648,665.15,12781,67219
100000,31,83976.0,80267,824.0,16024,83976
200000,31,168125.0,120072,1668.15,31875,168125
400000,31,336591.0,186587,3338.0,63409,336591
600000,31,504810.0,253412,5015.1,95190,504810
800000,31,673402.0,416725,6689.05,126598,673402
1000000,31,841902.0,583560,8365.0,158098,841902
2,32,2.0,0,0.0,0,2
3,32,3.0,0,0.0,0,3
100,32,84.0,42,0.9,16,84
200,32,169.0,70,1.85,31,169
2000,32,1714.0,656,15.75,286,1714
10000,32,8445.0,3770,84.3,1555,8445
20000,32,16840.0,7135,169.5,3160,16840
40000,32,33708.0,21820,339.25,6292,33708
60000,32,50519.0,38493,506.85,9481,50519
80000,32,67335.0,55173,673.2,12665,67335
100000,32,84168.0,71916,837.65,15832,84168
200000,32,168335.0,155190,1665.75,31665,168335
400000,32,336417.0,322109,3345.5,63583,336417
600000,32,504514.0,488952,5012.55,95486,504514
800000,32,672780.0,655499,6677.75,127220,672780
1000000,32,840965.0,816173,8361.65,159035,840965
2,33,1.0,1,0.0,1,1
3,33,2.0,1,0.0,1,2
100,33,84.0,40,1.05,16,84
200,33,169.0,74,1.8,31,169
2000,33,1698.0,901,20.9,302,1698
10000,33,8434.0,7389,85.25,1566,8434
20000,33,16861.0,14572,164.9,3139,16861
40000,33,33700.0,30066,331.05,6300,33700
60000,33,50510.0,46896,500.1,9490,50510
80000,33,67344.0,63538,663.35,12656,67344
100000,33,84183.0,80214,831.8,15817,84183
200000,33,168331.0,144669,1665.2,31669,168331
400000,33,336838.0,293362,3333.05,63162,336838
600000,33,505087.0,448788,4989.0,94913,505087
800000,33,673344.0,615537,6654.1,126656,673344
1000000,33,841775.0,782241,8325.55,158225,841775
2,34,1.0,1,0.0,1,1
3,34,1.0,2,0.0,2,1
100,34,81.0,30,0.65,19,81
200,34,161.0,56,1.45,39,161
2000,34,1695.0,775,16.1,305,1695
10000,34,8425.0,3438,82.6,1575,8425
20000,34,16826.0,6755,166.6,3174,16826
40000,34,33636.0,13445,334.4,6364,33636
60000,34,50448.0,20157,506.05,9552,50448
80000,34,67180.0,26734,672.2,12820,67180
100000,34,83992.0,33365,838.05,16008,83992
200000,34,168231.0,66845,1670.3,31769,168231
400000,34,336247.0,179710,3322.0,63753,336247
600000,34,504320.0,346391,4986.8,95680,504320
800000,34,672504.0,482576,6651.0,127496,672504
1000000,34,840730.0,647721,8316.5,159270,840730
2,35,1.0,0,0.0,1,1
3,35,2.0,0,0.0,1,2
100,35,80.0,75,2.9,20,80
200,35,163.0,129,4.9,37,163
2000,35,1697.0,753,20.2,303,1697
10000,35,8457.0,6250,85.0,1543,8457
20000,35,16818.0,14590,169.8,3182,16818
40000,35,33738.0,31283,334.55,6262,33738
60000,35,50557.0,47945,502.2,9443,50557
80000,35,67431.0,64614,669.0,12569,67431
100000,35,84212.0,81195,832.0,15788,84212
200000,35,168327.0,164043,1661.7,31673,168327
400000,35,336623.0,327311,3321.05,63377,336623
600000,35,505074.0,493793,4976.3,94926,505074
800000,35,673752.0,629257,6637.05,126248,673752
1000000,35,841896.0,755429,8295.7,158104,841896
2,36,1.0,0,0.0,1,1
3,36,2.0,1,0.0,1,2
100,36,82.0,74,0.75,18,82
200,36,167.0,114,1.8,33,167
2000,36,1671.0,767,16.75,329,1671
10000,36,8466.0,3753,80.3,1534,8466
20000,36,16880.0,6990,162.85,3120,16880
40000,36,33680.0,19816,333.9,6320,33680
60000,36,50457.0,36432,500.7,9543,50457
80000,36,67362.0,53137,666.55,12638,67362
100000,36,84173.0,69703,835.65,15827,84173
200000,36,168278.0,153075,1669.5,31722,168278
400000,36,336807.0,319669,3340.1,63193,336807
600000,36,504930.0,486255,5004.75,95070,504930
800000,36,673350.0,652810,6678.7,126650,673350
1000000,36,841754.0,818859,8330.25,158246,841754
2,37,1.0,0,0.0,1,1
3,37,2.0,1,0.05,1,2
100,37,83.0,86,0.65,17,83
200,37,170.0,174,1.5,30,170
2000,37,1667.0,1236,15.4,333,1667
10000,37,8412.0,3874,81.05,1588,8412
20000,37,16873.0,7368,166.35,3127,16873
40000,37,33730.0,23977,333.4,6270,33730
60000,37,50621.0,40725,498.55,9379,50621
80000,37,67403.0,54489,666.55,12597,67403
100000,37,84302.0,61031,830.0,15698,84302
200000,37,168531.0,142225,1656.35,31469,168531
400000,37,336817.0,308668,3324.95,63183,336817
600000,37,504698.0,475474,5000.25,95302,504698
800000,37,673001.0,642236,6653.0,126999,673001
1000000,37,841320.0,808948,8311.0,158680,841320
2,38,2.0,0,0.0,0,2
3,38,3.0,0,0.0,0,3
100,38,83.0,76,2.65,17,83
200,38,163.0,167,6.3,37,163
2000,38,1696.0,1317,21.75,304,1696
10000,38,8432.0,7532,90.85,1568,8432
20000,38,16868.0,15886,173.35,3132,16868
40000,38,33598.0,31165,337.25,6402,33598
60000,38,50388.0,47786,502.0,9612,50388
80000,38,67336.0,64081,666.05,12664,67336
100000,38,84179.0,79900,829.65,15821,84179
200000,38,168420.0,113085,1657.25,31580,168420
400000,38,336705.0,179505,3320.0,63295,336705
600000,38,504997.0,245997,4979.45,95003,504997
800000,38,673258.0,312665,6652.05,126742,673258
1000000,38,841705.0,379574,8322.85,158295,841705
2,39,1.0,1,0.0,1,1
3,39,2.0,2,0.0,1,2
100,39,82.0,81,0.7,18,82
200,39,166.0,170,1.7,34,166
2000,39,1673.0,1656,17.3,327,1673
10000,39,8434.0,8326,85.1,1566,8434
20000,39,16841.0,16677,170.35,3159,16841
40000,39,33686.0,33268,342.3,6314,33686
60000,39,50485.0,49967,509.4,9515,50485
80000,39,67315.0,66609,673.45,12685,67315
100000,39,84119.0,83288,840.95,15881,84119
200000,39,168453.0,166609,1686.9,31547,168453
400000,39,336901.0,326220,3357.8,63099,336901
600000,39,505606.0,492973,5021.05,94394,505606
800000,39,673874.0,659606,6700.4,126126,673874
1000000,39,842386.0,826488,8371.1,157614,842386
2,40,1.0,1,0.0,1,1
3,40,2.0,2,0.0,1,2
100,40,82.0,74,1.05,18,82
200,40,164.0,110,2.1,36,164
2000,40,1674.0,845,16.5,326,1674
10000,40,8428.0,3531,82.8,1572,8428
20000,40,16802.0,6885,167.15,3198,16802
40000,40,33694.0,13479,332.95,6306,33694
60000,40,50544.0,22496,498.75,9456,50544
80000,40,67427.0,39117,665.3,12573,67427
100000,40,84234.0,55758,829.6,15766,84234
200000,40,168435.0,136496,1661.2,31565,168435
400000,40,336927.0,302943,3335.95,63073,336927
600000,40,505110.0,469686,4999.9,94890,505110
800000,40,673414.0,636438,6658.7,126586,673414
1000000,40,842072.0,802788,8309.75,157928,842072
2,41,2.0,2,0.0,0,2
3,41,3.0,3,0.0,0,3
100,41,86.0,79,1.05,14,86
200,41,171.0,162,1.8,29,171
2000,41,1667.0,1172,16.2,333,1667
10000,41,8449.0,3778,81.35,1551,8449
20000,41,16843.0,7921,166.1,3157,16843
40000,41,33623.0,20672,338.15,6377,33623
60000,41,50447.0,32802,504.6,9553,50447
80000,41,67252.0,49455,674.9,12748,67252
100000,41,84153.0,66186,841.9,15847,84153
200000,41,168390.0,135784,1672.2,31610,168390
400000,41,336895.0,290191,3337.85,63105,336895
600000,41,505242.0,456789,5012.5,94758,505242
800000,41,673550.0,613067,6676.85,126450,673550
1000000,41,841910.0,756862,8328.1,158090,841910
2,42,2.0,0,0.0,0,2
3,42,3.0,0,0.0,0,3
100,42,84.0,78,1.0,16,84
200,42,166.0,141,2.1,34,166
2000,42,1693.0,765,16.65,307,1693
10000,42,8471.0,3503,85.35,1529,8471
20000,42,16877.0,8359,171.3,3123,16877
40000,42,33838.0,25048,334.7,6162,33838
60000,42,50670.0,41733,498.95,9330,50670
80000,42,67489.0,58164,664.55,12511,67489
100000,42,84357.0,72817,829.65,15643,84357
200000,42,168518.0,139342,1667.7,31482,168518
400000,42,336790.0,246201,3350.75,63210,336790
600000,42,505133.0,316618,5021.2,94867,505133
800000,42,673063.0,408238,6691.8,126937,673063
1000000,42,841470.0,477224,8378.5,158530,841470
2,43,0.0,2,0.1,2,0
3,43,1.0,2,0.1,2,1
100,43,85.0,27,0.6,15,85
200,43,162.0,58,0.95,38,162
2000,43,1666.0,1564,16.6,334,1666
10000,43,8343.0,8273,83.05,1657,8343
20000,43,16725.0,16583,167.3,3275,16725
40000,43,33570.0,33277,333.5,6430,33570
60000,43,50421.0,49934,496.75,9579,50421
80000,43,67313.0,66599,663.8,12687,67313
100000,43,84187.0,83241,834.75,15813,84187
200000,43,168110.0,166388,1669.0,31890,168110
400000,43,336510.0,332753,3319.2,63490,336510
600000,43,504758.0,499320,4982.8,95242,504758
800000,43,673033.0,666098,6642.9,126967,673033
1000000,43,841324.0,832563,8294.75,158676,841324
2,44,2.0,1,0.0,0,2
3,44,2.0,2,0.05,1,2
100,44,82.0,73,1.0,18,82
200,44,163.0,150,1.75,37,163
2000,44,1692.0,966,16.7,308,1692
10000,44,8381.0,7052,84.75,1619,8381
20000,44,16832.0,15399,167.35,3168,16832
40000,44,33679.0,29210,328.25,6321,33679
60000,44,50504.0,35895,494.7,9496,50504
80000,44,67296.0,51046,654.75,12704,67296
100000,44,84136.0,67699,819.0,15864,84136
200000,44,168148.0,107596,1658.05,31852,168148
400000,44,336625.0,174129,3316.55,63375,336625
600000,44,505335.0,240507,4974.25,94665,505335
800000,44,673710.0,307492,6640.2,126290,673710
1000000,44,841963.0,374416,8309.5,158037,841963
2,45,2.0,1,0.05,0,2
3,45,3.0,1,0.05,0,3
100,45,85.0,69,0.85,15,85
200,45,174.0,149,1.5,26,174
2000,45,1694.0,1647,15.2,306,1694
10000,45,8414.0,8357,82.1,1586,8414
20000,45,16918.0,16706,165.95,3082,16918
40000,45,33835.0,32366,330.95,6165,33835
60000,45,50646.0,47127,493.4,9354,50646
80000,45,67434.0,59606,658.6,12566,67434
100000,45,84273.0,67940,830.35,15727,84273
200000,45,168287.0,145183,1670.7,31713,168287
400000,45,336617.0,311710,3327.65,63383,336617
600000,45,504935.0,446310,5013.05,95065,504935
800000,45,673741.0,599718,6687.25,126259,673741
1000000,45,842141.0,709115,8356.45,157859,842141
2,46,2.0,0,0.0,0,2
3,46,3.0,0,0.0,0,3
100,46,79.0,37,0.55,21,79
200,46,163.0,87,1.65,37,163
2000,46,1688.0,681,15.85,312,1688
10000,46,8354.0,3452,81.45,1646,8354
20000,46,16753.0,10186,166.5,3247,16753
40000,46,33629.0,26845,334.05,6371,33629
60000,46,50372.0,43588,504.3,9628,50372
80000,46,67228.0,60278,667.2,12772,67228
100000,46,84104.0,76865,834.95,15896,84104
200000,46,168623.0,126099,1661.05,31377,168623
400000,46,336883.0,193028,3332.8,63117,336883
600000,46,505154.0,259888,5008.95,94846,505154
800000,46,673403.0,326604,6672.4,126597,673403
1000000,46,841753.0,393075,8334.15,158247,841753
2,47,2.0,2,0.0,0,2
3,47,3.0,3,0.0,0,3
100,47,83.0,82,1.15,17,83
200,47,163.0,166,1.9,37,163
2000,47,1694.0,834,18.05,306,1694
10000,47,8436.0,5084,85.05,1564,8436
20000,47,16843.0,11538,167.2,3157,16843
40000,47,33688.0,26311,330.85,6312,33688
60000,47,50495.0,43025,501.35,9505,50495
80000,47,67385.0,59706,667.5,12615,67385
100000,47,84202.0,76351,835.3,15798,84202
200000,47,168132.0,151703,1666.75,31868,168132
400000,47,336567.0,218221,3333.1,63433,336567
600000,47,504992.0,285107,5005.0,95008,504992
800000,47,673318.0,351615,6664.3,126682,673318
1000000,47,841394.0,418094,8343.65,158606,841394
2,48,2.0,0,0.0,0,2
3,48,3.0,0,0.0,0,3
100,48,90.0,71,1.3,10,90
200,48,172.0,118,2.05,28,172
2000,48,1681.0,1578,16.85,319,1681
10000,48,8397.0,4715,83.7,1603,8397
20000,48,16854.0,7992,164.5,3146,16854
40000,48,33651.0,14755,334.95,6349,33651
60000,48,50554.0,21394,503.5,9446,50554
80000,48,67352.0,28216,674.65,12648,67352
100000,48,84175.0,34843,843.3,15825,84175
200000,48,168659.0,68225,1677.1,31341,168659
400000,48,336748.0,134703,3339.7,63252,336748
600000,48,505159.0,201314,4999.05,94841,505159
800000,48,673447.0,267819,6666.05,126553,673447
1000000,48,842079.0,334663,8331.9,157921,842079
2,49,1.0,1,0.0,1,1
3,49,2.0,2,0.0,1,2
100,49,89.0,60,1.5,11,89
200,49,173.0,110,2.7,27,173
2000,49,1692.0,675,17.8,308,1692
10000,49,8418.0,3812,84.3,1582,8418
20000,49,16850.0,9968,167.1,3150,16850
40000,49,33670.0,26637,337.2,6330,33670
60000,49,50486.0,43330,504.75,9514,50486
80000,49,67359.0,60001,672.85,12641,67359
100000,49,84154.0,76682,840.2,15846,84154
200000,49,168260.0,159889,1676.45,31740,168260
400000,49,336620.0,326562,3343.95,63380,336620
600000,49,504877.0,493306,5008.8,95123,504877
800000,49,673209.0,660238,6695.75,126791,673209
1000000,49,841834.0,827378,8368.0,158166,841834
2,50,2.0,1,0.05,0,2
3,50,3.0,1,0.05,0,3
100,50,81.0,42,1.4,19,81
200,50,171.0,119,4.3,29,171
2000,50,1678.0,1612,22.0,322,1678
10000,50,8431.0,7486,90.75,1569,8431
20000,50,16887.0,11569,171.85,3113,16887
40000,50,33754.0,23494,336.85,6246,33754
60000,50,50615.0,40159,501.1,9385,50615
80000,50,67450.0,56853,664.8,12550,67450
100000,50,84304.0,73514,834.45,15696,84304
200000,50,168498.0,156966,1671.95,31502,168498
400000,50,336859.0,323980,3338.25,63141,336859
600000,50,505426.0,490605,4989.4,94574,505426
800000,50,673705.0,657407,6652.6,126295,673705
1000000,50,842011.0,824083,8317.2,157989,842011
2,51,1.0,1,0.0,1,1
3,51,2.0,2,0.05,1,2
100,51,84.0,49,0.85,16,84
200,51,174.0,117,1.6,26,174
2000,51,1698.0,871,16.3,302,1698
10000,51,8437.0,7578,83.2,1563,8437
20000,51,16859.0,15909,166.75,3141,16859
40000,51,33726.0,32533,333.15,6274,33726
60000,51,50536.0,49202,501.2,9464,50536
80000,51,67398.0,65832,665.95,12602,67398
100000,51,84135.0,82474,833.4,15865,84135
200000,51,168298.0,165865,1671.55,31702,168298
400000,51,336399.0,332424,3359.35,63601,336399
600000,51,504690.0,499178,5031.0,95310,504690
800000,51,672907.0,663728,6704.25,127093,672907
1000000,51,841387.0,791995,8367.75,158613,841387
2,52,2.0,2,0.1,0,2
3,52,3.0,3,0.15,0,3
100,52,87.0,50,1.5,13,87
200,52,175.0,108,2.35,25,175
2000,52,1667.0,796,18.4,333,1667
10000,52,8372.0,3574,87.8,1628,8372
20000,52,16742.0,6873,171.3,3258,16742
40000,52,33587.0,16623,341.45,6413,33587
60000,52,50330.0,28603,512.1,9670,50330
80000,52,67136.0,44433,680.4,12864,67136
100000,52,83913.0,61099,848.1,16087,83913
200000,52,168247.0,124741,1678.15,31753,168247
400000,52,336459.0,194960,3349.45,63541,336459
600000,52,504744.0,266559,5029.85,95256,504744
800000,52,672898.0,333609,6699.8,127102,672898
1000000,52,840977.0,400391,8366.55,159023,840977
2,53,1.0,0,0.0,1,1
3,53,1.0,0,0.0,2,1
100,53,87.0,82,1.5,13,87
200,53,164.0,164,3.45,36,164
2000,53,1678.0,1600,18.1,322,1678
10000,53,8405.0,7652,84.8,1595,8405
20000,53,16782.0,11971,169.6,3218,16782
40000,53,33608.0,18646,335.5,6392,33608
60000,53,50447.0,25295,502.35,9553,50447
80000,53,67297.0,36288,672.3,12703,67297
100000,53,84132.0,52923,837.4,15868,84132
200000,53,168353.0,136384,1673.6,31647,168353
400000,53,336721.0,303004,3342.85,63279,336721
600000,53,505302.0,469555,5006.75,94698,505302
800000,53,673607.0,635939,6662.6,126393,673607
1000000,53,841833.0,802576,8324.2,158167,841833
2,54,2.0,1,0.0,0,2
3,54,3.0,1,0.0,0,3
100,54,80.0,45,1.4,20,80
200,54,167.0,108,2.2,33,167
2000,54,1695.0,1472,15.9,305,1695
10000,54,8437.0,8132,83.05,1563,8437
20000,54,16912.0,16450,165.0,3088,16912
40000,54,33678.0,33142,330.95,6322,33678
60000,54,50460.0,49855,500.0,9540,50460
80000,54,67270.0,66583,672.25,12730,67270
100000,54,84093.0,83242,837.65,15907,84093
200000,54,168179.0,166347,1663.15,31821,168179
400000,54,336515.0,325835,3331.65,63485,336515
600000,54,504849.0,492649,4996.9,95151,504849
800000,54,673131.0,659380,6665.6,126869,673131
1000000,54,841482.0,826046,8332.45,158518,841482
2,55,2.0,2,0.1,0,2
3,55,3.0,3,0.15,0,3
100,55,80.0,80,2.95,20,80
200,55,162.0,167,6.55,38,162
2000,55,1650.0,1054,37.0,350,1650
10000,55,8394.0,3696,102.8,1606,8394
20000,55,16787.0,7024,182.05,3213,16787
40000,55,33645.0,13696,350.05,6355,33645
60000,55,50424.0,20369,512.05,9576,50424
80000,55,67247.0,27075,679.35,12753,67247
100000,55,84096.0,43284,844.3,15904,84096
200000,55,168058.0,94318,1670.9,31942,168058
400000,55,336309.0,160756,3333.8,63691,336309
600000,55,504851.0,233089,4993.2,95149,504851
800000,55,672958.0,399275,6657.0,127042,672958
1000000,55,840996.0,538447,8322.2,159004,840996
2,56,1.0,0,0.0,1,1
3,56,2.0,1,0.05,1,2
100,56,75.0,78,1.6,25,75
200,56,163.0,158,2.55,37,163
2000,56,1691.0,1204,16.75,309,1691
10000,56,8446.0,7855,81.65,1554,8446
20000,56,16849.0,16218,165.95,3151,16849
40000,56,33652.0,32820,334.05,6348,33652
60000,56,50484.0,49462,501.3,9516,50484
80000,56,67299.0,66149,666.05,12701,67299
100000,56,84176.0,82857,829.75,15824,84176
200000,56,168375.0,166206,1662.8,31625,168375
400000,56,336791.0,332874,3341.65,63209,336791
600000,56,505256.0,496067,5006.5,94744,505256
800000,56,673516.0,661545,6673.15,126484,673516
1000000,56,841720.0,827038,8332.75,158280,841720
2,57,2.0,1,0.05,0,2
3,57,3.0,2,0.05,0,3
100,57,90.0,35,0.9,10,90
200,57,177.0,108,3.6,23,177
2000,57,1692.0,680,18.35,308,1692
10000,57,8361.0,3401,87.25,1639,8361
20000,57,16759.0,6742,168.4,3241,16759
40000,57,33684.0,13397,335.5,6316,33684
60000,57,50496.0,20207,500.25,9504,50496
80000,57,67328.0,27157,662.55,12672,67328
100000,57,84138.0,43814,828.25,15862,84138
200000,57,168321.0,107460,1670.4,31679,168321
400000,57,336821.0,264131,3348.65,63179,336821
600000,57,505276.0,430686,4999.0,94724,505276
800000,57,673265.0,597496,6665.25,126735,673265
1000000,57,841507.0,764299,8336.55,158493,841507
2,58,2.0,0,0.0,0,2
3,58,3.0,0,0.0,0,3
100,58,79.0,52,1.65,21,79
200,58,168.0,88,2.7,32,168
2000,58,1690.0,735,18.1,310,1690
10000,58,8467.0,3370,83.4,1533,8467
20000,58,16864.0,6683,166.9,3136,16864
40000,58,33706.0,13339,335.6,6294,33706
60000,58,50506.0,21202,501.75,9494,50506
80000,58,67253.0,27845,668.45,12747,67253
100000,58,84135.0,34505,832.25,15865,84135
200000,58,168359.0,99235,1668.1,31641,168359
400000,58,336750.0,165689,3323.25,63250,336750
600000,58,505256.0,236542,4980.55,94744,505256
800000,58,673623.0,327651,6642.2,126377,673623
1000000,58,842313.0,394176,8303.8,157687,842313
2,59,0.0,0,0.0,2,0
3,59,1.0,0,0.0,2,1
100,59,83.0,35,0.7,17,83
200,59,166.0,72,1.5,34,166
2000,59,1714.0,1502,16.5,286,1714
10000,59,8412.0,7029,83.8,1588,8412
20000,59,16871.0,15347,166.15,3129,16871
40000,59,33636.0,32035,331.95,6364,33636
60000,59,50490.0,48699,492.6,9510,50490
80000,59,67336.0,65263,658.35,12664,67336
100000,59,84230.0,80049,822.5,15770,84230
200000,59,168416.0,157074,1647.9,31584,168416
400000,59,336786.0,323542,3317.2,63214,336786
600000,59,505054.0,490059,4982.8,94946,505054
800000,59,673286.0,656711,6636.65,126714,673286
1000000,59,841836.0,823247,8305.9,158164,841836
2,60,2.0,1,0.0,0,2
3,60,3.0,2,0.05,0,3
100,60,87.0,77,2.1,13,87
200,60,172.0,159,2.85,28,172
2000,60,1673.0,1651,18.2,327,1673
10000,60,8415.0,8002,87.85,1585,8415
20000,60,16831.0,11345,168.75,3169,16831
40000,60,33664.0,18042,337.0,6336,33664
60000,60,50502.0,24647,501.45,9498,50502
80000,60,67454.0,31236,666.2,12546,67454
100000,60,84238.0,37964,833.35,15762,84238
200000,60,168554.0,71064,1657.95,31446,168554
400000,60,336849.0,141266,3333.75,63151,336849
600000,60,505523.0,207828,4998.9,94477,505523
800000,60,673454.0,274487,6668.65,126546,673454
1000000,60,841823.0,341069,8344.9,158177,841823
2,61,2.0,0,0.0,0,2
3,61,3.0,0,0.0,0,3
100,61,82.0,56,1.4,18,82
200,61,168.0,91,2.2,32,168
2000,61,1708.0,1427,17.95,292,1708
10000,61,8449.0,5662,84.25,1551,8449
20000,61,16857.0,13958,166.6,3143,16857
40000,61,33723.0,22051,329.5,6277,33723
60000,61,50608.0,38338,497.85,9392,50608
80000,61,67439.0,49897,662.85,12561,67439
100000,61,84217.0,65686,827.45,15783,84217
200000,61,168434.0,148677,1657.6,31566,168434
400000,61,337064.0,315357,3320.0,62936,337064
600000,61,505511.0,482118,4986.3,94489,505511
800000,61,673535.0,648519,6655.3,126465,673535
1000000,61,842127.0,813438,8316.8,157873,842127
2,62,1.0,0,0.0,1,1
3,62,2.0,0,0.0,1,2
100,62,85.0,86,1.35,15,85
200,62,171.0,128,2.5,29,171
2000,62,1681.0,706,16.25,319,1681
10000,62,8368.0,3428,83.45,1632,8368
20000,62,16790.0,6769,167.4,3210,16790
40000,62,33640.0,13452,330.25,6360,33640
60000,62,50535.0,20094,494.25,9465,50535
80000,62,67367.0,26725,657.95,12633,67367
100000,62,84216.0,33499,828.2,15784,84216
200000,62,168351.0,66944,1662.45,31649,168351
400000,62,336801.0,133895,3328.85,63199,336801
600000,62,505109.0,203938,4996.65,94891,505109
800000,62,673630.0,273338,6667.3,126370,673630
1000000,62,841860.0,340038,8327.7,158140,841860
2,63,1.0,0,0.0,1,1
3,63,2.0,1,0.05,1,2
100,63,85.0,85,1.05,15,85
200,63,163.0,175,1.75,37,163
2000,63,1660.0,850,16.1,340,1660
10000,63,8409.0,3555,83.25,1591,8409
20000,63,16893.0,6911,166.4,3107,16893
40000,63,33675.0,13664,335.25,6325,33675
60000,63,50538.0,20419,505.4,9462,50538
80000,63,67387.0,27153,676.7,12613,67387
100000,63,84222.0,33814,843.1,15778,84222
200000,63,168436.0,70537,1675.35,31564,168436
400000,63,336654.0,149038,3337.25,63346,336654
600000,63,504834.0,232885,4994.35,95166,504834
800000,63,673287.0,382536,6646.7,126713,673287
1000000,63,841791.0,549110,8305.85,158209,841791
2,64,1.0,2,0.1,1,1
3,64,2.0,3,0.15,1,2
100,64,87.0,43,0.85,13,87
200,64,171.0,73,1.55,29,171
2000,64,1682.0,1086,18.7,318,1682
10000,64,8418.0,7715,85.55,1582,8418
20000,64,16892.0,16041,166.95,3108,16892
40000,64,33663.0,26584,331.85,6337,33663
60000,64,50491.0,41456,498.8,9509,50491
80000,64,67241.0,49838,666.0,12759,67241
100000,64,83964.0,64266,831.4,16036,83964
200000,64,168203.0,97736,1666.3,31797,168203
400000,64,336592.0,164484,3348.75,63408,336592
600000,64,504759.0,231279,5023.9,95241,504759
800000,64,673108.0,297913,6698.2,126892,673108
1000000,64,841511.0,365068,8371.4,158489,841511
2,65,2.0,1,0.0,0,2
3,65,3.0,1,0.0,0,3
100,65,87.0,79,1.05,13,87
200,65,171.0,153,2.0,29,171
2000,65,1668.0,1032,17.45,332,1668
10000,65,8427.0,5865,85.6,1573,8427
20000,65,16898.0,14149,171.55,3102,16898
40000,65,33753.0,30841,338.0,6247,33753
60000,65,50542.0,47515,506.95,9458,50542
80000,65,67379.0,64136,676.15,12621,67379
100000,65,84178.0,80798,844.35,15822,84178
200000,65,168219.0,158228,1682.95,31781,168219
400000,65,336533.0,239235,3338.35,63467,336533
600000,65,504787.0,317279,5009.15,95213,504787
800000,65,672944.0,482894,6686.95,127056,672944
1000000,65,841361.0,649667,8354.35,158639,841361
2,66,1.0,2,0.0,1,1
3,66,2.0,3,0.0,1,2
100,66,87.0,86,3.2,13,87
200,66,170.0,146,5.35,30,170
2000,66,1693.0,1584,19.2,307,1693
10000,66,8464.0,8116,85.25,1536,8464
20000,66,16863.0,16355,167.75,3137,16863
40000,66,33759.0,32962,337.5,6241,33759
60000,66,50578.0,49558,505.35,9422,50578
80000,66,67435.0,66262,676.0,12565,67435
100000,66,84200.0,82855,844.95,15800,84200
200000,66,168493.0,153134,1678.55,31507,168493
400000,66,336995.0,284833,3340.8,63005,336995
600000,66,505185.0,451960,5011.2,94815,505185
800000,66,673406.0,617891,6697.6,126594,673406
1000000,66,841646.0,784702,8362.35,158354,841646
2,67,2.0,0,0.0,0,2
3,67,3.0,0,0.0,0,3
100,67,89.0,74,2.9,11,89
200,67,170.0,157,4.7,30,170
2000,67,1683.0,789,20.75,317,1683
10000,67,8400.0,3589,89.1,1600,8400
20000,67,16809.0,6835,168.85,3191,16809
40000,67,33624.0,13515,333.75,6376,33624
60000,67,50434.0,20049,499.6,9566,50434
80000,67,67216.0,31172,669.6,12784,67216
100000,67,84078.0,37852,838.5,15922,84078
200000,67,168198.0,94749,1673.8,31802,168198
400000,67,336657.0,161675,3345.65,63343,336657
600000,67,505181.0,228609,5019.75,94819,505181
800000,67,673044.0,295225,6676.05,126956,673044
1000000,67,841459.0,364650,8333.5,158541,841459
2,68,1.0,1,0.05,1,1
3,68,2.0,1,0.05,1,2
100,68,84.0,41,0.9,16,84
200,68,163.0,114,1.8,37,163
2000,68,1667.0,1638,18.4,333,1667
10000,68,8371.0,5314,87.5,1629,8371
20000,68,16880.0,8703,168.7,3120,16880
40000,68,33728.0,16540,336.95,6272,33728
60000,68,50578.0,29718,500.7,9422,50578
80000,68,67514.0,36370,669.5,12486,67514
100000,68,84301.0,43124,838.55,15699,84301
200000,68,168399.0,76474,1676.3,31601,168399
400000,68,336556.0,142792,3334.55,63444,336556
600000,68,504913.0,209439,4999.1,95087,504913
800000,68,673200.0,275914,6665.45,126800,673200
1000000,68,841508.0,344538,8348.2,158492,841508
2,69,2.0,1,0.05,0,2
3,69,3.0,2,0.1,0,3
100,69,86.0,65,1.6,14,86
200,69,170.0,137,2.35,30,170
2000,69,1665.0,1615,17.55,335,1665
10000,69,8436.0,5494,82.75,1564,8436
20000,69,16852.0,8866,164.45,3148,16852
40000,69,33609.0,15593,331.05,6391,33609
60000,69,50473.0,22293,498.6,9527,50473
80000,69,67276.0,28904,667.15,12724,67276
100000,69,84109.0,35607,834.4,15891,84109
200000,69,168328.0,83419,1667.85,31672,168328
400000,69,336733.0,149943,3334.05,63267,336733
600000,69,505105.0,239324,4999.05,94895,505105
800000,69,673226.0,405911,6660.8,126774,673226
1000000,69,841546.0,562842,8323.85,158454,841546
2,70,1.0,1,0.05,1,1
3,70,2.0,1,0.05,1,2
100,70,80.0,55,0.9,20,80
200,70,163.0,99,1.8,37,163
2000,70,1698.0,1447,16.3,302,1698
10000,70,8508.0,6982,82.95,1492,8508
20000,70,16976.0,14303,165.85,3024,16976
40000,70,33740.0,27871,330.55,6260,33740
60000,70,50454.0,44689,502.55,9546,50454
80000,70,67267.0,61265,666.7,12733,67267
100000,70,84081.0,77917,833.1,15919,84081
200000,70,168265.0,161218,1669.05,31735,168265
400000,70,336586.0,327919,3324.45,63414,336586
600000,70,504701.0,494565,4981.6,95299,504701
800000,70,672939.0,661121,6645.65,127061,672939
1000000,70,841426.0,828147,8312.55,158574,841426
2,71,1.0,1,0.0,1,1
3,71,2.0,1,0.0,1,2
100,71,81.0,71,2.35,19,81
200,71,168.0,152,5.45,32,168
2000,71,1691.0,1648,21.05,309,1691
10000,71,8437.0,8336,88.65,1563,8437
20000,71,16842.0,16662,171.5,3158,16842
40000,71,33691.0,33338,337.45,6309,33691
60000,71,50491.0,50025,507.75,9509,50491
80000,71,67381.0,66623,673.4,12619,67381
100000,71,84155.0,83195,839.7,15845,84155
200000,71,168538.0,166709,1670.45,31462,168538
400000,71,336649.0,333183,3328.9,63351,336649
600000,71,505027.0,499748,4999.05,94973,505027
800000,71,673206.0,666665,6671.15,126794,673206
1000000,71,841564.0,833262,8343.35,158436,841564
2,72,2.0,2,0.05,0,2
3,72,2.0,3,0.05,1,2
100,72,82.0,66,2.1,18,82
200,72,155.0,152,2.85,45,155
2000,72,1718.0,1017,17.7,282,1718
10000,72,8501.0,3640,81.35,1499,8501
20000,72,16919.0,8207,167.15,3081,16919
40000,72,33802.0,14831,330.95,6198,33802
60000,72,50594.0,21534,498.65,9406,50594
80000,72,67354.0,28674,668.95,12646,67354
100000,72,84232.0,35259,835.55,15768,84232
200000,72,168608.0,112519,1670.8,31392,168608
400000,72,336942.0,233042,3346.15,63058,336942
600000,72,505606.0,299796,5019.55,94394,505606
800000,72,673949.0,366446,6685.25,126051,673949
1000000,72,842257.0,433168,8353.05,157743,842257
2,73,2.0,0,0.0,0,2
3,73,3.0,0,0.0,0,3
100,73,85.0,76,2.55,15,85
200,73,167.0,158,5.2,33,167
2000,73,1674.0,1643,26.5,326,1674
10000,73,8393.0,4946,93.0,1607,8393
20000,73,16860.0,8348,176.85,3140,16860
40000,73,33695.0,15046,342.0,6305,33695
60000,73,50426.0,21662,511.1,9574,50426
80000,73,67218.0,28334,677.65,12782,67218
100000,73,84208.0,34944,840.9,15792,84208
200000,73,168391.0,105786,1666.65,31609,168391
400000,73,336711.0,272373,3323.15,63289,336711
600000,73,504948.0,439057,4995.5,95052,504948
800000,73,673067.0,605645,6671.4,126933,673067
1000000,73,841577.0,772252,8335.4,158423,841577
2,74,2.0,0,0.0,0,2
3,74,3.0,0,0.0,0,3
100,74,91.0,39,0.7,9,91
200,74,181.0,62,1.45,19,181
2000,74,1664.0,800,17.55,336,1664
10000,74,8372.0,7387,84.3,1628,8372
20000,74,16808.0,15710,165.45,3192,16808
40000,74,33640.0,31182,332.75,6360,33640
60000,74,50509.0,47839,502.25,9491,50509
80000,74,67352.0,64545,664.35,12648,67352
100000,74,84198.0,81152,824.65,15802,84198
200000,74,168256.0,164438,1663.4,31744,168256
400000,74,336706.0,330977,3335.55,63294,336706
600000,74,505131.0,497880,5011.5,94869,505131
800000,74,673813.0,664807,6667.15,126187,673813
1000000,74,841971.0,831541,8333.9,158029,841971
2,75,2.0,0,0.0,0,2
3,75,3.0,0,0.0,0,3
100,75,87.0,78,0.75,13,87
200,75,172.0,121,1.4,28,172
2000,75,1713.0,829,17.55,287,1713
10000,75,8447.0,3546,85.35,1553,8447
20000,75,16791.0,7073,170.9,3209,16791
40000,75,33691.0,13826,340.05,6309,33691
60000,75,50518.0,28098,506.0,9482,50518
80000,75,67396.0,44736,671.85,12604,67396
100000,75,84180.0,61396,834.0,15820,84180
200000,75,168278.0,144743,1664.7,31722,168278
400000,75,336890.0,311496,3329.45,63110,336890
600000,75,505283.0,471008,4990.7,94717,505283
800000,75,673707.0,595676,6641.25,126293,673707
1000000,75,842114.0,662564,8312.35,157886,842114
2,76,1.0,1,0.05,1,1
3,76,2.0,1,0.05,1,2
100,76,85.0,59,0.9,15,85
200,76,167.0,133,1.6,33,167
2000,76,1696.0,1415,18.15,304,1696
10000,76,8443.0,8104,86.2,1557,8443
20000,76,16874.0,16416,169.5,3126,16874
40000,76,33719.0,33082,329.6,6281,33719
60000,76,50497.0,49703,499.25,9503,50497
80000,76,67402.0,66340,664.95,12598,67402
100000,76,84257.0,83052,826.15,15743,84257
200000,76,168559.0,166552,1662.8,31441,168559
400000,76,336750.0,326110,3331.35,63250,336750
600000,76,505233.0,492631,4996.1,94767,505233
800000,76,673351.0,659161,6661.2,126649,673351
1000000,76,841906.0,825896,8334.1,158094,841906
2,77,2.0,2,0.1,0,2
3,77,3.0,3,0.15,0,3
100,77,82.0,53,1.05,18,82
200,77,162.0,125,1.75,38,162
2000,77,1671.0,1639,17.6,329,1671
10000,77,8386.0,4648,84.7,1614,8386
20000,77,16861.0,12999,168.9,3139,16861
40000,77,33708.0,29695,336.65,6292,33708
60000,77,50534.0,46406,506.7,9466,50534
80000,77,67415.0,63041,673.55,12585,67415
100000,77,84261.0,79715,839.35,15739,84261
200000,77,168528.0,162949,1667.4,31472,168528
400000,77,336893.0,329286,3331.6,63107,336893
600000,77,504909.0,488114,4996.8,95091,504909
800000,77,673223.0,654641,6663.7,126777,673223
1000000,77,841434.0,802770,8309.7,158566,841434
2,78,1.0,1,0.05,1,1
3,78,2.0,1,0.05,1,2
100,78,84.0,84,1.55,16,84
200,78,165.0,170,2.3,35,165
2000,78,1674.0,930,17.85,326,1674
10000,78,8395.0,3629,87.25,1605,8395
20000,78,16836.0,6928,168.65,3164,16836
40000,78,33698.0,14067,340.8,6302,33698
60000,78,50556.0,23187,509.65,9444,50556
80000,78,67338.0,37369,680.4,12662,67338
100000,78,84152.0,54009,847.1,15848,84152
200000,78,168516.0,137371,1685.45,31484,168516
400000,78,336625.0,303733,3335.1,63375,336625
600000,78,504928.0,391601,5004.4,95072,504928
800000,78,673281.0,458099,6673.25,126719,673281
1000000,78,841621.0,525018,8364.0,158379,841621
2,79,2.0,0,0.0,0,2
3,79,3.0,0,0.0,0,3
100,79,84.0,33,0.8,16,84
200,79,168.0,68,1.75,32,168
2000,79,1672.0,684,18.25,328,1672
10000,79,8443.0,3444,85.1,1557,8443
20000,79,16876.0,6763,166.8,3124,16876
40000,79,33632.0,13698,334.4,6368,33632
60000,79,50457.0,20465,504.65,9543,50457
80000,79,67218.0,27193,674.45,12782,67218
100000,79,84023.0,33848,837.2,15977,84023
200000,79,168125.0,67224,1673.55,31875,168125
400000,79,336452.0,133726,3325.5,63548,336452
600000,79,504933.0,200406,4988.05,95067,504933
800000,79,673258.0,266800,6645.1,126742,673258
1000000,79,841714.0,333076,8301.4,158286,841714
2,80,2.0,0,0.0,0,2
3,80,3.0,0,0.0,0,3
100,80,80.0,66,2.5,20,80
200,80,161.0,150,5.85,39,161
2000,80,1659.0,1155,30.65,341,1659
10000,80,8382.0,3812,96.2,1618,8382
20000,80,16793.0,7156,180.1,3207,16793
40000,80,33640.0,13822,345.1,6360,33640
60000,80,50396.0,20586,518.15,9604,50396
80000,80,67254.0,27278,684.1,12746,67254
100000,80,84165.0,33976,855.55,15835,84165
200000,80,168248.0,67471,1686.4,31752,168248
400000,80,336634.0,138873,3365.35,63366,336634
600000,80,504857.0,210101,5036.1,95143,504857
800000,80,673080.0,282748,6698.25,126920,673080
1000000,80,841439.0,367269,8359.2,158561,841439
2,81,2.0,2,0.1,0,2
3,81,2.0,2,0.1,1,2
100,81,82.0,71,2.45,18,82
200,81,171.0,148,3.6,29,171
2000,81,1700.0,1547,19.4,300,1700
10000,81,8441.0,8238,88.65,1559,8441
20000,81,16806.0,16479,171.3,3194,16806
40000,81,33631.0,31218,337.45,6369,33631
60000,81,50462.0,37912,503.55,9538,50462
80000,81,67265.0,44576,670.95,12735,67265
100000,81,84261.0,51290,836.15,15739,84261
200000,81,168514.0,88954,1674.2,31486,168514
400000,81,336805.0,168033,3343.35,63195,336805
600000,81,505406.0,278272,5009.7,94594,505406
800000,81,673870.0,345127,6682.65,126130,673870
1000000,81,842259.0,419687,8353.95,157741,842259
2,82,2.0,0,0.0,0,2
3,82,3.0,0,0.0,0,3
100,82,84.0,30,0.9,16,84
200,82,170.0,61,1.9,30,170
2000,82,1687.0,673,16.95,313,1687
10000,82,8446.0,3297,81.25,1554,8446
20000,82,16871.0,6691,167.25,3129,16871
40000,82,33736.0,13326,331.95,6264,33736
60000,82,50602.0,20076,502.05,9398,50602
80000,82,67442.0,26941,674.3,12558,67442
100000,82,84345.0,33996,838.35,15655,84345
200000,82,168364.0,67438,1675.35,31636,168364
400000,82,336726.0,134197,3331.9,63274,336726
600000,82,504906.0,206705,5005.75,95094,504906
800000,82,673303.0,272660,6652.8,126697,673303
1000000,82,841456.0,339502,8320.15,158544,841456
2,83,1.0,1,0.05,1,1
3,83,1.0,1,0.05,2,1
100,83,84.0,77,1.1,16,84
200,83,168.0,161,1.75,32,168
2000,83,1687.0,1669,17.8,313,1687
10000,83,8392.0,6742,86.45,1608,8392
20000,83,16875.0,10371,169.55,3125,16875
40000,83,33722.0,21591,332.1,6278,33722
60000,83,50589.0,37357,500.55,9411,50589
80000,83,67366.0,50469,672.35,12634,67366
100000,83,84246.0,66023,837.25,15754,84246
200000,83,168277.0,138187,1674.95,31723,168277
400000,83,336671.0,291241,3329.3,63329,336671
600000,83,505081.0,437837,4992.5,94919,505081
800000,83,673479.0,604301,6657.6,126521,673479
1000000,83,841547.0,771004,8318.85,158453,841547
2,84,2.0,0,0.0,0,2
3,84,3.0,0,0.0,0,3
100,84,81.0,79,3.05,19,81
200,84,164.0,149,5.6,36,164
2000,84,1693.0,749,19.65,307,1693
10000,84,8426.0,6471,84.95,1574,8426
20000,84,16841.0,14625,164.75,3159,16841
40000,84,33618.0,25159,334.25,6382,33618
60000,84,50521.0,31915,502.05,9479,50521
80000,84,67405.0,38504,667.45,12595,67405
100000,84,84241.0,45198,837.15,15759,84241
200000,84,168372.0,80893,1672.25,31628,168372
400000,84,336909.0,150014,3352.4,63091,336909
600000,84,505254.0,216561,5034.05,94746,505254
800000,84,673607.0,283465,6718.0,126393,673607
1000000,84,841766.0,400714,8378.9,158234,841766
2,85,2.0,0,0.0,0,2
3,85,2.0,0,0.0,1,2
100,85,84.0,80,0.6,16,84
200,85,163.0,163,1.35,37,163
2000,85,1659.0,1347,15.95,341,1659
10000,85,8396.0,5355,83.85,1604,8396
20000,85,16838.0,10450,166.6,3162,16838
40000,85,33653.0,26682,335.55,6347,33653
60000,85,50527.0,43301,504.3,9473,50527
80000,85,67387.0,60041,671.8,12613,67387
100000,85,84339.0,76652,839.55,15661,84339
200000,85,168663.0,159959,1667.8,31337,168663
400000,85,337227.0,325773,3332.25,62773,337227
600000,85,505565.0,491387,5002.0,94435,505565
800000,85,673979.0,657699,6661.6,126021,673979
1000000,85,842264.0,824391,8340.65,157736,842264
2,86,1.0,0,0.0,1,1
3,86,1.0,0,0.0,2,1
100,86,79.0,70,2.8,21,79
200,86,169.0,149,3.8,31,169
2000,86,1676.0,1649,18.65,324,1676
10000,86,8442.0,6246,84.1,1558,8442
20000,86,16813.0,10105,169.9,3187,16813
40000,86,33614.0,18777,335.2,6386,33614
60000,86,50489.0,27791,495.1,9511,50489
80000,86,67326.0,44475,665.05,12674,67326
100000,86,84068.0,61088,832.7,15932,84068
200000,86,168187.0,144701,1667.8,31813,168187
400000,86,336617.0,244964,3331.5,63383,336617
600000,86,504837.0,311278,4989.2,95163,504837
800000,86,673269.0,378279,6669.95,126731,673269
1000000,86,841545.0,444951,8344.85,158455,841545
2,87,2.0,1,0.05,0,2
3,87,3.0,1,0.05,0,3
100,87,83.0,67,0.85,17,83
200,87,169.0,144,2.7,31,169
2000,87,1687.0,888,18.05,313,1687
10000,87,8441.0,4655,82.45,1559,8441
20000,87,16760.0,8083,168.25,3240,16760
40000,87,33620.0,14766,334.7,6380,33620
60000,87,50416.0,21426,502.15,9584,50416
80000,87,67292.0,28115,671.5,12708,67292
100000,87,84128.0,34777,835.8,15872,84128
200000,87,168202.0,67951,1669.85,31798,168202
400000,87,336132.0,134421,3326.1,63868,336132
600000,87,504586.0,200738,4989.55,95414,504586
800000,87,672814.0,311410,6659.2,127186,672814
1000000,87,841179.0,478078,8333.85,158821,841179
2,88,2.0,2,0.1,0,2
3,88,3.0,2,0.1,0,3
100,88,81.0,45,1.25,19,81
200,88,158.0,99,2.4,42,158
2000,88,1658.0,1578,18.4,342,1658
10000,88,8383.0,8199,81.1,1617,8383
20000,88,16808.0,16546,166.7,3192,16808
40000,88,33711.0,33207,334.45,6289,33711
60000,88,50506.0,49901,503.5,9494,50506
80000,88,67421.0,66529,668.95,12579,67421
100000,88,84286.0,83237,835.05,15714,84286
200000,88,168194.0,166656,1672.1,31806,168194
400000,88,336508.0,333209,3335.25,63492,336508
600000,88,504773.0,499749,5017.45,95227,504773
800000,88,672960.0,666287,6678.5,127040,672960
1000000,88,841078.0,833105,8358.7,158922,841078
2,89,1.0,0,0.0,1,1
3,89,2.0,0,0.0,1,2
100,89,84.0,77,1.05,16,84
200,89,171.0,161,1.7,29,171
2000,89,1667.0,1282,16.45,333,1667
10000,89,8405.0,7651,80.95,1595,8405
20000,89,16831.0,15966,167.1,3169,16831
40000,89,33669.0,32668,336.1,6331,33669
60000,89,50508.0,49402,502.4,9492,50508
80000,89,67372.0,65591,669.6,12628,67372
100000,89,84082.0,80510,841.6,15918,84082
200000,89,168192.0,154507,1690.3,31808,168192
400000,89,336376.0,222319,3354.6,63624,336376
600000,89,504576.0,373274,5039.35,95424,504576
800000,89,672772.0,527488,6704.8,127228,672772
1000000,89,841024.0,594536,8362.2,158976,841024
2,90,2.0,2,0.0,0,2
3,90,3.0,3,0.0,0,3
100,90,88.0,48,1.6,12,88
200,90,170.0,82,2.5,30,170
2000,90,1694.0,863,18.5,306,1694
10000,90,8413.0,3488,84.35,1587,8413
20000,90,16885.0,6826,168.9,3115,16885
40000,90,33672.0,13644,339.05,6328,33672
60000,90,50579.0,20404,507.75,9421,50579
80000,90,67391.0,27013,671.25,12609,67391
100000,90,84202.0,33605,836.9,15798,84202
200000,90,168480.0,66928,1665.55,31520,168480
400000,90,336890.0,133611,3332.45,63110,336890
600000,90,505075.0,200471,5001.65,94925,505075
800000,90,673608.0,314420,6669.0,126392,673608
1000000,90,841943.0,381200,8329.75,158057,841943
2,91,2.0,2,0.05,0,2
3,91,3.0,3,0.1,0,3
100,91,84.0,39,1.2,16,84
200,91,168.0,69,1.85,32,168
2000,91,1675.0,1377,17.35,325,1675
10000,91,8394.0,8081,86.0,1606,8394
20000,91,16850.0,13875,165.5,3150,16850
40000,91,33693.0,21410,337.2,6307,33693
60000,91,50559.0,28028,502.2,9441,50559
80000,91,67363.0,34583,663.65,12637,67363
100000,91,84202.0,43077,829.7,15798,84202
200000,91,168576.0,123544,1671.6,31424,168576
400000,91,336860.0,238105,3351.05,63140,336860
600000,91,505391.0,304663,5008.5,94609,505391
800000,91,673724.0,371222,6673.05,126276,673724
1000000,91,841938.0,438116,8353.05,158062,841938
2,92,1.0,2,0.1,1,1
3,92,2.0,3,0.1,1,2
100,92,79.0,66,1.6,21,79
200,92,165.0,140,2.35,35,165
2000,92,1685.0,1654,17.9,315,1685
10000,92,8453.0,4982,82.05,1547,8453
20000,92,16848.0,10948,167.1,3152,16848
40000,92,33720.0,18695,336.75,6280,33720
60000,92,50451.0,32929,503.85,9549,50451
80000,92,67324.0,49387,673.7,12676,67324
100000,92,84124.0,65964,840.3,15876,84124
200000,92,168378.0,149292,1673.0,31622,168378
400000,92,337181.0,316259,3324.2,62819,337181
600000,92,505689.0,482910,4987.8,94311,505689
800000,92,673980.0,649731,6651.45,126020,673980
1000000,92,842269.0,816464,8338.7,157731,842269
2,93,2.0,2,0.1,0,2
3,93,3.0,3,0.1,0,3
100,93,86.0,80,1.1,14,86
200,93,168.0,164,2.15,32,168
2000,93,1688.0,1684,24.5,312,1688
10000,93,8404.0,8297,89.45,1596,8404
20000,93,16774.0,16719,175.5,3226,16774
40000,93,33606.0,29345,347.3,6394,33606
60000,93,50464.0,35989,512.5,9536,50464
80000,93,67321.0,42749,677.5,12679,67321
100000,93,84083.0,49459,843.2,15917,84083
200000,93,168392.0,83101,1684.2,31608,168392
400000,93,336719.0,149499,3349.7,63281,336719
600000,93,504964.0,215828,5003.55,95036,504964
800000,93,673351.0,282566,6662.55,126649,673351
1000000,93,841553.0,348960,8319.55,158447,841553
2,94,2.0,0,0.0,0,2
3,94,3.0,0,0.0,0,3
100,94,85.0,39,0.75,15,85
200,94,161.0,83,2.2,39,161
2000,94,1675.0,1241,17.1,325,1675
10000,94,8350.0,7880,83.75,1650,8350
20000,94,16736.0,16204,166.1,3264,16736
40000,94,33558.0,32896,331.8,6442,33558
60000,94,50425.0,49495,496.65,9575,50425
80000,94,67216.0,66112,662.0,12784,67216
100000,94,84017.0,82716,824.55,15983,84017
200000,94,168024.0,165997,1659.3,31976,168024
400000,94,335993.0,332556,3324.85,64007,335993
600000,94,504390.0,499169,4998.9,95610,504390
800000,94,672586.0,625726,6678.85,127414,672586
1000000,94,841223.0,692633,8342.5,158777,841223
2,95,2.0,0,0.0,0,2
3,95,3.0,1,0.05,0,3
100,95,83.0,41,1.3,17,83
200,95,167.0,111,3.85,33,167
2000,95,1693.0,1612,20.85,307,1693
10000,95,8464.0,4574,88.25,1536,8464
20000,95,16898.0,7895,170.85,3102,16898
40000,95,33706.0,14510,335.75,6294,33706
60000,95,50528.0,21172,504.75,9472,50528
80000,95,67374.0,27933,675.3,12626,67374
100000,95,84123.0,34640,841.7,15877,84123
200000,95,168293.0,67982,1678.25,31707,168293
400000,95,336533.0,134906,3353.8,63467,336533
600000,95,504989.0,201367,5008.85,95011,504989
800000,95,673458.0,268207,6680.85,126542,673458
1000000,95,841878.0,334603,8346.45,158122,841878
2,96,1.0,1,0.05,1,1
3,96,2.0,2,0.1,1,2
100,96,86.0,84,2.8,14,86
200,96,159.0,160,5.8,41,159
2000,96,1663.0,823,23.05,337,1663
10000,96,8368.0,3491,89.05,1632,8368
20000,96,16802.0,6824,174.15,3198,16802
40000,96,33601.0,13643,340.1,6399,33601
60000,96,50437.0,29171,508.35,9563,50437
80000,96,67286.0,43486,674.3,12714,67286
100000,96,84194.0,60102,834.05,15806,84194
200000,96,168607.0,143313,1662.5,31393,168607
400000,96,337038.0,308769,3342.15,62962,337038
600000,96,505395.0,475471,5012.65,94605,505395
800000,96,673720.0,642073,6681.25,126280,673720
1000000,96,842254.0,798308,8355.2,157746,842254
2,97,2.0,1,0.0,0,2
3,97,3.0,2,0.05,0,3
100,97,81.0,69,1.2,19,81
200,97,169.0,98,2.05,31,169
2000,97,1667.0,813,17.4,333,1667
10000,97,8381.0,7442,83.8,1619,8381
20000,97,16773.0,15744,166.45,3227,16773
40000,97,33542.0,32435,331.65,6458,33542
60000,97,50429.0,49089,496.85,9571,50429
80000,97,67218.0,65726,661.85,12782,67218
100000,97,84082.0,82375,831.55,15918,84082
200000,97,168401.0,163274,1658.25,31599,168401
400000,97,336891.0,329842,3321.75,63109,336891
600000,97,505373.0,496822,4989.1,94627,505373
800000,97,673684.0,663699,6655.45,126316,673684
1000000,97,841716.0,830350,8319.95,158284,841716
2,98,1.0,0,0.0,1,1
3,98,2.0,0,0.0,1,2
100,98,84.0,41,1.15,16,84
200,98,166.0,83,2.3,34,166
2000,98,1691.0,707,17.75,309,1691
10000,98,8320.0,3738,84.85,1680,8320
20000,98,16807.0,12109,168.6,3193,16807
40000,98,33565.0,25250,335.95,6435,33565
60000,98,50309.0,31951,506.3,9691,50309
80000,98,67112.0,38754,675.05,12888,67112
100000,98,83875.0,45427,848.45,16125,83875
200000,98,167866.0,118161,1689.35,32134,167866
400000,98,336279.0,190900,3346.2,63721,336279
600000,98,504715.0,257786,5018.55,95285,504715
800000,98,672980.0,324482,6680.7,127020,672980
1000000,98,841334.0,391254,8348.0,158666,841334
2,99,2.0,0,0.0,0,2
3,99,3.0,0,0.0,0,3
100,99,77.0,48,1.2,23,77
200,99,165.0,141,1.95,35,165
2000,99,1672.0,1359,17.0,328,1672
10000,99,8447.0,4044,81.8,1553,8447
20000,99,16897.0,7370,161.7,3103,16897
40000,99,33698.0,13994,332.05,6302,33698
60000,99,50528.0,20569,498.15,9472,50528
80000,99,67391.0,27274,665.0,12609,67391
100000,99,84228.0,33848,831.5,15772,84228
200000,99,168616.0,67467,1667.7,31384,168616
400000,99,336758.0,134128,3333.65,63242,336758
600000,99,505092.0,217546,5003.65,94908,505092
800000,99,673477.0,284447,6682.7,126523,673477
1000000,99,841855.0,351386,8357.55,158145,841855
2,100,1.0,0,0.0,1,1
3,100,1.0,1,0.0,2,1
100,100,82.0,69,1.7,18,82
200,100,164.0,121,3.35,36,164
2000,100,1671.0,1557,24.9,329,1671
10000,100,8361.0,8250,88.65,1639,8361
20000,100,16779.0,16589,173.0,3221,16779
40000,100,33532.0,33342,343.4,6468,33532
60000,100,50258.0,50025,510.9,9742,50258
80000,100,67101.0,66771,674.0,12899,67101
100000,100,83982.0,77459,846.45,16018,83982
200000,100,167899.0,110935,1688.25,32101,167899
400000,100,336270.0,177523,3367.45,63730,336270
600000,100,504710.0,244331,5035.3,95290,504710
800000,100,672946.0,311166,6704.45,127054,672946
1000000,100,841145.0,377893,8374.95,158855,841145
