Timestep,Iteration,Total Reward,Suboptimal Arms,Total Regret,Zeros Count,Ones Count
2,1,2.0,1,0.09,0,2
3,1,3.0,2,0.19,0,3
100,1,91.0,49,1.68,9,91
200,1,177.0,85,3.3,23,177
2000,1,1745.0,652,30.89,255,1745
10000,1,8791.0,3276,163.71,1209,8791
20000,1,17580.0,6672,335.76,2420,17580
40000,1,35118.0,13307,668.37,4882,35118
60000,1,52687.0,19958,1006.99,7313,52687
80000,1,70266.0,26599,1339.99,9734,70266
100000,1,87796.0,33139,1663.21,12204,87796
200000,1,175525.0,66770,3354.25,24475,175525
400000,1,351626.0,133560,6698.07,48374,351626
600000,1,527147.0,200415,10042.39,72853,527147
800000,1,703038.0,267214,13382.75,96962,703038
1000000,1,878561.0,333701,16707.05,121439,878561
2,2,1.0,2,0.19,1,1
3,2,2.0,2,0.19,1,2
100,2,88.0,82,3.29,12,88
200,2,174.0,140,7.09,26,174
2000,2,1752.0,1591,41.89,248,1752
10000,2,8779.0,8217,195.07,1221,8779
20000,2,17532.0,16368,385.05,2468,17532
40000,2,35031.0,23077,719.92,4969,35031
60000,2,52552.0,29931,1056.23,7448,52552
80000,2,70193.0,36675,1394.33,9807,70193
100000,2,87701.0,43682,1729.69,12299,87701
200000,2,175634.0,77582,3388.78,24366,175634
400000,2,351342.0,144263,6729.18,48658,351342
600000,2,527035.0,210530,10038.97,72965,527035
800000,2,702453.0,277633,13401.99,97547,702453
1000000,2,878257.0,344415,16748.11,121743,878257
2,3,2.0,2,0.1,0,2
3,3,3.0,3,0.19,0,3
100,3,85.0,83,3.38,15,85
200,3,174.0,169,5.16,26,174
2000,3,1730.0,1360,38.12,270,1730
10000,3,8787.0,3986,169.33,1213,8787
20000,3,17566.0,7308,336.42,2434,17566
40000,3,35131.0,14058,672.03,4869,35131
60000,3,52649.0,20815,1015.42,7351,52649
80000,3,70264.0,27512,1357.69,9736,70264
100000,3,87893.0,34211,1691.52,12107,87893
200000,3,175507.0,67457,3350.49,24493,175507
400000,3,351288.0,134076,6686.7,48712,351288
600000,3,526757.0,201055,10051.53,73243,526757
800000,3,702590.0,267916,13391.12,97410,702590
1000000,3,878267.0,334622,16723.63,121733,878267
2,4,2.0,2,0.19,0,2
3,4,3.0,3,0.28,0,3
100,4,83.0,41,2.45,17,83
200,4,170.0,82,5.18,30,170
2000,4,1758.0,1072,38.12,242,1758
10000,4,8792.0,3793,170.43,1208,8792
20000,4,17570.0,7207,343.3,2430,17570
40000,4,35258.0,13877,675.0,4742,35258
60000,4,52840.0,20595,1005.23,7160,52840
80000,4,70412.0,27296,1337.8,9588,70412
100000,4,88041.0,33868,1663.7,11959,88041
200000,4,175989.0,67136,3327.64,24011,175989
400000,4,351704.0,133760,6663.07,48296,351704
600000,4,527386.0,200539,10000.26,72614,527386
800000,4,702987.0,267541,13346.85,97013,702987
1000000,4,878596.0,334304,16695.58,121404,878596
2,5,2.0,2,0.19,0,2
3,5,2.0,3,0.28,1,2
100,5,83.0,45,2.56,17,83
200,5,169.0,67,3.48,31,169
2000,5,1738.0,1278,37.35,262,1738
10000,5,8796.0,3985,172.38,1204,8796
20000,5,17604.0,7362,345.69,2396,17604
40000,5,35213.0,14426,675.85,4787,35213
60000,5,52730.0,22594,1012.61,7270,52730
80000,5,70298.0,29234,1339.93,9702,70298
100000,5,87856.0,35877,1662.5,12144,87856
200000,5,175738.0,69358,3339.11,24262,175738
400000,5,351450.0,135972,6652.71,48550,351450
600000,5,527557.0,202711,10001.85,72443,527557
800000,5,703157.0,269407,13328.64,96843,703157
1000000,5,878888.0,335379,16631.29,121112,878888
2,6,2.0,2,0.19,0,2
3,6,3.0,3,0.19,0,3
100,6,86.0,85,1.86,14,86
200,6,174.0,163,3.96,26,174
2000,6,1748.0,1178,36.22,252,1748
10000,6,8769.0,7852,187.31,1231,8769
20000,6,17556.0,16115,379.01,2444,17556
40000,6,35107.0,32380,761.21,4893,35107
60000,6,52693.0,47657,1137.84,7307,52693
80000,6,70234.0,63161,1515.15,9766,70234
100000,6,87724.0,77814,1895.31,12276,87724
200000,6,175300.0,160559,3824.91,24700,175300
400000,6,350707.0,273545,7402.59,49293,350707
600000,6,526216.0,340637,10761.23,73784,526216
800000,6,702198.0,407019,14101.66,97802,702198
1000000,6,877862.0,473890,17450.39,122138,877862
2,7,2.0,0,0.0,0,2
3,7,3.0,0,0.0,0,3
100,7,85.0,81,3.1,15,85
200,7,172.0,170,5.17,28,172
2000,7,1742.0,1422,38.61,258,1742
10000,7,8720.0,4709,168.89,1280,8720
20000,7,17479.0,8039,335.22,2521,17479
40000,7,35064.0,14774,662.11,4936,35064
60000,7,52578.0,21473,989.28,7422,52578
80000,7,70106.0,28066,1326.26,9894,70106
100000,7,87608.0,34586,1659.01,12392,87608
200000,7,175463.0,67764,3322.32,24537,175463
400000,7,351176.0,134683,6657.88,48824,351176
600000,7,526906.0,201542,9986.74,73094,526906
800000,7,702394.0,267973,13309.14,97606,702394
1000000,7,878082.0,334957,16640.88,121918,878082
2,8,2.0,2,0.19,0,2
3,8,3.0,3,0.28,0,3
100,8,85.0,54,2.61,15,85
200,8,173.0,107,6.38,27,173
2000,8,1744.0,1449,42.89,256,1744
10000,8,8737.0,8028,198.72,1263,8737
20000,8,17468.0,16044,387.93,2532,17468
40000,8,34965.0,32718,775.77,5035,34965
60000,8,52444.0,49467,1164.62,7556,52444
80000,8,70051.0,60649,1520.95,9949,70051
100000,8,87645.0,67452,1863.39,12355,87645
200000,8,175280.0,100940,3536.71,24720,175280
400000,8,351070.0,167316,6831.03,48930,351070
600000,8,526906.0,233570,10152.1,73094,526906
800000,8,702397.0,300687,13516.0,97603,702397
1000000,8,878071.0,367340,16832.14,121929,878071
2,9,1.0,2,0.19,1,1
3,9,2.0,3,0.19,1,2
100,9,83.0,47,1.85,17,83
200,9,169.0,82,2.75,31,169
2000,9,1768.0,809,31.58,232,1768
10000,9,8785.0,4178,170.56,1215,8785
20000,9,17533.0,7620,337.26,2467,17533
40000,9,35158.0,14206,663.5,4842,35158
60000,9,52654.0,20959,999.31,7346,52654
80000,9,70164.0,27560,1329.31,9836,70164
100000,9,87706.0,34243,1663.96,12294,87706
200000,9,175600.0,67685,3327.42,24400,175600
400000,9,351020.0,134432,6642.58,48980,351020
600000,9,526873.0,201372,9986.16,73127,526873
800000,9,702525.0,267990,13304.91,97475,702525
1000000,9,878331.0,334980,16643.97,121669,878331
2,10,2.0,2,0.19,0,2
3,10,3.0,3,0.19,0,3
100,10,89.0,41,2.27,11,89
200,10,179.0,77,4.16,21,179
2000,10,1755.0,1205,37.53,245,1755
10000,10,8739.0,7201,186.84,1261,8739
20000,10,17525.0,10558,353.3,2475,17525
40000,10,35057.0,17175,688.88,4943,35057
60000,10,52639.0,23708,1014.22,7361,52639
80000,10,70275.0,30426,1346.7,9725,70275
100000,10,87865.0,37064,1676.71,12135,87865
200000,10,175581.0,70590,3353.46,24419,175581
400000,10,351092.0,137072,6693.04,48908,351092
600000,10,526981.0,203954,10033.45,73019,526981
800000,10,702760.0,270743,13369.43,97240,702760
1000000,10,878165.0,337404,16725.3,121835,878165
2,11,2.0,1,0.09,0,2
3,11,3.0,2,0.19,0,3
100,11,88.0,44,1.93,12,88
200,11,178.0,73,3.15,22,178
2000,11,1780.0,713,31.28,220,1780
10000,11,8814.0,3408,164.82,1186,8814
20000,11,17612.0,6706,329.0,2388,17612
40000,11,35249.0,15056,669.19,4751,35249
60000,11,52841.0,23617,1019.17,7159,52841
80000,11,70441.0,30377,1352.67,9559,70441
100000,11,87985.0,37056,1697.82,12015,87985
200000,11,175633.0,70505,3370.68,24367,175633
400000,11,351205.0,137225,6693.18,48795,351205
600000,11,526696.0,203856,10015.05,73304,526696
800000,11,702071.0,270292,13338.47,97929,702071
1000000,11,877898.0,336990,16680.66,122102,877898
2,12,2.0,1,0.09,0,2
3,12,3.0,2,0.19,0,3
100,12,91.0,53,3.14,9,91
200,12,183.0,94,5.15,17,183
2000,12,1755.0,1176,38.82,245,1755
10000,12,8778.0,7791,189.52,1222,8778
20000,12,17567.0,11463,355.84,2433,17567
40000,12,35187.0,18234,697.05,4813,35187
60000,12,52719.0,24889,1029.94,7281,52719
80000,12,70290.0,31642,1366.64,9710,70290
100000,12,87930.0,38305,1698.4,12070,87930
200000,12,175695.0,71973,3387.2,24305,175695
400000,12,351283.0,138857,6723.84,48717,351283
600000,12,526831.0,205678,10077.35,73169,526831
800000,12,702396.0,272684,13429.63,97604,702396
1000000,12,877915.0,339359,16759.28,122085,877915
2,13,2.0,1,0.01,0,2
3,13,3.0,2,0.01,0,3
100,13,85.0,72,1.98,15,85
200,13,172.0,119,4.28,28,172
2000,13,1719.0,1614,42.72,281,1719
10000,13,8718.0,4224,175.38,1282,8718
20000,13,17466.0,7506,334.8,2534,17466
40000,13,35042.0,14188,675.47,4958,35042
60000,13,52644.0,20792,1000.45,7356,52644
80000,13,70263.0,27393,1333.43,9737,70263
100000,13,87844.0,34047,1665.32,12156,87844
200000,13,175630.0,67538,3345.4,24370,175630
400000,13,351120.0,134029,6666.22,48880,351120
600000,13,527005.0,200629,9999.54,72995,527005
800000,13,702849.0,267125,13322.54,97151,702849
1000000,13,878585.0,333755,16645.67,121415,878585
2,14,2.0,2,0.19,0,2
3,14,2.0,3,0.28,1,2
100,14,86.0,40,1.73,14,86
200,14,172.0,71,2.87,28,172
2000,14,1761.0,663,31.66,239,1761
10000,14,8812.0,3317,164.45,1188,8812
20000,14,17634.0,6704,327.1,2366,17634
40000,14,35167.0,13238,659.92,4833,35167
60000,14,52764.0,20291,998.4,7236,52764
80000,14,70314.0,27016,1343.33,9686,70314
100000,14,87893.0,33658,1678.22,12107,87893
200000,14,175826.0,67080,3354.72,24174,175826
400000,14,351505.0,133500,6687.15,48495,351505
600000,14,527137.0,200175,10022.74,72863,527137
800000,14,702759.0,266683,13333.74,97241,702759
1000000,14,878640.0,333571,16692.9,121360,878640
2,15,1.0,2,0.1,1,1
3,15,2.0,3,0.19,1,2
100,15,87.0,81,5.53,13,87
200,15,176.0,171,6.79,24,176
2000,15,1757.0,1101,37.0,243,1757
10000,15,8751.0,3783,168.49,1249,8751
20000,15,17530.0,7135,339.43,2470,17530
40000,15,35098.0,13742,662.17,4902,35098
60000,15,52607.0,20425,989.35,7393,52607
80000,15,70231.0,27179,1318.32,9769,70231
100000,15,87774.0,33852,1652.01,12226,87774
200000,15,175819.0,67208,3314.86,24181,175819
400000,15,351482.0,134018,6660.76,48518,351482
600000,15,527133.0,201022,9992.24,72867,527133
800000,15,702835.0,267587,13317.56,97165,702835
1000000,15,878460.0,334228,16653.71,121540,878460
2,16,2.0,1,0.09,0,2
3,16,3.0,2,0.19,0,3
100,16,85.0,70,1.79,15,85
200,16,175.0,107,3.86,25,175
2000,16,1755.0,704,33.85,245,1755
10000,16,8792.0,4763,171.05,1208,8792
20000,16,17528.0,8322,339.78,2472,17528
40000,16,35039.0,14996,675.82,4961,35039
60000,16,52625.0,21704,1013.92,7375,52625
80000,16,70186.0,28306,1347.71,9814,70186
100000,16,87793.0,35016,1684.56,12207,87793
200000,16,175769.0,68306,3367.06,24231,175769
400000,16,351466.0,135112,6701.96,48534,351466
600000,16,527150.0,201598,10010.69,72850,527150
800000,16,702846.0,268247,13347.77,97154,702846
1000000,16,878477.0,334744,16681.94,121523,878477
2,17,1.0,1,0.09,1,1
3,17,2.0,2,0.1,1,2
100,17,90.0,58,3.17,10,90
200,17,176.0,98,4.99,24,176
2000,17,1751.0,757,36.27,249,1751
10000,17,8788.0,3400,165.41,1212,8788
20000,17,17554.0,6775,339.43,2446,17554
40000,17,35162.0,13441,669.94,4838,35162
60000,17,52713.0,20202,1009.38,7287,52713
80000,17,70306.0,26922,1347.72,9694,70306
100000,17,87827.0,33716,1686.88,12173,87827
200000,17,175670.0,67253,3363.06,24330,175670
400000,17,351326.0,133810,6684.56,48674,351326
600000,17,526900.0,200527,10017.84,73100,526900
800000,17,702340.0,267083,13367.33,97660,702340
1000000,17,877953.0,333523,16686.36,122047,877953
2,18,2.0,0,0.0,0,2
3,18,2.0,1,0.09,1,2
100,18,91.0,68,4.3,9,91
200,18,172.0,138,7.71,28,172
2000,18,1722.0,1619,41.58,278,1722
10000,18,8772.0,4513,176.37,1228,8772
20000,18,17523.0,7891,342.31,2477,17523
40000,18,35076.0,14639,680.07,4924,35076
60000,18,52695.0,21238,1010.33,7305,52695
80000,18,70280.0,27804,1337.01,9720,70280
100000,18,87812.0,34442,1662.07,12188,87812
200000,18,175579.0,67920,3327.51,24421,175579
400000,18,351231.0,134647,6657.43,48769,351231
600000,18,526847.0,201134,9975.7,73153,526847
800000,18,702623.0,268285,13349.49,97377,702623
1000000,18,878059.0,334704,16662.12,121941,878059
2,19,2.0,2,0.19,0,2
3,19,3.0,2,0.19,0,3
100,19,90.0,68,1.87,10,90
200,19,178.0,101,3.2,22,178
2000,19,1723.0,922,35.21,277,1723
10000,19,8752.0,3483,165.73,1248,8752
20000,19,17566.0,6865,333.49,2434,17566
40000,19,35110.0,13508,677.11,4890,35110
60000,19,52667.0,20163,1007.84,7333,52667
80000,19,70172.0,26788,1343.72,9828,70172
100000,19,87588.0,33541,1683.49,12412,87588
200000,19,175420.0,66965,3337.32,24580,175420
400000,19,351250.0,133630,6650.09,48750,351250
600000,19,527019.0,200267,9982.43,72981,527019
800000,19,702723.0,266830,13313.06,97277,702723
1000000,19,878419.0,333285,16628.47,121581,878419
2,20,2.0,2,0.19,0,2
3,20,3.0,3,0.28,0,3
100,20,86.0,61,3.72,14,86
200,20,173.0,101,5.45,27,173
2000,20,1759.0,719,36.35,241,1759
10000,20,8794.0,3357,167.62,1206,8794
20000,20,17627.0,6717,332.12,2373,17627
40000,20,35180.0,13402,669.38,4820,35180
60000,20,52748.0,20160,1013.04,7252,52748
80000,20,70268.0,26780,1344.13,9732,70268
100000,20,87792.0,33526,1682.6,12208,87792
200000,20,175615.0,66476,3323.8,24385,175615
400000,20,351411.0,133081,6636.19,48589,351411
600000,20,527049.0,199534,9961.85,72951,527049
800000,20,702879.0,266718,13290.63,97121,702879
1000000,20,878466.0,332996,16606.87,121534,878466
2,21,1.0,1,0.01,1,1
3,21,2.0,1,0.01,1,2
100,21,84.0,65,1.58,16,84
200,21,171.0,152,3.55,29,171
2000,21,1775.0,1648,38.39,225,1775
10000,21,8816.0,7656,191.19,1184,8816
20000,21,17606.0,11078,362.56,2394,17606
40000,21,35138.0,18366,700.68,4862,35138
60000,21,52739.0,24974,1038.46,7261,52739
80000,21,70326.0,31643,1361.16,9674,70326
100000,21,87893.0,38398,1699.94,12107,87893
200000,21,175744.0,71751,3360.71,24256,175744
400000,21,351493.0,138354,6680.37,48507,351493
600000,21,526969.0,204550,9977.3,73031,526969
800000,21,702722.0,271468,13313.48,97278,702722
1000000,21,878642.0,338176,16643.75,121358,878642
2,22,2.0,2,0.01,0,2
3,22,3.0,3,0.02,0,3
100,22,92.0,77,2.36,8,92
200,22,180.0,158,4.48,20,180
2000,22,1735.0,1456,35.99,265,1735
10000,22,8773.0,4088,168.4,1227,8773
20000,22,17561.0,7516,339.17,2439,17561
40000,22,35098.0,14072,661.48,4902,35098
60000,22,52698.0,20790,996.39,7302,52698
80000,22,70240.0,27398,1329.58,9760,70240
100000,22,87816.0,34031,1660.92,12184,87816
200000,22,175523.0,67488,3335.25,24477,175523
400000,22,351433.0,134321,6679.38,48567,351433
600000,22,527207.0,200920,10007.03,72793,527207
800000,22,702828.0,267471,13345.15,97172,702828
1000000,22,878524.0,334450,16688.48,121476,878524
2,23,0.0,2,0.1,2,0
3,23,0.0,3,0.19,3,0
100,23,83.0,39,1.99,17,83
200,23,178.0,76,4.07,22,178
2000,23,1756.0,1123,39.28,244,1756
10000,23,8724.0,7475,194.15,1276,8724
20000,23,17518.0,10737,361.04,2482,17518
40000,23,35145.0,17449,695.02,4855,35145
60000,23,52717.0,24091,1027.93,7283,52717
80000,23,70300.0,30755,1356.63,9700,70300
100000,23,87901.0,37498,1682.66,12099,87901
200000,23,175753.0,70633,3339.64,24247,175753
400000,23,351523.0,137302,6648.56,48477,351523
600000,23,527210.0,204012,9981.09,72790,527210
800000,23,703038.0,270691,13326.6,96962,703038
1000000,23,878791.0,337425,16663.57,121209,878791
2,24,2.0,2,0.19,0,2
3,24,2.0,3,0.28,1,2
100,24,83.0,66,3.66,17,83
200,24,165.0,143,5.12,35,165
2000,24,1744.0,1632,39.03,256,1744
10000,24,8699.0,8059,189.6,1301,8699
20000,24,17455.0,15400,381.83,2545,17455
40000,24,35048.0,21968,712.57,4952,35048
60000,24,52627.0,28708,1044.53,7373,52627
80000,24,70178.0,35379,1377.86,9822,70178
100000,24,87801.0,42088,1712.36,12199,87801
200000,24,175656.0,75510,3376.17,24344,175656
400000,24,351182.0,142399,6727.33,48818,351182
600000,24,526806.0,209070,10058.94,73194,526806
800000,24,702491.0,275648,13367.86,97509,702491
1000000,24,877980.0,342365,16689.89,122020,877980
2,25,1.0,2,0.19,1,1
3,25,2.0,3,0.19,1,2
100,25,92.0,45,1.12,8,92
200,25,179.0,128,2.98,21,179
2000,25,1769.0,1640,37.72,231,1769
10000,25,8780.0,7724,190.9,1220,8780
20000,25,17587.0,14246,376.51,2413,17587
40000,25,35163.0,24601,726.28,4837,35163
60000,25,52711.0,31350,1063.68,7289,52711
80000,25,70302.0,38062,1398.11,9698,70302
100000,25,87866.0,44651,1732.65,12134,87866
200000,25,175934.0,78028,3395.69,24066,175934
400000,25,351600.0,144712,6712.25,48400,351600
600000,25,527292.0,211702,10061.21,72708,527292
800000,25,703176.0,278687,13405.19,96824,703176
1000000,25,878886.0,345265,16726.44,121114,878886
2,26,2.0,2,0.19,0,2
3,26,3.0,2,0.19,0,3
100,26,86.0,29,1.76,14,86
200,26,177.0,64,3.47,23,177
2000,26,1756.0,1139,37.46,244,1756
10000,26,8775.0,4261,171.33,1225,8775
20000,26,17603.0,7644,341.79,2397,17603
40000,26,35092.0,14420,678.25,4908,35092
60000,26,52686.0,21128,1012.66,7314,52686
80000,26,70296.0,27831,1355.24,9704,70296
100000,26,87842.0,34490,1695.25,12158,87842
200000,26,175605.0,67692,3346.89,24395,175605
400000,26,351274.0,134604,6690.96,48726,351274
600000,26,526792.0,201558,10027.23,73208,526792
800000,26,702350.0,268179,13374.34,97650,702350
1000000,26,878010.0,334977,16708.12,121990,878010
2,27,0.0,1,0.09,2,0
3,27,1.0,2,0.19,2,1
100,27,80.0,78,5.61,20,80
200,27,164.0,167,7.85,36,164
2000,27,1731.0,1385,41.39,269,1731
10000,27,8729.0,5803,183.54,1271,8729
20000,27,17532.0,10684,357.62,2468,17532
40000,27,35085.0,17417,694.86,4915,35085
60000,27,52597.0,24245,1029.15,7403,52597
80000,27,70155.0,30894,1355.43,9845,70155
100000,27,87749.0,37544,1693.24,12251,87749
200000,27,175437.0,70468,3338.63,24563,175437
400000,27,350975.0,137025,6677.33,49025,350975
600000,27,526671.0,203542,10007.72,73329,526671
800000,27,702521.0,270187,13323.72,97479,702521
1000000,27,878240.0,337020,16666.68,121760,878240
2,28,2.0,2,0.19,0,2
3,28,3.0,3,0.28,0,3
100,28,87.0,68,3.31,13,87
200,28,176.0,104,4.84,24,176
2000,28,1755.0,773,35.54,245,1755
10000,28,8796.0,5257,174.6,1204,8796
20000,28,17606.0,13612,366.41,2394,17606
40000,28,35114.0,30071,744.99,4886,35114
60000,28,52610.0,37399,1085.02,7390,52610
80000,28,70229.0,44134,1410.56,9771,70229
100000,28,87838.0,50759,1744.38,12162,87838
200000,28,175626.0,84038,3405.58,24374,175626
400000,28,351112.0,150748,6746.66,48888,351112
600000,28,527159.0,217127,10070.96,72841,527159
800000,28,702946.0,283545,13399.42,97054,702946
1000000,28,878472.0,350282,16731.64,121528,878472
2,29,0.0,2,0.19,2,0
3,29,0.0,3,0.28,3,0
100,29,89.0,42,2.28,11,89
200,29,174.0,69,3.85,26,174
2000,29,1753.0,1037,35.24,247,1753
10000,29,8737.0,4055,171.2,1263,8737
20000,29,17546.0,7459,336.73,2454,17546
40000,29,35179.0,14002,667.7,4821,35179
60000,29,52651.0,20866,1012.79,7349,52651
80000,29,70263.0,27420,1334.55,9737,70263
100000,29,87786.0,34094,1666.45,12214,87786
200000,29,175701.0,67333,3317.74,24299,175701
400000,29,351532.0,133869,6641.75,48468,351532
600000,29,527361.0,200976,9983.37,72639,527361
800000,29,703068.0,267446,13315.06,96932,703068
1000000,29,878879.0,333989,16632.17,121121,878879
2,30,2.0,0,0.0,0,2
3,30,3.0,0,0.0,0,3
100,30,82.0,73,1.53,18,82
200,30,167.0,143,2.96,33,167
2000,30,1743.0,1408,36.29,257,1743
10000,30,8770.0,4048,170.27,1230,8770
20000,30,17568.0,7489,337.6,2432,17568
40000,30,35249.0,14092,663.56,4751,35249
60000,30,52898.0,20622,995.1,7102,52898
80000,30,70477.0,27293,1329.33,9523,70477
100000,30,88073.0,33929,1664.64,11927,88073
200000,30,175729.0,67373,3327.12,24271,175729
400000,30,351186.0,133717,6646.57,48814,351186
600000,30,526889.0,200517,9962.98,73111,526889
800000,30,702688.0,267450,13308.24,97312,702688
1000000,30,878338.0,334402,16645.58,121662,878338
2,31,2.0,2,0.19,0,2
3,31,2.0,3,0.28,1,2
100,31,84.0,83,2.39,16,84
200,31,172.0,169,4.44,28,172
2000,31,1728.0,1458,38.61,272,1728
10000,31,8826.0,5143,179.16,1174,8826
20000,31,17598.0,9801,349.79,2402,17598
40000,31,35225.0,20392,697.04,4775,35225
60000,31,52827.0,27065,1032.81,7173,52827
80000,31,70377.0,33892,1378.79,9623,70377
100000,31,87975.0,40571,1717.2,12025,87975
200000,31,175764.0,73617,3374.54,24236,175764
400000,31,351138.0,140279,6710.88,48862,351138
600000,31,526479.0,206875,10023.03,73521,526479
800000,31,701995.0,273386,13331.08,98005,701995
1000000,31,877761.0,340227,16675.33,122239,877761
2,32,2.0,1,0.09,0,2
3,32,3.0,1,0.09,0,3
100,32,84.0,74,4.06,16,84
200,32,171.0,158,7.09,29,171
2000,32,1771.0,1667,42.0,229,1771
10000,32,8763.0,5263,178.86,1237,8763
20000,32,17526.0,8640,343.98,2474,17526
40000,32,35059.0,15218,678.28,4941,35059
60000,32,52647.0,21831,1008.62,7353,52647
80000,32,70214.0,28433,1337.82,9786,70214
100000,32,87796.0,35101,1668.43,12204,87796
200000,32,175629.0,68381,3325.86,24371,175629
400000,32,351305.0,135198,6664.32,48695,351305
600000,32,526935.0,201970,9986.54,73065,526935
800000,32,702461.0,268532,13314.64,97539,702461
1000000,32,877953.0,335240,16667.95,122047,877953
2,33,2.0,1,0.09,0,2
3,33,2.0,2,0.19,1,2
100,33,88.0,31,2.04,12,88
200,33,174.0,61,3.18,26,174
2000,33,1756.0,730,32.27,244,1756
10000,33,8778.0,3389,164.72,1222,8778
20000,33,17571.0,8628,346.35,2429,17571
40000,33,35155.0,25331,732.09,4845,35155
60000,33,52682.0,37287,1091.3,7318,52682
80000,33,70217.0,53011,1461.97,9783,70217
100000,33,87768.0,61843,1812.85,12232,87768
200000,33,175427.0,96400,3471.26,24573,175427
400000,33,351234.0,163226,6825.7,48766,351234
600000,33,527129.0,229895,10148.21,72871,527129
800000,33,702660.0,296655,13484.86,97340,702660
1000000,33,878267.0,362910,16798.11,121733,878267
2,34,2.0,0,0.0,0,2
3,34,3.0,0,0.0,0,3
100,34,87.0,52,1.7,13,87
200,34,174.0,79,3.54,26,174
2000,34,1759.0,715,35.34,241,1759
10000,34,8730.0,3908,169.12,1270,8730
20000,34,17504.0,7410,334.95,2496,17504
40000,34,35057.0,14059,667.36,4943,35057
60000,34,52656.0,20719,996.85,7344,52656
80000,34,70175.0,27457,1329.88,9825,70175
100000,34,87742.0,34083,1653.89,12258,87742
200000,34,175429.0,67464,3315.15,24571,175429
400000,34,350899.0,134029,6648.85,49101,350899
600000,34,526796.0,200795,9988.67,73204,526796
800000,34,702380.0,267275,13321.85,97620,702380
1000000,34,878058.0,334164,16675.35,121942,878058
2,35,2.0,2,0.19,0,2
3,35,3.0,3,0.28,0,3
100,35,90.0,48,2.13,10,90
200,35,173.0,93,3.88,27,173
2000,35,1765.0,721,35.28,235,1765
10000,35,8772.0,3556,167.9,1228,8772
20000,35,17520.0,6940,336.83,2480,17520
40000,35,35121.0,13686,672.06,4879,35121
60000,35,52718.0,20365,1007.95,7282,52718
80000,35,70275.0,26904,1329.72,9725,70275
100000,35,87753.0,33624,1664.28,12247,87753
200000,35,175627.0,66983,3319.86,24373,175627
400000,35,351314.0,133948,6675.98,48686,351314
600000,35,526907.0,200564,9998.23,73093,526907
800000,35,702454.0,266942,13316.32,97546,702454
1000000,35,877927.0,334052,16689.46,122073,877927
2,36,2.0,2,0.19,0,2
3,36,3.0,3,0.28,0,3
100,36,89.0,62,2.65,11,89
200,36,179.0,100,4.19,21,179
2000,36,1744.0,1085,35.66,256,1744
10000,36,8747.0,5145,175.75,1253,8747
20000,36,17527.0,8509,342.43,2473,17527
40000,36,35159.0,15215,677.55,4841,35159
60000,36,52720.0,21837,1006.4,7280,52720
80000,36,70310.0,28618,1347.38,9690,70310
100000,36,87915.0,35362,1686.65,12085,87915
200000,36,175733.0,68847,3359.06,24267,175733
400000,36,351100.0,135536,6699.4,48900,351100
600000,36,526782.0,202191,10036.42,73218,526782
800000,36,702579.0,268676,13372.15,97421,702579
1000000,36,878482.0,335675,16728.71,121518,878482
2,37,2.0,0,0.0,0,2
3,37,3.0,0,0.0,0,3
100,37,90.0,54,2.07,10,90
200,37,182.0,134,3.55,18,182
2000,37,1746.0,1628,39.46,254,1746
10000,37,8746.0,8298,189.63,1254,8746
20000,37,17531.0,16610,380.14,2469,17531
40000,37,35035.0,33120,758.43,4965,35035
60000,37,52517.0,45624,1122.9,7483,52517
80000,37,70102.0,52368,1460.37,9898,70102
100000,37,87652.0,58942,1790.69,12348,87652
200000,37,175311.0,92277,3443.36,24689,175311
400000,37,351020.0,159140,6791.32,48980,351020
600000,37,526683.0,225531,10105.96,73317,526683
800000,37,702226.0,291891,13440.25,97774,702226
1000000,37,877758.0,358272,16734.42,122242,877758
2,38,2.0,1,0.01,0,2
3,38,2.0,2,0.01,1,2
100,38,82.0,51,2.14,18,82
200,38,164.0,89,4.04,36,164
2000,38,1737.0,824,35.62,263,1737
10000,38,8750.0,3433,168.18,1250,8750
20000,38,17607.0,6728,330.19,2393,17607
40000,38,35176.0,13369,661.39,4824,35176
60000,38,52732.0,20060,993.82,7268,52732
80000,38,70294.0,26778,1329.72,9706,70294
100000,38,87860.0,33408,1666.62,12140,87860
200000,38,175884.0,66974,3340.6,24116,175884
400000,38,351393.0,134213,6722.4,48607,351393
600000,38,527112.0,200749,10048.83,72888,527112
800000,38,702746.0,267469,13380.51,97254,702746
1000000,38,878252.0,334064,16706.71,121748,878252
2,39,2.0,2,0.1,0,2
3,39,3.0,3,0.19,0,3
100,39,86.0,39,1.9,14,86
200,39,174.0,74,3.52,26,174
2000,39,1762.0,655,32.97,238,1762
10000,39,8778.0,4393,165.6,1222,8778
20000,39,17624.0,8011,333.82,2376,17624
40000,39,35127.0,14644,663.62,4873,35127
60000,39,52665.0,21356,1000.21,7335,52665
80000,39,70225.0,28054,1336.28,9775,70225
100000,39,87883.0,34732,1660.46,12117,87883
200000,39,175559.0,68409,3343.19,24441,175559
400000,39,351197.0,134821,6673.15,48803,351197
600000,39,526939.0,201445,10019.82,73061,526939
800000,39,702622.0,268066,13346.06,97378,702622
1000000,39,878029.0,334812,16671.39,121971,878029
2,40,1.0,2,0.01,1,1
3,40,2.0,3,0.02,1,2
100,40,87.0,65,4.28,13,87
200,40,168.0,123,8.44,32,168
2000,40,1754.0,748,40.19,246,1754
10000,40,8756.0,3512,177.04,1244,8756
20000,40,17482.0,6794,340.33,2518,17482
40000,40,34965.0,13444,675.17,5035,34965
60000,40,52590.0,20185,1014.25,7410,52590
80000,40,70151.0,27003,1353.44,9849,70151
100000,40,87647.0,33734,1693.36,12353,87647
200000,40,175507.0,67103,3367.53,24493,175507
400000,40,351183.0,133825,6708.13,48817,351183
600000,40,526946.0,200485,10041.12,73054,526946
800000,40,702560.0,267469,13388.79,97440,702560
1000000,40,878249.0,334248,16711.59,121751,878249
2,41,2.0,2,0.19,0,2
3,41,3.0,3,0.28,0,3
100,41,90.0,51,2.86,10,90
200,41,181.0,102,4.74,19,181
2000,41,1757.0,783,33.88,243,1757
10000,41,8798.0,3487,167.73,1202,8798
20000,41,17562.0,6893,341.1,2438,17562
40000,41,35182.0,13581,667.31,4818,35182
60000,41,52832.0,20103,993.32,7168,52832
80000,41,70441.0,26718,1319.79,9559,70441
100000,41,87980.0,33375,1654.4,12020,87980
200000,41,175894.0,66625,3314.83,24106,175894
400000,41,351348.0,133376,6651.25,48652,351348
600000,41,526954.0,199812,9972.15,73046,526954
800000,41,702628.0,266582,13312.45,97372,702628
1000000,41,878259.0,332783,16649.9,121741,878259
2,42,2.0,1,0.09,0,2
3,42,3.0,2,0.19,0,3
100,42,88.0,40,2.36,12,88
200,42,169.0,81,4.81,31,169
2000,42,1742.0,973,35.55,258,1742
10000,42,8738.0,3615,165.85,1262,8738
20000,42,17517.0,6956,331.69,2483,17517
40000,42,35113.0,13593,666.92,4887,35113
60000,42,52601.0,20220,994.8,7399,52601
80000,42,70146.0,26802,1321.2,9854,70146
100000,42,87720.0,33406,1654.55,12280,87720
200000,42,175389.0,66632,3323.5,24611,175389
400000,42,351060.0,133567,6644.38,48940,351060
600000,42,526900.0,200378,9990.37,73100,526900
800000,42,702178.0,266995,13323.96,97822,702178
1000000,42,877800.0,334108,16674.44,122200,877800
2,43,1.0,2,0.1,1,1
3,43,1.0,3,0.1,2,1
100,43,87.0,87,1.78,13,87
200,43,174.0,172,3.74,26,174
2000,43,1740.0,1576,37.85,260,1740
10000,43,8709.0,8162,182.74,1291,8709
20000,43,17502.0,16543,377.19,2498,17502
40000,43,35062.0,33124,761.42,4938,35062
60000,43,52578.0,49611,1142.57,7422,52578
80000,43,70120.0,64959,1521.08,9880,70120
100000,43,87766.0,75037,1874.59,12234,87766
200000,43,175619.0,108287,3545.01,24381,175619
400000,43,351374.0,175275,6890.81,48626,351374
600000,43,526934.0,242083,10226.43,73066,526934
800000,43,702725.0,308084,13525.27,97275,702725
1000000,43,878329.0,374818,16855.22,121671,878329
2,44,2.0,2,0.19,0,2
3,44,3.0,2,0.19,0,3
100,44,87.0,80,2.02,13,87
200,44,171.0,166,4.43,29,171
2000,44,1764.0,871,37.2,236,1764
10000,44,8782.0,3463,166.17,1218,8782
20000,44,17564.0,6792,325.56,2436,17564
40000,44,35109.0,13578,659.28,4891,35109
60000,44,52700.0,20304,994.05,7300,52700
80000,44,70242.0,26998,1326.77,9758,70242
100000,44,87805.0,33514,1658.96,12195,87805
200000,44,175752.0,66951,3324.74,24248,175752
400000,44,351321.0,133672,6653.81,48679,351321
600000,44,527010.0,199978,9968.75,72990,527010
800000,44,702548.0,266699,13321.31,97452,702548
1000000,44,878114.0,333123,16659.16,121886,878114
2,45,2.0,1,0.09,0,2
3,45,3.0,2,0.19,0,3
100,45,88.0,52,3.32,12,88
200,45,179.0,73,4.5,21,179
2000,45,1746.0,729,35.77,254,1746
10000,45,8728.0,3523,176.1,1272,8728
20000,45,17573.0,6861,343.82,2427,17573
40000,45,35142.0,13474,674.69,4858,35142
60000,45,52614.0,20156,1012.84,7386,52614
80000,45,70187.0,26763,1336.04,9813,70187
100000,45,87827.0,33401,1665.69,12173,87827
200000,45,175714.0,66881,3336.0,24286,175714
400000,45,351101.0,133542,6666.39,48899,351101
600000,45,526767.0,200302,10007.0,73233,526767
800000,45,702319.0,266901,13349.59,97681,702319
1000000,45,877964.0,333574,16684.46,122036,877964
2,46,1.0,2,0.1,1,1
3,46,2.0,3,0.1,1,2
100,46,80.0,76,5.42,20,80
200,46,171.0,159,7.54,29,171
2000,46,1766.0,1673,43.02,234,1766
10000,46,8787.0,8317,196.38,1213,8787
20000,46,17528.0,16683,391.21,2472,17528
40000,46,35039.0,32904,771.03,4961,35039
60000,46,52595.0,48331,1154.35,7405,52595
80000,46,70068.0,64242,1531.44,9932,70068
100000,46,87531.0,78048,1887.66,12469,87531
200000,46,175313.0,111102,3551.34,24687,175313
400000,46,351074.0,177430,6862.25,48926,351074
600000,46,526480.0,244081,10191.42,73520,526480
800000,46,702266.0,310700,13521.52,97734,702266
1000000,46,877926.0,377048,16826.59,122074,877926
2,47,2.0,2,0.01,0,2
3,47,3.0,3,0.02,0,3
100,47,86.0,43,2.37,14,86
200,47,173.0,80,3.91,27,173
2000,47,1738.0,719,34.91,262,1738
10000,47,8779.0,3445,167.7,1221,8779
20000,47,17558.0,7106,343.6,2442,17558
40000,47,35167.0,13731,667.34,4833,35167
60000,47,52634.0,20295,1000.94,7366,52634
80000,47,70199.0,26852,1327.57,9801,70199
100000,47,87718.0,33546,1667.49,12282,87718
200000,47,175482.0,67021,3344.89,24518,175482
400000,47,351261.0,133553,6677.43,48739,351261
600000,47,526674.0,200177,10003.04,73326,526674
800000,47,702550.0,267179,13333.88,97450,702550
1000000,47,878070.0,333724,16666.76,121930,878070
2,48,2.0,2,0.19,0,2
3,48,2.0,3,0.28,1,2
100,48,89.0,40,2.36,11,89
200,48,180.0,80,4.18,20,180
2000,48,1768.0,852,33.6,232,1768
10000,48,8781.0,3760,167.48,1219,8781
20000,48,17549.0,7040,332.29,2451,17549
40000,48,35060.0,13668,666.84,4940,35060
60000,48,52592.0,20237,996.69,7408,52592
80000,48,70156.0,28145,1339.17,9844,70156
100000,48,87737.0,34828,1675.79,12263,87737
200000,48,175449.0,68265,3345.26,24551,175449
400000,48,351197.0,134800,6701.3,48803,351197
600000,48,526936.0,201236,10017.88,73064,526936
800000,48,702632.0,268272,13370.31,97368,702632
1000000,48,878112.0,334775,16676.6,121888,878112
2,49,2.0,2,0.1,0,2
3,49,3.0,2,0.1,0,3
100,49,92.0,81,2.38,8,92
200,49,176.0,120,5.01,24,176
2000,49,1749.0,804,39.21,251,1749
10000,49,8794.0,4000,178.67,1206,8794
20000,49,17574.0,8512,346.31,2426,17574
40000,49,35182.0,23774,713.41,4818,35182
60000,49,52778.0,39239,1092.96,7222,52778
80000,49,70349.0,49363,1452.19,9651,70349
100000,49,87905.0,55915,1782.22,12095,87905
200000,49,175716.0,89650,3468.83,24284,175716
400000,49,351497.0,156544,6793.46,48503,351497
600000,49,527144.0,223337,10142.87,72856,527144
800000,49,702821.0,290116,13478.63,97179,702821
1000000,49,878612.0,356764,16809.05,121388,878612
2,50,2.0,1,0.09,0,2
3,50,3.0,2,0.19,0,3
100,50,88.0,57,2.98,12,88
200,50,169.0,99,4.99,31,169
2000,50,1762.0,693,33.88,238,1762
10000,50,8753.0,3698,162.67,1247,8753
20000,50,17565.0,7035,331.55,2435,17565
40000,50,35125.0,13647,663.32,4875,35125
60000,50,52785.0,20310,990.48,7215,52785
80000,50,70239.0,26953,1332.76,9761,70239
100000,50,87801.0,33638,1661.02,12199,87801
200000,50,175526.0,67023,3312.14,24474,175526
400000,50,351016.0,133899,6664.85,48984,351016
600000,50,526693.0,200264,9970.54,73307,526693
800000,50,702149.0,267174,13308.93,97851,702149
1000000,50,877746.0,333840,16665.63,122254,877746
2,51,2.0,0,0.0,0,2
3,51,3.0,1,0.09,0,3
100,51,87.0,87,2.95,13,87
200,51,177.0,153,4.9,23,177
2000,51,1749.0,1661,40.44,251,1749
10000,51,8807.0,7574,192.67,1193,8807
20000,51,17608.0,10839,353.0,2392,17608
40000,51,35107.0,17544,689.28,4893,35107
60000,51,52703.0,24252,1025.49,7297,52703
80000,51,70329.0,30952,1357.79,9671,70329
100000,51,87927.0,37663,1695.64,12073,87927
200000,51,175721.0,71060,3371.29,24279,175721
400000,51,351486.0,137658,6697.32,48514,351486
600000,51,527039.0,204234,10016.58,72961,527039
800000,51,702571.0,270981,13364.14,97429,702571
1000000,51,878200.0,337884,16698.99,121800,878200
2,52,2.0,0,0.0,0,2
3,52,3.0,1,0.09,0,3
100,52,86.0,42,2.46,14,86
200,52,175.0,71,3.68,25,175
2000,52,1754.0,671,31.07,246,1754
10000,52,8784.0,3312,163.89,1216,8784
20000,52,17590.0,6635,337.38,2410,17590
40000,52,35140.0,13192,667.34,4860,35140
60000,52,52667.0,19881,997.7,7333,52667
80000,52,70305.0,26491,1329.01,9695,70305
100000,52,87833.0,33058,1663.88,12167,87833
200000,52,175871.0,66505,3340.06,24129,175871
400000,52,351464.0,132940,6656.27,48536,351464
600000,52,526840.0,199927,10009.26,73160,526840
800000,52,702344.0,266811,13319.8,97656,702344
1000000,52,878224.0,333295,16608.72,121776,878224
2,53,1.0,2,0.19,1,1
3,53,1.0,2,0.19,2,1
100,53,78.0,66,4.92,22,78
200,53,172.0,102,6.63,28,172
2000,53,1750.0,1076,36.7,250,1750
10000,53,8749.0,7747,190.74,1251,8749
20000,53,17475.0,16011,383.8,2525,17475
40000,53,35028.0,30063,755.84,4972,35028
60000,53,52687.0,36692,1086.88,7313,52687
80000,53,70186.0,43318,1418.63,9814,70186
100000,53,87692.0,50048,1753.87,12308,87692
200000,53,175632.0,83202,3407.79,24368,175632
400000,53,351144.0,149820,6735.9,48856,351144
600000,53,526849.0,216440,10071.94,73151,526849
800000,53,702750.0,283158,13393.44,97250,702750
1000000,53,878465.0,349852,16750.19,121535,878465
2,54,2.0,2,0.1,0,2
3,54,2.0,3,0.19,1,2
100,54,81.0,38,1.9,19,81
200,54,162.0,77,3.08,38,162
2000,54,1703.0,1566,35.64,297,1703
10000,54,8755.0,8199,192.55,1245,8755
20000,54,17503.0,16032,379.86,2497,17503
40000,54,35090.0,22666,712.55,4910,35090
60000,54,52714.0,29443,1050.82,7286,52714
80000,54,70341.0,36121,1384.72,9659,70341
100000,54,87889.0,42748,1714.22,12111,87889
200000,54,175585.0,76122,3374.19,24415,175585
400000,54,351359.0,142482,6677.25,48641,351359
600000,54,527011.0,209344,10051.58,72989,527011
800000,54,702593.0,275946,13381.59,97407,702593
1000000,54,878368.0,342564,16709.52,121632,878368
2,55,2.0,2,0.01,0,2
3,55,3.0,3,0.02,0,3
100,55,89.0,44,1.57,11,89
200,55,178.0,76,3.35,22,178
2000,55,1759.0,689,31.79,241,1759
10000,55,8777.0,3390,165.45,1223,8777
20000,55,17614.0,6744,333.87,2386,17614
40000,55,35182.0,13446,660.51,4818,35182
60000,55,52694.0,20060,989.14,7306,52694
80000,55,70316.0,26705,1320.54,9684,70316
100000,55,87811.0,33350,1655.08,12189,87811
200000,55,175595.0,66641,3310.41,24405,175595
400000,55,351258.0,132999,6625.34,48742,351258
600000,55,526978.0,199668,9950.19,73022,526978
800000,55,702641.0,266052,13274.16,97359,702641
1000000,55,878186.0,332795,16593.26,121814,878186
2,56,2.0,2,0.1,0,2
3,56,3.0,2,0.1,0,3
100,56,86.0,64,2.21,14,86
200,56,178.0,150,4.62,22,178
2000,56,1760.0,1416,37.86,240,1760
10000,56,8770.0,5323,178.62,1230,8770
20000,56,17534.0,12303,355.63,2466,17534
40000,56,35096.0,23394,714.84,4904,35096
60000,56,52637.0,30054,1046.49,7363,52637
80000,56,70296.0,36704,1378.18,9704,70296
100000,56,87862.0,43441,1719.31,12138,87862
200000,56,175572.0,76684,3383.66,24428,175572
400000,56,351551.0,143120,6699.79,48449,351551
600000,56,527238.0,209704,10045.19,72762,527238
800000,56,702867.0,276073,13358.19,97133,702867
1000000,56,878619.0,342892,16708.91,121381,878619
2,57,1.0,2,0.19,1,1
3,57,2.0,3,0.28,1,2
100,57,85.0,83,3.02,15,85
200,57,171.0,164,4.87,29,171
2000,57,1733.0,1589,37.1,267,1733
10000,57,8760.0,4330,172.49,1240,8760
20000,57,17490.0,7609,338.65,2510,17490
40000,57,35029.0,14243,671.34,4971,35029
60000,57,52595.0,20804,998.8,7405,52595
80000,57,70135.0,27473,1327.89,9865,70135
100000,57,87679.0,34134,1657.92,12321,87679
200000,57,175750.0,67246,3303.89,24250,175750
400000,57,351244.0,133980,6653.55,48756,351244
600000,57,527040.0,200534,9976.66,72960,527040
800000,57,702747.0,267183,13307.17,97253,702747
1000000,57,878463.0,333861,16635.22,121537,878463
2,58,2.0,2,0.19,0,2
3,58,3.0,3,0.28,0,3
100,58,84.0,83,6.62,16,84
200,58,171.0,118,8.24,29,171
2000,58,1778.0,878,36.43,222,1778
10000,58,8846.0,4312,170.69,1154,8846
20000,58,17673.0,7555,336.22,2327,17673
40000,58,35299.0,14255,671.76,4701,35299
60000,58,52879.0,20946,1001.4,7121,52879
80000,58,70425.0,27602,1332.13,9575,70425
100000,58,87992.0,34218,1657.53,12008,87992
200000,58,175915.0,67481,3315.78,24085,175915
400000,58,351527.0,134299,6667.57,48473,351527
600000,58,527310.0,201141,10015.96,72690,527310
800000,58,702934.0,268283,13368.29,97066,702934
1000000,58,878725.0,334654,16687.97,121275,878725
2,59,2.0,2,0.1,0,2
3,59,3.0,2,0.1,0,3
100,59,85.0,70,3.59,15,85
200,59,173.0,154,5.45,27,173
2000,59,1751.0,1565,38.25,249,1751
10000,59,8764.0,5190,178.32,1236,8764
20000,59,17537.0,8573,347.07,2463,17537
40000,59,35115.0,15306,682.5,4885,35115
60000,59,52714.0,21942,1010.88,7286,52714
80000,59,70284.0,28598,1346.02,9716,70284
100000,59,87765.0,35257,1685.5,12235,87765
200000,59,175425.0,68453,3339.81,24575,175425
400000,59,351451.0,134795,6653.04,48549,351451
600000,59,526835.0,201695,10015.22,73165,526835
800000,59,702327.0,268448,13351.03,97673,702327
1000000,59,878062.0,335273,16698.08,121938,878062
2,60,2.0,2,0.01,0,2
3,60,3.0,2,0.01,0,3
100,60,87.0,83,1.94,13,87
200,60,176.0,173,3.74,24,176
2000,60,1737.0,1616,37.78,263,1737
10000,60,8727.0,4700,176.05,1273,8727
20000,60,17486.0,8067,343.73,2514,17486
40000,60,35070.0,14722,672.02,4930,35070
60000,60,52600.0,21395,1001.4,7400,52600
80000,60,70146.0,27973,1335.07,9854,70146
100000,60,87669.0,34618,1665.29,12331,87669
200000,60,175642.0,67988,3329.56,24358,175642
400000,60,351364.0,134710,6654.32,48636,351364
600000,60,527090.0,201176,9973.75,72910,527090
800000,60,702919.0,267711,13314.76,97081,702919
1000000,60,878671.0,334400,16617.13,121329,878671
2,61,2.0,1,0.09,0,2
3,61,3.0,2,0.19,0,3
100,61,87.0,44,1.48,13,87
200,61,170.0,76,3.26,30,170
2000,61,1745.0,912,33.54,255,1745
10000,61,8808.0,3577,166.83,1192,8808
20000,61,17559.0,7001,337.95,2441,17559
40000,61,35196.0,13561,666.4,4804,35196
60000,61,52719.0,20109,994.52,7281,52719
80000,61,70284.0,26799,1329.2,9716,70284
100000,61,87876.0,33442,1662.11,12124,87876
200000,61,175802.0,66725,3328.56,24198,175802
400000,61,351324.0,133241,6663.99,48676,351324
600000,61,526932.0,199998,10003.41,73068,526932
800000,61,702648.0,266744,13322.17,97352,702648
1000000,61,878129.0,332944,16628.12,121871,878129
2,62,2.0,2,0.1,0,2
3,62,3.0,3,0.19,0,3
100,62,80.0,80,2.2,20,80
200,62,172.0,165,4.06,28,172
2000,62,1750.0,1671,37.96,250,1750
10000,62,8813.0,5203,178.02,1187,8813
20000,62,17561.0,8612,355.18,2439,17561
40000,62,35090.0,15218,679.63,4910,35090
60000,62,52637.0,21906,1014.12,7363,52637
80000,62,70186.0,28618,1351.34,9814,70186
100000,62,87747.0,35435,1690.17,12253,87747
200000,62,175531.0,68909,3351.81,24469,175531
400000,62,351071.0,135598,6681.26,48929,351071
600000,62,526979.0,202632,10047.27,73021,526979
800000,62,702584.0,269446,13380.95,97416,702584
1000000,62,878008.0,335845,16702.74,121992,878008
2,63,2.0,2,0.19,0,2
3,63,3.0,3,0.28,0,3
100,63,90.0,39,1.45,10,90
200,63,180.0,79,3.18,20,180
2000,63,1754.0,731,32.9,246,1754
10000,63,8795.0,3890,166.42,1205,8795
20000,63,17604.0,7248,331.44,2396,17604
40000,63,35139.0,13952,667.18,4861,35139
60000,63,52667.0,20677,997.45,7333,52667
80000,63,70287.0,27250,1320.11,9713,70287
100000,63,87852.0,33832,1649.48,12148,87852
200000,63,175698.0,67175,3314.43,24302,175698
400000,63,351297.0,133928,6650.77,48703,351297
600000,63,527030.0,200830,10001.27,72970,527030
800000,63,702482.0,267778,13343.09,97518,702482
1000000,63,878170.0,334544,16680.85,121830,878170
2,64,2.0,2,0.1,0,2
3,64,3.0,3,0.1,0,3
100,64,85.0,69,5.2,15,85
200,64,165.0,133,8.49,35,165
2000,64,1748.0,1485,44.06,252,1748
10000,64,8799.0,7442,194.08,1201,8799
20000,64,17533.0,11856,367.35,2467,17533
40000,64,35038.0,18642,709.08,4962,35038
60000,64,52594.0,25320,1044.33,7406,52594
80000,64,70146.0,31994,1383.07,9854,70146
100000,64,87792.0,38617,1707.97,12208,87792
200000,64,175503.0,72052,3384.35,24497,175503
400000,64,351223.0,138669,6709.4,48777,351223
600000,64,526833.0,205203,10030.15,73167,526833
800000,64,702316.0,271591,13335.6,97684,702316
1000000,64,878073.0,338472,16693.47,121927,878073
2,65,2.0,0,0.0,0,2
3,65,3.0,0,0.0,0,3
100,65,87.0,79,2.37,13,87
200,65,175.0,114,3.72,25,175
2000,65,1747.0,754,35.45,253,1747
10000,65,8766.0,3480,171.75,1234,8766
20000,65,17499.0,6843,339.41,2501,17499
40000,65,35014.0,13610,685.18,4986,35014
60000,65,52587.0,20208,1017.87,7413,52587
80000,65,70128.0,26771,1346.97,9872,70128
100000,65,87685.0,33353,1674.99,12315,87685
200000,65,175604.0,66583,3338.56,24396,175604
400000,65,351442.0,133318,6678.95,48558,351442
600000,65,527062.0,200003,10004.6,72938,527062
800000,65,702743.0,266788,13330.67,97257,702743
1000000,65,878317.0,333207,16668.58,121683,878317
2,66,2.0,2,0.19,0,2
3,66,2.0,3,0.28,1,2
100,66,87.0,74,1.63,13,87
200,66,174.0,150,4.62,26,174
2000,66,1774.0,752,33.55,226,1774
10000,66,8768.0,3408,169.32,1232,8768
20000,66,17541.0,6762,335.4,2459,17541
40000,66,35138.0,13343,665.58,4862,35138
60000,66,52761.0,19966,997.85,7239,52761
80000,66,70336.0,26603,1326.78,9664,70336
100000,66,87868.0,33163,1656.4,12132,87868
200000,66,175723.0,66498,3321.21,24277,175723
400000,66,351263.0,133460,6674.89,48737,351263
600000,66,526962.0,200275,10022.7,73038,526962
800000,66,702711.0,267216,13337.4,97289,702711
1000000,66,878480.0,333972,16643.25,121520,878480
2,67,2.0,2,0.19,0,2
3,67,3.0,2,0.19,0,3
100,67,87.0,35,1.79,13,87
200,67,175.0,74,4.06,25,175
2000,67,1753.0,694,34.16,247,1753
10000,67,8754.0,3390,170.13,1246,8754
20000,67,17469.0,6729,335.33,2531,17469
40000,67,35069.0,13454,673.87,4931,35069
60000,67,52664.0,20135,1010.49,7336,52664
80000,67,70248.0,26716,1333.1,9752,70248
100000,67,87871.0,33453,1670.54,12129,87871
200000,67,175499.0,66953,3340.05,24501,175499
400000,67,351217.0,133548,6678.84,48783,351217
600000,67,527019.0,200228,10012.84,72981,527019
800000,67,702642.0,266809,13344.63,97358,702642
1000000,67,878318.0,333474,16666.5,121682,878318
2,68,2.0,2,0.1,0,2
3,68,2.0,3,0.19,1,2
100,68,91.0,54,1.98,9,91
200,68,178.0,105,3.22,22,178
2000,68,1745.0,940,35.57,255,1745
10000,68,8666.0,7255,188.28,1334,8666
20000,68,17454.0,15601,378.42,2546,17454
40000,68,34947.0,32234,762.19,5053,34947
60000,68,52507.0,48852,1144.89,7493,52507
80000,68,70112.0,65547,1530.41,9888,70112
100000,68,87558.0,82183,1910.59,12442,87558
200000,68,175299.0,126083,3625.17,24701,175299
400000,68,350864.0,192913,6960.28,49136,350864
600000,68,526375.0,259710,10299.36,73625,526375
800000,68,702074.0,326298,13641.99,97926,702074
1000000,68,877647.0,392953,16977.75,122353,877647
2,69,2.0,1,0.01,0,2
3,69,3.0,2,0.1,0,3
100,69,90.0,53,1.79,10,90
200,69,178.0,101,3.38,22,178
2000,69,1780.0,1115,34.91,220,1780
10000,69,8756.0,7427,178.7,1244,8756
20000,69,17488.0,15731,370.25,2512,17488
40000,69,35043.0,28331,728.46,4957,35043
60000,69,52623.0,34938,1062.36,7377,52623
80000,69,70205.0,41685,1395.62,9795,70205
100000,69,87754.0,48355,1720.3,12246,87754
200000,69,175577.0,81750,3391.8,24423,175577
400000,69,351191.0,148642,6744.14,48809,351191
600000,69,526811.0,215394,10075.89,73189,526811
800000,69,702437.0,281953,13406.85,97563,702437
1000000,69,877785.0,348487,16719.96,122215,877785
2,70,1.0,2,0.19,1,1
3,70,2.0,3,0.28,1,2
100,70,86.0,40,2.54,14,86
200,70,178.0,125,4.58,22,178
2000,70,1768.0,895,36.78,232,1768
10000,70,8786.0,3518,169.69,1214,8786
20000,70,17576.0,6898,336.26,2424,17576
40000,70,35142.0,13527,670.91,4858,35142
60000,70,52788.0,20245,1012.75,7212,52788
80000,70,70363.0,26914,1343.45,9637,70363
100000,70,87943.0,33702,1687.35,12057,87943
200000,70,175581.0,66952,3331.76,24419,175581
400000,70,351370.0,133883,6665.67,48630,351370
600000,70,527090.0,200352,9983.31,72910,527090
800000,70,703046.0,266909,13299.23,96954,703046
1000000,70,878829.0,333768,16650.24,121171,878829
2,71,2.0,2,0.19,0,2
3,71,3.0,3,0.19,0,3
100,71,93.0,85,2.85,7,93
200,71,180.0,164,4.06,20,180
2000,71,1746.0,1479,37.99,254,1746
10000,71,8814.0,8015,192.53,1186,8814
20000,71,17585.0,16320,380.22,2415,17585
40000,71,35098.0,30611,744.45,4902,35098
60000,71,52619.0,37277,1082.79,7381,52619
80000,71,70151.0,43991,1425.51,9849,70151
100000,71,87759.0,50696,1763.95,12241,87759
200000,71,175616.0,84181,3446.44,24384,175616
400000,71,351255.0,150884,6769.84,48745,351255
600000,71,526972.0,217735,10095.6,73028,526972
800000,71,702656.0,283860,13393.98,97344,702656
1000000,71,878350.0,350672,16727.83,121650,878350
2,72,2.0,2,0.01,0,2
3,72,3.0,3,0.02,0,3
100,72,93.0,47,1.68,7,93
200,72,183.0,90,3.69,17,183
2000,72,1764.0,1080,37.89,236,1764
10000,72,8729.0,5386,178.58,1271,8729
20000,72,17475.0,8965,348.67,2525,17475
40000,72,35038.0,15735,686.63,4962,35038
60000,72,52607.0,22366,1015.34,7393,52607
80000,72,70156.0,29007,1350.05,9844,70156
100000,72,87685.0,35680,1684.82,12315,87685
200000,72,175454.0,69043,3348.25,24546,175454
400000,72,350953.0,136020,6695.79,49047,350953
600000,72,526693.0,202500,10042.92,73307,526693
800000,72,702475.0,269078,13380.37,97525,702475
1000000,72,878051.0,335755,16709.76,121949,878051
2,73,1.0,2,0.19,1,1
3,73,1.0,3,0.28,2,1
100,73,90.0,86,3.04,10,90
200,73,184.0,172,4.82,16,184
2000,73,1758.0,1125,38.38,242,1758
10000,73,8761.0,3831,173.5,1239,8761
20000,73,17555.0,7170,346.53,2445,17555
40000,73,35229.0,13932,684.81,4771,35229
60000,73,52692.0,20637,1013.09,7308,52692
80000,73,70239.0,27342,1348.47,9761,70239
100000,73,87810.0,33998,1677.22,12190,87810
200000,73,175558.0,67473,3347.06,24442,175558
400000,73,351208.0,134054,6672.1,48792,351208
600000,73,526772.0,201000,10015.44,73228,526772
800000,73,702664.0,267702,13371.69,97336,702664
1000000,73,878243.0,334042,16679.42,121757,878243
2,74,1.0,2,0.1,1,1
3,74,2.0,3,0.1,1,2
100,74,86.0,39,1.45,14,86
200,74,171.0,75,2.8,29,171
2000,74,1749.0,758,34.03,251,1749
10000,74,8738.0,3599,166.49,1262,8738
20000,74,17527.0,6894,330.21,2473,17527
40000,74,35119.0,13636,662.72,4881,35119
60000,74,52774.0,20354,996.28,7226,52774
80000,74,70418.0,27061,1330.78,9582,70418
100000,74,87988.0,33825,1671.77,12012,87988
200000,74,175958.0,67423,3349.69,24042,175958
400000,74,351350.0,133524,6659.28,48650,351350
600000,74,527240.0,200317,9982.05,72760,527240
800000,74,703125.0,266576,13269.67,96875,703125
1000000,74,878781.0,333135,16588.48,121219,878781
2,75,1.0,2,0.19,1,1
3,75,2.0,3,0.28,1,2
100,75,89.0,45,2.29,11,89
200,75,173.0,89,3.86,27,173
2000,75,1744.0,1083,34.66,256,1744
10000,75,8686.0,4018,168.59,1314,8686
20000,75,17528.0,7339,335.68,2472,17528
40000,75,35084.0,13869,664.52,4916,35084
60000,75,52676.0,20460,994.38,7324,52676
80000,75,70263.0,27026,1321.78,9737,70263
100000,75,87835.0,33695,1658.79,12165,87835
200000,75,175774.0,67200,3323.55,24226,175774
400000,75,351424.0,133614,6642.27,48576,351424
600000,75,527242.0,200013,9960.19,72758,527242
800000,75,702772.0,266238,13277.07,97228,702772
1000000,75,878637.0,333118,16607.21,121363,878637
2,76,2.0,1,0.09,0,2
3,76,3.0,2,0.19,0,3
100,76,87.0,42,2.64,13,87
200,76,177.0,71,3.95,23,177
2000,76,1727.0,1442,33.94,273,1727
10000,76,8740.0,7579,180.0,1260,8740
20000,76,17438.0,15778,365.81,2562,17438
40000,76,35042.0,22665,694.19,4958,35042
60000,76,52615.0,29371,1027.06,7385,52615
80000,76,70072.0,35997,1355.66,9928,70072
100000,76,87598.0,42557,1681.23,12402,87598
200000,76,175185.0,75899,3336.9,24815,175185
400000,76,351086.0,142788,6694.17,48914,351086
600000,76,526512.0,209393,10032.38,73488,526512
800000,76,701886.0,275946,13347.3,98114,701886
1000000,76,877479.0,342555,16702.36,122521,877479
2,77,1.0,2,0.19,1,1
3,77,2.0,3,0.28,1,2
100,77,87.0,50,2.68,13,87
200,77,179.0,84,4.2,21,179
2000,77,1751.0,758,35.2,249,1751
10000,77,8791.0,3379,165.21,1209,8791
20000,77,17608.0,7132,332.3,2392,17608
40000,77,35126.0,14660,669.64,4874,35126
60000,77,52742.0,22860,1012.5,7258,52742
80000,77,70256.0,29503,1344.97,9744,70256
100000,77,87806.0,36068,1674.43,12194,87806
200000,77,175637.0,69687,3349.04,24363,175637
400000,77,351305.0,136395,6687.05,48695,351305
600000,77,527026.0,203398,10009.52,72974,527026
800000,77,702773.0,269818,13319.63,97227,702773
1000000,77,878721.0,336403,16662.87,121279,878721
2,78,1.0,2,0.19,1,1
3,78,2.0,3,0.19,1,2
100,78,91.0,77,2.27,9,91
200,78,181.0,152,4.45,19,181
2000,78,1747.0,1603,38.17,253,1747
10000,78,8776.0,8231,191.9,1224,8776
20000,78,17568.0,16412,380.95,2432,17568
40000,78,35163.0,25633,730.18,4837,35163
60000,78,52746.0,35343,1076.09,7254,52746
80000,78,70305.0,41993,1408.32,9695,70305
100000,78,87878.0,48741,1747.16,12122,87878
200000,78,175593.0,82272,3423.66,24407,175593
400000,78,351214.0,149458,6798.98,48786,351214
600000,78,526663.0,216408,10166.01,73337,526663
800000,78,702402.0,283310,13495.81,97598,702402
1000000,78,878095.0,350090,16824.64,121905,878095
2,79,2.0,1,0.01,0,2
3,79,3.0,2,0.01,0,3
100,79,87.0,74,1.81,13,87
200,79,171.0,103,3.3,29,171
2000,79,1752.0,1561,35.88,248,1752
10000,79,8707.0,8187,188.44,1293,8707
20000,79,17457.0,13387,364.92,2543,17457
40000,79,35053.0,28264,737.03,4947,35053
60000,79,52572.0,35022,1072.14,7428,52572
80000,79,70150.0,41782,1412.03,9850,70150
100000,79,87646.0,48510,1744.92,12354,87646
200000,79,175433.0,81940,3415.61,24567,175433
400000,79,351154.0,148426,6747.83,48846,351154
600000,79,526791.0,215394,10085.07,73209,526791
800000,79,702571.0,282135,13419.73,97429,702571
1000000,79,878070.0,348494,16746.37,121930,878070
2,80,1.0,2,0.19,1,1
3,80,2.0,3,0.28,1,2
100,80,90.0,69,2.14,10,90
200,80,181.0,139,3.93,19,181
2000,80,1759.0,784,35.33,241,1759
10000,80,8772.0,3481,167.88,1228,8772
20000,80,17537.0,6838,333.26,2463,17537
40000,80,35036.0,13497,665.09,4964,35036
60000,80,52601.0,20103,1000.25,7399,52601
80000,80,70176.0,26832,1337.64,9824,70176
100000,80,87717.0,33595,1675.3,12283,87717
200000,80,175592.0,66985,3349.84,24408,175592
400000,80,350993.0,133795,6684.4,49007,350993
600000,80,526467.0,200410,10000.07,73533,526467
800000,80,702135.0,266914,13332.92,97865,702135
1000000,80,877734.0,333615,16662.61,122266,877734
2,81,2.0,1,0.09,0,2
3,81,3.0,2,0.19,0,3
100,81,82.0,50,2.32,18,82
200,81,165.0,117,5.53,35,165
2000,81,1743.0,1230,38.37,257,1743
10000,81,8718.0,3854,169.84,1282,8718
20000,81,17478.0,7125,328.94,2522,17478
40000,81,35044.0,14154,670.89,4956,35044
60000,81,52602.0,20832,1005.42,7398,52602
80000,81,70220.0,27546,1343.1,9780,70220
100000,81,87794.0,34209,1679.9,12206,87794
200000,81,175481.0,67764,3363.0,24519,175481
400000,81,351405.0,134623,6714.01,48595,351405
600000,81,527181.0,201269,10041.08,72819,527181
800000,81,702973.0,267983,13376.69,97027,702973
1000000,81,878674.0,334127,16664.09,121326,878674
2,82,1.0,2,0.01,1,1
3,82,2.0,2,0.01,1,2
100,82,84.0,41,2.27,16,84
200,82,174.0,72,3.69,26,174
2000,82,1751.0,677,32.72,249,1751
10000,82,8765.0,3337,158.79,1235,8765
20000,82,17606.0,6633,325.22,2394,17606
40000,82,35104.0,13385,660.57,4896,35104
60000,82,52679.0,20332,996.98,7321,52679
80000,82,70186.0,26910,1328.76,9814,70186
100000,82,87723.0,33587,1667.43,12277,87723
200000,82,175516.0,66972,3333.21,24484,175516
400000,82,351141.0,133780,6670.1,48859,351141
600000,82,526623.0,200524,10006.58,73377,526623
800000,82,702172.0,267010,13331.69,97828,702172
1000000,82,877943.0,333620,16674.61,122057,877943
2,83,2.0,2,0.01,0,2
3,83,2.0,3,0.02,1,2
100,83,77.0,43,1.92,23,77
200,83,164.0,76,3.53,36,164
2000,83,1729.0,685,33.93,271,1729
10000,83,8757.0,4769,174.95,1243,8757
20000,83,17517.0,9387,352.58,2483,17517
40000,83,35099.0,15918,683.13,4901,35099
60000,83,52586.0,22495,1018.33,7414,52586
80000,83,70163.0,29187,1350.77,9837,70163
100000,83,87666.0,35877,1681.4,12334,87666
200000,83,175493.0,68813,3323.07,24507,175493
400000,83,351138.0,135476,6644.02,48862,351138
600000,83,526899.0,202444,9991.16,73101,526899
800000,83,702732.0,269130,13329.15,97268,702732
1000000,83,878502.0,336089,16666.43,121498,878502
2,84,2.0,2,0.1,0,2
3,84,3.0,3,0.1,0,3
100,84,88.0,32,1.24,12,88
200,84,177.0,67,2.85,23,177
2000,84,1763.0,635,30.89,237,1763
10000,84,8835.0,3726,162.9,1165,8835
20000,84,17626.0,7043,328.98,2374,17626
40000,84,35128.0,13777,661.54,4872,35128
60000,84,52692.0,20806,990.44,7308,52692
80000,84,70211.0,27414,1321.92,9789,70211
100000,84,87784.0,34121,1660.38,12216,87784
200000,84,175637.0,67676,3336.46,24363,175637
400000,84,351161.0,134586,6663.15,48839,351161
600000,84,526828.0,201402,9986.4,73172,526828
800000,84,702558.0,268188,13335.15,97442,702558
1000000,84,878237.0,334360,16626.38,121763,878237
2,85,2.0,2,0.19,0,2
3,85,3.0,3,0.28,0,3
100,85,90.0,43,2.46,10,90
200,85,176.0,80,4.45,24,176
2000,85,1770.0,711,33.7,230,1770
10000,85,8778.0,3375,164.11,1222,8778
20000,85,17544.0,6808,333.92,2456,17544
40000,85,35124.0,13435,667.93,4876,35124
60000,85,52661.0,20025,994.82,7339,52661
80000,85,70262.0,26717,1326.27,9738,70262
100000,85,87793.0,33426,1663.11,12207,87793
200000,85,175654.0,66810,3330.51,24346,175654
400000,85,351330.0,133350,6661.83,48670,351330
600000,85,527094.0,199602,9981.0,72906,527094
800000,85,702294.0,266407,13332.09,97706,702294
1000000,85,878070.0,332983,16655.85,121930,878070
2,86,2.0,2,0.1,0,2
3,86,3.0,3,0.1,0,3
100,86,91.0,79,5.34,9,91
200,86,173.0,157,10.87,27,173
2000,86,1757.0,758,40.33,243,1757
10000,86,8779.0,3643,178.77,1221,8779
20000,86,17563.0,6998,348.1,2437,17563
40000,86,35126.0,13706,683.77,4874,35126
60000,86,52694.0,20400,1015.14,7306,52694
80000,86,70272.0,26859,1334.09,9728,70272
100000,86,87896.0,33547,1667.14,12104,87896
200000,86,175824.0,66780,3333.69,24176,175824
400000,86,351620.0,133598,6668.02,48380,351620
600000,86,527300.0,200188,9998.6,72700,527300
800000,86,702829.0,267057,13322.38,97171,702829
1000000,86,878483.0,333495,16635.37,121517,878483
2,87,2.0,2,0.19,0,2
3,87,3.0,3,0.28,0,3
100,87,86.0,85,6.0,14,86
200,87,166.0,175,11.68,34,166
2000,87,1734.0,1665,62.15,266,1734
10000,87,8759.0,8336,214.84,1241,8759
20000,87,17565.0,16672,405.56,2435,17565
40000,87,34975.0,33292,783.41,5025,34975
60000,87,52558.0,45396,1139.04,7442,52558
80000,87,70116.0,52052,1467.52,9884,70116
100000,87,87615.0,58709,1796.19,12385,87615
200000,87,175476.0,92230,3464.45,24524,175476
400000,87,351203.0,158993,6823.26,48797,351203
600000,87,527008.0,225286,10133.63,72992,527008
800000,87,702645.0,291831,13455.25,97355,702645
1000000,87,878204.0,358329,16799.68,121796,878204
2,88,1.0,2,0.19,1,1
3,88,2.0,3,0.28,1,2
100,88,86.0,78,2.37,14,86
200,88,173.0,163,3.87,27,173
2000,88,1743.0,1665,38.38,257,1743
10000,88,8726.0,7563,187.03,1274,8726
20000,88,17517.0,11635,357.69,2483,17517
40000,88,35022.0,18240,688.71,4978,35022
60000,88,52541.0,25003,1022.59,7459,52541
80000,88,70110.0,31540,1349.84,9890,70110
100000,88,87659.0,38197,1680.85,12341,87659
200000,88,175578.0,71483,3333.0,24422,175578
400000,88,351339.0,137866,6644.0,48661,351339
600000,88,526959.0,204771,9985.42,73041,526959
800000,88,703043.0,271874,13330.36,96957,703043
1000000,88,878836.0,338634,16656.39,121164,878836
2,89,2.0,2,0.19,0,2
3,89,3.0,3,0.28,0,3
100,89,84.0,86,2.5,16,84
200,89,170.0,169,4.53,30,170
2000,89,1764.0,1602,39.78,236,1764
10000,89,8760.0,7270,187.28,1240,8760
20000,89,17538.0,13424,364.93,2462,17538
40000,89,35045.0,21272,707.74,4955,35045
60000,89,52632.0,27888,1033.5,7368,52632
80000,89,70206.0,34529,1370.37,9794,70206
100000,89,87694.0,41216,1702.87,12306,87694
200000,89,175500.0,74671,3367.66,24500,175500
400000,89,351360.0,141162,6686.31,48640,351360
600000,89,527122.0,207772,10006.73,72878,527122
800000,89,702655.0,274243,13315.83,97345,702655
1000000,89,878354.0,340956,16651.89,121646,878354
2,90,2.0,1,0.09,0,2
3,90,3.0,1,0.09,0,3
100,90,90.0,74,3.88,10,90
200,90,181.0,152,8.95,19,181
2000,90,1736.0,800,43.15,264,1736
10000,90,8753.0,3489,175.48,1247,8753
20000,90,17536.0,6827,345.27,2464,17536
40000,90,35058.0,13510,682.25,4942,35058
60000,90,52539.0,20142,1020.87,7461,52539
80000,90,70202.0,26736,1356.51,9798,70202
100000,90,87703.0,33386,1684.15,12297,87703
200000,90,175401.0,66741,3351.95,24599,175401
400000,90,351126.0,133278,6679.2,48874,351126
600000,90,526738.0,199839,10005.22,73262,526738
800000,90,702441.0,266282,13327.87,97559,702441
1000000,90,877945.0,333371,16694.51,122055,877945
2,91,2.0,2,0.19,0,2
3,91,3.0,3,0.28,0,3
100,91,88.0,73,2.7,12,88
200,91,172.0,103,3.84,28,172
2000,91,1757.0,710,33.52,243,1757
10000,91,8744.0,3419,169.01,1256,8744
20000,91,17525.0,6777,338.36,2475,17525
40000,91,35159.0,13452,667.83,4841,35159
60000,91,52673.0,20095,999.85,7327,52673
80000,91,70225.0,26761,1336.66,9775,70225
100000,91,87868.0,33451,1669.18,12132,87868
200000,91,175711.0,66843,3339.5,24289,175711
400000,91,351330.0,133534,6675.17,48670,351330
600000,91,526993.0,200362,10016.3,73007,526993
800000,91,702665.0,266807,13346.96,97335,702665
1000000,91,878395.0,333510,16682.97,121605,878395
2,92,1.0,2,0.19,1,1
3,92,1.0,3,0.28,2,1
100,92,91.0,59,2.81,9,91
200,92,178.0,94,4.25,22,178
2000,92,1758.0,706,34.67,242,1758
10000,92,8774.0,3388,166.25,1226,8774
20000,92,17526.0,6686,333.31,2474,17526
40000,92,35034.0,14326,665.63,4966,35034
60000,92,52539.0,20934,986.85,7461,52539
80000,92,70119.0,27535,1314.07,9881,70119
100000,92,87679.0,34181,1646.46,12321,87679
200000,92,175576.0,67551,3313.16,24424,175576
400000,92,351319.0,134522,6650.05,48681,351319
600000,92,527057.0,201149,9971.99,72943,527057
800000,92,702744.0,267521,13294.37,97256,702744
1000000,92,878579.0,334127,16593.17,121421,878579
2,93,2.0,2,0.01,0,2
3,93,3.0,3,0.02,0,3
100,93,90.0,68,3.13,10,90
200,93,174.0,154,4.82,26,174
2000,93,1725.0,1557,38.56,275,1725
10000,93,8787.0,6654,185.1,1213,8787
20000,93,17523.0,10989,360.77,2477,17523
40000,93,35142.0,17745,691.55,4858,35142
60000,93,52698.0,24773,1022.7,7302,52698
80000,93,70291.0,31361,1353.36,9709,70291
100000,93,87872.0,37891,1682.65,12128,87872
200000,93,175508.0,71504,3351.64,24492,175508
400000,93,351050.0,137959,6674.26,48950,351050
600000,93,526825.0,204922,10025.33,73175,526825
800000,93,702500.0,271176,13347.75,97500,702500
1000000,93,877996.0,337691,16681.1,122004,877996
2,94,2.0,2,0.19,0,2
3,94,3.0,3,0.28,0,3
100,94,82.0,31,1.68,18,82
200,94,168.0,64,3.38,32,168
2000,94,1743.0,649,30.78,257,1743
10000,94,8804.0,3338,169.15,1196,8804
20000,94,17582.0,6619,330.73,2418,17582
40000,94,35109.0,13319,664.38,4891,35109
60000,94,52566.0,20124,1006.11,7434,52566
80000,94,70140.0,26861,1345.44,9860,70140
100000,94,87748.0,33590,1686.16,12252,87748
200000,94,175566.0,67013,3352.14,24434,175566
400000,94,351287.0,133529,6661.38,48713,351287
600000,94,526979.0,200235,10000.09,73021,526979
800000,94,702589.0,266786,13316.26,97411,702589
1000000,94,878250.0,333147,16623.55,121750,878250
2,95,1.0,2,0.19,1,1
3,95,2.0,3,0.28,1,2
100,95,85.0,69,2.41,15,85
200,95,172.0,118,4.19,28,172
2000,95,1752.0,1598,39.67,248,1752
10000,95,8791.0,7848,195.3,1209,8791
20000,95,17613.0,12023,367.56,2387,17613
40000,95,35234.0,18532,687.56,4766,35234
60000,95,52804.0,25186,1011.26,7196,52804
80000,95,70361.0,31802,1342.33,9639,70361
100000,95,87947.0,38421,1673.87,12053,87947
200000,95,175541.0,71627,3331.56,24459,175541
400000,95,350967.0,138599,6664.32,49033,350967
600000,95,526790.0,205445,10002.56,73210,526790
800000,95,702485.0,271937,13304.75,97515,702485
1000000,95,877976.0,338635,16638.66,122024,877976
2,96,1.0,2,0.19,1,1
3,96,2.0,3,0.28,1,2
100,96,85.0,76,4.07,15,85
200,96,173.0,160,6.65,27,173
2000,96,1753.0,957,34.75,247,1753
10000,96,8788.0,3813,169.72,1212,8788
20000,96,17579.0,7120,338.27,2421,17579
40000,96,35135.0,19577,698.46,4865,35135
60000,96,52611.0,28560,1040.64,7389,52611
80000,96,70181.0,35347,1381.93,9819,70181
100000,96,87706.0,41969,1708.44,12294,87706
200000,96,175456.0,75295,3382.3,24544,175456
400000,96,350975.0,141859,6727.69,49025,350975
600000,96,526480.0,209012,10082.05,73520,526480
800000,96,702389.0,275143,13358.94,97611,702389
1000000,96,878415.0,341674,16671.59,121585,878415
2,97,1.0,2,0.19,1,1
3,97,2.0,2,0.19,1,2
100,97,84.0,32,1.51,16,84
200,97,172.0,85,2.94,28,172
2000,97,1750.0,1581,36.88,250,1750
10000,97,8740.0,7295,188.66,1260,8740
20000,97,17505.0,10634,360.16,2495,17505
40000,97,35172.0,17300,695.44,4828,35172
60000,97,52743.0,24003,1029.74,7257,52743
80000,97,70292.0,30672,1364.49,9708,70292
100000,97,87840.0,37421,1700.55,12160,87840
200000,97,175588.0,70815,3367.19,24412,175588
400000,97,351067.0,137248,6711.56,48933,351067
600000,97,526775.0,203707,10032.12,73225,526775
800000,97,702386.0,270403,13360.71,97614,702386
1000000,97,878036.0,336896,16699.54,121964,878036
2,98,2.0,0,0.0,0,2
3,98,2.0,0,0.0,1,2
100,98,84.0,64,2.39,16,84
200,98,171.0,118,4.55,29,171
2000,98,1773.0,714,36.33,227,1773
10000,98,8791.0,5440,184.61,1209,8791
20000,98,17576.0,9330,355.98,2424,17576
40000,98,35127.0,16087,696.49,4873,35127
60000,98,52802.0,22689,1023.71,7198,52802
80000,98,70421.0,29305,1352.89,9579,70421
100000,98,87951.0,35988,1685.28,12049,87951
200000,98,175740.0,69500,3344.05,24260,175740
400000,98,351355.0,136345,6689.59,48645,351355
600000,98,527036.0,203077,10015.83,72964,527036
800000,98,702757.0,270012,13355.97,97243,702757
1000000,98,878503.0,336890,16707.97,121497,878503
2,99,2.0,2,0.01,0,2
3,99,3.0,3,0.02,0,3
100,99,90.0,45,2.29,10,90
200,99,174.0,90,4.14,26,174
2000,99,1739.0,678,33.45,261,1739
10000,99,8757.0,3504,169.17,1243,8757
20000,99,17526.0,6962,348.1,2474,17526
40000,99,35026.0,13521,685.01,4974,35026
60000,99,52610.0,20171,1012.2,7390,52610
80000,99,70200.0,26944,1354.58,9800,70200
100000,99,87769.0,33733,1697.77,12231,87769
200000,99,175671.0,66950,3364.78,24329,175671
400000,99,351329.0,133466,6699.4,48671,351329
600000,99,526949.0,199997,10038.5,73051,526949
800000,99,702483.0,266579,13379.48,97517,702483
1000000,99,877984.0,332912,16702.21,122016,877984
2,100,2.0,2,0.1,0,2
3,100,2.0,2,0.1,1,2
100,100,88.0,82,1.94,12,88
200,100,173.0,165,3.88,27,173
2000,100,1737.0,1646,38.29,263,1737
10000,100,8697.0,8136,188.28,1303,8697
20000,100,17470.0,16386,375.15,2530,17470
40000,100,34985.0,33037,763.15,5015,34985
60000,100,52506.0,49742,1147.9,7494,52506
80000,100,69978.0,66453,1534.4,10022,69978
100000,100,87498.0,83080,1918.76,12502,87498
200000,100,175346.0,123467,3616.5,24654,175346
400000,100,350960.0,190130,6945.1,49040,350960
600000,100,526680.0,256727,10271.93,73320,526680
800000,100,702420.0,323288,13594.18,97580,702420
1000000,100,878202.0,389686,16910.57,121798,878202
