Timestep,Iteration,Total Reward,Suboptimal Arms,Total Regret,Zeros Count,Ones Count
2,1,2.0,1,0.01,0,2
3,1,3.0,2,0.01,0,3
100,1,91.0,37,1.62,9,91
200,1,174.0,95,3.8,26,174
2000,1,1760.0,773,35.18,240,1760
10000,1,8770.0,3854,165.16,1230,8770
20000,1,17527.0,7244,334.66,2473,17527
40000,1,35103.0,13850,670.54,4897,35103
60000,1,52660.0,20443,1006.81,7340,52660
80000,1,70186.0,27134,1342.75,9814,70186
100000,1,87777.0,33747,1670.3,12223,87777
200000,1,175828.0,67085,3328.56,24172,175828
400000,1,351423.0,133761,6684.41,48577,351423
600000,1,526791.0,199945,10001.43,73209,526791
800000,1,702513.0,266710,13349.09,97487,702513
1000000,1,878234.0,333383,16665.86,121766,878234
2,2,2.0,2,0.1,0,2
3,2,3.0,3,0.19,0,3
100,2,82.0,51,3.67,18,82
200,2,170.0,87,5.92,30,170
2000,2,1758.0,702,37.44,242,1758
10000,2,8781.0,3334,169.67,1219,8781
20000,2,17574.0,6678,334.08,2426,17574
40000,2,35126.0,13307,662.25,4874,35126
60000,2,52729.0,19925,992.61,7271,52729
80000,2,70343.0,26740,1331.06,9657,70343
100000,2,87928.0,33427,1667.89,12072,87928
200000,2,175924.0,66906,3342.6,24076,175924
400000,2,351338.0,133496,6678.22,48662,351338
600000,2,527140.0,199926,10019.88,72860,527140
800000,2,702697.0,266454,13348.98,97303,702697
1000000,2,878446.0,333308,16695.1,121554,878446
2,3,2.0,1,0.01,0,2
3,3,3.0,2,0.01,0,3
100,3,94.0,73,1.35,6,94
200,3,184.0,159,4.39,16,184
2000,3,1785.0,909,36.4,215,1785
10000,3,8841.0,3585,167.86,1159,8841
20000,3,17679.0,6959,334.14,2321,17679
40000,3,35300.0,13537,661.42,4700,35300
60000,3,52935.0,20257,993.91,7065,52935
80000,3,70489.0,26967,1329.32,9511,70489
100000,3,88092.0,33645,1662.95,11908,88092
200000,3,175865.0,67179,3338.75,24135,175865
400000,3,351407.0,133404,6671.73,48593,351407
600000,3,527079.0,200132,10003.0,72921,527079
800000,3,702694.0,266478,13323.27,97306,702694
1000000,3,878203.0,333166,16673.78,121797,878203
2,4,2.0,2,0.01,0,2
3,4,3.0,3,0.02,0,3
100,4,88.0,84,1.77,12,88
200,4,177.0,157,3.48,23,177
2000,4,1758.0,1257,35.89,242,1758
10000,4,8798.0,4709,169.79,1202,8798
20000,4,17520.0,8048,340.75,2480,17520
40000,4,34999.0,14716,677.93,5001,34999
60000,4,52592.0,21349,999.91,7408,52592
80000,4,70176.0,28020,1325.22,9824,70176
100000,4,87749.0,34635,1651.43,12251,87749
200000,4,175734.0,67962,3328.08,24266,175734
400000,4,351542.0,134190,6640.11,48458,351542
600000,4,527273.0,201199,9982.23,72727,527273
800000,4,703037.0,268164,13324.59,96963,703037
1000000,4,878809.0,334549,16651.44,121191,878809
2,5,1.0,1,0.01,1,1
3,5,2.0,2,0.01,1,2
100,5,87.0,45,1.66,13,87
200,5,176.0,78,3.45,24,176
2000,5,1787.0,718,30.23,213,1787
10000,5,8874.0,3411,166.27,1126,8874
20000,5,17647.0,6762,331.62,2353,17647
40000,5,35179.0,13458,667.95,4821,35179
60000,5,52834.0,20162,997.21,7166,52834
80000,5,70407.0,26810,1331.41,9593,70407
100000,5,87978.0,33392,1656.1,12022,87978
200000,5,175699.0,66759,3323.51,24301,175699
400000,5,351162.0,133135,6654.73,48838,351162
600000,5,526755.0,199970,9982.93,73245,526755
800000,5,702433.0,266488,13292.81,97567,702433
1000000,5,878196.0,333065,16621.7,121804,878196
2,6,1.0,2,0.01,1,1
3,6,2.0,3,0.02,1,2
100,6,91.0,33,1.52,9,91
200,6,178.0,67,3.66,22,178
2000,6,1752.0,684,35.1,248,1752
10000,6,8718.0,4372,166.4,1282,8718
20000,6,17506.0,7718,326.59,2494,17506
40000,6,35064.0,14218,652.85,4936,35064
60000,6,52656.0,20889,985.73,7344,52656
80000,6,70193.0,27623,1318.29,9807,70193
100000,6,87739.0,34196,1641.31,12261,87739
200000,6,175486.0,67701,3316.16,24514,175486
400000,6,351043.0,134195,6635.73,48957,351043
600000,6,526774.0,200746,9951.89,73226,526774
800000,6,702408.0,267278,13298.56,97592,702408
1000000,6,878121.0,333913,16647.27,121879,878121
2,7,2.0,1,0.09,0,2
3,7,3.0,2,0.1,0,3
100,7,89.0,41,1.64,11,89
200,7,181.0,74,2.98,19,181
2000,7,1769.0,641,31.46,231,1769
10000,7,8789.0,3285,167.08,1211,8789
20000,7,17564.0,7519,336.76,2436,17564
40000,7,35156.0,14220,673.2,4844,35156
60000,7,52800.0,21033,1011.47,7200,52800
80000,7,70447.0,27696,1347.0,9553,70447
100000,7,88031.0,34423,1679.26,11969,88031
200000,7,175746.0,67598,3335.71,24254,175746
400000,7,351624.0,134097,6667.64,48376,351624
600000,7,527144.0,200678,9993.4,72856,527144
800000,7,702812.0,267352,13331.06,97188,702812
1000000,7,878565.0,334086,16663.26,121435,878565
2,8,1.0,2,0.1,1,1
3,8,2.0,3,0.1,1,2
100,8,89.0,34,1.16,11,89
200,8,175.0,68,3.49,25,175
2000,8,1742.0,666,33.57,258,1742
10000,8,8741.0,3334,167.42,1259,8741
20000,8,17514.0,6672,333.33,2486,17514
40000,8,35096.0,13335,674.36,4904,35096
60000,8,52593.0,19960,1003.76,7407,52593
80000,8,70211.0,26510,1331.8,9789,70211
100000,8,87771.0,33047,1652.13,12229,87771
200000,8,175866.0,66357,3308.09,24134,175866
400000,8,351491.0,132395,6599.01,48509,351491
600000,8,527142.0,199239,9952.0,72858,527142
800000,8,702606.0,266000,13285.33,97394,702606
1000000,8,878245.0,332771,16613.93,121755,878245
2,9,2.0,2,0.01,0,2
3,9,2.0,3,0.02,1,2
100,9,87.0,84,1.68,13,87
200,9,172.0,160,6.2,28,172
2000,9,1770.0,1277,38.87,230,1770
10000,9,8791.0,4025,172.22,1209,8791
20000,9,17574.0,7463,346.11,2426,17574
40000,9,35142.0,14129,676.89,4858,35142
60000,9,52718.0,20741,1002.81,7282,52718
80000,9,70333.0,27534,1340.88,9667,70333
100000,9,87950.0,34218,1680.39,12050,87950
200000,9,175653.0,67384,3341.3,24347,175653
400000,9,351521.0,134082,6687.09,48479,351521
600000,9,527337.0,200389,10020.75,72663,527337
800000,9,702982.0,266823,13327.51,97018,702982
1000000,9,878425.0,333625,16666.26,121575,878425
2,10,2.0,2,0.01,0,2
3,10,3.0,3,0.02,0,3
100,10,90.0,54,1.62,10,90
200,10,176.0,87,3.04,24,176
2000,10,1771.0,708,34.23,229,1771
10000,10,8772.0,3420,168.57,1228,8772
20000,10,17568.0,6761,338.82,2432,17568
40000,10,35112.0,13459,679.3,4888,35112
60000,10,52706.0,20110,1005.59,7294,52706
80000,10,70206.0,26869,1346.83,9794,70206
100000,10,87823.0,33577,1682.68,12177,87823
200000,10,175486.0,66618,3340.71,24514,175486
400000,10,350800.0,133369,6673.9,49200,350800
600000,10,526336.0,200102,10012.84,73664,526336
800000,10,702199.0,266210,13309.15,97801,702199
1000000,10,877837.0,332819,16653.23,122163,877837
2,11,2.0,2,0.01,0,2
3,11,3.0,3,0.02,0,3
100,11,88.0,85,5.1,12,88
200,11,175.0,169,7.14,25,175
2000,11,1754.0,1021,39.13,246,1754
10000,11,8797.0,3619,170.55,1203,8797
20000,11,17535.0,6952,337.43,2465,17535
40000,11,35095.0,13529,664.71,4905,35095
60000,11,52596.0,20383,1010.83,7404,52596
80000,11,70175.0,27078,1342.02,9825,70175
100000,11,87744.0,33826,1676.99,12256,87744
200000,11,175569.0,67306,3354.32,24431,175569
400000,11,350943.0,133961,6677.76,49057,350943
600000,11,526694.0,200675,10019.48,73306,526694
800000,11,702572.0,267031,13343.13,97428,702572
1000000,11,878265.0,334103,16693.76,121735,878265
2,12,2.0,1,0.01,0,2
3,12,2.0,1,0.01,1,2
100,12,88.0,65,1.85,12,88
200,12,172.0,95,3.17,28,172
2000,12,1784.0,707,32.69,216,1784
10000,12,8789.0,4554,171.27,1211,8789
20000,12,17580.0,8011,330.39,2420,17580
40000,12,35197.0,14679,670.01,4803,35197
60000,12,52759.0,21326,995.47,7241,52759
80000,12,70286.0,27988,1331.81,9714,70286
100000,12,87741.0,34645,1672.54,12259,87741
200000,12,175501.0,68030,3349.84,24499,175501
400000,12,351307.0,134857,6670.9,48693,351307
600000,12,527021.0,201472,9997.64,72979,527021
800000,12,702850.0,268081,13320.3,97150,702850
1000000,12,878773.0,334755,16649.32,121227,878773
2,13,2.0,2,0.01,0,2
3,13,3.0,3,0.02,0,3
100,13,86.0,86,1.78,14,86
200,13,177.0,175,3.84,23,177
2000,13,1760.0,1685,36.77,240,1760
10000,13,8765.0,8168,187.27,1235,8765
20000,13,17567.0,12271,352.68,2433,17567
40000,13,35113.0,19023,689.75,4887,35113
60000,13,52674.0,25723,1026.91,7326,52674
80000,13,70213.0,32336,1362.01,9787,70213
100000,13,87832.0,39082,1694.9,12168,87832
200000,13,175575.0,72565,3374.32,24425,175575
400000,13,351252.0,139310,6714.49,48748,351252
600000,13,526857.0,205880,10035.16,73143,526857
800000,13,702356.0,272775,13377.07,97644,702356
1000000,13,877900.0,339516,16731.72,122100,877900
2,14,2.0,2,0.01,0,2
3,14,3.0,3,0.02,0,3
100,14,89.0,75,2.08,11,89
200,14,177.0,162,3.87,23,177
2000,14,1756.0,1660,35.3,244,1756
10000,14,8786.0,5033,171.41,1214,8786
20000,14,17563.0,8308,335.66,2437,17563
40000,14,35067.0,14990,671.47,4933,35067
60000,14,52647.0,21489,990.35,7353,52647
80000,14,70143.0,28162,1326.83,9857,70143
100000,14,87752.0,34769,1658.22,12248,87752
200000,14,175527.0,68361,3328.64,24473,175527
400000,14,351089.0,135435,6664.88,48911,351089
600000,14,526572.0,202160,9994.15,73428,526572
800000,14,702283.0,268390,13304.66,97717,702283
1000000,14,877753.0,335091,16643.44,122247,877753
2,15,0.0,2,0.01,2,0
3,15,1.0,3,0.1,2,1
100,15,83.0,43,2.64,17,83
200,15,170.0,76,4.43,30,170
2000,15,1748.0,682,34.37,252,1748
10000,15,8793.0,3431,172.13,1207,8793
20000,15,17597.0,6953,344.82,2403,17597
40000,15,35125.0,13723,681.52,4875,35125
60000,15,52611.0,20455,1016.14,7389,52611
80000,15,70184.0,27060,1344.36,9816,70184
100000,15,87709.0,33723,1678.28,12291,87709
200000,15,175629.0,66739,3316.3,24371,175629
400000,15,351375.0,133503,6652.61,48625,351375
600000,15,527064.0,199932,9993.18,72936,527064
800000,15,702550.0,266597,13324.58,97450,702550
1000000,15,878126.0,333336,16658.88,121874,878126
2,16,2.0,1,0.09,0,2
3,16,3.0,1,0.09,0,3
100,16,86.0,52,2.24,14,86
200,16,177.0,91,4.14,23,177
2000,16,1763.0,684,32.94,237,1763
10000,16,8798.0,3307,160.71,1202,8798
20000,16,17565.0,8104,337.79,2435,17565
40000,16,35083.0,15219,685.94,4917,35083
60000,16,52592.0,21957,1023.11,7408,52592
80000,16,70165.0,28511,1341.81,9835,70165
100000,16,87620.0,35223,1671.11,12380,87620
200000,16,175318.0,68591,3343.29,24682,175318
400000,16,351107.0,135283,6678.25,48893,351107
600000,16,527019.0,201785,9985.07,72981,527019
800000,16,702833.0,268657,13315.08,97167,702833
1000000,16,878543.0,335666,16660.99,121457,878543
2,17,2.0,2,0.01,0,2
3,17,3.0,3,0.02,0,3
100,17,85.0,79,2.28,15,85
200,17,170.0,148,3.98,30,170
2000,17,1760.0,1546,38.24,240,1760
10000,17,8803.0,4480,169.73,1197,8803
20000,17,17578.0,7860,341.52,2422,17578
40000,17,35229.0,14484,670.11,4771,35229
60000,17,52836.0,21082,1005.68,7164,52836
80000,17,70512.0,27722,1335.88,9488,70512
100000,17,88066.0,34415,1673.55,11934,88066
200000,17,175890.0,67670,3329.68,24110,175890
400000,17,351461.0,134423,6679.89,48539,351461
600000,17,527174.0,200944,10001.93,72826,527174
800000,17,702886.0,267254,13343.53,97114,702886
1000000,17,878377.0,334009,16671.87,121623,878377
2,18,2.0,2,0.19,0,2
3,18,3.0,3,0.28,0,3
100,18,85.0,50,2.41,15,85
200,18,174.0,129,3.97,26,174
2000,18,1763.0,1113,34.54,237,1763
10000,18,8775.0,6240,182.67,1225,8775
20000,18,17533.0,9607,353.23,2467,17533
40000,18,35118.0,16223,679.44,4882,35118
60000,18,52626.0,22954,1016.21,7374,52626
80000,18,70216.0,29566,1349.33,9784,70216
100000,18,87786.0,36195,1672.82,12214,87786
200000,18,175392.0,69377,3340.92,24608,175392
400000,18,351254.0,135826,6643.79,48746,351254
600000,18,526762.0,202240,9948.38,73238,526762
800000,18,702345.0,268740,13268.07,97655,702345
1000000,18,877937.0,335279,16596.86,122063,877937
2,19,2.0,2,0.01,0,2
3,19,2.0,2,0.01,1,2
100,19,86.0,82,1.58,14,86
200,19,176.0,173,4.28,24,176
2000,19,1760.0,1658,36.55,240,1760
10000,19,8851.0,6259,181.32,1149,8851
20000,19,17657.0,10954,355.82,2343,17657
40000,19,35230.0,17800,694.97,4770,35230
60000,19,52812.0,24521,1034.4,7188,52812
80000,19,70310.0,31325,1374.51,9690,70310
100000,19,87870.0,37872,1701.09,12130,87870
200000,19,175672.0,71246,3376.09,24328,175672
400000,19,351427.0,137710,6698.66,48573,351427
600000,19,527075.0,204180,10020.18,72925,527075
800000,19,702676.0,271189,13367.34,97324,702676
1000000,19,878455.0,337597,16690.44,121545,878455
2,20,2.0,0,0.0,0,2
3,20,3.0,0,0.0,0,3
100,20,90.0,53,1.97,10,90
200,20,181.0,86,3.85,19,181
2000,20,1777.0,670,33.32,223,1777
10000,20,8823.0,3356,166.18,1177,8823
20000,20,17563.0,10401,351.61,2437,17563
40000,20,35096.0,16994,676.72,4904,35096
60000,20,52600.0,23639,1003.17,7400,52600
80000,20,70171.0,30366,1342.44,9829,70171
100000,20,87712.0,37110,1677.48,12288,87712
200000,20,175495.0,70412,3350.5,24505,175495
400000,20,351048.0,137271,6681.26,48952,351048
600000,20,526570.0,203759,10000.97,73430,526570
800000,20,701994.0,270697,13346.25,98006,701994
1000000,20,877521.0,337297,16674.99,122479,877521
2,21,2.0,2,0.01,0,2
3,21,3.0,3,0.02,0,3
100,21,89.0,84,2.4,11,89
200,21,172.0,169,5.34,28,172
2000,21,1740.0,1034,37.03,260,1740
10000,21,8789.0,3725,172.16,1211,8789
20000,21,17612.0,7021,337.69,2388,17612
40000,21,35138.0,13638,674.88,4862,35138
60000,21,52755.0,20402,1014.79,7245,52755
80000,21,70355.0,27013,1347.73,9645,70355
100000,21,87887.0,33652,1679.72,12113,87887
200000,21,175871.0,66962,3349.81,24129,175871
400000,21,351552.0,133500,6691.65,48448,351552
600000,21,527148.0,200319,10041.19,72852,527148
800000,21,702927.0,267193,13387.32,97073,702927
1000000,21,878625.0,333785,16745.18,121375,878625
2,22,2.0,2,0.01,0,2
3,22,3.0,3,0.02,0,3
100,22,91.0,83,1.85,9,91
200,22,179.0,167,3.98,21,179
2000,22,1765.0,1482,39.45,235,1765
10000,22,8802.0,4113,169.78,1198,8802
20000,22,17568.0,7433,331.83,2432,17568
40000,22,35151.0,14134,671.87,4849,35151
60000,22,52726.0,20858,1006.54,7274,52726
80000,22,70271.0,27604,1348.61,9729,70271
100000,22,87815.0,34249,1682.17,12185,87815
200000,22,175565.0,67753,3379.06,24435,175565
400000,22,351336.0,134371,6692.68,48664,351336
600000,22,526695.0,200942,10006.6,73305,526695
800000,22,702275.0,267781,13362.63,97725,702275
1000000,22,877989.0,334417,16718.55,122011,877989
2,23,2.0,2,0.01,0,2
3,23,3.0,2,0.01,0,3
100,23,89.0,41,1.46,11,89
200,23,177.0,79,3.36,23,177
2000,23,1763.0,691,34.32,237,1763
10000,23,8776.0,3349,165.51,1224,8776
20000,23,17542.0,7718,340.72,2458,17542
40000,23,35109.0,14461,673.51,4891,35109
60000,23,52647.0,21056,1000.6,7353,52647
80000,23,70246.0,27790,1335.41,9754,70246
100000,23,87788.0,34463,1670.82,12212,87788
200000,23,175607.0,68014,3356.6,24393,175607
400000,23,351070.0,134730,6695.28,48930,351070
600000,23,526506.0,201731,10063.01,73494,526506
800000,23,702066.0,268161,13391.17,97934,702066
1000000,23,877778.0,334473,16695.88,122222,877778
2,24,2.0,2,0.19,0,2
3,24,3.0,3,0.19,0,3
100,24,88.0,78,2.28,12,88
200,24,176.0,155,3.74,24,176
2000,24,1761.0,1636,39.41,239,1761
10000,24,8830.0,4524,175.17,1170,8830
20000,24,17633.0,7812,342.63,2367,17633
40000,24,35194.0,14466,675.33,4806,35194
60000,24,52758.0,21281,1023.51,7242,52758
80000,24,70334.0,27857,1350.24,9666,70334
100000,24,87974.0,34582,1693.73,12026,87974
200000,24,175807.0,67939,3353.26,24193,175807
400000,24,351391.0,134558,6719.62,48609,351391
600000,24,526862.0,200997,10047.91,73138,526862
800000,24,702547.0,267625,13370.13,97453,702547
1000000,24,878214.0,334222,16700.84,121786,878214
2,25,2.0,2,0.01,0,2
3,25,2.0,3,0.02,1,2
100,25,84.0,45,1.21,16,84
200,25,168.0,73,2.79,32,168
2000,25,1745.0,705,34.03,255,1745
10000,25,8771.0,3359,169.34,1229,8771
20000,25,17571.0,6717,335.72,2429,17571
40000,25,35187.0,13356,672.39,4813,35187
60000,25,52713.0,20020,1003.43,7287,52713
80000,25,70293.0,26688,1330.71,9707,70293
100000,25,87857.0,33439,1664.17,12143,87857
200000,25,175708.0,66719,3330.78,24292,175708
400000,25,351331.0,133462,6681.11,48669,351331
600000,25,527092.0,199732,9996.68,72908,527092
800000,25,702668.0,266442,13336.5,97332,702668
1000000,25,878264.0,333260,16684.6,121736,878264
2,26,1.0,1,0.01,1,1
3,26,2.0,2,0.01,1,2
100,26,89.0,77,2.18,11,89
200,26,174.0,166,4.25,26,174
2000,26,1752.0,1657,38.8,248,1752
10000,26,8740.0,8305,191.64,1260,8740
20000,26,17468.0,15902,371.11,2532,17468
40000,26,35025.0,22654,703.94,4975,35025
60000,26,52624.0,29412,1037.61,7376,52624
80000,26,70252.0,36150,1372.8,9748,70252
100000,26,87805.0,42869,1710.33,12195,87805
200000,26,175739.0,76188,3374.16,24261,175739
400000,26,351503.0,142828,6689.33,48497,351503
600000,26,527253.0,209205,10008.58,72747,527253
800000,26,702862.0,275793,13316.38,97138,702862
1000000,26,878596.0,342759,16667.02,121404,878596
2,27,2.0,2,0.19,0,2
3,27,3.0,3,0.28,0,3
100,27,88.0,50,2.41,12,88
200,27,178.0,85,3.84,22,178
2000,27,1743.0,1111,36.42,257,1743
10000,27,8713.0,3763,171.99,1287,8713
20000,27,17506.0,7032,337.83,2494,17506
40000,27,35052.0,13704,669.9,4948,35052
60000,27,52634.0,20416,1005.23,7366,52634
80000,27,70271.0,27260,1341.58,9729,70271
100000,27,87865.0,34001,1679.67,12135,87865
200000,27,175827.0,67480,3352.4,24173,175827
400000,27,351725.0,133956,6661.26,48275,351725
600000,27,527692.0,200679,10009.42,72308,527692
800000,27,703571.0,267444,13342.59,96429,703571
1000000,27,879150.0,333827,16666.01,120850,879150
2,28,2.0,1,0.01,0,2
3,28,3.0,2,0.01,0,3
100,28,88.0,38,1.9,12,88
200,28,178.0,74,3.43,22,178
2000,28,1759.0,702,33.84,241,1759
10000,28,8772.0,3325,166.56,1228,8772
20000,28,17568.0,6776,342.13,2432,17568
40000,28,35151.0,13327,668.38,4849,35151
60000,28,52789.0,20011,999.43,7211,52789
80000,28,70318.0,26698,1334.27,9682,70318
100000,28,87907.0,33261,1662.83,12093,87907
200000,28,175690.0,66754,3324.92,24310,175690
400000,28,351366.0,133317,6659.69,48634,351366
600000,28,526627.0,200214,10010.16,73373,526627
800000,28,702184.0,267366,13354.26,97816,702184
1000000,28,877844.0,334032,16687.29,122156,877844
2,29,2.0,1,0.01,0,2
3,29,3.0,2,0.01,0,3
100,29,84.0,77,3.17,16,84
200,29,170.0,160,4.85,30,170
2000,29,1749.0,1663,40.45,251,1749
10000,29,8746.0,8311,194.01,1254,8746
20000,29,17544.0,16591,387.42,2456,17544
40000,29,35098.0,25253,737.55,4902,35098
60000,29,52697.0,31990,1079.03,7303,52697
80000,29,70206.0,38646,1414.17,9794,70206
100000,29,87726.0,45241,1747.3,12274,87726
200000,29,175640.0,78661,3417.58,24360,175640
400000,29,351300.0,144775,6717.88,48700,351300
600000,29,527070.0,211533,10039.21,72930,527070
800000,29,702392.0,277934,13363.45,97608,702392
1000000,29,877759.0,344488,16681.16,122241,877759
2,30,2.0,2,0.01,0,2
3,30,3.0,3,0.02,0,3
100,30,86.0,89,2.78,14,86
200,30,172.0,175,5.19,28,172
2000,30,1750.0,1632,38.58,250,1750
10000,30,8808.0,7171,185.52,1192,8808
20000,30,17585.0,10619,357.57,2415,17585
40000,30,35162.0,17287,693.67,4838,35162
60000,30,52668.0,23959,1025.47,7332,52668
80000,30,70263.0,30599,1353.51,9737,70263
100000,30,87825.0,37346,1697.29,12175,87825
200000,30,175594.0,70531,3368.92,24406,175594
400000,30,351349.0,137162,6706.36,48651,351349
600000,30,527145.0,203377,10011.39,72855,527145
800000,30,702783.0,270089,13347.62,97217,702783
1000000,30,878503.0,336439,16656.48,121497,878503
2,31,2.0,1,0.01,0,2
3,31,3.0,2,0.01,0,3
100,31,85.0,85,4.83,15,85
200,31,174.0,168,6.78,26,174
2000,31,1770.0,1645,42.16,230,1770
10000,31,8777.0,8314,192.95,1223,8777
20000,31,17501.0,16555,383.01,2499,17501
40000,31,35021.0,27288,732.6,4979,35021
60000,31,52660.0,33970,1070.48,7340,52660
80000,31,70287.0,40501,1403.65,9713,70287
100000,31,87770.0,47247,1739.78,12230,87770
200000,31,175554.0,80490,3402.33,24446,175554
400000,31,351244.0,147121,6753.01,48756,351244
600000,31,527008.0,213997,10080.06,72992,527008
800000,31,702939.0,280410,13390.41,97061,702939
1000000,31,878495.0,347329,16752.42,121505,878495
2,32,0.0,2,0.1,2,0
3,32,0.0,3,0.1,3,0
100,32,81.0,61,4.35,19,81
200,32,166.0,100,6.08,34,166
2000,32,1763.0,699,35.35,237,1763
10000,32,8827.0,3409,170.76,1173,8827
20000,32,17641.0,6701,337.71,2359,17641
40000,32,35236.0,13367,669.84,4764,35236
60000,32,52785.0,19995,1005.11,7215,52785
80000,32,70425.0,26650,1336.91,9575,70425
100000,32,87986.0,33288,1666.11,12014,87986
200000,32,175884.0,66450,3317.37,24116,175884
400000,32,351411.0,133067,6631.98,48589,351411
600000,32,527045.0,199638,9969.66,72955,527045
800000,32,702653.0,266360,13273.36,97347,702653
1000000,32,878500.0,333025,16604.31,121500,878500
2,33,2.0,2,0.01,0,2
3,33,2.0,3,0.1,1,2
100,33,90.0,40,1.73,10,90
200,33,170.0,76,3.53,30,170
2000,33,1764.0,677,30.47,236,1764
10000,33,8761.0,3570,167.79,1239,8761
20000,33,17551.0,6924,341.16,2449,17551
40000,33,35092.0,13690,675.95,4908,35092
60000,33,52647.0,20366,1008.94,7353,52647
80000,33,70213.0,27048,1341.6,9787,70213
100000,33,87769.0,33711,1673.45,12231,87769
200000,33,175552.0,67003,3335.53,24448,175552
400000,33,351176.0,133729,6670.66,48824,351176
600000,33,526875.0,200404,9987.17,73125,526875
800000,33,702432.0,267344,13335.07,97568,702432
1000000,33,878199.0,334331,16677.17,121801,878199
2,34,2.0,2,0.1,0,2
3,34,3.0,2,0.1,0,3
100,34,88.0,44,1.3,12,88
200,34,178.0,81,3.01,22,178
2000,34,1752.0,1019,32.72,248,1752
10000,34,8785.0,3725,165.5,1215,8785
20000,34,17541.0,7042,331.58,2459,17541
40000,34,35124.0,13783,673.0,4876,35124
60000,34,52651.0,20566,1011.38,7349,52651
80000,34,70179.0,27177,1348.19,9821,70179
100000,34,87702.0,33833,1681.71,12298,87702
200000,34,175729.0,67299,3346.46,24271,175729
400000,34,351401.0,133964,6672.64,48599,351401
600000,34,527230.0,200535,10021.12,72770,527230
800000,34,702816.0,266830,13327.1,97184,702816
1000000,34,878509.0,333621,16686.04,121491,878509
2,35,2.0,2,0.01,0,2
3,35,3.0,2,0.01,0,3
100,35,87.0,47,2.48,13,87
200,35,175.0,82,4.55,25,175
2000,35,1738.0,691,33.6,262,1738
10000,35,8732.0,3381,166.93,1268,8732
20000,35,17515.0,6761,336.39,2485,17515
40000,35,35153.0,13558,670.25,4847,35153
60000,35,52709.0,20185,1001.92,7291,52709
80000,35,70211.0,26841,1337.42,9789,70211
100000,35,87831.0,33456,1667.67,12169,87831
200000,35,175571.0,66863,3350.31,24429,175571
400000,35,351276.0,133668,6689.88,48724,351276
600000,35,527010.0,200240,10015.78,72990,527010
800000,35,702793.0,266738,13329.16,97207,702793
1000000,35,878567.0,333268,16647.74,121433,878567
2,36,1.0,2,0.01,1,1
3,36,2.0,3,0.02,1,2
100,36,89.0,65,1.58,11,89
200,36,178.0,104,3.4,22,178
2000,36,1763.0,708,33.06,237,1763
10000,36,8814.0,5374,171.14,1186,8814
20000,36,17589.0,12631,359.25,2411,17589
40000,36,35213.0,19402,695.69,4787,35213
60000,36,52856.0,26028,1025.73,7144,52856
80000,36,70402.0,32779,1363.24,9598,70402
100000,36,87994.0,39572,1697.98,12006,87994
200000,36,175791.0,73071,3364.88,24209,175791
400000,36,351400.0,139442,6704.08,48600,351400
600000,36,526942.0,206083,10041.12,73058,526942
800000,36,702443.0,272880,13380.3,97557,702443
1000000,36,877877.0,339596,16735.27,122123,877877
2,37,2.0,2,0.01,0,2
3,37,3.0,3,0.02,0,3
100,37,84.0,39,1.9,16,84
200,37,170.0,75,3.7,30,170
2000,37,1752.0,663,32.29,248,1752
10000,37,8756.0,4542,171.48,1244,8756
20000,37,17556.0,11784,354.39,2444,17556
40000,37,35054.0,28376,731.56,4946,35054
60000,37,52599.0,45099,1127.21,7401,52599
80000,37,70141.0,52952,1467.34,9859,70141
100000,37,87779.0,59675,1802.64,12221,87779
200000,37,175629.0,92713,3463.54,24371,175629
400000,37,351593.0,159136,6795.35,48407,351593
600000,37,527129.0,226395,10140.61,72871,527129
800000,37,702618.0,293106,13494.21,97382,702618
1000000,37,878041.0,360426,16869.03,121959,878041
2,38,2.0,2,0.01,0,2
3,38,2.0,3,0.1,1,2
100,38,88.0,87,2.68,12,88
200,38,174.0,120,3.84,26,174
2000,38,1754.0,1098,36.45,246,1754
10000,38,8828.0,7633,185.76,1172,8828
20000,38,17617.0,15965,375.29,2383,17617
40000,38,35154.0,30876,746.67,4846,35154
60000,38,52696.0,39226,1089.47,7304,52696
80000,38,70261.0,46008,1420.83,9739,70261
100000,38,87859.0,52689,1759.52,12141,87859
200000,38,175688.0,85995,3424.46,24312,175688
400000,38,351395.0,152478,6751.17,48605,351395
600000,38,526996.0,219259,10101.6,73004,526996
800000,38,702709.0,285457,13430.4,97291,702709
1000000,38,878260.0,351901,16760.79,121740,878260
2,39,2.0,2,0.01,0,2
3,39,3.0,3,0.02,0,3
100,39,94.0,36,1.62,6,94
200,39,186.0,62,3.1,14,186
2000,39,1783.0,889,31.35,217,1783
10000,39,8743.0,3508,164.24,1257,8743
20000,39,17485.0,6816,328.11,2515,17485
40000,39,35062.0,13522,662.15,4938,35062
60000,39,52571.0,20177,995.76,7429,52571
80000,39,70132.0,26888,1319.74,9868,70132
100000,39,87729.0,33538,1657.82,12271,87729
200000,39,175462.0,66827,3327.36,24538,175462
400000,39,351117.0,133758,6687.18,48883,351117
600000,39,526707.0,200137,10026.69,73293,526707
800000,39,702550.0,266861,13337.6,97450,702550
1000000,39,878141.0,333515,16649.69,121859,878141
2,40,1.0,1,0.01,1,1
3,40,2.0,1,0.01,1,2
100,40,90.0,38,1.81,10,90
200,40,181.0,72,3.6,19,181
2000,40,1773.0,780,33.15,227,1773
10000,40,8784.0,3430,168.89,1216,8784
20000,40,17529.0,7530,342.03,2471,17529
40000,40,34993.0,18127,696.7,5007,34993
60000,40,52548.0,25127,1028.16,7452,52548
80000,40,70117.0,31752,1361.97,9883,70117
100000,40,87702.0,38390,1690.18,12298,87702
200000,40,175649.0,71775,3354.17,24351,175649
400000,40,351229.0,138713,6693.96,48771,351229
600000,40,526717.0,205419,10021.24,73283,526717
800000,40,702436.0,272079,13373.95,97564,702436
1000000,40,877917.0,338600,16714.36,122083,877917
2,41,2.0,2,0.01,0,2
3,41,3.0,3,0.02,0,3
100,41,83.0,59,3.53,17,83
200,41,173.0,85,4.47,27,173
2000,41,1769.0,943,38.38,231,1769
10000,41,8760.0,4900,182.27,1240,8760
20000,41,17513.0,9103,356.29,2487,17513
40000,41,35151.0,15764,680.92,4849,35151
60000,41,52729.0,22557,1027.19,7271,52729
80000,41,70304.0,29335,1363.03,9696,70304
100000,41,87956.0,36006,1694.91,12044,87956
200000,41,175832.0,69157,3358.54,24168,175832
400000,41,351583.0,135757,6688.63,48417,351583
600000,41,527506.0,202417,10025.76,72494,527506
800000,41,703169.0,269091,13372.33,96831,703169
1000000,41,878947.0,335483,16693.91,121053,878947
2,42,2.0,2,0.01,0,2
3,42,3.0,3,0.02,0,3
100,42,91.0,49,1.77,9,91
200,42,174.0,88,3.5,26,174
2000,42,1748.0,689,33.14,252,1748
10000,42,8761.0,3346,168.56,1239,8761
20000,42,17517.0,6646,335.54,2483,17517
40000,42,35100.0,13114,659.75,4900,35100
60000,42,52701.0,20341,992.08,7299,52701
80000,42,70228.0,27203,1328.79,9772,70228
100000,42,87866.0,33852,1663.62,12134,87866
200000,42,175725.0,67272,3329.04,24275,175725
400000,42,351386.0,134043,6651.53,48614,351386
600000,42,527208.0,200624,9976.39,72792,527208
800000,42,703011.0,267585,13332.04,96989,703011
1000000,42,878771.0,334032,16650.21,121229,878771
2,43,2.0,2,0.1,0,2
3,43,3.0,3,0.1,0,3
100,43,91.0,69,2.86,9,91
200,43,176.0,140,5.02,24,176
2000,43,1775.0,1627,37.83,225,1775
10000,43,8818.0,7568,190.03,1182,8818
20000,43,17606.0,11715,364.76,2394,17606
40000,43,35107.0,18922,700.67,4893,35107
60000,43,52663.0,33024,1070.25,7337,52663
80000,43,70200.0,42922,1424.3,9800,70200
100000,43,87708.0,49658,1767.58,12292,87708
200000,43,175689.0,82763,3418.83,24311,175689
400000,43,351488.0,149258,6759.55,48512,351488
600000,43,527143.0,216062,10071.49,72857,527143
800000,43,702738.0,282800,13421.35,97262,702738
1000000,43,878402.0,349298,16749.76,121598,878402
2,44,1.0,2,0.19,1,1
3,44,2.0,3,0.28,1,2
100,44,85.0,38,2.26,15,85
200,44,173.0,71,3.86,27,173
2000,44,1755.0,1222,36.26,245,1755
10000,44,8733.0,7756,189.8,1267,8733
20000,44,17498.0,12023,359.99,2502,17498
40000,44,35091.0,18779,698.16,4909,35091
60000,44,52635.0,25468,1032.92,7365,52635
80000,44,70216.0,32164,1362.5,9784,70216
100000,44,87841.0,38891,1701.51,12159,87841
200000,44,175636.0,72413,3385.08,24364,175636
400000,44,351395.0,139154,6736.21,48605,351395
600000,44,526918.0,205803,10058.89,73082,526918
800000,44,702670.0,272552,13393.15,97330,702670
1000000,44,878303.0,339146,16701.97,121697,878303
2,45,2.0,2,0.01,0,2
3,45,3.0,3,0.1,0,3
100,45,86.0,69,1.78,14,86
200,45,177.0,151,3.36,23,177
2000,45,1745.0,1623,37.36,255,1745
10000,45,8791.0,8224,194.75,1209,8791
20000,45,17539.0,14577,378.79,2461,17539
40000,45,35077.0,21341,711.6,4923,35077
60000,45,52613.0,27953,1044.45,7387,52613
80000,45,70199.0,34502,1367.98,9801,70199
100000,45,87793.0,41123,1698.27,12207,87793
200000,45,175477.0,74424,3359.49,24523,175477
400000,45,351158.0,141058,6696.05,48842,351158
600000,45,526828.0,208085,10043.48,73172,526828
800000,45,702572.0,274724,13362.61,97428,702572
1000000,45,877991.0,341561,16683.44,122009,877991
2,46,1.0,0,0.0,1,1
3,46,2.0,1,0.01,1,2
100,46,88.0,77,2.09,12,88
200,46,182.0,169,4.8,18,182
2000,46,1748.0,822,35.52,252,1748
10000,46,8783.0,3474,166.32,1217,8783
20000,46,17564.0,7223,334.74,2436,17564
40000,46,35116.0,13862,662.86,4884,35116
60000,46,52670.0,20522,1001.26,7330,52670
80000,46,70292.0,27196,1333.79,9708,70292
100000,46,87869.0,33905,1677.12,12131,87869
200000,46,175862.0,67442,3344.65,24138,175862
400000,46,351626.0,133987,6670.6,48374,351626
600000,46,527491.0,200798,9997.15,72509,527491
800000,46,703281.0,267054,13316.25,96719,703281
1000000,46,878847.0,333707,16648.85,121153,878847
2,47,1.0,2,0.1,1,1
3,47,1.0,3,0.19,2,1
100,47,89.0,88,2.42,11,89
200,47,177.0,170,4.36,23,177
2000,47,1744.0,1676,41.5,256,1744
10000,47,8778.0,6516,188.1,1222,8778
20000,47,17595.0,9820,354.11,2405,17595
40000,47,35247.0,16398,687.87,4753,35247
60000,47,52822.0,23132,1030.87,7178,52822
80000,47,70315.0,29826,1366.74,9685,70315
100000,47,87908.0,36518,1707.19,12092,87908
200000,47,175651.0,69865,3363.79,24349,175651
400000,47,351229.0,136592,6727.45,48771,351229
600000,47,527109.0,203167,10038.6,72891,527109
800000,47,702837.0,269465,13371.68,97163,702837
1000000,47,878287.0,336067,16716.36,121713,878287
2,48,2.0,0,0.0,0,2
3,48,3.0,0,0.0,0,3
100,48,92.0,38,1.36,8,92
200,48,183.0,62,2.65,17,183
2000,48,1758.0,751,33.0,242,1758
10000,48,8773.0,5053,179.07,1227,8773
20000,48,17499.0,8391,349.85,2501,17499
40000,48,35081.0,15041,678.48,4919,35081
60000,48,52636.0,21703,1009.42,7364,52636
80000,48,70131.0,28420,1346.48,9869,70131
100000,48,87719.0,35138,1679.14,12281,87719
200000,48,175589.0,68217,3337.19,24411,175589
400000,48,351179.0,134921,6682.29,48821,351179
600000,48,527031.0,201628,10009.04,72969,527031
800000,48,702679.0,268482,13316.01,97321,702679
1000000,48,878446.0,335582,16691.98,121554,878446
2,49,2.0,2,0.01,0,2
3,49,3.0,3,0.02,0,3
100,49,92.0,70,1.25,8,92
200,49,184.0,155,3.38,16,184
2000,49,1762.0,1340,36.4,238,1762
10000,49,8778.0,5361,176.56,1222,8778
20000,49,17600.0,9017,342.54,2400,17600
40000,49,35193.0,15584,667.69,4807,35193
60000,49,52802.0,22204,999.77,7198,52802
80000,49,70385.0,28944,1336.77,9615,70385
100000,49,88031.0,35706,1674.87,11969,88031
200000,49,175904.0,69002,3337.69,24096,175904
400000,49,351362.0,135587,6686.7,48638,351362
600000,49,527190.0,202497,10018.69,72810,527190
800000,49,703078.0,269115,13362.37,96922,703078
1000000,49,878887.0,335726,16678.57,121113,878887
2,50,2.0,2,0.01,0,2
3,50,3.0,3,0.02,0,3
100,50,87.0,64,2.21,13,87
200,50,178.0,97,3.81,22,178
2000,50,1755.0,829,32.49,245,1755
10000,50,8779.0,3520,167.0,1221,8779
20000,50,17500.0,6917,335.55,2500,17500
40000,50,35073.0,13665,671.33,4927,35073
60000,50,52614.0,20375,1001.34,7386,52614
80000,50,70280.0,26950,1326.44,9720,70280
100000,50,87959.0,33618,1663.71,12041,87959
200000,50,175878.0,67284,3353.67,24122,175878
400000,50,351364.0,134112,6691.83,48636,351364
600000,50,527011.0,200637,9993.1,72989,527011
800000,50,702599.0,267378,13332.54,97401,702599
1000000,50,878176.0,333924,16660.56,121824,878176
2,51,1.0,1,0.01,1,1
3,51,1.0,2,0.01,2,1
100,51,85.0,42,2.28,15,85
200,51,170.0,72,3.6,30,170
2000,51,1758.0,920,34.75,242,1758
10000,51,8725.0,4235,172.1,1275,8725
20000,51,17496.0,7921,344.17,2504,17496
40000,51,35068.0,14581,680.95,4932,35068
60000,51,52682.0,21264,1008.57,7318,52682
80000,51,70234.0,28017,1342.22,9766,70234
100000,51,87864.0,34729,1677.73,12136,87864
200000,51,175774.0,68067,3354.26,24226,175774
400000,51,351541.0,134540,6676.51,48459,351541
600000,51,526978.0,201223,10014.21,73022,526978
800000,51,702724.0,267737,13328.03,97276,702724
1000000,51,878382.0,334283,16648.22,121618,878382
2,52,1.0,1,0.01,1,1
3,52,2.0,2,0.01,1,2
100,52,86.0,51,1.33,14,86
200,52,167.0,129,3.07,33,167
2000,52,1745.0,1540,37.94,255,1745
10000,52,8755.0,4341,172.45,1245,8755
20000,52,17550.0,7721,340.47,2450,17550
40000,52,35056.0,14361,676.16,4944,35056
60000,52,52646.0,20983,1005.46,7354,52646
80000,52,70198.0,27665,1339.56,9802,70198
100000,52,87720.0,34473,1675.1,12280,87720
200000,52,175386.0,67940,3354.61,24614,175386
400000,52,350784.0,134692,6689.87,49216,350784
600000,52,526618.0,201227,10024.94,73382,526618
800000,52,702363.0,268262,13372.06,97637,702363
1000000,52,877970.0,334959,16709.11,122030,877970
2,53,2.0,1,0.01,0,2
3,53,3.0,2,0.01,0,3
100,53,88.0,60,2.1,12,88
200,53,172.0,103,3.75,28,172
2000,53,1749.0,705,33.94,251,1749
10000,53,8754.0,3982,168.23,1246,8754
20000,53,17503.0,7895,335.76,2497,17503
40000,53,35108.0,14522,669.85,4892,35108
60000,53,52719.0,21176,1003.54,7281,52719
80000,53,70201.0,27741,1332.2,9799,70201
100000,53,87829.0,34357,1662.1,12171,87829
200000,53,175608.0,67786,3333.23,24392,175608
400000,53,351440.0,134728,6684.38,48560,351440
600000,53,527243.0,201314,10030.06,72757,527243
800000,53,702744.0,267983,13358.06,97256,702744
1000000,53,878312.0,334688,16695.34,121688,878312
2,54,2.0,2,0.1,0,2
3,54,3.0,3,0.1,0,3
100,54,87.0,84,2.04,13,87
200,54,177.0,165,3.7,23,177
2000,54,1740.0,901,33.48,260,1740
10000,54,8777.0,3580,168.2,1223,8777
20000,54,17553.0,6905,331.98,2447,17553
40000,54,35065.0,13613,661.71,4935,35065
60000,54,52534.0,20348,995.71,7466,52534
80000,54,70111.0,27022,1328.87,9889,70111
100000,54,87642.0,33619,1655.71,12358,87642
200000,54,175435.0,67088,3333.16,24565,175435
400000,54,351142.0,133720,6656.66,48858,351142
600000,54,526642.0,200213,9970.91,73358,526642
800000,54,702512.0,267015,13290.85,97488,702512
1000000,54,878162.0,333311,16608.62,121838,878162
2,55,2.0,2,0.19,0,2
3,55,3.0,3,0.19,0,3
100,55,92.0,79,2.46,8,92
200,55,181.0,108,3.42,19,181
2000,55,1794.0,851,33.5,206,1794
10000,55,8841.0,3519,164.83,1159,8841
20000,55,17592.0,6890,336.49,2408,17592
40000,55,35103.0,13895,665.55,4897,35103
60000,55,52671.0,20547,996.08,7329,52671
80000,55,70207.0,27168,1330.41,9793,70207
100000,55,87836.0,33801,1664.36,12164,87836
200000,55,175883.0,67118,3332.77,24117,175883
400000,55,351494.0,133712,6652.57,48506,351494
600000,55,527216.0,200535,9997.09,72784,527216
800000,55,702751.0,267406,13355.18,97249,702751
1000000,55,878358.0,334124,16700.35,121642,878358
2,56,2.0,2,0.01,0,2
3,56,3.0,3,0.02,0,3
100,56,90.0,74,1.99,10,90
200,56,183.0,112,3.98,17,183
2000,56,1776.0,757,36.63,224,1776
10000,56,8804.0,3484,172.04,1196,8804
20000,56,17573.0,6812,333.85,2427,17573
40000,56,34992.0,13455,663.17,5008,34992
60000,56,52623.0,20079,988.7,7377,52623
80000,56,70155.0,27245,1330.26,9845,70155
100000,56,87651.0,38112,1687.17,12349,87651
200000,56,175401.0,75562,3371.03,24599,175401
400000,56,351139.0,142164,6709.5,48861,351139
600000,56,526662.0,208877,10050.59,73338,526662
800000,56,702426.0,275397,13374.16,97574,702426
1000000,56,878070.0,342046,16709.72,121930,878070
2,57,2.0,1,0.01,0,2
3,57,3.0,2,0.01,0,3
100,57,91.0,33,1.78,9,91
200,57,177.0,62,3.19,23,177
2000,57,1761.0,661,32.46,239,1761
10000,57,8793.0,3346,162.53,1207,8793
20000,57,17604.0,6650,329.17,2396,17604
40000,57,35058.0,13355,661.05,4942,35058
60000,57,52585.0,20057,993.99,7415,52585
80000,57,70100.0,26703,1324.22,9900,70100
100000,57,87647.0,33367,1655.26,12353,87647
200000,57,175477.0,66970,3337.25,24523,175477
400000,57,351197.0,133808,6699.49,48803,351197
600000,57,526784.0,200754,10042.02,73216,526784
800000,57,702278.0,267568,13377.32,97722,702278
1000000,57,878103.0,334070,16698.73,121897,878103
2,58,2.0,2,0.1,0,2
3,58,3.0,3,0.1,0,3
100,58,85.0,35,1.7,15,85
200,58,177.0,69,3.31,23,177
2000,58,1783.0,676,33.53,217,1783
10000,58,8873.0,3573,164.29,1127,8873
20000,58,17623.0,7006,335.36,2377,17623
40000,58,35152.0,14121,666.68,4848,35152
60000,58,52726.0,20888,1004.53,7274,52726
80000,58,70298.0,27534,1337.82,9702,70298
100000,58,87817.0,34137,1677.83,12183,87817
200000,58,175750.0,67406,3345.73,24250,175750
400000,58,351399.0,133737,6684.65,48601,351399
600000,58,527029.0,200328,10004.88,72971,527029
800000,58,702878.0,266868,13326.3,97122,702878
1000000,58,878670.0,333548,16662.73,121330,878670
2,59,1.0,2,0.1,1,1
3,59,2.0,3,0.1,1,2
100,59,90.0,87,2.14,10,90
200,59,179.0,172,3.47,21,179
2000,59,1736.0,1634,38.68,264,1736
10000,59,8725.0,6837,185.02,1275,8725
20000,59,17448.0,10167,351.35,2552,17448
40000,59,34995.0,16898,691.18,5005,34995
60000,59,52557.0,23654,1029.43,7443,52557
80000,59,70185.0,30257,1357.92,9815,70185
100000,59,87776.0,36911,1688.28,12224,87776
200000,59,175550.0,70180,3369.14,24450,175550
400000,59,351116.0,136521,6705.41,48884,351116
600000,59,526796.0,203669,10076.21,73204,526796
800000,59,702551.0,270235,13409.01,97449,702551
1000000,59,878378.0,337221,16765.6,121622,878378
2,60,0.0,2,0.1,2,0
3,60,1.0,3,0.19,2,1
100,60,84.0,38,2.08,16,84
200,60,168.0,80,4.09,32,168
2000,60,1747.0,1166,35.98,253,1747
10000,60,8732.0,5455,176.31,1268,8732
20000,60,17469.0,8770,342.29,2531,17469
40000,60,35071.0,15473,672.18,4929,35071
60000,60,52673.0,22086,994.32,7327,52673
80000,60,70258.0,28878,1340.4,9742,70258
100000,60,87928.0,35525,1668.75,12072,87928
200000,60,175817.0,68982,3342.18,24183,175817
400000,60,351455.0,135488,6674.41,48545,351455
600000,60,527013.0,201939,10007.17,72987,527013
800000,60,702645.0,268699,13334.46,97355,702645
1000000,60,878463.0,335304,16639.2,121537,878463
2,61,1.0,1,0.01,1,1
3,61,2.0,2,0.01,1,2
100,61,92.0,79,2.19,8,92
200,61,177.0,135,4.18,23,177
2000,61,1759.0,805,33.99,241,1759
10000,61,8804.0,5018,173.05,1196,8804
20000,61,17566.0,13309,363.63,2434,17566
40000,61,35147.0,29980,739.85,4853,35147
60000,61,52676.0,46667,1124.52,7324,52676
80000,61,70201.0,63221,1496.19,9799,70201
100000,61,87756.0,72513,1841.63,12244,87756
200000,61,175514.0,105746,3503.5,24486,175514
400000,61,351259.0,172385,6839.19,48741,351259
600000,61,526923.0,239120,10195.15,73077,526923
800000,61,702703.0,305823,13537.81,97297,702703
1000000,61,878489.0,372356,16867.57,121511,878489
2,62,2.0,2,0.01,0,2
3,62,3.0,3,0.02,0,3
100,62,89.0,42,1.92,11,89
200,62,175.0,72,3.6,25,175
2000,62,1776.0,814,34.13,224,1776
10000,62,8819.0,3456,161.82,1181,8819
20000,62,17550.0,6733,327.97,2450,17550
40000,62,35065.0,13623,669.32,4935,35065
60000,62,52637.0,20177,997.38,7363,52637
80000,62,70198.0,26740,1326.38,9802,70198
100000,62,87753.0,33348,1655.88,12247,87753
200000,62,175594.0,66610,3316.28,24406,175594
400000,62,351160.0,133283,6638.37,48840,351160
600000,62,526863.0,200006,9973.84,73137,526863
800000,62,702482.0,266568,13313.82,97518,702482
1000000,62,878301.0,333365,16630.76,121699,878301
2,63,2.0,0,0.0,0,2
3,63,2.0,0,0.0,1,2
100,63,87.0,83,2.3,13,87
200,63,174.0,163,4.14,26,174
2000,63,1742.0,1658,39.88,258,1742
10000,63,8789.0,4415,175.79,1211,8789
20000,63,17533.0,7910,344.83,2467,17533
40000,63,35053.0,15580,687.38,4947,35053
60000,63,52591.0,22194,1023.12,7409,52591
80000,63,70158.0,28918,1358.15,9842,70158
100000,63,87712.0,35611,1694.29,12288,87712
200000,63,175728.0,68821,3352.09,24272,175728
400000,63,351395.0,135428,6667.0,48605,351395
600000,63,526921.0,202488,10015.68,73079,526921
800000,63,702687.0,269181,13363.33,97313,702687
1000000,63,878265.0,335872,16680.29,121735,878265
2,64,2.0,2,0.01,0,2
3,64,3.0,3,0.02,0,3
100,64,86.0,33,1.69,14,86
200,64,171.0,67,3.39,29,171
2000,64,1761.0,652,34.22,239,1761
10000,64,8719.0,3422,163.45,1281,8719
20000,64,17452.0,6787,334.27,2548,17452
40000,64,34995.0,13550,666.16,5005,34995
60000,64,52601.0,20136,995.19,7399,52601
80000,64,70091.0,26860,1330.58,9909,70091
100000,64,87680.0,33606,1671.03,12320,87680
200000,64,175375.0,67283,3356.01,24625,175375
400000,64,350927.0,134133,6694.91,49073,350927
600000,64,526753.0,200687,10024.76,73247,526753
800000,64,702239.0,267257,13325.45,97761,702239
1000000,64,877958.0,333966,16666.44,122042,877958
2,65,2.0,2,0.1,0,2
3,65,3.0,3,0.1,0,3
100,65,86.0,31,1.5,14,86
200,65,174.0,71,3.86,26,174
2000,65,1775.0,685,35.55,225,1775
10000,65,8835.0,3595,168.0,1165,8835
20000,65,17604.0,6920,333.13,2396,17604
40000,65,35181.0,13586,668.32,4819,35181
60000,65,52739.0,20278,1001.57,7261,52739
80000,65,70302.0,26950,1339.94,9698,70302
100000,65,87930.0,33640,1674.26,12070,87930
200000,65,175919.0,67099,3362.38,24081,175919
400000,65,351537.0,133680,6684.72,48463,351537
600000,65,527096.0,200300,10020.85,72904,527096
800000,65,702817.0,266862,13340.67,97183,702817
1000000,65,878513.0,333531,16676.86,121487,878513
2,66,2.0,2,0.01,0,2
3,66,2.0,3,0.02,1,2
100,66,89.0,44,2.02,11,89
200,66,173.0,109,3.96,27,173
2000,66,1750.0,825,31.75,250,1750
10000,66,8751.0,3477,167.86,1249,8751
20000,66,17547.0,6808,335.45,2453,17547
40000,66,35101.0,13461,671.03,4899,35101
60000,66,52673.0,20042,1005.07,7327,52673
80000,66,70256.0,26756,1341.31,9744,70256
100000,66,87797.0,33485,1683.66,12203,87797
200000,66,175572.0,66861,3353.63,24428,175572
400000,66,350987.0,133682,6716.5,49013,350987
600000,66,526788.0,199803,10017.1,73212,526788
800000,66,702607.0,266640,13363.23,97393,702607
1000000,66,878324.0,333365,16697.81,121676,878324
2,67,2.0,2,0.01,0,2
3,67,3.0,2,0.01,0,3
100,67,95.0,63,2.38,5,95
200,67,189.0,134,4.27,11,189
2000,67,1781.0,1044,33.75,219,1781
10000,67,8771.0,3743,166.04,1229,8771
20000,67,17559.0,11443,357.81,2441,17559
40000,67,35128.0,19512,692.28,4872,35128
60000,67,52745.0,26023,1020.94,7255,52745
80000,67,70322.0,32611,1351.6,9678,70322
100000,67,87902.0,39273,1681.73,12098,87902
200000,67,175531.0,72648,3347.37,24469,175531
400000,67,351223.0,139043,6656.01,48777,351223
600000,67,526979.0,205615,9995.04,73021,526979
800000,67,702521.0,272313,13314.73,97479,702521
1000000,67,878124.0,338808,16613.34,121876,878124
2,68,2.0,2,0.01,0,2
3,68,3.0,2,0.01,0,3
100,68,87.0,43,2.01,13,87
200,68,173.0,98,4.36,27,173
2000,68,1767.0,1285,38.28,233,1767
10000,68,8833.0,4148,175.09,1167,8833
20000,68,17610.0,11053,359.37,2390,17610
40000,68,35205.0,26901,736.97,4795,35205
60000,68,52902.0,33525,1065.47,7098,52902
80000,68,70566.0,40227,1401.92,9434,70566
100000,68,88197.0,46955,1737.78,11803,88197
200000,68,176154.0,80480,3410.83,23846,176154
400000,68,351729.0,146642,6716.41,48271,351729
600000,68,527225.0,213466,10047.44,72775,527225
800000,68,703070.0,280131,13378.48,96930,703070
1000000,68,878681.0,346752,16700.13,121319,878681
2,69,2.0,2,0.01,0,2
3,69,3.0,3,0.02,0,3
100,69,87.0,48,2.13,13,87
200,69,171.0,102,5.64,29,171
2000,69,1767.0,1080,37.44,233,1767
10000,69,8778.0,7300,193.01,1222,8778
20000,69,17551.0,13091,367.04,2449,17551
40000,69,35125.0,19675,699.04,4875,35125
60000,69,52725.0,26314,1032.92,7275,52725
80000,69,70283.0,33035,1374.78,9717,70283
100000,69,87777.0,39733,1714.45,12223,87777
200000,69,175471.0,73134,3392.64,24529,175471
400000,69,351304.0,140245,6762.46,48696,351304
600000,69,526980.0,207400,10122.77,73020,526980
800000,69,702337.0,274369,13490.52,97663,702337
1000000,69,877864.0,341128,16812.23,122136,877864
2,70,2.0,0,0.0,0,2
3,70,3.0,0,0.0,0,3
100,70,86.0,38,1.9,14,86
200,70,175.0,86,3.76,25,175
2000,70,1764.0,984,34.89,236,1764
10000,70,8788.0,4423,171.78,1212,8788
20000,70,17595.0,7901,337.59,2405,17595
40000,70,35258.0,14470,662.12,4742,35258
60000,70,52827.0,21206,998.92,7173,52827
80000,70,70416.0,27775,1331.92,9584,70416
100000,70,88004.0,34685,1674.27,11996,88004
200000,70,175907.0,67802,3342.94,24093,175907
400000,70,351441.0,134446,6685.94,48559,351441
600000,70,527252.0,200440,9976.46,72748,527252
800000,70,702637.0,266839,13299.33,97363,702637
1000000,70,878113.0,333250,16612.64,121887,878113
2,71,2.0,2,0.01,0,2
3,71,3.0,3,0.02,0,3
100,71,92.0,90,1.62,8,92
200,71,185.0,175,3.66,15,185
2000,71,1761.0,1637,38.15,239,1761
10000,71,8748.0,8197,194.52,1252,8748
20000,71,17495.0,16575,388.87,2505,17495
40000,71,35035.0,32828,761.38,4965,35035
60000,71,52571.0,39641,1094.16,7429,52571
80000,71,70123.0,46413,1430.51,9877,70123
100000,71,87737.0,53066,1769.95,12263,87737
200000,71,175573.0,86449,3454.54,24427,175573
400000,71,351497.0,153024,6791.79,48503,351497
600000,71,527155.0,219722,10095.91,72845,527155
800000,71,703250.0,286002,13415.76,96750,703250
1000000,71,878880.0,352857,16760.89,121120,878880
2,72,1.0,2,0.01,1,1
3,72,2.0,3,0.02,1,2
100,72,89.0,37,1.26,11,89
200,72,179.0,62,2.56,21,179
2000,72,1740.0,691,34.05,260,1740
10000,72,8711.0,3338,167.17,1289,8711
20000,72,17470.0,6647,331.77,2530,17470
40000,72,34950.0,13385,666.69,5050,34950
60000,72,52464.0,20091,1003.25,7536,52464
80000,72,69965.0,26726,1333.69,10035,69965
100000,72,87515.0,33371,1666.8,12485,87515
200000,72,175414.0,66649,3332.5,24586,175414
400000,72,351312.0,133357,6671.32,48688,351312
600000,72,526792.0,200116,10010.75,73208,526792
800000,72,702419.0,267022,13373.24,97581,702419
1000000,72,877894.0,333514,16696.4,122106,877894
2,73,1.0,1,0.01,1,1
3,73,2.0,1,0.01,1,2
100,73,91.0,78,1.74,9,91
200,73,175.0,160,3.68,25,175
2000,73,1758.0,1674,39.15,242,1758
10000,73,8758.0,5741,178.01,1242,8758
20000,73,17557.0,9076,344.0,2443,17557
40000,73,35103.0,15695,673.56,4897,35103
60000,73,52638.0,22408,1010.87,7362,52638
80000,73,70289.0,29037,1339.4,9711,70289
100000,73,87837.0,35635,1669.66,12163,87837
200000,73,175738.0,68738,3335.11,24262,175738
400000,73,351341.0,135356,6673.03,48659,351341
600000,73,527170.0,201686,10005.28,72830,527170
800000,73,702854.0,268238,13343.86,97146,702854
1000000,73,878452.0,334851,16661.95,121548,878452
2,74,2.0,2,0.19,0,2
3,74,2.0,3,0.28,1,2
100,74,86.0,65,2.84,14,86
200,74,167.0,105,4.66,33,167
2000,74,1759.0,692,32.8,241,1759
10000,74,8753.0,5791,180.06,1247,8753
20000,74,17535.0,9451,353.53,2465,17535
40000,74,35049.0,16148,692.56,4951,35049
60000,74,52630.0,22865,1031.52,7370,52630
80000,74,70172.0,29526,1367.22,9828,70172
100000,74,87860.0,36215,1704.33,12140,87860
200000,74,175727.0,69588,3355.92,24273,175727
400000,74,351383.0,136141,6682.9,48617,351383
600000,74,527105.0,202359,9989.92,72895,527105
800000,74,702756.0,268921,13295.07,97244,702756
1000000,74,878210.0,335687,16633.73,121790,878210
2,75,2.0,0,0.0,0,2
3,75,3.0,0,0.0,0,3
100,75,84.0,40,2.0,16,84
200,75,177.0,68,3.31,23,177
2000,75,1752.0,682,34.28,248,1752
10000,75,8705.0,3364,171.53,1295,8705
20000,75,17472.0,6724,343.76,2528,17472
40000,75,34992.0,13400,677.38,5008,34992
60000,75,52485.0,20011,1011.58,7515,52485
80000,75,70095.0,26747,1340.91,9905,70095
100000,75,87640.0,35409,1688.33,12360,87640
200000,75,175326.0,68907,3368.9,24674,175326
400000,75,350938.0,135900,6707.88,49062,350938
600000,75,526706.0,202429,10051.92,73294,526706
800000,75,702510.0,269185,13389.72,97490,702510
1000000,75,878359.0,335761,16719.87,121641,878359
2,76,2.0,2,0.01,0,2
3,76,3.0,3,0.02,0,3
100,76,87.0,76,1.91,13,87
200,76,174.0,159,3.94,26,174
2000,76,1742.0,1660,38.63,258,1742
10000,76,8709.0,8389,190.35,1291,8709
20000,76,17500.0,16508,380.89,2500,17500
40000,76,35101.0,23230,722.03,4899,35101
60000,76,52656.0,29946,1050.0,7344,52656
80000,76,70264.0,36617,1376.58,9736,70264
100000,76,87892.0,43193,1710.15,12108,87892
200000,76,175773.0,76318,3362.3,24227,175773
400000,76,351455.0,142722,6696.36,48545,351455
600000,76,526999.0,209193,10007.71,73001,526999
800000,76,702545.0,275980,13340.18,97455,702545
1000000,76,878528.0,342544,16674.32,121472,878528
2,77,1.0,0,0.0,1,1
3,77,2.0,1,0.01,1,2
100,77,87.0,79,1.92,13,87
200,77,175.0,167,3.8,25,175
2000,77,1736.0,1683,40.81,264,1736
10000,77,8749.0,8363,193.1,1251,8749
20000,77,17463.0,16674,379.65,2537,17463
40000,77,34934.0,30218,750.13,5066,34934
60000,77,52545.0,36930,1086.54,7455,52545
80000,77,70100.0,43569,1421.24,9900,70100
100000,77,87680.0,50380,1757.6,12320,87680
200000,77,175606.0,83784,3420.96,24394,175606
400000,77,351129.0,150502,6747.77,48871,351129
600000,77,526907.0,216913,10073.85,73093,526907
800000,77,702469.0,283605,13416.46,97531,702469
1000000,77,878073.0,350371,16757.37,121927,878073
2,78,1.0,2,0.1,1,1
3,78,2.0,3,0.1,1,2
100,78,83.0,46,1.85,17,83
200,78,167.0,77,3.62,33,167
2000,78,1750.0,688,32.24,250,1750
10000,78,8779.0,3567,165.79,1221,8779
20000,78,17521.0,7817,343.29,2479,17521
40000,78,35154.0,14485,675.52,4846,35154
60000,78,52734.0,21047,1001.91,7266,52734
80000,78,70350.0,27717,1337.3,9650,70350
100000,78,87914.0,34309,1660.42,12086,87914
200000,78,175758.0,67422,3311.16,24242,175758
400000,78,351427.0,134034,6644.73,48573,351427
600000,78,527030.0,200414,9973.99,72970,527030
800000,78,702820.0,267129,13332.37,97180,702820
1000000,78,878618.0,333392,16661.86,121382,878618
2,79,2.0,2,0.01,0,2
3,79,3.0,3,0.02,0,3
100,79,85.0,86,1.96,15,85
200,79,176.0,167,3.8,24,176
2000,79,1775.0,954,32.58,225,1775
10000,79,8839.0,3644,173.38,1161,8839
20000,79,17607.0,7012,341.87,2393,17607
40000,79,35134.0,13668,669.81,4866,35134
60000,79,52632.0,20334,1001.94,7368,52632
80000,79,70231.0,26864,1329.43,9769,70231
100000,79,87805.0,33509,1668.3,12195,87805
200000,79,175707.0,66732,3325.8,24293,175707
400000,79,351371.0,133155,6654.02,48629,351371
600000,79,526930.0,199886,9996.37,73070,526930
800000,79,702820.0,266264,13314.1,97180,702820
1000000,79,878757.0,332947,16628.49,121243,878757
2,80,1.0,2,0.01,1,1
3,80,2.0,3,0.02,1,2
100,80,83.0,36,1.98,17,83
200,80,171.0,65,3.56,29,171
2000,80,1759.0,738,34.92,241,1759
10000,80,8816.0,3983,168.59,1184,8816
20000,80,17621.0,7255,334.81,2379,17621
40000,80,35231.0,14868,678.69,4769,35231
60000,80,52825.0,21488,1015.63,7175,52825
80000,80,70442.0,28181,1348.44,9558,70442
100000,80,88026.0,34812,1681.11,11974,88026
200000,80,175789.0,68083,3351.1,24211,175789
400000,80,351294.0,135270,6722.19,48706,351294
600000,80,527043.0,201867,10063.33,72957,527043
800000,80,702952.0,268582,13397.6,97048,702952
1000000,80,878682.0,335326,16739.12,121318,878682
2,81,2.0,2,0.1,0,2
3,81,3.0,3,0.19,0,3
100,81,85.0,80,2.38,15,85
200,81,171.0,169,6.51,29,171
2000,81,1739.0,1693,40.87,261,1739
10000,81,8771.0,7372,190.76,1229,8771
20000,81,17542.0,14509,378.0,2458,17542
40000,81,35128.0,22304,713.89,4872,35128
60000,81,52663.0,28861,1045.3,7337,52663
80000,81,70135.0,35555,1381.53,9865,70135
100000,81,87714.0,42167,1712.85,12286,87714
200000,81,175624.0,75453,3381.56,24376,175624
400000,81,350995.0,141904,6694.88,49005,350995
600000,81,526818.0,208453,10015.53,73182,526818
800000,81,702481.0,274738,13324.61,97519,702481
1000000,81,877761.0,341384,16650.88,122239,877761
2,82,2.0,2,0.01,0,2
3,82,3.0,3,0.02,0,3
100,82,91.0,73,2.43,9,91
200,82,179.0,151,5.34,21,179
2000,82,1732.0,758,33.85,268,1732
10000,82,8766.0,4312,167.63,1234,8766
20000,82,17562.0,7711,331.15,2438,17562
40000,82,35120.0,14347,660.52,4880,35120
60000,82,52780.0,21022,992.51,7220,52780
80000,82,70362.0,27578,1322.2,9638,70362
100000,82,88029.0,34217,1643.67,11971,88029
200000,82,175860.0,67802,3323.95,24140,175860
400000,82,351432.0,134478,6658.92,48568,351432
600000,82,527002.0,200949,9989.71,72998,527002
800000,82,703095.0,267598,13302.68,96905,703095
1000000,82,878735.0,334062,16634.79,121265,878735
2,83,2.0,2,0.01,0,2
3,83,3.0,3,0.1,0,3
100,83,85.0,81,4.45,15,85
200,83,172.0,112,5.78,28,172
2000,83,1770.0,937,36.28,230,1770
10000,83,8759.0,4469,174.8,1241,8759
20000,83,17536.0,7909,338.98,2464,17536
40000,83,35066.0,14674,670.07,4934,35066
60000,83,52615.0,21342,1008.24,7385,52615
80000,83,70203.0,27998,1340.14,9797,70203
100000,83,87804.0,34737,1682.36,12196,87804
200000,83,175590.0,67846,3342.71,24410,175590
400000,83,351216.0,134395,6670.39,48784,351216
600000,83,526824.0,200971,10004.31,73176,526824
800000,83,702458.0,267749,13362.74,97542,702458
1000000,83,878118.0,334096,16689.14,121882,878118
2,84,2.0,0,0.0,0,2
3,84,3.0,0,0.0,0,3
100,84,91.0,32,1.78,9,91
200,84,180.0,74,3.25,20,180
2000,84,1760.0,892,35.69,240,1760
10000,84,8819.0,3608,168.52,1181,8819
20000,84,17592.0,6895,334.9,2408,17592
40000,84,35147.0,13580,669.82,4853,35147
60000,84,52702.0,20273,1007.31,7298,52702
80000,84,70329.0,26945,1340.46,9671,70329
100000,84,87915.0,33631,1673.23,12085,87915
200000,84,175720.0,66802,3336.77,24280,175720
400000,84,351528.0,133338,6660.42,48472,351528
600000,84,527358.0,199836,10000.89,72642,527358
800000,84,702946.0,266513,13330.28,97054,702946
1000000,84,878499.0,333008,16651.93,121501,878499
2,85,2.0,2,0.19,0,2
3,85,3.0,3,0.28,0,3
100,85,90.0,83,2.21,10,90
200,85,180.0,157,3.84,20,180
2000,85,1771.0,1544,36.25,229,1771
10000,85,8800.0,5357,177.71,1200,8800
20000,85,17605.0,8616,340.44,2395,17605
40000,85,35095.0,15352,686.78,4905,35095
60000,85,52669.0,22034,1026.55,7331,52669
80000,85,70284.0,28745,1368.27,9716,70284
100000,85,87837.0,35296,1699.01,12163,87837
200000,85,175608.0,68800,3378.53,24392,175608
400000,85,351309.0,135610,6721.37,48691,351309
600000,85,526984.0,202238,10066.54,73016,526984
800000,85,702625.0,269295,13418.35,97375,702625
1000000,85,878577.0,336233,16763.54,121423,878577
2,86,2.0,2,0.01,0,2
3,86,3.0,3,0.02,0,3
100,86,84.0,75,1.45,16,84
200,86,174.0,157,4.47,26,174
2000,86,1761.0,1660,39.26,239,1761
10000,86,8743.0,8305,194.7,1257,8743
20000,86,17487.0,16644,391.02,2513,17487
40000,86,34943.0,33306,777.0,5057,34943
60000,86,52456.0,48130,1149.38,7544,52456
80000,86,70049.0,58075,1504.39,9951,70049
100000,86,87615.0,64698,1838.64,12385,87615
200000,86,175355.0,98117,3512.16,24645,175355
400000,86,351008.0,164903,6844.98,48992,351008
600000,86,526869.0,231618,10189.23,73131,526869
800000,86,702642.0,298331,13510.52,97358,702642
1000000,86,878480.0,364848,16836.42,121520,878480
2,87,2.0,2,0.01,0,2
3,87,3.0,3,0.02,0,3
100,87,93.0,74,1.99,7,93
200,87,177.0,143,3.77,23,177
2000,87,1740.0,1604,38.89,260,1740
10000,87,8756.0,4666,174.35,1244,8756
20000,87,17593.0,7945,338.8,2407,17593
40000,87,35158.0,14498,661.72,4842,35158
60000,87,52730.0,21206,996.94,7270,52730
80000,87,70340.0,27851,1322.76,9660,70340
100000,87,87863.0,34573,1660.39,12137,87863
200000,87,175651.0,68003,3324.78,24349,175651
400000,87,351196.0,134407,6642.91,48804,351196
600000,87,527005.0,201336,10005.33,72995,527005
800000,87,702291.0,267738,13308.6,97709,702291
1000000,87,877780.0,334566,16644.96,122220,877780
2,88,2.0,2,0.1,0,2
3,88,3.0,3,0.1,0,3
100,88,84.0,80,2.02,16,84
200,88,166.0,160,4.13,34,166
2000,88,1738.0,1633,40.11,262,1738
10000,88,8747.0,7241,184.52,1253,8747
20000,88,17481.0,10691,350.19,2519,17481
40000,88,35060.0,17220,677.4,4940,35060
60000,88,52645.0,23896,1012.82,7355,52645
80000,88,70190.0,30721,1345.84,9810,70190
100000,88,87809.0,37408,1682.84,12191,87809
200000,88,175662.0,70586,3331.66,24338,175662
400000,88,351366.0,137348,6670.57,48634,351366
600000,88,527035.0,204294,10023.27,72965,527035
800000,88,702774.0,271180,13354.61,97226,702774
1000000,88,878508.0,337793,16685.21,121492,878508
2,89,2.0,1,0.09,0,2
3,89,3.0,2,0.19,0,3
100,89,87.0,32,1.87,13,87
200,89,179.0,70,3.77,21,179
2000,89,1723.0,1295,37.61,277,1723
10000,89,8747.0,4421,177.17,1253,8747
20000,89,17539.0,7807,344.68,2461,17539
40000,89,35130.0,14429,680.1,4870,35130
60000,89,52708.0,21077,1009.35,7292,52708
80000,89,70244.0,27550,1333.76,9756,70244
100000,89,87791.0,34190,1662.16,12209,87791
200000,89,175594.0,67588,3333.23,24406,175594
400000,89,351275.0,134322,6676.86,48725,351275
600000,89,527296.0,201229,10031.43,72704,527296
800000,89,703018.0,267741,13364.5,96982,703018
1000000,89,878705.0,334355,16677.2,121295,878705
2,90,1.0,1,0.09,1,1
3,90,2.0,2,0.1,1,2
100,90,90.0,72,1.8,10,90
200,90,177.0,152,4.0,23,177
2000,90,1732.0,877,34.35,268,1732
10000,90,8740.0,3559,172.5,1260,8740
20000,90,17502.0,10774,360.05,2498,17502
40000,90,35023.0,19129,691.9,4977,35023
60000,90,52590.0,25774,1026.26,7410,52590
80000,90,70219.0,32490,1356.21,9781,70219
100000,90,87807.0,39317,1699.23,12193,87807
200000,90,175578.0,72660,3371.64,24422,175578
400000,90,351419.0,139178,6698.8,48581,351419
600000,90,527088.0,205501,9995.64,72912,527088
800000,90,702977.0,272446,13339.7,97023,702977
1000000,90,878543.0,339111,16701.16,121457,878543
2,91,2.0,2,0.19,0,2
3,91,3.0,2,0.19,0,3
100,91,91.0,40,1.91,9,91
200,91,179.0,83,3.83,21,179
2000,91,1750.0,1528,39.77,250,1750
10000,91,8784.0,4649,174.89,1216,8784
20000,91,17564.0,12580,369.89,2436,17564
40000,91,35131.0,24611,726.96,4869,35131
60000,91,52608.0,31336,1063.25,7392,52608
80000,91,70166.0,37960,1387.88,9834,70166
100000,91,87717.0,44564,1715.29,12283,87717
200000,91,175482.0,78130,3396.2,24518,175482
400000,91,351027.0,144945,6747.44,48973,351027
600000,91,526799.0,211631,10080.29,73201,526799
800000,91,702546.0,278084,13412.98,97454,702546
1000000,91,878155.0,344834,16758.67,121845,878155
2,92,2.0,2,0.01,0,2
3,92,3.0,3,0.02,0,3
100,92,86.0,66,2.04,14,86
200,92,176.0,144,3.87,24,176
2000,92,1771.0,1501,38.02,229,1771
10000,92,8836.0,4419,169.06,1164,8836
20000,92,17615.0,7962,335.73,2385,17615
40000,92,35120.0,14594,672.37,4880,35120
60000,92,52658.0,21430,1013.0,7342,52658
80000,92,70217.0,28117,1345.87,9783,70217
100000,92,87777.0,34831,1676.62,12223,87777
200000,92,175641.0,68126,3330.07,24359,175641
400000,92,351231.0,134767,6686.56,48769,351231
600000,92,526814.0,201586,10042.67,73186,526814
800000,92,702502.0,268274,13376.8,97498,702502
1000000,92,878182.0,335307,16738.93,121818,878182
2,93,2.0,2,0.19,0,2
3,93,3.0,3,0.28,0,3
100,93,92.0,87,5.2,8,92
200,93,181.0,173,7.79,19,181
2000,93,1735.0,1577,42.63,265,1735
10000,93,8780.0,4893,181.69,1220,8780
20000,93,17583.0,8220,348.36,2417,17583
40000,93,35262.0,14914,690.08,4738,35262
60000,93,52919.0,21563,1020.42,7081,52919
80000,93,70421.0,28225,1350.82,9579,70421
100000,93,88033.0,34845,1678.49,11967,88033
200000,93,175845.0,68395,3339.16,24155,175845
400000,93,351698.0,135260,6706.03,48302,351698
600000,93,527230.0,201766,10026.11,72770,527230
800000,93,702856.0,268278,13370.52,97144,702856
1000000,93,878424.0,334805,16688.54,121576,878424
2,94,1.0,1,0.01,1,1
3,94,2.0,2,0.01,1,2
100,94,91.0,25,1.29,9,91
200,94,178.0,61,3.27,22,178
2000,94,1745.0,681,32.65,255,1745
10000,94,8818.0,3510,171.09,1182,8818
20000,94,17599.0,10139,346.88,2401,17599
40000,94,35160.0,22843,702.46,4840,35160
60000,94,52689.0,29429,1031.94,7311,52689
80000,94,70290.0,36222,1377.3,9710,70290
100000,94,87823.0,42862,1702.28,12177,87823
200000,94,175714.0,76352,3375.7,24286,175714
400000,94,351493.0,142989,6725.51,48507,351493
600000,94,527181.0,209319,10036.69,72819,527181
800000,94,702908.0,275775,13344.91,97092,702908
1000000,94,878504.0,342715,16697.4,121496,878504
2,95,2.0,2,0.01,0,2
3,95,3.0,2,0.01,0,3
100,95,89.0,76,1.91,11,89
200,95,181.0,117,3.55,19,181
2000,95,1762.0,700,33.2,238,1762
10000,95,8762.0,3374,169.33,1238,8762
20000,95,17591.0,6665,331.59,2409,17591
40000,95,35223.0,13362,667.11,4777,35223
60000,95,52791.0,20070,1002.6,7209,52791
80000,95,70302.0,26829,1330.61,9698,70302
100000,95,87885.0,33381,1656.77,12115,87885
200000,95,175665.0,66697,3316.27,24335,175665
400000,95,351332.0,133236,6630.12,48668,351332
600000,95,527183.0,199896,9952.32,72817,527183
800000,95,702810.0,266308,13277.87,97190,702810
1000000,95,878291.0,333257,16604.84,121709,878291
2,96,2.0,1,0.01,0,2
3,96,3.0,2,0.01,0,3
100,96,85.0,81,2.29,15,85
200,96,171.0,164,4.15,29,171
2000,96,1759.0,1109,35.42,241,1759
10000,96,8806.0,3729,168.04,1194,8806
20000,96,17570.0,7028,336.1,2430,17570
40000,96,35150.0,13775,675.93,4850,35150
60000,96,52778.0,20492,1016.23,7222,52778
80000,96,70371.0,27118,1351.22,9629,70371
100000,96,87958.0,33756,1681.05,12042,87958
200000,96,175724.0,66890,3354.58,24276,175724
400000,96,351624.0,133765,6703.69,48376,351624
600000,96,527325.0,200475,10046.56,72675,527325
800000,96,702763.0,267457,13415.01,97237,702763
1000000,96,878317.0,333921,16730.29,121683,878317
2,97,1.0,2,0.1,1,1
3,97,2.0,3,0.19,1,2
100,97,88.0,84,2.04,12,88
200,97,179.0,117,3.55,21,179
2000,97,1791.0,719,34.91,209,1791
10000,97,8819.0,3403,168.93,1181,8819
20000,97,17578.0,6722,333.94,2422,17578
40000,97,35153.0,13411,665.47,4847,35153
60000,97,52709.0,20127,997.58,7291,52709
80000,97,70316.0,26758,1326.56,9684,70316
100000,97,87824.0,33381,1659.74,12176,87824
200000,97,175536.0,66729,3313.82,24464,175536
400000,97,351431.0,133577,6636.33,48569,351431
600000,97,527047.0,200020,9948.35,72953,527047
800000,97,702762.0,266465,13277.75,97238,702762
1000000,97,878574.0,333266,16629.19,121426,878574
2,98,2.0,1,0.01,0,2
3,98,3.0,2,0.01,0,3
100,98,89.0,74,1.9,11,89
200,98,180.0,162,3.87,20,180
2000,98,1780.0,1429,36.48,220,1780
10000,98,8767.0,5629,181.23,1233,8767
20000,98,17541.0,9033,352.7,2459,17541
40000,98,35088.0,15692,685.6,4912,35088
60000,98,52711.0,22428,1025.01,7289,52711
80000,98,70366.0,29060,1363.45,9634,70366
100000,98,87904.0,35773,1699.51,12096,87904
200000,98,175698.0,69058,3356.51,24302,175698
400000,98,351260.0,135677,6674.37,48740,351260
600000,98,526770.0,202419,10021.99,73230,526770
800000,98,702441.0,269258,13336.0,97559,702441
1000000,98,878181.0,335662,16646.3,121819,878181
2,99,2.0,2,0.01,0,2
3,99,3.0,3,0.02,0,3
100,99,84.0,84,2.76,16,84
200,99,170.0,170,5.08,30,170
2000,99,1750.0,860,37.15,250,1750
10000,99,8777.0,3487,171.42,1223,8777
20000,99,17606.0,6815,335.67,2394,17606
40000,99,35117.0,13400,672.61,4883,35117
60000,99,52682.0,20088,1007.37,7318,52682
80000,99,70234.0,26788,1346.78,9766,70234
100000,99,87861.0,33437,1684.86,12139,87861
200000,99,175730.0,66750,3343.62,24270,175730
400000,99,351155.0,133658,6697.3,48845,351155
600000,99,526861.0,200234,10036.09,73139,526861
800000,99,702545.0,267135,13384.15,97455,702545
1000000,99,878157.0,333987,16721.98,121843,878157
2,100,2.0,2,0.1,0,2
3,100,3.0,3,0.1,0,3
100,100,91.0,38,1.45,9,91
200,100,180.0,74,3.52,20,180
2000,100,1765.0,1258,37.07,235,1765
10000,100,8830.0,4060,173.57,1170,8830
20000,100,17622.0,7404,341.04,2378,17622
40000,100,35228.0,14039,670.14,4772,35228
60000,100,52764.0,20607,1001.6,7236,52764
80000,100,70250.0,27211,1332.7,9750,70250
100000,100,87751.0,33837,1666.79,12249,87751
200000,100,175510.0,67020,3327.51,24490,175510
400000,100,351028.0,133647,6654.23,48972,351028
600000,100,526846.0,200403,9984.73,73154,526846
800000,100,702409.0,267010,13314.23,97591,702409
1000000,100,877931.0,333460,16631.96,122069,877931
