Timestep,Iteration,Total Reward,Suboptimal Arms,Total Regret,Zeros Count,Ones Count
2,1,2.0,2,0.09,0,2
3,1,3.0,3,0.14,0,3
100,1,83.0,28,1.26,17,83
200,1,173.0,56,2.52,27,173
2000,1,1742.0,513,23.09,258,1742
10000,1,8767.0,2517,113.27,1233,8767
20000,1,17589.0,4965,223.42,2411,17589
40000,1,35332.0,9898,445.41,4668,35332
60000,1,53086.0,14824,667.08,6914,53086
80000,1,70778.0,19799,890.95,9222,70778
100000,1,88530.0,24749,1113.7,11470,88530
200000,1,177006.0,49695,2236.28,22994,177006
400000,1,353796.0,99737,4488.17,46204,353796
600000,1,530328.0,149876,6744.42,69672,530328
800000,1,706979.0,200247,9011.12,93021,706979
1000000,1,883703.0,250202,11259.09,116297,883703
2,2,2.0,0,0.0,0,2
3,2,3.0,0,0.0,0,3
100,2,90.0,35,1.58,10,90
200,2,180.0,65,2.92,20,180
2000,2,1783.0,489,22.01,217,1783
10000,2,8914.0,2517,113.27,1086,8914
20000,2,17748.0,5054,227.43,2252,17748
40000,2,35509.0,10027,451.22,4491,35509
60000,2,53220.0,15032,676.44,6780,53220
80000,2,70938.0,20146,906.57,9062,70938
100000,2,88627.0,25153,1131.88,11373,88627
200000,2,177146.0,49944,2247.48,22854,177146
400000,2,353788.0,99684,4485.78,46212,353788
600000,2,530393.0,150275,6762.38,69607,530393
800000,2,707159.0,200043,9001.94,92841,707159
1000000,2,883700.0,249972,11248.74,116300,883700
2,3,2.0,2,0.09,0,2
3,3,3.0,3,0.14,0,3
100,3,91.0,31,1.4,9,91
200,3,183.0,52,2.34,17,183
2000,3,1776.0,532,23.94,224,1776
10000,3,8799.0,2529,113.81,1201,8799
20000,3,17626.0,5015,225.67,2374,17626
40000,3,35277.0,10064,452.88,4723,35277
60000,3,52908.0,15129,680.8,7092,52908
80000,3,70560.0,20094,904.23,9440,70560
100000,3,88246.0,25008,1125.36,11754,88246
200000,3,176752.0,49924,2246.58,23248,176752
400000,3,353466.0,100055,4502.48,46534,353466
600000,3,530411.0,149670,6735.15,69589,530411
800000,3,707050.0,199555,8979.98,92950,707050
1000000,3,883809.0,249568,11230.56,116191,883809
2,4,2.0,0,0.0,0,2
3,4,3.0,0,0.0,0,3
100,4,87.0,26,1.17,13,87
200,4,179.0,47,2.11,21,179
2000,4,1777.0,514,23.13,223,1777
10000,4,8807.0,2529,113.81,1193,8807
20000,4,17657.0,5032,226.44,2343,17657
40000,4,35448.0,10076,453.42,4552,35448
60000,4,53105.0,15078,678.51,6895,53105
80000,4,70858.0,19937,897.16,9142,70858
100000,4,88512.0,24905,1120.72,11488,88512
200000,4,176914.0,49850,2243.25,23086,176914
400000,4,353507.0,99980,4499.1,46493,353507
600000,4,530177.0,150099,6754.46,69823,530177
800000,4,706811.0,199967,8998.52,93189,706811
1000000,4,883468.0,249570,11230.65,116532,883468
2,5,1.0,1,0.05,1,1
3,5,1.0,2,0.09,2,1
100,5,92.0,30,1.35,8,92
200,5,177.0,71,3.19,23,177
2000,5,1784.0,534,24.03,216,1784
10000,5,8878.0,2526,113.67,1122,8878
20000,5,17758.0,5084,228.78,2242,17758
40000,5,35469.0,10027,451.22,4531,35469
60000,5,53165.0,15085,678.82,6835,53165
80000,5,70841.0,20125,905.62,9159,70841
100000,5,88426.0,25171,1132.69,11574,88426
200000,5,176914.0,50273,2262.29,23086,176914
400000,5,353725.0,100365,4516.43,46275,353725
600000,5,530477.0,150457,6770.57,69523,530477
800000,5,707309.0,200514,9023.13,92691,707309
1000000,5,883967.0,250456,11270.52,116033,883967
2,6,2.0,0,0.0,0,2
3,6,3.0,0,0.0,0,3
100,6,90.0,71,3.19,10,90
200,6,179.0,135,6.07,21,179
2000,6,1738.0,863,38.84,262,1738
10000,6,8792.0,2838,127.71,1208,8792
20000,6,17646.0,5302,238.59,2354,17646
40000,6,35236.0,10356,466.02,4764,35236
60000,6,52952.0,15335,690.07,7048,52952
80000,6,70647.0,20358,916.11,9353,70647
100000,6,88332.0,25371,1141.69,11668,88332
200000,6,176736.0,50370,2266.65,23264,176736
400000,6,353458.0,100306,4513.77,46542,353458
600000,6,530254.0,150499,6772.46,69746,530254
800000,6,707273.0,200352,9015.84,92727,707273
1000000,6,884068.0,250548,11274.66,115932,884068
2,7,2.0,0,0.0,0,2
3,7,2.0,0,0.0,1,2
100,7,88.0,62,2.79,12,88
200,7,170.0,89,4.0,30,170
2000,7,1756.0,536,24.12,244,1756
10000,7,8838.0,2482,111.69,1162,8838
20000,7,17649.0,4920,221.4,2351,17649
40000,7,35377.0,9955,447.98,4623,35377
60000,7,52993.0,14981,674.14,7007,52993
80000,7,70673.0,19965,898.42,9327,70673
100000,7,88283.0,24959,1123.15,11717,88283
200000,7,176639.0,50159,2257.16,23361,176639
400000,7,353269.0,99695,4486.28,46731,353269
600000,7,529982.0,149691,6736.1,70018,529982
800000,7,706296.0,199689,8986.01,93704,706296
1000000,7,883004.0,249466,11225.97,116996,883004
2,8,2.0,0,0.0,0,2
3,8,3.0,1,0.05,0,3
100,8,90.0,27,1.22,10,90
200,8,181.0,46,2.07,19,181
2000,8,1773.0,492,22.14,227,1773
10000,8,8869.0,2465,110.93,1131,8869
20000,8,17663.0,4928,221.76,2337,17663
40000,8,35311.0,9964,448.38,4689,35311
60000,8,52952.0,15045,677.02,7048,52952
80000,8,70605.0,19980,899.1,9395,70605
100000,8,88244.0,24942,1122.39,11756,88244
200000,8,176668.0,50106,2254.77,23332,176668
400000,8,353502.0,99697,4486.37,46498,353502
600000,8,530326.0,149873,6744.29,69674,530326
800000,8,707056.0,199834,8992.53,92944,707056
1000000,8,883823.0,250156,11257.02,116177,883823
2,9,2.0,2,0.09,0,2
3,9,3.0,3,0.14,0,3
100,9,88.0,34,1.53,12,88
200,9,173.0,60,2.7,27,173
2000,9,1765.0,537,24.17,235,1765
10000,9,8842.0,2562,115.29,1158,8842
20000,9,17677.0,5041,226.84,2323,17677
40000,9,35406.0,10020,450.9,4594,35406
60000,9,53020.0,15089,679.0,6980,53020
80000,9,70734.0,20046,902.07,9266,70734
100000,9,88371.0,24974,1123.83,11629,88371
200000,9,176691.0,49869,2244.11,23309,176691
400000,9,353457.0,99955,4497.98,46543,353457
600000,9,530319.0,149957,6748.07,69681,530319
800000,9,707243.0,199738,8988.21,92757,707243
1000000,9,883992.0,249543,11229.44,116008,883992
2,10,1.0,2,0.09,1,1
3,10,2.0,3,0.14,1,2
100,10,83.0,69,3.1,17,83
200,10,169.0,140,6.3,31,169
2000,10,1753.0,574,25.83,247,1753
10000,10,8809.0,2518,113.31,1191,8809
20000,10,17629.0,5002,225.09,2371,17629
40000,10,35365.0,10109,454.91,4635,35365
60000,10,52989.0,15171,682.69,7011,52989
80000,10,70670.0,20166,907.47,9330,70670
100000,10,88331.0,25174,1132.83,11669,88331
200000,10,176627.0,50223,2260.04,23373,176627
400000,10,353590.0,100156,4507.02,46410,353590
600000,10,530306.0,150079,6753.56,69694,530306
800000,10,706869.0,200137,9006.17,93131,706869
1000000,10,883420.0,250214,11259.63,116580,883420
2,11,2.0,0,0.0,0,2
3,11,3.0,0,0.0,0,3
100,11,87.0,31,1.4,13,87
200,11,177.0,66,2.97,23,177
2000,11,1764.0,493,22.19,236,1764
10000,11,8774.0,2535,114.08,1226,8774
20000,11,17620.0,5022,225.99,2380,17620
40000,11,35295.0,10072,453.24,4705,35295
60000,11,52997.0,15074,678.33,7003,52997
80000,11,70675.0,20034,901.53,9325,70675
100000,11,88310.0,25050,1127.25,11690,88310
200000,11,176557.0,50093,2254.19,23443,176557
400000,11,353173.0,100245,4511.03,46827,353173
600000,11,529916.0,150285,6762.83,70084,529916
800000,11,706862.0,200570,9025.65,93138,706862
1000000,11,883527.0,250565,11275.43,116473,883527
2,12,2.0,1,0.05,0,2
3,12,3.0,1,0.05,0,3
100,12,90.0,31,1.4,10,90
200,12,183.0,58,2.61,17,183
2000,12,1789.0,498,22.41,211,1789
10000,12,8884.0,2486,111.87,1116,8884
20000,12,17823.0,4994,224.73,2177,17823
40000,12,35455.0,10036,451.62,4545,35455
60000,12,53098.0,15122,680.49,6902,53098
80000,12,70815.0,20100,904.5,9185,70815
100000,12,88516.0,25038,1126.71,11484,88516
200000,12,176969.0,50181,2258.15,23031,176969
400000,12,353761.0,100363,4516.34,46239,353761
600000,12,530377.0,150382,6767.19,69623,530377
800000,12,707385.0,200111,9005.0,92615,707385
1000000,12,884123.0,250006,11250.27,115877,884123
2,13,2.0,0,0.0,0,2
3,13,2.0,1,0.05,1,2
100,13,88.0,27,1.22,12,88
200,13,181.0,47,2.11,19,181
2000,13,1787.0,479,21.56,213,1787
10000,13,8825.0,2437,109.67,1175,8825
20000,13,17666.0,4978,224.01,2334,17666
40000,13,35375.0,10011,450.5,4625,35375
60000,13,53029.0,14939,672.25,6971,53029
80000,13,70687.0,19939,897.25,9313,70687
100000,13,88328.0,24956,1123.02,11672,88328
200000,13,176728.0,50042,2251.89,23272,176728
400000,13,353448.0,100042,4501.89,46552,353448
600000,13,530238.0,150039,6751.76,69762,530238
800000,13,707075.0,199892,8995.14,92925,707075
1000000,13,883914.0,249891,11245.1,116086,883914
2,14,2.0,0,0.0,0,2
3,14,3.0,1,0.05,0,3
100,14,86.0,68,3.06,14,86
200,14,173.0,114,5.13,27,173
2000,14,1753.0,583,26.24,247,1753
10000,14,8827.0,2595,116.78,1173,8827
20000,14,17624.0,5128,230.76,2376,17624
40000,14,35291.0,10277,462.47,4709,35291
60000,14,52959.0,15305,688.72,7041,52959
80000,14,70699.0,20271,912.19,9301,70699
100000,14,88390.0,25279,1137.55,11610,88390
200000,14,176773.0,50390,2267.55,23227,176773
400000,14,353523.0,100353,4515.89,46477,353523
600000,14,530354.0,150196,6758.82,69646,530354
800000,14,707076.0,200319,9014.36,92924,707076
1000000,14,883788.0,250497,11272.37,116212,883788
2,15,1.0,0,0.0,1,1
3,15,2.0,0,0.0,1,2
100,15,91.0,36,1.62,9,91
200,15,177.0,62,2.79,23,177
2000,15,1740.0,521,23.45,260,1740
10000,15,8779.0,2570,115.65,1221,8779
20000,15,17615.0,5067,228.01,2385,17615
40000,15,35274.0,10219,459.86,4726,35274
60000,15,52876.0,15215,684.67,7124,52876
80000,15,70563.0,20110,904.95,9437,70563
100000,15,88134.0,25085,1128.82,11866,88134
200000,15,176683.0,50342,2265.39,23317,176683
400000,15,353409.0,100443,4519.94,46591,353409
600000,15,529964.0,150637,6778.67,70036,529964
800000,15,706580.0,200719,9032.36,93420,706580
1000000,15,883280.0,251275,11307.38,116720,883280
2,16,2.0,0,0.0,0,2
3,16,3.0,0,0.0,0,3
100,16,92.0,70,3.15,8,92
200,16,175.0,119,5.35,25,175
2000,16,1781.0,535,24.08,219,1781
10000,16,8834.0,2565,115.43,1166,8834
20000,16,17661.0,5056,227.52,2339,17661
40000,16,35335.0,10086,453.87,4665,35335
60000,16,52993.0,15029,676.3,7007,52993
80000,16,70650.0,19998,899.91,9350,70650
100000,16,88402.0,24967,1123.51,11598,88402
200000,16,176713.0,49974,2248.83,23287,176713
400000,16,353293.0,100049,4502.21,46707,353293
600000,16,530199.0,150203,6759.14,69801,530199
800000,16,707008.0,200031,9001.4,92992,707008
1000000,16,883686.0,249979,11249.06,116314,883686
2,17,2.0,0,0.0,0,2
3,17,3.0,1,0.05,0,3
100,17,93.0,23,1.04,7,93
200,17,179.0,52,2.34,21,179
2000,17,1742.0,524,23.58,258,1742
10000,17,8772.0,2555,114.98,1228,8772
20000,17,17623.0,5108,229.86,2377,17623
40000,17,35291.0,10096,454.32,4709,35291
60000,17,53006.0,15112,680.04,6994,53006
80000,17,70538.0,20132,905.94,9462,70538
100000,17,88277.0,25111,1129.99,11723,88277
200000,17,176721.0,50196,2258.82,23279,176721
400000,17,353235.0,100352,4515.84,46765,353235
600000,17,530079.0,150697,6781.37,69921,530079
800000,17,706756.0,200544,9024.48,93244,706756
1000000,17,883472.0,250690,11281.05,116528,883472
2,18,2.0,0,0.0,0,2
3,18,3.0,0,0.0,0,3
100,18,91.0,26,1.17,9,91
200,18,179.0,61,2.74,21,179
2000,18,1761.0,484,21.78,239,1761
10000,18,8817.0,2556,115.02,1183,8817
20000,18,17680.0,5012,225.54,2320,17680
40000,18,35366.0,9990,449.55,4634,35366
60000,18,53116.0,14969,673.6,6884,53116
80000,18,70791.0,20025,901.12,9209,70791
100000,18,88549.0,25044,1126.98,11451,88549
200000,18,176978.0,50116,2255.22,23022,176978
400000,18,353915.0,99995,4499.78,46085,353915
600000,18,530601.0,150148,6756.66,69399,530601
800000,18,707658.0,200058,9002.61,92342,707658
1000000,18,884376.0,250024,11251.08,115624,884376
2,19,2.0,2,0.09,0,2
3,19,3.0,2,0.09,0,3
100,19,86.0,64,2.88,14,86
200,19,171.0,82,3.69,29,171
2000,19,1777.0,507,22.82,223,1777
10000,19,8835.0,2439,109.76,1165,8835
20000,19,17696.0,4881,219.64,2304,17696
40000,19,35409.0,10096,454.32,4591,35409
60000,19,53064.0,15024,676.08,6936,53064
80000,19,70692.0,19975,898.87,9308,70692
100000,19,88495.0,24970,1123.65,11505,88495
200000,19,176845.0,49694,2236.23,23155,176845
400000,19,353576.0,99785,4490.33,46424,353576
600000,19,530225.0,149601,6732.05,69775,530225
800000,19,706915.0,199831,8992.4,93085,706915
1000000,19,883807.0,249625,11233.13,116193,883807
2,20,2.0,2,0.09,0,2
3,20,3.0,2,0.09,0,3
100,20,83.0,30,1.35,17,83
200,20,176.0,56,2.52,24,176
2000,20,1760.0,527,23.72,240,1760
10000,20,8840.0,2509,112.91,1160,8840
20000,20,17699.0,5064,227.88,2301,17699
40000,20,35401.0,10093,454.19,4599,35401
60000,20,53107.0,15002,675.09,6893,53107
80000,20,70774.0,19990,899.55,9226,70774
100000,20,88463.0,24947,1122.61,11537,88463
200000,20,176925.0,49852,2243.34,23075,176925
400000,20,353826.0,100212,4509.54,46174,353826
600000,20,530699.0,150008,6750.36,69301,530699
800000,20,707354.0,199964,8998.38,92646,707354
1000000,20,883943.0,250198,11258.91,116057,883943
2,21,2.0,1,0.05,0,2
3,21,3.0,1,0.05,0,3
100,21,89.0,22,0.99,11,89
200,21,179.0,49,2.2,21,179
2000,21,1769.0,499,22.46,231,1769
10000,21,8794.0,2554,114.93,1206,8794
20000,21,17646.0,5076,228.42,2354,17646
40000,21,35308.0,10104,454.68,4692,35308
60000,21,52914.0,15136,681.12,7086,52914
80000,21,70607.0,20221,909.94,9393,70607
100000,21,88242.0,25273,1137.28,11758,88242
200000,21,176572.0,50066,2252.97,23428,176572
400000,21,353462.0,99992,4499.64,46538,353462
600000,21,530111.0,150141,6756.35,69889,530111
800000,21,707064.0,200494,9022.23,92936,707064
1000000,21,884102.0,250442,11269.89,115898,884102
2,22,2.0,0,0.0,0,2
3,22,2.0,1,0.05,1,2
100,22,84.0,17,0.77,16,84
200,22,174.0,43,1.93,26,174
2000,22,1767.0,480,21.6,233,1767
10000,22,8825.0,2516,113.22,1175,8825
20000,22,17636.0,5044,226.98,2364,17636
40000,22,35288.0,10068,453.06,4712,35288
60000,22,52935.0,15256,686.52,7065,52935
80000,22,70666.0,20275,912.37,9334,70666
100000,22,88336.0,25241,1135.84,11664,88336
200000,22,176791.0,50230,2260.35,23209,176791
400000,22,353411.0,100477,4521.47,46589,353411
600000,22,530305.0,150287,6762.92,69695,530305
800000,22,707125.0,200036,9001.62,92875,707125
1000000,22,883802.0,250504,11272.68,116198,883802
2,23,2.0,0,0.0,0,2
3,23,3.0,0,0.0,0,3
100,23,90.0,23,1.04,10,90
200,23,180.0,68,3.06,20,180
2000,23,1752.0,556,25.02,248,1752
10000,23,8839.0,2562,115.29,1161,8839
20000,23,17699.0,5117,230.26,2301,17699
40000,23,35374.0,10017,450.77,4626,35374
60000,23,53041.0,14963,673.33,6959,53041
80000,23,70648.0,19972,898.74,9352,70648
100000,23,88417.0,25034,1126.53,11583,88417
200000,23,176758.0,50076,2253.42,23242,176758
400000,23,353387.0,100028,4501.26,46613,353387
600000,23,530193.0,149795,6740.78,69807,530193
800000,23,707046.0,199910,8995.95,92954,707046
1000000,23,883751.0,250055,11252.48,116249,883751
2,24,2.0,0,0.0,0,2
3,24,3.0,0,0.0,0,3
100,24,85.0,70,3.15,15,85
200,24,166.0,146,6.57,34,166
2000,24,1743.0,608,27.36,257,1743
10000,24,8834.0,2577,115.97,1166,8834
20000,24,17668.0,5058,227.61,2332,17668
40000,24,35287.0,10001,450.05,4713,35287
60000,24,52991.0,14919,671.35,7009,52991
80000,24,70626.0,19978,899.01,9374,70626
100000,24,88253.0,25075,1128.37,11747,88253
200000,24,176483.0,49884,2244.78,23517,176483
400000,24,353033.0,99913,4496.09,46967,353033
600000,24,529768.0,150061,6752.75,70232,529768
800000,24,706367.0,199857,8993.57,93633,706367
1000000,24,883110.0,249947,11247.62,116890,883110
2,25,2.0,0,0.0,0,2
3,25,2.0,0,0.0,1,2
100,25,88.0,64,2.88,12,88
200,25,180.0,87,3.91,20,180
2000,25,1780.0,521,23.45,220,1780
10000,25,8823.0,2544,114.48,1177,8823
20000,25,17644.0,5088,228.96,2356,17644
40000,25,35345.0,10160,457.2,4655,35345
60000,25,52976.0,15149,681.7,7024,52976
80000,25,70586.0,20209,909.4,9414,70586
100000,25,88288.0,25261,1136.74,11712,88288
200000,25,176778.0,50327,2264.72,23222,176778
400000,25,353641.0,100146,4506.57,46359,353641
600000,25,530286.0,149909,6745.91,69714,530286
800000,25,707280.0,200051,9002.3,92720,707280
1000000,25,884136.0,249749,11238.71,115864,884136
2,26,2.0,2,0.09,0,2
3,26,3.0,2,0.09,0,3
100,26,81.0,55,2.47,19,81
200,26,173.0,79,3.55,27,173
2000,26,1749.0,527,23.72,251,1749
10000,26,8839.0,2523,113.54,1161,8839
20000,26,17670.0,5095,229.27,2330,17670
40000,26,35331.0,10078,453.51,4669,35331
60000,26,53090.0,15010,675.45,6910,53090
80000,26,70805.0,20043,901.93,9195,70805
100000,26,88493.0,25040,1126.8,11507,88493
200000,26,177066.0,50379,2267.06,22934,177066
400000,26,353798.0,100487,4521.92,46202,353798
600000,26,530370.0,150503,6772.64,69630,530370
800000,26,707464.0,200509,9022.91,92536,707464
1000000,26,884022.0,250317,11264.27,115978,884022
2,27,2.0,1,0.05,0,2
3,27,3.0,1,0.05,0,3
100,27,89.0,40,1.8,11,89
200,27,181.0,67,3.01,19,181
2000,27,1771.0,514,23.13,229,1771
10000,27,8839.0,2544,114.48,1161,8839
20000,27,17673.0,5073,228.28,2327,17673
40000,27,35366.0,9977,448.97,4634,35366
60000,27,53089.0,14980,674.1,6911,53089
80000,27,70795.0,19838,892.71,9205,70795
100000,27,88441.0,24935,1122.07,11559,88441
200000,27,176828.0,49798,2240.91,23172,176828
400000,27,353595.0,99916,4496.22,46405,353595
600000,27,530196.0,150093,6754.19,69804,530196
800000,27,706833.0,200010,9000.45,93167,706833
1000000,27,883806.0,249914,11246.13,116194,883806
2,28,2.0,0,0.0,0,2
3,28,2.0,0,0.0,1,2
100,28,86.0,42,1.89,14,86
200,28,177.0,61,2.74,23,177
2000,28,1747.0,495,22.28,253,1747
10000,28,8845.0,2498,112.41,1155,8845
20000,28,17672.0,4974,223.83,2328,17672
40000,28,35375.0,9863,443.84,4625,35375
60000,28,53021.0,14919,671.35,6979,53021
80000,28,70663.0,19916,896.22,9337,70663
100000,28,88361.0,24943,1122.43,11639,88361
200000,28,176806.0,49956,2248.02,23194,176806
400000,28,353490.0,100145,4506.53,46510,353490
600000,28,529990.0,150181,6758.15,70010,529990
800000,28,706990.0,200079,9003.56,93010,706990
1000000,28,883734.0,250138,11256.21,116266,883734
2,29,2.0,0,0.0,0,2
3,29,3.0,0,0.0,0,3
100,29,85.0,29,1.31,15,85
200,29,173.0,51,2.29,27,173
2000,29,1761.0,523,23.54,239,1761
10000,29,8811.0,2569,115.61,1189,8811
20000,29,17676.0,5071,228.19,2324,17676
40000,29,35324.0,10059,452.66,4676,35324
60000,29,52926.0,14983,674.23,7074,52926
80000,29,70593.0,20043,901.93,9407,70593
100000,29,88285.0,24982,1124.19,11715,88285
200000,29,176556.0,49978,2249.01,23444,176556
400000,29,353309.0,100010,4500.45,46691,353309
600000,29,530338.0,150124,6755.58,69662,530338
800000,29,707222.0,199978,8999.01,92778,707222
1000000,29,884068.0,249960,11248.2,115932,884068
2,30,2.0,0,0.0,0,2
3,30,3.0,0,0.0,0,3
100,30,85.0,70,3.15,15,85
200,30,166.0,137,6.16,34,166
2000,30,1741.0,698,31.41,259,1741
10000,30,8777.0,2632,118.44,1223,8777
20000,30,17598.0,5062,227.79,2402,17598
40000,30,35271.0,10029,451.31,4729,35271
60000,30,52960.0,15107,679.81,7040,52960
80000,30,70654.0,20079,903.55,9346,70654
100000,30,88418.0,25046,1127.07,11582,88418
200000,30,176828.0,50120,2255.4,23172,176828
400000,30,353657.0,100249,4511.21,46343,353657
600000,30,530355.0,150302,6763.59,69645,530355
800000,30,706693.0,200190,9008.55,93307,706693
1000000,30,883344.0,249866,11243.97,116656,883344
2,31,2.0,0,0.0,0,2
3,31,2.0,0,0.0,1,2
100,31,86.0,79,3.55,14,86
200,31,172.0,158,7.11,28,172
2000,31,1789.0,914,41.13,211,1789
10000,31,8889.0,2900,130.5,1111,8889
20000,31,17719.0,5497,247.36,2281,17719
40000,31,35416.0,10490,472.05,4584,35416
60000,31,53154.0,15473,696.28,6846,53154
80000,31,70789.0,20445,920.02,9211,70789
100000,31,88454.0,25371,1141.69,11546,88454
200000,31,176706.0,50378,2267.01,23294,176706
400000,31,353355.0,100228,4510.26,46645,353355
600000,31,530137.0,150622,6777.99,69863,530137
800000,31,706842.0,200638,9028.71,93158,706842
1000000,31,883448.0,250600,11277.0,116552,883448
2,32,1.0,0,0.0,1,1
3,32,2.0,0,0.0,1,2
100,32,80.0,28,1.26,20,80
200,32,159.0,59,2.65,41,159
2000,32,1744.0,492,22.14,256,1744
10000,32,8772.0,2476,111.42,1228,8772
20000,32,17584.0,4904,220.68,2416,17584
40000,32,35280.0,9920,446.4,4720,35280
60000,32,52953.0,14982,674.19,7047,52953
80000,32,70587.0,19966,898.47,9413,70587
100000,32,88214.0,25011,1125.49,11786,88214
200000,32,176722.0,50267,2262.02,23278,176722
400000,32,353521.0,100267,4512.02,46479,353521
600000,32,530078.0,150071,6753.2,69922,530078
800000,32,706856.0,200259,9011.66,93144,706856
1000000,32,883580.0,250196,11258.82,116420,883580
2,33,2.0,0,0.0,0,2
3,33,3.0,1,0.05,0,3
100,33,87.0,65,2.92,13,87
200,33,175.0,109,4.9,25,175
2000,33,1777.0,545,24.53,223,1777
10000,33,8859.0,2466,110.97,1141,8859
20000,33,17761.0,4953,222.88,2239,17761
40000,33,35437.0,9873,444.29,4563,35437
60000,33,53111.0,14736,663.12,6889,53111
80000,33,70803.0,19681,885.64,9197,70803
100000,33,88481.0,24681,1110.64,11519,88481
200000,33,176789.0,49723,2237.54,23211,176789
400000,33,353337.0,99464,4475.88,46663,353337
600000,33,530082.0,149446,6725.07,69918,530082
800000,33,706769.0,199247,8966.12,93231,706769
1000000,33,883290.0,249158,11212.11,116710,883290
2,34,2.0,1,0.05,0,2
3,34,3.0,2,0.09,0,3
100,34,85.0,24,1.08,15,85
200,34,174.0,50,2.25,26,174
2000,34,1740.0,483,21.74,260,1740
10000,34,8821.0,2496,112.32,1179,8821
20000,34,17664.0,5012,225.54,2336,17664
40000,34,35328.0,9968,448.56,4672,35328
60000,34,53083.0,14985,674.32,6917,53083
80000,34,70756.0,19954,897.93,9244,70756
100000,34,88372.0,25019,1125.85,11628,88372
200000,34,176812.0,49960,2248.2,23188,176812
400000,34,353674.0,100335,4515.08,46326,353674
600000,34,530542.0,150157,6757.07,69458,530542
800000,34,707095.0,200151,9006.8,92905,707095
1000000,34,883803.0,250124,11255.58,116197,883803
2,35,1.0,1,0.05,1,1
3,35,2.0,1,0.05,1,2
100,35,92.0,35,1.58,8,92
200,35,175.0,66,2.97,25,175
2000,35,1773.0,507,22.82,227,1773
10000,35,8849.0,2431,109.4,1151,8849
20000,35,17682.0,4930,221.85,2318,17682
40000,35,35456.0,9877,444.47,4544,35456
60000,35,53048.0,14876,669.42,6952,53048
80000,35,70725.0,19846,893.07,9275,70725
100000,35,88432.0,24857,1118.56,11568,88432
200000,35,176827.0,49900,2245.5,23173,176827
400000,35,353492.0,100146,4506.57,46508,353492
600000,35,530295.0,149840,6742.8,69705,530295
800000,35,707192.0,199508,8977.86,92808,707192
1000000,35,884007.0,249474,11226.33,115993,884007
2,36,2.0,0,0.0,0,2
3,36,2.0,0,0.0,1,2
100,36,88.0,28,1.26,12,88
200,36,175.0,44,1.98,25,175
2000,36,1750.0,548,24.66,250,1750
10000,36,8813.0,2570,115.65,1187,8813
20000,36,17665.0,5118,230.31,2335,17665
40000,36,35329.0,10112,455.04,4671,35329
60000,36,53029.0,15147,681.61,6971,53029
80000,36,70683.0,20205,909.22,9317,70683
100000,36,88364.0,25276,1137.42,11636,88364
200000,36,176763.0,50256,2261.52,23237,176763
400000,36,353644.0,100683,4530.74,46356,353644
600000,36,530463.0,150803,6786.14,69537,530463
800000,36,707276.0,200569,9025.61,92724,707276
1000000,36,884026.0,250495,11272.28,115974,884026
2,37,1.0,0,0.0,1,1
3,37,2.0,0,0.0,1,2
100,37,90.0,43,1.93,10,90
200,37,175.0,66,2.97,25,175
2000,37,1747.0,509,22.91,253,1747
10000,37,8839.0,2542,114.39,1161,8839
20000,37,17585.0,5014,225.63,2415,17585
40000,37,35234.0,10013,450.59,4766,35234
60000,37,52917.0,15008,675.36,7083,52917
80000,37,70570.0,20034,901.53,9430,70570
100000,37,88278.0,25084,1128.78,11722,88278
200000,37,176647.0,50108,2254.86,23353,176647
400000,37,353510.0,99846,4493.07,46490,353510
600000,37,530339.0,149722,6737.49,69661,530339
800000,37,707146.0,199635,8983.58,92854,707146
1000000,37,883805.0,249519,11228.36,116195,883805
2,38,2.0,0,0.0,0,2
3,38,3.0,0,0.0,0,3
100,38,87.0,29,1.31,13,87
200,38,177.0,45,2.02,23,177
2000,38,1780.0,559,25.16,220,1780
10000,38,8838.0,2599,116.96,1162,8838
20000,38,17675.0,5133,230.98,2325,17675
40000,38,35345.0,10184,458.28,4655,35345
60000,38,53061.0,15089,679.0,6939,53061
80000,38,70682.0,20158,907.11,9318,70682
100000,38,88412.0,25211,1134.49,11588,88412
200000,38,176746.0,50005,2250.23,23254,176746
400000,38,353523.0,100334,4515.03,46477,353523
600000,38,530475.0,150004,6750.18,69525,530475
800000,38,707028.0,199552,8979.84,92972,707028
1000000,38,883611.0,249399,11222.96,116389,883611
2,39,2.0,2,0.09,0,2
3,39,2.0,2,0.09,1,2
100,39,86.0,35,1.58,14,86
200,39,171.0,65,2.92,29,171
2000,39,1779.0,477,21.47,221,1779
10000,39,8863.0,2477,111.47,1137,8863
20000,39,17741.0,4938,222.21,2259,17741
40000,39,35483.0,9993,449.69,4517,35483
60000,39,53190.0,14965,673.42,6810,53190
80000,39,70881.0,19919,896.35,9119,70881
100000,39,88580.0,24882,1119.69,11420,88580
200000,39,176919.0,49775,2239.88,23081,176919
400000,39,353701.0,99936,4497.12,46299,353701
600000,39,530415.0,150035,6751.58,69585,530415
800000,39,707387.0,199776,8989.92,92613,707387
1000000,39,884343.0,249715,11237.18,115657,884343
2,40,2.0,1,0.05,0,2
3,40,3.0,2,0.09,0,3
100,40,91.0,31,1.4,9,91
200,40,185.0,62,2.79,15,185
2000,40,1762.0,561,25.25,238,1762
10000,40,8810.0,2537,114.17,1190,8810
20000,40,17640.0,5058,227.61,2360,17640
40000,40,35284.0,10004,450.18,4716,35284
60000,40,53055.0,15024,676.08,6945,53055
80000,40,70644.0,20057,902.56,9356,70644
100000,40,88264.0,25062,1127.79,11736,88264
200000,40,176537.0,50059,2252.66,23463,176537
400000,40,353406.0,99709,4486.91,46594,353406
600000,40,530210.0,149969,6748.61,69790,530210
800000,40,706894.0,200019,9000.86,93106,706894
1000000,40,883726.0,249933,11246.99,116274,883726
2,41,2.0,0,0.0,0,2
3,41,2.0,0,0.0,1,2
100,41,84.0,66,2.97,16,84
200,41,172.0,89,4.0,28,172
2000,41,1737.0,522,23.49,263,1737
10000,41,8803.0,2541,114.35,1197,8803
20000,41,17664.0,5058,227.61,2336,17664
40000,41,35400.0,10070,453.15,4600,35400
60000,41,53148.0,15090,679.05,6852,53148
80000,41,70884.0,19933,896.98,9116,70884
100000,41,88551.0,24921,1121.44,11449,88551
200000,41,176872.0,49820,2241.9,23128,176872
400000,41,353647.0,100066,4502.97,46353,353647
600000,41,530503.0,150032,6751.44,69497,530503
800000,41,707180.0,200086,9003.87,92820,707180
1000000,41,883952.0,249893,11245.19,116048,883952
2,42,2.0,0,0.0,0,2
3,42,3.0,0,0.0,0,3
100,42,93.0,26,1.17,7,93
200,42,180.0,60,2.7,20,180
2000,42,1744.0,514,23.13,256,1744
10000,42,8743.0,2540,114.3,1257,8743
20000,42,17570.0,5010,225.45,2430,17570
40000,42,35227.0,9923,446.54,4773,35227
60000,42,52990.0,14871,669.19,7010,52990
80000,42,70693.0,19930,896.85,9307,70693
100000,42,88344.0,25007,1125.31,11656,88344
200000,42,176586.0,49892,2245.14,23414,176586
400000,42,353386.0,100188,4508.46,46614,353386
600000,42,530067.0,150060,6752.7,69933,530067
800000,42,706957.0,199661,8984.75,93043,706957
1000000,42,883847.0,249543,11229.44,116153,883847
2,43,2.0,2,0.09,0,2
3,43,3.0,3,0.14,0,3
100,43,88.0,35,1.58,12,88
200,43,179.0,60,2.7,21,179
2000,43,1779.0,472,21.24,221,1779
10000,43,8870.0,2466,110.97,1130,8870
20000,43,17693.0,4959,223.15,2307,17693
40000,43,35337.0,9916,446.22,4663,35337
60000,43,52995.0,14936,672.12,7005,52995
80000,43,70605.0,19914,896.13,9395,70605
100000,43,88283.0,24863,1118.83,11717,88283
200000,43,176711.0,49884,2244.78,23289,176711
400000,43,353336.0,99819,4491.86,46664,353336
600000,43,530179.0,149949,6747.71,69821,530179
800000,43,706879.0,200095,9004.28,93121,706879
1000000,43,883556.0,250326,11264.67,116444,883556
2,44,2.0,0,0.0,0,2
3,44,3.0,0,0.0,0,3
100,44,87.0,34,1.53,13,87
200,44,176.0,61,2.74,24,176
2000,44,1760.0,497,22.37,240,1760
10000,44,8867.0,2517,113.27,1133,8867
20000,44,17700.0,4935,222.07,2300,17700
40000,44,35391.0,9928,446.76,4609,35391
60000,44,53102.0,14894,670.23,6898,53102
80000,44,70789.0,19909,895.9,9211,70789
100000,44,88457.0,24945,1122.52,11543,88457
200000,44,176877.0,49837,2242.67,23123,176877
400000,44,353757.0,100023,4501.04,46243,353757
600000,44,530669.0,149945,6747.53,69331,530669
800000,44,707420.0,200004,9000.18,92580,707420
1000000,44,884037.0,250040,11251.8,115963,884037
2,45,2.0,0,0.0,0,2
3,45,3.0,0,0.0,0,3
100,45,97.0,28,1.26,3,97
200,45,190.0,66,2.97,10,190
2000,45,1789.0,514,23.13,211,1789
10000,45,8883.0,2620,117.9,1117,8883
20000,45,17713.0,5073,228.28,2287,17713
40000,45,35402.0,10059,452.66,4598,35402
60000,45,53044.0,15144,681.48,6956,53044
80000,45,70744.0,20196,908.82,9256,70744
100000,45,88425.0,25225,1135.12,11575,88425
200000,45,176789.0,50070,2253.15,23211,176789
400000,45,353551.0,99971,4498.7,46449,353551
600000,45,530330.0,150213,6759.59,69670,530330
800000,45,706992.0,200061,9002.75,93008,706992
1000000,45,884009.0,249835,11242.58,115991,884009
2,46,2.0,0,0.0,0,2
3,46,3.0,1,0.05,0,3
100,46,88.0,21,0.95,12,88
200,46,184.0,49,2.2,16,184
2000,46,1776.0,513,23.09,224,1776
10000,46,8887.0,2463,110.84,1113,8887
20000,46,17686.0,4997,224.86,2314,17686
40000,46,35365.0,9958,448.11,4635,35365
60000,46,53069.0,15012,675.54,6931,53069
80000,46,70700.0,20010,900.45,9300,70700
100000,46,88379.0,24908,1120.86,11621,88379
200000,46,176708.0,49872,2244.24,23292,176708
400000,46,353345.0,99801,4491.05,46655,353345
600000,46,529903.0,149843,6742.94,70097,529903
800000,46,706585.0,199764,8989.38,93415,706585
1000000,46,883171.0,249786,11240.37,116829,883171
2,47,2.0,0,0.0,0,2
3,47,3.0,0,0.0,0,3
100,47,86.0,27,1.22,14,86
200,47,171.0,49,2.2,29,171
2000,47,1747.0,520,23.4,253,1747
10000,47,8751.0,2560,115.2,1249,8751
20000,47,17628.0,5098,229.41,2372,17628
40000,47,35287.0,10186,458.37,4713,35287
60000,47,52943.0,15268,687.06,7057,52943
80000,47,70642.0,20271,912.19,9358,70642
100000,47,88314.0,25384,1142.28,11686,88314
200000,47,176630.0,50247,2261.12,23370,176630
400000,47,353459.0,100206,4509.27,46541,353459
600000,47,530194.0,150317,6764.27,69806,530194
800000,47,706900.0,200080,9003.6,93100,706900
1000000,47,883827.0,250054,11252.43,116173,883827
2,48,2.0,0,0.0,0,2
3,48,3.0,0,0.0,0,3
100,48,85.0,42,1.89,15,85
200,48,170.0,66,2.97,30,170
2000,48,1766.0,525,23.63,234,1766
10000,48,8847.0,2490,112.05,1153,8847
20000,48,17678.0,4984,224.28,2322,17678
40000,48,35358.0,9905,445.73,4642,35358
60000,48,53060.0,14894,670.23,6940,53060
80000,48,70654.0,19987,899.41,9346,70654
100000,48,88341.0,24884,1119.78,11659,88341
200000,48,176709.0,49987,2249.42,23291,176709
400000,48,353366.0,100028,4501.26,46634,353366
600000,48,530008.0,149931,6746.9,69992,530008
800000,48,706819.0,200112,9005.04,93181,706819
1000000,48,883524.0,250710,11281.95,116476,883524
2,49,2.0,0,0.0,0,2
3,49,3.0,0,0.0,0,3
100,49,92.0,43,1.93,8,92
200,49,183.0,68,3.06,17,183
2000,49,1766.0,494,22.23,234,1766
10000,49,8771.0,2520,113.4,1229,8771
20000,49,17613.0,5050,227.25,2387,17613
40000,49,35334.0,9979,449.06,4666,35334
60000,49,53090.0,14901,670.54,6910,53090
80000,49,70803.0,19925,896.62,9197,70803
100000,49,88482.0,24924,1121.58,11518,88482
200000,49,176796.0,49889,2245.01,23204,176796
400000,49,353752.0,100184,4508.28,46248,353752
600000,49,530569.0,150249,6761.21,69431,530569
800000,49,707288.0,200264,9011.88,92712,707288
1000000,49,883887.0,250586,11276.37,116113,883887
2,50,2.0,0,0.0,0,2
3,50,3.0,0,0.0,0,3
100,50,89.0,59,2.65,11,89
200,50,178.0,97,4.36,22,178
2000,50,1757.0,586,26.37,243,1757
10000,50,8851.0,2580,116.1,1149,8851
20000,50,17683.0,5105,229.72,2317,17683
40000,50,35406.0,10142,456.39,4594,35406
60000,50,53061.0,15127,680.71,6939,53061
80000,50,70797.0,20024,901.08,9203,70797
100000,50,88436.0,25012,1125.54,11564,88436
200000,50,176924.0,49752,2238.84,23076,176924
400000,50,353623.0,100090,4504.05,46377,353623
600000,50,530295.0,150635,6778.58,69705,530295
800000,50,707087.0,200365,9016.43,92913,707087
1000000,50,883840.0,250467,11271.02,116160,883840
2,51,2.0,1,0.05,0,2
3,51,3.0,2,0.09,0,3
100,51,83.0,61,2.74,17,83
200,51,170.0,85,3.82,30,170
2000,51,1772.0,550,24.75,228,1772
10000,51,8798.0,2580,116.1,1202,8798
20000,51,17667.0,5020,225.9,2333,17667
40000,51,35389.0,10066,452.97,4611,35389
60000,51,53078.0,15058,677.61,6922,53078
80000,51,70832.0,20071,903.19,9168,70832
100000,51,88500.0,25148,1131.66,11500,88500
200000,51,176815.0,50211,2259.5,23185,176815
400000,51,353589.0,99865,4493.93,46411,353589
600000,51,530494.0,149652,6734.34,69506,530494
800000,51,707184.0,199916,8996.22,92816,707184
1000000,51,884027.0,249640,11233.8,115973,884027
2,52,1.0,2,0.09,1,1
3,52,2.0,3,0.14,1,2
100,52,90.0,30,1.35,10,90
200,52,175.0,56,2.52,25,175
2000,52,1741.0,509,22.91,259,1741
10000,52,8835.0,2586,116.37,1165,8835
20000,52,17710.0,5057,227.56,2290,17710
40000,52,35340.0,10035,451.58,4660,35340
60000,52,53012.0,15048,677.16,6988,53012
80000,52,70695.0,20025,901.12,9305,70695
100000,52,88356.0,24997,1124.86,11644,88356
200000,52,176798.0,49853,2243.39,23202,176798
400000,52,353333.0,100410,4518.45,46667,353333
600000,52,530211.0,149979,6749.06,69789,530211
800000,52,706816.0,199812,8991.54,93184,706816
1000000,52,883615.0,249814,11241.63,116385,883615
2,53,2.0,0,0.0,0,2
3,53,3.0,0,0.0,0,3
100,53,89.0,18,0.81,11,89
200,53,174.0,50,2.25,26,174
2000,53,1771.0,486,21.87,229,1771
10000,53,8869.0,2503,112.64,1131,8869
20000,53,17680.0,4977,223.96,2320,17680
40000,53,35422.0,10034,451.53,4578,35422
60000,53,53184.0,14975,673.87,6816,53184
80000,53,70815.0,20028,901.26,9185,70815
100000,53,88464.0,24985,1124.32,11536,88464
200000,53,176768.0,49870,2244.15,23232,176768
400000,53,353694.0,99800,4491.0,46306,353694
600000,53,530389.0,149992,6749.64,69611,530389
800000,53,707195.0,199866,8993.97,92805,707195
1000000,53,883812.0,249651,11234.3,116188,883812
2,54,1.0,1,0.05,1,1
3,54,2.0,1,0.05,1,2
100,54,88.0,31,1.4,12,88
200,54,176.0,56,2.52,24,176
2000,54,1768.0,485,21.83,232,1768
10000,54,8828.0,2471,111.2,1172,8828
20000,54,17616.0,5007,225.31,2384,17616
40000,54,35265.0,9979,449.06,4735,35265
60000,54,53002.0,14957,673.06,6998,53002
80000,54,70782.0,19966,898.47,9218,70782
100000,54,88486.0,25079,1128.55,11514,88486
200000,54,176757.0,49977,2248.97,23243,176757
400000,54,353361.0,99897,4495.37,46639,353361
600000,54,530003.0,150186,6758.37,69997,530003
800000,54,706725.0,200213,9009.59,93275,706725
1000000,54,883347.0,250135,11256.08,116653,883347
2,55,2.0,2,0.09,0,2
3,55,3.0,3,0.14,0,3
100,55,80.0,76,3.42,20,80
200,55,161.0,148,6.66,39,161
2000,55,1744.0,733,32.99,256,1744
10000,55,8798.0,2785,125.33,1202,8798
20000,55,17640.0,5283,237.73,2360,17640
40000,55,35346.0,10369,466.61,4654,35346
60000,55,53038.0,15359,691.15,6962,53038
80000,55,70730.0,20258,911.61,9270,70730
100000,55,88394.0,25252,1136.34,11606,88394
200000,55,176711.0,50218,2259.81,23289,176711
400000,55,353686.0,100127,4505.72,46314,353686
600000,55,530356.0,149739,6738.26,69644,530356
800000,55,707125.0,199798,8990.91,92875,707125
1000000,55,883994.0,249809,11241.41,116006,883994
2,56,2.0,1,0.05,0,2
3,56,3.0,1,0.05,0,3
100,56,86.0,44,1.98,14,86
200,56,175.0,75,3.37,25,175
2000,56,1779.0,508,22.86,221,1779
10000,56,8858.0,2562,115.29,1142,8858
20000,56,17717.0,5083,228.73,2283,17717
40000,56,35363.0,10118,455.31,4637,35363
60000,56,53075.0,15079,678.55,6925,53075
80000,56,70798.0,20014,900.63,9202,70798
100000,56,88469.0,24920,1121.4,11531,88469
200000,56,177022.0,49897,2245.37,22978,177022
400000,56,353928.0,99774,4489.83,46072,353928
600000,56,530872.0,149917,6746.27,69128,530872
800000,56,707464.0,200177,9007.97,92536,707464
1000000,56,884233.0,250206,11259.27,115767,884233
2,57,2.0,0,0.0,0,2
3,57,3.0,1,0.05,0,3
100,57,85.0,25,1.13,15,85
200,57,171.0,53,2.38,29,171
2000,57,1754.0,577,25.97,246,1754
10000,57,8800.0,2530,113.85,1200,8800
20000,57,17657.0,5064,227.88,2343,17657
40000,57,35381.0,10081,453.65,4619,35381
60000,57,53030.0,15046,677.07,6970,53030
80000,57,70716.0,20091,904.09,9284,70716
100000,57,88445.0,25151,1131.79,11555,88445
200000,57,176874.0,50208,2259.36,23126,176874
400000,57,353724.0,100074,4503.33,46276,353724
600000,57,530588.0,150150,6756.75,69412,530588
800000,57,707438.0,200208,9009.36,92562,707438
1000000,57,884460.0,250107,11254.82,115540,884460
2,58,2.0,0,0.0,0,2
3,58,3.0,1,0.05,0,3
100,58,89.0,70,3.15,11,89
200,58,173.0,108,4.86,27,173
2000,58,1746.0,529,23.81,254,1746
10000,58,8810.0,2578,116.01,1190,8810
20000,58,17624.0,4984,224.28,2376,17624
40000,58,35252.0,9986,449.37,4748,35252
60000,58,52867.0,15028,676.26,7133,52867
80000,58,70539.0,20074,903.33,9461,70539
100000,58,88243.0,25083,1128.73,11757,88243
200000,58,176503.0,50128,2255.76,23497,176503
400000,58,353238.0,99935,4497.08,46762,353238
600000,58,529877.0,149866,6743.97,70123,529877
800000,58,706661.0,200038,9001.71,93339,706661
1000000,58,883357.0,250173,11257.79,116643,883357
2,59,1.0,0,0.0,1,1
3,59,2.0,1,0.05,1,2
100,59,87.0,27,1.22,13,87
200,59,177.0,54,2.43,23,177
2000,59,1760.0,498,22.41,240,1760
10000,59,8824.0,2502,112.59,1176,8824
20000,59,17669.0,4966,223.47,2331,17669
40000,59,35368.0,9886,444.87,4632,35368
60000,59,53042.0,14859,668.65,6958,53042
80000,59,70740.0,19834,892.53,9260,70740
100000,59,88332.0,24814,1116.63,11668,88332
200000,59,176561.0,50032,2251.44,23439,176561
400000,59,353492.0,99904,4495.68,46508,353492
600000,59,530137.0,150121,6755.45,69863,530137
800000,59,706798.0,200083,9003.74,93202,706798
1000000,59,883526.0,250414,11268.63,116474,883526
2,60,2.0,0,0.0,0,2
3,60,3.0,1,0.05,0,3
100,60,82.0,62,2.79,18,82
200,60,163.0,129,5.8,37,163
2000,60,1772.0,596,26.82,228,1772
10000,60,8860.0,2625,118.13,1140,8860
20000,60,17659.0,5106,229.77,2341,17659
40000,60,35376.0,9991,449.6,4624,35376
60000,60,53035.0,15077,678.46,6965,53035
80000,60,70734.0,20126,905.67,9266,70734
100000,60,88519.0,25065,1127.92,11481,88519
200000,60,176970.0,49993,2249.69,23030,176970
400000,60,353893.0,100127,4505.72,46107,353893
600000,60,530646.0,150387,6767.42,69354,530646
800000,60,707519.0,200155,9006.98,92481,707519
1000000,60,884188.0,250155,11256.98,115812,884188
2,61,1.0,0,0.0,1,1
3,61,2.0,0,0.0,1,2
100,61,84.0,67,3.01,16,84
200,61,176.0,103,4.63,24,176
2000,61,1761.0,560,25.2,239,1761
10000,61,8834.0,2538,114.21,1166,8834
20000,61,17666.0,4993,224.68,2334,17666
40000,61,35293.0,10018,450.81,4707,35293
60000,61,52907.0,15061,677.74,7093,52907
80000,61,70490.0,20203,909.13,9510,70490
100000,61,88145.0,25180,1133.1,11855,88145
200000,61,176402.0,50301,2263.55,23598,176402
400000,61,353306.0,100185,4508.33,46694,353306
600000,61,530060.0,150194,6758.73,69940,530060
800000,61,706693.0,200266,9011.97,93307,706693
1000000,61,883634.0,250256,11261.52,116366,883634
2,62,2.0,0,0.0,0,2
3,62,2.0,1,0.05,1,2
100,62,87.0,22,0.99,13,87
200,62,173.0,44,1.98,27,173
2000,62,1746.0,493,22.19,254,1746
10000,62,8869.0,2516,113.22,1131,8869
20000,62,17705.0,5022,225.99,2295,17705
40000,62,35304.0,10098,454.41,4696,35304
60000,62,52993.0,14994,674.73,7007,52993
80000,62,70607.0,19977,898.96,9393,70607
100000,62,88378.0,24852,1118.34,11622,88378
200000,62,176832.0,49810,2241.45,23168,176832
400000,62,353622.0,100040,4501.8,46378,353622
600000,62,530435.0,149922,6746.49,69565,530435
800000,62,707030.0,199806,8991.27,92970,707030
1000000,62,883663.0,249511,11228.0,116337,883663
2,63,1.0,0,0.0,1,1
3,63,2.0,0,0.0,1,2
100,63,86.0,44,1.98,14,86
200,63,176.0,64,2.88,24,176
2000,63,1763.0,508,22.86,237,1763
10000,63,8804.0,2471,111.2,1196,8804
20000,63,17649.0,5007,225.31,2351,17649
40000,63,35421.0,9939,447.26,4579,35421
60000,63,53097.0,14880,669.6,6903,53097
80000,63,70749.0,19885,894.82,9251,70749
100000,63,88483.0,24787,1115.41,11517,88483
200000,63,176735.0,49862,2243.79,23265,176735
400000,63,353662.0,99813,4491.59,46338,353662
600000,63,530536.0,149866,6743.97,69464,530536
800000,63,707665.0,199536,8979.12,92335,707665
1000000,63,884810.0,249454,11225.43,115190,884810
2,64,1.0,1,0.05,1,1
3,64,2.0,2,0.09,1,2
100,64,86.0,54,2.43,14,86
200,64,178.0,77,3.46,22,178
2000,64,1753.0,537,24.17,247,1753
10000,64,8765.0,2516,113.22,1235,8765
20000,64,17573.0,4995,224.77,2427,17573
40000,64,35335.0,9910,445.95,4665,35335
60000,64,53005.0,14864,668.88,6995,53005
80000,64,70707.0,19746,888.57,9293,70707
100000,64,88421.0,24813,1116.58,11579,88421
200000,64,176702.0,49825,2242.13,23298,176702
400000,64,353514.0,99503,4477.64,46486,353514
600000,64,530230.0,149526,6728.67,69770,530230
800000,64,707076.0,199315,8969.18,92924,707076
1000000,64,883797.0,249223,11215.04,116203,883797
2,65,2.0,0,0.0,0,2
3,65,3.0,0,0.0,0,3
100,65,82.0,20,0.9,18,82
200,65,169.0,44,1.98,31,169
2000,65,1773.0,483,21.74,227,1773
10000,65,8826.0,2481,111.65,1174,8826
20000,65,17655.0,4927,221.71,2345,17655
40000,65,35327.0,9966,448.47,4673,35327
60000,65,52950.0,14973,673.78,7050,52950
80000,65,70697.0,19959,898.15,9303,70697
100000,65,88369.0,24877,1119.46,11631,88369
200000,65,176503.0,49974,2248.83,23497,176503
400000,65,353322.0,100148,4506.66,46678,353322
600000,65,530197.0,150230,6760.35,69803,530197
800000,65,706892.0,200147,9006.62,93108,706892
1000000,65,883716.0,249876,11244.42,116284,883716
2,66,2.0,2,0.09,0,2
3,66,3.0,2,0.09,0,3
100,66,88.0,39,1.76,12,88
200,66,182.0,64,2.88,18,182
2000,66,1757.0,517,23.27,243,1757
10000,66,8812.0,2516,113.22,1188,8812
20000,66,17647.0,5078,228.51,2353,17647
40000,66,35363.0,9992,449.64,4637,35363
60000,66,53084.0,14950,672.75,6916,53084
80000,66,70727.0,19992,899.64,9273,70727
100000,66,88346.0,25073,1128.28,11654,88346
200000,66,176587.0,50071,2253.2,23413,176587
400000,66,353318.0,100091,4504.1,46682,353318
600000,66,530138.0,150103,6754.64,69862,530138
800000,66,706974.0,199740,8988.3,93026,706974
1000000,66,883450.0,249791,11240.6,116550,883450
2,67,1.0,0,0.0,1,1
3,67,2.0,0,0.0,1,2
100,67,83.0,70,3.15,17,83
200,67,168.0,146,6.57,32,168
2000,67,1760.0,931,41.9,240,1760
10000,67,8903.0,2894,130.23,1097,8903
20000,67,17750.0,5431,244.39,2250,17750
40000,67,35406.0,10379,467.06,4594,35406
60000,67,53041.0,15348,690.66,6959,53041
80000,67,70722.0,20310,913.95,9278,70722
100000,67,88311.0,25308,1138.86,11689,88311
200000,67,176577.0,50393,2267.69,23423,176577
400000,67,353380.0,100323,4514.54,46620,353380
600000,67,530378.0,150301,6763.55,69622,530378
800000,67,707221.0,200072,9003.24,92779,707221
1000000,67,884158.0,249989,11249.51,115842,884158
2,68,1.0,0,0.0,1,1
3,68,2.0,0,0.0,1,2
100,68,88.0,62,2.79,12,88
200,68,174.0,137,6.16,26,174
2000,68,1759.0,577,25.97,241,1759
10000,68,8819.0,2562,115.29,1181,8819
20000,68,17651.0,5016,225.72,2349,17651
40000,68,35344.0,9961,448.25,4656,35344
60000,68,53055.0,14894,670.23,6945,53055
80000,68,70714.0,19991,899.59,9286,70714
100000,68,88371.0,24962,1123.29,11629,88371
200000,68,176828.0,49974,2248.83,23172,176828
400000,68,353683.0,99539,4479.26,46317,353683
600000,68,530397.0,149483,6726.74,69603,530397
800000,68,706936.0,199548,8979.66,93064,706936
1000000,68,883839.0,249231,11215.4,116161,883839
2,69,2.0,0,0.0,0,2
3,69,3.0,0,0.0,0,3
100,69,93.0,52,2.34,7,93
200,69,186.0,81,3.64,14,186
2000,69,1763.0,544,24.48,237,1763
10000,69,8847.0,2522,113.49,1153,8847
20000,69,17725.0,5032,226.44,2275,17725
40000,69,35401.0,9980,449.1,4599,35401
60000,69,53036.0,14901,670.54,6964,53036
80000,69,70722.0,19898,895.41,9278,70722
100000,69,88401.0,24885,1119.82,11599,88401
200000,69,176858.0,49644,2233.98,23142,176858
400000,69,353697.0,99498,4477.41,46303,353697
600000,69,530323.0,149676,6735.42,69677,530323
800000,69,707011.0,199601,8982.05,92989,707011
1000000,69,883831.0,249546,11229.57,116169,883831
2,70,2.0,0,0.0,0,2
3,70,2.0,0,0.0,1,2
100,70,85.0,48,2.16,15,85
200,70,169.0,70,3.15,31,169
2000,70,1747.0,532,23.94,253,1747
10000,70,8865.0,2567,115.52,1135,8865
20000,70,17690.0,5068,228.06,2310,17690
40000,70,35328.0,10051,452.3,4672,35328
60000,70,53049.0,14902,670.59,6951,53049
80000,70,70775.0,19919,896.35,9225,70775
100000,70,88330.0,24954,1122.93,11670,88330
200000,70,176522.0,49990,2249.55,23478,176522
400000,70,353173.0,99713,4487.09,46827,353173
600000,70,530052.0,149656,6734.52,69948,530052
800000,70,706832.0,199828,8992.26,93168,706832
1000000,70,883466.0,249859,11243.66,116534,883466
2,71,2.0,0,0.0,0,2
3,71,3.0,0,0.0,0,3
100,71,88.0,20,0.9,12,88
200,71,176.0,38,1.71,24,176
2000,71,1765.0,449,20.21,235,1765
10000,71,8850.0,2406,108.27,1150,8850
20000,71,17698.0,4876,219.42,2302,17698
40000,71,35405.0,9737,438.17,4595,35405
60000,71,53125.0,14809,666.4,6875,53125
80000,71,70819.0,19929,896.8,9181,70819
100000,71,88545.0,24818,1116.81,11455,88545
200000,71,176865.0,49647,2234.12,23135,176865
400000,71,353488.0,99431,4474.4,46512,353488
600000,71,530278.0,149421,6723.95,69722,530278
800000,71,706767.0,199365,8971.43,93233,706767
1000000,71,883442.0,249408,11223.36,116558,883442
2,72,2.0,2,0.09,0,2
3,72,3.0,3,0.14,0,3
100,72,92.0,43,1.93,8,92
200,72,181.0,89,4.0,19,181
2000,72,1785.0,562,25.29,215,1785
10000,72,8827.0,2537,114.17,1173,8827
20000,72,17632.0,5073,228.28,2368,17632
40000,72,35350.0,10122,455.49,4650,35350
60000,72,53061.0,15118,680.31,6939,53061
80000,72,70711.0,20188,908.46,9289,70711
100000,72,88359.0,25153,1131.88,11641,88359
200000,72,176697.0,50080,2253.6,23303,176697
400000,72,353511.0,100129,4505.81,46489,353511
600000,72,530088.0,149939,6747.26,69912,530088
800000,72,706935.0,199626,8983.17,93065,706935
1000000,72,883601.0,249603,11232.14,116399,883601
2,73,2.0,2,0.09,0,2
3,73,3.0,2,0.09,0,3
100,73,85.0,45,2.02,15,85
200,73,175.0,68,3.06,25,175
2000,73,1740.0,562,25.29,260,1740
10000,73,8795.0,2589,116.51,1205,8795
20000,73,17640.0,5112,230.04,2360,17640
40000,73,35309.0,10131,455.9,4691,35309
60000,73,52974.0,15238,685.71,7026,52974
80000,73,70688.0,20176,907.92,9312,70688
100000,73,88385.0,25225,1135.12,11615,88385
200000,73,176908.0,50363,2266.34,23092,176908
400000,73,353424.0,100350,4515.75,46576,353424
600000,73,530140.0,150200,6759.0,69860,530140
800000,73,706899.0,200215,9009.68,93101,706899
1000000,73,883605.0,249890,11245.05,116395,883605
2,74,0.0,0,0.0,2,0
3,74,1.0,0,0.0,2,1
100,74,87.0,71,3.19,13,87
200,74,169.0,139,6.25,31,169
2000,74,1747.0,767,34.52,253,1747
10000,74,8824.0,2750,123.75,1176,8824
20000,74,17670.0,5224,235.08,2330,17670
40000,74,35263.0,10296,463.32,4737,35263
60000,74,52905.0,15377,691.96,7095,52905
80000,74,70631.0,20252,911.34,9369,70631
100000,74,88315.0,25244,1135.98,11685,88315
200000,74,176754.0,50307,2263.82,23246,176754
400000,74,353312.0,100481,4521.65,46688,353312
600000,74,530075.0,150409,6768.41,69925,530075
800000,74,706694.0,200830,9037.35,93306,706694
1000000,74,883309.0,250729,11282.81,116691,883309
2,75,2.0,1,0.05,0,2
3,75,3.0,1,0.05,0,3
100,75,87.0,28,1.26,13,87
200,75,176.0,61,2.74,24,176
2000,75,1762.0,523,23.54,238,1762
10000,75,8876.0,2507,112.82,1124,8876
20000,75,17693.0,5024,226.08,2307,17693
40000,75,35371.0,10002,450.09,4629,35371
60000,75,53052.0,15007,675.31,6948,53052
80000,75,70710.0,19935,897.07,9290,70710
100000,75,88406.0,24878,1119.51,11594,88406
200000,75,176720.0,49894,2245.23,23280,176720
400000,75,353542.0,99742,4488.39,46458,353542
600000,75,530322.0,149595,6731.78,69678,530322
800000,75,707051.0,199427,8974.22,92949,707051
1000000,75,883604.0,249242,11215.89,116396,883604
2,76,2.0,0,0.0,0,2
3,76,3.0,1,0.05,0,3
100,76,89.0,29,1.31,11,89
200,76,182.0,48,2.16,18,182
2000,76,1788.0,496,22.32,212,1788
10000,76,8826.0,2518,113.31,1174,8826
20000,76,17616.0,5021,225.94,2384,17616
40000,76,35290.0,10074,453.33,4710,35290
60000,76,52974.0,15044,676.98,7026,52974
80000,76,70731.0,20020,900.9,9269,70731
100000,76,88371.0,24977,1123.96,11629,88371
200000,76,176756.0,50008,2250.36,23244,176756
400000,76,353387.0,99674,4485.33,46613,353387
600000,76,530022.0,149423,6724.04,69978,530022
800000,76,706663.0,199122,8960.49,93337,706663
1000000,76,883247.0,249301,11218.55,116753,883247
2,77,2.0,0,0.0,0,2
3,77,2.0,0,0.0,1,2
100,77,86.0,26,1.17,14,86
200,77,176.0,71,3.19,24,176
2000,77,1772.0,554,24.93,228,1772
10000,77,8772.0,2490,112.05,1228,8772
20000,77,17615.0,4988,224.46,2385,17615
40000,77,35238.0,9899,445.46,4762,35238
60000,77,52914.0,14847,668.11,7086,52914
80000,77,70507.0,19839,892.75,9493,70507
100000,77,88218.0,24805,1116.22,11782,88218
200000,77,176459.0,49800,2241.0,23541,176459
400000,77,353023.0,99736,4488.12,46977,353023
600000,77,529589.0,149632,6733.44,70411,529589
800000,77,706615.0,199797,8990.87,93385,706615
1000000,77,883333.0,249940,11247.3,116667,883333
2,78,2.0,0,0.0,0,2
3,78,3.0,0,0.0,0,3
100,78,89.0,49,2.2,11,89
200,78,177.0,104,4.68,23,177
2000,78,1778.0,532,23.94,222,1778
10000,78,8837.0,2495,112.28,1163,8837
20000,78,17689.0,5046,227.07,2311,17689
40000,78,35335.0,10094,454.23,4665,35335
60000,78,52960.0,15184,683.28,7040,52960
80000,78,70644.0,20218,909.81,9356,70644
100000,78,88359.0,25261,1136.74,11641,88359
200000,78,176799.0,50229,2260.31,23201,176799
400000,78,353630.0,100351,4515.8,46370,353630
600000,78,530556.0,150393,6767.69,69444,530556
800000,78,707201.0,200375,9016.88,92799,707201
1000000,78,883963.0,250270,11262.15,116037,883963
2,79,2.0,0,0.0,0,2
3,79,3.0,0,0.0,0,3
100,79,88.0,34,1.53,12,88
200,79,174.0,59,2.65,26,174
2000,79,1776.0,480,21.6,224,1776
10000,79,8805.0,2461,110.75,1195,8805
20000,79,17656.0,4943,222.43,2344,17656
40000,79,35301.0,9922,446.49,4699,35301
60000,79,52982.0,14950,672.75,7018,52982
80000,79,70669.0,19994,899.73,9331,70669
100000,79,88359.0,25033,1126.48,11641,88359
200000,79,176781.0,50104,2254.68,23219,176781
400000,79,353730.0,99894,4495.23,46270,353730
600000,79,530308.0,149904,6745.68,69692,530308
800000,79,706878.0,200129,9005.81,93122,706878
1000000,79,883720.0,250128,11255.76,116280,883720
2,80,2.0,0,0.0,0,2
3,80,3.0,0,0.0,0,3
100,80,90.0,51,2.29,10,90
200,80,177.0,100,4.5,23,177
2000,80,1758.0,541,24.35,242,1758
10000,80,8853.0,2525,113.63,1147,8853
20000,80,17723.0,5054,227.43,2277,17723
40000,80,35377.0,10032,451.44,4623,35377
60000,80,53033.0,15105,679.72,6967,53033
80000,80,70739.0,20105,904.72,9261,70739
100000,80,88371.0,25104,1129.68,11629,88371
200000,80,176576.0,50224,2260.08,23424,176576
400000,80,353707.0,100489,4522.01,46293,353707
600000,80,530441.0,150542,6774.39,69559,530441
800000,80,707183.0,200408,9018.36,92817,707183
1000000,80,884028.0,250461,11270.75,115972,884028
2,81,2.0,0,0.0,0,2
3,81,3.0,0,0.0,0,3
100,81,85.0,34,1.53,15,85
200,81,167.0,64,2.88,33,167
2000,81,1761.0,602,27.09,239,1761
10000,81,8850.0,2585,116.33,1150,8850
20000,81,17671.0,5117,230.26,2329,17671
40000,81,35413.0,10122,455.49,4587,35413
60000,81,53073.0,15040,676.8,6927,53073
80000,81,70715.0,20078,903.51,9285,70715
100000,81,88436.0,25089,1129.0,11564,88436
200000,81,176913.0,50024,2251.08,23087,176913
400000,81,353748.0,99851,4493.3,46252,353748
600000,81,530365.0,150031,6751.4,69635,530365
800000,81,707246.0,199900,8995.5,92754,707246
1000000,81,883745.0,249983,11249.24,116255,883745
2,82,2.0,1,0.05,0,2
3,82,3.0,1,0.05,0,3
100,82,89.0,31,1.4,11,89
200,82,176.0,53,2.38,24,176
2000,82,1750.0,486,21.87,250,1750
10000,82,8839.0,2436,109.62,1161,8839
20000,82,17655.0,4988,224.46,2345,17655
40000,82,35346.0,10075,453.38,4654,35346
60000,82,52989.0,15090,679.05,7011,52989
80000,82,70652.0,20063,902.83,9348,70652
100000,82,88305.0,24994,1124.73,11695,88305
200000,82,176568.0,49700,2236.5,23432,176568
400000,82,353284.0,99386,4472.37,46716,353284
600000,82,530246.0,149540,6729.3,69754,530246
800000,82,706996.0,199442,8974.89,93004,706996
1000000,82,883639.0,249657,11234.57,116361,883639
2,83,2.0,0,0.0,0,2
3,83,2.0,0,0.0,1,2
100,83,86.0,27,1.22,14,86
200,83,176.0,50,2.25,24,176
2000,83,1771.0,518,23.31,229,1771
10000,83,8828.0,2545,114.53,1172,8828
20000,83,17696.0,5070,228.15,2304,17696
40000,83,35386.0,10077,453.47,4614,35386
60000,83,52998.0,15096,679.32,7002,52998
80000,83,70622.0,20172,907.74,9378,70622
100000,83,88260.0,25086,1128.87,11740,88260
200000,83,176596.0,50022,2250.99,23404,176596
400000,83,353560.0,99772,4489.74,46440,353560
600000,83,530322.0,149747,6738.62,69678,530322
800000,83,707061.0,199455,8975.48,92939,707061
1000000,83,883610.0,249454,11225.43,116390,883610
2,84,2.0,0,0.0,0,2
3,84,3.0,0,0.0,0,3
100,84,92.0,57,2.56,8,92
200,84,178.0,114,5.13,22,178
2000,84,1744.0,995,44.78,256,1744
10000,84,8769.0,2967,133.52,1231,8769
20000,84,17577.0,5493,247.18,2423,17577
40000,84,35308.0,10494,472.23,4692,35308
60000,84,53008.0,15461,695.74,6992,53008
80000,84,70876.0,20444,919.98,9124,70876
100000,84,88455.0,25463,1145.83,11545,88455
200000,84,176809.0,50653,2279.39,23191,176809
400000,84,353402.0,100836,4537.62,46598,353402
600000,84,530251.0,151056,6797.52,69749,530251
800000,84,707241.0,200796,9035.82,92759,707241
1000000,84,884166.0,250795,11285.78,115834,884166
2,85,2.0,0,0.0,0,2
3,85,3.0,0,0.0,0,3
100,85,85.0,26,1.17,15,85
200,85,173.0,51,2.29,27,173
2000,85,1770.0,485,21.83,230,1770
10000,85,8867.0,2459,110.66,1133,8867
20000,85,17738.0,5017,225.76,2262,17738
40000,85,35403.0,10135,456.08,4597,35403
60000,85,53006.0,15117,680.26,6994,53006
80000,85,70668.0,20102,904.59,9332,70668
100000,85,88393.0,25101,1129.54,11607,88393
200000,85,176711.0,50031,2251.4,23289,176711
400000,85,353514.0,99704,4486.68,46486,353514
600000,85,530411.0,149682,6735.69,69589,530411
800000,85,707315.0,200143,9006.44,92685,707315
1000000,85,883971.0,250015,11250.68,116029,883971
2,86,2.0,0,0.0,0,2
3,86,3.0,0,0.0,0,3
100,86,90.0,23,1.04,10,90
200,86,177.0,47,2.11,23,177
2000,86,1759.0,502,22.59,241,1759
10000,86,8777.0,2498,112.41,1223,8777
20000,86,17678.0,5001,225.04,2322,17678
40000,86,35363.0,10067,453.02,4637,35363
60000,86,53075.0,15044,676.98,6925,53075
80000,86,70842.0,20021,900.94,9158,70842
100000,86,88467.0,25076,1128.42,11533,88467
200000,86,176878.0,50177,2257.97,23122,176878
400000,86,353455.0,100199,4508.96,46545,353455
600000,86,530060.0,150658,6779.61,69940,530060
800000,86,706623.0,200472,9021.24,93377,706623
1000000,86,883306.0,250575,11275.88,116694,883306
2,87,2.0,0,0.0,0,2
3,87,3.0,0,0.0,0,3
100,87,86.0,31,1.4,14,86
200,87,176.0,53,2.38,24,176
2000,87,1756.0,503,22.64,244,1756
10000,87,8818.0,2501,112.55,1182,8818
20000,87,17671.0,5067,228.01,2329,17671
40000,87,35377.0,9973,448.79,4623,35377
60000,87,53052.0,15014,675.63,6948,53052
80000,87,70733.0,19893,895.18,9267,70733
100000,87,88440.0,24875,1119.37,11560,88440
200000,87,176783.0,49700,2236.5,23217,176783
400000,87,353363.0,99731,4487.9,46637,353363
600000,87,530294.0,149864,6743.88,69706,530294
800000,87,707153.0,199950,8997.75,92847,707153
1000000,87,883975.0,249990,11249.55,116025,883975
2,88,2.0,0,0.0,0,2
3,88,3.0,1,0.05,0,3
100,88,93.0,26,1.17,7,93
200,88,186.0,59,2.65,14,186
2000,88,1788.0,509,22.91,212,1788
10000,88,8921.0,2550,114.75,1079,8921
20000,88,17760.0,5006,225.27,2240,17760
40000,88,35447.0,9994,449.73,4553,35447
60000,88,53145.0,15109,679.9,6855,53145
80000,88,70859.0,20119,905.35,9141,70859
100000,88,88550.0,25021,1125.94,11450,88550
200000,88,176886.0,50052,2252.34,23114,176886
400000,88,353484.0,100001,4500.05,46516,353484
600000,88,530306.0,149743,6738.44,69694,530306
800000,88,707345.0,199589,8981.51,92655,707345
1000000,88,883859.0,249369,11221.61,116141,883859
2,89,2.0,0,0.0,0,2
3,89,3.0,0,0.0,0,3
100,89,93.0,39,1.76,7,93
200,89,180.0,64,2.88,20,180
2000,89,1757.0,506,22.77,243,1757
10000,89,8786.0,2466,110.97,1214,8786
20000,89,17657.0,4908,220.86,2343,17657
40000,89,35321.0,9954,447.93,4679,35321
60000,89,52977.0,15021,675.94,7023,52977
80000,89,70633.0,20130,905.85,9367,70633
100000,89,88174.0,25117,1130.26,11826,88174
200000,89,176610.0,50164,2257.38,23390,176610
400000,89,353270.0,100199,4508.96,46730,353270
600000,89,529838.0,150517,6773.27,70162,529838
800000,89,706505.0,200398,9017.91,93495,706505
1000000,89,883129.0,250463,11270.84,116871,883129
2,90,2.0,0,0.0,0,2
3,90,3.0,0,0.0,0,3
100,90,87.0,40,1.8,13,87
200,90,178.0,68,3.06,22,178
2000,90,1786.0,497,22.37,214,1786
10000,90,8885.0,2482,111.69,1115,8885
20000,90,17767.0,4926,221.67,2233,17767
40000,90,35443.0,9936,447.12,4557,35443
60000,90,53137.0,14932,671.94,6863,53137
80000,90,70781.0,19816,891.72,9219,70781
100000,90,88557.0,24727,1112.71,11443,88557
200000,90,177005.0,49686,2235.87,22995,177005
400000,90,353995.0,100047,4502.12,46005,353995
600000,90,530760.0,150025,6751.13,69240,530760
800000,90,707492.0,200086,9003.87,92508,707492
1000000,90,884179.0,250485,11271.83,115821,884179
2,91,2.0,0,0.0,0,2
3,91,2.0,0,0.0,1,2
100,91,84.0,48,2.16,16,84
200,91,170.0,81,3.64,30,170
2000,91,1776.0,523,23.54,224,1776
10000,91,8889.0,2503,112.64,1111,8889
20000,91,17722.0,5027,226.21,2278,17722
40000,91,35391.0,9984,449.28,4609,35391
60000,91,52955.0,14954,672.93,7045,52955
80000,91,70616.0,20029,901.3,9384,70616
100000,91,88412.0,25032,1126.44,11588,88412
200000,91,176691.0,50290,2263.05,23309,176691
400000,91,353529.0,100487,4521.92,46471,353529
600000,91,530355.0,150304,6763.68,69645,530355
800000,91,707036.0,200360,9016.2,92964,707036
1000000,91,883956.0,250457,11270.57,116044,883956
2,92,2.0,0,0.0,0,2
3,92,3.0,0,0.0,0,3
100,92,90.0,28,1.26,10,90
200,92,177.0,52,2.34,23,177
2000,92,1778.0,515,23.18,222,1778
10000,92,8833.0,2552,114.84,1167,8833
20000,92,17619.0,5110,229.95,2381,17619
40000,92,35250.0,10211,459.5,4750,35250
60000,92,52947.0,15258,686.61,7053,52947
80000,92,70711.0,20243,910.93,9289,70711
100000,92,88300.0,25258,1136.61,11700,88300
200000,92,176725.0,50155,2256.98,23275,176725
400000,92,353542.0,100450,4520.25,46458,353542
600000,92,530004.0,150282,6762.69,69996,530004
800000,92,706857.0,200102,9004.59,93143,706857
1000000,92,884000.0,250294,11263.23,116000,884000
2,93,2.0,0,0.0,0,2
3,93,3.0,1,0.05,0,3
100,93,91.0,65,2.92,9,91
200,93,179.0,130,5.85,21,179
2000,93,1757.0,673,30.29,243,1757
10000,93,8836.0,2608,117.36,1164,8836
20000,93,17665.0,5130,230.85,2335,17665
40000,93,35301.0,10103,454.64,4699,35301
60000,93,52991.0,15250,686.25,7009,52991
80000,93,70635.0,20265,911.92,9365,70635
100000,93,88388.0,25226,1135.17,11612,88388
200000,93,176651.0,50144,2256.48,23349,176651
400000,93,353394.0,100273,4512.29,46606,353394
600000,93,530202.0,150077,6753.47,69798,530202
800000,93,706847.0,200054,9002.43,93153,706847
1000000,93,883547.0,250145,11256.53,116453,883547
2,94,2.0,2,0.09,0,2
3,94,3.0,3,0.14,0,3
100,94,85.0,64,2.88,15,85
200,94,175.0,141,6.34,25,175
2000,94,1762.0,1038,46.71,238,1762
10000,94,8822.0,3064,137.88,1178,8822
20000,94,17606.0,5587,251.41,2394,17606
40000,94,35240.0,10460,470.7,4760,35240
60000,94,52917.0,15450,695.25,7083,52917
80000,94,70608.0,20466,920.97,9392,70608
100000,94,88331.0,25495,1147.27,11669,88331
200000,94,176737.0,50279,2262.56,23263,176737
400000,94,353606.0,100357,4516.07,46394,353606
600000,94,530452.0,149995,6749.78,69548,530452
800000,94,707399.0,199710,8986.95,92601,707399
1000000,94,884103.0,250008,11250.36,115897,884103
2,95,0.0,1,0.05,2,0
3,95,1.0,2,0.09,2,1
100,95,86.0,79,3.55,14,86
200,95,173.0,115,5.17,27,173
2000,95,1783.0,566,25.47,217,1783
10000,95,8855.0,2576,115.92,1145,8855
20000,95,17627.0,5055,227.47,2373,17627
40000,95,35332.0,10033,451.49,4668,35332
60000,95,53019.0,15025,676.12,6981,53019
80000,95,70743.0,20059,902.65,9257,70743
100000,95,88290.0,25162,1132.29,11710,88290
200000,95,176720.0,50314,2264.13,23280,176720
400000,95,353356.0,100440,4519.8,46644,353356
600000,95,529748.0,150497,6772.37,70252,529748
800000,95,706524.0,200423,9019.04,93476,706524
1000000,95,883393.0,250372,11266.74,116607,883393
2,96,2.0,0,0.0,0,2
3,96,3.0,1,0.05,0,3
100,96,94.0,38,1.71,6,94
200,96,181.0,63,2.83,19,181
2000,96,1755.0,549,24.71,245,1755
10000,96,8846.0,2520,113.4,1154,8846
20000,96,17695.0,4999,224.95,2305,17695
40000,96,35474.0,10016,450.72,4526,35474
60000,96,53167.0,15095,679.27,6833,53167
80000,96,70885.0,20261,911.74,9115,70885
100000,96,88518.0,25288,1137.96,11482,88518
200000,96,176803.0,50094,2254.23,23197,176803
400000,96,353785.0,100145,4506.53,46215,353785
600000,96,530302.0,149963,6748.34,69698,530302
800000,96,707105.0,199815,8991.68,92895,707105
1000000,96,883703.0,249439,11224.76,116297,883703
2,97,2.0,0,0.0,0,2
3,97,2.0,1,0.05,1,2
100,97,85.0,19,0.86,15,85
200,97,175.0,45,2.02,25,175
2000,97,1748.0,521,23.45,252,1748
10000,97,8853.0,2448,110.16,1147,8853
20000,97,17716.0,4993,224.68,2284,17716
40000,97,35353.0,9920,446.4,4647,35353
60000,97,53071.0,14865,668.92,6929,53071
80000,97,70708.0,19888,894.96,9292,70708
100000,97,88398.0,24858,1118.61,11602,88398
200000,97,176941.0,49924,2246.58,23059,176941
400000,97,353930.0,99920,4496.4,46070,353930
600000,97,530759.0,150113,6755.09,69241,530759
800000,97,707548.0,200384,9017.28,92452,707548
1000000,97,884471.0,250318,11264.31,115529,884471
2,98,1.0,1,0.05,1,1
3,98,2.0,1,0.05,1,2
100,98,92.0,42,1.89,8,92
200,98,176.0,99,4.45,24,176
2000,98,1764.0,1040,46.8,236,1764
10000,98,8891.0,3063,137.84,1109,8891
20000,98,17752.0,5484,246.78,2248,17752
40000,98,35428.0,10531,473.9,4572,35428
60000,98,53113.0,15614,702.63,6887,53113
80000,98,70836.0,20623,928.03,9164,70836
100000,98,88411.0,25675,1155.37,11589,88411
200000,98,176732.0,50801,2286.05,23268,176732
400000,98,353626.0,100719,4532.36,46374,353626
600000,98,530229.0,150723,6782.54,69771,530229
800000,98,706847.0,200892,9040.14,93153,706847
1000000,98,883750.0,250923,11291.54,116250,883750
2,99,2.0,1,0.05,0,2
3,99,3.0,2,0.09,0,3
100,99,88.0,36,1.62,12,88
200,99,176.0,61,2.74,24,176
2000,99,1761.0,513,23.09,239,1761
10000,99,8844.0,2513,113.09,1156,8844
20000,99,17698.0,5071,228.19,2302,17698
40000,99,35380.0,9984,449.28,4620,35380
60000,99,53057.0,14828,667.26,6943,53057
80000,99,70762.0,19880,894.6,9238,70762
100000,99,88494.0,24873,1119.28,11506,88494
200000,99,176911.0,49789,2240.51,23089,176911
400000,99,353584.0,99986,4499.37,46416,353584
600000,99,530461.0,150163,6757.34,69539,530461
800000,99,707210.0,200007,9000.32,92790,707210
1000000,99,884069.0,250123,11255.54,115931,884069
2,100,1.0,1,0.05,1,1
3,100,2.0,1,0.05,1,2
100,100,90.0,22,0.99,10,90
200,100,182.0,84,3.78,18,182
2000,100,1768.0,536,24.12,232,1768
10000,100,8790.0,2479,111.56,1210,8790
20000,100,17622.0,5073,228.28,2378,17622
40000,100,35331.0,10036,451.62,4669,35331
60000,100,53005.0,15073,678.28,6995,53005
80000,100,70636.0,20105,904.72,9364,70636
100000,100,88344.0,25018,1125.81,11656,88344
200000,100,176729.0,49978,2249.01,23271,176729
400000,100,353489.0,99829,4492.31,46511,353489
600000,100,530312.0,149759,6739.16,69688,530312
800000,100,706896.0,199883,8994.74,93104,706896
1000000,100,883842.0,249787,11240.42,116158,883842
