Timestep,Iteration,Total Reward,Suboptimal Arms,Total Regret,Zeros Count,Ones Count
2,1,2.0,0,0.0,0,2
3,1,3.0,0,0.0,0,3
100,1,91.0,9,0.9,9,91
200,1,180.0,11,1.1,20,180
2000,1,1772.0,51,5.1,228,1772
10000,1,8955.0,252,25.2,1045,8955
20000,1,17948.0,512,51.2,2052,17948
40000,1,35840.0,1021,102.1,4160,35840
60000,1,53780.0,1552,155.2,6220,53780
80000,1,71695.0,2113,211.3,8305,71695
100000,1,89659.0,2597,259.7,10341,89659
2,2,2.0,0,0.0,0,2
3,2,3.0,0,0.0,0,3
100,2,93.0,3,0.3,7,93
200,2,182.0,3,0.3,18,182
2000,2,1790.0,41,4.1,210,1790
10000,2,8979.0,236,23.6,1021,8979
20000,2,17979.0,494,49.4,2021,17979
40000,2,35912.0,1013,101.3,4088,35912
60000,2,53897.0,1482,148.2,6103,53897
80000,2,71924.0,2023,202.3,8076,71924
100000,2,89879.0,2550,255.0,10121,89879
2,3,2.0,0,0.0,0,2
3,3,3.0,0,0.0,0,3
100,3,93.0,4,0.4,7,93
200,3,182.0,5,0.5,18,182
2000,3,1778.0,57,5.7,222,1778
10000,3,8963.0,254,25.4,1037,8963
20000,3,17949.0,509,50.9,2051,17949
40000,3,35870.0,1010,101.0,4130,35870
60000,3,53887.0,1526,152.6,6113,53887
80000,3,71829.0,2020,202.0,8171,71829
100000,3,89741.0,2511,251.1,10259,89741
2,4,2.0,0,0.0,0,2
3,4,3.0,0,0.0,0,3
100,4,88.0,14,1.4,12,88
200,4,181.0,17,1.7,19,181
2000,4,1797.0,66,6.6,203,1797
10000,4,8971.0,268,26.8,1029,8971
20000,4,17914.0,549,54.9,2086,17914
40000,4,35879.0,1045,104.5,4121,35879
60000,4,53841.0,1544,154.4,6159,53841
80000,4,71810.0,2053,205.3,8190,71810
100000,4,89743.0,2533,253.3,10257,89743
2,5,2.0,0,0.0,0,2
3,5,3.0,0,0.0,0,3
100,5,88.0,15,1.5,12,88
200,5,179.0,19,1.9,21,179
2000,5,1792.0,54,5.4,208,1792
10000,5,8960.0,261,26.1,1040,8960
20000,5,17906.0,517,51.7,2094,17906
40000,5,35769.0,966,96.6,4231,35769
60000,5,53738.0,1450,145.0,6262,53738
80000,5,71713.0,1922,192.2,8287,71713
100000,5,89649.0,2428,242.8,10351,89649
2,6,2.0,0,0.0,0,2
3,6,3.0,0,0.0,0,3
100,6,94.0,8,0.8,6,94
200,6,185.0,10,1.0,15,185
2000,6,1780.0,52,5.2,220,1780
10000,6,8947.0,263,26.3,1053,8947
20000,6,17874.0,521,52.1,2126,17874
40000,6,35917.0,978,97.8,4083,35917
60000,6,53825.0,1460,146.0,6175,53825
80000,6,71786.0,1935,193.5,8214,71786
100000,6,89696.0,2435,243.5,10304,89696
2,7,2.0,0,0.0,0,2
3,7,3.0,0,0.0,0,3
100,7,93.0,9,0.9,7,93
200,7,178.0,16,1.6,22,178
2000,7,1791.0,61,6.1,209,1791
10000,7,8989.0,257,25.7,1011,8989
20000,7,17929.0,488,48.8,2071,17929
40000,7,35849.0,972,97.2,4151,35849
60000,7,53810.0,1458,145.8,6190,53810
80000,7,71735.0,1975,197.5,8265,71735
100000,7,89759.0,2477,247.7,10241,89759
2,8,1.0,1,0.1,1,1
3,8,2.0,1,0.1,1,2
100,8,91.0,2,0.2,9,91
200,8,182.0,2,0.2,18,182
2000,8,1803.0,62,6.2,197,1803
10000,8,9001.0,246,24.6,999,9001
20000,8,17960.0,472,47.2,2040,17960
40000,8,35969.0,943,94.3,4031,35969
60000,8,53934.0,1469,146.9,6066,53934
80000,8,71871.0,1952,195.2,8129,71871
100000,8,89756.0,2500,250.0,10244,89756
2,9,1.0,0,0.0,1,1
3,9,2.0,0,0.0,1,2
100,9,85.0,26,2.6,15,85
200,9,175.0,29,2.9,25,175
2000,9,1797.0,83,8.3,203,1797
10000,9,8969.0,287,28.7,1031,8969
20000,9,17945.0,541,54.1,2055,17945
40000,9,35849.0,1063,106.3,4151,35849
60000,9,53787.0,1594,159.4,6213,53787
80000,9,71672.0,2060,206.0,8328,71672
100000,9,89653.0,2546,254.6,10347,89653
2,10,2.0,0,0.0,0,2
3,10,3.0,0,0.0,0,3
100,10,90.0,1,0.1,10,90
200,10,182.0,3,0.3,18,182
2000,10,1783.0,49,4.9,217,1783
10000,10,8947.0,262,26.2,1053,8947
20000,10,17884.0,514,51.4,2116,17884
40000,10,35854.0,1001,100.1,4146,35854
60000,10,53865.0,1515,151.5,6135,53865
80000,10,71842.0,1960,196.0,8158,71842
100000,10,89807.0,2449,244.9,10193,89807
2,11,2.0,0,0.0,0,2
3,11,3.0,0,0.0,0,3
100,11,88.0,3,0.3,12,88
200,11,179.0,7,0.7,21,179
2000,11,1813.0,56,5.6,187,1813
10000,11,8981.0,219,21.9,1019,8981
20000,11,17958.0,431,43.1,2042,17958
40000,11,35814.0,933,93.3,4186,35814
60000,11,53791.0,1455,145.5,6209,53791
80000,11,71754.0,1976,197.6,8246,71754
100000,11,89697.0,2458,245.8,10303,89697
2,12,2.0,0,0.0,0,2
3,12,3.0,0,0.0,0,3
100,12,92.0,4,0.4,8,92
200,12,184.0,8,0.8,16,184
2000,12,1810.0,46,4.6,190,1810
10000,12,8979.0,242,24.2,1021,8979
20000,12,17962.0,497,49.7,2038,17962
40000,12,35933.0,987,98.7,4067,35933
60000,12,53763.0,1479,147.9,6237,53763
80000,12,71711.0,1973,197.3,8289,71711
100000,12,89697.0,2430,243.0,10303,89697
2,13,2.0,0,0.0,0,2
3,13,3.0,0,0.0,0,3
100,13,89.0,15,1.5,11,89
200,13,178.0,19,1.9,22,178
2000,13,1782.0,62,6.2,218,1782
10000,13,8959.0,286,28.6,1041,8959
20000,13,17995.0,572,57.2,2005,17995
40000,13,35977.0,1089,108.9,4023,35977
60000,13,53896.0,1638,163.8,6104,53896
80000,13,71859.0,2138,213.8,8141,71859
100000,13,89778.0,2635,263.5,10222,89778
2,14,2.0,0,0.0,0,2
3,14,3.0,0,0.0,0,3
100,14,91.0,14,1.4,9,91
200,14,181.0,17,1.7,19,181
2000,14,1794.0,84,8.4,206,1794
10000,14,9009.0,278,27.8,991,9009
20000,14,17949.0,533,53.3,2051,17949
40000,14,35827.0,1062,106.2,4173,35827
60000,14,53779.0,1577,157.7,6221,53779
80000,14,71753.0,2125,212.5,8247,71753
100000,14,89661.0,2624,262.4,10339,89661
2,15,2.0,0,0.0,0,2
3,15,3.0,0,0.0,0,3
100,15,91.0,7,0.7,9,91
200,15,180.0,13,1.3,20,180
2000,15,1796.0,52,5.2,204,1796
10000,15,8951.0,252,25.2,1049,8951
20000,15,17899.0,494,49.4,2101,17899
40000,15,35800.0,1032,103.2,4200,35800
60000,15,53699.0,1525,152.5,6301,53699
80000,15,71674.0,2013,201.3,8326,71674
100000,15,89524.0,2526,252.6,10476,89524
2,16,2.0,0,0.0,0,2
3,16,3.0,0,0.0,0,3
100,16,86.0,24,2.4,14,86
200,16,178.0,27,2.7,22,178
2000,16,1786.0,71,7.1,214,1786
10000,16,8936.0,261,26.1,1064,8936
20000,16,17953.0,504,50.4,2047,17953
40000,16,35865.0,1016,101.6,4135,35865
60000,16,53774.0,1499,149.9,6226,53774
80000,16,71762.0,1992,199.2,8238,71762
100000,16,89716.0,2493,249.3,10284,89716
2,17,2.0,0,0.0,0,2
3,17,3.0,0,0.0,0,3
100,17,91.0,6,0.6,9,91
200,17,175.0,7,0.7,25,175
2000,17,1802.0,58,5.8,198,1802
10000,17,8970.0,229,22.9,1030,8970
20000,17,17998.0,445,44.5,2002,17998
40000,17,35921.0,943,94.3,4079,35921
60000,17,53835.0,1450,145.0,6165,53835
80000,17,71827.0,1930,193.0,8173,71827
100000,17,89843.0,2391,239.1,10157,89843
2,18,2.0,0,0.0,0,2
3,18,3.0,0,0.0,0,3
100,18,86.0,6,0.6,14,86
200,18,178.0,7,0.7,22,178
2000,18,1786.0,76,7.6,214,1786
10000,18,9004.0,270,27.0,996,9004
20000,18,18046.0,535,53.5,1954,18046
40000,18,36021.0,1026,102.6,3979,36021
60000,18,53928.0,1540,154.0,6072,53928
80000,18,71866.0,2034,203.4,8134,71866
100000,18,89762.0,2541,254.1,10238,89762
2,19,1.0,0,0.0,1,1
3,19,2.0,0,0.0,1,2
100,19,85.0,26,2.6,15,85
200,19,177.0,28,2.8,23,177
2000,19,1817.0,81,8.1,183,1817
10000,19,8993.0,294,29.4,1007,8993
20000,19,18014.0,557,55.7,1986,18014
40000,19,35989.0,1064,106.4,4011,35989
60000,19,53961.0,1541,154.1,6039,53961
80000,19,71978.0,2006,200.6,8022,71978
100000,19,89891.0,2494,249.4,10109,89891
2,20,2.0,0,0.0,0,2
3,20,3.0,0,0.0,0,3
100,20,90.0,6,0.6,10,90
200,20,180.0,9,0.9,20,180
2000,20,1791.0,52,5.2,209,1791
10000,20,8948.0,261,26.1,1052,8948
20000,20,17970.0,493,49.3,2030,17970
40000,20,35963.0,989,98.9,4037,35963
60000,20,53915.0,1509,150.9,6085,53915
80000,20,71883.0,2054,205.4,8117,71883
100000,20,89845.0,2557,255.7,10155,89845
2,21,2.0,0,0.0,0,2
3,21,3.0,0,0.0,0,3
100,21,89.0,10,1.0,11,89
200,21,176.0,14,1.4,24,176
2000,21,1803.0,67,6.7,197,1803
10000,21,8992.0,264,26.4,1008,8992
20000,21,17929.0,521,52.1,2071,17929
40000,21,35900.0,985,98.5,4100,35900
60000,21,53862.0,1504,150.4,6138,53862
80000,21,71821.0,2003,200.3,8179,71821
100000,21,89787.0,2516,251.6,10213,89787
2,22,2.0,0,0.0,0,2
3,22,3.0,0,0.0,0,3
100,22,89.0,28,2.8,11,89
200,22,179.0,28,2.8,21,179
2000,22,1808.0,63,6.3,192,1808
10000,22,8984.0,265,26.5,1016,8984
20000,22,18004.0,528,52.8,1996,18004
40000,22,35944.0,1046,104.6,4056,35944
60000,22,53896.0,1550,155.0,6104,53896
80000,22,71814.0,2074,207.4,8186,71814
100000,22,89755.0,2576,257.6,10245,89755
2,23,2.0,0,0.0,0,2
3,23,3.0,0,0.0,0,3
100,23,88.0,1,0.1,12,88
200,23,179.0,4,0.4,21,179
2000,23,1782.0,56,5.6,218,1782
10000,23,8977.0,236,23.6,1023,8977
20000,23,17948.0,500,50.0,2052,17948
40000,23,35875.0,1004,100.4,4125,35875
60000,23,53823.0,1493,149.3,6177,53823
80000,23,71769.0,1963,196.3,8231,71769
100000,23,89740.0,2460,246.0,10260,89740
2,24,2.0,0,0.0,0,2
3,24,3.0,0,0.0,0,3
100,24,92.0,6,0.6,8,92
200,24,186.0,7,0.7,14,186
2000,24,1800.0,57,5.7,200,1800
10000,24,9005.0,265,26.5,995,9005
20000,24,17915.0,510,51.0,2085,17915
40000,24,35910.0,984,98.4,4090,35910
60000,24,53881.0,1508,150.8,6119,53881
80000,24,71848.0,1940,194.0,8152,71848
100000,24,89761.0,2450,245.0,10239,89761
2,25,2.0,0,0.0,0,2
3,25,3.0,0,0.0,0,3
100,25,85.0,2,0.2,15,85
200,25,177.0,4,0.4,23,177
2000,25,1781.0,52,5.2,219,1781
10000,25,8943.0,252,25.2,1057,8943
20000,25,17936.0,490,49.0,2064,17936
40000,25,35920.0,1001,100.1,4080,35920
60000,25,53891.0,1512,151.2,6109,53891
80000,25,71827.0,1986,198.6,8173,71827
100000,25,89822.0,2467,246.7,10178,89822
2,26,2.0,0,0.0,0,2
3,26,3.0,0,0.0,0,3
100,26,94.0,35,3.5,6,94
200,26,183.0,55,5.5,17,183
2000,26,1795.0,95,9.5,205,1795
10000,26,8953.0,284,28.4,1047,8953
20000,26,17961.0,538,53.8,2039,17961
40000,26,35871.0,1016,101.6,4129,35871
60000,26,53774.0,1510,151.0,6226,53774
80000,26,71788.0,1975,197.5,8212,71788
100000,26,89763.0,2488,248.8,10237,89763
2,27,2.0,1,0.1,0,2
3,27,3.0,1,0.1,0,3
100,27,89.0,40,4.0,11,89
200,27,186.0,44,4.4,14,186
2000,27,1781.0,122,12.2,219,1781
10000,27,8961.0,316,31.6,1039,8961
20000,27,17930.0,564,56.4,2070,17930
40000,27,35939.0,1013,101.3,4061,35939
60000,27,53895.0,1524,152.4,6105,53895
80000,27,71887.0,2017,201.7,8113,71887
100000,27,89802.0,2507,250.7,10198,89802
2,28,2.0,1,0.1,0,2
3,28,2.0,1,0.1,1,2
100,28,87.0,96,9.6,13,87
200,28,168.0,178,17.8,32,168
2000,28,1776.0,222,22.2,224,1776
10000,28,8979.0,449,44.9,1021,8979
20000,28,17945.0,688,68.8,2055,17945
40000,28,35942.0,1145,114.5,4058,35942
60000,28,53855.0,1653,165.3,6145,53855
80000,28,71797.0,2172,217.2,8203,71797
100000,28,89746.0,2675,267.5,10254,89746
2,29,2.0,0,0.0,0,2
3,29,3.0,0,0.0,0,3
100,29,82.0,86,8.6,18,82
200,29,164.0,186,18.6,36,164
2000,29,1780.0,252,25.2,220,1780
10000,29,8989.0,475,47.5,1011,8989
20000,29,17917.0,724,72.4,2083,17917
40000,29,35842.0,1220,122.0,4158,35842
60000,29,53827.0,1761,176.1,6173,53827
80000,29,71630.0,2283,228.3,8370,71630
100000,29,89629.0,2762,276.2,10371,89629
2,30,2.0,0,0.0,0,2
3,30,3.0,0,0.0,0,3
100,30,89.0,6,0.6,11,89
200,30,180.0,8,0.8,20,180
2000,30,1807.0,47,4.7,193,1807
10000,30,9001.0,260,26.0,999,9001
20000,30,17962.0,519,51.9,2038,17962
40000,30,35832.0,1041,104.1,4168,35832
60000,30,53807.0,1531,153.1,6193,53807
80000,30,71745.0,2026,202.6,8255,71745
100000,30,89667.0,2569,256.9,10333,89667
2,31,2.0,0,0.0,0,2
3,31,3.0,0,0.0,0,3
100,31,88.0,3,0.3,12,88
200,31,176.0,7,0.7,24,176
2000,31,1806.0,52,5.2,194,1806
10000,31,9011.0,255,25.5,989,9011
20000,31,17967.0,513,51.3,2033,17967
40000,31,35964.0,994,99.4,4036,35964
60000,31,53896.0,1455,145.5,6104,53896
80000,31,71807.0,1958,195.8,8193,71807
100000,31,89723.0,2489,248.9,10277,89723
2,32,1.0,0,0.0,1,1
3,32,2.0,0,0.0,1,2
100,32,90.0,10,1.0,10,90
200,32,178.0,13,1.3,22,178
2000,32,1795.0,55,5.5,205,1795
10000,32,9058.0,252,25.2,942,9058
20000,32,18040.0,504,50.4,1960,18040
40000,32,35964.0,979,97.9,4036,35964
60000,32,53897.0,1523,152.3,6103,53897
80000,32,71867.0,2021,202.1,8133,71867
100000,32,89832.0,2524,252.4,10168,89832
2,33,2.0,0,0.0,0,2
3,33,3.0,0,0.0,0,3
100,33,90.0,12,1.2,10,90
200,33,181.0,13,1.3,19,181
2000,33,1832.0,63,6.3,168,1832
10000,33,9035.0,287,28.7,965,9035
20000,33,18014.0,575,57.5,1986,18014
40000,33,35972.0,1098,109.8,4028,35972
60000,33,53954.0,1572,157.2,6046,53954
80000,33,71893.0,2091,209.1,8107,71893
100000,33,89851.0,2579,257.9,10149,89851
2,34,2.0,0,0.0,0,2
3,34,3.0,0,0.0,0,3
100,34,83.0,69,6.9,17,83
200,34,172.0,75,7.5,28,172
2000,34,1782.0,124,12.4,218,1782
10000,34,8947.0,324,32.4,1053,8947
20000,34,17890.0,563,56.3,2110,17890
40000,34,35817.0,1055,105.5,4183,35817
60000,34,53713.0,1573,157.3,6287,53713
80000,34,71669.0,2080,208.0,8331,71669
100000,34,89566.0,2569,256.9,10434,89566
2,35,2.0,0,0.0,0,2
3,35,3.0,0,0.0,0,3
100,35,88.0,11,1.1,12,88
200,35,178.0,14,1.4,22,178
2000,35,1806.0,127,12.7,194,1806
10000,35,8915.0,315,31.5,1085,8915
20000,35,17905.0,550,55.0,2095,17905
40000,35,35843.0,1068,106.8,4157,35843
60000,35,53677.0,1569,156.9,6323,53677
80000,35,71659.0,2093,209.3,8341,71659
100000,35,89619.0,2576,257.6,10381,89619
2,36,2.0,0,0.0,0,2
3,36,3.0,0,0.0,0,3
100,36,93.0,10,1.0,7,93
200,36,187.0,10,1.0,13,187
2000,36,1808.0,62,6.2,192,1808
10000,36,8970.0,261,26.1,1030,8970
20000,36,17950.0,509,50.9,2050,17950
40000,36,35893.0,1029,102.9,4107,35893
60000,36,53783.0,1532,153.2,6217,53783
80000,36,71759.0,2035,203.5,8241,71759
100000,36,89661.0,2509,250.9,10339,89661
2,37,1.0,0,0.0,1,1
3,37,2.0,0,0.0,1,2
100,37,87.0,29,2.9,13,87
200,37,179.0,34,3.4,21,179
2000,37,1777.0,81,8.1,223,1777
10000,37,8904.0,298,29.8,1096,8904
20000,37,17856.0,548,54.8,2144,17856
40000,37,35870.0,1055,105.5,4130,35870
60000,37,53858.0,1579,157.9,6142,53858
80000,37,71825.0,2074,207.4,8175,71825
100000,37,89775.0,2592,259.2,10225,89775
2,38,2.0,0,0.0,0,2
3,38,3.0,0,0.0,0,3
100,38,91.0,4,0.4,9,91
200,38,184.0,4,0.4,16,184
2000,38,1794.0,46,4.6,206,1794
10000,38,9030.0,254,25.4,970,9030
20000,38,18038.0,491,49.1,1962,18038
40000,38,35969.0,974,97.4,4031,35969
60000,38,53952.0,1445,144.5,6048,53952
80000,38,71848.0,1962,196.2,8152,71848
100000,38,89764.0,2497,249.7,10236,89764
2,39,2.0,0,0.0,0,2
3,39,3.0,0,0.0,0,3
100,39,85.0,5,0.5,15,85
200,39,170.0,10,1.0,30,170
2000,39,1803.0,62,6.2,197,1803
10000,39,8985.0,265,26.5,1015,8985
20000,39,17943.0,502,50.2,2057,17943
40000,39,35864.0,987,98.7,4136,35864
60000,39,53837.0,1465,146.5,6163,53837
80000,39,71763.0,1974,197.4,8237,71763
100000,39,89654.0,2473,247.3,10346,89654
2,40,1.0,0,0.0,1,1
3,40,2.0,1,0.1,1,2
100,40,69.0,98,9.8,31,69
200,40,153.0,180,18.0,47,153
2000,40,1706.0,810,81.0,294,1706
10000,40,8872.0,1014,101.4,1128,8872
20000,40,17790.0,1239,123.9,2210,17790
40000,40,35704.0,1713,171.3,4296,35704
60000,40,53603.0,2221,222.1,6397,53603
80000,40,71489.0,2745,274.5,8511,71489
100000,40,89400.0,3201,320.1,10600,89400
2,41,2.0,0,0.0,0,2
3,41,3.0,0,0.0,0,3
100,41,91.0,3,0.3,9,91
200,41,180.0,8,0.8,20,180
2000,41,1801.0,57,5.7,199,1801
10000,41,8980.0,260,26.0,1020,8980
20000,41,17947.0,514,51.4,2053,17947
40000,41,35938.0,1016,101.6,4062,35938
60000,41,53914.0,1527,152.7,6086,53914
80000,41,71847.0,2003,200.3,8153,71847
100000,41,89803.0,2505,250.5,10197,89803
2,42,1.0,0,0.0,1,1
3,42,1.0,0,0.0,2,1
100,42,87.0,12,1.2,13,87
200,42,179.0,15,1.5,21,179
2000,42,1782.0,59,5.9,218,1782
10000,42,8959.0,287,28.7,1041,8959
20000,42,17930.0,518,51.8,2070,17930
40000,42,35830.0,980,98.0,4170,35830
60000,42,53799.0,1505,150.5,6201,53799
80000,42,71660.0,2030,203.0,8340,71660
100000,42,89608.0,2502,250.2,10392,89608
2,43,2.0,0,0.0,0,2
3,43,3.0,0,0.0,0,3
100,43,93.0,7,0.7,7,93
200,43,182.0,8,0.8,18,182
2000,43,1789.0,57,5.7,211,1789
10000,43,8972.0,274,27.4,1028,8972
20000,43,17934.0,567,56.7,2066,17934
40000,43,35857.0,1069,106.9,4143,35857
60000,43,53803.0,1546,154.6,6197,53803
80000,43,71815.0,2032,203.2,8185,71815
100000,43,89750.0,2546,254.6,10250,89750
2,44,2.0,0,0.0,0,2
3,44,3.0,0,0.0,0,3
100,44,88.0,4,0.4,12,88
200,44,182.0,4,0.4,18,182
2000,44,1807.0,44,4.4,193,1807
10000,44,8981.0,242,24.2,1019,8981
20000,44,17956.0,501,50.1,2044,17956
40000,44,35931.0,998,99.8,4069,35931
60000,44,53835.0,1481,148.1,6165,53835
80000,44,71741.0,1999,199.9,8259,71741
100000,44,89615.0,2458,245.8,10385,89615
2,45,2.0,0,0.0,0,2
3,45,3.0,0,0.0,0,3
100,45,86.0,5,0.5,14,86
200,45,177.0,8,0.8,23,177
2000,45,1784.0,47,4.7,216,1784
10000,45,8996.0,253,25.3,1004,8996
20000,45,17921.0,515,51.5,2079,17921
40000,45,35865.0,988,98.8,4135,35865
60000,45,53787.0,1510,151.0,6213,53787
80000,45,71653.0,2032,203.2,8347,71653
100000,45,89545.0,2519,251.9,10455,89545
2,46,2.0,0,0.0,0,2
3,46,3.0,0,0.0,0,3
100,46,90.0,1,0.1,10,90
200,46,180.0,3,0.3,20,180
2000,46,1797.0,37,3.7,203,1797
10000,46,8963.0,243,24.3,1037,8963
20000,46,17943.0,495,49.5,2057,17943
40000,46,35911.0,977,97.7,4089,35911
60000,46,53815.0,1484,148.4,6185,53815
80000,46,71816.0,2032,203.2,8184,71816
100000,46,89803.0,2490,249.0,10197,89803
2,47,2.0,0,0.0,0,2
3,47,3.0,0,0.0,0,3
100,47,87.0,3,0.3,13,87
200,47,179.0,4,0.4,21,179
2000,47,1781.0,59,5.9,219,1781
10000,47,8910.0,247,24.7,1090,8910
20000,47,17857.0,500,50.0,2143,17857
40000,47,35821.0,1003,100.3,4179,35821
60000,47,53833.0,1491,149.1,6167,53833
80000,47,71851.0,1955,195.5,8149,71851
100000,47,89808.0,2499,249.9,10192,89808
2,48,2.0,2,0.2,0,2
3,48,3.0,3,0.3,0,3
100,48,88.0,20,2.0,12,88
200,48,177.0,22,2.2,23,177
2000,48,1809.0,69,6.9,191,1809
10000,48,8981.0,254,25.4,1019,8981
20000,48,17933.0,478,47.8,2067,17933
40000,48,35913.0,969,96.9,4087,35913
60000,48,53894.0,1458,145.8,6106,53894
80000,48,71853.0,1955,195.5,8147,71853
100000,48,89744.0,2498,249.8,10256,89744
2,49,2.0,0,0.0,0,2
3,49,3.0,0,0.0,0,3
100,49,90.0,0,0.0,10,90
200,49,180.0,6,0.6,20,180
2000,49,1817.0,52,5.2,183,1817
10000,49,8993.0,241,24.1,1007,8993
20000,49,17992.0,483,48.3,2008,17992
40000,49,36032.0,980,98.0,3968,36032
60000,49,54027.0,1489,148.9,5973,54027
80000,49,71996.0,1963,196.3,8004,71996
100000,49,89944.0,2473,247.3,10056,89944
2,50,2.0,0,0.0,0,2
3,50,3.0,0,0.0,0,3
100,50,88.0,2,0.2,12,88
200,50,177.0,5,0.5,23,177
2000,50,1804.0,55,5.5,196,1804
10000,50,8959.0,251,25.1,1041,8959
20000,50,17936.0,510,51.0,2064,17936
40000,50,35904.0,969,96.9,4096,35904
60000,50,53856.0,1488,148.8,6144,53856
80000,50,71842.0,1967,196.7,8158,71842
100000,50,89736.0,2464,246.4,10264,89736
2,51,2.0,0,0.0,0,2
3,51,3.0,0,0.0,0,3
100,51,92.0,2,0.2,8,92
200,51,182.0,5,0.5,18,182
2000,51,1803.0,57,5.7,197,1803
10000,51,8980.0,286,28.6,1020,8980
20000,51,17961.0,551,55.1,2039,17961
40000,51,35923.0,1071,107.1,4077,35923
60000,51,53835.0,1571,157.1,6165,53835
80000,51,71798.0,2055,205.5,8202,71798
100000,51,89798.0,2544,254.4,10202,89798
2,52,2.0,0,0.0,0,2
3,52,3.0,0,0.0,0,3
100,52,89.0,0,0.0,11,89
200,52,180.0,0,0.0,20,180
2000,52,1791.0,45,4.5,209,1791
10000,52,9015.0,247,24.7,985,9015
20000,52,17972.0,513,51.3,2028,17972
40000,52,35894.0,970,97.0,4106,35894
60000,52,53893.0,1480,148.0,6107,53893
80000,52,71824.0,1975,197.5,8176,71824
100000,52,89746.0,2533,253.3,10254,89746
2,53,2.0,0,0.0,0,2
3,53,3.0,0,0.0,0,3
100,53,91.0,4,0.4,9,91
200,53,180.0,6,0.6,20,180
2000,53,1790.0,37,3.7,210,1790
10000,53,8982.0,240,24.0,1018,8982
20000,53,18026.0,479,47.9,1974,18026
40000,53,36006.0,998,99.8,3994,36006
60000,53,53915.0,1507,150.7,6085,53915
80000,53,71869.0,1994,199.4,8131,71869
100000,53,89727.0,2476,247.6,10273,89727
2,54,2.0,0,0.0,0,2
3,54,2.0,0,0.0,1,2
100,54,87.0,4,0.4,13,87
200,54,170.0,5,0.5,30,170
2000,54,1778.0,53,5.3,222,1778
10000,54,8985.0,243,24.3,1015,8985
20000,54,18007.0,467,46.7,1993,18007
40000,54,35918.0,989,98.9,4082,35918
60000,54,53870.0,1477,147.7,6130,53870
80000,54,71850.0,1970,197.0,8150,71850
100000,54,89848.0,2426,242.6,10152,89848
2,55,2.0,0,0.0,0,2
3,55,3.0,0,0.0,0,3
100,55,86.0,3,0.3,14,86
200,55,177.0,6,0.6,23,177
2000,55,1787.0,43,4.3,213,1787
10000,55,8983.0,249,24.9,1017,8983
20000,55,17995.0,484,48.4,2005,17995
40000,55,35882.0,941,94.1,4118,35882
60000,55,53838.0,1443,144.3,6162,53838
80000,55,71768.0,1958,195.8,8232,71768
100000,55,89756.0,2448,244.8,10244,89756
2,56,1.0,0,0.0,1,1
3,56,2.0,0,0.0,1,2
100,56,84.0,2,0.2,16,84
200,56,174.0,5,0.5,26,174
2000,56,1787.0,50,5.0,213,1787
10000,56,8957.0,239,23.9,1043,8957
20000,56,17938.0,489,48.9,2062,17938
40000,56,35883.0,997,99.7,4117,35883
60000,56,53858.0,1470,147.0,6142,53858
80000,56,71891.0,1970,197.0,8109,71891
100000,56,89773.0,2465,246.5,10227,89773
2,57,2.0,0,0.0,0,2
3,57,3.0,0,0.0,0,3
100,57,90.0,6,0.6,10,90
200,57,184.0,11,1.1,16,184
2000,57,1807.0,71,7.1,193,1807
10000,57,9001.0,302,30.2,999,9001
20000,57,17958.0,536,53.6,2042,17958
40000,57,35883.0,1033,103.3,4117,35883
60000,57,53812.0,1528,152.8,6188,53812
80000,57,71841.0,2034,203.4,8159,71841
100000,57,89786.0,2545,254.5,10214,89786
2,58,2.0,0,0.0,0,2
3,58,3.0,0,0.0,0,3
100,58,84.0,4,0.4,16,84
200,58,174.0,6,0.6,26,174
2000,58,1799.0,46,4.6,201,1799
10000,58,8934.0,242,24.2,1066,8934
20000,58,17874.0,518,51.8,2126,17874
40000,58,35846.0,989,98.9,4154,35846
60000,58,53795.0,1516,151.6,6205,53795
80000,58,71688.0,2037,203.7,8312,71688
100000,58,89618.0,2559,255.9,10382,89618
2,59,2.0,0,0.0,0,2
3,59,3.0,0,0.0,0,3
100,59,86.0,6,0.6,14,86
200,59,179.0,10,1.0,21,179
2000,59,1797.0,61,6.1,203,1797
10000,59,8999.0,238,23.8,1001,8999
20000,59,18004.0,490,49.0,1996,18004
40000,59,35965.0,959,95.9,4035,35965
60000,59,53932.0,1459,145.9,6068,53932
80000,59,71964.0,1937,193.7,8036,71964
100000,59,89890.0,2444,244.4,10110,89890
2,60,2.0,0,0.0,0,2
3,60,3.0,0,0.0,0,3
100,60,92.0,1,0.1,8,92
200,60,180.0,3,0.3,20,180
2000,60,1810.0,48,4.8,190,1810
10000,60,8973.0,271,27.1,1027,8973
20000,60,17954.0,507,50.7,2046,17954
40000,60,35955.0,1031,103.1,4045,35955
60000,60,53875.0,1555,155.5,6125,53875
80000,60,71832.0,2073,207.3,8168,71832
100000,60,89716.0,2593,259.3,10284,89716
2,61,2.0,0,0.0,0,2
3,61,3.0,0,0.0,0,3
100,61,87.0,2,0.2,13,87
200,61,178.0,6,0.6,22,178
2000,61,1807.0,64,6.4,193,1807
10000,61,8987.0,283,28.3,1013,8987
20000,61,17950.0,518,51.8,2050,17950
40000,61,35859.0,1044,104.4,4141,35859
60000,61,53775.0,1561,156.1,6225,53775
80000,61,71740.0,2016,201.6,8260,71740
100000,61,89688.0,2531,253.1,10312,89688
2,62,2.0,0,0.0,0,2
3,62,3.0,0,0.0,0,3
100,62,90.0,6,0.6,10,90
200,62,175.0,11,1.1,25,175
2000,62,1790.0,59,5.9,210,1790
10000,62,8922.0,268,26.8,1078,8922
20000,62,17930.0,519,51.9,2070,17930
40000,62,35943.0,977,97.7,4057,35943
60000,62,53879.0,1497,149.7,6121,53879
80000,62,71803.0,2005,200.5,8197,71803
100000,62,89791.0,2546,254.6,10209,89791
2,63,2.0,0,0.0,0,2
3,63,3.0,0,0.0,0,3
100,63,94.0,5,0.5,6,94
200,63,186.0,6,0.6,14,186
2000,63,1809.0,53,5.3,191,1809
10000,63,8939.0,259,25.9,1061,8939
20000,63,17964.0,491,49.1,2036,17964
40000,63,35936.0,1023,102.3,4064,35936
60000,63,53880.0,1561,156.1,6120,53880
80000,63,71855.0,2042,204.2,8145,71855
100000,63,89873.0,2536,253.6,10127,89873
2,64,2.0,0,0.0,0,2
3,64,3.0,0,0.0,0,3
100,64,92.0,3,0.3,8,92
200,64,185.0,9,0.9,15,185
2000,64,1794.0,53,5.3,206,1794
10000,64,8990.0,257,25.7,1010,8990
20000,64,17933.0,514,51.4,2067,17933
40000,64,35916.0,1030,103.0,4084,35916
60000,64,53891.0,1550,155.0,6109,53891
80000,64,71868.0,2063,206.3,8132,71868
100000,64,89759.0,2554,255.4,10241,89759
2,65,2.0,0,0.0,0,2
3,65,3.0,0,0.0,0,3
100,65,93.0,10,1.0,7,93
200,65,181.0,15,1.5,19,181
2000,65,1782.0,53,5.3,218,1782
10000,65,8989.0,257,25.7,1011,8989
20000,65,17962.0,492,49.2,2038,17962
40000,65,35930.0,1041,104.1,4070,35930
60000,65,53884.0,1513,151.3,6116,53884
80000,65,71797.0,2031,203.1,8203,71797
100000,65,89680.0,2556,255.6,10320,89680
2,66,2.0,0,0.0,0,2
3,66,3.0,0,0.0,0,3
100,66,86.0,4,0.4,14,86
200,66,172.0,4,0.4,28,172
2000,66,1778.0,44,4.4,222,1778
10000,66,8974.0,246,24.6,1026,8974
20000,66,17939.0,509,50.9,2061,17939
40000,66,35834.0,985,98.5,4166,35834
60000,66,53825.0,1508,150.8,6175,53825
80000,66,71788.0,2002,200.2,8212,71788
100000,66,89684.0,2552,255.2,10316,89684
2,67,2.0,0,0.0,0,2
3,67,3.0,0,0.0,0,3
100,67,93.0,7,0.7,7,93
200,67,182.0,9,0.9,18,182
2000,67,1788.0,48,4.8,212,1788
10000,67,8988.0,244,24.4,1012,8988
20000,67,17944.0,518,51.8,2056,17944
40000,67,35879.0,1029,102.9,4121,35879
60000,67,53784.0,1533,153.3,6216,53784
80000,67,71688.0,2014,201.4,8312,71688
100000,67,89674.0,2477,247.7,10326,89674
2,68,2.0,0,0.0,0,2
3,68,3.0,0,0.0,0,3
100,68,92.0,13,1.3,8,92
200,68,182.0,16,1.6,18,182
2000,68,1802.0,56,5.6,198,1802
10000,68,8954.0,262,26.2,1046,8954
20000,68,17886.0,504,50.4,2114,17886
40000,68,35755.0,1014,101.4,4245,35755
60000,68,53677.0,1539,153.9,6323,53677
80000,68,71684.0,2041,204.1,8316,71684
100000,68,89696.0,2535,253.5,10304,89696
2,69,2.0,0,0.0,0,2
3,69,3.0,0,0.0,0,3
100,69,91.0,40,4.0,9,91
200,69,180.0,44,4.4,20,180
2000,69,1798.0,95,9.5,202,1798
10000,69,9001.0,281,28.1,999,9001
20000,69,17991.0,543,54.3,2009,17991
40000,69,35901.0,1030,103.0,4099,35901
60000,69,53851.0,1524,152.4,6149,53851
80000,69,71698.0,2027,202.7,8302,71698
100000,69,89562.0,2529,252.9,10438,89562
2,70,2.0,0,0.0,0,2
3,70,3.0,0,0.0,0,3
100,70,88.0,5,0.5,12,88
200,70,174.0,8,0.8,26,174
2000,70,1797.0,45,4.5,203,1797
10000,70,8950.0,244,24.4,1050,8950
20000,70,17953.0,470,47.0,2047,17953
40000,70,35936.0,957,95.7,4064,35936
60000,70,53915.0,1457,145.7,6085,53915
80000,70,71855.0,1948,194.8,8145,71855
100000,70,89849.0,2426,242.6,10151,89849
2,71,2.0,0,0.0,0,2
3,71,3.0,0,0.0,0,3
100,71,92.0,4,0.4,8,92
200,71,182.0,9,0.9,18,182
2000,71,1811.0,49,4.9,189,1811
10000,71,8981.0,244,24.4,1019,8981
20000,71,17961.0,489,48.9,2039,17961
40000,71,35970.0,1017,101.7,4030,35970
60000,71,53934.0,1531,153.1,6066,53934
80000,71,71860.0,2013,201.3,8140,71860
100000,71,89793.0,2542,254.2,10207,89793
2,72,2.0,0,0.0,0,2
3,72,3.0,0,0.0,0,3
100,72,82.0,11,1.1,18,82
200,72,175.0,20,2.0,25,175
2000,72,1780.0,60,6.0,220,1780
10000,72,8924.0,270,27.0,1076,8924
20000,72,17957.0,481,48.1,2043,17957
40000,72,35937.0,940,94.0,4063,35937
60000,72,53892.0,1451,145.1,6108,53892
80000,72,71839.0,1955,195.5,8161,71839
100000,72,89896.0,2470,247.0,10104,89896
2,73,2.0,0,0.0,0,2
3,73,3.0,0,0.0,0,3
100,73,90.0,0,0.0,10,90
200,73,177.0,4,0.4,23,177
2000,73,1790.0,43,4.3,210,1790
10000,73,8994.0,231,23.1,1006,8994
20000,73,17982.0,479,47.9,2018,17982
40000,73,35886.0,1003,100.3,4114,35886
60000,73,53813.0,1489,148.9,6187,53813
80000,73,71764.0,1979,197.9,8236,71764
100000,73,89627.0,2495,249.5,10373,89627
2,74,2.0,0,0.0,0,2
3,74,3.0,0,0.0,0,3
100,74,86.0,2,0.2,14,86
200,74,178.0,3,0.3,22,178
2000,74,1793.0,57,5.7,207,1793
10000,74,8971.0,242,24.2,1029,8971
20000,74,17970.0,492,49.2,2030,17970
40000,74,35855.0,989,98.9,4145,35855
60000,74,53789.0,1521,152.1,6211,53789
80000,74,71778.0,1996,199.6,8222,71778
100000,74,89694.0,2515,251.5,10306,89694
2,75,2.0,0,0.0,0,2
3,75,3.0,0,0.0,0,3
100,75,93.0,3,0.3,7,93
200,75,189.0,5,0.5,11,189
2000,75,1814.0,42,4.2,186,1814
10000,75,9028.0,238,23.8,972,9028
20000,75,18000.0,480,48.0,2000,18000
40000,75,36047.0,950,95.0,3953,36047
60000,75,53955.0,1439,143.9,6045,53955
80000,75,71907.0,1922,192.2,8093,71907
100000,75,89855.0,2435,243.5,10145,89855
2,76,2.0,0,0.0,0,2
3,76,3.0,0,0.0,0,3
100,76,82.0,1,0.1,18,82
200,76,171.0,3,0.3,29,171
2000,76,1783.0,97,9.7,217,1783
10000,76,8943.0,306,30.6,1057,8943
20000,76,17916.0,542,54.2,2084,17916
40000,76,35835.0,1061,106.1,4165,35835
60000,76,53909.0,1557,155.7,6091,53909
80000,76,71857.0,2031,203.1,8143,71857
100000,76,89809.0,2514,251.4,10191,89809
2,77,2.0,0,0.0,0,2
3,77,3.0,0,0.0,0,3
100,77,92.0,4,0.4,8,92
200,77,183.0,6,0.6,17,183
2000,77,1802.0,47,4.7,198,1802
10000,77,8973.0,247,24.7,1027,8973
20000,77,17912.0,518,51.8,2088,17912
40000,77,35892.0,1024,102.4,4108,35892
60000,77,53810.0,1535,153.5,6190,53810
80000,77,71712.0,2037,203.7,8288,71712
100000,77,89740.0,2550,255.0,10260,89740
2,78,1.0,0,0.0,1,1
3,78,2.0,0,0.0,1,2
100,78,91.0,6,0.6,9,91
200,78,184.0,8,0.8,16,184
2000,78,1784.0,61,6.1,216,1784
10000,78,9001.0,270,27.0,999,9001
20000,78,18023.0,506,50.6,1977,18023
40000,78,35972.0,984,98.4,4028,35972
60000,78,53968.0,1513,151.3,6032,53968
80000,78,71873.0,1969,196.9,8127,71873
100000,78,89839.0,2423,242.3,10161,89839
2,79,1.0,0,0.0,1,1
3,79,2.0,0,0.0,1,2
100,79,90.0,5,0.5,10,90
200,79,184.0,6,0.6,16,184
2000,79,1793.0,52,5.2,207,1793
10000,79,8972.0,248,24.8,1028,8972
20000,79,17930.0,489,48.9,2070,17930
40000,79,35828.0,1011,101.1,4172,35828
60000,79,53833.0,1543,154.3,6167,53833
80000,79,71718.0,2028,202.8,8282,71718
100000,79,89616.0,2531,253.1,10384,89616
2,80,1.0,0,0.0,1,1
3,80,2.0,0,0.0,1,2
100,80,80.0,91,9.1,20,80
200,80,170.0,97,9.7,30,170
2000,80,1791.0,141,14.1,209,1791
10000,80,8962.0,346,34.6,1038,8962
20000,80,17904.0,596,59.6,2096,17904
40000,80,35865.0,1119,111.9,4135,35865
60000,80,53841.0,1613,161.3,6159,53841
80000,80,71786.0,2135,213.5,8214,71786
100000,80,89782.0,2625,262.5,10218,89782
2,81,2.0,0,0.0,0,2
3,81,3.0,0,0.0,0,3
100,81,91.0,3,0.3,9,91
200,81,180.0,5,0.5,20,180
2000,81,1782.0,57,5.7,218,1782
10000,81,8926.0,268,26.8,1074,8926
20000,81,17847.0,509,50.9,2153,17847
40000,81,35762.0,995,99.5,4238,35762
60000,81,53723.0,1463,146.3,6277,53723
80000,81,71670.0,1966,196.6,8330,71670
100000,81,89588.0,2458,245.8,10412,89588
2,82,2.0,0,0.0,0,2
3,82,3.0,0,0.0,0,3
100,82,92.0,6,0.6,8,92
200,82,181.0,7,0.7,19,181
2000,82,1825.0,57,5.7,175,1825
10000,82,9005.0,265,26.5,995,9005
20000,82,17951.0,529,52.9,2049,17951
40000,82,35895.0,1036,103.6,4105,35895
60000,82,53916.0,1519,151.9,6084,53916
80000,82,71866.0,1995,199.5,8134,71866
100000,82,89877.0,2514,251.4,10123,89877
2,83,2.0,0,0.0,0,2
3,83,3.0,0,0.0,0,3
100,83,92.0,6,0.6,8,92
200,83,184.0,8,0.8,16,184
2000,83,1798.0,56,5.6,202,1798
10000,83,9016.0,245,24.5,984,9016
20000,83,18009.0,494,49.4,1991,18009
40000,83,35987.0,999,99.9,4013,35987
60000,83,53918.0,1476,147.6,6082,53918
80000,83,71814.0,1992,199.2,8186,71814
100000,83,89775.0,2526,252.6,10225,89775
2,84,2.0,0,0.0,0,2
3,84,3.0,0,0.0,0,3
100,84,92.0,11,1.1,8,92
200,84,186.0,17,1.7,14,186
2000,84,1800.0,73,7.3,200,1800
10000,84,8965.0,288,28.8,1035,8965
20000,84,17906.0,553,55.3,2094,17906
40000,84,35780.0,1072,107.2,4220,35780
60000,84,53781.0,1564,156.4,6219,53781
80000,84,71744.0,2097,209.7,8256,71744
100000,84,89722.0,2647,264.7,10278,89722
2,85,1.0,0,0.0,1,1
3,85,2.0,0,0.0,1,2
100,85,88.0,4,0.4,12,88
200,85,184.0,4,0.4,16,184
2000,85,1784.0,51,5.1,216,1784
10000,85,8932.0,253,25.3,1068,8932
20000,85,17908.0,529,52.9,2092,17908
40000,85,35858.0,1036,103.6,4142,35858
60000,85,53726.0,1551,155.1,6274,53726
80000,85,71722.0,2047,204.7,8278,71722
100000,85,89816.0,2569,256.9,10184,89816
2,86,2.0,0,0.0,0,2
3,86,3.0,0,0.0,0,3
100,86,93.0,5,0.5,7,93
200,86,181.0,9,0.9,19,181
2000,86,1795.0,53,5.3,205,1795
10000,86,8977.0,271,27.1,1023,8977
20000,86,18024.0,554,55.4,1976,18024
40000,86,35975.0,1017,101.7,4025,35975
60000,86,53926.0,1508,150.8,6074,53926
80000,86,71831.0,2031,203.1,8169,71831
100000,86,89822.0,2516,251.6,10178,89822
2,87,2.0,0,0.0,0,2
3,87,3.0,0,0.0,0,3
100,87,87.0,6,0.6,13,87
200,87,177.0,6,0.6,23,177
2000,87,1793.0,60,6.0,207,1793
10000,87,8981.0,244,24.4,1019,8981
20000,87,17939.0,506,50.6,2061,17939
40000,87,35816.0,1004,100.4,4184,35816
60000,87,53824.0,1518,151.8,6176,53824
80000,87,71833.0,2022,202.2,8167,71833
100000,87,89784.0,2520,252.0,10216,89784
2,88,2.0,2,0.2,0,2
3,88,3.0,3,0.3,0,3
100,88,81.0,96,9.6,19,81
200,88,153.0,196,19.6,47,153
2000,88,1774.0,270,27.0,226,1774
10000,88,8960.0,450,45.0,1040,8960
20000,88,17912.0,690,69.0,2088,17912
40000,88,35820.0,1182,118.2,4180,35820
60000,88,53750.0,1650,165.0,6250,53750
80000,88,71701.0,2178,217.8,8299,71701
100000,88,89729.0,2660,266.0,10271,89729
2,89,2.0,0,0.0,0,2
3,89,3.0,0,0.0,0,3
100,89,82.0,9,0.9,18,82
200,89,172.0,13,1.3,28,172
2000,89,1761.0,64,6.4,239,1761
10000,89,8876.0,267,26.7,1124,8876
20000,89,17869.0,494,49.4,2131,17869
40000,89,35834.0,1009,100.9,4166,35834
60000,89,53805.0,1505,150.5,6195,53805
80000,89,71811.0,2009,200.9,8189,71811
100000,89,89780.0,2523,252.3,10220,89780
2,90,1.0,0,0.0,1,1
3,90,2.0,0,0.0,1,2
100,90,85.0,78,7.8,15,85
200,90,168.0,175,17.5,32,168
2000,90,1649.0,1513,151.3,351,1649
10000,90,8818.0,1703,170.3,1182,8818
20000,90,17790.0,1969,196.9,2210,17790
40000,90,35593.0,2443,244.3,4407,35593
60000,90,53570.0,2960,296.0,6430,53570
80000,90,71457.0,3467,346.7,8543,71457
100000,90,89421.0,3986,398.6,10579,89421
2,91,2.0,0,0.0,0,2
3,91,3.0,0,0.0,0,3
100,91,86.0,6,0.6,14,86
200,91,177.0,8,0.8,23,177
2000,91,1808.0,54,5.4,192,1808
10000,91,8955.0,233,23.3,1045,8955
20000,91,17967.0,470,47.0,2033,17967
40000,91,35974.0,997,99.7,4026,35974
60000,91,53878.0,1479,147.9,6122,53878
80000,91,71863.0,2001,200.1,8137,71863
100000,91,89810.0,2495,249.5,10190,89810
2,92,2.0,0,0.0,0,2
3,92,3.0,0,0.0,0,3
100,92,90.0,2,0.2,10,90
200,92,170.0,7,0.7,30,170
2000,92,1804.0,54,5.4,196,1804
10000,92,8970.0,274,27.4,1030,8970
20000,92,18006.0,493,49.3,1994,18006
40000,92,35986.0,997,99.7,4014,35986
60000,92,53924.0,1489,148.9,6076,53924
80000,92,71844.0,1995,199.5,8156,71844
100000,92,89878.0,2506,250.6,10122,89878
2,93,2.0,0,0.0,0,2
3,93,3.0,0,0.0,0,3
100,93,86.0,5,0.5,14,86
200,93,178.0,8,0.8,22,178
2000,93,1785.0,66,6.6,215,1785
10000,93,8945.0,265,26.5,1055,8945
20000,93,17956.0,548,54.8,2044,17956
40000,93,35872.0,1052,105.2,4128,35872
60000,93,53801.0,1570,157.0,6199,53801
80000,93,71744.0,2122,212.2,8256,71744
100000,93,89689.0,2625,262.5,10311,89689
2,94,2.0,0,0.0,0,2
3,94,3.0,0,0.0,0,3
100,94,88.0,5,0.5,12,88
200,94,180.0,7,0.7,20,180
2000,94,1792.0,37,3.7,208,1792
10000,94,8962.0,269,26.9,1038,8962
20000,94,17944.0,533,53.3,2056,17944
40000,94,35834.0,1017,101.7,4166,35834
60000,94,53787.0,1484,148.4,6213,53787
80000,94,71714.0,1968,196.8,8286,71714
100000,94,89658.0,2428,242.8,10342,89658
2,95,2.0,0,0.0,0,2
3,95,2.0,0,0.0,1,2
100,95,85.0,80,8.0,15,85
200,95,169.0,178,17.8,31,169
2000,95,1763.0,311,31.1,237,1763
10000,95,8998.0,507,50.7,1002,8998
20000,95,17948.0,767,76.7,2052,17948
40000,95,35874.0,1247,124.7,4126,35874
60000,95,53767.0,1725,172.5,6233,53767
80000,95,71773.0,2218,221.8,8227,71773
100000,95,89761.0,2747,274.7,10239,89761
2,96,2.0,0,0.0,0,2
3,96,3.0,0,0.0,0,3
100,96,92.0,2,0.2,8,92
200,96,181.0,10,1.0,19,181
2000,96,1799.0,49,4.9,201,1799
10000,96,9006.0,268,26.8,994,9006
20000,96,17974.0,519,51.9,2026,17974
40000,96,35945.0,992,99.2,4055,35945
60000,96,53879.0,1500,150.0,6121,53879
80000,96,71828.0,2000,200.0,8172,71828
100000,96,89857.0,2506,250.6,10143,89857
2,97,1.0,0,0.0,1,1
3,97,2.0,0,0.0,1,2
100,97,93.0,6,0.6,7,93
200,97,182.0,9,0.9,18,182
2000,97,1800.0,55,5.5,200,1800
10000,97,8995.0,237,23.7,1005,8995
20000,97,17954.0,470,47.0,2046,17954
40000,97,35882.0,1007,100.7,4118,35882
60000,97,53837.0,1501,150.1,6163,53837
80000,97,71788.0,2014,201.4,8212,71788
100000,97,89802.0,2552,255.2,10198,89802
2,98,2.0,0,0.0,0,2
3,98,3.0,1,0.1,0,3
100,98,82.0,95,9.5,18,82
200,98,176.0,116,11.6,24,176
2000,98,1770.0,163,16.3,230,1770
10000,98,8931.0,369,36.9,1069,8931
20000,98,17889.0,625,62.5,2111,17889
40000,98,35828.0,1143,114.3,4172,35828
60000,98,53771.0,1644,164.4,6229,53771
80000,98,71750.0,2147,214.7,8250,71750
100000,98,89690.0,2668,266.8,10310,89690
2,99,2.0,0,0.0,0,2
3,99,3.0,0,0.0,0,3
100,99,90.0,2,0.2,10,90
200,99,182.0,2,0.2,18,182
2000,99,1803.0,49,4.9,197,1803
10000,99,8969.0,257,25.7,1031,8969
20000,99,17937.0,511,51.1,2063,17937
40000,99,35895.0,978,97.8,4105,35895
60000,99,53842.0,1485,148.5,6158,53842
80000,99,71824.0,1952,195.2,8176,71824
100000,99,89846.0,2436,243.6,10154,89846
2,100,2.0,0,0.0,0,2
3,100,3.0,0,0.0,0,3
100,100,93.0,2,0.2,7,93
200,100,185.0,6,0.6,15,185
2000,100,1822.0,43,4.3,178,1822
10000,100,9034.0,252,25.2,966,9034
20000,100,18023.0,535,53.5,1977,18023
40000,100,35938.0,1057,105.7,4062,35938
60000,100,53918.0,1555,155.5,6082,53918
80000,100,71794.0,2049,204.9,8206,71794
100000,100,89776.0,2578,257.8,10224,89776
2,1,2.0,2,0.2,0,2
3,1,3.0,3,0.3,0,3
100,1,82.0,34,3.4,18,82
200,1,173.0,35,3.5,27,173
2000,1,1785.0,79,7.9,215,1785
10000,1,8994.0,275,27.5,1006,8994
20000,1,17970.0,542,54.2,2030,17970
40000,1,35953.0,1031,103.1,4047,35953
60000,1,53942.0,1542,154.2,6058,53942
80000,1,71938.0,2035,203.5,8062,71938
100000,1,89869.0,2544,254.4,10131,89869
2,2,2.0,2,0.2,0,2
3,2,3.0,3,0.3,0,3
100,2,93.0,48,4.8,7,93
200,2,184.0,54,5.4,16,184
2000,2,1802.0,96,9.6,198,1802
10000,2,9004.0,274,27.4,996,9004
20000,2,17960.0,513,51.3,2040,17960
40000,2,35956.0,997,99.7,4044,35956
60000,2,53974.0,1511,151.1,6026,53974
80000,2,71913.0,2075,207.5,8087,71913
100000,2,89916.0,2591,259.1,10084,89916
2,3,2.0,2,0.2,0,2
3,3,3.0,3,0.3,0,3
100,3,74.0,97,9.7,26,74
200,3,160.0,107,10.7,40,160
2000,3,1768.0,162,16.2,232,1768
10000,3,8935.0,348,34.8,1065,8935
20000,3,17937.0,567,56.7,2063,17937
40000,3,35940.0,1046,104.6,4060,35940
60000,3,53914.0,1553,155.3,6086,53914
80000,3,71866.0,2065,206.5,8134,71866
100000,3,89841.0,2576,257.6,10159,89841
2,4,2.0,2,0.2,0,2
3,4,3.0,3,0.3,0,3
100,4,84.0,72,7.2,16,84
200,4,161.0,165,16.5,39,161
2000,4,1771.0,328,32.8,229,1771
10000,4,8959.0,524,52.4,1041,8959
20000,4,17923.0,775,77.5,2077,17923
40000,4,35856.0,1288,128.8,4144,35856
60000,4,53847.0,1801,180.1,6153,53847
80000,4,71748.0,2286,228.6,8252,71748
100000,4,89711.0,2781,278.1,10289,89711
2,5,2.0,2,0.2,0,2
3,5,3.0,3,0.3,0,3
100,5,89.0,45,4.5,11,89
200,5,181.0,47,4.7,19,181
2000,5,1786.0,96,9.6,214,1786
10000,5,8931.0,309,30.9,1069,8931
20000,5,17958.0,525,52.5,2042,17958
40000,5,35929.0,1006,100.6,4071,35929
60000,5,53868.0,1537,153.7,6132,53868
80000,5,71823.0,2028,202.8,8177,71823
100000,5,89768.0,2534,253.4,10232,89768
2,6,2.0,2,0.2,0,2
3,6,3.0,3,0.3,0,3
100,6,89.0,15,1.5,11,89
200,6,179.0,17,1.7,21,179
2000,6,1803.0,63,6.3,197,1803
10000,6,8956.0,277,27.7,1044,8956
20000,6,17966.0,507,50.7,2034,17966
40000,6,35877.0,1024,102.4,4123,35877
60000,6,53911.0,1520,152.0,6089,53911
80000,6,71884.0,2033,203.3,8116,71884
100000,6,89729.0,2487,248.7,10271,89729
2,7,2.0,2,0.2,0,2
3,7,3.0,3,0.3,0,3
100,7,86.0,97,9.7,14,86
200,7,165.0,191,19.1,35,165
2000,7,1720.0,835,83.5,280,1720
10000,7,8881.0,1033,103.3,1119,8881
20000,7,17907.0,1274,127.4,2093,17907
40000,7,35864.0,1765,176.5,4136,35864
60000,7,53808.0,2306,230.6,6192,53808
80000,7,71790.0,2800,280.0,8210,71790
100000,7,89709.0,3315,331.5,10291,89709
2,8,2.0,2,0.2,0,2
3,8,3.0,3,0.3,0,3
100,8,89.0,36,3.6,11,89
200,8,175.0,38,3.8,25,175
2000,8,1760.0,86,8.6,240,1760
10000,8,9018.0,284,28.4,982,9018
20000,8,17896.0,546,54.6,2104,17896
40000,8,35856.0,1002,100.2,4144,35856
60000,8,53815.0,1465,146.5,6185,53815
80000,8,71771.0,1967,196.7,8229,71771
100000,8,89779.0,2470,247.0,10221,89779
2,9,1.0,2,0.2,1,1
3,9,2.0,3,0.3,1,2
100,9,92.0,4,0.4,8,92
200,9,184.0,4,0.4,16,184
2000,9,1814.0,60,6.0,186,1814
10000,9,9035.0,270,27.0,965,9035
20000,9,17989.0,502,50.2,2011,17989
40000,9,35938.0,981,98.1,4062,35938
60000,9,53909.0,1458,145.8,6091,53909
80000,9,71903.0,1944,194.4,8097,71903
100000,9,89951.0,2455,245.5,10049,89951
2,10,2.0,2,0.2,0,2
3,10,3.0,3,0.3,0,3
100,10,92.0,17,1.7,8,92
200,10,184.0,19,1.9,16,184
2000,10,1784.0,57,5.7,216,1784
10000,10,8965.0,289,28.9,1035,8965
20000,10,17900.0,545,54.5,2100,17900
40000,10,35850.0,1020,102.0,4150,35850
60000,10,53802.0,1538,153.8,6198,53802
80000,10,71741.0,2036,203.6,8259,71741
100000,10,89741.0,2491,249.1,10259,89741
2,11,2.0,2,0.2,0,2
3,11,2.0,3,0.3,1,2
100,11,91.0,18,1.8,9,91
200,11,180.0,24,2.4,20,180
2000,11,1794.0,56,5.6,206,1794
10000,11,9009.0,268,26.8,991,9009
20000,11,17951.0,496,49.6,2049,17951
40000,11,35892.0,1025,102.5,4108,35892
60000,11,53798.0,1527,152.7,6202,53798
80000,11,71784.0,1997,199.7,8216,71784
100000,11,89706.0,2502,250.2,10294,89706
2,12,1.0,2,0.2,1,1
3,12,1.0,3,0.3,2,1
100,12,90.0,17,1.7,10,90
200,12,185.0,21,2.1,15,185
2000,12,1790.0,54,5.4,210,1790
10000,12,8959.0,267,26.7,1041,8959
20000,12,17967.0,512,51.2,2033,17967
40000,12,35860.0,1030,103.0,4140,35860
60000,12,53871.0,1509,150.9,6129,53871
80000,12,71843.0,1993,199.3,8157,71843
100000,12,89876.0,2511,251.1,10124,89876
2,13,2.0,2,0.2,0,2
3,13,3.0,3,0.3,0,3
100,13,83.0,17,1.7,17,83
200,13,179.0,18,1.8,21,179
2000,13,1797.0,57,5.7,203,1797
10000,13,9007.0,246,24.6,993,9007
20000,13,18016.0,468,46.8,1984,18016
40000,13,35931.0,957,95.7,4069,35931
60000,13,53904.0,1467,146.7,6096,53904
80000,13,71879.0,1975,197.5,8121,71879
100000,13,89826.0,2493,249.3,10174,89826
2,14,2.0,2,0.2,0,2
3,14,3.0,3,0.3,0,3
100,14,81.0,85,8.5,19,81
200,14,171.0,89,8.9,29,171
2000,14,1779.0,134,13.4,221,1779
10000,14,8958.0,336,33.6,1042,8958
20000,14,17897.0,582,58.2,2103,17897
40000,14,35860.0,1037,103.7,4140,35860
60000,14,53766.0,1518,151.8,6234,53766
80000,14,71784.0,1985,198.5,8216,71784
100000,14,89734.0,2490,249.0,10266,89734
2,15,2.0,2,0.2,0,2
3,15,2.0,3,0.3,1,2
100,15,85.0,100,10.0,15,85
200,15,175.0,140,14.0,25,175
2000,15,1780.0,186,18.6,220,1780
10000,15,8934.0,378,37.8,1066,8934
20000,15,17928.0,607,60.7,2072,17928
40000,15,35879.0,1059,105.9,4121,35879
60000,15,53864.0,1555,155.5,6136,53864
80000,15,71731.0,2109,210.9,8269,71731
100000,15,89632.0,2606,260.6,10368,89632
2,16,1.0,2,0.2,1,1
3,16,2.0,3,0.3,1,2
100,16,79.0,81,8.1,21,79
200,16,154.0,180,18.0,46,154
2000,16,1735.0,388,38.8,265,1735
10000,16,8893.0,606,60.6,1107,8893
20000,16,17854.0,866,86.6,2146,17854
40000,16,35851.0,1399,139.9,4149,35851
60000,16,53811.0,1901,190.1,6189,53811
80000,16,71812.0,2396,239.6,8188,71812
100000,16,89744.0,2855,285.5,10256,89744
2,17,1.0,2,0.2,1,1
3,17,2.0,3,0.3,1,2
100,17,80.0,92,9.2,20,80
200,17,155.0,192,19.2,45,155
2000,17,1746.0,623,62.3,254,1746
10000,17,8980.0,850,85.0,1020,8980
20000,17,17996.0,1095,109.5,2004,17996
40000,17,35870.0,1567,156.7,4130,35870
60000,17,53788.0,2060,206.0,6212,53788
80000,17,71745.0,2568,256.8,8255,71745
100000,17,89682.0,3057,305.7,10318,89682
2,18,2.0,2,0.2,0,2
3,18,3.0,3,0.3,0,3
100,18,91.0,43,4.3,9,91
200,18,181.0,44,4.4,19,181
2000,18,1790.0,89,8.9,210,1790
10000,18,8972.0,282,28.2,1028,8972
20000,18,17967.0,550,55.0,2033,17967
40000,18,35905.0,1040,104.0,4095,35905
60000,18,53810.0,1560,156.0,6190,53810
80000,18,71827.0,2016,201.6,8173,71827
100000,18,89813.0,2552,255.2,10187,89813
2,19,2.0,2,0.2,0,2
3,19,3.0,3,0.3,0,3
100,19,81.0,48,4.8,19,81
200,19,173.0,51,5.1,27,173
2000,19,1811.0,98,9.8,189,1811
10000,19,8987.0,306,30.6,1013,8987
20000,19,17949.0,539,53.9,2051,17949
40000,19,35937.0,1023,102.3,4063,35937
60000,19,53877.0,1543,154.3,6123,53877
80000,19,71855.0,2037,203.7,8145,71855
100000,19,89874.0,2508,250.8,10126,89874
2,20,2.0,2,0.2,0,2
3,20,3.0,3,0.3,0,3
100,20,79.0,93,9.3,21,79
200,20,158.0,152,15.2,42,158
2000,20,1763.0,196,19.6,237,1763
10000,20,8910.0,404,40.4,1090,8910
20000,20,17895.0,682,68.2,2105,17895
40000,20,35834.0,1168,116.8,4166,35834
60000,20,53816.0,1674,167.4,6184,53816
80000,20,71822.0,2175,217.5,8178,71822
100000,20,89770.0,2685,268.5,10230,89770
2,21,1.0,2,0.2,1,1
3,21,2.0,3,0.3,1,2
100,21,83.0,99,9.9,17,83
200,21,160.0,199,19.9,40,160
2000,21,1780.0,350,35.0,220,1780
10000,21,8954.0,538,53.8,1046,8954
20000,21,17956.0,770,77.0,2044,17956
40000,21,35881.0,1244,124.4,4119,35881
60000,21,53899.0,1669,166.9,6101,53899
80000,21,71844.0,2183,218.3,8156,71844
100000,21,89802.0,2654,265.4,10198,89802
2,22,2.0,2,0.2,0,2
3,22,3.0,3,0.3,0,3
100,22,83.0,87,8.7,17,83
200,22,166.0,127,12.7,34,166
2000,22,1805.0,169,16.9,195,1805
10000,22,8972.0,362,36.2,1028,8972
20000,22,17985.0,623,62.3,2015,17985
40000,22,35922.0,1143,114.3,4078,35922
60000,22,53875.0,1694,169.4,6125,53875
80000,22,71783.0,2207,220.7,8217,71783
100000,22,89710.0,2676,267.6,10290,89710
2,23,2.0,2,0.2,0,2
3,23,3.0,3,0.3,0,3
100,23,88.0,82,8.2,12,88
200,23,164.0,114,11.4,36,164
2000,23,1778.0,160,16.0,222,1778
10000,23,8952.0,375,37.5,1048,8952
20000,23,17908.0,621,62.1,2092,17908
40000,23,35961.0,1121,112.1,4039,35961
60000,23,53876.0,1647,164.7,6124,53876
80000,23,71819.0,2153,215.3,8181,71819
100000,23,89805.0,2639,263.9,10195,89805
2,24,1.0,2,0.2,1,1
3,24,2.0,3,0.3,1,2
100,24,83.0,94,9.4,17,83
200,24,164.0,190,19.0,36,164
2000,24,1779.0,493,49.3,221,1779
10000,24,8972.0,686,68.6,1028,8972
20000,24,17964.0,902,90.2,2036,17964
40000,24,35893.0,1405,140.5,4107,35893
60000,24,53842.0,1917,191.7,6158,53842
80000,24,71794.0,2436,243.6,8206,71794
100000,24,89731.0,2947,294.7,10269,89731
2,25,2.0,2,0.2,0,2
3,25,3.0,3,0.3,0,3
100,25,85.0,64,6.4,15,85
200,25,179.0,65,6.5,21,179
2000,25,1793.0,115,11.5,207,1793
10000,25,8966.0,312,31.2,1034,8966
20000,25,17997.0,543,54.3,2003,17997
40000,25,35929.0,1048,104.8,4071,35929
60000,25,53819.0,1585,158.5,6181,53819
80000,25,71800.0,2069,206.9,8200,71800
100000,25,89796.0,2561,256.1,10204,89796
2,26,2.0,2,0.2,0,2
3,26,3.0,3,0.3,0,3
100,26,88.0,81,8.1,12,88
200,26,167.0,174,17.4,33,167
2000,26,1778.0,370,37.0,222,1778
10000,26,8954.0,584,58.4,1046,8954
20000,26,17914.0,831,83.1,2086,17914
40000,26,35826.0,1364,136.4,4174,35826
60000,26,53820.0,1900,190.0,6180,53820
80000,26,71852.0,2421,242.1,8148,71852
100000,26,89756.0,2880,288.0,10244,89756
2,27,2.0,2,0.2,0,2
3,27,3.0,3,0.3,0,3
100,27,85.0,95,9.5,15,85
200,27,158.0,193,19.3,42,158
2000,27,1752.0,664,66.4,248,1752
10000,27,8927.0,874,87.4,1073,8927
20000,27,17914.0,1154,115.4,2086,17914
40000,27,35803.0,1649,164.9,4197,35803
60000,27,53754.0,2117,211.7,6246,53754
80000,27,71708.0,2645,264.5,8292,71708
100000,27,89751.0,3153,315.3,10249,89751
2,28,1.0,2,0.2,1,1
3,28,1.0,3,0.3,2,1
100,28,87.0,97,9.7,13,87
200,28,163.0,195,19.5,37,163
2000,28,1763.0,480,48.0,237,1763
10000,28,8915.0,694,69.4,1085,8915
20000,28,17891.0,946,94.6,2109,17891
40000,28,35893.0,1449,144.9,4107,35893
60000,28,53825.0,1973,197.3,6175,53825
80000,28,71844.0,2484,248.4,8156,71844
100000,28,89820.0,2957,295.7,10180,89820
2,29,2.0,2,0.2,0,2
3,29,3.0,2,0.2,0,3
100,29,91.0,16,1.6,9,91
200,29,176.0,22,2.2,24,176
2000,29,1794.0,60,6.0,206,1794
10000,29,8950.0,263,26.3,1050,8950
20000,29,17866.0,512,51.2,2134,17866
40000,29,35822.0,1001,100.1,4178,35822
60000,29,53708.0,1527,152.7,6292,53708
80000,29,71627.0,2005,200.5,8373,71627
100000,29,89520.0,2479,247.9,10480,89520
2,30,2.0,2,0.2,0,2
3,30,3.0,3,0.3,0,3
100,30,88.0,37,3.7,12,88
200,30,177.0,39,3.9,23,177
2000,30,1790.0,86,8.6,210,1790
10000,30,8951.0,277,27.7,1049,8951
20000,30,17961.0,521,52.1,2039,17961
40000,30,35910.0,1007,100.7,4090,35910
60000,30,53846.0,1491,149.1,6154,53846
80000,30,71817.0,2008,200.8,8183,71817
100000,30,89816.0,2491,249.1,10184,89816
2,31,2.0,2,0.2,0,2
3,31,3.0,3,0.3,0,3
100,31,85.0,96,9.6,15,85
200,31,164.0,195,19.5,36,164
2000,31,1787.0,260,26.0,213,1787
10000,31,8966.0,439,43.9,1034,8966
20000,31,17947.0,700,70.0,2053,17947
40000,31,35852.0,1177,117.7,4148,35852
60000,31,53878.0,1686,168.6,6122,53878
80000,31,71847.0,2206,220.6,8153,71847
100000,31,89816.0,2701,270.1,10184,89816
2,32,1.0,2,0.2,1,1
3,32,2.0,3,0.3,1,2
100,32,93.0,7,0.7,7,93
200,32,179.0,17,1.7,21,179
2000,32,1808.0,64,6.4,192,1808
10000,32,8975.0,247,24.7,1025,8975
20000,32,17925.0,489,48.9,2075,17925
40000,32,35912.0,1019,101.9,4088,35912
60000,32,53803.0,1493,149.3,6197,53803
80000,32,71690.0,1975,197.5,8310,71690
100000,32,89662.0,2494,249.4,10338,89662
2,33,2.0,2,0.2,0,2
3,33,3.0,3,0.3,0,3
100,33,78.0,100,10.0,22,78
200,33,162.0,133,13.3,38,162
2000,33,1792.0,175,17.5,208,1792
10000,33,8965.0,364,36.4,1035,8965
20000,33,17961.0,588,58.8,2039,17961
40000,33,35870.0,1136,113.6,4130,35870
60000,33,53858.0,1609,160.9,6142,53858
80000,33,71745.0,2159,215.9,8255,71745
100000,33,89674.0,2645,264.5,10326,89674
2,34,2.0,2,0.2,0,2
3,34,2.0,3,0.3,1,2
100,34,91.0,39,3.9,9,91
200,34,181.0,40,4.0,19,181
2000,34,1786.0,72,7.2,214,1786
10000,34,8954.0,293,29.3,1046,8954
20000,34,17951.0,566,56.6,2049,17951
40000,34,35895.0,1031,103.1,4105,35895
60000,34,53818.0,1526,152.6,6182,53818
80000,34,71735.0,2073,207.3,8265,71735
100000,34,89705.0,2573,257.3,10295,89705
2,35,1.0,2,0.2,1,1
3,35,2.0,3,0.3,1,2
100,35,83.0,96,9.6,17,83
200,35,168.0,195,19.5,32,168
2000,35,1777.0,305,30.5,223,1777
10000,35,8921.0,520,52.0,1079,8921
20000,35,17856.0,763,76.3,2144,17856
40000,35,35852.0,1274,127.4,4148,35852
60000,35,53756.0,1732,173.2,6244,53756
80000,35,71751.0,2247,224.7,8249,71751
100000,35,89654.0,2768,276.8,10346,89654
2,36,1.0,2,0.2,1,1
3,36,2.0,3,0.3,1,2
100,36,83.0,23,2.3,17,83
200,36,172.0,24,2.4,28,172
2000,36,1802.0,57,5.7,198,1802
10000,36,8968.0,264,26.4,1032,8968
20000,36,17932.0,504,50.4,2068,17932
40000,36,35879.0,986,98.6,4121,35879
60000,36,53835.0,1457,145.7,6165,53835
80000,36,71797.0,1915,191.5,8203,71797
100000,36,89771.0,2419,241.9,10229,89771
2,37,2.0,2,0.2,0,2
3,37,2.0,3,0.3,1,2
100,37,75.0,97,9.7,25,75
200,37,152.0,176,17.6,48,152
2000,37,1669.0,1474,147.4,331,1669
10000,37,8857.0,1696,169.6,1143,8857
20000,37,17844.0,1962,196.2,2156,17844
40000,37,35782.0,2481,248.1,4218,35782
60000,37,53684.0,2998,299.8,6316,53684
80000,37,71648.0,3510,351.0,8352,71648
100000,37,89507.0,4008,400.8,10493,89507
2,38,2.0,2,0.2,0,2
3,38,2.0,3,0.3,1,2
100,38,82.0,100,10.0,18,82
200,38,158.0,171,17.1,42,158
2000,38,1757.0,220,22.0,243,1757
10000,38,8937.0,419,41.9,1063,8937
20000,38,17922.0,675,67.5,2078,17922
40000,38,35884.0,1176,117.6,4116,35884
60000,38,53928.0,1657,165.7,6072,53928
80000,38,71842.0,2156,215.6,8158,71842
100000,38,89724.0,2654,265.4,10276,89724
2,39,1.0,2,0.2,1,1
3,39,1.0,3,0.3,2,1
100,39,84.0,24,2.4,16,84
200,39,173.0,28,2.8,27,173
2000,39,1799.0,77,7.7,201,1799
10000,39,8976.0,275,27.5,1024,8976
20000,39,17990.0,540,54.0,2010,17990
40000,39,36024.0,1041,104.1,3976,36024
60000,39,53936.0,1537,153.7,6064,53936
80000,39,71843.0,2050,205.0,8157,71843
100000,39,89725.0,2569,256.9,10275,89725
2,40,0.0,2,0.2,2,0
3,40,1.0,3,0.3,2,1
100,40,84.0,96,9.6,16,84
200,40,178.0,106,10.6,22,178
2000,40,1799.0,146,14.6,201,1799
10000,40,9015.0,352,35.2,985,9015
20000,40,17933.0,585,58.5,2067,17933
40000,40,35896.0,1130,113.0,4104,35896
60000,40,53842.0,1602,160.2,6158,53842
80000,40,71816.0,2093,209.3,8184,71816
100000,40,89787.0,2588,258.8,10213,89787
2,41,1.0,2,0.2,1,1
3,41,2.0,2,0.2,1,2
100,41,87.0,3,0.3,13,87
200,41,174.0,5,0.5,26,174
2000,41,1788.0,35,3.5,212,1788
10000,41,8979.0,232,23.2,1021,8979
20000,41,17982.0,485,48.5,2018,17982
40000,41,35863.0,1001,100.1,4137,35863
60000,41,53829.0,1547,154.7,6171,53829
80000,41,71735.0,2054,205.4,8265,71735
100000,41,89674.0,2538,253.8,10326,89674
2,42,2.0,2,0.2,0,2
3,42,3.0,3,0.3,0,3
100,42,77.0,98,9.8,23,77
200,42,158.0,181,18.1,42,158
2000,42,1779.0,224,22.4,221,1779
10000,42,8960.0,434,43.4,1040,8960
20000,42,17862.0,686,68.6,2138,17862
40000,42,35869.0,1219,121.9,4131,35869
60000,42,53846.0,1681,168.1,6154,53846
80000,42,71843.0,2157,215.7,8157,71843
100000,42,89820.0,2633,263.3,10180,89820
2,43,1.0,2,0.2,1,1
3,43,2.0,3,0.3,1,2
100,43,84.0,90,9.0,16,84
200,43,164.0,188,18.8,36,164
2000,43,1594.0,1900,190.0,406,1594
10000,43,8743.0,2115,211.5,1257,8743
20000,43,17721.0,2342,234.2,2279,17721
40000,43,35633.0,2843,284.3,4367,35633
60000,43,53569.0,3340,334.0,6431,53569
80000,43,71493.0,3830,383.0,8507,71493
100000,43,89493.0,4345,434.5,10507,89493
2,44,2.0,2,0.2,0,2
3,44,3.0,3,0.3,0,3
100,44,91.0,72,7.2,9,91
200,44,177.0,76,7.6,23,177
2000,44,1811.0,132,13.2,189,1811
10000,44,9055.0,328,32.8,945,9055
20000,44,18031.0,594,59.4,1969,18031
40000,44,35935.0,1117,111.7,4065,35935
60000,44,53839.0,1638,163.8,6161,53839
80000,44,71787.0,2146,214.6,8213,71787
100000,44,89722.0,2595,259.5,10278,89722
2,45,1.0,2,0.2,1,1
3,45,2.0,3,0.3,1,2
100,45,89.0,14,1.4,11,89
200,45,181.0,16,1.6,19,181
2000,45,1791.0,66,6.6,209,1791
10000,45,9008.0,263,26.3,992,9008
20000,45,18007.0,513,51.3,1993,18007
40000,45,35967.0,1045,104.5,4033,35967
60000,45,53904.0,1551,155.1,6096,53904
80000,45,71824.0,2038,203.8,8176,71824
100000,45,89866.0,2525,252.5,10134,89866
2,46,2.0,2,0.2,0,2
3,46,3.0,3,0.3,0,3
100,46,84.0,88,8.8,16,84
200,46,167.0,131,13.1,33,167
2000,46,1789.0,243,24.3,211,1789
10000,46,9029.0,428,42.8,971,9029
20000,46,17991.0,698,69.8,2009,17991
40000,46,35931.0,1159,115.9,4069,35931
60000,46,53909.0,1680,168.0,6091,53909
80000,46,71831.0,2168,216.8,8169,71831
100000,46,89788.0,2642,264.2,10212,89788
2,47,1.0,2,0.2,1,1
3,47,2.0,3,0.3,1,2
100,47,86.0,27,2.7,14,86
200,47,166.0,50,5.0,34,166
2000,47,1796.0,98,9.8,204,1796
10000,47,8976.0,311,31.1,1024,8976
20000,47,17962.0,573,57.3,2038,17962
40000,47,35894.0,1079,107.9,4106,35894
60000,47,53847.0,1564,156.4,6153,53847
80000,47,71780.0,2076,207.6,8220,71780
100000,47,89716.0,2572,257.2,10284,89716
2,48,1.0,2,0.2,1,1
3,48,2.0,3,0.3,1,2
100,48,80.0,62,6.2,20,80
200,48,169.0,67,6.7,31,169
2000,48,1769.0,104,10.4,231,1769
10000,48,8989.0,274,27.4,1011,8989
20000,48,17944.0,490,49.0,2056,17944
40000,48,35855.0,1020,102.0,4145,35855
60000,48,53800.0,1568,156.8,6200,53800
80000,48,71769.0,2063,206.3,8231,71769
100000,48,89705.0,2555,255.5,10295,89705
2,49,1.0,2,0.2,1,1
3,49,2.0,2,0.2,1,2
100,49,89.0,3,0.3,11,89
200,49,175.0,7,0.7,25,175
2000,49,1811.0,60,6.0,189,1811
10000,49,9015.0,264,26.4,985,9015
20000,49,17983.0,525,52.5,2017,17983
40000,49,35876.0,1015,101.5,4124,35876
60000,49,53864.0,1500,150.0,6136,53864
80000,49,71874.0,1952,195.2,8126,71874
100000,49,89876.0,2440,244.0,10124,89876
2,50,1.0,2,0.2,1,1
3,50,2.0,3,0.3,1,2
100,50,83.0,97,9.7,17,83
200,50,164.0,196,19.6,36,164
2000,50,1744.0,559,55.9,256,1744
10000,50,8933.0,741,74.1,1067,8933
20000,50,17884.0,987,98.7,2116,17884
40000,50,35864.0,1461,146.1,4136,35864
60000,50,53836.0,1962,196.2,6164,53836
80000,50,71823.0,2461,246.1,8177,71823
100000,50,89716.0,2982,298.2,10284,89716
2,51,2.0,2,0.2,0,2
3,51,2.0,3,0.3,1,2
100,51,75.0,93,9.3,25,75
200,51,143.0,192,19.2,57,143
2000,51,1634.0,1698,169.8,366,1634
10000,51,8821.0,1879,187.9,1179,8821
20000,51,17755.0,2132,213.2,2245,17755
40000,51,35722.0,2645,264.5,4278,35722
60000,51,53652.0,3167,316.7,6348,53652
80000,51,71610.0,3656,365.6,8390,71610
100000,51,89556.0,4140,414.0,10444,89556
2,52,1.0,1,0.1,1,1
3,52,2.0,1,0.1,1,2
100,52,91.0,6,0.6,9,91
200,52,176.0,9,0.9,24,176
2000,52,1810.0,65,6.5,190,1810
10000,52,8996.0,238,23.8,1004,8996
20000,52,17996.0,488,48.8,2004,17996
40000,52,35975.0,942,94.2,4025,35975
60000,52,53954.0,1453,145.3,6046,53954
80000,52,71892.0,1967,196.7,8108,71892
100000,52,89823.0,2464,246.4,10177,89823
2,53,1.0,2,0.2,1,1
3,53,2.0,3,0.3,1,2
100,53,90.0,11,1.1,10,90
200,53,183.0,11,1.1,17,183
2000,53,1798.0,63,6.3,202,1798
10000,53,9005.0,271,27.1,995,9005
20000,53,17951.0,489,48.9,2049,17951
40000,53,35903.0,961,96.1,4097,35903
60000,53,53853.0,1430,143.0,6147,53853
80000,53,71846.0,1927,192.7,8154,71846
100000,53,89892.0,2421,242.1,10108,89892
2,54,2.0,2,0.2,0,2
3,54,3.0,3,0.3,0,3
100,54,76.0,97,9.7,24,76
200,54,161.0,196,19.6,39,161
2000,54,1778.0,260,26.0,222,1778
10000,54,8958.0,460,46.0,1042,8958
20000,54,17954.0,690,69.0,2046,17954
40000,54,35877.0,1186,118.6,4123,35877
60000,54,53752.0,1698,169.8,6248,53752
80000,54,71676.0,2174,217.4,8324,71676
100000,54,89616.0,2654,265.4,10384,89616
2,55,2.0,2,0.2,0,2
3,55,3.0,3,0.3,0,3
100,55,86.0,97,9.7,14,86
200,55,163.0,197,19.7,37,163
2000,55,1686.0,1232,123.2,314,1686
10000,55,8878.0,1402,140.2,1122,8878
20000,55,17899.0,1650,165.0,2101,17899
40000,55,35887.0,2147,214.7,4113,35887
60000,55,53826.0,2626,262.6,6174,53826
80000,55,71838.0,3116,311.6,8162,71838
100000,55,89862.0,3598,359.8,10138,89862
2,56,2.0,0,0.0,0,2
3,56,3.0,0,0.0,0,3
100,56,89.0,7,0.7,11,89
200,56,178.0,14,1.4,22,178
2000,56,1802.0,65,6.5,198,1802
10000,56,8935.0,253,25.3,1065,8935
20000,56,17895.0,508,50.8,2105,17895
40000,56,35794.0,998,99.8,4206,35794
60000,56,53736.0,1463,146.3,6264,53736
80000,56,71634.0,1967,196.7,8366,71634
100000,56,89595.0,2471,247.1,10405,89595
2,57,2.0,2,0.2,0,2
3,57,3.0,3,0.3,0,3
100,57,89.0,46,4.6,11,89
200,57,181.0,51,5.1,19,181
2000,57,1812.0,78,7.8,188,1812
10000,57,9029.0,257,25.7,971,9029
20000,57,17991.0,491,49.1,2009,17991
40000,57,35969.0,980,98.0,4031,35969
60000,57,53947.0,1457,145.7,6053,53947
80000,57,71960.0,1954,195.4,8040,71960
100000,57,89908.0,2458,245.8,10092,89908
2,58,2.0,2,0.2,0,2
3,58,3.0,3,0.3,0,3
100,58,74.0,100,10.0,26,74
200,58,155.0,197,19.7,45,155
2000,58,1770.0,279,27.9,230,1770
10000,58,8937.0,473,47.3,1063,8937
20000,58,17944.0,702,70.2,2056,17944
40000,58,35889.0,1188,118.8,4111,35889
60000,58,53860.0,1702,170.2,6140,53860
80000,58,71857.0,2241,224.1,8143,71857
100000,58,89782.0,2758,275.8,10218,89782
2,59,1.0,2,0.2,1,1
3,59,2.0,3,0.3,1,2
100,59,85.0,96,9.6,15,85
200,59,161.0,193,19.3,39,161
2000,59,1759.0,413,41.3,241,1759
10000,59,8949.0,610,61.0,1051,8949
20000,59,17924.0,873,87.3,2076,17924
40000,59,36008.0,1345,134.5,3992,36008
60000,59,53970.0,1818,181.8,6030,53970
80000,59,71888.0,2322,232.2,8112,71888
100000,59,89799.0,2813,281.3,10201,89799
2,60,1.0,2,0.2,1,1
3,60,2.0,2,0.2,1,2
100,60,93.0,4,0.4,7,93
200,60,180.0,7,0.7,20,180
2000,60,1786.0,41,4.1,214,1786
10000,60,8950.0,225,22.5,1050,8950
20000,60,17970.0,459,45.9,2030,17970
40000,60,36025.0,958,95.8,3975,36025
60000,60,53968.0,1476,147.6,6032,53968
80000,60,71981.0,1974,197.4,8019,71981
100000,60,89950.0,2504,250.4,10050,89950
2,61,2.0,2,0.2,0,2
3,61,3.0,3,0.3,0,3
100,61,86.0,100,10.0,14,86
200,61,165.0,193,19.3,35,165
2000,61,1752.0,569,56.9,248,1752
10000,61,8893.0,766,76.6,1107,8893
20000,61,17835.0,1036,103.6,2165,17835
40000,61,35826.0,1549,154.9,4174,35826
60000,61,53750.0,2026,202.6,6250,53750
80000,61,71620.0,2533,253.3,8380,71620
100000,61,89507.0,3048,304.8,10493,89507
2,62,2.0,1,0.1,0,2
3,62,3.0,2,0.2,0,3
100,62,92.0,7,0.7,8,92
200,62,184.0,9,0.9,16,184
2000,62,1796.0,56,5.6,204,1796
10000,62,8959.0,245,24.5,1041,8959
20000,62,17940.0,513,51.3,2060,17940
40000,62,35988.0,1023,102.3,4012,35988
60000,62,53980.0,1494,149.4,6020,53980
80000,62,71857.0,1967,196.7,8143,71857
100000,62,89807.0,2440,244.0,10193,89807
2,63,2.0,2,0.2,0,2
3,63,3.0,3,0.3,0,3
100,63,84.0,43,4.3,16,84
200,63,176.0,47,4.7,24,176
2000,63,1794.0,99,9.9,206,1794
10000,63,8995.0,310,31.0,1005,8995
20000,63,17914.0,561,56.1,2086,17914
40000,63,35859.0,1074,107.4,4141,35859
60000,63,53837.0,1531,153.1,6163,53837
80000,63,71827.0,2019,201.9,8173,71827
100000,63,89803.0,2486,248.6,10197,89803
2,64,1.0,2,0.2,1,1
3,64,2.0,3,0.3,1,2
100,64,83.0,15,1.5,17,83
200,64,175.0,19,1.9,25,175
2000,64,1797.0,61,6.1,203,1797
10000,64,9004.0,266,26.6,996,9004
20000,64,18002.0,525,52.5,1998,18002
40000,64,36026.0,1021,102.1,3974,36026
60000,64,53969.0,1514,151.4,6031,53969
80000,64,71930.0,2016,201.6,8070,71930
100000,64,89846.0,2521,252.1,10154,89846
2,65,1.0,2,0.2,1,1
3,65,2.0,3,0.3,1,2
100,65,81.0,95,9.5,19,81
200,65,160.0,194,19.4,40,160
2000,65,1763.0,410,41.0,237,1763
10000,65,8966.0,607,60.7,1034,8966
20000,65,17979.0,843,84.3,2021,17979
40000,65,35948.0,1332,133.2,4052,35948
60000,65,53945.0,1848,184.8,6055,53945
80000,65,71874.0,2329,232.9,8126,71874
100000,65,89776.0,2845,284.5,10224,89776
2,66,2.0,2,0.2,0,2
3,66,3.0,3,0.3,0,3
100,66,90.0,45,4.5,10,90
200,66,170.0,112,11.2,30,170
2000,66,1773.0,232,23.2,227,1773
10000,66,8925.0,440,44.0,1075,8925
20000,66,17965.0,684,68.4,2035,17965
40000,66,35988.0,1240,124.0,4012,35988
60000,66,53905.0,1742,174.2,6095,53905
80000,66,71846.0,2238,223.8,8154,71846
100000,66,89832.0,2757,275.7,10168,89832
2,67,1.0,2,0.2,1,1
3,67,2.0,3,0.3,1,2
100,67,77.0,100,10.0,23,77
200,67,168.0,106,10.6,32,168
2000,67,1776.0,144,14.4,224,1776
10000,67,8981.0,359,35.9,1019,8981
20000,67,17917.0,652,65.2,2083,17917
40000,67,35893.0,1167,116.7,4107,35893
60000,67,53815.0,1648,164.8,6185,53815
80000,67,71728.0,2131,213.1,8272,71728
100000,67,89590.0,2623,262.3,10410,89590
2,68,2.0,2,0.2,0,2
3,68,3.0,3,0.3,0,3
100,68,82.0,97,9.7,18,82
200,68,166.0,169,16.9,34,166
2000,68,1790.0,214,21.4,210,1790
10000,68,8909.0,419,41.9,1091,8909
20000,68,17917.0,654,65.4,2083,17917
40000,68,35819.0,1143,114.3,4181,35819
60000,68,53833.0,1629,162.9,6167,53833
80000,68,71799.0,2108,210.8,8201,71799
100000,68,89707.0,2606,260.6,10293,89707
2,69,2.0,2,0.2,0,2
3,69,3.0,3,0.3,0,3
100,69,83.0,81,8.1,17,83
200,69,175.0,87,8.7,25,175
2000,69,1803.0,138,13.8,197,1803
10000,69,8945.0,311,31.1,1055,8945
20000,69,17903.0,580,58.0,2097,17903
40000,69,35832.0,1097,109.7,4168,35832
60000,69,53791.0,1598,159.8,6209,53791
80000,69,71725.0,2097,209.7,8275,71725
100000,69,89653.0,2572,257.2,10347,89653
2,70,1.0,2,0.2,1,1
3,70,1.0,3,0.3,2,1
100,70,87.0,12,1.2,13,87
200,70,180.0,16,1.6,20,180
2000,70,1813.0,62,6.2,187,1813
10000,70,9044.0,265,26.5,956,9044
20000,70,17999.0,524,52.4,2001,17999
40000,70,35868.0,1000,100.0,4132,35868
60000,70,53812.0,1510,151.0,6188,53812
80000,70,71737.0,2012,201.2,8263,71737
100000,70,89656.0,2515,251.5,10344,89656
2,71,1.0,2,0.2,1,1
3,71,2.0,3,0.3,1,2
100,71,83.0,95,9.5,17,83
200,71,166.0,195,19.5,34,166
2000,71,1773.0,329,32.9,227,1773
10000,71,8961.0,521,52.1,1039,8961
20000,71,17920.0,781,78.1,2080,17920
40000,71,35873.0,1249,124.9,4127,35873
60000,71,53837.0,1728,172.8,6163,53837
80000,71,71796.0,2211,221.1,8204,71796
100000,71,89740.0,2728,272.8,10260,89740
2,72,1.0,2,0.2,1,1
3,72,2.0,2,0.2,1,2
100,72,91.0,3,0.3,9,91
200,72,184.0,3,0.3,16,184
2000,72,1791.0,47,4.7,209,1791
10000,72,8969.0,229,22.9,1031,8969
20000,72,17890.0,487,48.7,2110,17890
40000,72,35880.0,978,97.8,4120,35880
60000,72,53799.0,1501,150.1,6201,53799
80000,72,71789.0,2016,201.6,8211,71789
100000,72,89756.0,2548,254.8,10244,89756
2,73,1.0,2,0.2,1,1
3,73,2.0,3,0.3,1,2
100,73,85.0,22,2.2,15,85
200,73,176.0,23,2.3,24,176
2000,73,1766.0,74,7.4,234,1766
10000,73,8992.0,282,28.2,1008,8992
20000,73,17988.0,507,50.7,2012,17988
40000,73,35894.0,1013,101.3,4106,35894
60000,73,53881.0,1513,151.3,6119,53881
80000,73,71858.0,2001,200.1,8142,71858
100000,73,89769.0,2526,252.6,10231,89769
2,74,2.0,2,0.2,0,2
3,74,3.0,3,0.3,0,3
100,74,87.0,61,6.1,13,87
200,74,179.0,67,6.7,21,179
2000,74,1818.0,125,12.5,182,1818
10000,74,8997.0,339,33.9,1003,8997
20000,74,17988.0,576,57.6,2012,17988
40000,74,35933.0,1107,110.7,4067,35933
60000,74,53858.0,1610,161.0,6142,53858
80000,74,71803.0,2139,213.9,8197,71803
100000,74,89717.0,2630,263.0,10283,89717
2,75,2.0,2,0.2,0,2
3,75,2.0,3,0.3,1,2
100,75,85.0,61,6.1,15,85
200,75,177.0,63,6.3,23,177
2000,75,1793.0,104,10.4,207,1793
10000,75,8966.0,329,32.9,1034,8966
20000,75,17978.0,606,60.6,2022,17978
40000,75,35954.0,1125,112.5,4046,35954
60000,75,53877.0,1640,164.0,6123,53877
80000,75,71806.0,2135,213.5,8194,71806
100000,75,89780.0,2636,263.6,10220,89780
2,76,2.0,2,0.2,0,2
3,76,2.0,3,0.3,1,2
100,76,80.0,97,9.7,20,80
200,76,161.0,194,19.4,39,161
2000,76,1781.0,432,43.2,219,1781
10000,76,8981.0,645,64.5,1019,8981
20000,76,18006.0,909,90.9,1994,18006
40000,76,35992.0,1444,144.4,4008,35992
60000,76,53864.0,1950,195.0,6136,53864
80000,76,71833.0,2432,243.2,8167,71833
100000,76,89764.0,2930,293.0,10236,89764
2,77,2.0,2,0.2,0,2
3,77,3.0,3,0.3,0,3
100,77,85.0,43,4.3,15,85
200,77,174.0,44,4.4,26,174
2000,77,1794.0,89,8.9,206,1794
10000,77,9002.0,276,27.6,998,9002
20000,77,18023.0,534,53.4,1977,18023
40000,77,35979.0,1013,101.3,4021,35979
60000,77,53940.0,1516,151.6,6060,53940
80000,77,71859.0,1994,199.4,8141,71859
100000,77,89862.0,2486,248.6,10138,89862
2,78,2.0,2,0.2,0,2
3,78,3.0,3,0.3,0,3
100,78,85.0,96,9.6,15,85
200,78,165.0,192,19.2,35,165
2000,78,1713.0,849,84.9,287,1713
10000,78,8920.0,1031,103.1,1080,8920
20000,78,17889.0,1266,126.6,2111,17889
40000,78,35906.0,1779,177.9,4094,35906
60000,78,53816.0,2263,226.3,6184,53816
80000,78,71879.0,2746,274.6,8121,71879
100000,78,89858.0,3248,324.8,10142,89858
2,79,1.0,2,0.2,1,1
3,79,2.0,3,0.3,1,2
100,79,91.0,14,1.4,9,91
200,79,178.0,16,1.6,22,178
2000,79,1790.0,62,6.2,210,1790
10000,79,8994.0,269,26.9,1006,8994
20000,79,17937.0,510,51.0,2063,17937
40000,79,35856.0,1035,103.5,4144,35856
60000,79,53746.0,1533,153.3,6254,53746
80000,79,71738.0,2034,203.4,8262,71738
100000,79,89748.0,2528,252.8,10252,89748
2,80,2.0,2,0.2,0,2
3,80,3.0,3,0.3,0,3
100,80,92.0,12,1.2,8,92
200,80,184.0,12,1.2,16,184
2000,80,1815.0,59,5.9,185,1815
10000,80,9004.0,289,28.9,996,9004
20000,80,17969.0,521,52.1,2031,17969
40000,80,35914.0,1073,107.3,4086,35914
60000,80,53927.0,1547,154.7,6073,53927
80000,80,71825.0,2056,205.6,8175,71825
100000,80,89783.0,2557,255.7,10217,89783
2,81,1.0,2,0.2,1,1
3,81,1.0,3,0.3,2,1
100,81,89.0,61,6.1,11,89
200,81,176.0,66,6.6,24,176
2000,81,1783.0,104,10.4,217,1783
10000,81,8943.0,292,29.2,1057,8943
20000,81,17911.0,556,55.6,2089,17911
40000,81,35920.0,1057,105.7,4080,35920
60000,81,53894.0,1592,159.2,6106,53894
80000,81,71886.0,2078,207.8,8114,71886
100000,81,89724.0,2556,255.6,10276,89724
2,82,1.0,2,0.2,1,1
3,82,2.0,3,0.3,1,2
100,82,84.0,42,4.2,16,84
200,82,176.0,43,4.3,24,176
2000,82,1803.0,81,8.1,197,1803
10000,82,8971.0,265,26.5,1029,8971
20000,82,18003.0,499,49.9,1997,18003
40000,82,35930.0,1005,100.5,4070,35930
60000,82,53880.0,1549,154.9,6120,53880
80000,82,71853.0,2037,203.7,8147,71853
100000,82,89896.0,2501,250.1,10104,89896
2,83,2.0,2,0.2,0,2
3,83,3.0,3,0.3,0,3
100,83,84.0,81,8.1,16,84
200,83,175.0,83,8.3,25,175
2000,83,1775.0,130,13.0,225,1775
10000,83,8958.0,311,31.1,1042,8958
20000,83,17967.0,587,58.7,2033,17967
40000,83,35987.0,1084,108.4,4013,35987
60000,83,53924.0,1603,160.3,6076,53924
80000,83,71832.0,2096,209.6,8168,71832
100000,83,89807.0,2580,258.0,10193,89807
2,84,2.0,2,0.2,0,2
3,84,3.0,3,0.3,0,3
100,84,89.0,35,3.5,11,89
200,84,181.0,36,3.6,19,181
2000,84,1792.0,75,7.5,208,1792
10000,84,9012.0,264,26.4,988,9012
20000,84,17956.0,521,52.1,2044,17956
40000,84,35889.0,1023,102.3,4111,35889
60000,84,53873.0,1532,153.2,6127,53873
80000,84,71902.0,2053,205.3,8098,71902
100000,84,89879.0,2494,249.4,10121,89879
2,85,2.0,2,0.2,0,2
3,85,3.0,3,0.3,0,3
100,85,92.0,6,0.6,8,92
200,85,178.0,7,0.7,22,178
2000,85,1805.0,61,6.1,195,1805
10000,85,8968.0,249,24.9,1032,8968
20000,85,17920.0,495,49.5,2080,17920
40000,85,35837.0,1013,101.3,4163,35837
60000,85,53750.0,1502,150.2,6250,53750
80000,85,71707.0,2014,201.4,8293,71707
100000,85,89735.0,2471,247.1,10265,89735
2,86,1.0,2,0.2,1,1
3,86,2.0,3,0.3,1,2
100,86,88.0,16,1.6,12,88
200,86,178.0,19,1.9,22,178
2000,86,1783.0,61,6.1,217,1783
10000,86,8962.0,273,27.3,1038,8962
20000,86,17951.0,527,52.7,2049,17951
40000,86,35860.0,1018,101.8,4140,35860
60000,86,53810.0,1506,150.6,6190,53810
80000,86,71704.0,2048,204.8,8296,71704
100000,86,89701.0,2565,256.5,10299,89701
2,87,2.0,2,0.2,0,2
3,87,3.0,3,0.3,0,3
100,87,79.0,98,9.8,21,79
200,87,162.0,195,19.5,38,162
2000,87,1730.0,530,53.0,270,1730
10000,87,8936.0,742,74.2,1064,8936
20000,87,17944.0,1019,101.9,2056,17944
40000,87,35928.0,1490,149.0,4072,35928
60000,87,53870.0,2051,205.1,6130,53870
80000,87,71820.0,2549,254.9,8180,71820
100000,87,89751.0,3021,302.1,10249,89751
2,88,2.0,2,0.2,0,2
3,88,3.0,3,0.3,0,3
100,88,89.0,19,1.9,11,89
200,88,183.0,23,2.3,17,183
2000,88,1817.0,64,6.4,183,1817
10000,88,9013.0,239,23.9,987,9013
20000,88,17994.0,469,46.9,2006,17994
40000,88,35938.0,993,99.3,4062,35938
60000,88,53831.0,1472,147.2,6169,53831
80000,88,71772.0,1990,199.0,8228,71772
100000,88,89726.0,2484,248.4,10274,89726
2,89,2.0,2,0.2,0,2
3,89,3.0,3,0.3,0,3
100,89,87.0,72,7.2,13,87
200,89,174.0,74,7.4,26,174
2000,89,1809.0,119,11.9,191,1809
10000,89,8997.0,316,31.6,1003,8997
20000,89,18019.0,571,57.1,1981,18019
40000,89,35964.0,1114,111.4,4036,35964
60000,89,53859.0,1628,162.8,6141,53859
80000,89,71779.0,2136,213.6,8221,71779
100000,89,89821.0,2657,265.7,10179,89821
2,90,1.0,2,0.2,1,1
3,90,1.0,3,0.3,2,1
100,90,72.0,94,9.4,28,72
200,90,153.0,193,19.3,47,153
2000,90,1701.0,968,96.8,299,1701
10000,90,8850.0,1172,117.2,1150,8850
20000,90,17757.0,1412,141.2,2243,17757
40000,90,35808.0,1932,193.2,4192,35808
60000,90,53765.0,2391,239.1,6235,53765
80000,90,71663.0,2871,287.1,8337,71663
100000,90,89575.0,3387,338.7,10425,89575
2,91,2.0,2,0.2,0,2
3,91,3.0,3,0.3,0,3
100,91,76.0,97,9.7,24,76
200,91,158.0,196,19.6,42,158
2000,91,1785.0,270,27.0,215,1785
10000,91,8949.0,482,48.2,1051,8949
20000,91,17955.0,721,72.1,2045,17955
40000,91,35906.0,1188,118.8,4094,35906
60000,91,53846.0,1687,168.7,6154,53846
80000,91,71734.0,2188,218.8,8266,71734
100000,91,89698.0,2670,267.0,10302,89698
2,92,2.0,2,0.2,0,2
3,92,3.0,3,0.3,0,3
100,92,79.0,100,10.0,21,79
200,92,163.0,143,14.3,37,163
2000,92,1760.0,189,18.9,240,1760
10000,92,8963.0,383,38.3,1037,8963
20000,92,17943.0,620,62.0,2057,17943
40000,92,35999.0,1140,114.0,4001,35999
60000,92,53955.0,1644,164.4,6045,53955
80000,92,71831.0,2139,213.9,8169,71831
100000,92,89747.0,2628,262.8,10253,89747
2,93,2.0,2,0.2,0,2
3,93,3.0,3,0.3,0,3
100,93,82.0,96,9.6,18,82
200,93,161.0,195,19.5,39,161
2000,93,1742.0,617,61.7,258,1742
10000,93,8899.0,820,82.0,1101,8899
20000,93,17810.0,1070,107.0,2190,17810
40000,93,35739.0,1579,157.9,4261,35739
60000,93,53727.0,2080,208.0,6273,53727
80000,93,71695.0,2617,261.7,8305,71695
100000,93,89591.0,3122,312.2,10409,89591
2,94,1.0,2,0.2,1,1
3,94,2.0,3,0.3,1,2
100,94,90.0,22,2.2,10,90
200,94,179.0,23,2.3,21,179
2000,94,1789.0,75,7.5,211,1789
10000,94,8963.0,264,26.4,1037,8963
20000,94,17881.0,521,52.1,2119,17881
40000,94,35807.0,995,99.5,4193,35807
60000,94,53771.0,1488,148.8,6229,53771
80000,94,71736.0,1971,197.1,8264,71736
100000,94,89641.0,2478,247.8,10359,89641
2,95,2.0,2,0.2,0,2
3,95,3.0,3,0.3,0,3
100,95,85.0,100,10.0,15,85
200,95,169.0,132,13.2,31,169
2000,95,1787.0,183,18.3,213,1787
10000,95,8972.0,392,39.2,1028,8972
20000,95,17957.0,645,64.5,2043,17957
40000,95,35825.0,1120,112.0,4175,35825
60000,95,53727.0,1642,164.2,6273,53727
80000,95,71712.0,2106,210.6,8288,71712
100000,95,89668.0,2603,260.3,10332,89668
2,96,1.0,2,0.2,1,1
3,96,2.0,3,0.3,1,2
100,96,87.0,49,4.9,13,87
200,96,178.0,53,5.3,22,178
2000,96,1812.0,96,9.6,188,1812
10000,96,9011.0,282,28.2,989,9011
20000,96,17961.0,522,52.2,2039,17961
40000,96,35931.0,1016,101.6,4069,35931
60000,96,53864.0,1542,154.2,6136,53864
80000,96,71802.0,2004,200.4,8198,71802
100000,96,89759.0,2495,249.5,10241,89759
2,97,1.0,2,0.2,1,1
3,97,2.0,3,0.3,1,2
100,97,81.0,56,5.6,19,81
200,97,172.0,59,5.9,28,172
2000,97,1797.0,95,9.5,203,1797
10000,97,8952.0,290,29.0,1048,8952
20000,97,17919.0,549,54.9,2081,17919
40000,97,35899.0,1016,101.6,4101,35899
60000,97,53936.0,1531,153.1,6064,53936
80000,97,71891.0,2039,203.9,8109,71891
100000,97,89865.0,2572,257.2,10135,89865
2,98,1.0,2,0.2,1,1
3,98,1.0,3,0.3,2,1
100,98,70.0,97,9.7,30,70
200,98,158.0,103,10.3,42,158
2000,98,1784.0,146,14.6,216,1784
10000,98,9027.0,340,34.0,973,9027
20000,98,18016.0,605,60.5,1984,18016
40000,98,35963.0,1173,117.3,4037,35963
60000,98,53901.0,1681,168.1,6099,53901
80000,98,71915.0,2191,219.1,8085,71915
100000,98,89802.0,2718,271.8,10198,89802
2,99,2.0,2,0.2,0,2
3,99,3.0,3,0.3,0,3
100,99,86.0,22,2.2,14,86
200,99,178.0,25,2.5,22,178
2000,99,1809.0,72,7.2,191,1809
10000,99,8974.0,288,28.8,1026,8974
20000,99,17979.0,552,55.2,2021,17979
40000,99,35952.0,1058,105.8,4048,35952
60000,99,53972.0,1518,151.8,6028,53972
80000,99,71905.0,2010,201.0,8095,71905
100000,99,89841.0,2493,249.3,10159,89841
2,100,2.0,2,0.2,0,2
3,100,3.0,3,0.3,0,3
100,100,85.0,53,5.3,15,85
200,100,163.0,55,5.5,37,163
2000,100,1771.0,115,11.5,229,1771
10000,100,8944.0,359,35.9,1056,8944
20000,100,17951.0,599,59.9,2049,17951
40000,100,35849.0,1123,112.3,4151,35849
60000,100,53791.0,1601,160.1,6209,53791
80000,100,71658.0,2122,212.2,8342,71658
100000,100,89622.0,2597,259.7,10378,89622
2,1,2.0,2,0.01,0,2
3,1,3.0,3,0.02,0,3
100,1,94.0,26,0.13,6,94
200,1,184.0,29,0.15,16,184
2000,1,1783.0,1543,7.72,217,1783
10000,1,8974.0,9364,46.82,1026,8974
20000,1,17911.0,19146,95.73,2089,17911
40000,1,35858.0,37963,189.82,4142,35858
60000,1,53681.0,56744,283.72,6319,53681
80000,1,71570.0,73899,369.5,8430,71570
100000,1,89505.0,91578,457.89,10495,89505
2,2,2.0,0,0.0,0,2
3,2,2.0,0,0.0,1,2
100,2,90.0,3,0.02,10,90
200,2,185.0,6,0.03,15,185
2000,2,1813.0,51,0.26,187,1813
10000,2,8999.0,244,1.22,1001,8999
20000,2,18016.0,489,2.45,1984,18016
40000,2,35986.0,1024,5.12,4014,35986
60000,2,54021.0,1523,7.62,5979,54021
80000,2,71982.0,1992,9.96,8018,71982
100000,2,90014.0,2498,12.49,9986,90014
2,3,2.0,0,0.0,0,2
3,3,3.0,0,0.0,0,3
100,3,89.0,3,0.02,11,89
200,3,182.0,5,0.03,18,182
2000,3,1817.0,303,1.52,183,1817
10000,3,8972.0,483,2.42,1028,8972
20000,3,17909.0,749,3.75,2091,17909
40000,3,35978.0,1879,9.4,4022,35978
60000,3,53956.0,2386,11.93,6044,53956
80000,3,71907.0,2882,14.41,8093,71907
100000,3,89905.0,3363,16.82,10095,89905
2,4,2.0,0,0.0,0,2
3,4,3.0,0,0.0,0,3
100,4,90.0,67,0.34,10,90
200,4,185.0,160,0.8,15,185
2000,4,1777.0,1722,8.61,223,1777
10000,4,9032.0,1924,9.62,968,9032
20000,4,18050.0,2205,11.03,1950,18050
40000,4,36053.0,2644,13.22,3947,36053
60000,4,54053.0,3183,15.92,5947,54053
80000,4,72019.0,3685,18.43,7981,72019
100000,4,89999.0,4249,21.25,10001,89999
2,5,2.0,0,0.0,0,2
3,5,3.0,0,0.0,0,3
100,5,93.0,4,0.02,7,93
200,5,183.0,6,0.03,17,183
2000,5,1804.0,76,0.38,196,1804
10000,5,8991.0,1147,5.74,1009,8991
20000,5,17930.0,1615,8.08,2070,17930
40000,5,35889.0,4024,20.12,4111,35889
60000,5,53913.0,4531,22.66,6087,53913
80000,5,71897.0,5012,25.06,8103,71897
100000,5,89900.0,5504,27.52,10100,89900
2,6,0.0,0,0.0,2,0
3,6,1.0,0,0.0,2,1
100,6,89.0,7,0.04,11,89
200,6,180.0,10,0.05,20,180
2000,6,1819.0,116,0.58,181,1819
10000,6,9040.0,1437,7.19,960,9040
20000,6,18019.0,2625,13.13,1981,18019
40000,6,36054.0,3138,15.69,3946,36054
60000,6,54040.0,3964,19.82,5960,54040
80000,6,72001.0,8227,41.14,7999,72001
100000,6,89919.0,8695,43.48,10081,89919
2,7,2.0,1,0.01,0,2
3,7,3.0,1,0.01,0,3
100,7,91.0,8,0.04,9,91
200,7,181.0,9,0.05,19,181
2000,7,1790.0,159,0.8,210,1790
10000,7,8989.0,419,2.1,1011,8989
20000,7,17992.0,748,3.74,2008,17992
40000,7,35998.0,1246,6.23,4002,35998
60000,7,53939.0,1717,8.59,6061,53939
80000,7,71955.0,2200,11.0,8045,71955
100000,7,89900.0,2724,13.62,10100,89900
2,8,2.0,0,0.0,0,2
3,8,3.0,0,0.0,0,3
100,8,88.0,2,0.01,12,88
200,8,178.0,6,0.03,22,178
2000,8,1778.0,113,0.57,222,1778
10000,8,8954.0,332,1.66,1046,8954
20000,8,17966.0,560,2.8,2034,17966
40000,8,35888.0,1101,5.51,4112,35888
60000,8,53821.0,1614,8.07,6179,53821
80000,8,71859.0,2130,10.65,8141,71859
100000,8,89856.0,2599,13.0,10144,89856
2,9,2.0,0,0.0,0,2
3,9,3.0,0,0.0,0,3
100,9,87.0,0,0.0,13,87
200,9,174.0,20,0.1,26,174
2000,9,1769.0,314,1.57,231,1769
10000,9,8904.0,8121,40.61,1096,8904
20000,9,17825.0,17883,89.42,2175,17825
40000,9,35769.0,37394,186.97,4231,35769
60000,9,53686.0,56909,284.55,6314,53686
80000,9,71516.0,76423,382.12,8484,71516
100000,9,89400.0,95907,479.54,10600,89400
2,10,1.0,2,0.01,1,1
3,10,2.0,3,0.02,1,2
100,10,88.0,94,0.47,12,88
200,10,176.0,193,0.97,24,176
2000,10,1781.0,1878,9.39,219,1781
10000,10,8952.0,9675,48.38,1048,8952
20000,10,17918.0,19403,97.02,2082,17918
40000,10,35837.0,38939,194.7,4163,35837
60000,10,53677.0,58398,291.99,6323,53677
80000,10,71608.0,77901,389.51,8392,71608
100000,10,89499.0,94751,473.76,10501,89499
2,11,2.0,0,0.0,0,2
3,11,3.0,0,0.0,0,3
100,11,90.0,0,0.0,10,90
200,11,178.0,31,0.16,22,178
2000,11,1798.0,128,0.64,202,1798
10000,11,8952.0,1119,5.6,1048,8952
20000,11,17926.0,2699,13.5,2074,17926
40000,11,35892.0,3229,16.15,4108,35892
60000,11,53908.0,3729,18.65,6092,53908
80000,11,71945.0,4249,21.25,8055,71945
100000,11,89902.0,4773,23.87,10098,89902
2,12,2.0,0,0.0,0,2
3,12,3.0,0,0.0,0,3
100,12,85.0,9,0.05,15,85
200,12,173.0,11,0.06,27,173
2000,12,1811.0,63,0.32,189,1811
10000,12,9000.0,259,1.3,1000,9000
20000,12,18007.0,512,2.56,1993,18007
40000,12,36010.0,1027,5.14,3990,36010
60000,12,54049.0,2805,14.03,5951,54049
80000,12,72108.0,3336,16.68,7892,72108
100000,12,90113.0,3831,19.16,9887,90113
2,13,1.0,0,0.0,1,1
3,13,2.0,0,0.0,1,2
100,13,89.0,33,0.17,11,89
200,13,182.0,101,0.51,18,182
2000,13,1799.0,1864,9.32,201,1799
10000,13,8976.0,9674,48.37,1024,8976
20000,13,17893.0,19433,97.17,2107,17893
40000,13,35811.0,38966,194.83,4189,35811
60000,13,53783.0,40280,201.4,6217,53783
80000,13,71786.0,40772,203.86,8214,71786
100000,13,89831.0,41269,206.35,10169,89831
2,14,2.0,0,0.0,0,2
3,14,3.0,0,0.0,0,3
100,14,91.0,7,0.04,9,91
200,14,185.0,8,0.04,15,185
2000,14,1793.0,126,0.63,207,1793
10000,14,8989.0,346,1.73,1011,8989
20000,14,17936.0,614,3.07,2064,17936
40000,14,35960.0,1074,5.37,4040,35960
60000,14,53895.0,1557,7.79,6105,53895
80000,14,71972.0,2041,10.21,8028,71972
100000,14,89974.0,2512,12.56,10026,89974
2,15,1.0,0,0.0,1,1
3,15,2.0,0,0.0,1,2
100,15,86.0,12,0.06,14,86
200,15,177.0,15,0.08,23,177
2000,15,1808.0,64,0.32,192,1808
10000,15,8969.0,284,1.42,1031,8969
20000,15,17973.0,1763,8.82,2027,17973
40000,15,36039.0,2274,11.37,3961,36039
60000,15,54046.0,2734,13.67,5954,54046
80000,15,72042.0,3224,16.12,7958,72042
100000,15,90034.0,3749,18.75,9966,90034
2,16,1.0,0,0.0,1,1
3,16,2.0,0,0.0,1,2
100,16,93.0,4,0.02,7,93
200,16,181.0,10,0.05,19,181
2000,16,1797.0,93,0.47,203,1797
10000,16,8947.0,5800,29.0,1053,8947
20000,16,17880.0,6362,31.81,2120,17880
40000,16,35882.0,6848,34.24,4118,35882
60000,16,53794.0,7343,36.72,6206,53794
80000,16,71751.0,7834,39.17,8249,71751
100000,16,89797.0,8390,41.95,10203,89797
2,17,2.0,0,0.0,0,2
3,17,2.0,0,0.0,1,2
100,17,86.0,4,0.02,14,86
200,17,180.0,6,0.03,20,180
2000,17,1799.0,249,1.25,201,1799
10000,17,9016.0,462,2.31,984,9016
20000,17,17987.0,3364,16.82,2013,17987
40000,17,35936.0,3934,19.67,4064,35936
60000,17,53918.0,4430,22.15,6082,53918
80000,17,71816.0,4929,24.65,8184,71816
100000,17,89787.0,5409,27.05,10213,89787
2,18,2.0,0,0.0,0,2
3,18,3.0,0,0.0,0,3
100,18,91.0,18,0.09,9,91
200,18,184.0,19,0.1,16,184
2000,18,1793.0,113,0.57,207,1793
10000,18,8946.0,3128,15.64,1054,8946
20000,18,17930.0,3374,16.87,2070,17930
40000,18,35957.0,3896,19.48,4043,35957
60000,18,53937.0,4422,22.11,6063,53937
80000,18,71910.0,4971,24.86,8090,71910
100000,18,89897.0,5492,27.46,10103,89897
2,19,2.0,0,0.0,0,2
3,19,3.0,0,0.0,0,3
100,19,86.0,0,0.0,14,86
200,19,175.0,4,0.02,25,175
2000,19,1800.0,46,0.23,200,1800
10000,19,9014.0,3301,16.51,986,9014
20000,19,17973.0,3849,19.25,2027,17973
40000,19,35992.0,4356,21.78,4008,35992
60000,19,54011.0,4872,24.36,5989,54011
80000,19,71984.0,5373,26.87,8016,71984
100000,19,89974.0,5873,29.37,10026,89974
2,20,2.0,0,0.0,0,2
3,20,3.0,0,0.0,0,3
100,20,87.0,6,0.03,13,87
200,20,182.0,6,0.03,18,182
2000,20,1799.0,50,0.25,201,1799
10000,20,8976.0,359,1.8,1024,8976
20000,20,17940.0,568,2.84,2060,17940
40000,20,35944.0,1052,5.26,4056,35944
60000,20,53956.0,2087,10.44,6044,53956
80000,20,71999.0,2588,12.94,8001,71999
100000,20,90039.0,3076,15.38,9961,90039
2,21,2.0,0,0.0,0,2
3,21,3.0,0,0.0,0,3
100,21,92.0,9,0.05,8,92
200,21,178.0,14,0.07,22,178
2000,21,1786.0,55,0.28,214,1786
10000,21,9006.0,326,1.63,994,9006
20000,21,18042.0,624,3.12,1958,18042
40000,21,36008.0,3981,19.91,3992,36008
60000,21,54062.0,4487,22.44,5938,54062
80000,21,72063.0,4995,24.98,7937,72063
100000,21,90008.0,8234,41.17,9992,90008
2,22,2.0,0,0.0,0,2
3,22,2.0,0,0.0,1,2
100,22,89.0,0,0.0,11,89
200,22,177.0,4,0.02,23,177
2000,22,1784.0,56,0.28,216,1784
10000,22,8933.0,268,1.34,1067,8933
20000,22,17953.0,503,2.52,2047,17953
40000,22,35881.0,1048,5.24,4119,35881
60000,22,53923.0,1530,7.65,6077,53923
80000,22,71911.0,2388,11.94,8089,71911
100000,22,89877.0,2889,14.45,10123,89877
2,23,1.0,0,0.0,1,1
3,23,2.0,0,0.0,1,2
100,23,92.0,2,0.01,8,92
200,23,179.0,5,0.03,21,179
2000,23,1798.0,59,0.3,202,1798
10000,23,9005.0,254,1.27,995,9005
20000,23,17944.0,515,2.58,2056,17944
40000,23,35905.0,1010,5.05,4095,35905
60000,23,53934.0,1562,7.81,6066,53934
80000,23,71864.0,2065,10.33,8136,71864
100000,23,89880.0,2618,13.09,10120,89880
2,24,2.0,0,0.0,0,2
3,24,3.0,0,0.0,0,3
100,24,86.0,2,0.01,14,86
200,24,176.0,3,0.02,24,176
2000,24,1820.0,51,0.26,180,1820
10000,24,8979.0,233,1.17,1021,8979
20000,24,17956.0,490,2.45,2044,17956
40000,24,36002.0,968,4.84,3998,36002
60000,24,54031.0,1475,7.38,5969,54031
80000,24,72031.0,2003,10.02,7969,72031
100000,24,90015.0,2495,12.48,9985,90015
2,25,2.0,0,0.0,0,2
3,25,2.0,0,0.0,1,2
100,25,86.0,0,0.0,14,86
200,25,173.0,12,0.06,27,173
2000,25,1784.0,63,0.32,216,1784
10000,25,9009.0,316,1.58,991,9009
20000,25,18010.0,637,3.19,1990,18010
40000,25,35999.0,1140,5.7,4001,35999
60000,25,53996.0,2730,13.65,6004,53996
80000,25,71940.0,5776,28.88,8060,71940
100000,25,89904.0,6250,31.25,10096,89904
2,26,2.0,0,0.0,0,2
3,26,3.0,0,0.0,0,3
100,26,90.0,6,0.03,10,90
200,26,185.0,6,0.03,15,185
2000,26,1797.0,55,0.28,203,1797
10000,26,8980.0,259,1.3,1020,8980
20000,26,17985.0,521,2.61,2015,17985
40000,26,35883.0,1006,5.03,4117,35883
60000,26,53887.0,1519,7.6,6113,53887
80000,26,71883.0,2053,10.27,8117,71883
100000,26,89845.0,2559,12.8,10155,89845
2,27,2.0,0,0.0,0,2
3,27,3.0,0,0.0,0,3
100,27,88.0,0,0.0,12,88
200,27,179.0,2,0.01,21,179
2000,27,1802.0,121,0.61,198,1802
10000,27,8976.0,422,2.11,1024,8976
20000,27,17961.0,685,3.43,2039,17961
40000,27,35985.0,1169,5.85,4015,35985
60000,27,53996.0,1691,8.46,6004,53996
80000,27,71995.0,2233,11.17,8005,71995
100000,27,90079.0,2741,13.71,9921,90079
2,28,2.0,0,0.0,0,2
3,28,3.0,0,0.0,0,3
100,28,89.0,88,0.44,11,89
200,28,183.0,183,0.92,17,183
2000,28,1801.0,1947,9.74,199,1801
10000,28,9002.0,9539,47.7,998,9002
20000,28,17990.0,17806,89.03,2010,17990
40000,28,35966.0,18351,91.76,4034,35966
60000,28,53953.0,18861,94.31,6047,53953
80000,28,72017.0,19518,97.59,7983,72017
100000,28,90074.0,20024,100.12,9926,90074
2,29,2.0,0,0.0,0,2
3,29,3.0,0,0.0,0,3
100,29,90.0,8,0.04,10,90
200,29,177.0,14,0.07,23,177
2000,29,1801.0,1576,7.88,199,1801
10000,29,8985.0,9379,46.9,1015,8985
20000,29,17958.0,19118,95.59,2042,17958
40000,29,35915.0,38625,193.13,4085,35915
60000,29,53817.0,58100,290.5,6183,53817
80000,29,71744.0,77583,387.92,8256,71744
100000,29,89621.0,97038,485.19,10379,89621
2,30,2.0,0,0.0,0,2
3,30,3.0,0,0.0,0,3
100,30,97.0,9,0.05,3,97
200,30,184.0,23,0.12,16,184
2000,30,1790.0,69,0.35,210,1790
10000,30,8949.0,277,1.39,1051,8949
20000,30,17932.0,538,2.69,2068,17932
40000,30,35908.0,1822,9.11,4092,35908
60000,30,53854.0,2308,11.54,6146,53854
80000,30,71831.0,2841,14.21,8169,71831
100000,30,89804.0,3342,16.71,10196,89804
2,31,2.0,0,0.0,0,2
3,31,3.0,1,0.01,0,3
100,31,92.0,9,0.05,8,92
200,31,176.0,13,0.07,24,176
2000,31,1789.0,112,0.56,211,1789
10000,31,9002.0,377,1.89,998,9002
20000,31,17977.0,637,3.19,2023,17977
40000,31,35966.0,1164,5.82,4034,35966
60000,31,54012.0,1630,8.15,5988,54012
80000,31,72003.0,2147,10.74,7997,72003
100000,31,90050.0,2673,13.37,9950,90050
2,32,2.0,0,0.0,0,2
3,32,3.0,0,0.0,0,3
100,32,92.0,3,0.02,8,92
200,32,180.0,9,0.05,20,180
2000,32,1800.0,61,0.31,200,1800
10000,32,9008.0,272,1.36,992,9008
20000,32,17986.0,546,2.73,2014,17986
40000,32,35917.0,1107,5.54,4083,35917
60000,32,53911.0,2188,10.94,6089,53911
80000,32,71916.0,2897,14.49,8084,71916
100000,32,89809.0,3398,16.99,10191,89809
2,33,1.0,0,0.0,1,1
3,33,2.0,0,0.0,1,2
100,33,87.0,1,0.01,13,87
200,33,181.0,3,0.02,19,181
2000,33,1792.0,1063,5.32,208,1792
10000,33,8967.0,8850,44.25,1033,8967
20000,33,17966.0,18563,92.82,2034,17966
40000,33,35919.0,38062,190.31,4081,35919
60000,33,53930.0,47900,239.5,6070,53930
80000,33,71939.0,48367,241.84,8061,71939
100000,33,89977.0,48854,244.27,10023,89977
2,34,2.0,0,0.0,0,2
3,34,3.0,0,0.0,0,3
100,34,92.0,2,0.01,8,92
200,34,182.0,7,0.04,18,182
2000,34,1804.0,42,0.21,196,1804
10000,34,9000.0,242,1.21,1000,9000
20000,34,18021.0,503,2.52,1979,18021
40000,34,36046.0,1050,5.25,3954,36046
60000,34,54086.0,1586,7.93,5914,54086
80000,34,72045.0,2084,10.42,7955,72045
100000,34,90024.0,2595,12.98,9976,90024
2,35,1.0,0,0.0,1,1
3,35,2.0,0,0.0,1,2
100,35,92.0,86,0.43,8,92
200,35,177.0,183,0.92,23,177
2000,35,1812.0,1931,9.66,188,1812
10000,35,8961.0,9725,48.63,1039,8961
20000,35,17898.0,19433,97.17,2102,17898
40000,35,35780.0,38908,194.54,4220,35780
60000,35,53707.0,57582,287.91,6293,53707
80000,35,71739.0,58080,290.4,8261,71739
100000,35,89739.0,58571,292.86,10261,89739
2,36,2.0,0,0.0,0,2
3,36,3.0,0,0.0,0,3
100,36,91.0,71,0.36,9,91
200,36,182.0,170,0.85,18,182
2000,36,1788.0,1186,5.93,212,1788
10000,36,9011.0,1362,6.81,989,9011
20000,36,18015.0,1618,8.09,1985,18015
40000,36,36001.0,2094,10.47,3999,36001
60000,36,53961.0,2604,13.02,6039,53961
80000,36,71876.0,3124,15.62,8124,71876
100000,36,89890.0,3614,18.07,10110,89890
2,37,1.0,0,0.0,1,1
3,37,2.0,0,0.0,1,2
100,37,86.0,4,0.02,14,86
200,37,174.0,5,0.03,26,174
2000,37,1763.0,1725,8.63,237,1763
10000,37,8954.0,3762,18.81,1046,8954
20000,37,17903.0,3993,19.97,2097,17903
40000,37,35903.0,4506,22.53,4097,35903
60000,37,53923.0,5068,25.34,6077,53923
80000,37,71881.0,5585,27.93,8119,71881
100000,37,89897.0,6072,30.36,10103,89897
2,38,1.0,0,0.0,1,1
3,38,2.0,0,0.0,1,2
100,38,90.0,4,0.02,10,90
200,38,181.0,4,0.02,19,181
2000,38,1786.0,45,0.23,214,1786
10000,38,8979.0,227,1.14,1021,8979
20000,38,17979.0,482,2.41,2021,17979
40000,38,36008.0,1007,5.04,3992,36008
60000,38,54058.0,1490,7.45,5942,54058
80000,38,72094.0,1982,9.91,7906,72094
100000,38,90016.0,2523,12.62,9984,90016
2,39,2.0,0,0.0,0,2
3,39,3.0,0,0.0,0,3
100,39,88.0,7,0.04,12,88
200,39,179.0,7,0.04,21,179
2000,39,1793.0,170,0.85,207,1793
10000,39,8983.0,405,2.03,1017,8983
20000,39,17964.0,665,3.33,2036,17964
40000,39,35905.0,1160,5.8,4095,35905
60000,39,53859.0,1661,8.31,6141,53859
80000,39,71867.0,2140,10.7,8133,71867
100000,39,89857.0,2622,13.11,10143,89857
2,40,2.0,0,0.0,0,2
3,40,3.0,0,0.0,0,3
100,40,93.0,81,0.41,7,93
200,40,183.0,178,0.89,17,183
2000,40,1803.0,1945,9.73,197,1803
10000,40,8924.0,9750,48.75,1076,8924
20000,40,17853.0,19477,97.39,2147,17853
40000,40,35773.0,25373,126.87,4227,35773
60000,40,53775.0,25885,129.43,6225,53775
80000,40,71758.0,26379,131.9,8242,71758
100000,40,89789.0,26851,134.26,10211,89789
2,41,2.0,0,0.0,0,2
3,41,3.0,0,0.0,0,3
100,41,90.0,6,0.03,10,90
200,41,176.0,9,0.05,24,176
2000,41,1823.0,64,0.32,177,1823
10000,41,9005.0,272,1.36,995,9005
20000,41,17984.0,527,2.64,2016,17984
40000,41,35985.0,1083,5.42,4015,35985
60000,41,54029.0,4409,22.05,5971,54029
80000,41,71940.0,7660,38.3,8060,71940
100000,41,89922.0,8087,40.44,10078,89922
2,42,2.0,0,0.0,0,2
3,42,2.0,0,0.0,1,2
100,42,90.0,15,0.08,10,90
200,42,176.0,16,0.08,24,176
2000,42,1799.0,57,0.29,201,1799
10000,42,8992.0,263,1.32,1008,8992
20000,42,17975.0,579,2.9,2025,17975
40000,42,35970.0,1443,7.22,4030,35970
60000,42,54022.0,1935,9.68,5978,54022
80000,42,71980.0,2473,12.37,8020,71980
100000,42,89997.0,2978,14.89,10003,89997
2,43,2.0,0,0.0,0,2
3,43,3.0,0,0.0,0,3
100,43,89.0,40,0.2,11,89
200,43,179.0,116,0.58,21,179
2000,43,1811.0,1800,9.0,189,1811
10000,43,8923.0,9624,48.12,1077,8923
20000,43,17893.0,19388,96.94,2107,17893
40000,43,35730.0,38888,194.44,4270,35730
60000,43,53736.0,41678,208.39,6264,53736
80000,43,71704.0,42192,210.96,8296,71704
100000,43,89696.0,42673,213.37,10304,89696
2,44,2.0,0,0.0,0,2
3,44,3.0,0,0.0,0,3
100,44,92.0,6,0.03,8,92
200,44,180.0,28,0.14,20,180
2000,44,1787.0,1763,8.82,213,1787
10000,44,8860.0,9558,47.79,1140,8860
20000,44,17831.0,19241,96.21,2169,17831
40000,44,35702.0,38726,193.63,4298,35702
60000,44,53640.0,58218,291.09,6360,53640
80000,44,71517.0,77708,388.54,8483,71517
100000,44,89499.0,97230,486.15,10501,89499
2,45,1.0,0,0.0,1,1
3,45,2.0,0,0.0,1,2
100,45,93.0,83,0.42,7,93
200,45,182.0,179,0.9,18,182
2000,45,1812.0,595,2.98,188,1812
10000,45,8999.0,808,4.04,1001,8999
20000,45,17921.0,3286,16.43,2079,17921
40000,45,35988.0,3795,18.98,4012,35988
60000,45,53992.0,4318,21.59,6008,53992
80000,45,72006.0,5481,27.41,7994,72006
100000,45,90010.0,5964,29.82,9990,90010
2,46,2.0,0,0.0,0,2
3,46,3.0,0,0.0,0,3
100,46,94.0,86,0.43,6,94
200,46,184.0,184,0.92,16,184
2000,46,1773.0,1835,9.18,227,1773
10000,46,8960.0,6739,33.7,1040,8960
20000,46,17926.0,16505,82.53,2074,17926
40000,46,35779.0,35918,179.59,4221,35779
60000,46,53646.0,54318,271.59,6354,53646
80000,46,71502.0,73002,365.01,8498,71502
100000,46,89423.0,92420,462.1,10577,89423
2,47,2.0,0,0.0,0,2
3,47,3.0,0,0.0,0,3
100,47,89.0,6,0.03,11,89
200,47,183.0,7,0.04,17,183
2000,47,1804.0,740,3.7,196,1804
10000,47,9001.0,2695,13.48,999,9001
20000,47,18013.0,2951,14.76,1987,18013
40000,47,36000.0,3433,17.17,4000,36000
60000,47,53997.0,3950,19.75,6003,53997
80000,47,72068.0,4433,22.17,7932,72068
100000,47,90100.0,4916,24.58,9900,90100
2,48,1.0,0,0.0,1,1
3,48,2.0,0,0.0,1,2
100,48,90.0,6,0.03,10,90
200,48,177.0,15,0.08,23,177
2000,48,1798.0,100,0.5,202,1798
10000,48,8955.0,297,1.49,1045,8955
20000,48,17931.0,5580,27.9,2069,17931
40000,48,35888.0,25069,125.35,4112,35888
60000,48,53813.0,44576,222.88,6187,53813
80000,48,71811.0,51828,259.14,8189,71811
100000,48,89839.0,52330,261.65,10161,89839
2,49,2.0,0,0.0,0,2
3,49,3.0,0,0.0,0,3
100,49,88.0,29,0.15,12,88
200,49,172.0,39,0.2,28,172
2000,49,1783.0,88,0.44,217,1783
10000,49,8951.0,282,1.41,1049,8951
20000,49,17932.0,518,2.59,2068,17932
40000,49,35954.0,1175,5.88,4046,35954
60000,49,53876.0,1663,8.32,6124,53876
80000,49,71936.0,2164,10.82,8064,71936
100000,49,89948.0,2654,13.27,10052,89948
2,50,2.0,0,0.0,0,2
3,50,3.0,0,0.0,0,3
100,50,89.0,4,0.02,11,89
200,50,177.0,13,0.07,23,177
2000,50,1766.0,86,0.43,234,1766
10000,50,8929.0,652,3.26,1071,8929
20000,50,17921.0,924,4.62,2079,17921
40000,50,35985.0,1433,7.17,4015,35985
60000,50,53904.0,1905,9.53,6096,53904
80000,50,71855.0,2428,12.14,8145,71855
100000,50,89876.0,2943,14.72,10124,89876
2,51,2.0,0,0.0,0,2
3,51,3.0,0,0.0,0,3
100,51,91.0,2,0.01,9,91
200,51,176.0,4,0.02,24,176
2000,51,1792.0,57,0.29,208,1792
10000,51,8969.0,270,1.35,1031,8969
20000,51,17956.0,551,2.76,2044,17956
40000,51,35993.0,1028,5.14,4007,35993
60000,51,54051.0,1483,7.42,5949,54051
80000,51,72026.0,1987,9.94,7974,72026
100000,51,90054.0,2459,12.3,9946,90054
2,52,2.0,0,0.0,0,2
3,52,3.0,0,0.0,0,3
100,52,87.0,76,0.38,13,87
200,52,178.0,173,0.87,22,178
2000,52,1781.0,1886,9.43,219,1781
10000,52,8953.0,9684,48.42,1047,8953
20000,52,17902.0,18804,94.02,2098,17902
40000,52,35844.0,38205,191.03,4156,35844
60000,52,53715.0,55385,276.93,6285,53715
80000,52,71631.0,74868,374.34,8369,71631
100000,52,89532.0,94356,471.78,10468,89532
2,53,1.0,0,0.0,1,1
3,53,1.0,0,0.0,2,1
100,53,90.0,0,0.0,10,90
200,53,180.0,3,0.02,20,180
2000,53,1815.0,73,0.37,185,1815
10000,53,9000.0,265,1.33,1000,9000
20000,53,18039.0,502,2.51,1961,18039
40000,53,36034.0,985,4.93,3966,36034
60000,53,54104.0,1529,7.65,5896,54104
80000,53,72133.0,2019,10.1,7867,72133
100000,53,90143.0,2573,12.87,9857,90143
2,54,1.0,0,0.0,1,1
3,54,2.0,0,0.0,1,2
100,54,94.0,16,0.08,6,94
200,54,189.0,18,0.09,11,189
2000,54,1793.0,69,0.35,207,1793
10000,54,8983.0,268,1.34,1017,8983
20000,54,17992.0,501,2.51,2008,17992
40000,54,35938.0,992,4.96,4062,35938
60000,54,53941.0,1501,7.51,6059,53941
80000,54,71971.0,1990,9.95,8029,71971
100000,54,89997.0,2495,12.48,10003,89997
2,55,2.0,0,0.0,0,2
3,55,2.0,0,0.0,1,2
100,55,96.0,0,0.0,4,96
200,55,185.0,5,0.03,15,185
2000,55,1805.0,49,0.25,195,1805
10000,55,9018.0,246,1.23,982,9018
20000,55,18018.0,492,2.46,1982,18018
40000,55,36056.0,983,4.92,3944,36056
60000,55,54003.0,1485,7.43,5997,54003
80000,55,72008.0,1995,9.98,7992,72008
100000,55,89952.0,2474,12.37,10048,89952
2,56,2.0,0,0.0,0,2
3,56,2.0,0,0.0,1,2
100,56,89.0,71,0.36,11,89
200,56,177.0,168,0.84,23,177
2000,56,1783.0,1816,9.08,217,1783
10000,56,8945.0,9630,48.15,1055,8945
20000,56,17921.0,19156,95.78,2079,17921
40000,56,35800.0,38172,190.86,4200,35800
60000,56,53655.0,57646,288.23,6345,53655
80000,56,71576.0,77110,385.55,8424,71576
100000,56,89513.0,95192,475.96,10487,89513
2,57,2.0,0,0.0,0,2
3,57,3.0,0,0.0,0,3
100,57,91.0,0,0.0,9,91
200,57,182.0,9,0.05,18,182
2000,57,1802.0,68,0.34,198,1802
10000,57,9006.0,280,1.4,994,9006
20000,57,17993.0,519,2.6,2007,17993
40000,57,35942.0,1024,5.12,4058,35942
60000,57,53942.0,1503,7.52,6058,53942
80000,57,71873.0,2004,10.02,8127,71873
100000,57,89798.0,2472,12.36,10202,89798
2,58,2.0,0,0.0,0,2
3,58,3.0,0,0.0,0,3
100,58,87.0,6,0.03,13,87
200,58,174.0,7,0.04,26,174
2000,58,1802.0,56,0.28,198,1802
10000,58,9003.0,365,1.83,997,9003
20000,58,18032.0,597,2.99,1968,18032
40000,58,36025.0,1158,5.79,3975,36025
60000,58,53984.0,1608,8.04,6016,53984
80000,58,71982.0,2128,10.64,8018,71982
100000,58,89971.0,2622,13.11,10029,89971
2,59,1.0,0,0.0,1,1
3,59,2.0,0,0.0,1,2
100,59,90.0,17,0.09,10,90
200,59,177.0,18,0.09,23,177
2000,59,1792.0,66,0.33,208,1792
10000,59,8965.0,534,2.67,1035,8965
20000,59,17970.0,770,3.85,2030,17970
40000,59,35882.0,1275,6.38,4118,35882
60000,59,53872.0,2219,11.1,6128,53872
80000,59,71889.0,2711,13.56,8111,71889
100000,59,89908.0,3181,15.91,10092,89908
2,60,2.0,0,0.0,0,2
3,60,3.0,0,0.0,0,3
100,60,90.0,7,0.04,10,90
200,60,180.0,9,0.05,20,180
2000,60,1813.0,83,0.42,187,1813
10000,60,9033.0,489,2.45,967,9033
20000,60,18024.0,3910,19.55,1976,18024
40000,60,36017.0,4944,24.72,3983,36017
60000,60,54010.0,5427,27.14,5990,54010
80000,60,71977.0,5932,29.66,8023,71977
100000,60,90016.0,6399,32.0,9984,90016
2,61,2.0,0,0.0,0,2
3,61,3.0,0,0.0,0,3
100,61,93.0,40,0.2,7,93
200,61,184.0,42,0.21,16,184
2000,61,1813.0,114,0.57,187,1813
10000,61,8996.0,336,1.68,1004,8996
20000,61,18035.0,665,3.33,1965,18035
40000,61,36061.0,1159,5.8,3939,36061
60000,61,54024.0,1693,8.47,5976,54024
80000,61,71978.0,4981,24.91,8022,71978
100000,61,89986.0,5457,27.29,10014,89986
2,62,2.0,0,0.0,0,2
3,62,3.0,0,0.0,0,3
100,62,91.0,86,0.43,9,91
200,62,186.0,184,0.92,14,186
2000,62,1788.0,1946,9.73,212,1788
10000,62,8914.0,9717,48.59,1086,8914
20000,62,17908.0,19455,97.28,2092,17908
40000,62,35768.0,38957,194.79,4232,35768
60000,62,53731.0,58427,292.14,6269,53731
80000,62,71600.0,77894,389.47,8400,71600
100000,62,89449.0,97403,487.02,10551,89449
2,63,2.0,0,0.0,0,2
3,63,3.0,0,0.0,0,3
100,63,86.0,79,0.4,14,86
200,63,176.0,177,0.89,24,176
2000,63,1774.0,1927,9.64,226,1774
10000,63,8952.0,9722,48.61,1048,8952
20000,63,17897.0,19439,97.2,2103,17897
40000,63,35836.0,38040,190.2,4164,35836
60000,63,53639.0,57286,286.43,6361,53639
80000,63,71522.0,76753,383.77,8478,71522
100000,63,89322.0,96241,481.21,10678,89322
2,64,2.0,0,0.0,0,2
3,64,2.0,0,0.0,1,2
100,64,91.0,3,0.02,9,91
200,64,179.0,8,0.04,21,179
2000,64,1808.0,89,0.45,192,1808
10000,64,8981.0,708,3.54,1019,8981
20000,64,17937.0,944,4.72,2063,17937
40000,64,35927.0,1976,9.88,4073,35927
60000,64,53880.0,2427,12.14,6120,53880
80000,64,71973.0,2943,14.72,8027,71973
100000,64,90029.0,3398,16.99,9971,90029
2,65,2.0,0,0.0,0,2
3,65,3.0,0,0.0,0,3
100,65,91.0,13,0.07,9,91
200,65,181.0,15,0.08,19,181
2000,65,1816.0,71,0.36,184,1816
10000,65,9051.0,275,1.38,949,9051
20000,65,18027.0,520,2.6,1973,18027
40000,65,36042.0,1034,5.17,3958,36042
60000,65,54075.0,1564,7.82,5925,54075
80000,65,72106.0,2059,10.3,7894,72106
100000,65,90147.0,2561,12.81,9853,90147
2,66,1.0,0,0.0,1,1
3,66,2.0,0,0.0,1,2
100,66,89.0,7,0.04,11,89
200,66,178.0,8,0.04,22,178
2000,66,1804.0,83,0.42,196,1804
10000,66,9000.0,299,1.5,1000,9000
20000,66,17976.0,591,2.96,2024,17976
40000,66,35945.0,1136,5.68,4055,35945
60000,66,53913.0,1614,8.07,6087,53913
80000,66,71902.0,2104,10.52,8098,71902
100000,66,89886.0,2654,13.27,10114,89886
2,67,1.0,0,0.0,1,1
3,67,2.0,0,0.0,1,2
100,67,90.0,18,0.09,10,90
200,67,180.0,61,0.31,20,180
2000,67,1795.0,1796,8.98,205,1795
10000,67,8948.0,9095,45.48,1052,8948
20000,67,17910.0,18837,94.19,2090,17910
40000,67,35847.0,38316,191.58,4153,35847
60000,67,53839.0,49208,246.04,6161,53839
80000,67,71843.0,49737,248.69,8157,71843
100000,67,89860.0,50239,251.2,10140,89860
2,68,2.0,0,0.0,0,2
3,68,3.0,0,0.0,0,3
100,68,95.0,28,0.14,5,95
200,68,186.0,31,0.16,14,186
2000,68,1778.0,103,0.52,222,1778
10000,68,8960.0,371,1.86,1040,8960
20000,68,17912.0,1527,7.64,2088,17912
40000,68,35956.0,3405,17.03,4044,35956
60000,68,53925.0,3889,19.45,6075,53925
80000,68,71935.0,4356,21.78,8065,71935
100000,68,89856.0,4847,24.24,10144,89856
2,69,2.0,0,0.0,0,2
3,69,3.0,0,0.0,0,3
100,69,91.0,5,0.03,9,91
200,69,181.0,6,0.03,19,181
2000,69,1787.0,58,0.29,213,1787
10000,69,8965.0,256,1.28,1035,8965
20000,69,17920.0,530,2.65,2080,17920
40000,69,35938.0,998,4.99,4062,35938
60000,69,53947.0,1498,7.49,6053,53947
80000,69,71966.0,2029,10.15,8034,71966
100000,69,89993.0,2515,12.58,10007,89993
2,70,2.0,0,0.0,0,2
3,70,3.0,0,0.0,0,3
100,70,94.0,75,0.38,6,94
200,70,178.0,173,0.87,22,178
2000,70,1782.0,1915,9.58,218,1782
10000,70,8987.0,9716,48.58,1013,8987
20000,70,17977.0,19435,97.18,2023,17977
40000,70,35835.0,38926,194.63,4165,35835
60000,70,53764.0,58346,291.73,6236,53764
80000,70,71643.0,77868,389.34,8357,71643
100000,70,89577.0,97118,485.59,10423,89577
2,71,2.0,0,0.0,0,2
3,71,3.0,0,0.0,0,3
100,71,86.0,23,0.12,14,86
200,71,178.0,34,0.17,22,178
2000,71,1799.0,77,0.39,201,1799
10000,71,9037.0,293,1.47,963,9037
20000,71,18083.0,1092,5.46,1917,18083
40000,71,36037.0,1943,9.72,3963,36037
60000,71,54026.0,2888,14.44,5974,54026
80000,71,71999.0,3395,16.98,8001,71999
100000,71,89915.0,3883,19.42,10085,89915
2,72,2.0,0,0.0,0,2
3,72,3.0,0,0.0,0,3
100,72,89.0,70,0.35,11,89
200,72,178.0,168,0.84,22,178
2000,72,1782.0,913,4.57,218,1782
10000,72,8988.0,1129,5.65,1012,8988
20000,72,18002.0,1373,6.87,1998,18002
40000,72,36011.0,1850,9.25,3989,36011
60000,72,54013.0,2391,11.96,5987,54013
80000,72,72049.0,2915,14.58,7951,72049
100000,72,90073.0,3388,16.94,9927,90073
2,73,2.0,0,0.0,0,2
3,73,3.0,0,0.0,0,3
100,73,87.0,89,0.45,13,87
200,73,177.0,188,0.94,23,177
2000,73,1777.0,1930,9.65,223,1777
10000,73,8884.0,9559,47.8,1116,8884
20000,73,17826.0,19296,96.48,2174,17826
40000,73,35656.0,38766,193.83,4344,35656
60000,73,53634.0,43585,217.93,6366,53634
80000,73,71583.0,44094,220.47,8417,71583
100000,73,89510.0,44593,222.97,10490,89510
2,74,2.0,0,0.0,0,2
3,74,3.0,0,0.0,0,3
100,74,95.0,14,0.07,5,95
200,74,187.0,25,0.13,13,187
2000,74,1779.0,200,1.0,221,1779
10000,74,8959.0,407,2.04,1041,8959
20000,74,17945.0,655,3.28,2055,17945
40000,74,35938.0,1165,5.83,4062,35938
60000,74,53891.0,1693,8.47,6109,53891
80000,74,71930.0,2189,10.95,8070,71930
100000,74,89897.0,2651,13.26,10103,89897
2,75,2.0,0,0.0,0,2
3,75,3.0,0,0.0,0,3
100,75,88.0,16,0.08,12,88
200,75,178.0,19,0.1,22,178
2000,75,1791.0,64,0.32,209,1791
10000,75,8978.0,265,1.33,1022,8978
20000,75,17989.0,520,2.6,2011,17989
40000,75,36002.0,1002,5.01,3998,36002
60000,75,54005.0,1496,7.48,5995,54005
80000,75,71986.0,2003,10.02,8014,71986
100000,75,89941.0,2521,12.61,10059,89941
2,76,2.0,1,0.01,0,2
3,76,2.0,1,0.01,1,2
100,76,85.0,4,0.02,15,85
200,76,171.0,6,0.03,29,171
2000,76,1799.0,1353,6.77,201,1799
10000,76,8977.0,9120,45.6,1023,8977
20000,76,17936.0,18863,94.32,2064,17936
40000,76,35828.0,37835,189.18,4172,35828
60000,76,53846.0,38366,191.83,6154,53846
80000,76,71765.0,38867,194.34,8235,71765
100000,76,89740.0,39396,196.98,10260,89740
2,77,2.0,0,0.0,0,2
3,77,3.0,0,0.0,0,3
100,77,87.0,80,0.4,13,87
200,77,175.0,179,0.9,25,175
2000,77,1786.0,1760,8.8,214,1786
10000,77,9021.0,9354,46.77,979,9021
20000,77,17971.0,19122,95.61,2029,17971
40000,77,35871.0,38609,193.05,4129,35871
60000,77,53761.0,58006,290.03,6239,53761
80000,77,71743.0,61503,307.52,8257,71743
100000,77,89787.0,62036,310.18,10213,89787
2,78,1.0,0,0.0,1,1
3,78,2.0,0,0.0,1,2
100,78,93.0,78,0.39,7,93
200,78,183.0,175,0.88,17,183
2000,78,1791.0,1925,9.63,209,1791
10000,78,9010.0,9720,48.6,990,9010
20000,78,17964.0,19461,97.31,2036,17964
40000,78,35876.0,38889,194.45,4124,35876
60000,78,53687.0,58362,291.81,6313,53687
80000,78,71622.0,77675,388.38,8378,71622
100000,78,89559.0,88105,440.53,10441,89559
2,79,2.0,0,0.0,0,2
3,79,3.0,0,0.0,0,3
100,79,94.0,76,0.38,6,94
200,79,177.0,163,0.82,23,177
2000,79,1810.0,376,1.88,190,1810
10000,79,9023.0,564,2.82,977,9023
20000,79,18038.0,853,4.27,1962,18038
40000,79,36032.0,1338,6.69,3968,36032
60000,79,54014.0,1845,9.23,5986,54014
80000,79,72028.0,2374,11.87,7972,72028
100000,79,90041.0,2859,14.3,9959,90041
2,80,2.0,0,0.0,0,2
3,80,3.0,0,0.0,0,3
100,80,87.0,3,0.02,13,87
200,80,179.0,5,0.03,21,179
2000,80,1801.0,47,0.24,199,1801
10000,80,9004.0,226,1.13,996,9004
20000,80,18015.0,751,3.76,1985,18015
40000,80,35999.0,1276,6.38,4001,35999
60000,80,53910.0,2484,12.42,6090,53910
80000,80,71852.0,3552,17.76,8148,71852
100000,80,89866.0,4069,20.35,10134,89866
2,81,2.0,0,0.0,0,2
3,81,2.0,0,0.0,1,2
100,81,90.0,4,0.02,10,90
200,81,176.0,5,0.03,24,176
2000,81,1791.0,168,0.84,209,1791
10000,81,8973.0,375,1.88,1027,8973
20000,81,17933.0,604,3.02,2067,17933
40000,81,35953.0,1073,5.37,4047,35953
60000,81,53867.0,1558,7.79,6133,53867
80000,81,71895.0,2067,10.34,8105,71895
100000,81,89909.0,2588,12.94,10091,89909
2,82,2.0,0,0.0,0,2
3,82,3.0,0,0.0,0,3
100,82,93.0,4,0.02,7,93
200,82,185.0,103,0.52,15,185
2000,82,1774.0,1648,8.24,226,1774
10000,82,8921.0,9445,47.23,1079,8921
20000,82,17894.0,19193,95.97,2106,17894
40000,82,35817.0,38737,193.69,4183,35817
60000,82,53755.0,58210,291.05,6245,53755
80000,82,71635.0,77732,388.66,8365,71635
100000,82,89473.0,97203,486.02,10527,89473
2,83,2.0,0,0.0,0,2
3,83,2.0,0,0.0,1,2
100,83,88.0,0,0.0,12,88
200,83,180.0,17,0.09,20,180
2000,83,1811.0,98,0.49,189,1811
10000,83,9010.0,305,1.53,990,9010
20000,83,18018.0,534,2.67,1982,18018
40000,83,36039.0,1023,5.12,3961,36039
60000,83,54036.0,1493,7.47,5964,54036
80000,83,72038.0,2027,10.14,7962,72038
100000,83,90063.0,2541,12.71,9937,90063
2,84,0.0,0,0.0,2,0
3,84,1.0,0,0.0,2,1
100,84,88.0,92,0.46,12,88
200,84,175.0,192,0.96,25,175
2000,84,1795.0,1710,8.55,205,1795
10000,84,9017.0,1911,9.56,983,9017
20000,84,17970.0,2156,10.78,2030,17970
40000,84,36035.0,2686,13.43,3965,36035
60000,84,54041.0,3146,15.73,5959,54041
80000,84,72037.0,3637,18.19,7963,72037
100000,84,89966.0,4175,20.88,10034,89966
2,85,2.0,0,0.0,0,2
3,85,3.0,0,0.0,0,3
100,85,92.0,27,0.14,8,92
200,85,180.0,30,0.15,20,180
2000,85,1798.0,97,0.49,202,1798
10000,85,8999.0,531,2.66,1001,8999
20000,85,17963.0,8231,41.16,2037,17963
40000,85,35906.0,27747,138.74,4094,35906
60000,85,53934.0,28774,143.87,6066,53934
80000,85,71891.0,29287,146.44,8109,71891
100000,85,89851.0,29788,148.94,10149,89851
2,86,2.0,0,0.0,0,2
3,86,3.0,0,0.0,0,3
100,86,86.0,4,0.02,14,86
200,86,167.0,5,0.03,33,167
2000,86,1792.0,61,0.31,208,1792
10000,86,8994.0,292,1.46,1006,8994
20000,86,18011.0,683,3.42,1989,18011
40000,86,35995.0,1191,5.96,4005,35995
60000,86,53976.0,1680,8.4,6024,53976
80000,86,71961.0,2203,11.02,8039,71961
100000,86,89973.0,2707,13.54,10027,89973
2,87,2.0,0,0.0,0,2
3,87,3.0,0,0.0,0,3
100,87,83.0,1,0.01,17,83
200,87,175.0,2,0.01,25,175
2000,87,1808.0,155,0.78,192,1808
10000,87,8993.0,690,3.45,1007,8993
20000,87,18001.0,960,4.8,1999,18001
40000,87,35983.0,1475,7.38,4017,35983
60000,87,54081.0,1998,9.99,5919,54081
80000,87,72119.0,2455,12.28,7881,72119
100000,87,90134.0,2971,14.86,9866,90134
2,88,2.0,0,0.0,0,2
3,88,3.0,0,0.0,0,3
100,88,93.0,61,0.31,7,93
200,88,180.0,160,0.8,20,180
2000,88,1784.0,1904,9.52,216,1784
10000,88,8920.0,7469,37.35,1080,8920
20000,88,17920.0,7727,38.64,2080,17920
40000,88,35963.0,8260,41.3,4037,35963
60000,88,53959.0,8718,43.59,6041,53959
80000,88,72001.0,9198,45.99,7999,72001
100000,88,89964.0,9682,48.41,10036,89964
2,89,2.0,1,0.01,0,2
3,89,3.0,1,0.01,0,3
100,89,86.0,4,0.02,14,86
200,89,174.0,9,0.05,26,174
2000,89,1794.0,56,0.28,206,1794
10000,89,8973.0,265,1.33,1027,8973
20000,89,17968.0,526,2.63,2032,17968
40000,89,35923.0,1051,5.26,4077,35923
60000,89,53911.0,1527,7.64,6089,53911
80000,89,71881.0,2009,10.05,8119,71881
100000,89,89947.0,2499,12.5,10053,89947
2,90,2.0,0,0.0,0,2
3,90,3.0,0,0.0,0,3
100,90,88.0,30,0.15,12,88
200,90,180.0,36,0.18,20,180
2000,90,1791.0,80,0.4,209,1791
10000,90,9010.0,259,1.3,990,9010
20000,90,17992.0,486,2.43,2008,17992
40000,90,35953.0,1006,5.03,4047,35953
60000,90,53917.0,1478,7.39,6083,53917
80000,90,71909.0,2003,10.02,8091,71909
100000,90,89930.0,2491,12.46,10070,89930
2,91,1.0,0,0.0,1,1
3,91,2.0,0,0.0,1,2
100,91,87.0,1,0.01,13,87
200,91,179.0,2,0.01,21,179
2000,91,1795.0,39,0.2,205,1795
10000,91,9020.0,265,1.33,980,9020
20000,91,17996.0,507,2.54,2004,17996
40000,91,35989.0,1036,5.18,4011,35989
60000,91,53995.0,1505,7.53,6005,53995
80000,91,71996.0,2011,10.06,8004,71996
100000,91,90073.0,2518,12.59,9927,90073
2,92,2.0,0,0.0,0,2
3,92,3.0,0,0.0,0,3
100,92,92.0,13,0.07,8,92
200,92,186.0,19,0.1,14,186
2000,92,1785.0,52,0.26,215,1785
10000,92,8980.0,265,1.33,1020,8980
20000,92,18004.0,524,2.62,1996,18004
40000,92,36058.0,1039,5.2,3942,36058
60000,92,54040.0,1566,7.83,5960,54040
80000,92,72023.0,2064,10.32,7977,72023
100000,92,90146.0,2574,12.87,9854,90146
2,93,2.0,0,0.0,0,2
3,93,3.0,0,0.0,0,3
100,93,89.0,13,0.07,11,89
200,93,175.0,14,0.07,25,175
2000,93,1822.0,267,1.34,178,1822
10000,93,9022.0,1428,7.14,978,9022
20000,93,18029.0,6938,34.69,1971,18029
40000,93,35953.0,10724,53.62,4047,35953
60000,93,53955.0,11199,56.0,6045,53955
80000,93,72024.0,11699,58.5,7976,72024
100000,93,89957.0,12229,61.15,10043,89957
2,94,1.0,0,0.0,1,1
3,94,2.0,0,0.0,1,2
100,94,91.0,40,0.2,9,91
200,94,178.0,136,0.68,22,178
2000,94,1795.0,1882,9.41,205,1795
10000,94,8972.0,3285,16.43,1028,8972
20000,94,17919.0,3537,17.69,2081,17919
40000,94,35908.0,4002,20.01,4092,35908
60000,94,53805.0,4483,22.42,6195,53805
80000,94,71757.0,5040,25.2,8243,71757
100000,94,89803.0,5559,27.8,10197,89803
2,95,2.0,0,0.0,0,2
3,95,3.0,0,0.0,0,3
100,95,86.0,11,0.06,14,86
200,95,177.0,15,0.08,23,177
2000,95,1787.0,65,0.33,213,1787
10000,95,9005.0,269,1.35,995,9005
20000,95,18022.0,520,2.6,1978,18022
40000,95,35943.0,1015,5.08,4057,35943
60000,95,53906.0,1490,7.45,6094,53906
80000,95,71926.0,1947,9.74,8074,71926
100000,95,89904.0,2421,12.11,10096,89904
2,96,2.0,0,0.0,0,2
3,96,3.0,0,0.0,0,3
100,96,93.0,56,0.28,7,93
200,96,183.0,147,0.74,17,183
2000,96,1787.0,306,1.53,213,1787
10000,96,8954.0,519,2.6,1046,8954
20000,96,17941.0,739,3.7,2059,17941
40000,96,35893.0,1200,6.0,4107,35893
60000,96,53868.0,1724,8.62,6132,53868
80000,96,71892.0,2305,11.53,8108,71892
100000,96,89853.0,2771,13.86,10147,89853
2,97,2.0,2,0.01,0,2
3,97,3.0,3,0.02,0,3
100,97,88.0,18,0.09,12,88
200,97,178.0,18,0.09,22,178
2000,97,1776.0,155,0.78,224,1776
10000,97,9038.0,399,2.0,962,9038
20000,97,18033.0,1484,7.42,1967,18033
40000,97,36023.0,2670,13.35,3977,36023
60000,97,54066.0,3212,16.06,5934,54066
80000,97,72076.0,3824,19.12,7924,72076
100000,97,90058.0,4316,21.58,9942,90058
2,98,2.0,0,0.0,0,2
3,98,3.0,0,0.0,0,3
100,98,92.0,83,0.42,8,92
200,98,180.0,183,0.92,20,180
2000,98,1790.0,504,2.52,210,1790
10000,98,8997.0,699,3.5,1003,8997
20000,98,18033.0,954,4.77,1967,18033
40000,98,36039.0,1442,7.21,3961,36039
60000,98,54031.0,1960,9.8,5969,54031
80000,98,72004.0,2440,12.2,7996,72004
100000,98,90053.0,2942,14.71,9947,90053
2,99,2.0,0,0.0,0,2
3,99,3.0,0,0.0,0,3
100,99,89.0,1,0.01,11,89
200,99,180.0,5,0.03,20,180
2000,99,1807.0,476,2.38,193,1807
10000,99,8963.0,1764,8.82,1037,8963
20000,99,17943.0,3906,19.53,2057,17943
40000,99,35782.0,21240,106.2,4218,35782
60000,99,53670.0,40733,203.67,6330,53670
80000,99,71630.0,60248,301.24,8370,71630
100000,99,89492.0,79736,398.68,10508,89492
2,100,2.0,0,0.0,0,2
3,100,3.0,0,0.0,0,3
100,100,93.0,4,0.02,7,93
200,100,186.0,7,0.04,14,186
2000,100,1815.0,64,0.32,185,1815
10000,100,8986.0,267,1.34,1014,8986
20000,100,17973.0,531,2.66,2027,17973
40000,100,35983.0,1031,5.16,4017,35983
60000,100,53972.0,1521,7.61,6028,53972
80000,100,71955.0,2012,10.06,8045,71955
100000,100,89958.0,2536,12.68,10042,89958
2,1,2.0,2,0.01,0,2
3,1,3.0,3,0.02,0,3
100,1,87.0,95,0.48,13,87
200,1,172.0,194,0.97,28,172
2000,1,1770.0,1650,8.25,230,1770
10000,1,8978.0,9430,47.15,1022,8978
20000,1,17897.0,19187,95.94,2103,17897
40000,1,35795.0,38699,193.5,4205,35795
60000,1,53655.0,58182,290.91,6345,53655
80000,1,71603.0,65823,329.12,8397,71603
100000,1,89575.0,66339,331.7,10425,89575
2,2,2.0,2,0.01,0,2
3,2,3.0,3,0.02,0,3
100,2,86.0,95,0.48,14,86
200,2,174.0,193,0.97,26,174
2000,2,1776.0,1941,9.71,224,1776
10000,2,8939.0,4044,20.22,1061,8939
20000,2,17891.0,4292,21.46,2109,17891
40000,2,35864.0,4811,24.06,4136,35864
60000,2,53845.0,5291,26.46,6155,53845
80000,2,71854.0,5809,29.05,8146,71854
100000,2,89818.0,6288,31.44,10182,89818
2,3,1.0,1,0.01,1,1
3,3,2.0,2,0.01,1,2
100,3,89.0,97,0.49,11,89
200,3,183.0,193,0.97,17,183
2000,3,1801.0,1938,9.69,199,1801
10000,3,8993.0,9730,48.65,1007,8993
20000,3,17916.0,19369,96.85,2084,17916
40000,3,35846.0,36304,181.52,4154,35846
60000,3,53859.0,38842,194.21,6141,53859
80000,3,71841.0,39313,196.57,8159,71841
100000,3,89893.0,39838,199.19,10107,89893
2,4,2.0,2,0.01,0,2
3,4,2.0,3,0.02,1,2
100,4,92.0,30,0.15,8,92
200,4,185.0,32,0.16,15,185
2000,4,1808.0,85,0.43,192,1808
10000,4,9012.0,292,1.46,988,9012
20000,4,18001.0,535,2.68,1999,18001
40000,4,35951.0,1075,5.38,4049,35951
60000,4,53888.0,1595,7.98,6112,53888
80000,4,71819.0,2112,10.56,8181,71819
100000,4,89781.0,2622,13.11,10219,89781
2,5,1.0,2,0.01,1,1
3,5,2.0,3,0.02,1,2
100,5,87.0,97,0.49,13,87
200,5,175.0,196,0.98,25,175
2000,5,1797.0,1947,9.74,203,1797
10000,5,8995.0,5716,28.58,1005,8995
20000,5,18007.0,5984,29.92,1993,18007
40000,5,36018.0,6463,32.32,3982,36018
60000,5,54080.0,6948,34.74,5920,54080
80000,5,72047.0,7442,37.21,7953,72047
100000,5,90142.0,7930,39.65,9858,90142
2,6,1.0,2,0.01,1,1
3,6,2.0,3,0.02,1,2
100,6,86.0,96,0.48,14,86
200,6,175.0,195,0.98,25,175
2000,6,1779.0,1871,9.36,221,1779
10000,6,8972.0,9563,47.82,1028,8972
20000,6,17903.0,19294,96.47,2097,17903
40000,6,35874.0,25532,127.66,4126,35874
60000,6,53873.0,26029,130.15,6127,53873
80000,6,71826.0,26535,132.68,8174,71826
100000,6,89852.0,27010,135.05,10148,89852
2,7,2.0,2,0.01,0,2
3,7,3.0,3,0.02,0,3
100,7,90.0,95,0.48,10,90
200,7,176.0,189,0.95,24,176
2000,7,1784.0,1949,9.75,216,1784
10000,7,8981.0,9719,48.6,1019,8981
20000,7,17938.0,18641,93.21,2062,17938
40000,7,35876.0,20603,103.02,4124,35876
60000,7,53815.0,21108,105.54,6185,53815
80000,7,71789.0,21614,108.07,8211,71789
100000,7,89767.0,22116,110.58,10233,89767
2,8,2.0,2,0.01,0,2
3,8,3.0,3,0.02,0,3
100,8,89.0,96,0.48,11,89
200,8,180.0,196,0.98,20,180
2000,8,1788.0,1794,8.97,212,1788
10000,8,8932.0,9623,48.12,1068,8932
20000,8,17911.0,19371,96.86,2089,17911
40000,8,35842.0,38671,193.36,4158,35842
60000,8,53755.0,58103,290.52,6245,53755
80000,8,71760.0,66481,332.41,8240,71760
100000,8,89760.0,66958,334.79,10240,89760
2,9,2.0,2,0.01,0,2
3,9,3.0,3,0.02,0,3
100,9,97.0,72,0.36,3,97
200,9,192.0,96,0.48,8,192
2000,9,1791.0,1260,6.3,209,1791
10000,9,8976.0,3181,15.91,1024,8976
20000,9,17954.0,3460,17.3,2046,17954
40000,9,35955.0,3983,19.92,4045,35955
60000,9,53962.0,4466,22.33,6038,53962
80000,9,71961.0,4935,24.68,8039,71961
100000,9,89961.0,5445,27.23,10039,89961
2,10,2.0,2,0.01,0,2
3,10,2.0,3,0.02,1,2
100,10,86.0,90,0.45,14,86
200,10,178.0,188,0.94,22,178
2000,10,1771.0,1859,9.3,229,1771
10000,10,8957.0,2359,11.8,1043,8957
20000,10,17918.0,2596,12.98,2082,17918
40000,10,35880.0,3079,15.4,4120,35880
60000,10,53870.0,3594,17.97,6130,53870
80000,10,71892.0,4092,20.46,8108,71892
100000,10,89884.0,4601,23.01,10116,89884
2,11,2.0,2,0.01,0,2
3,11,3.0,3,0.02,0,3
100,11,88.0,98,0.49,12,88
200,11,183.0,197,0.99,17,183
2000,11,1776.0,1806,9.03,224,1776
10000,11,8954.0,9424,47.12,1046,8954
20000,11,17919.0,19111,95.56,2081,17919
40000,11,35809.0,37638,188.19,4191,35809
60000,11,53828.0,41474,207.37,6172,53828
80000,11,71785.0,41972,209.86,8215,71785
100000,11,89793.0,42476,212.38,10207,89793
2,12,2.0,2,0.01,0,2
3,12,3.0,3,0.02,0,3
100,12,92.0,100,0.5,8,92
200,12,179.0,199,1.0,21,179
2000,12,1785.0,1904,9.52,215,1785
10000,12,8959.0,9686,48.43,1041,8959
20000,12,17881.0,19425,97.13,2119,17881
40000,12,35780.0,38931,194.66,4220,35780
60000,12,53802.0,40632,203.16,6198,53802
80000,12,71791.0,41104,205.52,8209,71791
100000,12,89792.0,41633,208.17,10208,89792
2,13,2.0,2,0.01,0,2
3,13,3.0,3,0.02,0,3
100,13,93.0,81,0.41,7,93
200,13,183.0,90,0.45,17,183
2000,13,1811.0,141,0.71,189,1811
10000,13,8988.0,352,1.76,1012,8988
20000,13,17966.0,627,3.14,2034,17966
40000,13,35996.0,1137,5.69,4004,35996
60000,13,54001.0,1633,8.17,5999,54001
80000,13,72068.0,2156,10.78,7932,72068
100000,13,90062.0,2686,13.43,9938,90062
2,14,1.0,2,0.01,1,1
3,14,2.0,3,0.02,1,2
100,14,91.0,93,0.47,9,91
200,14,178.0,189,0.95,22,178
2000,14,1779.0,1943,9.72,221,1779
10000,14,8988.0,9757,48.79,1012,8988
20000,14,17995.0,16732,83.66,2005,17995
40000,14,35984.0,17242,86.21,4016,35984
60000,14,54049.0,17719,88.6,5951,54049
80000,14,72032.0,18225,91.13,7968,72032
100000,14,90009.0,18744,93.72,9991,90009
2,15,1.0,2,0.01,1,1
3,15,2.0,3,0.02,1,2
100,15,94.0,89,0.45,6,94
200,15,183.0,188,0.94,17,183
2000,15,1829.0,1926,9.63,171,1829
10000,15,8952.0,9695,48.48,1048,8952
20000,15,17900.0,19424,97.12,2100,17900
40000,15,35770.0,38931,194.66,4230,35770
60000,15,53742.0,58408,292.04,6258,53742
80000,15,71692.0,71890,359.45,8308,71692
100000,15,89690.0,72369,361.85,10310,89690
2,16,2.0,1,0.01,0,2
3,16,3.0,2,0.01,0,3
100,16,94.0,94,0.47,6,94
200,16,186.0,194,0.97,14,186
2000,16,1803.0,1952,9.76,197,1803
10000,16,8953.0,8352,41.76,1047,8953
20000,16,17977.0,8621,43.11,2023,17977
40000,16,35929.0,9134,45.67,4071,35929
60000,16,53902.0,9646,48.23,6098,53902
80000,16,71915.0,10156,50.78,8085,71915
100000,16,89868.0,10615,53.08,10132,89868
2,17,2.0,2,0.01,0,2
3,17,3.0,3,0.02,0,3
100,17,87.0,100,0.5,13,87
200,17,174.0,196,0.98,26,174
2000,17,1801.0,496,2.48,199,1801
10000,17,9032.0,683,3.42,968,9032
20000,17,17989.0,1115,5.58,2011,17989
40000,17,36043.0,1590,7.95,3957,36043
60000,17,54002.0,2055,10.28,5998,54002
80000,17,71991.0,2571,12.86,8009,71991
100000,17,89884.0,3109,15.55,10116,89884
2,18,2.0,2,0.01,0,2
3,18,3.0,3,0.02,0,3
100,18,94.0,84,0.42,6,94
200,18,185.0,183,0.92,15,185
2000,18,1794.0,1912,9.56,206,1794
10000,18,8939.0,7864,39.32,1061,8939
20000,18,17942.0,8106,40.53,2058,17942
40000,18,35908.0,8633,43.17,4092,35908
60000,18,53922.0,9086,45.43,6078,53922
80000,18,71881.0,9568,47.84,8119,71881
100000,18,89935.0,10072,50.36,10065,89935
2,19,2.0,2,0.01,0,2
3,19,3.0,3,0.02,0,3
100,19,93.0,94,0.47,7,93
200,19,184.0,192,0.96,16,184
2000,19,1789.0,1940,9.7,211,1789
10000,19,8932.0,3394,16.97,1068,8932
20000,19,17927.0,3621,18.11,2073,17927
40000,19,35880.0,4117,20.59,4120,35880
60000,19,53820.0,4729,23.65,6180,53820
80000,19,71786.0,5234,26.17,8214,71786
100000,19,89807.0,5775,28.88,10193,89807
2,20,2.0,2,0.01,0,2
3,20,3.0,3,0.02,0,3
100,20,87.0,95,0.48,13,87
200,20,180.0,192,0.96,20,180
2000,20,1804.0,1940,9.7,196,1804
10000,20,8972.0,9702,48.51,1028,8972
20000,20,17919.0,19465,97.33,2081,17919
40000,20,35829.0,39002,195.01,4171,35829
60000,20,53710.0,58503,292.52,6290,53710
80000,20,71664.0,78025,390.13,8336,71664
100000,20,89561.0,97563,487.82,10439,89561
2,21,1.0,2,0.01,1,1
3,21,2.0,3,0.02,1,2
100,21,86.0,100,0.5,14,86
200,21,179.0,195,0.98,21,179
2000,21,1791.0,1945,9.73,209,1791
10000,21,8964.0,9740,48.7,1036,8964
20000,21,17921.0,19506,97.53,2079,17921
40000,21,35848.0,38877,194.39,4152,35848
60000,21,53684.0,58382,291.91,6316,53684
80000,21,71553.0,76454,382.27,8447,71553
100000,21,89461.0,95790,478.95,10539,89461
2,22,2.0,2,0.01,0,2
3,22,3.0,3,0.02,0,3
100,22,88.0,97,0.49,12,88
200,22,178.0,194,0.97,22,178
2000,22,1792.0,1247,6.24,208,1792
10000,22,8954.0,7539,37.7,1046,8954
20000,22,17844.0,16615,83.08,2156,17844
40000,22,35793.0,36116,180.58,4207,35793
60000,22,53712.0,54779,273.9,6288,53712
80000,22,71634.0,74268,371.34,8366,71634
100000,22,89535.0,93770,468.85,10465,89535
2,23,2.0,2,0.01,0,2
3,23,3.0,3,0.02,0,3
100,23,95.0,96,0.48,5,95
200,23,183.0,194,0.97,17,183
2000,23,1787.0,1942,9.71,213,1787
10000,23,8923.0,9722,48.61,1077,8923
20000,23,17763.0,19478,97.39,2237,17763
40000,23,35668.0,38932,194.66,4332,35668
60000,23,53516.0,58439,292.2,6484,53516
80000,23,71430.0,77916,389.58,8570,71430
100000,23,89274.0,96932,484.66,10726,89274
2,24,2.0,2,0.01,0,2
3,24,3.0,3,0.02,0,3
100,24,94.0,97,0.49,6,94
200,24,182.0,195,0.98,18,182
2000,24,1799.0,1952,9.76,201,1799
10000,24,8991.0,4476,22.38,1009,8991
20000,24,18007.0,4754,23.77,1993,18007
40000,24,36022.0,5234,26.17,3978,36022
60000,24,53971.0,5761,28.81,6029,53971
80000,24,71952.0,6279,31.4,8048,71952
100000,24,89979.0,6767,33.84,10021,89979
2,25,2.0,1,0.01,0,2
3,25,2.0,1,0.01,1,2
100,25,93.0,97,0.49,7,93
200,25,186.0,195,0.98,14,186
2000,25,1803.0,1951,9.76,197,1803
10000,25,8959.0,9703,48.52,1041,8959
20000,25,17908.0,19437,97.19,2092,17908
40000,25,35772.0,38918,194.59,4228,35772
60000,25,53644.0,58415,292.08,6356,53644
80000,25,71570.0,77729,388.65,8430,71570
100000,25,89436.0,96451,482.26,10564,89436
2,26,1.0,2,0.01,1,1
3,26,2.0,3,0.02,1,2
100,26,88.0,78,0.39,12,88
200,26,172.0,172,0.86,28,172
2000,26,1787.0,1918,9.59,213,1787
10000,26,8965.0,9709,48.55,1035,8965
20000,26,17876.0,19455,97.28,2124,17876
40000,26,35795.0,38871,194.36,4205,35795
60000,26,53732.0,48080,240.4,6268,53732
80000,26,71623.0,67538,337.69,8377,71623
100000,26,89549.0,87047,435.24,10451,89549
2,27,2.0,2,0.01,0,2
3,27,3.0,3,0.02,0,3
100,27,88.0,16,0.08,12,88
200,27,178.0,16,0.08,22,178
2000,27,1805.0,65,0.33,195,1805
10000,27,8990.0,513,2.57,1010,8990
20000,27,18036.0,2426,12.13,1964,18036
40000,27,36011.0,2980,14.9,3989,36011
60000,27,53981.0,3482,17.41,6019,53981
80000,27,72017.0,3979,19.9,7983,72017
100000,27,89949.0,4502,22.51,10051,89949
2,28,2.0,1,0.01,0,2
3,28,3.0,2,0.01,0,3
100,28,91.0,18,0.09,9,91
200,28,183.0,20,0.1,17,183
2000,28,1771.0,61,0.31,229,1771
10000,28,8962.0,254,1.27,1038,8962
20000,28,17945.0,502,2.51,2055,17945
40000,28,35903.0,1013,5.07,4097,35903
60000,28,53842.0,2282,11.41,6158,53842
80000,28,71838.0,2778,13.89,8162,71838
100000,28,89881.0,3306,16.53,10119,89881
2,29,2.0,2,0.01,0,2
3,29,3.0,3,0.02,0,3
100,29,88.0,100,0.5,12,88
200,29,177.0,197,0.99,23,177
2000,29,1799.0,1945,9.73,201,1799
10000,29,9019.0,4089,20.45,981,9019
20000,29,18004.0,4626,23.13,1996,18004
40000,29,35999.0,5096,25.48,4001,35999
60000,29,53975.0,5611,28.06,6025,53975
80000,29,72055.0,6125,30.63,7945,72055
100000,29,90060.0,6620,33.1,9940,90060
2,30,2.0,2,0.01,0,2
3,30,3.0,3,0.02,0,3
100,30,87.0,96,0.48,13,87
200,30,178.0,194,0.97,22,178
2000,30,1827.0,1954,9.77,173,1827
10000,30,8990.0,9735,48.68,1010,8990
20000,30,17948.0,19479,97.4,2052,17948
40000,30,35827.0,38824,194.12,4173,35827
60000,30,53849.0,45353,226.77,6151,53849
80000,30,71862.0,45800,229.0,8138,71862
100000,30,89941.0,46273,231.37,10059,89941
2,31,0.0,2,0.01,2,0
3,31,1.0,2,0.01,2,1
100,31,85.0,3,0.02,15,85
200,31,174.0,3,0.02,26,174
2000,31,1801.0,40,0.2,199,1801
10000,31,8986.0,235,1.18,1014,8986
20000,31,17963.0,488,2.44,2037,17963
40000,31,35946.0,950,4.75,4054,35946
60000,31,53980.0,1464,7.32,6020,53980
80000,31,71970.0,1901,9.51,8030,71970
100000,31,89987.0,2370,11.85,10013,89987
2,32,2.0,2,0.01,0,2
3,32,2.0,3,0.02,1,2
100,32,87.0,35,0.18,13,87
200,32,173.0,118,0.59,27,173
2000,32,1783.0,1872,9.36,217,1783
10000,32,8989.0,9657,48.29,1011,8989
20000,32,17898.0,19397,96.99,2102,17898
40000,32,35822.0,31668,158.34,4178,35822
60000,32,53856.0,32159,160.8,6144,53856
80000,32,71879.0,32640,163.2,8121,71879
100000,32,89927.0,33119,165.6,10073,89927
2,33,1.0,2,0.01,1,1
3,33,2.0,3,0.02,1,2
100,33,90.0,34,0.17,10,90
200,33,181.0,35,0.18,19,181
2000,33,1782.0,83,0.42,218,1782
10000,33,9003.0,2753,13.77,997,9003
20000,33,17998.0,5778,28.89,2002,17998
40000,33,36056.0,6252,31.26,3944,36056
60000,33,54144.0,6764,33.82,5856,54144
80000,33,72177.0,7268,36.34,7823,72177
100000,33,90198.0,7724,38.62,9802,90198
2,34,2.0,2,0.01,0,2
3,34,3.0,3,0.02,0,3
100,34,92.0,93,0.47,8,92
200,34,184.0,192,0.96,16,184
2000,34,1788.0,1937,9.69,212,1788
10000,34,9008.0,2278,11.39,992,9008
20000,34,18022.0,2551,12.76,1978,18022
40000,34,36045.0,3016,15.08,3955,36045
60000,34,53962.0,3515,17.58,6038,53962
80000,34,71941.0,3968,19.84,8059,71941
100000,34,89992.0,4454,22.27,10008,89992
2,35,2.0,2,0.01,0,2
3,35,3.0,3,0.02,0,3
100,35,95.0,15,0.08,5,95
200,35,178.0,35,0.18,22,178
2000,35,1790.0,81,0.41,210,1790
10000,35,8936.0,306,1.53,1064,8936
20000,35,17910.0,546,2.73,2090,17910
40000,35,35937.0,1039,5.2,4063,35937
60000,35,53924.0,1559,7.8,6076,53924
80000,35,71938.0,2044,10.22,8062,71938
100000,35,89898.0,2531,12.66,10102,89898
2,36,1.0,2,0.01,1,1
3,36,2.0,3,0.02,1,2
100,36,83.0,97,0.49,17,83
200,36,169.0,188,0.94,31,169
2000,36,1763.0,1891,9.46,237,1763
10000,36,8852.0,9685,48.43,1148,8852
20000,36,17851.0,19408,97.04,2149,17851
40000,36,35808.0,21852,109.26,4192,35808
60000,36,53863.0,22348,111.74,6137,53863
80000,36,71862.0,22867,114.34,8138,71862
100000,36,89941.0,23332,116.66,10059,89941
2,37,2.0,2,0.01,0,2
3,37,3.0,3,0.02,0,3
100,37,90.0,96,0.48,10,90
200,37,178.0,193,0.97,22,178
2000,37,1815.0,1882,9.41,185,1815
10000,37,9032.0,9685,48.43,968,9032
20000,37,17964.0,19316,96.58,2036,17964
40000,37,35941.0,32640,163.2,4059,35941
60000,37,53867.0,33118,165.59,6133,53867
80000,37,71811.0,33616,168.08,8189,71811
100000,37,89796.0,34112,170.56,10204,89796
2,38,2.0,2,0.01,0,2
3,38,3.0,3,0.02,0,3
100,38,91.0,93,0.47,9,91
200,38,174.0,180,0.9,26,174
2000,38,1781.0,1937,9.69,219,1781
10000,38,8960.0,9729,48.65,1040,8960
20000,38,17939.0,19024,95.12,2061,17939
40000,38,35984.0,25397,126.99,4016,35984
60000,38,53962.0,25891,129.46,6038,53962
80000,38,71941.0,26416,132.08,8059,71941
100000,38,89975.0,26916,134.58,10025,89975
2,39,2.0,2,0.01,0,2
3,39,3.0,3,0.02,0,3
100,39,86.0,95,0.48,14,86
200,39,175.0,194,0.97,25,175
2000,39,1771.0,1649,8.25,229,1771
10000,39,8950.0,1855,9.28,1050,8950
20000,39,17957.0,2125,10.63,2043,17957
40000,39,35966.0,2643,13.22,4034,35966
60000,39,53974.0,3106,15.53,6026,53974
80000,39,71978.0,3646,18.23,8022,71978
100000,39,90013.0,4163,20.82,9987,90013
2,40,2.0,2,0.01,0,2
3,40,3.0,3,0.02,0,3
100,40,88.0,100,0.5,12,88
200,40,176.0,157,0.79,24,176
2000,40,1798.0,199,1.0,202,1798
10000,40,8981.0,371,1.86,1019,8981
20000,40,18003.0,601,3.01,1997,18003
40000,40,36058.0,1092,5.46,3942,36058
60000,40,54045.0,1611,8.06,5955,54045
80000,40,72042.0,2095,10.48,7958,72042
100000,40,90039.0,2577,12.89,9961,90039
2,41,1.0,2,0.01,1,1
3,41,2.0,3,0.02,1,2
100,41,90.0,25,0.13,10,90
200,41,179.0,25,0.13,21,179
2000,41,1802.0,63,0.32,198,1802
10000,41,8973.0,288,1.44,1027,8973
20000,41,17995.0,570,2.85,2005,17995
40000,41,36004.0,1067,5.34,3996,36004
60000,41,54022.0,1570,7.85,5978,54022
80000,41,72012.0,2105,10.53,7988,72012
100000,41,89935.0,2637,13.19,10065,89935
2,42,1.0,2,0.01,1,1
3,42,2.0,3,0.02,1,2
100,42,85.0,69,0.35,15,85
200,42,175.0,168,0.84,25,175
2000,42,1790.0,1912,9.56,210,1790
10000,42,8977.0,8330,41.65,1023,8977
20000,42,17909.0,18021,90.11,2091,17909
40000,42,35807.0,37508,187.54,4193,35807
60000,42,53643.0,57011,285.06,6357,53643
80000,42,71514.0,76519,382.6,8486,71514
100000,42,89451.0,96021,480.11,10549,89451
2,43,2.0,2,0.01,0,2
3,43,3.0,3,0.02,0,3
100,43,92.0,100,0.5,8,92
200,43,186.0,196,0.98,14,186
2000,43,1793.0,1938,9.69,207,1793
10000,43,8986.0,6509,32.55,1014,8986
20000,43,17998.0,6773,33.87,2002,17998
40000,43,36006.0,7270,36.35,3994,36006
60000,43,54041.0,7763,38.82,5959,54041
80000,43,72080.0,8279,41.4,7920,72080
100000,43,90116.0,8772,43.86,9884,90116
2,44,2.0,2,0.01,0,2
3,44,3.0,3,0.02,0,3
100,44,80.0,100,0.5,20,80
200,44,168.0,195,0.98,32,168
2000,44,1769.0,1924,9.62,231,1769
10000,44,8959.0,9645,48.23,1041,8959
20000,44,17906.0,19361,96.81,2094,17906
40000,44,35875.0,38850,194.25,4125,35875
60000,44,53778.0,57976,289.88,6222,53778
80000,44,71733.0,77426,387.13,8267,71733
100000,44,89668.0,96925,484.63,10332,89668
2,45,2.0,2,0.01,0,2
3,45,3.0,3,0.02,0,3
100,45,85.0,42,0.21,15,85
200,45,172.0,45,0.23,28,172
2000,45,1769.0,92,0.46,231,1769
10000,45,8949.0,2815,14.08,1051,8949
20000,45,17967.0,3036,15.18,2033,17967
40000,45,36003.0,3546,17.73,3997,36003
60000,45,54019.0,4076,20.38,5981,54019
80000,45,72012.0,4586,22.93,7988,72012
100000,45,90008.0,5079,25.4,9992,90008
2,46,1.0,2,0.01,1,1
3,46,2.0,3,0.02,1,2
100,46,86.0,100,0.5,14,86
200,46,178.0,200,1.0,22,178
2000,46,1784.0,1854,9.27,216,1784
10000,46,8989.0,9657,48.29,1011,8989
20000,46,17948.0,19396,96.98,2052,17948
40000,46,35909.0,38915,194.58,4091,35909
60000,46,53782.0,58370,291.85,6218,53782
80000,46,71592.0,77853,389.27,8408,71592
100000,46,89467.0,97344,486.72,10533,89467
2,47,2.0,2,0.01,0,2
3,47,3.0,3,0.02,0,3
100,47,94.0,98,0.49,6,94
200,47,186.0,195,0.98,14,186
2000,47,1803.0,1943,9.72,197,1803
10000,47,8932.0,9748,48.74,1068,8932
20000,47,17910.0,19503,97.52,2090,17910
40000,47,35819.0,33385,166.93,4181,35819
60000,47,53639.0,51614,258.07,6361,53639
80000,47,71657.0,60022,300.11,8343,71657
100000,47,89616.0,60527,302.64,10384,89616
2,48,1.0,2,0.01,1,1
3,48,2.0,3,0.02,1,2
100,48,80.0,85,0.43,20,80
200,48,169.0,181,0.91,31,169
2000,48,1806.0,1942,9.71,194,1806
10000,48,8964.0,9750,48.75,1036,8964
20000,48,17908.0,19493,97.47,2092,17908
40000,48,35872.0,38974,194.87,4128,35872
60000,48,53750.0,58307,291.54,6250,53750
80000,48,71624.0,77709,388.55,8376,71624
100000,48,89528.0,97158,485.79,10472,89528
2,49,1.0,2,0.01,1,1
3,49,1.0,3,0.02,2,1
100,49,91.0,8,0.04,9,91
200,49,180.0,11,0.06,20,180
2000,49,1800.0,54,0.27,200,1800
10000,49,9016.0,250,1.25,984,9016
20000,49,17993.0,510,2.55,2007,17993
40000,49,36001.0,1726,8.63,3999,36001
60000,49,53946.0,2192,10.96,6054,53946
80000,49,72025.0,2726,13.63,7975,72025
100000,49,90038.0,3314,16.57,9962,90038
2,50,2.0,2,0.01,0,2
3,50,3.0,3,0.02,0,3
100,50,94.0,94,0.47,6,94
200,50,181.0,192,0.96,19,181
2000,50,1792.0,1937,9.69,208,1792
10000,50,8931.0,6264,31.32,1069,8931
20000,50,17925.0,6523,32.62,2075,17925
40000,50,35950.0,7035,35.18,4050,35950
60000,50,53971.0,7542,37.71,6029,53971
80000,50,71921.0,8046,40.23,8079,71921
100000,50,89926.0,8562,42.81,10074,89926
2,51,0.0,2,0.01,2,0
3,51,1.0,3,0.02,2,1
100,51,86.0,21,0.11,14,86
200,51,178.0,23,0.12,22,178
2000,51,1782.0,77,0.39,218,1782
10000,51,8984.0,2813,14.07,1016,8984
20000,51,18026.0,3062,15.31,1974,18026
40000,51,36033.0,3563,17.82,3967,36033
60000,51,54030.0,4061,20.31,5970,54030
80000,51,71990.0,4540,22.7,8010,71990
100000,51,89991.0,5031,25.16,10009,89991
2,52,2.0,2,0.01,0,2
3,52,3.0,3,0.02,0,3
100,52,89.0,54,0.27,11,89
200,52,177.0,73,0.37,23,177
2000,52,1800.0,114,0.57,200,1800
10000,52,8967.0,323,1.62,1033,8967
20000,52,17965.0,552,2.76,2035,17965
40000,52,36010.0,1053,5.27,3990,36010
60000,52,53984.0,1592,7.96,6016,53984
80000,52,71996.0,2115,10.58,8004,71996
100000,52,89981.0,2603,13.02,10019,89981
2,53,2.0,2,0.01,0,2
3,53,3.0,3,0.02,0,3
100,53,89.0,88,0.44,11,89
200,53,177.0,188,0.94,23,177
2000,53,1798.0,1930,9.65,202,1798
10000,53,8920.0,9311,46.56,1080,8920
20000,53,17861.0,18966,94.83,2139,17861
40000,53,35901.0,20060,100.3,4099,35901
60000,53,53864.0,20582,102.91,6136,53864
80000,53,71870.0,21066,105.33,8130,71870
100000,53,89876.0,21569,107.85,10124,89876
2,54,1.0,2,0.01,1,1
3,54,2.0,3,0.02,1,2
100,54,89.0,66,0.33,11,89
200,54,175.0,67,0.34,25,175
2000,54,1805.0,194,0.97,195,1805
10000,54,8979.0,395,1.98,1021,8979
20000,54,17976.0,641,3.21,2024,17976
40000,54,35995.0,1142,5.71,4005,35995
60000,54,54036.0,1654,8.27,5964,54036
80000,54,72056.0,2145,10.73,7944,72056
100000,54,89971.0,2644,13.22,10029,89971
2,55,2.0,2,0.01,0,2
3,55,3.0,3,0.02,0,3
100,55,95.0,84,0.42,5,95
200,55,189.0,178,0.89,11,189
2000,55,1782.0,1032,5.16,218,1782
10000,55,8979.0,1219,6.1,1021,8979
20000,55,17953.0,1472,7.36,2047,17953
40000,55,35949.0,1994,9.97,4051,35949
60000,55,53890.0,2485,12.43,6110,53890
80000,55,71955.0,3025,15.13,8045,71955
100000,55,89920.0,3532,17.66,10080,89920
2,56,2.0,2,0.01,0,2
3,56,3.0,3,0.02,0,3
100,56,89.0,100,0.5,11,89
200,56,174.0,196,0.98,26,174
2000,56,1792.0,1919,9.6,208,1792
10000,56,8931.0,9589,47.95,1069,8931
20000,56,17848.0,18268,91.34,2152,17848
40000,56,35696.0,37639,188.2,4304,35696
60000,56,53619.0,53131,265.66,6381,53619
80000,56,71626.0,53662,268.31,8374,71626
100000,56,89618.0,54186,270.93,10382,89618
2,57,1.0,2,0.01,1,1
3,57,2.0,3,0.02,1,2
100,57,89.0,84,0.42,11,89
200,57,177.0,141,0.71,23,177
2000,57,1810.0,227,1.14,190,1810
10000,57,8991.0,400,2.0,1009,8991
20000,57,18056.0,661,3.31,1944,18056
40000,57,36055.0,1212,6.06,3945,36055
60000,57,54063.0,1709,8.55,5937,54063
80000,57,72050.0,2233,11.17,7950,72050
100000,57,89935.0,2759,13.8,10065,89935
2,58,2.0,2,0.01,0,2
3,58,3.0,3,0.02,0,3
100,58,93.0,23,0.12,7,93
200,58,182.0,71,0.36,18,182
2000,58,1814.0,174,0.87,186,1814
10000,58,9021.0,700,3.5,979,9021
20000,58,17955.0,978,4.89,2045,17955
40000,58,35874.0,1456,7.28,4126,35874
60000,58,53856.0,1955,9.78,6144,53856
80000,58,71831.0,2497,12.49,8169,71831
100000,58,89806.0,3024,15.12,10194,89806
2,59,2.0,2,0.01,0,2
3,59,3.0,3,0.02,0,3
100,59,87.0,69,0.35,13,87
200,59,170.0,75,0.38,30,170
2000,59,1796.0,119,0.6,204,1796
10000,59,8972.0,316,1.58,1028,8972
20000,59,17970.0,1301,6.51,2030,17970
40000,59,35979.0,1813,9.07,4021,35979
60000,59,53947.0,2301,11.51,6053,53947
80000,59,71992.0,2809,14.05,8008,71992
100000,59,90036.0,3299,16.5,9964,90036
2,60,2.0,1,0.01,0,2
3,60,3.0,2,0.01,0,3
100,60,91.0,4,0.02,9,91
200,60,177.0,6,0.03,23,177
2000,60,1810.0,89,0.45,190,1810
10000,60,8973.0,528,2.64,1027,8973
20000,60,17987.0,6008,30.04,2013,17987
40000,60,35883.0,9256,46.28,4117,35883
60000,60,53896.0,9760,48.8,6104,53896
80000,60,71944.0,10298,51.49,8056,71944
100000,60,89951.0,10772,53.86,10049,89951
2,61,2.0,2,0.01,0,2
3,61,3.0,3,0.02,0,3
100,61,93.0,92,0.46,7,93
200,61,180.0,189,0.95,20,180
2000,61,1800.0,1937,9.69,200,1800
10000,61,8949.0,9714,48.57,1051,8949
20000,61,17951.0,19471,97.36,2049,17951
40000,61,35825.0,33456,167.28,4175,35825
60000,61,53747.0,52778,263.89,6253,53747
80000,61,71660.0,72259,361.3,8340,71660
100000,61,89578.0,91761,458.81,10422,89578
2,62,0.0,2,0.01,2,0
3,62,1.0,3,0.02,2,1
100,62,92.0,89,0.45,8,92
200,62,184.0,170,0.85,16,184
2000,62,1812.0,348,1.74,188,1812
10000,62,9004.0,577,2.89,996,9004
20000,62,17988.0,812,4.06,2012,17988
40000,62,35979.0,1321,6.61,4021,35979
60000,62,54014.0,1833,9.17,5986,54014
80000,62,72030.0,2324,11.62,7970,72030
100000,62,90040.0,2806,14.03,9960,90040
2,63,2.0,2,0.01,0,2
3,63,3.0,3,0.02,0,3
100,63,88.0,92,0.46,12,88
200,63,178.0,111,0.56,22,178
2000,63,1818.0,163,0.82,182,1818
10000,63,9021.0,346,1.73,979,9021
20000,63,18018.0,598,2.99,1982,18018
40000,63,36046.0,1110,5.55,3954,36046
60000,63,54183.0,1610,8.05,5817,54183
80000,63,72177.0,2111,10.56,7823,72177
100000,63,90152.0,2591,12.96,9848,90152
2,64,2.0,2,0.01,0,2
3,64,3.0,3,0.02,0,3
100,64,92.0,93,0.47,8,92
200,64,181.0,191,0.96,19,181
2000,64,1801.0,1906,9.53,199,1801
10000,64,9026.0,9642,48.21,974,9026
20000,64,17963.0,19393,96.97,2037,17963
40000,64,35925.0,31014,155.07,4075,35925
60000,64,53915.0,31529,157.65,6085,53915
80000,64,71841.0,32021,160.11,8159,71841
100000,64,89847.0,32505,162.53,10153,89847
2,65,2.0,2,0.01,0,2
3,65,2.0,3,0.02,1,2
100,65,87.0,97,0.49,13,87
200,65,175.0,192,0.96,25,175
2000,65,1769.0,1957,9.79,231,1769
10000,65,8936.0,9759,48.8,1064,8936
20000,65,17952.0,16429,82.15,2048,17952
40000,65,35994.0,16914,84.57,4006,35994
60000,65,53968.0,17433,87.17,6032,53968
80000,65,71883.0,17948,89.74,8117,71883
100000,65,89889.0,18417,92.09,10111,89889
2,66,2.0,2,0.01,0,2
3,66,3.0,3,0.02,0,3
100,66,87.0,31,0.16,13,87
200,66,181.0,34,0.17,19,181
2000,66,1818.0,83,0.42,182,1818
10000,66,9019.0,323,1.62,981,9019
20000,66,18072.0,598,2.99,1928,18072
40000,66,36077.0,1096,5.48,3923,36077
60000,66,54074.0,1573,7.87,5926,54074
80000,66,72084.0,2078,10.39,7916,72084
100000,66,90060.0,2565,12.83,9940,90060
2,67,2.0,2,0.01,0,2
3,67,3.0,3,0.02,0,3
100,67,88.0,96,0.48,12,88
200,67,171.0,193,0.97,29,171
2000,67,1773.0,1915,9.58,227,1773
10000,67,8969.0,9643,48.22,1031,8969
20000,67,17941.0,19305,96.53,2059,17941
40000,67,35863.0,37006,185.03,4137,35863
60000,67,53731.0,56095,280.48,6269,53731
80000,67,71653.0,67628,338.14,8347,71653
100000,67,89638.0,68112,340.56,10362,89638
2,68,1.0,2,0.01,1,1
3,68,2.0,3,0.02,1,2
100,68,89.0,49,0.25,11,89
200,68,176.0,132,0.66,24,176
2000,68,1811.0,1878,9.39,189,1811
10000,68,9010.0,6775,33.88,990,9010
20000,68,18021.0,7034,35.17,1979,18021
40000,68,36078.0,7531,37.66,3922,36078
60000,68,54071.0,8034,40.17,5929,54071
80000,68,72078.0,8522,42.61,7922,72078
100000,68,90075.0,9043,45.22,9925,90075
2,69,2.0,2,0.01,0,2
3,69,2.0,3,0.02,1,2
100,69,91.0,91,0.46,9,91
200,69,181.0,136,0.68,19,181
2000,69,1812.0,219,1.1,188,1812
10000,69,9039.0,2046,10.23,961,9039
20000,69,18041.0,2283,11.42,1959,18041
40000,69,36062.0,2779,13.9,3938,36062
60000,69,54100.0,3272,16.36,5900,54100
80000,69,72108.0,3766,18.83,7892,72108
100000,69,90042.0,4262,21.31,9958,90042
2,70,2.0,2,0.01,0,2
3,70,2.0,3,0.02,1,2
100,70,91.0,9,0.05,9,91
200,70,180.0,59,0.3,20,180
2000,70,1811.0,1816,9.08,189,1811
10000,70,8987.0,9624,48.12,1013,8987
20000,70,17941.0,19365,96.83,2059,17941
40000,70,35859.0,38873,194.37,4141,35859
60000,70,53822.0,58332,291.66,6178,53822
80000,70,71762.0,77799,389.0,8238,71762
100000,70,89685.0,96251,481.26,10315,89685
2,71,2.0,2,0.01,0,2
3,71,3.0,3,0.02,0,3
100,71,91.0,37,0.19,9,91
200,71,186.0,40,0.2,14,186
2000,71,1806.0,73,0.37,194,1806
10000,71,9005.0,673,3.37,995,9005
20000,71,18032.0,1057,5.29,1968,18032
40000,71,36023.0,1701,8.51,3977,36023
60000,71,54043.0,2223,11.12,5957,54043
80000,71,72052.0,2862,14.31,7948,72052
100000,71,90085.0,3391,16.96,9915,90085
2,72,1.0,2,0.01,1,1
3,72,2.0,2,0.01,1,2
100,72,91.0,5,0.03,9,91
200,72,180.0,7,0.04,20,180
2000,72,1825.0,49,0.25,175,1825
10000,72,9009.0,274,1.37,991,9009
20000,72,17953.0,577,2.89,2047,17953
40000,72,35981.0,3488,17.44,4019,35981
60000,72,53958.0,3997,19.99,6042,53958
80000,72,71902.0,4465,22.33,8098,71902
100000,72,89924.0,4989,24.95,10076,89924
2,73,2.0,2,0.01,0,2
3,73,3.0,2,0.01,0,3
100,73,88.0,95,0.48,12,88
200,73,181.0,192,0.96,19,181
2000,73,1796.0,1946,9.73,204,1796
10000,73,8959.0,9502,47.51,1041,8959
20000,73,17975.0,9765,48.83,2025,17975
40000,73,35944.0,10258,51.29,4056,35944
60000,73,53943.0,10751,53.76,6057,53943
80000,73,71945.0,11230,56.15,8055,71945
100000,73,89849.0,11701,58.51,10151,89849
2,74,1.0,2,0.01,1,1
3,74,1.0,3,0.02,2,1
100,74,86.0,95,0.48,14,86
200,74,178.0,193,0.97,22,178
2000,74,1779.0,1934,9.67,221,1779
10000,74,8961.0,9443,47.22,1039,8961
20000,74,17858.0,18755,93.78,2142,17858
40000,74,35801.0,22825,114.13,4199,35801
60000,74,53843.0,23310,116.55,6157,53843
80000,74,71854.0,23778,118.89,8146,71854
100000,74,89865.0,24275,121.38,10135,89865
2,75,1.0,2,0.01,1,1
3,75,2.0,3,0.02,1,2
100,75,94.0,38,0.19,6,94
200,75,182.0,40,0.2,18,182
2000,75,1816.0,98,0.49,184,1816
10000,75,9063.0,467,2.34,937,9063
20000,75,18020.0,924,4.62,1980,18020
40000,75,35984.0,1431,7.16,4016,35984
60000,75,54054.0,2135,10.68,5946,54054
80000,75,72099.0,2628,13.14,7901,72099
100000,75,90156.0,3126,15.63,9844,90156
2,76,1.0,2,0.01,1,1
3,76,2.0,3,0.02,1,2
100,76,90.0,72,0.36,10,90
200,76,181.0,80,0.4,19,181
2000,76,1781.0,128,0.64,219,1781
10000,76,8937.0,5684,28.42,1063,8937
20000,76,17849.0,15411,77.06,2151,17849
40000,76,35711.0,34874,174.37,4289,35711
60000,76,53594.0,54330,271.65,6406,53594
80000,76,71459.0,73826,369.13,8541,71459
100000,76,89329.0,93325,466.63,10671,89329
2,77,2.0,2,0.01,0,2
3,77,3.0,3,0.02,0,3
100,77,81.0,99,0.5,19,81
200,77,171.0,196,0.98,29,171
2000,77,1783.0,1903,9.52,217,1783
10000,77,8991.0,2713,13.57,1009,8991
20000,77,17965.0,3009,15.05,2035,17965
40000,77,35909.0,3470,17.35,4091,35909
60000,77,53857.0,3968,19.84,6143,53857
80000,77,71828.0,4461,22.31,8172,71828
100000,77,89759.0,4977,24.89,10241,89759
2,78,2.0,2,0.01,0,2
3,78,3.0,3,0.02,0,3
100,78,92.0,96,0.48,8,92
200,78,185.0,194,0.97,15,185
2000,78,1789.0,1903,9.52,211,1789
10000,78,8974.0,4934,24.67,1026,8974
20000,78,17993.0,5195,25.98,2007,17993
40000,78,36021.0,5700,28.5,3979,36021
60000,78,54005.0,6189,30.95,5995,54005
80000,78,71877.0,6707,33.54,8123,71877
100000,78,89887.0,7182,35.91,10113,89887
2,79,2.0,2,0.01,0,2
3,79,3.0,3,0.02,0,3
100,79,85.0,76,0.38,15,85
200,79,178.0,79,0.4,22,178
2000,79,1783.0,116,0.58,217,1783
10000,79,8975.0,294,1.47,1025,8975
20000,79,17930.0,559,2.8,2070,17930
40000,79,35894.0,1073,5.37,4106,35894
60000,79,53869.0,1546,7.73,6131,53869
80000,79,71909.0,2041,10.21,8091,71909
100000,79,89893.0,2543,12.72,10107,89893
2,80,2.0,2,0.01,0,2
3,80,3.0,3,0.02,0,3
100,80,91.0,31,0.16,9,91
200,80,183.0,31,0.16,17,183
2000,80,1781.0,79,0.4,219,1781
10000,80,9051.0,278,1.39,949,9051
20000,80,18056.0,540,2.7,1944,18056
40000,80,36051.0,1060,5.3,3949,36051
60000,80,54067.0,1564,7.82,5933,54067
80000,80,72062.0,2068,10.34,7938,72062
100000,80,90133.0,2611,13.06,9867,90133
2,81,2.0,2,0.01,0,2
3,81,3.0,3,0.02,0,3
100,81,92.0,99,0.5,8,92
200,81,177.0,179,0.9,23,177
2000,81,1773.0,1904,9.52,227,1773
10000,81,8962.0,9684,48.42,1038,8962
20000,81,17889.0,19422,97.11,2111,17889
40000,81,35800.0,38922,194.61,4200,35800
60000,81,53678.0,58404,292.02,6322,53678
80000,81,71604.0,77880,389.4,8396,71604
100000,81,89424.0,97402,487.01,10576,89424
2,82,2.0,2,0.01,0,2
3,82,3.0,2,0.01,0,3
100,82,89.0,53,0.27,11,89
200,82,181.0,58,0.29,19,181
2000,82,1805.0,102,0.51,195,1805
10000,82,9027.0,292,1.46,973,9027
20000,82,18018.0,527,2.64,1982,18018
40000,82,35950.0,990,4.95,4050,35950
60000,82,53983.0,1461,7.31,6017,53983
80000,82,71953.0,1990,9.95,8047,71953
100000,82,89880.0,2504,12.52,10120,89880
2,83,2.0,2,0.01,0,2
3,83,3.0,3,0.02,0,3
100,83,89.0,66,0.33,11,89
200,83,175.0,87,0.44,25,175
2000,83,1792.0,1782,8.91,208,1792
10000,83,8892.0,9568,47.84,1108,8892
20000,83,17852.0,19337,96.69,2148,17852
40000,83,35744.0,38853,194.27,4256,35744
60000,83,53562.0,58340,291.7,6438,53562
80000,83,71436.0,77879,389.4,8564,71436
100000,83,89343.0,97400,487.0,10657,89343
2,84,1.0,2,0.01,1,1
3,84,2.0,3,0.02,1,2
100,84,92.0,11,0.06,8,92
200,84,183.0,31,0.16,17,183
2000,84,1798.0,72,0.36,202,1798
10000,84,8951.0,276,1.38,1049,8951
20000,84,17883.0,507,2.54,2117,17883
40000,84,35869.0,1005,5.03,4131,35869
60000,84,53869.0,1522,7.61,6131,53869
80000,84,71849.0,2027,10.14,8151,71849
100000,84,89895.0,2492,12.46,10105,89895
2,85,1.0,2,0.01,1,1
3,85,1.0,3,0.02,2,1
100,85,89.0,7,0.04,11,89
200,85,176.0,10,0.05,24,176
2000,85,1804.0,59,0.3,196,1804
10000,85,8957.0,2578,12.89,1043,8957
20000,85,17941.0,2853,14.27,2059,17941
40000,85,35925.0,4306,21.53,4075,35925
60000,85,53914.0,4806,24.03,6086,53914
80000,85,71869.0,5281,26.41,8131,71869
100000,85,89875.0,5779,28.9,10125,89875
2,86,2.0,2,0.01,0,2
3,86,3.0,3,0.02,0,3
100,86,89.0,84,0.42,11,89
200,86,177.0,183,0.92,23,177
2000,86,1793.0,1935,9.68,207,1793
10000,86,8961.0,9706,48.53,1039,8961
20000,86,17898.0,19450,97.25,2102,17898
40000,86,35883.0,38938,194.69,4117,35883
60000,86,53778.0,58442,292.21,6222,53778
80000,86,71672.0,77942,389.71,8328,71672
100000,86,89537.0,97470,487.35,10463,89537
2,87,2.0,2,0.01,0,2
3,87,3.0,3,0.02,0,3
100,87,88.0,36,0.18,12,88
200,87,178.0,37,0.19,22,178
2000,87,1808.0,77,0.39,192,1808
10000,87,9022.0,1491,7.46,978,9022
20000,87,18067.0,1755,8.78,1933,18067
40000,87,36062.0,2264,11.32,3938,36062
60000,87,54102.0,2738,13.69,5898,54102
80000,87,72079.0,3258,16.29,7921,72079
100000,87,90065.0,3766,18.83,9935,90065
2,88,2.0,2,0.01,0,2
3,88,3.0,3,0.02,0,3
100,88,93.0,39,0.2,7,93
200,88,188.0,43,0.22,12,188
2000,88,1798.0,75,0.38,202,1798
10000,88,9025.0,273,1.37,975,9025
20000,88,18045.0,519,2.6,1955,18045
40000,88,36021.0,1049,5.25,3979,36021
60000,88,54035.0,1575,7.88,5965,54035
80000,88,72037.0,2063,10.32,7963,72037
100000,88,90008.0,2632,13.16,9992,90008
2,89,2.0,2,0.01,0,2
3,89,3.0,3,0.02,0,3
100,89,98.0,80,0.4,2,98
200,89,186.0,107,0.54,14,186
2000,89,1806.0,486,2.43,194,1806
10000,89,9029.0,750,3.75,971,9029
20000,89,18061.0,1002,5.01,1939,18061
40000,89,36074.0,1506,7.53,3926,36074
60000,89,54054.0,2003,10.02,5946,54054
80000,89,71962.0,2486,12.43,8038,71962
100000,89,89966.0,2991,14.96,10034,89966
2,90,2.0,2,0.01,0,2
3,90,3.0,3,0.02,0,3
100,90,94.0,87,0.44,6,94
200,90,186.0,185,0.93,14,186
2000,90,1775.0,1494,7.47,225,1775
10000,90,8967.0,1718,8.59,1033,8967
20000,90,17989.0,1944,9.72,2011,17989
40000,90,35956.0,2460,12.3,4044,35956
60000,90,53929.0,2986,14.93,6071,53929
80000,90,71868.0,3508,17.54,8132,71868
100000,90,89857.0,3973,19.87,10143,89857
2,91,2.0,2,0.01,0,2
3,91,3.0,3,0.02,0,3
100,91,96.0,32,0.16,4,96
200,91,185.0,86,0.43,15,185
2000,91,1822.0,163,0.82,178,1822
10000,91,8989.0,1567,7.84,1011,8989
20000,91,17991.0,1842,9.21,2009,17991
40000,91,35918.0,3627,18.14,4082,35918
60000,91,54005.0,5844,29.22,5995,54005
80000,91,72087.0,6369,31.85,7913,72087
100000,91,90035.0,6900,34.5,9965,90035
2,92,2.0,2,0.01,0,2
3,92,3.0,3,0.02,0,3
100,92,98.0,42,0.21,2,98
200,92,188.0,80,0.4,12,188
2000,92,1796.0,1225,6.13,204,1796
10000,92,8968.0,8398,41.99,1032,8968
20000,92,17929.0,16271,81.36,2071,17929
40000,92,35916.0,16787,83.94,4084,35916
60000,92,53938.0,17308,86.54,6062,53938
80000,92,71962.0,17803,89.02,8038,71962
100000,92,90009.0,18315,91.58,9991,90009
2,93,2.0,2,0.01,0,2
3,93,3.0,3,0.02,0,3
100,93,87.0,96,0.48,13,87
200,93,179.0,194,0.97,21,179
2000,93,1800.0,1912,9.56,200,1800
10000,93,8982.0,3017,15.09,1018,8982
20000,93,17975.0,3322,16.61,2025,17975
40000,93,35950.0,3821,19.11,4050,35950
60000,93,53977.0,4330,21.65,6023,53977
80000,93,72010.0,4812,24.06,7990,72010
100000,93,90064.0,5264,26.32,9936,90064
2,94,2.0,2,0.01,0,2
3,94,3.0,3,0.02,0,3
100,94,92.0,99,0.5,8,92
200,94,184.0,102,0.51,16,184
2000,94,1790.0,1698,8.49,210,1790
10000,94,8968.0,6564,32.82,1032,8968
20000,94,17994.0,6803,34.02,2006,17994
40000,94,35979.0,7300,36.5,4021,35979
60000,94,53985.0,7779,38.9,6015,53985
80000,94,71957.0,8262,41.31,8043,71957
100000,94,90051.0,8764,43.82,9949,90051
2,95,2.0,1,0.01,0,2
3,95,3.0,2,0.01,0,3
100,95,93.0,7,0.04,7,93
200,95,178.0,9,0.05,22,178
2000,95,1789.0,63,0.32,211,1789
10000,95,9028.0,253,1.27,972,9028
20000,95,18036.0,504,2.52,1964,18036
40000,95,36039.0,1176,5.88,3961,36039
60000,95,53999.0,1671,8.36,6001,53999
80000,95,71983.0,2143,10.72,8017,71983
100000,95,89994.0,2640,13.2,10006,89994
2,96,2.0,2,0.01,0,2
3,96,3.0,3,0.02,0,3
100,96,90.0,93,0.47,10,90
200,96,183.0,191,0.96,17,183
2000,96,1825.0,1891,9.46,175,1825
10000,96,9040.0,5910,29.55,960,9040
20000,96,17985.0,10692,53.46,2015,17985
40000,96,35957.0,17087,85.44,4043,35957
60000,96,53973.0,17589,87.95,6027,53973
80000,96,71907.0,18095,90.48,8093,71907
100000,96,89927.0,18608,93.04,10073,89927
2,97,2.0,2,0.01,0,2
3,97,3.0,3,0.02,0,3
100,97,90.0,97,0.49,10,90
200,97,184.0,194,0.97,16,184
2000,97,1788.0,1816,9.08,212,1788
10000,97,8935.0,9593,47.97,1065,8935
20000,97,17820.0,18851,94.26,2180,17820
40000,97,35794.0,19950,99.75,4206,35794
60000,97,53779.0,20443,102.22,6221,53779
80000,97,71775.0,20970,104.85,8225,71775
100000,97,89847.0,21458,107.29,10153,89847
2,98,2.0,2,0.01,0,2
3,98,3.0,3,0.02,0,3
100,98,95.0,59,0.3,5,95
200,98,182.0,150,0.75,18,182
2000,98,1820.0,1756,8.78,180,1820
10000,98,8968.0,9553,47.77,1032,8968
20000,98,17896.0,19204,96.02,2104,17896
40000,98,35885.0,23559,117.8,4115,35885
60000,98,53919.0,24110,120.55,6081,53919
80000,98,71939.0,24627,123.14,8061,71939
100000,98,89913.0,25133,125.67,10087,89913
2,99,2.0,2,0.01,0,2
3,99,3.0,3,0.02,0,3
100,99,96.0,20,0.1,4,96
200,99,185.0,21,0.11,15,185
2000,99,1824.0,77,0.39,176,1824
10000,99,8997.0,469,2.35,1003,8997
20000,99,18018.0,756,3.78,1982,18018
40000,99,36090.0,1362,6.81,3910,36090
60000,99,54030.0,2577,12.89,5970,54030
80000,99,72035.0,3013,15.07,7965,72035
100000,99,90029.0,4922,24.61,9971,90029
2,100,1.0,2,0.01,1,1
3,100,2.0,3,0.02,1,2
100,100,85.0,15,0.08,15,85
200,100,177.0,18,0.09,23,177
2000,100,1787.0,69,0.35,213,1787
10000,100,8950.0,712,3.56,1050,8950
20000,100,17950.0,4170,20.85,2050,17950
40000,100,35926.0,4674,23.37,4074,35926
60000,100,53986.0,5145,25.73,6014,53986
80000,100,72054.0,5648,28.24,7946,72054
100000,100,90038.0,6086,30.43,9962,90038
2,1,2.0,0,0.0,0,2
3,1,3.0,0,0.0,0,3
100,1,56.0,2,0.01,44,56
200,1,103.0,6,0.03,97,103
2000,1,985.0,46,0.23,1015,985
10000,1,4968.0,263,1.32,5032,4968
20000,1,10027.0,516,2.58,9973,10027
40000,1,20022.0,999,5.0,19978,20022
60000,1,29916.0,1473,7.37,30084,29916
80000,1,39868.0,1980,9.9,40132,39868
100000,1,49926.0,2584,12.92,50074,49926
2,2,0.0,0,0.0,2,0
3,2,0.0,0,0.0,3,0
100,2,55.0,0,0.0,45,55
200,2,114.0,1,0.01,86,114
2000,2,1008.0,462,2.31,992,1008
10000,2,4984.0,7647,38.24,5016,4984
20000,2,9942.0,15148,75.74,10058,9942
40000,2,19858.0,34453,172.27,20142,19858
60000,2,29850.0,38214,191.07,30150,29850
80000,2,39820.0,38716,193.58,40180,39820
100000,2,49752.0,39221,196.11,50248,49752
2,3,0.0,0,0.0,2,0
3,3,1.0,0,0.0,2,1
100,3,37.0,3,0.02,63,37
200,3,87.0,100,0.5,113,87
2000,3,1017.0,1860,9.3,983,1017
10000,3,5044.0,9656,48.28,4956,5044
20000,3,9986.0,19418,97.09,10014,9986
40000,3,20001.0,27438,137.19,19999,20001
60000,3,30109.0,27921,139.61,29891,30109
80000,3,40191.0,28401,142.01,39809,40191
100000,3,50283.0,28930,144.65,49717,50283
2,4,2.0,2,0.01,0,2
3,4,3.0,3,0.02,0,3
100,4,53.0,37,0.19,47,53
200,4,105.0,39,0.2,95,105
2000,4,1021.0,98,0.49,979,1021
10000,4,5068.0,494,2.47,4932,5068
20000,4,10005.0,807,4.04,9995,10005
40000,4,20081.0,1282,6.41,19919,20081
60000,4,29999.0,3018,15.09,30001,29999
80000,4,40113.0,3567,17.84,39887,40113
100000,4,50115.0,4092,20.46,49885,50115
2,5,0.0,0,0.0,2,0
3,5,1.0,0,0.0,2,1
100,5,51.0,0,0.0,49,51
200,5,97.0,6,0.03,103,97
2000,5,999.0,148,0.74,1001,999
10000,5,4946.0,398,1.99,5054,4946
20000,5,9880.0,647,3.24,10120,9880
40000,5,19912.0,1173,5.87,20088,19912
60000,5,29804.0,1676,8.38,30196,29804
80000,5,39866.0,2161,10.81,40134,39866
100000,5,49950.0,2666,13.33,50050,49950
2,6,2.0,0,0.0,0,2
3,6,2.0,0,0.0,1,2
100,6,47.0,4,0.02,53,47
200,6,99.0,11,0.06,101,99
2000,6,1012.0,54,0.27,988,1012
10000,6,4999.0,299,1.5,5001,4999
20000,6,9948.0,553,2.77,10052,9948
40000,6,19955.0,1041,5.21,20045,19955
60000,6,29983.0,1540,7.7,30017,29983
80000,6,40078.0,2018,10.09,39922,40078
100000,6,49988.0,2501,12.51,50012,49988
2,7,1.0,0,0.0,1,1
3,7,1.0,0,0.0,2,1
100,7,51.0,2,0.01,49,51
200,7,103.0,5,0.03,97,103
2000,7,1011.0,55,0.28,989,1011
10000,7,4972.0,322,1.61,5028,4972
20000,7,9955.0,562,2.81,10045,9955
40000,7,19939.0,1516,7.58,20061,19939
60000,7,29902.0,14496,72.48,30098,29902
80000,7,39846.0,34040,170.2,40154,39846
100000,7,49736.0,49607,248.04,50264,49736
2,8,1.0,0,0.0,1,1
3,8,1.0,0,0.0,2,1
100,8,50.0,3,0.02,50,50
200,8,94.0,3,0.02,106,94
2000,8,996.0,891,4.46,1004,996
10000,8,4974.0,1095,5.48,5026,4974
20000,8,9915.0,1328,6.64,10085,9915
40000,8,19940.0,1815,9.08,20060,19940
60000,8,29926.0,2313,11.57,30074,29926
80000,8,39975.0,2806,14.03,40025,39975
100000,8,49960.0,3310,16.55,50040,49960
2,9,0.0,0,0.0,2,0
3,9,1.0,0,0.0,2,1
100,9,51.0,3,0.02,49,51
200,9,97.0,7,0.04,103,97
2000,9,1025.0,81,0.41,975,1025
10000,9,4996.0,290,1.45,5004,4996
20000,9,10091.0,557,2.79,9909,10091
40000,9,20001.0,1082,5.41,19999,20001
60000,9,30019.0,1527,7.64,29981,30019
80000,9,40006.0,2015,10.08,39994,40006
100000,9,49954.0,2489,12.45,50046,49954
2,10,1.0,0,0.0,1,1
3,10,2.0,0,0.0,1,2
100,10,50.0,1,0.01,50,50
200,10,101.0,21,0.11,99,101
2000,10,1015.0,1733,8.67,985,1015
10000,10,4984.0,9546,47.73,5016,4984
20000,10,9931.0,14259,71.3,10069,9931
40000,10,19879.0,14788,73.94,20121,19879
60000,10,29942.0,15295,76.48,30058,29942
80000,10,39845.0,15793,78.97,40155,39845
100000,10,49877.0,16284,81.42,50123,49877
2,11,1.0,0,0.0,1,1
3,11,1.0,0,0.0,2,1
100,11,55.0,3,0.02,45,55
200,11,109.0,5,0.03,91,109
2000,11,1031.0,146,0.73,969,1031
10000,11,4988.0,1217,6.09,5012,4988
20000,11,9931.0,1457,7.29,10069,9931
40000,11,19951.0,1996,9.98,20049,19951
60000,11,29987.0,5316,26.58,30013,29987
80000,11,40038.0,5811,29.06,39962,40038
100000,11,50004.0,6338,31.69,49996,50004
2,12,1.0,0,0.0,1,1
3,12,2.0,0,0.0,1,2
100,12,59.0,1,0.01,41,59
200,12,111.0,1,0.01,89,111
2000,12,1031.0,42,0.21,969,1031
10000,12,5061.0,246,1.23,4939,5061
20000,12,10171.0,485,2.43,9829,10171
40000,12,20174.0,1432,7.16,19826,20174
60000,12,30153.0,2091,10.46,29847,30153
80000,12,40154.0,2603,13.02,39846,40154
100000,12,50151.0,3100,15.5,49849,50151
2,13,0.0,0,0.0,2,0
3,13,1.0,0,0.0,2,1
100,13,46.0,1,0.01,54,46
200,13,102.0,5,0.03,98,102
2000,13,991.0,158,0.79,1009,991
10000,13,4962.0,340,1.7,5038,4962
20000,13,10016.0,1496,7.48,9984,10016
40000,13,20020.0,1982,9.91,19980,20020
60000,13,29906.0,2494,12.47,30094,29906
80000,13,39835.0,2968,14.84,40165,39835
100000,13,49783.0,3467,17.34,50217,49783
2,14,1.0,0,0.0,1,1
3,14,1.0,0,0.0,2,1
100,14,56.0,4,0.02,44,56
200,14,107.0,6,0.03,93,107
2000,14,1021.0,340,1.7,979,1021
10000,14,5010.0,1840,9.2,4990,5010
20000,14,9967.0,2657,13.29,10033,9967
40000,14,19974.0,4068,20.34,20026,19974
60000,14,29911.0,4566,22.83,30089,29911
80000,14,39905.0,5096,25.48,40095,39905
100000,14,49810.0,5586,27.93,50190,49810
2,15,2.0,0,0.0,0,2
3,15,2.0,0,0.0,1,2
100,15,49.0,80,0.4,51,49
200,15,101.0,165,0.83,99,101
2000,15,986.0,1928,9.64,1014,986
10000,15,4993.0,3566,17.83,5007,4993
20000,15,9990.0,3833,19.17,10010,9990
40000,15,19972.0,4316,21.58,20028,19972
60000,15,29935.0,4864,24.32,30065,29935
80000,15,39924.0,5360,26.8,40076,39924
100000,15,49993.0,5855,29.28,50007,49993
2,16,1.0,0,0.0,1,1
3,16,2.0,0,0.0,1,2
100,16,46.0,8,0.04,54,46
200,16,94.0,14,0.07,106,94
2000,16,978.0,99,0.5,1022,978
10000,16,4938.0,334,1.67,5062,4938
20000,16,9926.0,595,2.98,10074,9926
40000,16,19977.0,1083,5.42,20023,19977
60000,16,29917.0,1561,7.81,30083,29917
80000,16,39786.0,2364,11.82,40214,39786
100000,16,49897.0,3127,15.64,50103,49897
2,17,1.0,0,0.0,1,1
3,17,2.0,0,0.0,1,2
100,17,51.0,1,0.01,49,51
200,17,103.0,4,0.02,97,103
2000,17,994.0,523,2.62,1006,994
10000,17,4922.0,5686,28.43,5078,4922
20000,17,9832.0,5976,29.88,10168,9832
40000,17,19797.0,6485,32.43,20203,19797
60000,17,29841.0,6962,34.81,30159,29841
80000,17,39738.0,7490,37.45,40262,39738
100000,17,49590.0,7991,39.96,50410,49590
2,18,2.0,0,0.0,0,2
3,18,3.0,0,0.0,0,3
100,18,55.0,4,0.02,45,55
200,18,101.0,17,0.09,99,101
2000,18,1024.0,122,0.61,976,1024
10000,18,5035.0,332,1.66,4965,5035
20000,18,10019.0,578,2.89,9981,10019
40000,18,19849.0,1098,5.49,20151,19849
60000,18,29835.0,1635,8.18,30165,29835
80000,18,39953.0,2144,10.72,40047,39953
100000,18,49993.0,4481,22.41,50007,49993
2,19,2.0,0,0.0,0,2
3,19,3.0,0,0.0,0,3
100,19,47.0,3,0.02,53,47
200,19,88.0,5,0.03,112,88
2000,19,937.0,46,0.23,1063,937
10000,19,4900.0,258,1.29,5100,4900
20000,19,9844.0,503,2.52,10156,9844
40000,19,19801.0,13408,67.04,20199,19801
60000,19,29692.0,22017,110.09,30308,29692
80000,19,39647.0,22535,112.68,40353,39647
100000,19,49744.0,23005,115.03,50256,49744
2,20,1.0,0,0.0,1,1
3,20,1.0,0,0.0,2,1
100,20,53.0,3,0.02,47,53
200,20,107.0,5,0.03,93,107
2000,20,1012.0,135,0.68,988,1012
10000,20,4949.0,2079,10.4,5051,4949
20000,20,9839.0,4491,22.46,10161,9839
40000,20,19884.0,5158,25.79,20116,19884
60000,20,29888.0,5705,28.53,30112,29888
80000,20,39896.0,6179,30.9,40104,39896
100000,20,49847.0,6678,33.39,50153,49847
2,21,0.0,0,0.0,2,0
3,21,0.0,0,0.0,3,0
100,21,49.0,2,0.01,51,49
200,21,101.0,4,0.02,99,101
2000,21,1018.0,108,0.54,982,1018
10000,21,5093.0,314,1.57,4907,5093
20000,21,10011.0,562,2.81,9989,10011
40000,21,20005.0,1036,5.18,19995,20005
60000,21,30004.0,1563,7.82,29996,30004
80000,21,40111.0,2070,10.35,39889,40111
100000,21,50063.0,2535,12.68,49937,50063
2,22,1.0,0,0.0,1,1
3,22,2.0,0,0.0,1,2
100,22,53.0,3,0.02,47,53
200,22,105.0,5,0.03,95,105
2000,22,991.0,41,0.21,1009,991
10000,22,4939.0,7305,36.53,5061,4939
20000,22,9834.0,17048,85.24,10166,9834
40000,22,19720.0,36545,182.73,20280,19720
60000,22,29674.0,56036,280.18,30326,29674
80000,22,39519.0,75548,377.74,40481,39519
100000,22,49536.0,92506,462.53,50464,49536
2,23,0.0,0,0.0,2,0
3,23,1.0,0,0.0,2,1
100,23,52.0,2,0.01,48,52
200,23,96.0,8,0.04,104,96
2000,23,965.0,802,4.01,1035,965
10000,23,4891.0,8589,42.95,5109,4891
20000,23,9903.0,18325,91.63,10097,9903
40000,23,19807.0,37803,189.02,20193,19807
60000,23,29755.0,57319,286.6,30245,29755
80000,23,39757.0,76826,384.13,40243,39757
100000,23,49734.0,96309,481.55,50266,49734
2,24,0.0,0,0.0,2,0
3,24,0.0,0,0.0,3,0
100,24,52.0,77,0.39,48,52
200,24,103.0,176,0.88,97,103
2000,24,998.0,1928,9.64,1002,998
10000,24,4912.0,9715,48.58,5088,4912
20000,24,9817.0,19475,97.38,10183,9817
40000,24,19810.0,38942,194.71,20190,19810
60000,24,29628.0,58429,292.15,30372,29628
80000,24,39444.0,77943,389.72,40556,39444
100000,24,49312.0,97460,487.3,50688,49312
2,25,1.0,0,0.0,1,1
3,25,2.0,0,0.0,1,2
100,25,57.0,18,0.09,43,57
200,25,111.0,20,0.1,89,111
2000,25,1014.0,496,2.48,986,1014
10000,25,5007.0,862,4.31,4993,5007
20000,25,9993.0,1117,5.59,10007,9993
40000,25,19997.0,1644,8.22,20003,19997
60000,25,30088.0,8171,40.86,29912,30088
80000,25,40135.0,27685,138.43,39865,40135
100000,25,50148.0,39642,198.21,49852,50148
2,26,1.0,0,0.0,1,1
3,26,1.0,0,0.0,2,1
100,26,48.0,82,0.41,52,48
200,26,91.0,179,0.9,109,91
2000,26,994.0,1944,9.72,1006,994
10000,26,5004.0,9687,48.44,4996,5004
20000,26,9948.0,19451,97.26,10052,9948
40000,26,19957.0,38984,194.92,20043,19957
60000,26,29920.0,58505,292.53,30080,29920
80000,26,39843.0,78001,390.01,40157,39843
100000,26,49735.0,91186,455.93,50265,49735
2,27,2.0,0,0.0,0,2
3,27,3.0,1,0.01,0,3
100,27,59.0,7,0.04,41,59
200,27,106.0,10,0.05,94,106
2000,27,1013.0,69,0.35,987,1013
10000,27,5003.0,317,1.59,4997,5003
20000,27,9989.0,3316,16.58,10011,9989
40000,27,19879.0,3851,19.26,20121,19879
60000,27,29870.0,12849,64.25,30130,29870
80000,27,39910.0,13347,66.74,40090,39910
100000,27,49943.0,13819,69.1,50057,49943
2,28,1.0,0,0.0,1,1
3,28,2.0,0,0.0,1,2
100,28,49.0,17,0.09,51,49
200,28,93.0,116,0.58,107,93
2000,28,992.0,1870,9.35,1008,992
10000,28,4940.0,9668,48.34,5060,4940
20000,28,9915.0,19303,96.52,10085,9915
40000,28,19752.0,38715,193.58,20248,19752
60000,28,29708.0,58236,291.18,30292,29708
80000,28,39443.0,75498,377.49,40557,39443
100000,28,49411.0,76040,380.2,50589,49411
2,29,0.0,0,0.0,2,0
3,29,0.0,0,0.0,3,0
100,29,49.0,91,0.46,51,49
200,29,96.0,189,0.95,104,96
2000,29,975.0,1945,9.73,1025,975
10000,29,4888.0,9756,48.78,5112,4888
20000,29,9802.0,19132,95.66,10198,9802
40000,29,19695.0,38288,191.44,20305,19695
60000,29,29532.0,57784,288.92,30468,29532
80000,29,39447.0,77271,386.36,40553,39447
100000,29,49331.0,96792,483.96,50669,49331
2,30,1.0,0,0.0,1,1
3,30,2.0,0,0.0,1,2
100,30,57.0,2,0.01,43,57
200,30,105.0,5,0.03,95,105
2000,30,990.0,690,3.45,1010,990
10000,30,4973.0,8493,42.47,5027,4973
20000,30,9949.0,18257,91.29,10051,9949
40000,30,19823.0,37787,188.94,20177,19823
60000,30,29716.0,57294,286.47,30284,29716
80000,30,39660.0,76788,383.94,40340,39660
100000,30,49545.0,96272,481.36,50455,49545
2,31,1.0,0,0.0,1,1
3,31,2.0,0,0.0,1,2
100,31,50.0,1,0.01,50,50
200,31,111.0,3,0.02,89,111
2000,31,1000.0,34,0.17,1000,1000
10000,31,4978.0,253,1.27,5022,4978
20000,31,10038.0,504,2.52,9962,10038
40000,31,20005.0,998,4.99,19995,20005
60000,31,30014.0,1481,7.41,29986,30014
80000,31,40112.0,1999,10.0,39888,40112
100000,31,50222.0,2472,12.36,49778,50222
2,32,0.0,0,0.0,2,0
3,32,0.0,0,0.0,3,0
100,32,50.0,3,0.02,50,50
200,32,90.0,13,0.07,110,90
2000,32,1027.0,85,0.43,973,1027
10000,32,5020.0,277,1.39,4980,5020
20000,32,10009.0,507,2.54,9991,10009
40000,32,20073.0,1015,5.08,19927,20073
60000,32,30133.0,1492,7.46,29867,30133
80000,32,40120.0,2025,10.13,39880,40120
100000,32,49998.0,2556,12.78,50002,49998
2,33,2.0,0,0.0,0,2
3,33,3.0,0,0.0,0,3
100,33,48.0,5,0.03,52,48
200,33,92.0,6,0.03,108,92
2000,33,959.0,87,0.44,1041,959
10000,33,4917.0,315,1.58,5083,4917
20000,33,9878.0,592,2.96,10122,9878
40000,33,19862.0,1142,5.71,20138,19862
60000,33,29941.0,1664,8.32,30059,29941
80000,33,40124.0,2204,11.02,39876,40124
100000,33,50166.0,2703,13.52,49834,50166
2,34,1.0,0,0.0,1,1
3,34,1.0,0,0.0,2,1
100,34,51.0,4,0.02,49,51
200,34,100.0,40,0.2,100,100
2000,34,1009.0,1754,8.77,991,1009
10000,34,5054.0,9531,47.66,4946,5054
20000,34,10022.0,19271,96.36,9978,10022
40000,34,20015.0,38792,193.96,19985,20015
60000,34,29929.0,58324,291.62,30071,29929
80000,34,39850.0,75667,378.34,40150,39850
100000,34,49876.0,80691,403.46,50124,49876
2,35,0.0,0,0.0,2,0
3,35,0.0,0,0.0,3,0
100,35,54.0,1,0.01,46,54
200,35,112.0,6,0.03,88,112
2000,35,1013.0,285,1.43,987,1013
10000,35,4953.0,1414,7.07,5047,4953
20000,35,9944.0,3779,18.9,10056,9944
40000,35,20024.0,4252,21.26,19976,20024
60000,35,30066.0,4772,23.86,29934,30066
80000,35,39863.0,5264,26.32,40137,39863
100000,35,49908.0,5751,28.76,50092,49908
2,36,0.0,0,0.0,2,0
3,36,1.0,0,0.0,2,1
100,36,45.0,0,0.0,55,45
200,36,97.0,6,0.03,103,97
2000,36,985.0,91,0.46,1015,985
10000,36,5021.0,431,2.16,4979,5021
20000,36,10006.0,681,3.41,9994,10006
40000,36,19792.0,1146,5.73,20208,19792
60000,36,29893.0,1649,8.25,30107,29893
80000,36,39982.0,2133,10.67,40018,39982
100000,36,49888.0,2648,13.24,50112,49888
2,37,2.0,0,0.0,0,2
3,37,2.0,0,0.0,1,2
100,37,48.0,87,0.44,52,48
200,37,89.0,119,0.6,111,89
2000,37,1007.0,165,0.83,993,1007
10000,37,4997.0,375,1.88,5003,4997
20000,37,10034.0,611,3.06,9966,10034
40000,37,20052.0,1121,5.61,19948,20052
60000,37,29993.0,1629,8.15,30007,29993
80000,37,39947.0,2108,10.54,40053,39947
100000,37,49900.0,2629,13.15,50100,49900
2,38,1.0,1,0.01,1,1
3,38,1.0,2,0.01,2,1
100,38,51.0,99,0.5,49,51
200,38,100.0,195,0.98,100,100
2000,38,972.0,1952,9.76,1028,972
10000,38,4877.0,9773,48.87,5123,4877
20000,38,9816.0,19516,97.58,10184,9816
40000,38,19926.0,38992,194.96,20074,19926
60000,38,29863.0,58471,292.36,30137,29863
80000,38,39694.0,77993,389.97,40306,39694
100000,38,49613.0,97496,487.48,50387,49613
2,39,0.0,0,0.0,2,0
3,39,1.0,0,0.0,2,1
100,39,48.0,5,0.03,52,48
200,39,92.0,7,0.04,108,92
2000,39,973.0,177,0.89,1027,973
10000,39,4922.0,1287,6.44,5078,4922
20000,39,9899.0,1571,7.86,10101,9899
40000,39,19934.0,2080,10.4,20066,19934
60000,39,29940.0,2603,13.02,30060,29940
80000,39,39864.0,3092,15.46,40136,39864
100000,39,49876.0,3595,17.98,50124,49876
2,40,1.0,0,0.0,1,1
3,40,2.0,0,0.0,1,2
100,40,48.0,3,0.02,52,48
200,40,100.0,56,0.28,100,100
2000,40,1003.0,93,0.47,997,1003
10000,40,5038.0,330,1.65,4962,5038
20000,40,10124.0,573,2.87,9876,10124
40000,40,20202.0,3216,16.08,19798,20202
60000,40,30260.0,3740,18.7,29740,30260
80000,40,40250.0,4226,21.13,39750,40250
100000,40,50148.0,4742,23.71,49852,50148
2,41,1.0,0,0.0,1,1
3,41,2.0,0,0.0,1,2
100,41,49.0,3,0.02,51,49
200,41,104.0,5,0.03,96,104
2000,41,1036.0,57,0.29,964,1036
10000,41,5037.0,2949,14.75,4963,5037
20000,41,10009.0,8044,40.22,9991,10009
40000,41,19930.0,18873,94.37,20070,19930
60000,41,29808.0,19566,97.83,30192,29808
80000,41,39670.0,20213,101.07,40330,39670
100000,41,49661.0,20692,103.46,50339,49661
2,42,0.0,0,0.0,2,0
3,42,0.0,0,0.0,3,0
100,42,46.0,30,0.15,54,46
200,42,96.0,64,0.32,104,96
2000,42,974.0,108,0.54,1026,974
10000,42,4971.0,283,1.42,5029,4971
20000,42,10034.0,1294,6.47,9966,10034
40000,42,19943.0,1833,9.17,20057,19943
60000,42,29981.0,2472,12.36,30019,29981
80000,42,39903.0,2921,14.61,40097,39903
100000,42,49956.0,3417,17.09,50044,49956
2,43,2.0,0,0.0,0,2
3,43,2.0,0,0.0,1,2
100,43,55.0,8,0.04,45,55
200,43,104.0,56,0.28,96,104
2000,43,994.0,147,0.74,1006,994
10000,43,4954.0,339,1.7,5046,4954
20000,43,9972.0,639,3.2,10028,9972
40000,43,19834.0,7291,36.46,20166,19834
60000,43,29926.0,8743,43.72,30074,29926
80000,43,39963.0,9256,46.28,40037,39963
100000,43,50003.0,9837,49.19,49997,50003
2,44,0.0,0,0.0,2,0
3,44,0.0,0,0.0,3,0
100,44,49.0,34,0.17,51,49
200,44,97.0,83,0.42,103,97
2000,44,996.0,141,0.71,1004,996
10000,44,4960.0,2467,12.34,5040,4960
20000,44,9861.0,12139,60.7,10139,9861
40000,44,19872.0,31599,158.0,20128,19872
60000,44,29809.0,51099,255.5,30191,29809
80000,44,39730.0,70584,352.92,40270,39730
100000,44,49588.0,90088,450.44,50412,49588
2,45,1.0,0,0.0,1,1
3,45,1.0,0,0.0,2,1
100,45,47.0,3,0.02,53,47
200,45,97.0,13,0.07,103,97
2000,45,993.0,70,0.35,1007,993
10000,45,5010.0,313,1.57,4990,5010
20000,45,9946.0,589,2.95,10054,9946
40000,45,19900.0,1060,5.3,20100,19900
60000,45,29908.0,1553,7.77,30092,29908
80000,45,39916.0,2049,10.25,40084,39916
100000,45,49913.0,2550,12.75,50087,49913
2,46,2.0,0,0.0,0,2
3,46,2.0,0,0.0,1,2
100,46,52.0,47,0.24,48,52
200,46,102.0,51,0.26,98,102
2000,46,1027.0,1787,8.94,973,1027
10000,46,5009.0,7545,37.73,4991,5009
20000,46,9972.0,16311,81.56,10028,9972
40000,46,19920.0,35828,179.14,20080,19920
60000,46,29812.0,55068,275.34,30188,29812
80000,46,39786.0,74601,373.01,40214,39786
100000,46,49591.0,94112,470.56,50409,49591
2,47,0.0,0,0.0,2,0
3,47,1.0,0,0.0,2,1
100,47,53.0,9,0.05,47,53
200,47,100.0,13,0.07,100,100
2000,47,982.0,1396,6.98,1018,982
10000,47,4886.0,9017,45.09,5114,4886
20000,47,9862.0,18756,93.78,10138,9862
40000,47,19889.0,37944,189.72,20111,19889
60000,47,29814.0,57340,286.7,30186,29814
80000,47,39706.0,66287,331.44,40294,39706
100000,47,49652.0,66790,333.95,50348,49652
2,48,1.0,0,0.0,1,1
3,48,2.0,0,0.0,1,2
100,48,54.0,5,0.03,46,54
200,48,105.0,6,0.03,95,105
2000,48,1014.0,449,2.25,986,1014
10000,48,5062.0,645,3.23,4938,5062
20000,48,10013.0,922,4.61,9987,10013
40000,48,19910.0,1549,7.75,20090,19910
60000,48,29935.0,2056,10.28,30065,29935
80000,48,40043.0,2722,13.61,39957,40043
100000,48,50058.0,3176,15.88,49942,50058
2,49,1.0,0,0.0,1,1
3,49,1.0,0,0.0,2,1
100,49,41.0,73,0.37,59,41
200,49,89.0,169,0.85,111,89
2000,49,956.0,1915,9.58,1044,956
10000,49,4969.0,2204,11.02,5031,4969
20000,49,10035.0,2471,12.36,9965,10035
40000,49,20047.0,2993,14.97,19953,20047
60000,49,30057.0,3465,17.33,29943,30057
80000,49,40033.0,3936,19.68,39967,40033
100000,49,50000.0,4442,22.21,50000,50000
2,50,1.0,0,0.0,1,1
3,50,1.0,0,0.0,2,1
100,50,48.0,5,0.03,52,48
200,50,104.0,10,0.05,96,104
2000,50,1038.0,55,0.28,962,1038
10000,50,5022.0,259,1.3,4978,5022
20000,50,9984.0,520,2.6,10016,9984
40000,50,20076.0,1002,5.01,19924,20076
60000,50,30088.0,1468,7.34,29912,30088
80000,50,40201.0,1993,9.97,39799,40201
100000,50,50227.0,2479,12.4,49773,50227
2,51,0.0,0,0.0,2,0
3,51,0.0,0,0.0,3,0
100,51,41.0,0,0.0,59,41
200,51,94.0,14,0.07,106,94
2000,51,945.0,109,0.55,1055,945
10000,51,4947.0,315,1.58,5053,4947
20000,51,9983.0,561,2.81,10017,9983
40000,51,19918.0,1038,5.19,20082,19918
60000,51,29960.0,1506,7.53,30040,29960
80000,51,40024.0,2020,10.1,39976,40024
100000,51,49985.0,2500,12.5,50015,49985
2,52,1.0,0,0.0,1,1
3,52,2.0,1,0.01,1,2
100,52,46.0,94,0.47,54,46
200,52,103.0,194,0.97,97,103
2000,52,1016.0,1945,9.73,984,1016
10000,52,4924.0,9740,48.7,5076,4924
20000,52,9958.0,15864,79.32,10042,9958
40000,52,20069.0,16378,81.89,19931,20069
60000,52,29976.0,16873,84.37,30024,29976
80000,52,40002.0,17329,86.65,39998,40002
100000,52,50012.0,17831,89.16,49988,50012
2,53,1.0,0,0.0,1,1
3,53,1.0,0,0.0,2,1
100,53,42.0,3,0.02,58,42
200,53,92.0,8,0.04,108,92
2000,53,1011.0,70,0.35,989,1011
10000,53,4954.0,740,3.7,5046,4954
20000,53,9924.0,1516,7.58,10076,9924
40000,53,19913.0,2494,12.47,20087,19913
60000,53,29993.0,2978,14.89,30007,29993
80000,53,39924.0,3494,17.47,40076,39924
100000,53,49883.0,4051,20.26,50117,49883
2,54,1.0,0,0.0,1,1
3,54,2.0,0,0.0,1,2
100,54,45.0,3,0.02,55,45
200,54,104.0,22,0.11,96,104
2000,54,1002.0,99,0.5,998,1002
10000,54,4966.0,286,1.43,5034,4966
20000,54,10049.0,552,2.76,9951,10049
40000,54,20090.0,1045,5.23,19910,20090
60000,54,30207.0,1570,7.85,29793,30207
80000,54,40145.0,2113,10.57,39855,40145
100000,54,50199.0,2629,13.15,49801,50199
2,55,1.0,0,0.0,1,1
3,55,2.0,0,0.0,1,2
100,55,53.0,6,0.03,47,53
200,55,106.0,10,0.05,94,106
2000,55,1028.0,72,0.36,972,1028
10000,55,5002.0,735,3.68,4998,5002
20000,55,9944.0,994,4.97,10056,9944
40000,55,19932.0,7847,39.24,20068,19932
60000,55,29938.0,8347,41.74,30062,29938
80000,55,39850.0,8830,44.15,40150,39850
100000,55,49869.0,9338,46.69,50131,49869
2,56,1.0,0,0.0,1,1
3,56,2.0,0,0.0,1,2
100,56,58.0,1,0.01,42,58
200,56,103.0,4,0.02,97,103
2000,56,989.0,120,0.6,1011,989
10000,56,4990.0,312,1.56,5010,4990
20000,56,9977.0,659,3.3,10023,9977
40000,56,19987.0,1317,6.59,20013,19987
60000,56,30126.0,1852,9.26,29874,30126
80000,56,40137.0,2310,11.55,39863,40137
100000,56,50206.0,2798,13.99,49794,50206
2,57,0.0,0,0.0,2,0
3,57,1.0,0,0.0,2,1
100,57,43.0,4,0.02,57,43
200,57,93.0,5,0.03,107,93
2000,57,942.0,58,0.29,1058,942
10000,57,4920.0,7468,37.34,5080,4920
20000,57,9849.0,17206,86.03,10151,9849
40000,57,19800.0,36733,183.67,20200,19800
60000,57,29586.0,56251,281.26,30414,29586
80000,57,39462.0,75767,378.84,40538,39462
100000,57,49268.0,95244,476.22,50732,49268
2,58,1.0,0,0.0,1,1
3,58,1.0,0,0.0,2,1
100,58,63.0,0,0.0,37,63
200,58,107.0,2,0.01,93,107
2000,58,970.0,112,0.56,1030,970
10000,58,4880.0,587,2.94,5120,4880
20000,58,9880.0,8683,43.42,10120,9880
40000,58,19779.0,28160,140.8,20221,19779
60000,58,29597.0,47658,238.29,30403,29597
80000,58,39470.0,67188,335.94,40530,39470
100000,58,49281.0,86692,433.46,50719,49281
2,59,1.0,2,0.01,1,1
3,59,1.0,3,0.02,2,1
100,59,49.0,23,0.12,51,49
200,59,91.0,26,0.13,109,91
2000,59,978.0,68,0.34,1022,978
10000,59,4947.0,303,1.52,5053,4947
20000,59,9928.0,555,2.78,10072,9928
40000,59,19867.0,1048,5.24,20133,19867
60000,59,29839.0,1561,7.81,30161,29839
80000,59,39828.0,2018,10.09,40172,39828
100000,59,49877.0,2516,12.58,50123,49877
2,60,2.0,0,0.0,0,2
3,60,3.0,0,0.0,0,3
100,60,52.0,0,0.0,48,52
200,60,95.0,2,0.01,105,95
2000,60,1058.0,89,0.45,942,1058
10000,60,4996.0,301,1.51,5004,4996
20000,60,9920.0,525,2.63,10080,9920
40000,60,19910.0,1045,5.23,20090,19910
60000,60,30010.0,1587,7.94,29990,30010
80000,60,40139.0,2091,10.46,39861,40139
100000,60,50138.0,2600,13.0,49862,50138
2,61,1.0,0,0.0,1,1
3,61,2.0,0,0.0,1,2
100,61,50.0,4,0.02,50,50
200,61,93.0,5,0.03,107,93
2000,61,1032.0,1134,5.67,968,1032
10000,61,4965.0,8928,44.64,5035,4965
20000,61,9831.0,18695,93.48,10169,9831
40000,61,19798.0,38083,190.42,20202,19798
60000,61,29786.0,57378,286.89,30214,29786
80000,61,39567.0,76693,383.47,40433,39567
100000,61,49628.0,96177,480.89,50372,49628
2,62,0.0,0,0.0,2,0
3,62,1.0,0,0.0,2,1
100,62,48.0,5,0.03,52,48
200,62,93.0,29,0.15,107,93
2000,62,979.0,79,0.4,1021,979
10000,62,4974.0,284,1.42,5026,4974
20000,62,9965.0,546,2.73,10035,9965
40000,62,19811.0,1052,5.26,20189,19811
60000,62,29897.0,1532,7.66,30103,29897
80000,62,39964.0,2071,10.36,40036,39964
100000,62,49920.0,2562,12.81,50080,49920
2,63,1.0,0,0.0,1,1
3,63,2.0,0,0.0,1,2
100,63,51.0,13,0.07,49,51
200,63,111.0,15,0.08,89,111
2000,63,995.0,1523,7.62,1005,995
10000,63,4972.0,6151,30.76,5028,4972
20000,63,9901.0,6399,32.0,10099,9901
40000,63,19867.0,6914,34.57,20133,19867
60000,63,29757.0,7447,37.24,30243,29757
80000,63,39806.0,8009,40.05,40194,39806
100000,63,49728.0,8502,42.51,50272,49728
2,64,1.0,0,0.0,1,1
3,64,1.0,0,0.0,2,1
100,64,47.0,78,0.39,53,47
200,64,88.0,176,0.88,112,88
2000,64,1019.0,1928,9.64,981,1019
10000,64,4998.0,9729,48.65,5002,4998
20000,64,10030.0,12865,64.33,9970,10030
40000,64,19970.0,24353,121.77,20030,19970
60000,64,29892.0,43870,219.35,30108,29892
80000,64,39795.0,57812,289.06,40205,39795
100000,64,49952.0,58323,291.62,50048,49952
2,65,2.0,0,0.0,0,2
3,65,3.0,0,0.0,0,3
100,65,50.0,58,0.29,50,50
200,65,102.0,158,0.79,98,102
2000,65,986.0,1922,9.61,1014,986
10000,65,4898.0,9712,48.56,5102,4898
20000,65,9799.0,19432,97.16,10201,9799
40000,65,19582.0,38458,192.29,20418,19582
60000,65,29429.0,54061,270.31,30571,29429
80000,65,39467.0,57068,285.34,40533,39467
100000,65,49477.0,57557,287.79,50523,49477
2,66,2.0,2,0.01,0,2
3,66,3.0,3,0.02,0,3
100,66,48.0,97,0.49,52,48
200,66,93.0,194,0.97,107,93
2000,66,966.0,1943,9.72,1034,966
10000,66,4979.0,9631,48.16,5021,4979
20000,66,9980.0,19384,96.92,10020,9980
40000,66,19940.0,38938,194.69,20060,19940
60000,66,29977.0,58461,292.31,30023,29977
80000,66,39884.0,77970,389.85,40116,39884
100000,66,49733.0,97526,487.63,50267,49733
2,67,1.0,0,0.0,1,1
3,67,1.0,0,0.0,2,1
100,67,56.0,6,0.03,44,56
200,67,96.0,15,0.08,104,96
2000,67,973.0,64,0.32,1027,973
10000,67,4935.0,899,4.5,5065,4935
20000,67,9926.0,10445,52.23,10074,9926
40000,67,19899.0,29904,149.52,20101,19899
60000,67,29814.0,49408,247.04,30186,29814
80000,67,39841.0,68907,344.54,40159,39841
100000,67,49726.0,88417,442.09,50274,49726
2,68,0.0,0,0.0,2,0
3,68,1.0,0,0.0,2,1
100,68,52.0,4,0.02,48,52
200,68,110.0,11,0.06,90,110
2000,68,991.0,91,0.46,1009,991
10000,68,4974.0,292,1.46,5026,4974
20000,68,10075.0,513,2.57,9925,10075
40000,68,19971.0,1031,5.16,20029,19971
60000,68,30011.0,1529,7.65,29989,30011
80000,68,39898.0,2039,10.2,40102,39898
100000,68,49852.0,2563,12.82,50148,49852
2,69,1.0,0,0.0,1,1
3,69,2.0,0,0.0,1,2
100,69,41.0,1,0.01,59,41
200,69,75.0,6,0.03,125,75
2000,69,1005.0,735,3.68,995,1005
10000,69,4998.0,7614,38.07,5002,4998
20000,69,10022.0,7867,39.34,9978,10022
40000,69,19878.0,8897,44.49,20122,19878
60000,69,29911.0,9400,47.0,30089,29911
80000,69,39932.0,9892,49.46,40068,39932
100000,69,49834.0,10412,52.06,50166,49834
2,70,0.0,0,0.0,2,0
3,70,0.0,0,0.0,3,0
100,70,50.0,26,0.13,50,50
200,70,99.0,123,0.62,101,99
2000,70,1008.0,1869,9.35,992,1008
10000,70,4971.0,9677,48.39,5029,4971
20000,70,9930.0,14212,71.06,10070,9930
40000,70,19935.0,18262,91.31,20065,19935
60000,70,29896.0,18784,93.92,30104,29896
80000,70,39999.0,19260,96.3,40001,39999
100000,70,49939.0,19768,98.84,50061,49939
2,71,0.0,0,0.0,2,0
3,71,1.0,0,0.0,2,1
100,71,53.0,7,0.04,47,53
200,71,100.0,21,0.11,100,100
2000,71,1009.0,131,0.66,991,1009
10000,71,5022.0,552,2.76,4978,5022
20000,71,9989.0,2134,10.67,10011,9989
40000,71,19959.0,2609,13.05,20041,19959
60000,71,29912.0,3109,15.55,30088,29912
80000,71,39778.0,3620,18.1,40222,39778
100000,71,49617.0,4112,20.56,50383,49617
2,72,2.0,0,0.0,0,2
3,72,2.0,0,0.0,1,2
100,72,56.0,79,0.4,44,56
200,72,99.0,177,0.89,101,99
2000,72,995.0,1929,9.65,1005,995
10000,72,4997.0,9760,48.8,5003,4997
20000,72,9952.0,19491,97.46,10048,9952
40000,72,19949.0,39008,195.04,20051,19949
60000,72,29705.0,58505,292.53,30295,29705
80000,72,39616.0,78018,390.09,40384,39616
100000,72,49453.0,95708,478.54,50547,49453
2,73,2.0,0,0.0,0,2
3,73,3.0,1,0.01,0,3
100,73,45.0,10,0.05,55,45
200,73,92.0,11,0.06,108,92
2000,73,994.0,53,0.27,1006,994
10000,73,4972.0,1038,5.19,5028,4972
20000,73,9970.0,1314,6.57,10030,9970
40000,73,19998.0,1813,9.07,20002,19998
60000,73,29869.0,2334,11.67,30131,29869
80000,73,39903.0,2812,14.06,40097,39903
100000,73,49913.0,3302,16.51,50087,49913
2,74,1.0,0,0.0,1,1
3,74,2.0,0,0.0,1,2
100,74,52.0,3,0.02,48,52
200,74,98.0,6,0.03,102,98
2000,74,1005.0,71,0.36,995,1005
10000,74,4981.0,252,1.26,5019,4981
20000,74,9963.0,508,2.54,10037,9963
40000,74,19917.0,995,4.98,20083,19917
60000,74,29911.0,1523,7.62,30089,29911
80000,74,39934.0,2036,10.18,40066,39934
100000,74,49995.0,2508,12.54,50005,49995
2,75,1.0,0,0.0,1,1
3,75,2.0,0,0.0,1,2
100,75,54.0,4,0.02,46,54
200,75,106.0,4,0.02,94,106
2000,75,993.0,67,0.34,1007,993
10000,75,4973.0,284,1.42,5027,4973
20000,75,10094.0,522,2.61,9906,10094
40000,75,20148.0,1028,5.14,19852,20148
60000,75,30163.0,1591,7.96,29837,30163
80000,75,40224.0,2064,10.32,39776,40224
100000,75,50277.0,2570,12.85,49723,50277
2,76,1.0,0,0.0,1,1
3,76,1.0,0,0.0,2,1
100,76,48.0,1,0.01,52,48
200,76,98.0,15,0.08,102,98
2000,76,992.0,62,0.31,1008,992
10000,76,4973.0,263,1.32,5027,4973
20000,76,9936.0,550,2.75,10064,9936
40000,76,19985.0,2232,11.16,20015,19985
60000,76,29810.0,2763,13.82,30190,29810
80000,76,39833.0,3259,16.3,40167,39833
100000,76,49763.0,3763,18.82,50237,49763
2,77,1.0,0,0.0,1,1
3,77,2.0,0,0.0,1,2
100,77,50.0,4,0.02,50,50
200,77,100.0,7,0.04,100,100
2000,77,1023.0,153,0.77,977,1023
10000,77,4989.0,362,1.81,5011,4989
20000,77,9952.0,634,3.17,10048,9952
40000,77,19866.0,1142,5.71,20134,19866
60000,77,29986.0,1623,8.12,30014,29986
80000,77,39959.0,2165,10.83,40041,39959
100000,77,49937.0,2664,13.32,50063,49937
2,78,1.0,0,0.0,1,1
3,78,2.0,0,0.0,1,2
100,78,39.0,3,0.02,61,39
200,78,85.0,20,0.1,115,85
2000,78,975.0,1780,8.9,1025,975
10000,78,4966.0,9555,47.78,5034,4966
20000,78,9880.0,19304,96.52,10120,9880
40000,78,19676.0,38419,192.1,20324,19676
60000,78,29592.0,57562,287.81,30408,29592
80000,78,39521.0,77049,385.25,40479,39521
100000,78,49530.0,96559,482.8,50470,49530
2,79,1.0,0,0.0,1,1
3,79,1.0,0,0.0,2,1
100,79,48.0,11,0.06,52,48
200,79,102.0,13,0.07,98,102
2000,79,1028.0,72,0.36,972,1028
10000,79,5090.0,283,1.42,4910,5090
20000,79,10011.0,620,3.1,9989,10011
40000,79,19848.0,1443,7.22,20152,19848
60000,79,29849.0,3121,15.61,30151,29849
80000,79,39841.0,3629,18.15,40159,39841
100000,79,49738.0,4215,21.08,50262,49738
2,80,2.0,0,0.0,0,2
3,80,3.0,0,0.0,0,3
100,80,56.0,0,0.0,44,56
200,80,105.0,8,0.04,95,105
2000,80,993.0,81,0.41,1007,993
10000,80,5059.0,265,1.33,4941,5059
20000,80,10031.0,541,2.71,9969,10031
40000,80,20061.0,1019,5.1,19939,20061
60000,80,29931.0,1540,7.7,30069,29931
80000,80,39889.0,2024,10.12,40111,39889
100000,80,49793.0,2541,12.71,50207,49793
2,81,2.0,0,0.0,0,2
3,81,2.0,0,0.0,1,2
100,81,49.0,88,0.44,51,49
200,81,96.0,187,0.94,104,96
2000,81,1009.0,1933,9.67,991,1009
10000,81,5021.0,9614,48.07,4979,5021
20000,81,9882.0,19214,96.07,10118,9882
40000,81,19664.0,38622,193.11,20336,19664
60000,81,29633.0,58081,290.41,30367,29633
80000,81,39614.0,71856,359.28,40386,39614
100000,81,49468.0,91332,456.66,50532,49468
2,82,2.0,0,0.0,0,2
3,82,3.0,0,0.0,0,3
100,82,51.0,4,0.02,49,51
200,82,108.0,27,0.14,92,108
2000,82,1006.0,164,0.82,994,1006
10000,82,5045.0,556,2.78,4955,5045
20000,82,10023.0,813,4.07,9977,10023
40000,82,19958.0,1280,6.4,20042,19958
60000,82,29848.0,1769,8.85,30152,29848
80000,82,39897.0,2264,11.32,40103,39897
100000,82,49839.0,2755,13.78,50161,49839
2,83,2.0,0,0.0,0,2
3,83,2.0,0,0.0,1,2
100,83,45.0,4,0.02,55,45
200,83,93.0,6,0.03,107,93
2000,83,1020.0,61,0.31,980,1020
10000,83,5079.0,285,1.43,4921,5079
20000,83,10164.0,563,2.82,9836,10164
40000,83,20181.0,1062,5.31,19819,20181
60000,83,30279.0,1543,7.72,29721,30279
80000,83,40233.0,2027,10.14,39767,40233
100000,83,50184.0,2547,12.74,49816,50184
2,84,0.0,0,0.0,2,0
3,84,1.0,0,0.0,2,1
100,84,46.0,37,0.19,54,46
200,84,92.0,136,0.68,108,92
2000,84,982.0,1884,9.42,1018,982
10000,84,4884.0,9715,48.58,5116,4884
20000,84,9857.0,19407,97.04,10143,9857
40000,84,19798.0,38943,194.72,20202,19798
60000,84,29625.0,58348,291.74,30375,29625
80000,84,39564.0,77772,388.86,40436,39564
100000,84,49609.0,78544,392.72,50391,49609
2,85,2.0,0,0.0,0,2
3,85,2.0,0,0.0,1,2
100,85,47.0,5,0.03,53,47
200,85,98.0,6,0.03,102,98
2000,85,1033.0,48,0.24,967,1033
10000,85,5055.0,248,1.24,4945,5055
20000,85,10084.0,905,4.53,9916,10084
40000,85,20163.0,1407,7.04,19837,20163
60000,85,30096.0,1912,9.56,29904,30096
80000,85,40122.0,2418,12.09,39878,40122
100000,85,50161.0,2939,14.7,49839,50161
2,86,0.0,0,0.0,2,0
3,86,1.0,0,0.0,2,1
100,86,43.0,20,0.1,57,43
200,86,84.0,50,0.25,116,84
2000,86,986.0,96,0.48,1014,986
10000,86,5032.0,304,1.52,4968,5032
20000,86,10038.0,550,2.75,9962,10038
40000,86,20050.0,1037,5.19,19950,20050
60000,86,29985.0,1567,7.84,30015,29985
80000,86,40001.0,2075,10.38,39999,40001
100000,86,50171.0,2562,12.81,49829,50171
2,87,1.0,0,0.0,1,1
3,87,2.0,0,0.0,1,2
100,87,48.0,11,0.06,52,48
200,87,89.0,17,0.09,111,89
2000,87,1001.0,56,0.28,999,1001
10000,87,5032.0,359,1.8,4968,5032
20000,87,10018.0,584,2.92,9982,10018
40000,87,20167.0,1105,5.53,19833,20167
60000,87,30222.0,1584,7.92,29778,30222
80000,87,40114.0,2078,10.39,39886,40114
100000,87,50034.0,2562,12.81,49966,50034
2,88,1.0,0,0.0,1,1
3,88,2.0,0,0.0,1,2
100,88,48.0,35,0.18,52,48
200,88,101.0,132,0.66,99,101
2000,88,1001.0,1890,9.45,999,1001
10000,88,4964.0,9711,48.56,5036,4964
20000,88,9992.0,19438,97.19,10008,9992
40000,88,19909.0,38929,194.65,20091,19909
60000,88,29800.0,58128,290.64,30200,29800
80000,88,39689.0,72441,362.21,40311,39689
100000,88,49784.0,72941,364.71,50216,49784
2,89,0.0,0,0.0,2,0
3,89,0.0,0,0.0,3,0
100,89,53.0,0,0.0,47,53
200,89,99.0,77,0.39,101,99
2000,89,982.0,1762,8.81,1018,982
10000,89,4954.0,9573,47.87,5046,4954
20000,89,9948.0,19319,96.6,10052,9948
40000,89,19886.0,38826,194.13,20114,19886
60000,89,29766.0,58327,291.64,30234,29766
80000,89,39634.0,77805,389.03,40366,39634
100000,89,49495.0,97316,486.58,50505,49495
2,90,1.0,0,0.0,1,1
3,90,1.0,0,0.0,2,1
100,90,55.0,2,0.01,45,55
200,90,96.0,7,0.04,104,96
2000,90,999.0,65,0.33,1001,999
10000,90,4980.0,360,1.8,5020,4980
20000,90,9947.0,633,3.17,10053,9947
40000,90,20004.0,1147,5.74,19996,20004
60000,90,30002.0,1659,8.3,29998,30002
80000,90,39955.0,2181,10.91,40045,39955
100000,90,49907.0,2659,13.3,50093,49907
2,91,0.0,0,0.0,2,0
3,91,1.0,0,0.0,2,1
100,91,49.0,1,0.01,51,49
200,91,105.0,6,0.03,95,105
2000,91,1010.0,54,0.27,990,1010
10000,91,4980.0,395,1.98,5020,4980
20000,91,9969.0,1008,5.04,10031,9969
40000,91,20024.0,1502,7.51,19976,20024
60000,91,29984.0,2016,10.08,30016,29984
80000,91,39881.0,3582,17.91,40119,39881
100000,91,49896.0,4118,20.59,50104,49896
2,92,2.0,0,0.0,0,2
3,92,3.0,0,0.0,0,3
100,92,45.0,85,0.43,55,45
200,92,85.0,183,0.92,115,85
2000,92,983.0,220,1.1,1017,983
10000,92,4913.0,417,2.09,5087,4913
20000,92,9893.0,671,3.36,10107,9893
40000,92,19766.0,1137,5.69,20234,19766
60000,92,29762.0,1656,8.28,30238,29762
80000,92,39750.0,2124,10.62,40250,39750
100000,92,49767.0,2600,13.0,50233,49767
2,93,0.0,0,0.0,2,0
3,93,1.0,0,0.0,2,1
100,93,53.0,0,0.0,47,53
200,93,100.0,4,0.02,100,100
2000,93,994.0,602,3.01,1006,994
10000,93,5005.0,8230,41.15,4995,5005
20000,93,10001.0,17974,89.87,9999,10001
40000,93,19925.0,37478,187.39,20075,19925
60000,93,29854.0,56978,284.89,30146,29854
80000,93,39697.0,76498,382.49,40303,39697
100000,93,49529.0,95996,479.98,50471,49529
2,94,2.0,0,0.0,0,2
3,94,3.0,0,0.0,0,3
100,94,46.0,9,0.05,54,46
200,94,96.0,13,0.07,104,96
2000,94,968.0,1104,5.52,1032,968
10000,94,4938.0,8908,44.54,5062,4938
20000,94,9844.0,18660,93.3,10156,9844
40000,94,19873.0,38178,190.89,20127,19873
60000,94,29750.0,57521,287.61,30250,29750
80000,94,39618.0,77023,385.12,40382,39618
100000,94,49504.0,95455,477.28,50496,49504
2,95,0.0,0,0.0,2,0
3,95,1.0,0,0.0,2,1
100,95,55.0,5,0.03,45,55
200,95,109.0,33,0.17,91,109
2000,95,1009.0,373,1.87,991,1009
10000,95,4991.0,587,2.94,5009,4991
20000,95,9962.0,900,4.5,10038,9962
40000,95,19881.0,1477,7.39,20119,19881
60000,95,29790.0,1994,9.97,30210,29790
80000,95,39713.0,2514,12.57,40287,39713
100000,95,49718.0,3037,15.19,50282,49718
2,96,2.0,0,0.0,0,2
3,96,2.0,0,0.0,1,2
100,96,50.0,7,0.04,50,50
200,96,104.0,10,0.05,96,104
2000,96,1023.0,64,0.32,977,1023
10000,96,4994.0,255,1.28,5006,4994
20000,96,9952.0,4458,22.29,10048,9952
40000,96,19866.0,17773,88.87,20134,19866
60000,96,29795.0,18274,91.37,30205,29795
80000,96,39798.0,18733,93.67,40202,39798
100000,96,49718.0,19189,95.95,50282,49718
2,97,0.0,0,0.0,2,0
3,97,1.0,0,0.0,2,1
100,97,48.0,1,0.01,52,48
200,97,99.0,2,0.01,101,99
2000,97,988.0,726,3.63,1012,988
10000,97,4908.0,8518,42.59,5092,4908
20000,97,9919.0,18277,91.39,10081,9919
40000,97,19812.0,34789,173.95,20188,19812
60000,97,29751.0,47062,235.31,30249,29751
80000,97,39694.0,47554,237.77,40306,39694
100000,97,49750.0,48071,240.36,50250,49750
2,98,1.0,0,0.0,1,1
3,98,1.0,0,0.0,2,1
100,98,48.0,0,0.0,52,48
200,98,94.0,0,0.0,106,94
2000,98,997.0,40,0.2,1003,997
10000,98,5014.0,221,1.11,4986,5014
20000,98,10001.0,475,2.38,9999,10001
40000,98,19974.0,972,4.86,20026,19974
60000,98,29924.0,1459,7.3,30076,29924
80000,98,39948.0,1957,9.79,40052,39948
100000,98,50041.0,2477,12.39,49959,50041
2,99,0.0,0,0.0,2,0
3,99,1.0,0,0.0,2,1
100,99,53.0,4,0.02,47,53
200,99,93.0,9,0.05,107,93
2000,99,997.0,162,0.81,1003,997
10000,99,4976.0,364,1.82,5024,4976
20000,99,9880.0,646,3.23,10120,9880
40000,99,19943.0,1171,5.86,20057,19943
60000,99,29989.0,1670,8.35,30011,29989
80000,99,40011.0,2167,10.84,39989,40011
100000,99,50046.0,2640,13.2,49954,50046
2,100,1.0,0,0.0,1,1
3,100,2.0,0,0.0,1,2
100,100,44.0,5,0.03,56,44
200,100,99.0,7,0.04,101,99
2000,100,1012.0,55,0.28,988,1012
10000,100,5033.0,623,3.12,4967,5033
20000,100,9992.0,7918,39.59,10008,9992
40000,100,19960.0,10676,53.38,20040,19960
60000,100,30075.0,11167,55.84,29925,30075
80000,100,39989.0,11633,58.17,40011,39989
100000,100,49965.0,12116,60.58,50035,49965
2,1,0.0,2,0.01,2,0
3,1,0.0,3,0.02,3,0
100,1,48.0,25,0.13,52,48
200,1,95.0,26,0.13,105,95
2000,1,992.0,351,1.76,1008,992
10000,1,4958.0,8143,40.72,5042,4958
20000,1,9893.0,11774,58.87,10107,9893
40000,1,19923.0,12273,61.37,20077,19923
60000,1,29979.0,12814,64.07,30021,29979
80000,1,39964.0,13346,66.73,40036,39964
100000,1,50047.0,13819,69.1,49953,50047
2,2,0.0,2,0.01,2,0
3,2,1.0,3,0.02,2,1
100,2,46.0,93,0.47,54,46
200,2,99.0,189,0.95,101,99
2000,2,1007.0,1944,9.72,993,1007
10000,2,4916.0,9686,48.43,5084,4916
20000,2,9801.0,15950,79.75,10199,9801
40000,2,19614.0,35481,177.41,20386,19614
60000,2,29613.0,54990,274.95,30387,29613
80000,2,39437.0,74516,372.58,40563,39437
100000,2,49419.0,94009,470.05,50581,49419
2,3,2.0,2,0.01,0,2
3,3,2.0,3,0.02,1,2
100,3,42.0,99,0.5,58,42
200,3,93.0,189,0.95,107,93
2000,3,992.0,1926,9.63,1008,992
10000,3,5026.0,9703,48.52,4974,5026
20000,3,9878.0,19194,95.97,10122,9878
40000,3,19697.0,38146,190.73,20303,19697
60000,3,29540.0,57657,288.29,30460,29540
80000,3,39403.0,77165,385.83,40597,39403
100000,3,49436.0,83040,415.2,50564,49436
2,4,0.0,2,0.01,2,0
3,4,1.0,3,0.02,2,1
100,4,56.0,96,0.48,44,56
200,4,104.0,174,0.87,96,104
2000,4,987.0,1674,8.37,1013,987
10000,4,4972.0,9145,45.73,5028,4972
20000,4,10003.0,18900,94.5,9997,10003
40000,4,19872.0,22554,112.77,20128,19872
60000,4,29710.0,33934,169.67,30290,29710
80000,4,39788.0,34432,172.16,40212,39788
100000,4,49849.0,34977,174.89,50151,49849
2,5,1.0,2,0.01,1,1
3,5,1.0,3,0.02,2,1
100,5,45.0,96,0.48,55,45
200,5,91.0,192,0.96,109,91
2000,5,971.0,1942,9.71,1029,971
10000,5,4975.0,9730,48.65,5025,4975
20000,5,9950.0,18032,90.16,10050,9950
40000,5,19914.0,23444,117.22,20086,19914
60000,5,29993.0,23957,119.79,30007,29993
80000,5,40099.0,24445,122.23,39901,40099
100000,5,50077.0,24938,124.69,49923,50077
2,6,2.0,2,0.01,0,2
3,6,2.0,3,0.02,1,2
100,6,48.0,95,0.48,52,48
200,6,104.0,191,0.96,96,104
2000,6,1004.0,1502,7.51,996,1004
10000,6,4994.0,3418,17.09,5006,4994
20000,6,9910.0,3683,18.42,10090,9910
40000,6,19788.0,4183,20.92,20212,19788
60000,6,29744.0,4694,23.47,30256,29744
80000,6,39734.0,5186,25.93,40266,39734
100000,6,49668.0,5714,28.57,50332,49668
2,7,2.0,2,0.01,0,2
3,7,3.0,3,0.02,0,3
100,7,48.0,73,0.37,52,48
200,7,92.0,75,0.38,108,92
2000,7,983.0,113,0.57,1017,983
10000,7,4896.0,299,1.5,5104,4896
20000,7,9889.0,545,2.73,10111,9889
40000,7,19813.0,1022,5.11,20187,19813
60000,7,29806.0,1530,7.65,30194,29806
80000,7,39600.0,2011,10.06,40400,39600
100000,7,49652.0,2483,12.42,50348,49652
2,8,1.0,2,0.01,1,1
3,8,1.0,2,0.01,2,1
100,8,37.0,99,0.5,63,37
200,8,80.0,197,0.99,120,80
2000,8,1000.0,279,1.4,1000,1000
10000,8,4925.0,478,2.39,5075,4925
20000,8,9923.0,727,3.64,10077,9923
40000,8,19885.0,1230,6.15,20115,19885
60000,8,29884.0,1740,8.7,30116,29884
80000,8,39908.0,2244,11.22,40092,39908
100000,8,49927.0,2761,13.81,50073,49927
2,9,2.0,2,0.01,0,2
3,9,3.0,3,0.02,0,3
100,9,51.0,96,0.48,49,51
200,9,100.0,195,0.98,100,100
2000,9,1012.0,1938,9.69,988,1012
10000,9,4935.0,3032,15.16,5065,4935
20000,9,9827.0,8211,41.06,10173,9827
40000,9,19913.0,8703,43.52,20087,19913
60000,9,29900.0,9188,45.94,30100,29900
80000,9,39862.0,9717,48.59,40138,39862
100000,9,49732.0,10182,50.91,50268,49732
2,10,1.0,2,0.01,1,1
3,10,2.0,3,0.02,1,2
100,10,59.0,90,0.45,41,59
200,10,113.0,185,0.93,87,113
2000,10,1014.0,1942,9.71,986,1014
10000,10,5027.0,5391,26.96,4973,5027
20000,10,9985.0,5635,28.18,10015,9985
40000,10,20016.0,6139,30.7,19984,20016
60000,10,30109.0,6667,33.34,29891,30109
80000,10,39964.0,7145,35.73,40036,39964
100000,10,49994.0,7619,38.1,50006,49994
2,11,1.0,2,0.01,1,1
3,11,1.0,3,0.02,2,1
100,11,53.0,98,0.49,47,53
200,11,94.0,196,0.98,106,94
2000,11,985.0,1940,9.7,1015,985
10000,11,4898.0,3641,18.21,5102,4898
20000,11,9919.0,3904,19.52,10081,9919
40000,11,19892.0,4428,22.14,20108,19892
60000,11,29833.0,4903,24.52,30167,29833
80000,11,39834.0,5411,27.06,40166,39834
100000,11,49896.0,5912,29.56,50104,49896
2,12,2.0,2,0.01,0,2
3,12,3.0,3,0.02,0,3
100,12,53.0,97,0.49,47,53
200,12,98.0,195,0.98,102,98
2000,12,978.0,1951,9.76,1022,978
10000,12,4969.0,9750,48.75,5031,4969
20000,12,9989.0,13126,65.63,10011,9989
40000,12,19920.0,13641,68.21,20080,19920
60000,12,29991.0,14143,70.72,30009,29991
80000,12,40005.0,15202,76.01,39995,40005
100000,12,49988.0,15694,78.47,50012,49988
2,13,1.0,0,0.0,1,1
3,13,2.0,0,0.0,1,2
100,13,53.0,6,0.03,47,53
200,13,96.0,6,0.03,104,96
2000,13,1005.0,51,0.26,995,1005
10000,13,4942.0,1228,6.14,5058,4942
20000,13,9939.0,1474,7.37,10061,9939
40000,13,19810.0,2003,10.02,20190,19810
60000,13,29860.0,2543,12.72,30140,29860
80000,13,39890.0,3022,15.11,40110,39890
100000,13,50054.0,3559,17.8,49946,50054
2,14,0.0,2,0.01,2,0
3,14,0.0,3,0.02,3,0
100,14,41.0,97,0.49,59,41
200,14,90.0,194,0.97,110,90
2000,14,1025.0,1923,9.62,975,1025
10000,14,4968.0,9117,45.59,5032,4968
20000,14,9951.0,17108,85.54,10049,9951
40000,14,19900.0,17609,88.05,20100,19900
60000,14,29878.0,19782,98.91,30122,29878
80000,14,39869.0,20290,101.45,40131,39869
100000,14,49841.0,20823,104.12,50159,49841
2,15,1.0,2,0.01,1,1
3,15,1.0,3,0.02,2,1
100,15,54.0,99,0.5,46,54
200,15,99.0,198,0.99,101,99
2000,15,968.0,1946,9.73,1032,968
10000,15,4986.0,2339,11.7,5014,4986
20000,15,9996.0,2587,12.94,10004,9996
40000,15,19903.0,3067,15.34,20097,19903
60000,15,30013.0,3600,18.0,29987,30013
80000,15,39886.0,4119,20.6,40114,39886
100000,15,49820.0,4608,23.04,50180,49820
2,16,2.0,2,0.01,0,2
3,16,3.0,3,0.02,0,3
100,16,42.0,28,0.14,58,42
200,16,93.0,30,0.15,107,93
2000,16,981.0,90,0.45,1019,981
10000,16,4959.0,289,1.45,5041,4959
20000,16,9926.0,529,2.65,10074,9926
40000,16,19795.0,1068,5.34,20205,19795
60000,16,29751.0,1565,7.83,30249,29751
80000,16,39735.0,2068,10.34,40265,39735
100000,16,49723.0,2561,12.81,50277,49723
2,17,2.0,2,0.01,0,2
3,17,2.0,3,0.02,1,2
100,17,53.0,13,0.07,47,53
200,17,97.0,14,0.07,103,97
2000,17,1021.0,70,0.35,979,1021
10000,17,5045.0,282,1.41,4955,5045
20000,17,9954.0,534,2.67,10046,9954
40000,17,20049.0,1058,5.29,19951,20049
60000,17,30082.0,1553,7.77,29918,30082
80000,17,40144.0,2028,10.14,39856,40144
100000,17,50217.0,2490,12.45,49783,50217
2,18,1.0,2,0.01,1,1
3,18,2.0,3,0.02,1,2
100,18,54.0,44,0.22,46,54
200,18,103.0,45,0.23,97,103
2000,18,980.0,84,0.42,1020,980
10000,18,4987.0,292,1.46,5013,4987
20000,18,9936.0,567,2.84,10064,9936
40000,18,19955.0,1033,5.17,20045,19955
60000,18,29872.0,1514,7.57,30128,29872
80000,18,39834.0,2037,10.19,40166,39834
100000,18,49918.0,2531,12.66,50082,49918
2,19,2.0,2,0.01,0,2
3,19,2.0,3,0.02,1,2
100,19,50.0,17,0.09,50,50
200,19,95.0,20,0.1,105,95
2000,19,989.0,72,0.36,1011,989
10000,19,4985.0,270,1.35,5015,4985
20000,19,10062.0,556,2.78,9938,10062
40000,19,20051.0,1055,5.28,19949,20051
60000,19,30026.0,1589,7.95,29974,30026
80000,19,39955.0,2107,10.54,40045,39955
100000,19,49979.0,2588,12.94,50021,49979
2,20,2.0,2,0.01,0,2
3,20,3.0,3,0.02,0,3
100,20,47.0,98,0.49,53,47
200,20,90.0,197,0.99,110,90
2000,20,1035.0,258,1.29,965,1035
10000,20,4985.0,692,3.46,5015,4985
20000,20,9947.0,1148,5.74,10053,9947
40000,20,19992.0,1630,8.15,20008,19992
60000,20,29812.0,2326,11.63,30188,29812
80000,20,39895.0,3031,15.16,40105,39895
100000,20,49814.0,3776,18.88,50186,49814
2,21,1.0,2,0.01,1,1
3,21,2.0,3,0.02,1,2
100,21,57.0,85,0.43,43,57
200,21,99.0,105,0.53,101,99
2000,21,975.0,1866,9.33,1025,975
10000,21,4921.0,7959,39.8,5079,4921
20000,21,9896.0,8225,41.13,10104,9896
40000,21,19822.0,8708,43.54,20178,19822
60000,21,29828.0,9209,46.05,30172,29828
80000,21,39747.0,9723,48.62,40253,39747
100000,21,49741.0,10268,51.34,50259,49741
2,22,0.0,2,0.01,2,0
3,22,1.0,3,0.02,2,1
100,22,55.0,8,0.04,45,55
200,22,104.0,10,0.05,96,104
2000,22,995.0,162,0.81,1005,995
10000,22,5022.0,541,2.71,4978,5022
20000,22,10059.0,788,3.94,9941,10059
40000,22,19978.0,1621,8.11,20022,19978
60000,22,29977.0,2107,10.54,30023,29977
80000,22,39906.0,2630,13.15,40094,39906
100000,22,49769.0,3122,15.61,50231,49769
2,23,0.0,2,0.01,2,0
3,23,0.0,3,0.02,3,0
100,23,44.0,100,0.5,56,44
200,23,100.0,184,0.92,100,100
2000,23,994.0,1937,9.69,1006,994
10000,23,4972.0,8514,42.57,5028,4972
20000,23,9972.0,8752,43.76,10028,9972
40000,23,19993.0,9282,46.41,20007,19993
60000,23,30032.0,9779,48.9,29968,30032
80000,23,39969.0,10507,52.54,40031,39969
100000,23,50019.0,10999,55.0,49981,50019
2,24,2.0,2,0.01,0,2
3,24,3.0,2,0.01,0,3
100,24,55.0,18,0.09,45,55
200,24,108.0,20,0.1,92,108
2000,24,983.0,65,0.33,1017,983
10000,24,5027.0,271,1.36,4973,5027
20000,24,9960.0,519,2.6,10040,9960
40000,24,19862.0,993,4.97,20138,19862
60000,24,29823.0,1507,7.54,30177,29823
80000,24,39933.0,2581,12.91,40067,39933
100000,24,49961.0,3307,16.54,50039,49961
2,25,1.0,2,0.01,1,1
3,25,2.0,3,0.02,1,2
100,25,55.0,7,0.04,45,55
200,25,99.0,9,0.05,101,99
2000,25,1014.0,48,0.24,986,1014
10000,25,5015.0,294,1.47,4985,5015
20000,25,10065.0,541,2.71,9935,10065
40000,25,20046.0,1050,5.25,19954,20046
60000,25,30084.0,1535,7.68,29916,30084
80000,25,40111.0,2060,10.3,39889,40111
100000,25,50088.0,2552,12.76,49912,50088
2,26,1.0,1,0.01,1,1
3,26,1.0,2,0.01,2,1
100,26,39.0,97,0.49,61,39
200,26,92.0,196,0.98,108,92
2000,26,997.0,1934,9.67,1003,997
10000,26,4913.0,9707,48.54,5087,4913
20000,26,9782.0,18223,91.12,10218,9782
40000,26,19656.0,37686,188.43,20344,19656
60000,26,29571.0,57186,285.93,30429,29571
80000,26,39460.0,76696,383.48,40540,39460
100000,26,49553.0,96197,480.99,50447,49553
2,27,2.0,2,0.01,0,2
3,27,2.0,3,0.02,1,2
100,27,46.0,95,0.48,54,46
200,27,94.0,191,0.96,106,94
2000,27,1010.0,1947,9.74,990,1010
10000,27,4959.0,9358,46.79,5041,4959
20000,27,9844.0,16237,81.19,10156,9844
40000,27,19857.0,35771,178.86,20143,19857
60000,27,29793.0,55273,276.37,30207,29793
80000,27,39689.0,74762,373.81,40311,39689
100000,27,49611.0,94278,471.39,50389,49611
2,28,1.0,2,0.01,1,1
3,28,1.0,3,0.02,2,1
100,28,56.0,98,0.49,44,56
200,28,107.0,197,0.99,93,107
2000,28,968.0,1945,9.73,1032,968
10000,28,4916.0,9710,48.55,5084,4916
20000,28,9922.0,13727,68.64,10078,9922
40000,28,19974.0,14230,71.15,20026,19974
60000,28,29921.0,14745,73.73,30079,29921
80000,28,39955.0,15260,76.3,40045,39955
100000,28,49994.0,15745,78.73,50006,49994
2,29,1.0,2,0.01,1,1
3,29,1.0,3,0.02,2,1
100,29,42.0,98,0.49,58,42
200,29,95.0,197,0.99,105,95
2000,29,973.0,1956,9.78,1027,973
10000,29,4897.0,9708,48.54,5103,4897
20000,29,9819.0,19466,97.33,10181,9819
40000,29,19631.0,35255,176.28,20369,19631
60000,29,29463.0,54122,270.61,30537,29463
80000,29,39335.0,73612,368.06,40665,39335
100000,29,49303.0,93113,465.57,50697,49303
2,30,0.0,2,0.01,2,0
3,30,0.0,3,0.02,3,0
100,30,43.0,25,0.13,57,43
200,30,90.0,26,0.13,110,90
2000,30,971.0,75,0.38,1029,971
10000,30,4994.0,316,1.58,5006,4994
20000,30,10056.0,955,4.78,9944,10056
40000,30,20000.0,1457,7.29,20000,20000
60000,30,30057.0,1981,9.91,29943,30057
80000,30,40061.0,14207,71.04,39939,40061
100000,30,50049.0,14702,73.51,49951,50049
2,31,2.0,2,0.01,0,2
3,31,2.0,3,0.02,1,2
100,31,53.0,100,0.5,47,53
200,31,98.0,167,0.84,102,98
2000,31,968.0,1849,9.25,1032,968
10000,31,4910.0,8182,40.91,5090,4910
20000,31,9846.0,9928,49.64,10154,9846
40000,31,19752.0,10428,52.14,20248,19752
60000,31,29744.0,10932,54.66,30256,29744
80000,31,39706.0,11456,57.28,40294,39706
100000,31,49626.0,11946,59.73,50374,49626
2,32,1.0,2,0.01,1,1
3,32,1.0,3,0.02,2,1
100,32,50.0,95,0.48,50,50
200,32,94.0,188,0.94,106,94
2000,32,987.0,1903,9.52,1013,987
10000,32,4934.0,9040,45.2,5066,4934
20000,32,9876.0,17906,89.53,10124,9876
40000,32,19872.0,37428,187.14,20128,19872
60000,32,29818.0,56939,284.7,30182,29818
80000,32,39760.0,76406,382.03,40240,39760
100000,32,49646.0,95914,479.57,50354,49646
2,33,1.0,2,0.01,1,1
3,33,2.0,3,0.02,1,2
100,33,49.0,96,0.48,51,49
200,33,109.0,195,0.98,91,109
2000,33,960.0,1708,8.54,1040,960
10000,33,4879.0,2196,10.98,5121,4879
20000,33,9939.0,2466,12.33,10061,9939
40000,33,19990.0,2990,14.95,20010,19990
60000,33,29986.0,3515,17.58,30014,29986
80000,33,39813.0,4004,20.02,40187,39813
100000,33,49808.0,4504,22.52,50192,49808
2,34,2.0,2,0.01,0,2
3,34,3.0,3,0.02,0,3
100,34,46.0,94,0.47,54,46
200,34,101.0,189,0.95,99,101
2000,34,963.0,1850,9.25,1037,963
10000,34,4955.0,7302,36.51,5045,4955
20000,34,9950.0,16962,84.81,10050,9950
40000,34,19882.0,35706,178.53,20118,19882
60000,34,29902.0,55149,275.75,30098,29902
80000,34,39737.0,74562,372.81,40263,39737
100000,34,49667.0,94084,470.42,50333,49667
2,35,1.0,2,0.01,1,1
3,35,1.0,3,0.02,2,1
100,35,46.0,96,0.48,54,46
200,35,85.0,190,0.95,115,85
2000,35,975.0,1901,9.51,1025,975
10000,35,5010.0,8883,44.42,4990,5010
20000,35,9956.0,16978,84.89,10044,9956
40000,35,19934.0,36440,182.2,20066,19934
60000,35,29879.0,55905,279.53,30121,29879
80000,35,39758.0,75178,375.89,40242,39758
100000,35,49699.0,91843,459.22,50301,49699
2,36,1.0,2,0.01,1,1
3,36,2.0,3,0.02,1,2
100,36,51.0,97,0.49,49,51
200,36,97.0,191,0.96,103,97
2000,36,944.0,1943,9.72,1056,944
10000,36,4936.0,9731,48.66,5064,4936
20000,36,9876.0,19043,95.22,10124,9876
40000,36,19959.0,21675,108.38,20041,19959
60000,36,30010.0,22169,110.85,29990,30010
80000,36,40054.0,22670,113.35,39946,40054
100000,36,50060.0,23180,115.9,49940,50060
2,37,0.0,2,0.01,2,0
3,37,1.0,3,0.02,2,1
100,37,59.0,58,0.29,41,59
200,37,106.0,140,0.7,94,106
2000,37,996.0,1860,9.3,1004,996
10000,37,4962.0,4301,21.51,5038,4962
20000,37,9915.0,4548,22.74,10085,9915
40000,37,19744.0,5039,25.2,20256,19744
60000,37,29529.0,5545,27.73,30471,29529
80000,37,39580.0,6054,30.27,40420,39580
100000,37,49672.0,6506,32.53,50328,49672
2,38,0.0,2,0.01,2,0
3,38,1.0,3,0.02,2,1
100,38,53.0,60,0.3,47,53
200,38,102.0,158,0.79,98,102
2000,38,1025.0,1918,9.59,975,1025
10000,38,4980.0,9397,46.99,5020,4980
20000,38,10039.0,10444,52.22,9961,10039
40000,38,20092.0,10941,54.71,19908,20092
60000,38,30070.0,11412,57.06,29930,30070
80000,38,40196.0,11887,59.44,39804,40196
100000,38,50101.0,12630,63.15,49899,50101
2,39,0.0,2,0.01,2,0
3,39,1.0,3,0.02,2,1
100,39,47.0,97,0.49,53,47
200,39,94.0,125,0.63,106,94
2000,39,977.0,203,1.02,1023,977
10000,39,5022.0,391,1.96,4978,5022
20000,39,10041.0,625,3.13,9959,10041
40000,39,19900.0,1118,5.59,20100,19900
60000,39,29873.0,1619,8.1,30127,29873
80000,39,39875.0,2098,10.49,40125,39875
100000,39,49921.0,2638,13.19,50079,49921
2,40,1.0,2,0.01,1,1
3,40,2.0,3,0.02,1,2
100,40,54.0,42,0.21,46,54
200,40,99.0,59,0.3,101,99
2000,40,1019.0,99,0.5,981,1019
10000,40,5086.0,298,1.49,4914,5086
20000,40,10152.0,542,2.71,9848,10152
40000,40,20220.0,1036,5.18,19780,20220
60000,40,30407.0,1536,7.68,29593,30407
80000,40,40405.0,2038,10.19,39595,40405
100000,40,50444.0,2554,12.77,49556,50444
2,41,0.0,2,0.01,2,0
3,41,1.0,3,0.02,2,1
100,41,45.0,21,0.11,55,45
200,41,99.0,23,0.12,101,99
2000,41,1008.0,72,0.36,992,1008
10000,41,5054.0,288,1.44,4946,5054
20000,41,10040.0,518,2.59,9960,10040
40000,41,20099.0,1036,5.18,19901,20099
60000,41,30159.0,1571,7.86,29841,30159
80000,41,40068.0,2070,10.35,39932,40068
100000,41,50047.0,2547,12.74,49953,50047
2,42,1.0,2,0.01,1,1
3,42,2.0,3,0.02,1,2
100,42,53.0,99,0.5,47,53
200,42,107.0,195,0.98,93,107
2000,42,990.0,482,2.41,1010,990
10000,42,4946.0,710,3.55,5054,4946
20000,42,9967.0,978,4.89,10033,9967
40000,42,19937.0,1938,9.69,20063,19937
60000,42,29877.0,2424,12.12,30123,29877
80000,42,39878.0,2896,14.48,40122,39878
100000,42,49762.0,3792,18.96,50238,49762
2,43,1.0,2,0.01,1,1
3,43,1.0,3,0.02,2,1
100,43,48.0,100,0.5,52,48
200,43,87.0,199,1.0,113,87
2000,43,989.0,1944,9.72,1011,989
10000,43,4947.0,9755,48.78,5053,4947
20000,43,9929.0,19434,97.17,10071,9929
40000,43,19789.0,38947,194.74,20211,19789
60000,43,29575.0,58468,292.34,30425,29575
80000,43,39502.0,77924,389.62,40498,39502
100000,43,49392.0,97421,487.11,50608,49392
2,44,1.0,2,0.01,1,1
3,44,2.0,3,0.02,1,2
100,44,54.0,99,0.5,46,54
200,44,104.0,194,0.97,96,104
2000,44,960.0,1942,9.71,1040,960
10000,44,4950.0,9751,48.76,5050,4950
20000,44,9992.0,19501,97.51,10008,9992
40000,44,20028.0,39029,195.15,19972,20028
60000,44,29835.0,58518,292.59,30165,29835
80000,44,39824.0,78013,390.07,40176,39824
100000,44,49808.0,97494,487.47,50192,49808
2,45,1.0,2,0.01,1,1
3,45,1.0,3,0.02,2,1
100,45,46.0,90,0.45,54,46
200,45,98.0,186,0.93,102,98
2000,45,1016.0,1938,9.69,984,1016
10000,45,4995.0,9720,48.6,5005,4995
20000,45,10010.0,12983,64.92,9990,10010
40000,45,19990.0,13473,67.37,20010,19990
60000,45,30048.0,13967,69.84,29952,30048
80000,45,39956.0,14449,72.25,40044,39956
100000,45,49967.0,14985,74.93,50033,49967
2,46,1.0,2,0.01,1,1
3,46,2.0,3,0.02,1,2
100,46,41.0,95,0.48,59,41
200,46,97.0,179,0.9,103,97
2000,46,983.0,1938,9.69,1017,983
10000,46,4955.0,9543,47.72,5045,4955
20000,46,9960.0,19177,95.89,10040,9960
40000,46,19792.0,38677,193.39,20208,19792
60000,46,29734.0,57199,286.0,30266,29734
80000,46,39669.0,76677,383.39,40331,39669
100000,46,49507.0,96215,481.08,50493,49507
2,47,1.0,2,0.01,1,1
3,47,2.0,3,0.02,1,2
100,47,54.0,58,0.29,46,54
200,47,101.0,152,0.76,99,101
2000,47,1001.0,290,1.45,999,1001
10000,47,5004.0,488,2.44,4996,5004
20000,47,10011.0,753,3.77,9989,10011
40000,47,20089.0,1231,6.16,19911,20089
60000,47,30120.0,1766,8.83,29880,30120
80000,47,40136.0,2285,11.43,39864,40136
100000,47,50072.0,2771,13.86,49928,50072
2,48,1.0,2,0.01,1,1
3,48,1.0,2,0.01,2,1
100,48,56.0,99,0.5,44,56
200,48,109.0,199,1.0,91,109
2000,48,994.0,1091,5.46,1006,994
10000,48,4945.0,8599,43.0,5055,4945
20000,48,9880.0,18361,91.81,10120,9880
40000,48,19856.0,35236,176.18,20144,19856
60000,48,29811.0,35710,178.55,30189,29811
80000,48,39852.0,36177,180.89,40148,39852
100000,48,49877.0,36646,183.23,50123,49877
2,49,1.0,2,0.01,1,1
3,49,1.0,3,0.02,2,1
100,49,56.0,98,0.49,44,56
200,49,102.0,197,0.99,98,102
2000,49,981.0,1952,9.76,1019,981
10000,49,4912.0,9759,48.8,5088,4912
20000,49,9903.0,19502,97.51,10097,9903
40000,49,19817.0,38937,194.69,20183,19817
60000,49,29883.0,58441,292.21,30117,29883
80000,49,39773.0,77977,389.89,40227,39773
100000,49,49610.0,97512,487.56,50390,49610
2,50,0.0,2,0.01,2,0
3,50,0.0,3,0.02,3,0
100,50,52.0,23,0.12,48,52
200,50,113.0,25,0.13,87,113
2000,50,1041.0,73,0.37,959,1041
10000,50,5039.0,256,1.28,4961,5039
20000,50,9990.0,545,2.73,10010,9990
40000,50,19975.0,1052,5.26,20025,19975
60000,50,29920.0,2064,10.32,30080,29920
80000,50,39853.0,2566,12.83,40147,39853
100000,50,49761.0,4475,22.38,50239,49761
2,51,1.0,2,0.01,1,1
3,51,2.0,3,0.02,1,2
100,51,56.0,31,0.16,44,56
200,51,97.0,46,0.23,103,97
2000,51,1003.0,111,0.56,997,1003
10000,51,5002.0,274,1.37,4998,5002
20000,51,9994.0,541,2.71,10006,9994
40000,51,20007.0,1069,5.35,19993,20007
60000,51,29989.0,1577,7.89,30011,29989
80000,51,39897.0,2065,10.33,40103,39897
100000,51,49905.0,2538,12.69,50095,49905
2,52,0.0,2,0.01,2,0
3,52,0.0,3,0.02,3,0
100,52,52.0,98,0.49,48,52
200,52,95.0,192,0.96,105,95
2000,52,996.0,1948,9.74,1004,996
10000,52,4950.0,9277,46.39,5050,4950
20000,52,9923.0,19026,95.13,10077,9923
40000,52,19897.0,38505,192.53,20103,19897
60000,52,29584.0,58011,290.06,30416,29584
80000,52,39527.0,77507,387.54,40473,39527
100000,52,49491.0,96983,484.92,50509,49491
2,53,1.0,2,0.01,1,1
3,53,1.0,3,0.02,2,1
100,53,47.0,92,0.46,53,47
200,53,99.0,190,0.95,101,99
2000,53,999.0,1944,9.72,1001,999
10000,53,4945.0,9052,45.26,5055,4945
20000,53,9849.0,18799,94.0,10151,9849
40000,53,19726.0,38206,191.03,20274,19726
60000,53,29708.0,57723,288.62,30292,29708
80000,53,39566.0,77249,386.25,40434,39566
100000,53,49488.0,96759,483.8,50512,49488
2,54,1.0,2,0.01,1,1
3,54,1.0,3,0.02,2,1
100,54,48.0,97,0.49,52,48
200,54,96.0,194,0.97,104,96
2000,54,968.0,682,3.41,1032,968
10000,54,5073.0,896,4.48,4927,5073
20000,54,10057.0,1162,5.81,9943,10057
40000,54,20045.0,1644,8.22,19955,20045
60000,54,30144.0,2140,10.7,29856,30144
80000,54,40045.0,2606,13.03,39955,40045
100000,54,50181.0,3094,15.47,49819,50181
2,55,1.0,2,0.01,1,1
3,55,1.0,3,0.02,2,1
100,55,53.0,100,0.5,47,53
200,55,98.0,197,0.99,102,98
2000,55,989.0,1954,9.77,1011,989
10000,55,4915.0,9736,48.68,5085,4915
20000,55,9995.0,11429,57.15,10005,9995
40000,55,19907.0,11941,59.71,20093,19907
60000,55,29939.0,12445,62.23,30061,29939
80000,55,39883.0,12951,64.76,40117,39883
100000,55,49857.0,13444,67.22,50143,49857
2,56,0.0,2,0.01,2,0
3,56,1.0,3,0.02,2,1
100,56,45.0,98,0.49,55,45
200,56,94.0,195,0.98,106,94
2000,56,981.0,1887,9.44,1019,981
10000,56,4885.0,9689,48.45,5115,4885
20000,56,9874.0,15897,79.49,10126,9874
40000,56,19839.0,16386,81.93,20161,19839
60000,56,29805.0,16852,84.26,30195,29805
80000,56,39804.0,17365,86.83,40196,39804
100000,56,49858.0,17878,89.39,50142,49858
2,57,1.0,2,0.01,1,1
3,57,1.0,3,0.02,2,1
100,57,43.0,98,0.49,57,43
200,57,96.0,197,0.99,104,96
2000,57,980.0,1916,9.58,1020,980
10000,57,4943.0,9715,48.58,5057,4943
20000,57,9885.0,19449,97.25,10115,9885
40000,57,19891.0,20568,102.84,20109,19891
60000,57,29917.0,21095,105.48,30083,29917
80000,57,39997.0,21566,107.83,40003,39997
100000,57,49918.0,22051,110.26,50082,49918
2,58,2.0,2,0.01,0,2
3,58,2.0,3,0.02,1,2
100,58,49.0,97,0.49,51,49
200,58,102.0,196,0.98,98,102
2000,58,977.0,1951,9.76,1023,977
10000,58,5025.0,9753,48.77,4975,5025
20000,58,9943.0,19267,96.34,10057,9943
40000,58,19672.0,38670,193.35,20328,19672
60000,58,29586.0,58153,290.77,30414,29586
80000,58,39454.0,77684,388.42,40546,39454
100000,58,49368.0,97209,486.05,50632,49368
2,59,1.0,2,0.01,1,1
3,59,1.0,3,0.02,2,1
100,59,42.0,97,0.49,58,42
200,59,91.0,196,0.98,109,91
2000,59,989.0,1814,9.07,1011,989
10000,59,4956.0,9612,48.06,5044,4956
20000,59,9984.0,13341,66.71,10016,9984
40000,59,19962.0,13827,69.14,20038,19962
60000,59,29971.0,14310,71.55,30029,29971
80000,59,40040.0,14841,74.21,39960,40040
100000,59,50121.0,15337,76.69,49879,50121
2,60,1.0,2,0.01,1,1
3,60,2.0,3,0.02,1,2
100,60,54.0,100,0.5,46,54
200,60,102.0,147,0.74,98,102
2000,60,1019.0,212,1.06,981,1019
10000,60,4954.0,626,3.13,5046,4954
20000,60,9953.0,1158,5.79,10047,9953
40000,60,19728.0,1635,8.18,20272,19728
60000,60,29736.0,2282,11.41,30264,29736
80000,60,39732.0,3453,17.27,40268,39732
100000,60,49733.0,3963,19.82,50267,49733
2,61,2.0,2,0.01,0,2
3,61,2.0,3,0.02,1,2
100,61,52.0,44,0.22,48,52
200,61,101.0,107,0.54,99,101
2000,61,1001.0,418,2.09,999,1001
10000,61,4959.0,891,4.46,5041,4959
20000,61,9972.0,2772,13.86,10028,9972
40000,61,19952.0,4912,24.56,20048,19952
60000,61,29913.0,14887,74.44,30087,29913
80000,61,40025.0,22847,114.24,39975,40025
100000,61,50170.0,23374,116.87,49830,50170
2,62,1.0,2,0.01,1,1
3,62,1.0,3,0.02,2,1
100,62,50.0,97,0.49,50,50
200,62,94.0,195,0.98,106,94
2000,62,966.0,1933,9.67,1034,966
10000,62,4919.0,8951,44.76,5081,4919
20000,62,9904.0,9204,46.02,10096,9904
40000,62,19865.0,9689,48.45,20135,19865
60000,62,29919.0,10185,50.93,30081,29919
80000,62,39857.0,10687,53.44,40143,39857
100000,62,49879.0,11176,55.88,50121,49879
2,63,2.0,2,0.01,0,2
3,63,3.0,3,0.02,0,3
100,63,58.0,91,0.46,42,58
200,63,107.0,183,0.92,93,107
2000,63,988.0,1881,9.41,1012,988
10000,63,4979.0,9699,48.5,5021,4979
20000,63,9917.0,19465,97.33,10083,9917
40000,63,19781.0,38071,190.36,20219,19781
60000,63,29603.0,57601,288.01,30397,29603
80000,63,39506.0,77118,385.59,40494,39506
100000,63,49349.0,96601,483.01,50651,49349
2,64,1.0,2,0.01,1,1
3,64,1.0,3,0.02,2,1
100,64,48.0,97,0.49,52,48
200,64,101.0,197,0.99,99,101
2000,64,1018.0,1962,9.81,982,1018
10000,64,5012.0,9752,48.76,4988,5012
20000,64,9996.0,18701,93.51,10004,9996
40000,64,19842.0,37914,189.57,20158,19842
60000,64,29828.0,45695,228.48,30172,29828
80000,64,39731.0,47841,239.21,40269,39731
100000,64,49601.0,67202,336.01,50399,49601
2,65,2.0,2,0.01,0,2
3,65,2.0,3,0.02,1,2
100,65,47.0,76,0.38,53,47
200,65,97.0,169,0.85,103,97
2000,65,986.0,498,2.49,1014,986
10000,65,4946.0,711,3.56,5054,4946
20000,65,9941.0,973,4.87,10059,9941
40000,65,19998.0,1490,7.45,20002,19998
60000,65,30020.0,1967,9.84,29980,30020
80000,65,40062.0,2459,12.3,39938,40062
100000,65,50116.0,2929,14.65,49884,50116
2,66,1.0,2,0.01,1,1
3,66,1.0,3,0.02,2,1
100,66,67.0,95,0.48,33,67
200,66,121.0,192,0.96,79,121
2000,66,1018.0,1935,9.68,982,1018
10000,66,4955.0,9737,48.69,5045,4955
20000,66,9818.0,19486,97.43,10182,9818
40000,66,19667.0,38981,194.91,20333,19667
60000,66,29676.0,56003,280.02,30324,29676
80000,66,39597.0,73410,367.05,40403,39597
100000,66,49446.0,92917,464.59,50554,49446
2,67,1.0,2,0.01,1,1
3,67,2.0,3,0.02,1,2
100,67,49.0,98,0.49,51,49
200,67,101.0,194,0.97,99,101
2000,67,1044.0,1935,9.68,956,1044
10000,67,4999.0,9768,48.84,5001,4999
20000,67,9882.0,18459,92.3,10118,9882
40000,67,19763.0,37484,187.42,20237,19763
60000,67,29704.0,48208,241.04,30296,29704
80000,67,39717.0,48717,243.59,40283,39717
100000,67,49623.0,49235,246.18,50377,49623
2,68,0.0,2,0.01,2,0
3,68,0.0,3,0.02,3,0
100,68,49.0,97,0.49,51,49
200,68,97.0,191,0.96,103,97
2000,68,1012.0,1912,9.56,988,1012
10000,68,4964.0,9733,48.67,5036,4964
20000,68,9916.0,19470,97.35,10084,9916
40000,68,19801.0,38960,194.8,20199,19801
60000,68,29813.0,58473,292.37,30187,29813
80000,68,39677.0,76950,384.75,40323,39677
100000,68,49612.0,95822,479.11,50388,49612
2,69,0.0,2,0.01,2,0
3,69,1.0,3,0.02,2,1
100,69,43.0,9,0.05,57,43
200,69,93.0,11,0.06,107,93
2000,69,1010.0,55,0.28,990,1010
10000,69,4985.0,251,1.26,5015,4985
20000,69,9897.0,474,2.37,10103,9897
40000,69,19861.0,18926,94.63,20139,19861
60000,69,29727.0,38418,192.09,30273,29727
80000,69,39594.0,57310,286.55,40406,39594
100000,69,49523.0,76820,384.1,50477,49523
2,70,1.0,2,0.01,1,1
3,70,2.0,3,0.02,1,2
100,70,43.0,99,0.5,57,43
200,70,98.0,197,0.99,102,98
2000,70,997.0,1736,8.68,1003,997
10000,70,4935.0,9327,46.64,5065,4935
20000,70,9978.0,10897,54.49,10022,9978
40000,70,20063.0,11399,57.0,19937,20063
60000,70,29877.0,11898,59.49,30123,29877
80000,70,39879.0,12364,61.82,40121,39879
100000,70,49951.0,12927,64.64,50049,49951
2,71,1.0,2,0.01,1,1
3,71,2.0,3,0.02,1,2
100,71,52.0,76,0.38,48,52
200,71,106.0,79,0.4,94,106
2000,71,998.0,123,0.62,1002,998
10000,71,5010.0,312,1.56,4990,5010
20000,71,10131.0,555,2.78,9869,10131
40000,71,20177.0,1046,5.23,19823,20177
60000,71,30189.0,1641,8.21,29811,30189
80000,71,40127.0,2649,13.25,39873,40127
100000,71,50015.0,3115,15.58,49985,50015
2,72,1.0,2,0.01,1,1
3,72,2.0,3,0.02,1,2
100,72,52.0,72,0.36,48,52
200,72,101.0,74,0.37,99,101
2000,72,995.0,114,0.57,1005,995
10000,72,5013.0,327,1.64,4987,5013
20000,72,10061.0,580,2.9,9939,10061
40000,72,20052.0,1087,5.44,19948,20052
60000,72,30029.0,1603,8.02,29971,30029
80000,72,39971.0,4014,20.07,40029,39971
100000,72,50012.0,4813,24.07,49988,50012
2,73,1.0,2,0.01,1,1
3,73,1.0,3,0.02,2,1
100,73,50.0,94,0.47,50,50
200,73,102.0,192,0.96,98,102
2000,73,952.0,1950,9.75,1048,952
10000,73,4965.0,2782,13.91,5035,4965
20000,73,9966.0,3032,15.16,10034,9966
40000,73,19868.0,3541,17.71,20132,19868
60000,73,29856.0,4054,20.27,30144,29856
80000,73,39776.0,4567,22.84,40224,39776
100000,73,49783.0,5085,25.43,50217,49783
2,74,2.0,2,0.01,0,2
3,74,2.0,3,0.02,1,2
100,74,43.0,94,0.47,57,43
200,74,95.0,192,0.96,105,95
2000,74,984.0,1890,9.45,1016,984
10000,74,4979.0,2607,13.04,5021,4979
20000,74,9952.0,2873,14.37,10048,9952
40000,74,19920.0,3358,16.79,20080,19920
60000,74,29945.0,3889,19.45,30055,29945
80000,74,39916.0,4381,21.91,40084,39916
100000,74,49987.0,5420,27.1,50013,49987
2,75,1.0,2,0.01,1,1
3,75,2.0,3,0.02,1,2
100,75,55.0,98,0.49,45,55
200,75,99.0,193,0.97,101,99
2000,75,971.0,1939,9.7,1029,971
10000,75,4983.0,4596,22.98,5017,4983
20000,75,10071.0,4847,24.24,9929,10071
40000,75,20003.0,5323,26.62,19997,20003
60000,75,29995.0,5809,29.05,30005,29995
80000,75,40018.0,6291,31.46,39982,40018
100000,75,49950.0,6777,33.89,50050,49950
2,76,1.0,2,0.01,1,1
3,76,2.0,3,0.02,1,2
100,76,55.0,96,0.48,45,55
200,76,111.0,194,0.97,89,111
2000,76,988.0,611,3.06,1012,988
10000,76,5011.0,841,4.21,4989,5011
20000,76,9989.0,1436,7.18,10011,9989
40000,76,20077.0,1896,9.48,19923,20077
60000,76,29997.0,2398,11.99,30003,29997
80000,76,39988.0,2900,14.5,40012,39988
100000,76,49935.0,3369,16.85,50065,49935
2,77,1.0,2,0.01,1,1
3,77,1.0,3,0.02,2,1
100,77,53.0,73,0.37,47,53
200,77,100.0,77,0.39,100,100
2000,77,1003.0,176,0.88,997,1003
10000,77,4947.0,1857,9.29,5053,4947
20000,77,9991.0,2100,10.5,10009,9991
40000,77,19972.0,4505,22.53,20028,19972
60000,77,29980.0,11349,56.75,30020,29980
80000,77,39961.0,30852,154.26,40039,39961
100000,77,49907.0,42063,210.32,50093,49907
2,78,0.0,2,0.01,2,0
3,78,0.0,2,0.01,3,0
100,78,46.0,97,0.49,54,46
200,78,93.0,195,0.98,107,93
2000,78,974.0,1157,5.79,1026,974
10000,78,4916.0,1354,6.77,5084,4916
20000,78,9815.0,1633,8.17,10185,9815
40000,78,19779.0,2141,10.71,20221,19779
60000,78,29790.0,2706,13.53,30210,29790
80000,78,39792.0,3212,16.06,40208,39792
100000,78,49766.0,3725,18.63,50234,49766
2,79,2.0,2,0.01,0,2
3,79,3.0,3,0.02,0,3
100,79,51.0,94,0.47,49,51
200,79,91.0,175,0.88,109,91
2000,79,993.0,1930,9.65,1007,993
10000,79,4874.0,9738,48.69,5126,4874
20000,79,9829.0,18987,94.94,10171,9829
40000,79,19732.0,38466,192.33,20268,19732
60000,79,29682.0,51574,257.87,30318,29682
80000,79,39573.0,52057,260.29,40427,39573
100000,79,49633.0,52569,262.85,50367,49633
2,80,1.0,2,0.01,1,1
3,80,1.0,3,0.02,2,1
100,80,48.0,83,0.42,52,48
200,80,100.0,178,0.89,100,100
2000,80,969.0,1934,9.67,1031,969
10000,80,4909.0,9010,45.05,5091,4909
20000,80,9888.0,18757,93.79,10112,9888
40000,80,19826.0,38235,191.18,20174,19826
60000,80,29675.0,57732,288.66,30325,29675
80000,80,39459.0,76865,384.33,40541,39459
100000,80,49416.0,96333,481.67,50584,49416
2,81,0.0,2,0.01,2,0
3,81,0.0,3,0.02,3,0
100,81,57.0,98,0.49,43,57
200,81,109.0,181,0.91,91,109
2000,81,984.0,1884,9.42,1016,984
10000,81,5058.0,9613,48.07,4942,5058
20000,81,10016.0,19253,96.27,9984,10016
40000,81,20036.0,33149,165.75,19964,20036
60000,81,29984.0,52644,263.22,30016,29984
80000,81,39872.0,72119,360.6,40128,39872
100000,81,49790.0,91624,458.12,50210,49790
2,82,1.0,2,0.01,1,1
3,82,1.0,3,0.02,2,1
100,82,46.0,98,0.49,54,46
200,82,103.0,124,0.62,97,103
2000,82,1030.0,177,0.89,970,1030
10000,82,5042.0,2296,11.48,4958,5042
20000,82,10114.0,2533,12.67,9886,10114
40000,82,20113.0,3155,15.78,19887,20113
60000,82,30110.0,11786,58.93,29890,30110
80000,82,39933.0,12967,64.84,40067,39933
100000,82,49824.0,13656,68.28,50176,49824
2,83,1.0,2,0.01,1,1
3,83,2.0,3,0.02,1,2
100,83,49.0,99,0.5,51,49
200,83,96.0,199,1.0,104,96
2000,83,994.0,811,4.06,1006,994
10000,83,4995.0,7984,39.92,5005,4995
20000,83,9990.0,17751,88.76,10010,9990
40000,83,19957.0,37231,186.16,20043,19957
60000,83,29903.0,56714,283.57,30097,29903
80000,83,39732.0,76105,380.53,40268,39732
100000,83,49681.0,84992,424.96,50319,49681
2,84,0.0,2,0.01,2,0
3,84,0.0,3,0.02,3,0
100,84,55.0,97,0.49,45,55
200,84,105.0,188,0.94,95,105
2000,84,1004.0,1942,9.71,996,1004
10000,84,5000.0,9718,48.59,5000,5000
20000,84,9998.0,19438,97.19,10002,9998
40000,84,19851.0,38954,194.77,20149,19851
60000,84,29762.0,58464,292.32,30238,29762
80000,84,39786.0,62632,313.16,40214,39786
100000,84,49737.0,63166,315.83,50263,49737
2,85,2.0,2,0.01,0,2
3,85,3.0,3,0.02,0,3
100,85,46.0,48,0.24,54,46
200,85,96.0,51,0.26,104,96
2000,85,1006.0,92,0.46,994,1006
10000,85,4890.0,401,2.01,5110,4890
20000,85,9957.0,666,3.33,10043,9957
40000,85,19897.0,1196,5.98,20103,19897
60000,85,29872.0,1749,8.75,30128,29872
80000,85,39963.0,2215,11.08,40037,39963
100000,85,50019.0,2719,13.6,49981,50019
2,86,0.0,2,0.01,2,0
3,86,0.0,3,0.02,3,0
100,86,50.0,95,0.48,50,50
200,86,103.0,194,0.97,97,103
2000,86,986.0,1838,9.19,1014,986
10000,86,4937.0,9349,46.75,5063,4937
20000,86,9954.0,19105,95.53,10046,9954
40000,86,19854.0,38589,192.95,20146,19854
60000,86,29817.0,58081,290.41,30183,29817
80000,86,39706.0,77596,387.98,40294,39706
100000,86,49573.0,97081,485.41,50427,49573
2,87,1.0,2,0.01,1,1
3,87,2.0,3,0.02,1,2
100,87,50.0,95,0.48,50,50
200,87,102.0,174,0.87,98,102
2000,87,969.0,1848,9.24,1031,969
10000,87,4933.0,9638,48.19,5067,4933
20000,87,9982.0,19364,96.82,10018,9982
40000,87,19845.0,38910,194.55,20155,19845
60000,87,29742.0,58364,291.82,30258,29742
80000,87,39676.0,77841,389.21,40324,39676
100000,87,49623.0,97348,486.74,50377,49623
2,88,0.0,2,0.01,2,0
3,88,0.0,3,0.02,3,0
100,88,40.0,82,0.41,60,40
200,88,91.0,86,0.43,109,91
2000,88,974.0,127,0.64,1026,974
10000,88,5011.0,315,1.58,4989,5011
20000,88,9919.0,580,2.9,10081,9919
40000,88,19887.0,1070,5.35,20113,19887
60000,88,29823.0,1540,7.7,30177,29823
80000,88,39862.0,2056,10.28,40138,39862
100000,88,49888.0,2582,12.91,50112,49888
2,89,0.0,2,0.01,2,0
3,89,1.0,3,0.02,2,1
100,89,47.0,56,0.28,53,47
200,89,101.0,153,0.77,99,101
2000,89,1024.0,1895,9.48,976,1024
10000,89,5022.0,9611,48.06,4978,5022
20000,89,9951.0,19332,96.66,10049,9951
40000,89,19627.0,38810,194.05,20373,19627
60000,89,29567.0,58274,291.37,30433,29567
80000,89,39397.0,77743,388.72,40603,39397
100000,89,49312.0,97253,486.27,50688,49312
2,90,1.0,2,0.01,1,1
3,90,2.0,3,0.02,1,2
100,90,52.0,40,0.2,48,52
200,90,97.0,42,0.21,103,97
2000,90,997.0,82,0.41,1003,997
10000,90,4978.0,307,1.54,5022,4978
20000,90,9980.0,560,2.8,10020,9980
40000,90,19901.0,1040,5.2,20099,19901
60000,90,29833.0,1535,7.68,30167,29833
80000,90,39812.0,2036,10.18,40188,39812
100000,90,49812.0,2494,12.47,50188,49812
2,91,0.0,2,0.01,2,0
3,91,0.0,3,0.02,3,0
100,91,37.0,95,0.48,63,37
200,91,87.0,194,0.97,113,87
2000,91,995.0,1931,9.66,1005,995
10000,91,4967.0,9726,48.63,5033,4967
20000,91,9923.0,19483,97.42,10077,9923
40000,91,19820.0,38967,194.84,20180,19820
60000,91,29714.0,58467,292.34,30286,29714
80000,91,39714.0,77951,389.76,40286,39714
100000,91,49526.0,97467,487.34,50474,49526
2,92,1.0,2,0.01,1,1
3,92,2.0,3,0.02,1,2
100,92,51.0,79,0.4,49,51
200,92,89.0,122,0.61,111,89
2000,92,996.0,168,0.84,1004,996
10000,92,5083.0,379,1.9,4917,5083
20000,92,10127.0,659,3.3,9873,10127
40000,92,20134.0,1131,5.66,19866,20134
60000,92,29955.0,1637,8.19,30045,29955
80000,92,39948.0,2139,10.7,40052,39948
100000,92,49984.0,2664,13.32,50016,49984
2,93,0.0,2,0.01,2,0
3,93,0.0,3,0.02,3,0
100,93,52.0,99,0.5,48,52
200,93,99.0,197,0.99,101,99
2000,93,921.0,1426,7.13,1079,921
10000,93,4896.0,1964,9.82,5104,4896
20000,93,9938.0,2210,11.05,10062,9938
40000,93,20022.0,2740,13.7,19978,20022
60000,93,30009.0,3234,16.17,29991,30009
80000,93,40157.0,3720,18.6,39843,40157
100000,93,50084.0,4260,21.3,49916,50084
2,94,1.0,2,0.01,1,1
3,94,1.0,3,0.02,2,1
100,94,49.0,83,0.42,51,49
200,94,104.0,138,0.69,96,104
2000,94,1037.0,184,0.92,963,1037
10000,94,5101.0,362,1.81,4899,5101
20000,94,10097.0,1138,5.69,9903,10097
40000,94,20161.0,1698,8.49,19839,20161
60000,94,30179.0,2184,10.92,29821,30179
80000,94,40211.0,2678,13.39,39789,40211
100000,94,50175.0,3188,15.94,49825,50175
2,95,1.0,2,0.01,1,1
3,95,1.0,3,0.02,2,1
100,95,56.0,100,0.5,44,56
200,95,100.0,193,0.97,100,100
2000,95,993.0,1902,9.51,1007,993
10000,95,4968.0,9578,47.89,5032,4968
20000,95,9936.0,19333,96.67,10064,9936
40000,95,19795.0,38844,194.22,20205,19795
60000,95,29747.0,54790,273.95,30253,29747
80000,95,39617.0,72947,364.74,40383,39617
100000,95,49558.0,79067,395.34,50442,49558
2,96,1.0,2,0.01,1,1
3,96,2.0,3,0.02,1,2
100,96,51.0,85,0.43,49,51
200,96,99.0,185,0.93,101,99
2000,96,992.0,1943,9.72,1008,992
10000,96,4916.0,9743,48.72,5084,4916
20000,96,9906.0,19523,97.62,10094,9906
40000,96,19837.0,39012,195.06,20163,19837
60000,96,29703.0,58489,292.45,30297,29703
80000,96,39583.0,77964,389.82,40417,39583
100000,96,49416.0,97455,487.28,50584,49416
2,97,1.0,2,0.01,1,1
3,97,1.0,3,0.02,2,1
100,97,47.0,95,0.48,53,47
200,97,102.0,192,0.96,98,102
2000,97,979.0,1958,9.79,1021,979
10000,97,4932.0,9770,48.85,5068,4932
20000,97,9896.0,19522,97.61,10104,9896
40000,97,19753.0,39006,195.03,20247,19753
60000,97,29607.0,58485,292.43,30393,29607
80000,97,39738.0,61532,307.66,40262,39738
100000,97,49687.0,62030,310.15,50313,49687
2,98,2.0,2,0.01,0,2
3,98,3.0,3,0.02,0,3
100,98,58.0,98,0.49,42,58
200,98,107.0,198,0.99,93,107
2000,98,957.0,1468,7.34,1043,957
10000,98,4951.0,9256,46.28,5049,4951
20000,98,9861.0,18988,94.94,10139,9861
40000,98,19667.0,38520,192.6,20333,19667
60000,98,29626.0,58035,290.18,30374,29626
80000,98,39625.0,77541,387.71,40375,39625
100000,98,49591.0,97020,485.1,50409,49591
2,99,1.0,2,0.01,1,1
3,99,2.0,3,0.02,1,2
100,99,40.0,99,0.5,60,40
200,99,97.0,198,0.99,103,97
2000,99,963.0,1945,9.73,1037,963
10000,99,4851.0,9738,48.69,5149,4851
20000,99,9778.0,18362,91.81,10222,9778
40000,99,19698.0,37846,189.23,20302,19698
60000,99,29530.0,57090,285.45,30470,29530
80000,99,39461.0,75754,378.77,40539,39461
100000,99,49366.0,95131,475.66,50634,49366
2,100,1.0,2,0.01,1,1
3,100,1.0,3,0.02,2,1
100,100,50.0,97,0.49,50,50
200,100,103.0,193,0.97,97,103
2000,100,976.0,1952,9.76,1024,976
10000,100,4914.0,9755,48.78,5086,4914
20000,100,9918.0,19511,97.56,10082,9918
40000,100,19749.0,38800,194.0,20251,19749
60000,100,29684.0,58327,291.64,30316,29684
80000,100,39621.0,77826,389.13,40379,39621
100000,100,49601.0,97308,486.54,50399,49601
