Timestep,Iteration,Total Reward,Suboptimal Arms,Total Regret,Zeros Count,Ones Count
2,1,2.0,0,0.0,0,2
3,1,3.0,0,0.0,0,3
100,1,90.0,14,0.86,10,90
200,1,182.0,30,1.75,18,182
2000,1,1767.0,294,15.26,233,1767
10000,1,8837.0,835,50.9,1163,8837
20000,1,17753.0,1453,91.52,2247,17753
40000,1,35434.0,2760,176.75,4566,35434
60000,1,53149.0,4112,265.63,6851,53149
80000,1,70787.0,5461,352.24,9213,70787
100000,1,88510.0,6741,434.69,11490,88510
200000,1,176930.0,13500,875.85,23070,176930
400000,1,354145.0,26746,1741.04,45855,354145
600000,1,531326.0,40107,2607.73,68674,531326
800000,1,708486.0,53473,3479.77,91514,708486
1000000,1,885550.0,66889,4354.21,114450,885550
2,2,2.0,0,0.0,0,2
3,2,3.0,0,0.0,0,3
100,2,85.0,9,0.56,15,85
200,2,174.0,20,1.25,26,174
2000,2,1777.0,137,8.63,223,1777
10000,2,8879.0,642,41.68,1121,8879
20000,2,17754.0,1319,87.16,2246,17754
40000,2,35438.0,2705,176.85,4562,35438
60000,2,53208.0,4047,264.68,6792,53208
80000,2,70899.0,5311,346.54,9101,70899
100000,2,88616.0,6705,436.3,11384,88616
200000,2,177282.0,13193,858.37,22718,177282
400000,2,354615.0,26541,1726.69,45385,354615
600000,2,531630.0,39974,2599.96,68370,531630
800000,2,708972.0,53450,3476.5,91028,708972
1000000,2,885922.0,66732,4340.68,114078,885922
2,3,1.0,0,0.0,1,1
3,3,2.0,1,0.04,1,2
100,3,85.0,96,4.04,15,85
200,3,169.0,194,8.06,31,169
2000,3,1780.0,423,20.72,220,1780
10000,3,8863.0,1006,60.09,1137,8863
20000,3,17756.0,1675,104.15,2244,17756
40000,3,35417.0,2992,189.23,4583,35417
60000,3,53078.0,4333,276.97,6922,53078
80000,3,70821.0,5691,364.39,9179,70821
100000,3,88596.0,6981,449.34,11404,88596
200000,3,177246.0,13610,881.45,22754,177246
400000,3,354455.0,27016,1753.14,45545,354455
600000,3,531407.0,40431,2629.44,68593,531407
800000,3,708560.0,53958,3511.22,91440,708560
1000000,3,885809.0,67333,4382.57,114191,885809
2,4,2.0,0,0.0,0,2
3,4,3.0,0,0.0,0,3
100,4,90.0,13,0.92,10,90
200,4,175.0,17,1.23,25,175
2000,4,1747.0,295,19.25,253,1747
10000,4,8822.0,1018,61.87,1178,8822
20000,4,17660.0,1692,105.63,2340,17660
40000,4,35337.0,3045,193.6,4663,35337
60000,4,53108.0,4383,279.72,6892,53108
80000,4,70813.0,5733,369.62,9187,70813
100000,4,88534.0,7109,458.11,11466,88534
200000,4,177131.0,13815,892.9,22869,177131
400000,4,354354.0,27238,1761.92,45646,354354
600000,4,531726.0,40605,2630.65,68274,531726
800000,4,708885.0,54104,3509.81,91115,708885
1000000,4,885906.0,67261,4363.29,114094,885906
2,5,2.0,0,0.0,0,2
3,5,3.0,0,0.0,0,3
100,5,86.0,8,0.52,14,86
200,5,176.0,14,0.86,24,176
2000,5,1780.0,122,7.83,220,1780
10000,5,8902.0,631,41.19,1098,8902
20000,5,17768.0,1322,85.73,2232,17768
40000,5,35483.0,2676,173.24,4517,35483
60000,5,53195.0,4013,260.07,6805,53195
80000,5,70915.0,5315,344.2,9085,70915
100000,5,88586.0,6670,431.95,11414,88586
200000,5,177230.0,13226,857.64,22770,177230
400000,5,354467.0,26537,1724.63,45533,354467
600000,5,531642.0,39843,2590.77,68358,531642
800000,5,708781.0,53255,3466.25,91219,708781
1000000,5,885795.0,66400,4320.35,114205,885795
2,6,1.0,0,0.0,1,1
3,6,2.0,0,0.0,1,2
100,6,84.0,19,0.96,16,84
200,6,169.0,24,1.21,31,169
2000,6,1747.0,162,10.13,253,1747
10000,6,8809.0,656,42.69,1191,8809
20000,6,17671.0,1299,84.26,2329,17671
40000,6,35406.0,2665,174.2,4594,35406
60000,6,53143.0,4032,261.93,6857,53143
80000,6,70870.0,5378,350.92,9130,70870
100000,6,88549.0,6657,434.38,11451,88549
200000,6,176979.0,13336,866.09,23021,176979
400000,6,354021.0,26651,1733.04,45979,354021
600000,6,531253.0,39933,2600.47,68747,531253
800000,6,708424.0,53203,3469.42,91576,708424
1000000,6,885673.0,66489,4333.46,114327,885673
2,7,2.0,0,0.0,0,2
3,7,3.0,0,0.0,0,3
100,7,90.0,18,0.92,10,90
200,7,175.0,25,1.5,25,175
2000,7,1753.0,212,12.23,247,1753
10000,7,8785.0,737,46.83,1215,8785
20000,7,17602.0,1362,88.03,2398,17602
40000,7,35276.0,2645,171.75,4724,35276
60000,7,52953.0,4013,260.27,7047,52953
80000,7,70743.0,5340,347.1,9257,70743
100000,7,88462.0,6712,437.13,11538,88462
200000,7,177072.0,13484,874.31,22928,177072
400000,7,354177.0,26865,1741.55,45823,354177
600000,7,531285.0,40171,2606.54,68715,531285
800000,7,708379.0,53443,3467.27,91621,708379
1000000,7,885212.0,66744,4334.91,114788,885212
2,8,2.0,0,0.0,0,2
3,8,3.0,0,0.0,0,3
100,8,88.0,87,3.83,12,88
200,8,177.0,184,8.11,23,177
2000,8,1725.0,1039,46.51,275,1725
10000,8,8805.0,1546,79.84,1195,8805
20000,8,17629.0,2192,122.03,2371,17629
40000,8,35332.0,3537,210.23,4668,35332
60000,8,53043.0,4847,294.73,6957,53043
80000,8,70768.0,6148,379.52,9232,70768
100000,8,88487.0,7513,468.57,11513,88487
200000,8,177007.0,14199,902.51,22993,177007
400000,8,354252.0,27521,1776.94,45748,354252
600000,8,531394.0,40785,2639.25,68606,531394
800000,8,708442.0,53995,3497.5,91558,708442
1000000,8,885543.0,67369,4363.91,114457,885543
2,9,1.0,1,0.09,1,1
3,9,2.0,1,0.09,1,2
100,9,88.0,9,0.66,12,88
200,9,179.0,14,0.96,21,179
2000,9,1761.0,129,8.41,239,1761
10000,9,8809.0,703,46.32,1191,8809
20000,9,17617.0,1352,89.38,2383,17617
40000,9,35268.0,2658,175.72,4732,35268
60000,9,52946.0,3982,262.88,7054,52946
80000,9,70595.0,5295,349.1,9405,70595
100000,9,88334.0,6607,436.28,11666,88334
200000,9,176891.0,13311,870.94,23109,176891
400000,9,354332.0,26642,1735.13,45668,354332
600000,9,531185.0,40035,2607.7,68815,531185
800000,9,708173.0,53430,3477.95,91827,708173
1000000,9,885266.0,66913,4355.47,114734,885266
2,10,2.0,0,0.0,0,2
3,10,3.0,0,0.0,0,3
100,10,92.0,7,0.43,8,92
200,10,180.0,16,0.99,20,180
2000,10,1765.0,183,10.57,235,1765
10000,10,8866.0,694,44.01,1134,8866
20000,10,17713.0,1297,83.93,2287,17713
40000,10,35439.0,2574,168.46,4561,35439
60000,10,53125.0,3921,255.89,6875,53125
80000,10,70836.0,5204,339.36,9164,70836
100000,10,88613.0,6483,423.72,11387,88613
200000,10,177172.0,13180,862.2,22828,177172
400000,10,354321.0,26489,1727.81,45679,354321
600000,10,531492.0,39769,2587.36,68508,531492
800000,10,708504.0,53103,3451.07,91496,708504
1000000,10,885554.0,66361,4310.44,114446,885554
2,11,1.0,1,0.09,1,1
3,11,2.0,1,0.09,1,2
100,11,86.0,12,0.73,14,86
200,11,175.0,22,1.28,25,175
2000,11,1796.0,152,10.03,204,1796
10000,11,8847.0,750,45.8,1153,8847
20000,11,17717.0,1408,88.82,2283,17717
40000,11,35470.0,2726,174.19,4530,35470
60000,11,53114.0,4110,265.1,6886,53114
80000,11,70750.0,5442,352.73,9250,70750
100000,11,88442.0,6749,438.21,11558,88442
200000,11,176785.0,13365,866.7,23215,176785
400000,11,353984.0,26710,1738.95,46016,353984
600000,11,531091.0,39870,2597.05,68909,531091
800000,11,708221.0,52979,3445.91,91779,708221
1000000,11,885188.0,66158,4306.42,114812,885188
2,12,1.0,2,0.18,1,1
3,12,2.0,3,0.27,1,2
100,12,79.0,89,7.86,21,79
200,12,163.0,186,16.44,37,163
2000,12,1710.0,444,34.76,290,1710
10000,12,8767.0,1002,70.93,1233,8767
20000,12,17588.0,1647,112.53,2412,17588
40000,12,35310.0,2961,197.34,4690,35310
60000,12,52979.0,4294,285.61,7021,52979
80000,12,70778.0,5614,373.46,9222,70778
100000,12,88610.0,6941,458.34,11390,88610
200000,12,177233.0,13697,900.38,22767,177233
400000,12,354392.0,27013,1766.77,45608,354392
600000,12,531684.0,40446,2639.64,68316,531684
800000,12,708677.0,53743,3504.07,91323,708677
1000000,12,885604.0,67132,4375.83,114396,885604
2,13,2.0,0,0.0,0,2
3,13,3.0,0,0.0,0,3
100,13,87.0,60,4.6,13,87
200,13,174.0,94,7.46,26,174
2000,13,1774.0,210,15.25,226,1774
10000,13,8864.0,754,50.16,1136,8864
20000,13,17735.0,1434,94.76,2265,17735
40000,13,35422.0,2760,181.8,4578,35422
60000,13,53169.0,4047,265.53,6831,53169
80000,13,70811.0,5408,354.82,9189,70811
100000,13,88578.0,6737,440.63,11422,88578
200000,13,177190.0,13284,864.26,22810,177190
400000,13,354316.0,26640,1732.45,45684,354316
600000,13,531300.0,39707,2580.03,68700,531300
800000,13,708352.0,53239,3462.51,91648,708352
1000000,13,885747.0,66634,4329.11,114253,885747
2,14,2.0,0,0.0,0,2
3,14,2.0,0,0.0,1,2
100,14,83.0,91,7.34,17,83
200,14,166.0,187,15.83,34,166
2000,14,1718.0,842,71.88,282,1718
10000,14,8747.0,1395,107.95,1253,8747
20000,14,17558.0,2065,152.3,2442,17558
40000,14,35256.0,3414,239.86,4744,35256
60000,14,52930.0,4724,326.36,7070,52930
80000,14,70608.0,6065,412.85,9392,70608
100000,14,88405.0,7390,499.35,11595,88405
200000,14,177057.0,14102,935.23,22943,177057
400000,14,354226.0,27439,1800.56,45774,354226
600000,14,531437.0,40812,2669.73,68563,531437
800000,14,708633.0,54072,3530.48,91367,708633
1000000,14,885853.0,67544,4410.76,114147,885853
2,15,2.0,0,0.0,0,2
3,15,3.0,0,0.0,0,3
100,15,89.0,11,0.69,11,89
200,15,176.0,40,2.1,24,176
2000,15,1779.0,161,10.44,221,1779
10000,15,8841.0,677,43.03,1159,8841
20000,15,17687.0,1334,85.71,2313,17687
40000,15,35378.0,2741,175.39,4622,35378
60000,15,53072.0,4087,262.23,6928,53072
80000,15,70799.0,5401,348.49,9201,70799
100000,15,88524.0,6764,437.51,11476,88524
200000,15,177127.0,13385,869.35,22873,177127
400000,15,354397.0,26685,1732.75,45603,354397
600000,15,531369.0,40074,2605.11,68631,531369
800000,15,708354.0,53348,3469.52,91646,708354
1000000,15,885646.0,66631,4329.54,114354,885646
2,16,2.0,2,0.08,0,2
3,16,3.0,3,0.12,0,3
100,16,91.0,95,4.15,9,91
200,16,179.0,192,8.13,21,179
2000,16,1703.0,1315,57.0,297,1703
10000,16,8805.0,1850,92.0,1195,8805
20000,16,17721.0,2513,134.92,2279,17721
40000,16,35418.0,3812,217.93,4582,35418
60000,16,53059.0,5168,305.42,6941,53059
80000,16,70767.0,6525,393.35,9233,70767
100000,16,88485.0,7852,478.98,11515,88485
200000,16,176980.0,14533,911.02,23020,176980
400000,16,354124.0,27788,1773.17,45876,354124
600000,16,531111.0,40912,2631.08,68889,531111
800000,16,708153.0,54183,3487.27,91847,708153
1000000,16,884961.0,67526,4357.39,115039,884961
2,17,2.0,0,0.0,0,2
3,17,3.0,0,0.0,0,3
100,17,89.0,12,0.88,11,89
200,17,180.0,20,1.35,20,180
2000,17,1780.0,486,22.39,220,1780
10000,17,8935.0,1001,57.19,1065,8935
20000,17,17855.0,1694,102.76,2145,17855
40000,17,35591.0,3052,190.93,4409,35591
60000,17,53368.0,4328,274.87,6632,53368
80000,17,71057.0,5689,362.91,8943,71057
100000,17,88716.0,7043,449.37,11284,88716
200000,17,177406.0,13565,873.4,22594,177406
400000,17,354585.0,26774,1732.51,45415,354585
600000,17,531727.0,39981,2589.84,68273,531727
800000,17,708745.0,53404,3464.21,91255,708745
1000000,17,885880.0,66711,4327.44,114120,885880
2,18,2.0,0,0.0,0,2
3,18,3.0,0,0.0,0,3
100,18,92.0,20,1.35,8,92
200,18,178.0,28,1.77,22,178
2000,18,1774.0,155,10.0,226,1774
10000,18,8844.0,712,46.23,1156,8844
20000,18,17716.0,1383,91.92,2284,17716
40000,18,35455.0,2628,172.02,4545,35455
60000,18,53198.0,3968,258.72,6802,53198
80000,18,70943.0,5312,348.28,9057,70943
100000,18,88586.0,6691,439.74,11414,88586
200000,18,177088.0,13486,878.99,22912,177088
400000,18,354395.0,26652,1736.63,45605,354395
600000,18,531568.0,40101,2617.94,68432,531568
800000,18,708373.0,53463,3485.17,91627,708373
1000000,18,885547.0,66782,4347.78,114453,885547
2,19,1.0,0,0.0,1,1
3,19,2.0,1,0.09,1,2
100,19,85.0,96,8.29,15,85
200,19,167.0,189,16.16,33,167
2000,19,1693.0,1739,97.41,307,1693
10000,19,8756.0,2282,133.08,1244,8756
20000,19,17591.0,2985,179.55,2409,17591
40000,19,35255.0,4328,266.67,4745,35255
60000,19,52941.0,5708,356.82,7059,52941
80000,19,70719.0,7083,446.37,9281,70719
100000,19,88472.0,8412,532.03,11528,88472
200000,19,177136.0,14978,960.57,22864,177136
400000,19,354221.0,28159,1821.81,45779,354221
600000,19,531515.0,41350,2675.35,68485,531515
800000,19,708763.0,54963,3564.12,91237,708763
1000000,19,885483.0,68342,4437.68,114517,885483
2,20,2.0,0,0.0,0,2
3,20,2.0,1,0.09,1,2
100,20,89.0,8,0.42,11,89
200,20,177.0,14,0.86,23,177
2000,20,1761.0,148,9.42,239,1761
10000,20,8840.0,699,45.56,1160,8840
20000,20,17716.0,1328,86.82,2284,17716
40000,20,35490.0,2606,170.74,4510,35490
60000,20,53221.0,3954,257.41,6779,53221
80000,20,70922.0,5357,348.48,9078,70922
100000,20,88615.0,6689,435.46,11385,88615
200000,20,177244.0,13230,860.95,22756,177244
400000,20,354296.0,26555,1723.6,45704,354296
600000,20,531406.0,39893,2588.37,68594,531406
800000,20,708576.0,52963,3440.47,91424,708576
1000000,20,885842.0,66405,4311.95,114158,885842
2,21,2.0,0,0.0,0,2
3,21,3.0,0,0.0,0,3
100,21,84.0,20,0.85,16,84
200,21,178.0,27,1.18,22,178
2000,21,1800.0,153,9.47,200,1800
10000,21,8870.0,712,46.33,1130,8870
20000,21,17748.0,1363,89.02,2252,17748
40000,21,35471.0,2675,172.2,4529,35471
60000,21,53173.0,4022,258.88,6827,53173
80000,21,70884.0,5323,344.02,9116,70884
100000,21,88625.0,6661,431.54,11375,88625
200000,21,177177.0,13388,870.47,22823,177177
400000,21,354341.0,26974,1755.61,45659,354341
600000,21,531611.0,40225,2614.15,68389,531611
800000,21,709069.0,53634,3487.76,90931,709069
1000000,21,886195.0,66973,4353.32,113805,886195
2,22,2.0,0,0.0,0,2
3,22,3.0,0,0.0,0,3
100,22,83.0,59,5.06,17,83
200,22,169.0,63,5.32,31,169
2000,22,1770.0,213,14.57,230,1770
10000,22,8789.0,748,48.27,1211,8789
20000,22,17586.0,1412,90.63,2414,17586
40000,22,35329.0,2767,178.03,4671,35329
60000,22,53034.0,4144,267.46,6966,53034
80000,22,70715.0,5479,354.46,9285,70715
100000,22,88360.0,6770,436.3,11640,88360
200000,22,176684.0,13518,872.77,23316,176684
400000,22,353870.0,26865,1741.5,46130,353870
600000,22,530952.0,40188,2607.67,69048,530952
800000,22,708086.0,53575,3473.35,91914,708086
1000000,22,885138.0,66850,4332.9,114862,885138
2,23,2.0,0,0.0,0,2
3,23,3.0,0,0.0,0,3
100,23,87.0,70,3.3,13,87
200,23,174.0,161,10.24,26,174
2000,23,1696.0,1399,66.81,304,1696
10000,23,8775.0,1934,101.11,1225,8775
20000,23,17628.0,2602,143.43,2372,17628
40000,23,35325.0,3923,229.37,4675,35325
60000,23,53022.0,5262,317.38,6978,53022
80000,23,70683.0,6566,400.89,9317,70683
100000,23,88512.0,7906,488.19,11488,88512
200000,23,177084.0,14530,919.25,22916,177084
400000,23,354230.0,27828,1781.17,45770,354230
600000,23,531392.0,41335,2661.3,68608,531392
800000,23,708485.0,54641,3526.19,91515,708485
1000000,23,885566.0,67961,4390.19,114434,885566
2,24,2.0,0,0.0,0,2
3,24,3.0,0,0.0,0,3
100,24,88.0,9,0.61,12,88
200,24,179.0,14,0.96,21,179
2000,24,1770.0,120,7.75,230,1770
10000,24,8841.0,682,43.88,1159,8841
20000,24,17637.0,1355,86.8,2363,17637
40000,24,35359.0,2665,171.0,4641,35359
60000,24,53082.0,4026,261.84,6918,53082
80000,24,70761.0,5385,350.25,9239,70761
100000,24,88504.0,6701,436.74,11496,88504
200000,24,176934.0,13484,878.51,23066,176934
400000,24,354232.0,26901,1747.79,45768,354232
600000,24,531316.0,40088,2599.72,68684,531316
800000,24,708630.0,53363,3459.77,91370,708630
1000000,24,885688.0,66656,4325.19,114312,885688
2,25,1.0,1,0.04,1,1
3,25,1.0,1,0.04,2,1
100,25,89.0,12,0.93,11,89
200,25,175.0,16,1.24,25,175
2000,25,1761.0,440,21.05,239,1761
10000,25,8811.0,976,56.14,1189,8811
20000,25,17661.0,1653,100.12,2339,17661
40000,25,35501.0,2974,186.56,4499,35501
60000,25,53248.0,4253,269.82,6752,53248
80000,25,70955.0,5644,359.01,9045,70955
100000,25,88649.0,6946,444.69,11351,88649
200000,25,177301.0,13817,889.38,22699,177301
400000,25,354635.0,27246,1767.69,45365,354635
600000,25,531828.0,40536,2631.14,68172,531828
800000,25,708829.0,53858,3497.92,91171,708829
1000000,25,885967.0,67108,4358.12,114033,885967
2,26,2.0,0,0.0,0,2
3,26,3.0,0,0.0,0,3
100,26,82.0,89,3.81,18,82
200,26,158.0,187,7.98,42,158
2000,26,1703.0,1905,80.45,297,1703
10000,26,8637.0,6712,286.38,1363,8637
20000,26,17492.0,7336,327.49,2508,17492
40000,26,35156.0,8649,413.66,4844,35156
60000,26,52876.0,9964,497.31,7124,52876
80000,26,70557.0,11305,586.2,9443,70557
100000,26,88223.0,12670,675.2,11777,88223
200000,26,176875.0,19427,1113.68,23125,176875
400000,26,354110.0,32664,1975.61,45890,354110
600000,26,531307.0,46220,2859.3,68693,531307
800000,26,708586.0,59468,3718.97,91414,708586
1000000,26,885798.0,72591,4574.09,114202,885798
2,27,2.0,0,0.0,0,2
3,27,3.0,0,0.0,0,3
100,27,88.0,87,4.58,12,88
200,27,171.0,184,8.66,29,171
2000,27,1789.0,487,23.68,211,1789
10000,27,8882.0,1057,60.53,1118,8882
20000,27,17763.0,1730,105.15,2237,17763
40000,27,35536.0,3032,191.18,4464,35536
60000,27,53253.0,4315,273.75,6747,53253
80000,27,70911.0,5620,358.45,9089,70911
100000,27,88592.0,6971,447.39,11408,88592
200000,27,177287.0,13656,880.64,22713,177287
400000,27,354535.0,27197,1767.43,45465,354535
600000,27,531715.0,40572,2636.68,68285,531715
800000,27,708688.0,53908,3507.32,91312,708688
1000000,27,885787.0,67167,4367.63,114213,885787
2,28,1.0,0,0.0,1,1
3,28,2.0,0,0.0,1,2
100,28,93.0,2,0.18,7,93
200,28,176.0,18,1.02,24,176
2000,28,1783.0,170,10.7,217,1783
10000,28,8875.0,723,47.22,1125,8875
20000,28,17717.0,1408,91.57,2283,17717
40000,28,35414.0,2756,178.29,4586,35414
60000,28,53208.0,4075,263.7,6792,53208
80000,28,70942.0,5400,350.1,9058,70942
100000,28,88702.0,6754,438.26,11298,88702
200000,28,177273.0,13548,879.77,22727,177273
400000,28,354430.0,26737,1734.73,45570,354430
600000,28,531692.0,40000,2594.9,68308,531692
800000,28,709068.0,53477,3473.83,90932,709068
1000000,28,886193.0,67048,4353.47,113807,886193
2,29,1.0,0,0.0,1,1
3,29,2.0,0,0.0,1,2
100,29,87.0,86,3.79,13,87
200,29,164.0,183,8.57,36,164
2000,29,1716.0,1867,79.38,284,1716
10000,29,8760.0,2961,137.79,1240,8760
20000,29,17626.0,3611,180.59,2374,17626
40000,29,35372.0,4939,263.91,4628,35372
60000,29,53032.0,6263,349.17,6968,53032
80000,29,70678.0,7530,432.15,9322,70678
100000,29,88430.0,8861,518.54,11570,88430
200000,29,176872.0,15574,953.71,23128,176872
400000,29,353939.0,28775,1812.2,46061,353939
600000,29,531174.0,42157,2685.03,68826,531174
800000,29,708301.0,55610,3558.85,91699,708301
1000000,29,885552.0,68750,4412.4,114448,885552
2,30,2.0,0,0.0,0,2
3,30,3.0,0,0.0,0,3
100,30,87.0,6,0.34,13,87
200,30,172.0,13,0.77,28,172
2000,30,1782.0,165,9.95,218,1782
10000,30,8898.0,788,48.22,1102,8898
20000,30,17729.0,1467,90.73,2271,17729
40000,30,35433.0,2775,175.65,4567,35433
60000,30,53155.0,4092,262.23,6845,53155
80000,30,70922.0,5414,349.01,9078,70922
100000,30,88702.0,6751,436.29,11298,88702
200000,30,177267.0,13505,875.2,22733,177267
400000,30,354157.0,26742,1742.23,45843,354157
600000,30,531410.0,40183,2617.32,68590,531410
800000,30,708426.0,53527,3486.73,91574,708426
1000000,30,885605.0,66924,4361.51,114395,885605
2,31,2.0,1,0.04,0,2
3,31,3.0,1,0.04,0,3
100,31,76.0,68,4.67,24,76
200,31,154.0,150,11.85,46,154
2000,31,1744.0,271,19.89,256,1744
10000,31,8833.0,794,52.21,1167,8833
20000,31,17698.0,1435,93.7,2302,17698
40000,31,35373.0,2734,179.31,4627,35373
60000,31,53064.0,4031,263.84,6936,53064
80000,31,70872.0,5373,350.02,9128,70872
100000,31,88554.0,6727,439.08,11446,88554
200000,31,177205.0,13399,871.81,22795,177205
400000,31,354308.0,26782,1743.23,45692,354308
600000,31,531517.0,39988,2603.57,68483,531517
800000,31,708920.0,53346,3465.39,91080,708920
1000000,31,885980.0,66670,4329.65,114020,885980
2,32,2.0,0,0.0,0,2
3,32,3.0,0,0.0,0,3
100,32,92.0,13,0.87,8,92
200,32,178.0,52,2.48,22,178
2000,32,1752.0,194,11.11,248,1752
10000,32,8882.0,687,42.98,1118,8882
20000,32,17797.0,1361,87.34,2203,17797
40000,32,35480.0,2765,178.0,4520,35480
60000,32,53177.0,4087,264.13,6823,53177
80000,32,70893.0,5428,352.07,9107,70893
100000,32,88653.0,6701,434.24,11347,88653
200000,32,177261.0,13229,861.26,22739,177261
400000,32,354054.0,26423,1719.67,45946,354054
600000,32,531259.0,39853,2594.42,68741,531259
800000,32,708534.0,53112,3458.23,91466,708534
1000000,32,885682.0,66429,4325.91,114318,885682
2,33,2.0,0,0.0,0,2
3,33,3.0,0,0.0,0,3
100,33,88.0,59,2.61,12,88
200,33,179.0,70,3.35,21,179
2000,33,1789.0,198,11.97,211,1789
10000,33,8868.0,774,49.86,1132,8868
20000,33,17731.0,1481,95.29,2269,17731
40000,33,35382.0,2814,181.31,4618,35382
60000,33,53152.0,4132,267.33,6848,53152
80000,33,70929.0,5463,353.97,9071,70929
100000,33,88703.0,6816,441.89,11297,88703
200000,33,177196.0,13506,879.74,22804,177196
400000,33,354279.0,26882,1750.38,45721,354279
600000,33,531242.0,40156,2614.74,68758,531242
800000,33,708448.0,53344,3475.01,91552,708448
1000000,33,885488.0,66640,4340.35,114512,885488
2,34,2.0,0,0.0,0,2
3,34,3.0,0,0.0,0,3
100,34,88.0,49,2.21,12,88
200,34,179.0,53,2.47,21,179
2000,34,1776.0,155,9.25,224,1776
10000,34,8868.0,665,42.15,1132,8868
20000,34,17775.0,1350,86.4,2225,17775
40000,34,35485.0,2678,172.12,4515,35485
60000,34,53149.0,4024,259.71,6851,53149
80000,34,70812.0,5361,347.29,9188,70812
100000,34,88454.0,6682,433.38,11546,88454
200000,34,177321.0,13146,854.64,22679,177321
400000,34,354679.0,26400,1714.45,45321,354679
600000,34,531478.0,39717,2584.28,68522,531478
800000,34,708672.0,53048,3458.37,91328,708672
1000000,34,886024.0,66392,4331.43,113976,886024
2,35,2.0,0,0.0,0,2
3,35,3.0,0,0.0,0,3
100,35,86.0,7,0.38,14,86
200,35,171.0,24,1.41,29,171
2000,35,1754.0,139,8.96,246,1754
10000,35,8810.0,676,44.84,1190,8810
20000,35,17728.0,1323,87.17,2272,17728
40000,35,35402.0,2653,172.67,4598,35402
60000,35,53168.0,3945,257.5,6832,53168
80000,35,70868.0,5286,346.84,9132,70868
100000,35,88602.0,6619,433.96,11398,88602
200000,35,177119.0,13266,868.04,22881,177119
400000,35,354068.0,26585,1733.75,45932,354068
600000,35,531146.0,39893,2599.47,68854,531146
800000,35,708315.0,53284,3470.86,91685,708315
1000000,35,885634.0,66584,4331.66,114366,885634
2,36,2.0,0,0.0,0,2
3,36,3.0,0,0.0,0,3
100,36,87.0,9,0.61,13,87
200,36,175.0,15,0.95,25,175
2000,36,1785.0,126,7.84,215,1785
10000,36,8871.0,666,42.69,1129,8871
20000,36,17706.0,1322,85.38,2294,17706
40000,36,35356.0,2619,170.16,4644,35356
60000,36,53062.0,3920,256.2,6938,53062
80000,36,70752.0,5243,341.62,9248,70752
100000,36,88468.0,6566,427.34,11532,88468
200000,36,177163.0,13189,854.26,22837,177163
400000,36,354287.0,26386,1710.59,45713,354287
600000,36,531240.0,39897,2596.13,68760,531240
800000,36,708415.0,53185,3461.4,91585,708415
1000000,36,885597.0,66390,4321.8,114403,885597
2,37,2.0,0,0.0,0,2
3,37,3.0,0,0.0,0,3
100,37,87.0,61,2.69,13,87
200,37,179.0,160,6.75,21,179
2000,37,1773.0,861,37.44,227,1773
10000,37,8813.0,1385,71.55,1187,8813
20000,37,17695.0,2078,117.12,2305,17695
40000,37,35399.0,3353,200.12,4601,35399
60000,37,53160.0,4687,286.43,6840,53160
80000,37,70893.0,5957,368.63,9107,70893
100000,37,88568.0,7262,453.03,11432,88568
200000,37,177192.0,13871,883.29,22808,177192
400000,37,354727.0,27350,1760.15,45273,354727
600000,37,531846.0,40535,2617.3,68154,531846
800000,37,709035.0,53747,3477.88,90965,709035
1000000,37,886217.0,66774,4312.86,113783,886217
2,38,2.0,0,0.0,0,2
3,38,3.0,1,0.09,0,3
100,38,90.0,13,0.72,10,90
200,38,183.0,24,1.21,17,183
2000,38,1790.0,157,10.03,210,1790
10000,38,8856.0,693,44.57,1144,8856
20000,38,17675.0,1311,85.04,2325,17675
40000,38,35425.0,2653,172.52,4575,35425
60000,38,53101.0,4048,264.47,6899,53101
80000,38,70822.0,5346,348.54,9178,70822
100000,38,88503.0,6718,437.47,11497,88503
200000,38,177054.0,13351,866.34,22946,177054
400000,38,354285.0,26505,1722.9,45715,354285
600000,38,531530.0,39896,2595.14,68470,531530
800000,38,708684.0,53230,3464.65,91316,708684
1000000,38,885609.0,66398,4320.47,114391,885609
2,39,2.0,0,0.0,0,2
3,39,3.0,0,0.0,0,3
100,39,86.0,11,0.74,14,86
200,39,172.0,23,1.37,28,172
2000,39,1765.0,149,9.71,235,1765
10000,39,8823.0,683,43.27,1177,8823
20000,39,17720.0,1299,84.01,2280,17720
40000,39,35411.0,2635,169.65,4589,35411
60000,39,53102.0,3965,256.25,6898,53102
80000,39,70775.0,5319,345.11,9225,70775
100000,39,88513.0,6708,435.52,11487,88513
200000,39,177023.0,13406,867.64,22977,177023
400000,39,353888.0,26773,1740.52,46112,353888
600000,39,531120.0,40090,2606.25,68880,531120
800000,39,708390.0,53411,3473.59,91610,708390
1000000,39,885565.0,66625,4332.35,114435,885565
2,40,2.0,0,0.0,0,2
3,40,3.0,0,0.0,0,3
100,40,85.0,17,0.78,15,85
200,40,178.0,24,1.26,22,178
2000,40,1773.0,160,10.2,227,1773
10000,40,8829.0,697,45.38,1171,8829
20000,40,17687.0,1424,93.11,2313,17687
40000,40,35355.0,2778,182.72,4645,35355
60000,40,53018.0,4057,265.38,6982,53018
80000,40,70819.0,5362,350.43,9181,70819
100000,40,88569.0,6690,436.15,11431,88569
200000,40,177199.0,13303,864.12,22801,177199
400000,40,354526.0,26590,1727.2,45474,354526
600000,40,531677.0,40102,2605.33,68323,531677
800000,40,708855.0,53401,3472.49,91145,708855
1000000,40,885929.0,66735,4339.85,114071,885929
2,41,1.0,0,0.0,1,1
3,41,2.0,0,0.0,1,2
100,41,85.0,19,1.46,15,85
200,41,173.0,27,1.98,27,173
2000,41,1757.0,139,9.21,243,1757
10000,41,8780.0,698,44.97,1220,8780
20000,41,17635.0,1342,86.93,2365,17635
40000,41,35323.0,2681,174.69,4677,35323
60000,41,53159.0,4036,263.44,6841,53159
80000,41,70822.0,5371,351.49,9178,70822
100000,41,88479.0,6807,445.08,11521,88479
200000,41,176970.0,13418,870.52,23030,176970
400000,41,353977.0,26866,1742.79,46023,353977
600000,41,531089.0,40396,2619.04,68911,531089
800000,41,708055.0,53674,3478.91,91945,708055
1000000,41,885135.0,67013,4344.17,114865,885135
2,42,2.0,0,0.0,0,2
3,42,3.0,0,0.0,0,3
100,42,89.0,84,3.56,11,89
200,42,169.0,176,7.34,31,169
2000,42,1726.0,1488,62.52,274,1726
10000,42,8790.0,1991,95.54,1210,8790
20000,42,17644.0,2650,139.2,2356,17644
40000,42,35365.0,3948,222.32,4635,35365
60000,42,53065.0,5242,305.38,6935,53065
80000,42,70712.0,6560,390.85,9288,70712
100000,42,88412.0,7908,478.97,11588,88412
200000,42,176897.0,14679,917.51,23103,176897
400000,42,353959.0,28017,1786.23,46041,353959
600000,42,530866.0,41215,2646.5,69134,530866
800000,42,708138.0,54699,3518.96,91862,708138
1000000,42,885379.0,67911,4382.89,114621,885379
2,43,2.0,1,0.09,0,2
3,43,3.0,1,0.09,0,3
100,43,79.0,40,3.05,21,79
200,43,165.0,44,3.36,35,165
2000,43,1783.0,139,9.81,217,1783
10000,43,8907.0,641,42.59,1093,8907
20000,43,17789.0,1327,86.88,2211,17789
40000,43,35525.0,2664,175.01,4475,35525
60000,43,53296.0,4041,265.69,6704,53296
80000,43,70947.0,5344,351.36,9053,70947
100000,43,88638.0,6679,437.06,11362,88638
200000,43,177081.0,13285,866.75,22919,177081
400000,43,354272.0,26473,1723.67,45728,354272
600000,43,531324.0,39915,2594.4,68676,531324
800000,43,708433.0,53235,3459.2,91567,708433
1000000,43,885489.0,66729,4335.86,114511,885489
2,44,2.0,0,0.0,0,2
3,44,3.0,0,0.0,0,3
100,44,87.0,21,1.14,13,87
200,44,175.0,28,1.57,25,175
2000,44,1766.0,148,9.57,234,1766
10000,44,8820.0,706,46.14,1180,8820
20000,44,17665.0,1469,93.26,2335,17665
40000,44,35407.0,2771,177.69,4593,35407
60000,44,53102.0,4104,263.91,6898,53102
80000,44,70841.0,5458,351.57,9159,70841
100000,44,88531.0,6834,442.16,11469,88531
200000,44,176945.0,13560,878.35,23055,176945
400000,44,354018.0,26961,1748.54,45982,354018
600000,44,531220.0,40199,2602.16,68780,531220
800000,44,708330.0,53445,3465.4,91670,708330
1000000,44,885650.0,66687,4329.38,114350,885650
2,45,2.0,1,0.09,0,2
3,45,3.0,1,0.09,0,3
100,45,87.0,6,0.44,13,87
200,45,172.0,10,0.75,28,172
2000,45,1756.0,118,8.12,244,1756
10000,45,8829.0,649,43.16,1171,8829
20000,45,17685.0,1331,86.94,2315,17685
40000,45,35373.0,2638,171.02,4627,35373
60000,45,53062.0,4016,260.39,6938,53062
80000,45,70749.0,5408,350.27,9251,70749
100000,45,88399.0,6733,434.67,11601,88399
200000,45,176987.0,13365,864.65,23013,176987
400000,45,354285.0,26657,1732.23,45715,354285
600000,45,531362.0,39806,2595.44,68638,531362
800000,45,708674.0,52976,3451.49,91326,708674
1000000,45,885930.0,66349,4321.71,114070,885930
2,46,2.0,1,0.09,0,2
3,46,3.0,1,0.09,0,3
100,46,92.0,25,1.95,8,92
200,46,188.0,31,2.39,12,188
2000,46,1788.0,166,11.19,212,1788
10000,46,8861.0,698,45.52,1139,8861
20000,46,17692.0,1357,88.63,2308,17692
40000,46,35379.0,2658,173.77,4621,35379
60000,46,53114.0,3977,260.08,6886,53114
80000,46,70819.0,5334,347.81,9181,70819
100000,46,88545.0,6723,439.52,11455,88545
200000,46,177125.0,13384,872.16,22875,177125
400000,46,354252.0,26825,1745.5,45748,354252
600000,46,531300.0,40109,2605.86,68700,531300
800000,46,708417.0,53289,3460.16,91583,708417
1000000,46,885675.0,66646,4328.39,114325,885675
2,47,2.0,1,0.09,0,2
3,47,3.0,1,0.09,0,3
100,47,92.0,12,0.63,8,92
200,47,175.0,14,0.76,25,175
2000,47,1778.0,253,13.62,222,1778
10000,47,8840.0,825,50.9,1160,8840
20000,47,17699.0,1472,93.63,2301,17699
40000,47,35412.0,2788,180.82,4588,35412
60000,47,53060.0,4126,266.94,6940,53060
80000,47,70783.0,5460,353.75,9217,70783
100000,47,88534.0,6837,442.73,11466,88534
200000,47,177079.0,13556,882.89,22921,177079
400000,47,354366.0,26911,1757.44,45634,354366
600000,47,531563.0,40140,2621.1,68437,531563
800000,47,708555.0,53226,3470.24,91445,708555
1000000,47,885683.0,66501,4338.74,114317,885683
2,48,2.0,0,0.0,0,2
3,48,3.0,0,0.0,0,3
100,48,83.0,10,0.75,17,83
200,48,165.0,14,1.01,35,165
2000,48,1747.0,244,13.36,253,1747
10000,48,8843.0,742,45.03,1157,8843
20000,48,17727.0,1400,87.45,2273,17727
40000,48,35418.0,2729,174.41,4582,35418
60000,48,53141.0,4045,258.9,6859,53141
80000,48,70837.0,5394,348.06,9163,70837
100000,48,88522.0,6744,434.91,11478,88522
200000,48,177084.0,13505,875.0,22916,177084
400000,48,354213.0,26835,1738.75,45787,354213
600000,48,531188.0,40212,2613.03,68812,531188
800000,48,708182.0,53487,3477.98,91818,708182
1000000,48,885271.0,66740,4343.3,114729,885271
2,49,2.0,1,0.04,0,2
3,49,3.0,1,0.04,0,3
100,49,91.0,30,2.2,9,91
200,49,177.0,62,4.98,23,177
2000,49,1774.0,171,12.04,226,1774
10000,49,8875.0,723,47.92,1125,8875
20000,49,17704.0,1369,89.46,2296,17704
40000,49,35479.0,2740,178.1,4521,35479
60000,49,53084.0,4036,261.94,6916,53084
80000,49,70733.0,5418,352.92,9267,70733
100000,49,88425.0,6814,443.46,11575,88425
200000,49,177022.0,13628,883.42,22978,177022
400000,49,354192.0,26990,1753.0,45808,354192
600000,49,531136.0,40373,2627.12,68864,531136
800000,49,708514.0,53943,3506.67,91486,708514
1000000,49,885457.0,67263,4371.27,114543,885457
2,50,2.0,0,0.0,0,2
3,50,3.0,0,0.0,0,3
100,50,90.0,7,0.38,10,90
200,50,174.0,12,0.68,26,174
2000,50,1768.0,162,9.68,232,1768
10000,50,8834.0,714,45.31,1166,8834
20000,50,17658.0,1434,91.81,2342,17658
40000,50,35468.0,2760,179.0,4532,35468
60000,50,53171.0,4153,270.57,6829,53171
80000,50,70894.0,5512,359.23,9106,70894
100000,50,88525.0,6881,447.74,11475,88525
200000,50,177179.0,13383,872.52,22821,177179
400000,50,354505.0,26768,1740.17,45495,354505
600000,50,531474.0,39927,2595.73,68526,531474
800000,50,708566.0,53004,3447.61,91434,708566
1000000,50,885689.0,66483,4326.22,114311,885689
2,51,2.0,0,0.0,0,2
3,51,2.0,0,0.0,1,2
100,51,86.0,94,3.91,14,86
200,51,172.0,181,7.49,28,172
2000,51,1758.0,602,30.78,242,1758
10000,51,8826.0,1134,66.26,1174,8826
20000,51,17661.0,1828,110.57,2339,17661
40000,51,35390.0,3195,199.25,4610,35390
60000,51,53101.0,4484,283.51,6899,53101
80000,51,70855.0,5867,372.93,9145,70855
100000,51,88598.0,7167,456.18,11402,88598
200000,51,177011.0,13799,892.76,22989,177011
400000,51,353983.0,27447,1778.98,46017,353983
600000,51,531038.0,40733,2643.92,68962,531038
800000,51,707739.0,53924,3496.86,92261,707739
1000000,51,884966.0,67157,4363.28,115034,884966
2,52,2.0,0,0.0,0,2
3,52,2.0,0,0.0,1,2
100,52,91.0,19,0.91,9,91
200,52,175.0,24,1.26,25,175
2000,52,1754.0,193,10.87,246,1754
10000,52,8892.0,744,46.96,1108,8892
20000,52,17738.0,1424,91.51,2262,17738
40000,52,35433.0,2736,176.59,4567,35433
60000,52,53150.0,4021,260.54,6850,53150
80000,52,70850.0,5404,350.16,9150,70850
100000,52,88555.0,6768,439.52,11445,88555
200000,52,177139.0,13438,872.57,22861,177139
400000,52,354496.0,26755,1736.6,45504,354496
600000,52,531781.0,40065,2597.9,68219,531781
800000,52,708853.0,53573,3477.82,91147,708853
1000000,52,885949.0,66978,4346.92,114051,885949
2,53,1.0,0,0.0,1,1
3,53,1.0,0,0.0,2,1
100,53,87.0,9,0.46,13,87
200,53,173.0,18,1.02,27,173
2000,53,1760.0,151,9.84,240,1760
10000,53,8797.0,683,46.22,1203,8797
20000,53,17665.0,1360,90.8,2335,17665
40000,53,35333.0,2655,174.45,4667,35333
60000,53,53069.0,3943,257.82,6931,53069
80000,53,70841.0,5268,343.02,9159,70841
100000,53,88593.0,6624,430.66,11407,88593
200000,53,177268.0,13137,852.98,22732,177268
400000,53,354412.0,26497,1719.78,45588,354412
600000,53,531633.0,39628,2577.12,68367,531633
800000,53,708577.0,53028,3451.07,91423,708577
1000000,53,885686.0,66265,4311.8,114314,885686
2,54,2.0,0,0.0,0,2
3,54,3.0,0,0.0,0,3
100,54,91.0,36,1.79,9,91
200,54,176.0,64,3.01,24,176
2000,54,1746.0,189,11.51,254,1746
10000,54,8833.0,720,46.25,1167,8833
20000,54,17765.0,1398,90.07,2235,17765
40000,54,35440.0,2716,175.74,4560,35440
60000,54,53100.0,4021,261.19,6900,53100
80000,54,70927.0,5313,345.42,9073,70927
100000,54,88588.0,6619,430.66,11412,88588
200000,54,177137.0,13291,865.44,22863,177137
400000,54,354297.0,26675,1735.85,45703,354297
600000,54,531073.0,39949,2602.56,68927,531073
800000,54,708327.0,53276,3470.54,91673,708327
1000000,54,885553.0,66740,4346.2,114447,885553
2,55,2.0,0,0.0,0,2
3,55,3.0,0,0.0,0,3
100,55,91.0,7,0.48,9,91
200,55,178.0,9,0.66,22,178
2000,55,1776.0,148,9.92,224,1776
10000,55,8885.0,653,42.72,1115,8885
20000,55,17695.0,1297,84.08,2305,17695
40000,55,35395.0,2647,171.68,4605,35395
60000,55,53050.0,4021,260.24,6950,53050
80000,55,70804.0,5347,347.38,9196,70804
100000,55,88531.0,6653,431.57,11469,88531
200000,55,177026.0,13317,863.58,22974,177026
400000,55,354009.0,26631,1728.89,45991,354009
600000,55,531160.0,39985,2595.15,68840,531160
800000,55,708525.0,53452,3471.28,91475,708525
1000000,55,885668.0,66668,4326.47,114332,885668
2,56,1.0,0,0.0,1,1
3,56,2.0,0,0.0,1,2
100,56,85.0,35,1.9,15,85
200,56,173.0,45,2.45,27,173
2000,56,1723.0,198,12.02,277,1723
10000,56,8835.0,743,47.72,1165,8835
20000,56,17670.0,1379,89.81,2330,17670
40000,56,35357.0,2704,175.61,4643,35357
60000,56,53035.0,4111,268.49,6965,53035
80000,56,70769.0,5423,353.82,9231,70769
100000,56,88455.0,6751,441.19,11545,88455
200000,56,176878.0,13333,868.07,23122,176878
400000,56,353972.0,26511,1719.24,46028,353972
600000,56,531051.0,39836,2585.14,68949,531051
800000,56,708068.0,53211,3456.79,91932,708068
1000000,56,885250.0,66556,4326.89,114750,885250
2,57,2.0,0,0.0,0,2
3,57,3.0,0,0.0,0,3
100,57,83.0,85,7.4,17,83
200,57,162.0,181,15.94,38,162
2000,57,1675.0,1926,96.19,325,1675
10000,57,8733.0,3027,153.93,1267,8733
20000,57,17619.0,3665,195.25,2381,17619
40000,57,35322.0,4939,277.41,4678,35322
60000,57,53031.0,6227,360.28,6969,53031
80000,57,70735.0,7527,446.08,9265,70735
100000,57,88431.0,8903,535.02,11569,88431
200000,57,176923.0,15578,968.57,23077,176923
400000,57,354315.0,28795,1829.7,45685,354315
600000,57,531548.0,42144,2694.66,68452,531548
800000,57,708765.0,55572,3567.73,91235,708765
1000000,57,885742.0,68757,4426.78,114258,885742
2,58,2.0,0,0.0,0,2
3,58,3.0,0,0.0,0,3
100,58,87.0,18,1.17,13,87
200,58,177.0,22,1.53,23,177
2000,58,1768.0,156,9.84,232,1768
10000,58,8824.0,696,45.74,1176,8824
20000,58,17696.0,1344,88.06,2304,17696
40000,58,35430.0,2654,173.21,4570,35430
60000,58,53136.0,4024,261.76,6864,53136
80000,58,70813.0,5404,353.06,9187,70813
100000,58,88501.0,6774,441.91,11499,88501
200000,58,177141.0,13611,886.84,22859,177141
400000,58,354227.0,26903,1745.67,45773,354227
600000,58,531318.0,40335,2615.0,68682,531318
800000,58,708580.0,53735,3483.6,91420,708580
1000000,58,885666.0,66832,4332.53,114334,885666
2,59,2.0,0,0.0,0,2
3,59,3.0,0,0.0,0,3
100,59,84.0,7,0.58,16,84
200,59,167.0,13,1.12,33,167
2000,59,1767.0,135,9.1,233,1767
10000,59,8928.0,710,45.75,1072,8928
20000,59,17794.0,1310,85.1,2206,17794
40000,59,35562.0,2612,169.08,4438,35562
60000,59,53252.0,3977,257.98,6748,53252
80000,59,70885.0,5339,346.56,9115,70885
100000,59,88578.0,6650,429.1,11422,88578
200000,59,177073.0,13334,864.46,22927,177073
400000,59,354149.0,26605,1723.9,45851,354149
600000,59,531492.0,40121,2602.24,68508,531492
800000,59,708478.0,53327,3464.88,91522,708478
1000000,59,885778.0,66727,4334.03,114222,885778
2,60,2.0,0,0.0,0,2
3,60,3.0,0,0.0,0,3
100,60,90.0,11,0.59,10,90
200,60,177.0,20,1.05,23,177
2000,60,1776.0,144,9.41,224,1776
10000,60,8872.0,686,44.04,1128,8872
20000,60,17737.0,1380,90.25,2263,17737
40000,60,35494.0,2769,178.31,4506,35494
60000,60,53268.0,4096,266.44,6732,53268
80000,60,70921.0,5402,351.83,9079,70921
100000,60,88703.0,6743,438.57,11297,88703
200000,60,177251.0,13356,866.04,22749,177251
400000,60,354501.0,26631,1730.69,45499,354501
600000,60,531751.0,39967,2600.03,68249,531751
800000,60,708745.0,53303,3465.82,91255,708745
1000000,60,885673.0,66701,4337.44,114327,885673
2,61,2.0,0,0.0,0,2
3,61,3.0,0,0.0,0,3
100,61,87.0,20,0.95,13,87
200,61,171.0,28,1.47,29,171
2000,61,1751.0,145,9.35,249,1751
10000,61,8831.0,736,47.74,1169,8831
20000,61,17727.0,1391,90.99,2273,17727
40000,61,35405.0,2729,177.56,4595,35405
60000,61,53131.0,4030,263.25,6869,53131
80000,61,70857.0,5346,348.89,9143,70857
100000,61,88531.0,6661,434.89,11469,88531
200000,61,177032.0,13274,867.46,22968,177032
400000,61,354061.0,26733,1742.77,45939,354061
600000,61,531331.0,39868,2599.57,68669,531331
800000,61,708399.0,53209,3465.81,91601,708399
1000000,61,885424.0,66674,4336.46,114576,885424
2,62,1.0,0,0.0,1,1
3,62,2.0,0,0.0,1,2
100,62,82.0,91,7.99,18,82
200,62,175.0,113,9.77,25,175
2000,62,1756.0,466,26.24,244,1756
10000,62,8826.0,990,60.4,1174,8826
20000,62,17724.0,1638,102.32,2276,17724
40000,62,35485.0,2949,186.81,4515,35485
60000,62,53151.0,4338,277.22,6849,53151
80000,62,70847.0,5693,365.47,9153,70847
100000,62,88494.0,7026,452.49,11506,88494
200000,62,177126.0,13595,878.9,22874,177126
400000,62,354359.0,26898,1745.17,45641,354359
600000,62,531469.0,40093,2601.07,68531,531469
800000,62,708559.0,53382,3464.63,91441,708559
1000000,62,885545.0,66742,4335.08,114455,885545
2,63,2.0,0,0.0,0,2
3,63,3.0,0,0.0,0,3
100,63,92.0,15,0.9,8,92
200,63,181.0,16,0.99,19,181
2000,63,1764.0,152,10.38,236,1764
10000,63,8909.0,664,44.21,1091,8909
20000,63,17713.0,1314,85.71,2287,17713
40000,63,35389.0,2621,171.89,4611,35389
60000,63,53099.0,3969,257.21,6901,53099
80000,63,70830.0,5331,346.14,9170,70830
100000,63,88635.0,6640,432.2,11365,88635
200000,63,177342.0,13468,876.97,22658,177342
400000,63,354769.0,26852,1746.63,45231,354769
600000,63,531914.0,40293,2619.82,68086,531914
800000,63,709012.0,53752,3494.33,90988,709012
1000000,63,886201.0,67366,4377.59,113799,886201
2,64,2.0,0,0.0,0,2
3,64,3.0,0,0.0,0,3
100,64,77.0,79,6.61,23,77
200,64,157.0,176,15.04,43,157
2000,64,1661.0,1914,89.51,339,1661
10000,64,8551.0,7817,339.48,1449,8551
20000,64,17426.0,8534,386.66,2574,17426
40000,64,35182.0,9871,473.49,4818,35182
60000,64,52955.0,11198,559.77,7045,52955
80000,64,70644.0,12568,648.12,9356,70644
100000,64,88464.0,13959,739.56,11536,88464
200000,64,177074.0,20605,1172.45,22926,177074
400000,64,354185.0,33834,2030.61,45815,354185
600000,64,531462.0,47179,2894.56,68538,531462
800000,64,708397.0,60597,3769.98,91603,708397
1000000,64,885604.0,73832,4628.93,114396,885604
2,65,2.0,0,0.0,0,2
3,65,3.0,1,0.04,0,3
100,65,87.0,32,2.38,13,87
200,65,177.0,37,2.73,23,177
2000,65,1789.0,228,13.42,211,1789
10000,65,8924.0,914,53.46,1076,8924
20000,65,17734.0,1556,95.84,2266,17734
40000,65,35451.0,2915,184.55,4549,35451
60000,65,53199.0,4251,271.99,6801,53199
80000,65,70807.0,5539,354.36,9193,70807
100000,65,88562.0,6917,444.33,11438,88562
200000,65,177138.0,13685,883.9,22862,177138
400000,65,354217.0,27010,1751.55,45783,354217
600000,65,531547.0,40407,2628.08,68453,531547
800000,65,708861.0,53651,3489.09,91139,708861
1000000,65,885964.0,66995,4356.5,114036,885964
2,66,2.0,0,0.0,0,2
3,66,3.0,0,0.0,0,3
100,66,91.0,5,0.45,9,91
200,66,181.0,37,1.88,19,181
2000,66,1773.0,202,11.68,227,1773
10000,66,8818.0,744,47.06,1182,8818
20000,66,17713.0,1407,89.23,2287,17713
40000,66,35365.0,2751,176.39,4635,35365
60000,66,53032.0,4042,260.88,6968,53032
80000,66,70808.0,5346,345.44,9192,70808
100000,66,88575.0,6718,435.32,11425,88575
200000,66,177292.0,13569,883.11,22708,177292
400000,66,354217.0,27020,1751.25,45783,354217
600000,66,531349.0,40413,2615.42,68651,531349
800000,66,708612.0,53722,3475.43,91388,708612
1000000,66,885775.0,66968,4337.22,114225,885775
2,67,2.0,0,0.0,0,2
3,67,3.0,0,0.0,0,3
100,67,90.0,12,0.68,10,90
200,67,179.0,18,1.12,21,179
2000,67,1759.0,140,9.0,241,1759
10000,67,8885.0,638,41.57,1115,8885
20000,67,17690.0,1288,85.47,2310,17690
40000,67,35300.0,2606,171.34,4700,35300
60000,67,53076.0,3918,256.32,6924,53076
80000,67,70855.0,5214,340.26,9145,70855
100000,67,88582.0,6488,423.12,11418,88582
200000,67,177163.0,13179,859.66,22837,177163
400000,67,354313.0,26405,1720.75,45687,354313
600000,67,531357.0,39718,2583.57,68643,531357
800000,67,708588.0,52893,3435.72,91412,708588
1000000,67,885675.0,66215,4306.4,114325,885675
2,68,2.0,0,0.0,0,2
3,68,3.0,0,0.0,0,3
100,68,89.0,8,0.52,11,89
200,68,177.0,14,0.91,23,177
2000,68,1762.0,121,7.89,238,1762
10000,68,8847.0,658,43.32,1153,8847
20000,68,17704.0,1320,87.9,2296,17704
40000,68,35390.0,2705,178.25,4610,35390
60000,68,53063.0,3929,258.06,6937,53063
80000,68,70818.0,5265,345.0,9182,70818
100000,68,88600.0,6658,433.62,11400,88600
200000,68,177127.0,13319,866.71,22873,177127
400000,68,353886.0,26669,1737.21,46114,353886
600000,68,530862.0,40071,2609.04,69138,530862
800000,68,707979.0,53515,3478.6,92021,707979
1000000,68,885081.0,66646,4334.39,114919,885081
2,69,2.0,0,0.0,0,2
3,69,3.0,0,0.0,0,3
100,69,92.0,14,0.86,8,92
200,69,183.0,50,2.35,17,183
2000,69,1765.0,283,14.47,235,1765
10000,69,8866.0,775,46.0,1134,8866
20000,69,17680.0,1467,90.98,2320,17680
40000,69,35388.0,2838,179.47,4612,35388
60000,69,53066.0,4188,266.72,6934,53066
80000,69,70780.0,5525,354.35,9220,70780
100000,69,88482.0,6886,443.89,11518,88482
200000,69,177107.0,13619,886.21,22893,177107
400000,69,354289.0,27168,1769.42,45711,354289
600000,69,531530.0,40486,2636.04,68470,531530
800000,69,708675.0,53821,3503.79,91325,708675
1000000,69,885680.0,67130,4363.35,114320,885680
2,70,2.0,0,0.0,0,2
3,70,3.0,0,0.0,0,3
100,70,87.0,16,1.24,13,87
200,70,173.0,20,1.55,27,173
2000,70,1758.0,149,9.26,242,1758
10000,70,8890.0,688,44.22,1110,8890
20000,70,17751.0,1365,88.6,2249,17751
40000,70,35492.0,2689,174.26,4508,35492
60000,70,53226.0,3992,259.33,6774,53226
80000,70,70901.0,5356,347.59,9099,70901
100000,70,88557.0,6651,431.89,11443,88557
200000,70,177056.0,13248,863.07,22944,177056
400000,70,354165.0,26752,1740.23,45835,354165
600000,70,531302.0,40080,2603.7,68698,531302
800000,70,708631.0,53518,3474.12,91369,708631
1000000,70,885770.0,66989,4347.66,114230,885770
2,71,2.0,0,0.0,0,2
3,71,3.0,0,0.0,0,3
100,71,87.0,28,1.22,13,87
200,71,169.0,38,1.92,31,169
2000,71,1755.0,191,10.94,245,1755
10000,71,8833.0,736,46.24,1167,8833
20000,71,17701.0,1415,90.1,2299,17701
40000,71,35407.0,2764,178.51,4593,35407
60000,71,53078.0,4079,264.81,6922,53078
80000,71,70786.0,5362,349.03,9214,70786
100000,71,88421.0,6694,435.56,11579,88421
200000,71,176933.0,13323,863.67,23067,176933
400000,71,354199.0,26446,1715.94,45801,354199
600000,71,531288.0,39926,2591.74,68712,531288
800000,71,708421.0,53304,3462.16,91579,708421
1000000,71,885477.0,66728,4334.12,114523,885477
2,72,2.0,0,0.0,0,2
3,72,3.0,1,0.09,0,3
100,72,90.0,5,0.45,10,90
200,72,178.0,14,0.96,22,178
2000,72,1796.0,135,8.75,204,1796
10000,72,8859.0,681,44.09,1141,8859
20000,72,17737.0,1340,86.7,2263,17737
40000,72,35502.0,2688,174.17,4498,35502
60000,72,53210.0,4061,264.14,6790,53210
80000,72,70949.0,5426,352.84,9051,70949
100000,72,88658.0,6791,441.69,11342,88658
200000,72,177151.0,13470,873.05,22849,177151
400000,72,354389.0,26972,1753.83,45611,354389
600000,72,531526.0,40417,2631.08,68474,531526
800000,72,708520.0,53693,3491.02,91480,708520
1000000,72,885889.0,66815,4348.8,114111,885889
2,73,2.0,2,0.08,0,2
3,73,3.0,3,0.12,0,3
100,73,83.0,24,1.31,17,83
200,73,176.0,29,1.56,24,176
2000,73,1771.0,141,8.69,229,1771
10000,73,8822.0,644,41.91,1178,8822
20000,73,17701.0,1323,85.92,2299,17701
40000,73,35437.0,2660,173.2,4563,35437
60000,73,53118.0,3984,260.51,6882,53118
80000,73,70859.0,5240,343.5,9141,70859
100000,73,88624.0,6556,431.04,11376,88624
200000,73,177080.0,13212,862.83,22920,177080
400000,73,354370.0,26583,1731.27,45630,354370
600000,73,531129.0,39937,2601.63,68871,531129
800000,73,708235.0,53120,3461.55,91765,708235
1000000,73,885411.0,66408,4323.22,114589,885411
2,74,2.0,0,0.0,0,2
3,74,3.0,0,0.0,0,3
100,74,91.0,79,3.46,9,91
200,74,177.0,175,7.5,23,177
2000,74,1735.0,1089,47.41,265,1735
10000,74,8798.0,1642,82.83,1202,8798
20000,74,17649.0,2333,126.87,2351,17649
40000,74,35400.0,3724,215.31,4600,35400
60000,74,53097.0,5028,300.12,6903,53097
80000,74,70847.0,6375,387.55,9153,70847
100000,74,88551.0,7730,474.7,11449,88551
200000,74,177223.0,14487,909.08,22777,177223
400000,74,354184.0,27926,1781.99,45816,354184
600000,74,531489.0,41303,2649.47,68511,531489
800000,74,708655.0,54435,3501.35,91345,708655
1000000,74,885809.0,67751,4370.59,114191,885809
2,75,2.0,2,0.18,0,2
3,75,2.0,3,0.27,1,2
100,75,85.0,73,6.37,15,85
200,75,176.0,83,6.92,24,176
2000,75,1779.0,211,15.09,221,1779
10000,75,8866.0,738,48.82,1134,8866
20000,75,17744.0,1386,90.69,2256,17744
40000,75,35523.0,2691,175.04,4477,35523
60000,75,53253.0,4034,263.41,6747,53253
80000,75,70934.0,5315,346.7,9066,70934
100000,75,88673.0,6640,433.45,11327,88673
200000,75,177270.0,13321,866.54,22730,177270
400000,75,354597.0,26850,1747.45,45403,354597
600000,75,531664.0,40010,2603.15,68336,531664
800000,75,708799.0,53229,3462.11,91201,708799
1000000,75,885944.0,66568,4328.57,114056,885944
2,76,2.0,0,0.0,0,2
3,76,3.0,0,0.0,0,3
100,76,85.0,82,7.08,15,85
200,76,170.0,116,9.74,30,170
2000,76,1778.0,236,17.64,222,1778
10000,76,8850.0,725,49.05,1150,8850
20000,76,17754.0,1424,94.06,2246,17754
40000,76,35528.0,2752,180.03,4472,35528
60000,76,53213.0,4045,264.4,6787,53213
80000,76,70930.0,5398,353.57,9070,70930
100000,76,88700.0,6742,440.33,11300,88700
200000,76,177319.0,13352,869.73,22681,177319
400000,76,354515.0,26890,1752.9,45485,354515
600000,76,531727.0,40301,2630.69,68273,531727
800000,76,709021.0,53714,3501.21,90979,709021
1000000,76,886019.0,66965,4362.25,113981,886019
2,77,1.0,0,0.0,1,1
3,77,2.0,0,0.0,1,2
100,77,87.0,7,0.48,13,87
200,77,177.0,15,0.95,23,177
2000,77,1764.0,136,8.99,236,1764
10000,77,8816.0,679,45.21,1184,8816
20000,77,17692.0,1340,87.2,2308,17692
40000,77,35396.0,2606,170.64,4604,35396
60000,77,53166.0,3885,254.5,6834,53166
80000,77,70969.0,5244,343.31,9031,70969
100000,77,88639.0,6547,428.43,11361,88639
200000,77,177284.0,13213,857.82,22716,177284
400000,77,354451.0,26460,1713.5,45549,354451
600000,77,531588.0,40003,2593.82,68412,531588
800000,77,708808.0,53318,3464.77,91192,708808
1000000,77,885854.0,66715,4335.15,114146,885854
2,78,2.0,0,0.0,0,2
3,78,3.0,0,0.0,0,3
100,78,93.0,29,2.21,7,93
200,78,184.0,30,2.3,16,184
2000,78,1780.0,180,12.7,220,1780
10000,78,8895.0,702,47.18,1105,8895
20000,78,17711.0,1342,89.43,2289,17711
40000,78,35393.0,2666,176.99,4607,35393
60000,78,53137.0,4035,265.25,6863,53137
80000,78,70826.0,5309,349.76,9174,70826
100000,78,88559.0,6656,437.04,11441,88559
200000,78,177041.0,13365,871.7,22959,177041
400000,78,354216.0,26845,1748.05,45784,354216
600000,78,531309.0,40059,2608.41,68691,531309
800000,78,708263.0,53352,3469.68,91737,708263
1000000,78,885868.0,66802,4340.63,114132,885868
2,79,2.0,0,0.0,0,2
3,79,3.0,0,0.0,0,3
100,79,88.0,8,0.42,12,88
200,79,172.0,18,0.97,28,172
2000,79,1763.0,176,10.24,237,1763
10000,79,8841.0,730,46.75,1159,8841
20000,79,17643.0,1446,92.34,2357,17643
40000,79,35407.0,2747,177.48,4593,35407
60000,79,53058.0,4001,260.59,6942,53058
80000,79,70708.0,5309,346.31,9292,70708
100000,79,88499.0,6610,431.55,11501,88499
200000,79,176910.0,13340,870.2,23090,176910
400000,79,354115.0,26745,1740.85,45885,354115
600000,79,531011.0,39874,2592.56,68989,531011
800000,79,708076.0,53431,3477.69,91924,708076
1000000,79,885095.0,66715,4340.5,114905,885095
2,80,2.0,0,0.0,0,2
3,80,3.0,0,0.0,0,3
100,80,89.0,40,1.65,11,89
200,80,178.0,136,5.79,22,178
2000,80,1743.0,569,26.51,257,1743
10000,80,8836.0,1057,59.03,1164,8836
20000,80,17718.0,1712,101.93,2282,17718
40000,80,35465.0,3077,189.83,4535,35465
60000,80,53162.0,4362,275.18,6838,53162
80000,80,70912.0,5705,361.85,9088,70912
100000,80,88604.0,7073,451.32,11396,88604
200000,80,177017.0,13729,884.01,22983,177017
400000,80,354175.0,27123,1756.62,45825,354175
600000,80,531359.0,40592,2631.08,68641,531359
800000,80,708306.0,54056,3511.14,91694,708306
1000000,80,885381.0,67464,4383.06,114619,885381
2,81,2.0,0,0.0,0,2
3,81,3.0,0,0.0,0,3
100,81,81.0,49,2.16,19,81
200,81,175.0,52,2.38,25,175
2000,81,1780.0,182,11.23,220,1780
10000,81,8875.0,740,47.3,1125,8875
20000,81,17736.0,1436,91.44,2264,17736
40000,81,35436.0,2753,177.62,4564,35436
60000,81,53049.0,4098,267.07,6951,53049
80000,81,70717.0,5413,352.52,9283,70717
100000,81,88459.0,6731,438.04,11541,88459
200000,81,176894.0,13495,876.35,23106,176894
400000,81,353982.0,26718,1730.32,46018,353982
600000,81,531377.0,39954,2586.06,68623,531377
800000,81,708326.0,53489,3464.76,91674,708326
1000000,81,885474.0,66713,4325.82,114526,885474
2,82,2.0,2,0.08,0,2
3,82,3.0,3,0.12,0,3
100,82,83.0,83,3.42,17,83
200,82,174.0,175,7.2,26,174
2000,82,1770.0,484,23.21,230,1770
10000,82,8831.0,1000,56.35,1169,8831
20000,82,17678.0,1661,99.64,2322,17678
40000,82,35445.0,2997,186.28,4555,35445
60000,82,53196.0,4335,274.05,6804,53196
80000,82,70928.0,5681,362.39,9072,70928
100000,82,88659.0,6937,442.88,11341,88659
200000,82,177134.0,13629,882.56,22866,177134
400000,82,354578.0,26862,1740.13,45422,354578
600000,82,531800.0,40265,2608.45,68200,531800
800000,82,708939.0,53918,3499.12,91061,708939
1000000,82,886029.0,67298,4369.27,113971,886029
2,83,2.0,0,0.0,0,2
3,83,2.0,0,0.0,1,2
100,83,84.0,31,1.94,16,84
200,83,172.0,40,2.45,28,172
2000,83,1773.0,167,10.93,227,1773
10000,83,8850.0,716,45.64,1150,8850
20000,83,17710.0,1436,92.24,2290,17710
40000,83,35392.0,2730,177.65,4608,35392
60000,83,53082.0,4061,264.49,6918,53082
80000,83,70828.0,5449,356.01,9172,70828
100000,83,88516.0,6713,437.52,11484,88516
200000,83,177021.0,13390,871.0,22979,177021
400000,83,354385.0,26829,1738.96,45615,354385
600000,83,531661.0,39976,2595.44,68339,531661
800000,83,708836.0,53331,3458.34,91164,708836
1000000,83,886111.0,66682,4326.68,113889,886111
2,84,2.0,0,0.0,0,2
3,84,2.0,0,0.0,1,2
100,84,89.0,47,2.28,11,89
200,84,178.0,64,3.11,22,178
2000,84,1778.0,203,11.57,222,1778
10000,84,8937.0,757,47.18,1063,8937
20000,84,17801.0,1435,91.1,2199,17801
40000,84,35474.0,2734,174.91,4526,35474
60000,84,53252.0,4104,265.91,6748,53252
80000,84,70944.0,5480,356.65,9056,70944
100000,84,88674.0,6857,446.38,11326,88674
200000,84,177264.0,13537,878.68,22736,177264
400000,84,354430.0,26852,1743.88,45570,354430
600000,84,531671.0,40010,2601.45,68329,531671
800000,84,709056.0,53413,3473.07,90944,709056
1000000,84,886305.0,66677,4335.93,113695,886305
2,85,2.0,0,0.0,0,2
3,85,3.0,0,0.0,0,3
100,85,89.0,13,0.67,11,89
200,85,178.0,16,0.84,22,178
2000,85,1765.0,140,8.95,235,1765
10000,85,8861.0,690,45.35,1139,8861
20000,85,17719.0,1318,85.77,2281,17719
40000,85,35452.0,2613,168.82,4548,35452
60000,85,53082.0,3999,258.76,6918,53082
80000,85,70789.0,5349,346.56,9211,70789
100000,85,88510.0,6684,433.36,11490,88510
200000,85,177057.0,13424,872.81,22943,177057
400000,85,354224.0,26837,1738.38,45776,354224
600000,85,531561.0,40137,2596.68,68439,531561
800000,85,708747.0,53423,3458.02,91253,708747
1000000,85,885989.0,66820,4329.2,114011,885989
2,86,2.0,0,0.0,0,2
3,86,3.0,0,0.0,0,3
100,86,88.0,18,1.02,12,88
200,86,178.0,23,1.37,22,178
2000,86,1781.0,135,8.65,219,1781
10000,86,8881.0,662,43.73,1119,8881
20000,86,17759.0,1365,90.45,2241,17759
40000,86,35507.0,2710,176.9,4493,35507
60000,86,53200.0,4005,261.15,6800,53200
80000,86,70911.0,5358,348.57,9089,70911
100000,86,88638.0,6679,434.41,11362,88638
200000,86,177301.0,13409,869.16,22699,177301
400000,86,354474.0,26801,1739.99,45526,354474
600000,86,531740.0,40117,2607.53,68260,531740
800000,86,709160.0,53419,3470.06,90840,709160
1000000,86,886343.0,66776,4336.14,113657,886343
2,87,2.0,0,0.0,0,2
3,87,3.0,0,0.0,0,3
100,87,91.0,14,0.91,9,91
200,87,186.0,16,1.09,14,186
2000,87,1764.0,150,10.25,236,1764
10000,87,8853.0,665,43.25,1147,8853
20000,87,17702.0,1313,85.37,2298,17702
40000,87,35477.0,2677,172.33,4523,35477
60000,87,53158.0,3992,257.18,6842,53158
80000,87,70921.0,5289,341.11,9079,70921
100000,87,88559.0,6632,428.93,11441,88559
200000,87,177147.0,13374,868.51,22853,177147
400000,87,354268.0,26672,1729.68,45732,354268
600000,87,531251.0,40098,2604.47,68749,531251
800000,87,708478.0,53560,3482.95,91522,708478
1000000,87,885539.0,66896,4349.84,114461,885539
2,88,2.0,0,0.0,0,2
3,88,3.0,0,0.0,0,3
100,88,84.0,57,3.93,16,84
200,88,160.0,150,10.05,40,160
2000,88,1765.0,274,18.31,235,1765
10000,88,8822.0,813,53.82,1178,8822
20000,88,17676.0,1451,94.94,2324,17676
40000,88,35390.0,2779,181.36,4610,35390
60000,88,53162.0,4123,267.57,6838,53162
80000,88,70847.0,5487,357.53,9153,70847
100000,88,88529.0,6878,448.52,11471,88529
200000,88,177195.0,13628,887.17,22805,177195
400000,88,354201.0,26861,1750.44,45799,354201
600000,88,531457.0,40147,2615.38,68543,531457
800000,88,708801.0,53415,3481.85,91199,708801
1000000,88,886024.0,66698,4348.77,113976,886024
2,89,1.0,0,0.0,1,1
3,89,2.0,0,0.0,1,2
100,89,87.0,60,2.65,13,87
200,89,176.0,71,3.44,24,176
2000,89,1780.0,187,10.43,220,1780
10000,89,8900.0,748,46.12,1100,8900
20000,89,17753.0,1451,92.09,2247,17753
40000,89,35494.0,2774,178.66,4506,35494
60000,89,53213.0,4107,265.98,6787,53213
80000,89,70956.0,5474,355.71,9044,70956
100000,89,88715.0,6798,442.02,11285,88715
200000,89,177213.0,13495,878.25,22787,177213
400000,89,354392.0,26853,1742.47,45608,354392
600000,89,531572.0,40302,2616.48,68428,531572
800000,89,708629.0,53514,3475.01,91371,708629
1000000,89,885654.0,66829,4338.41,114346,885654
2,90,2.0,0,0.0,0,2
3,90,3.0,0,0.0,0,3
100,90,90.0,15,1.0,10,90
200,90,179.0,18,1.27,21,179
2000,90,1788.0,136,9.19,212,1788
10000,90,8911.0,719,47.11,1089,8911
20000,90,17789.0,1429,94.31,2211,17789
40000,90,35516.0,2780,182.0,4484,35516
60000,90,53272.0,4124,268.96,6728,53272
80000,90,70991.0,5500,357.8,9009,70991
100000,90,88737.0,6886,449.59,11263,88737
200000,90,177197.0,13526,879.64,22803,177197
400000,90,354277.0,26827,1742.83,45723,354277
600000,90,531314.0,40161,2602.54,68686,531314
800000,90,708566.0,53488,3469.42,91434,708566
1000000,90,886003.0,66672,4326.63,113997,886003
2,91,2.0,0,0.0,0,2
3,91,3.0,0,0.0,0,3
100,91,89.0,38,1.67,11,89
200,91,178.0,44,2.06,22,178
2000,91,1799.0,166,9.94,201,1799
10000,91,8853.0,717,45.33,1147,8853
20000,91,17728.0,1392,89.33,2272,17728
40000,91,35422.0,2686,172.24,4578,35422
60000,91,53182.0,3972,256.78,6818,53182
80000,91,70900.0,5298,344.37,9100,70900
100000,91,88666.0,6670,433.35,11334,88666
200000,91,177367.0,13225,857.55,22633,177367
400000,91,354183.0,26359,1713.06,45817,354183
600000,91,531381.0,39619,2573.71,68619,531381
800000,91,708464.0,53043,3444.67,91536,708464
1000000,91,885466.0,66403,4313.37,114534,885466
2,92,1.0,0,0.0,1,1
3,92,2.0,0,0.0,1,2
100,92,84.0,18,1.02,16,84
200,92,169.0,24,1.46,31,169
2000,92,1782.0,139,8.81,218,1782
10000,92,8867.0,684,44.36,1133,8867
20000,92,17678.0,1356,87.69,2322,17678
40000,92,35359.0,2653,172.67,4641,35359
60000,92,53028.0,3968,258.12,6972,53028
80000,92,70800.0,5245,339.95,9200,70800
100000,92,88604.0,6575,426.65,11396,88604
200000,92,177291.0,13303,863.97,22709,177291
400000,92,354245.0,26554,1726.66,45755,354245
600000,92,531358.0,39922,2591.73,68642,531358
800000,92,708483.0,53323,3461.17,91517,708483
1000000,92,885496.0,66751,4329.39,114504,885496
2,93,2.0,0,0.0,0,2
3,93,3.0,0,0.0,0,3
100,93,90.0,91,3.89,10,90
200,93,178.0,188,7.97,22,178
2000,93,1776.0,530,24.55,224,1776
10000,93,8916.0,1046,58.14,1084,8916
20000,93,17779.0,1694,99.81,2221,17779
40000,93,35461.0,3000,183.25,4539,35461
60000,93,53107.0,4317,267.28,6893,53107
80000,93,70959.0,5641,353.34,9041,70959
100000,93,88723.0,6954,439.41,11277,88723
200000,93,177315.0,13507,868.78,22685,177315
400000,93,354742.0,26850,1730.3,45258,354742
600000,93,532069.0,40181,2597.94,67931,532069
800000,93,708836.0,53388,3454.87,91164,708836
1000000,93,885859.0,66693,4315.52,114141,885859
2,94,2.0,0,0.0,0,2
3,94,3.0,0,0.0,0,3
100,94,83.0,78,5.47,17,83
200,94,164.0,118,8.52,36,164
2000,94,1769.0,248,16.82,231,1769
10000,94,8817.0,834,53.96,1183,8817
20000,94,17683.0,1501,96.49,2317,17683
40000,94,35380.0,2786,178.49,4620,35380
60000,94,53170.0,4126,264.94,6830,53170
80000,94,70914.0,5476,353.29,9086,70914
100000,94,88575.0,6764,435.81,11425,88575
200000,94,177153.0,13481,869.44,22847,177153
400000,94,354319.0,27088,1754.72,45681,354319
600000,94,531439.0,40599,2630.46,68561,531439
800000,94,708540.0,54247,3516.88,91460,708540
1000000,94,885792.0,67546,4379.74,114208,885792
2,95,2.0,0,0.0,0,2
3,95,3.0,0,0.0,0,3
100,95,91.0,5,0.4,9,91
200,95,175.0,11,0.79,25,175
2000,95,1748.0,129,8.46,252,1748
10000,95,8807.0,659,43.16,1193,8807
20000,95,17688.0,1304,85.71,2312,17688
40000,95,35418.0,2617,169.88,4582,35418
60000,95,53096.0,4008,260.92,6904,53096
80000,95,70840.0,5238,341.22,9160,70840
100000,95,88642.0,6590,430.6,11358,88642
200000,95,177082.0,13273,867.22,22918,177082
400000,95,354311.0,26729,1745.36,45689,354311
600000,95,531384.0,40263,2618.77,68616,531384
800000,95,708374.0,53600,3485.3,91626,708374
1000000,95,885212.0,66884,4346.01,114788,885212
2,96,1.0,0,0.0,1,1
3,96,2.0,0,0.0,1,2
100,96,84.0,8,0.52,16,84
200,96,170.0,16,1.09,30,170
2000,96,1780.0,138,9.37,220,1780
10000,96,8879.0,659,43.61,1121,8879
20000,96,17714.0,1369,89.91,2286,17714
40000,96,35366.0,2731,179.74,4634,35366
60000,96,53032.0,4043,264.87,6968,53032
80000,96,70725.0,5434,355.11,9275,70725
100000,96,88424.0,6743,439.72,11576,88424
200000,96,177096.0,13263,864.57,22904,177096
400000,96,354314.0,26501,1720.39,45686,354314
600000,96,531626.0,39862,2590.13,68374,531626
800000,96,708660.0,53147,3453.38,91340,708660
1000000,96,885683.0,66465,4315.8,114317,885683
2,97,2.0,0,0.0,0,2
3,97,3.0,0,0.0,0,3
100,97,85.0,12,0.78,15,85
200,97,178.0,18,1.17,22,178
2000,97,1765.0,173,9.92,235,1765
10000,97,8893.0,683,44.42,1107,8893
20000,97,17804.0,1348,88.27,2196,17804
40000,97,35497.0,2679,174.31,4503,35497
60000,97,53172.0,4033,262.37,6828,53172
80000,97,70864.0,5363,348.77,9136,70864
100000,97,88541.0,6656,432.74,11459,88541
200000,97,177171.0,13298,863.77,22829,177171
400000,97,354314.0,26866,1749.84,45686,354314
600000,97,531466.0,40109,2608.26,68534,531466
800000,97,708762.0,53613,3485.32,91238,708762
1000000,97,886068.0,66866,4346.09,113932,886068
2,98,2.0,2,0.08,0,2
3,98,3.0,2,0.08,0,3
100,98,91.0,91,3.94,9,91
200,98,176.0,186,7.89,24,176
2000,98,1804.0,485,22.3,196,1804
10000,98,8906.0,1007,56.98,1094,8906
20000,98,17778.0,1674,100.06,2222,17778
40000,98,35527.0,2986,184.64,4473,35527
60000,98,53290.0,4292,269.38,6710,53290
80000,98,70971.0,5664,358.86,9029,70971
100000,98,88804.0,6988,444.67,11196,88804
200000,98,177179.0,13590,872.8,22821,177179
400000,98,354283.0,26917,1739.93,45717,354283
600000,98,531350.0,40124,2599.71,68650,531350
800000,98,708744.0,53369,3462.76,91256,708744
1000000,98,885664.0,66848,4341.27,114336,885664
2,99,2.0,0,0.0,0,2
3,99,3.0,1,0.09,0,3
100,99,77.0,87,7.58,23,77
200,99,157.0,180,15.4,43,157
2000,99,1717.0,675,53.75,283,1717
10000,99,8764.0,1148,83.82,1236,8764
20000,99,17604.0,1843,128.37,2396,17604
40000,99,35307.0,3153,215.37,4693,35307
60000,99,52977.0,4455,298.6,7023,52977
80000,99,70659.0,5765,382.8,9341,70659
100000,99,88386.0,7058,467.12,11614,88386
200000,99,176935.0,13822,908.98,23065,176935
400000,99,354161.0,27024,1768.71,45839,354161
600000,99,531285.0,40400,2636.5,68715,531285
800000,99,708333.0,53703,3499.07,91667,708333
1000000,99,885604.0,66827,4350.88,114396,885604
2,100,2.0,0,0.0,0,2
3,100,3.0,0,0.0,0,3
100,100,88.0,92,7.48,12,88
200,100,178.0,119,9.51,22,178
2000,100,1772.0,246,18.29,228,1772
10000,100,8843.0,768,52.27,1157,8843
20000,100,17658.0,1396,93.09,2342,17658
40000,100,35402.0,2806,183.39,4598,35402
60000,100,53096.0,4145,270.5,6904,53096
80000,100,70813.0,5453,355.62,9187,70813
100000,100,88591.0,6735,440.5,11409,88591
200000,100,177224.0,13315,867.65,22776,177224
400000,100,354263.0,26492,1721.03,45737,354263
600000,100,531217.0,39718,2581.77,68783,531217
800000,100,708223.0,52929,3442.01,91777,708223
1000000,100,885476.0,66247,4315.53,114524,885476
