Timestep,Iteration,Total Reward,Suboptimal Arms,Total Regret,Zeros Count,Ones Count
2,1,2.0,0,0.0,0,2
3,1,3.0,0,0.0,0,3
100,1,86.0,84,0.82,14,86
200,1,168.0,181,1.78,32,168
2000,1,1772.0,1918,18.63,228,1772
10000,1,8941.0,4246,40.22,1059,8941
20000,1,17976.0,4874,44.93,2024,17976
40000,1,35998.0,6197,54.87,4002,35998
60000,1,53997.0,7520,64.9,6003,53997
80000,1,71968.0,8854,75.04,8032,71968
100000,1,89948.0,10155,84.9,10052,89948
200000,1,179985.0,16972,135.79,20015,179985
400000,1,360044.0,30318,236.4,39956,360044
600000,1,540375.0,43605,336.02,59625,540375
800000,1,720210.0,56939,435.91,79790,720210
1000000,1,900214.0,70467,537.52,99786,900214
2,2,2.0,0,0.0,0,2
3,2,3.0,0,0.0,0,3
100,2,86.0,66,0.39,14,86
200,2,178.0,75,0.46,22,178
2000,2,1813.0,224,1.63,187,1813
10000,2,9039.0,768,5.74,961,9039
20000,2,18054.0,1460,10.84,1946,18054
40000,2,36054.0,2813,21.05,3946,36054
60000,2,54009.0,4230,31.73,5991,54009
80000,2,72084.0,5537,41.63,7916,72084
100000,2,90103.0,6919,51.9,9897,90103
200000,2,180303.0,13594,102.21,19697,180303
400000,2,360367.0,26947,201.78,39633,360367
600000,2,540135.0,40318,302.33,59865,540135
800000,2,719854.0,53721,402.93,80146,719854
1000000,2,899614.0,67169,503.55,100386,899614
2,3,2.0,0,0.0,0,2
3,3,3.0,0,0.0,0,3
100,3,92.0,39,0.34,8,92
200,3,181.0,81,0.72,19,181
2000,3,1801.0,832,7.81,199,1801
10000,3,8973.0,1748,13.79,1027,8973
20000,3,18022.0,2467,19.13,1978,18022
40000,3,35943.0,3871,29.67,4057,35943
60000,3,53874.0,5240,39.85,6126,53874
80000,3,71865.0,6594,50.09,8135,71865
100000,3,89929.0,7859,59.5,10071,89929
200000,3,179724.0,14564,109.79,20276,179724
400000,3,359571.0,28003,210.49,40429,359571
600000,3,539516.0,41279,310.24,60484,539516
800000,3,719206.0,54665,410.66,80794,719206
1000000,3,899347.0,67921,510.08,100653,899347
2,4,1.0,0,0.0,1,1
3,4,2.0,0,0.0,1,2
100,4,86.0,34,0.23,14,86
200,4,175.0,38,0.27,25,175
2000,4,1804.0,443,2.65,196,1804
10000,4,8992.0,1397,8.76,1008,8992
20000,4,17993.0,2034,13.52,2007,17993
40000,4,35923.0,3360,23.49,4077,35923
60000,4,53967.0,4696,33.49,6033,53967
80000,4,71953.0,5990,43.21,8047,71953
100000,4,89901.0,7354,53.5,10099,89901
200000,4,179752.0,13963,102.91,20248,179752
400000,4,359540.0,27449,203.91,40460,359540
600000,4,539428.0,41355,306.9,60572,539428
800000,4,719186.0,54599,406.54,80814,719186
1000000,4,899135.0,67733,505.42,100865,899135
2,5,2.0,1,0.01,0,2
3,5,3.0,1,0.01,0,3
100,5,89.0,5,0.05,11,89
200,5,181.0,15,0.11,19,181
2000,5,1809.0,386,2.21,191,1809
10000,5,8989.0,927,6.18,1011,8989
20000,5,17989.0,1902,12.76,2011,17989
40000,5,35999.0,3266,22.74,4001,35999
60000,5,54013.0,4546,32.36,5987,54013
80000,5,72049.0,5829,41.97,7951,72049
100000,5,90058.0,7157,52.02,9942,90058
200000,5,180037.0,13812,102.02,19963,180037
400000,5,359875.0,26926,200.54,40125,359875
600000,5,539461.0,40200,299.56,60539,539461
800000,5,719292.0,53415,399.0,80708,719292
1000000,5,899296.0,66687,498.31,100704,899296
2,6,1.0,0,0.0,1,1
3,6,2.0,0,0.0,1,2
100,6,87.0,75,0.39,13,87
200,6,178.0,172,0.89,22,178
2000,6,1785.0,460,2.96,215,1785
10000,6,9020.0,993,6.96,980,9020
20000,6,17979.0,1720,12.46,2021,17979
40000,6,35947.0,5390,45.98,4053,35947
60000,6,53859.0,6728,55.92,6141,53859
80000,6,71865.0,8022,65.6,8135,71865
100000,6,89799.0,9385,75.99,10201,89799
200000,6,179753.0,16102,126.38,20247,179753
400000,6,359658.0,29409,226.27,40342,359658
600000,6,539624.0,42859,327.2,60376,539624
800000,6,719361.0,56087,425.93,80639,719361
1000000,6,899002.0,69435,526.1,100998,899002
2,7,1.0,0,0.0,1,1
3,7,2.0,0,0.0,1,2
100,7,89.0,94,0.52,11,89
200,7,181.0,192,1.02,19,181
2000,7,1807.0,1923,10.0,193,1807
10000,7,8929.0,9658,53.01,1071,8929
20000,7,17876.0,19215,102.5,2124,17876
40000,7,35884.0,30867,164.04,4116,35884
60000,7,53933.0,32185,173.83,6067,53933
80000,7,71960.0,33523,183.83,8040,71960
100000,7,89964.0,34840,193.69,10036,89964
200000,7,179944.0,41621,244.57,20056,179944
400000,7,359841.0,55003,345.4,40159,359841
600000,7,540036.0,68078,443.17,59964,540036
800000,7,719772.0,81287,541.94,80228,719772
1000000,7,899763.0,94456,640.44,100237,899763
2,8,2.0,0,0.0,0,2
3,8,3.0,0,0.0,0,3
100,8,88.0,72,0.36,12,88
200,8,175.0,136,0.84,25,175
2000,8,1794.0,1867,9.76,206,1794
10000,8,8991.0,9590,50.37,1009,8991
20000,8,18009.0,19105,121.76,1991,18009
40000,8,35924.0,38430,221.74,4076,35924
60000,8,53833.0,54471,305.28,6167,53833
80000,8,71864.0,55759,315.07,8136,71864
100000,8,89844.0,57120,325.32,10156,89844
200000,8,179803.0,63820,375.4,20197,179803
400000,8,359514.0,77204,475.99,40486,359514
600000,8,539440.0,90633,577.01,60560,539440
800000,8,719170.0,103964,677.0,80830,719170
1000000,8,899019.0,117377,777.84,100981,899019
2,9,2.0,2,0.02,0,2
3,9,3.0,3,0.03,0,3
100,9,92.0,51,0.42,8,92
200,9,176.0,84,0.71,24,176
2000,9,1796.0,1739,10.53,204,1796
10000,9,8905.0,8249,59.9,1095,8905
20000,9,17876.0,10584,73.32,2124,17876
40000,9,35868.0,11913,83.28,4132,35868
60000,9,53789.0,13226,93.19,6211,53789
80000,9,71761.0,14597,103.28,8239,71761
100000,9,89752.0,15938,113.39,10248,89752
200000,9,179798.0,22484,162.53,20202,179798
400000,9,359628.0,35804,262.93,40372,359628
600000,9,539390.0,49220,363.67,60610,539390
800000,9,719353.0,62559,463.71,80647,719353
1000000,9,899322.0,75826,563.62,100678,899322
2,10,2.0,0,0.0,0,2
3,10,3.0,0,0.0,0,3
100,10,94.0,8,0.08,6,94
200,10,180.0,17,0.14,20,180
2000,10,1794.0,200,1.36,206,1794
10000,10,8963.0,720,5.22,1037,8963
20000,10,18002.0,1399,10.35,1998,18002
40000,10,35979.0,2730,20.28,4021,35979
60000,10,53940.0,4117,30.63,6060,53940
80000,10,71935.0,5468,40.73,8065,71935
100000,10,89931.0,6840,50.88,10069,89931
200000,10,179887.0,13448,100.49,20113,179887
400000,10,359988.0,26869,201.53,40012,359988
600000,10,539902.0,40328,302.66,60098,539902
800000,10,719926.0,53835,403.39,80074,719926
1000000,10,899881.0,67069,503.46,100119,899881
2,11,2.0,2,0.01,0,2
3,11,3.0,2,0.01,0,3
100,11,91.0,38,0.28,9,91
200,11,174.0,51,0.37,26,174
2000,11,1783.0,179,1.31,217,1783
10000,11,8984.0,914,7.17,1016,8984
20000,11,17951.0,1877,15.2,2049,17951
40000,11,35963.0,3329,26.42,4037,35963
60000,11,53996.0,4624,36.09,6004,53996
80000,11,71974.0,6008,46.45,8026,71974
100000,11,89889.0,7330,56.33,10111,89889
200000,11,179787.0,14001,106.03,20213,179787
400000,11,359818.0,27236,205.67,40182,359818
600000,11,539415.0,40476,304.71,60585,539415
800000,11,719208.0,53837,404.85,80792,719208
1000000,11,898909.0,67120,504.19,101091,898909
2,12,2.0,0,0.0,0,2
3,12,3.0,0,0.0,0,3
100,12,93.0,21,0.13,7,93
200,12,189.0,27,0.17,11,189
2000,12,1825.0,320,2.8,175,1825
10000,12,9001.0,962,7.77,999,9001
20000,12,18006.0,1746,13.37,1994,18006
40000,12,36015.0,3997,28.24,3985,36015
60000,12,53967.0,5338,38.23,6033,53967
80000,12,71953.0,6704,48.45,8047,71953
100000,12,90033.0,8051,58.6,9967,90033
200000,12,180017.0,14769,108.96,19983,180017
400000,12,359911.0,30552,220.35,40089,359911
600000,12,539842.0,43848,319.86,60158,539842
800000,12,719712.0,57300,420.58,80288,719712
1000000,12,899703.0,70659,520.55,100297,899703
2,13,1.0,0,0.0,1,1
3,13,2.0,0,0.0,1,2
100,13,93.0,94,0.47,7,93
200,13,184.0,188,0.97,16,184
2000,13,1815.0,1446,7.8,185,1815
10000,13,9007.0,4552,29.23,993,9007
20000,13,17962.0,5447,35.42,2038,17962
40000,13,35872.0,6927,46.02,4128,35872
60000,13,53855.0,8265,56.0,6145,53855
80000,13,71903.0,9596,66.03,8097,71903
100000,13,89903.0,10879,75.73,10097,89903
200000,13,179690.0,17564,125.95,20310,179690
400000,13,359467.0,30757,225.19,40533,359467
600000,13,539585.0,44110,325.19,60415,539585
800000,13,719430.0,57373,424.6,80570,719430
1000000,13,899376.0,70853,525.74,100624,899376
2,14,2.0,0,0.0,0,2
3,14,3.0,0,0.0,0,3
100,14,91.0,16,0.13,9,91
200,14,179.0,30,0.23,21,179
2000,14,1802.0,305,2.61,198,1802
10000,14,8999.0,867,6.7,1001,8999
20000,14,17961.0,2092,14.53,2039,17961
40000,14,35884.0,5121,41.41,4116,35884
60000,14,53844.0,6452,51.36,6156,53844
80000,14,71877.0,7760,61.14,8123,71877
100000,14,89786.0,9069,71.12,10214,89786
200000,14,179814.0,16388,124.42,20186,179814
400000,14,359767.0,29841,225.24,40233,359767
600000,14,539758.0,43158,324.89,60242,539758
800000,14,719570.0,56394,424.14,80430,719570
1000000,14,899334.0,69731,524.64,100666,899334
2,15,2.0,0,0.0,0,2
3,15,3.0,0,0.0,0,3
100,15,91.0,23,0.17,9,91
200,15,184.0,28,0.2,16,184
2000,15,1803.0,228,1.8,197,1803
10000,15,9013.0,745,5.78,987,9013
20000,15,18024.0,1400,10.63,1976,18024
40000,15,36035.0,2717,20.51,3965,36035
60000,15,54061.0,4071,30.56,5939,54061
80000,15,72042.0,5419,40.83,7958,72042
100000,15,89972.0,6753,50.76,10028,89972
200000,15,179875.0,13479,101.55,20125,179875
400000,15,359789.0,26786,201.17,40211,359789
600000,15,539648.0,40078,300.76,60352,539648
800000,15,719501.0,53429,400.63,80499,719501
1000000,15,899406.0,66672,500.15,100594,899406
2,16,1.0,0,0.0,1,1
3,16,2.0,0,0.0,1,2
100,16,86.0,17,0.11,14,86
200,16,180.0,23,0.14,20,180
2000,16,1804.0,133,0.98,196,1804
10000,16,9024.0,675,5.21,976,9024
20000,16,18037.0,1334,10.13,1963,18037
40000,16,36046.0,3256,23.31,3954,36046
60000,16,54024.0,4744,34.03,5976,54024
80000,16,71952.0,6108,44.23,8048,71952
100000,16,89900.0,7434,54.12,10100,89900
200000,16,179919.0,15767,112.54,20081,179919
400000,16,359828.0,28983,211.87,40172,359828
600000,16,540005.0,42275,311.75,59995,540005
800000,16,720007.0,55615,411.49,79993,720007
1000000,16,900096.0,69067,511.98,99904,900096
2,17,1.0,0,0.0,1,1
3,17,2.0,1,0.01,1,2
100,17,88.0,65,0.57,12,88
200,17,176.0,68,0.6,24,176
2000,17,1798.0,177,1.43,202,1798
10000,17,9013.0,1124,9.5,987,9013
20000,17,17992.0,2289,19.39,2008,17992
40000,17,36028.0,3779,30.97,3972,36028
60000,17,54059.0,5367,43.81,5941,54059
80000,17,72055.0,6635,53.21,7945,72055
100000,17,90011.0,7958,63.17,9989,90011
200000,17,179939.0,15877,119.9,20061,179939
400000,17,359998.0,29285,220.62,40002,359998
600000,17,540072.0,42573,320.07,59928,540072
800000,17,720004.0,55867,420.03,79996,720004
1000000,17,899944.0,69032,518.78,100056,899944
2,18,2.0,0,0.0,0,2
3,18,3.0,0,0.0,0,3
100,18,91.0,10,0.07,9,91
200,18,181.0,19,0.13,19,181
2000,18,1802.0,252,1.6,198,1802
10000,18,9020.0,778,5.54,980,9020
20000,18,17977.0,1466,10.69,2023,17977
40000,18,35985.0,2768,20.65,4015,35985
60000,18,53984.0,4118,30.79,6016,53984
80000,18,71955.0,5418,40.44,8045,71955
100000,18,90034.0,6760,50.56,9966,90034
200000,18,180100.0,13499,101.24,19900,180100
400000,18,359841.0,26678,199.78,40159,359841
600000,18,539715.0,39934,299.19,60285,539715
800000,18,719769.0,53208,398.36,80231,719769
1000000,18,899738.0,66583,498.31,100262,899738
2,19,2.0,0,0.0,0,2
3,19,3.0,0,0.0,0,3
100,19,91.0,33,0.17,9,91
200,19,177.0,67,0.5,23,177
2000,19,1776.0,1724,16.3,224,1776
10000,19,8957.0,9432,74.62,1043,8957
20000,19,17967.0,19087,124.57,2033,17967
40000,19,35826.0,38127,223.02,4174,35826
60000,19,53681.0,57461,322.99,6319,53681
80000,19,71604.0,65625,367.08,8396,71604
100000,19,89685.0,66986,377.18,10315,89685
200000,19,179670.0,73614,427.16,20330,179670
400000,19,359563.0,86939,526.88,40437,359563
600000,19,539357.0,100320,627.32,60643,539357
800000,19,719366.0,113761,728.28,80634,719366
1000000,19,899230.0,126871,826.88,100770,899230
2,20,2.0,0,0.0,0,2
3,20,3.0,0,0.0,0,3
100,20,88.0,11,0.09,12,88
200,20,180.0,17,0.13,20,180
2000,20,1798.0,167,1.25,202,1798
10000,20,9026.0,912,7.3,974,9026
20000,20,17960.0,1549,12.13,2040,17960
40000,20,36039.0,2956,22.66,3961,36039
60000,20,54052.0,4854,35.55,5948,54052
80000,20,72052.0,6175,45.54,7948,72052
100000,20,90023.0,7447,55.12,9977,90023
200000,20,179927.0,14025,104.58,20073,179927
400000,20,359802.0,27362,204.96,40198,359802
600000,20,539451.0,40914,306.39,60549,539451
800000,20,719143.0,54322,407.27,80857,719143
1000000,20,899035.0,67562,505.99,100965,899035
2,21,2.0,0,0.0,0,2
3,21,3.0,0,0.0,0,3
100,21,89.0,40,0.2,11,89
200,21,183.0,71,0.48,17,183
2000,21,1813.0,182,1.31,187,1813
10000,21,9019.0,713,5.22,981,9019
20000,21,18001.0,1411,10.42,1999,18001
40000,21,35971.0,2890,21.91,4029,35971
60000,21,54021.0,4276,32.42,5979,54021
80000,21,71979.0,6330,45.88,8021,71979
100000,21,90056.0,7656,55.84,9944,90056
200000,21,179874.0,14261,105.31,20126,179874
400000,21,359921.0,27555,204.77,40079,359921
600000,21,539837.0,40833,304.46,60163,539837
800000,21,719712.0,54134,404.23,80288,719712
1000000,21,899758.0,67335,502.76,100242,899758
2,22,1.0,0,0.0,1,1
3,22,2.0,0,0.0,1,2
100,22,88.0,91,0.47,12,88
200,22,183.0,187,0.97,17,183
2000,22,1760.0,1850,9.55,240,1760
10000,22,8924.0,9481,49.09,1076,8924
20000,22,17910.0,15794,82.23,2090,17910
40000,22,35859.0,17175,92.64,4141,35859
60000,22,53792.0,18532,102.78,6208,53792
80000,22,71737.0,19877,112.83,8263,71737
100000,22,89751.0,21230,122.98,10249,89751
200000,22,179607.0,27907,173.17,20393,179607
400000,22,359697.0,41254,273.17,40303,359697
600000,22,539583.0,54575,372.88,60417,539583
800000,22,719608.0,68098,473.98,80392,719608
1000000,22,899293.0,81603,574.97,100707,899293
2,23,2.0,0,0.0,0,2
3,23,3.0,0,0.0,0,3
100,23,91.0,15,0.13,9,91
200,23,177.0,30,0.26,23,177
2000,23,1801.0,400,3.67,199,1801
10000,23,8989.0,5806,56.4,1011,8989
20000,23,17991.0,8328,79.85,2009,17991
40000,23,35922.0,9877,91.99,4078,35922
60000,23,53930.0,11418,103.19,6070,53930
80000,23,71898.0,12958,114.19,8102,71898
100000,23,89903.0,14292,124.12,10097,89903
200000,23,179821.0,21004,174.61,20179,179821
400000,23,359726.0,34429,275.4,40274,359726
600000,23,539709.0,47819,376.03,60291,539709
800000,23,719622.0,61055,475.55,80378,719622
1000000,23,899454.0,74343,575.17,100546,899454
2,24,2.0,0,0.0,0,2
3,24,3.0,0,0.0,0,3
100,24,90.0,10,0.08,10,90
200,24,180.0,17,0.14,20,180
2000,24,1801.0,372,3.31,199,1801
10000,24,9052.0,1595,14.12,948,9052
20000,24,18043.0,2299,19.44,1957,18043
40000,24,35996.0,3635,29.48,4004,35996
60000,24,54013.0,4933,39.15,5987,54013
80000,24,72007.0,6217,48.66,7993,72007
100000,24,89946.0,7549,58.57,10054,89946
200000,24,179939.0,14305,109.65,20061,179939
400000,24,359460.0,27541,209.03,40540,359460
600000,24,539183.0,40915,309.26,60817,539183
800000,24,719146.0,54295,409.77,80854,719146
1000000,24,899228.0,67548,509.06,100772,899228
2,25,2.0,0,0.0,0,2
3,25,3.0,0,0.0,0,3
100,25,90.0,11,0.08,10,90
200,25,176.0,14,0.1,24,176
2000,25,1795.0,232,2.04,205,1795
10000,25,8915.0,1299,11.27,1085,8915
20000,25,17912.0,2312,19.68,2088,17912
40000,25,35892.0,3848,31.02,4108,35892
60000,25,53811.0,5355,43.07,6189,53811
80000,25,71766.0,14572,132.12,8234,71766
100000,25,89689.0,16637,149.68,10311,89689
200000,25,179546.0,23325,199.69,20454,179546
400000,25,359630.0,36549,298.84,40370,359630
600000,25,539677.0,50055,400.28,60323,539677
800000,25,719709.0,63402,500.68,80291,719709
1000000,25,899591.0,76580,599.38,100409,899591
2,26,2.0,0,0.0,0,2
3,26,3.0,0,0.0,0,3
100,26,87.0,79,0.43,13,87
200,26,177.0,174,1.11,23,177
2000,26,1782.0,1874,10.23,218,1782
10000,26,8957.0,9574,73.17,1043,8957
20000,26,17882.0,19242,168.3,2118,17882
40000,26,35861.0,26713,239.87,4139,35861
60000,26,53862.0,28065,249.95,6138,53862
80000,26,71835.0,29434,260.32,8165,71835
100000,26,89773.0,30778,270.6,10227,89773
200000,26,179855.0,37523,321.26,20145,179855
400000,26,359785.0,50675,419.95,40215,359785
600000,26,539753.0,63995,519.94,60247,539753
800000,26,719759.0,77229,619.02,80241,719759
1000000,26,899899.0,90541,718.82,100101,899899
2,27,1.0,1,0.01,1,1
3,27,2.0,1,0.01,1,2
100,27,89.0,75,0.74,11,89
200,27,177.0,136,1.34,23,177
2000,27,1790.0,291,2.42,210,1790
10000,27,9032.0,800,6.26,968,9032
20000,27,17945.0,2004,16.67,2055,17945
40000,27,35966.0,3375,27.08,4034,35966
60000,27,53918.0,4747,37.53,6082,53918
80000,27,71845.0,6081,47.48,8155,71845
100000,27,89844.0,7411,57.48,10156,89844
200000,27,179753.0,14067,107.28,20247,179753
400000,27,359707.0,27310,206.27,40293,359707
600000,27,539792.0,40621,306.28,60208,539792
800000,27,719734.0,53915,405.7,80266,719734
1000000,27,899416.0,67307,506.27,100584,899416
2,28,2.0,2,0.02,0,2
3,28,3.0,3,0.03,0,3
100,28,85.0,81,0.73,15,85
200,28,169.0,176,1.65,31,169
2000,28,1765.0,1892,18.51,235,1765
10000,28,8854.0,9576,93.54,1146,8854
20000,28,17850.0,19237,149.88,2150,17850
40000,28,35719.0,38583,250.05,4281,35719
60000,28,53646.0,57940,350.27,6354,53646
80000,28,71520.0,77285,450.46,8480,71520
100000,28,89527.0,96642,550.35,10473,89527
200000,28,179129.0,179385,981.23,20871,179129
400000,28,359046.0,192643,1080.44,40954,359046
600000,28,538969.0,206123,1181.41,61031,538969
800000,28,718876.0,219374,1280.4,81124,718876
1000000,28,898935.0,232764,1381.23,101065,898935
2,29,2.0,0,0.0,0,2
3,29,3.0,0,0.0,0,3
100,29,88.0,89,0.47,12,88
200,29,183.0,189,0.98,17,183
2000,29,1801.0,1217,6.85,199,1801
10000,29,8976.0,7161,37.95,1024,8976
20000,29,17970.0,12503,66.85,2030,17970
40000,29,35895.0,18802,126.29,4105,35895
60000,29,53838.0,20413,139.12,6162,53838
80000,29,71773.0,22012,151.6,8227,71773
100000,29,89780.0,23342,161.61,10220,89780
200000,29,179688.0,30049,211.69,20312,179688
400000,29,359642.0,43221,310.92,40358,359642
600000,29,539704.0,56567,410.57,60296,539704
800000,29,719388.0,69827,509.87,80612,719388
1000000,29,899262.0,83233,610.38,100738,899262
2,30,2.0,0,0.0,0,2
3,30,3.0,0,0.0,0,3
100,30,90.0,11,0.08,10,90
200,30,177.0,14,0.11,23,177
2000,30,1810.0,288,2.55,190,1810
10000,30,8961.0,1534,13.77,1039,8961
20000,30,17990.0,2203,18.78,2010,17990
40000,30,35986.0,3561,28.88,4014,35986
60000,30,53885.0,4869,38.62,6115,53885
80000,30,71855.0,6202,48.5,8145,71855
100000,30,89851.0,7526,58.33,10149,89851
200000,30,179759.0,14211,108.59,20241,179759
400000,30,359624.0,27446,207.82,40376,359624
600000,30,539705.0,41010,309.58,60295,539705
800000,30,719472.0,54343,409.45,80528,719472
1000000,30,899599.0,67620,509.12,100401,899599
2,31,0.0,0,0.0,2,0
3,31,1.0,0,0.0,2,1
100,31,88.0,91,0.5,12,88
200,31,173.0,191,1.11,27,173
2000,31,1793.0,741,4.11,207,1793
10000,31,8946.0,1426,9.02,1054,8946
20000,31,17947.0,2273,15.01,2053,17947
40000,31,35906.0,3630,25.15,4094,35906
60000,31,53909.0,4973,35.01,6091,53909
80000,31,71885.0,8155,54.46,8115,71885
100000,31,89948.0,9535,64.68,10052,89948
200000,31,179845.0,16166,114.19,20155,179845
400000,31,359619.0,29413,213.61,40381,359619
600000,31,539367.0,42781,314.11,60633,539367
800000,31,719286.0,56244,415.59,80714,719286
1000000,31,899125.0,69678,516.08,100875,899125
2,32,2.0,0,0.0,0,2
3,32,3.0,0,0.0,0,3
100,32,89.0,57,0.52,11,89
200,32,178.0,154,1.45,22,178
2000,32,1789.0,1024,9.87,211,1789
10000,32,8953.0,2774,25.76,1047,8953
20000,32,17945.0,3577,31.47,2055,17945
40000,32,35996.0,4923,41.8,4004,35996
60000,32,53963.0,6738,54.21,6037,53963
80000,32,71925.0,8155,64.73,8075,71925
100000,32,89904.0,9588,75.36,10096,89904
200000,32,179909.0,16139,124.65,20091,179909
400000,32,359879.0,29574,225.27,40121,359879
600000,32,539974.0,42948,325.33,60026,539974
800000,32,719643.0,56290,424.97,80357,719643
1000000,32,899598.0,69471,523.12,100402,899598
2,33,2.0,0,0.0,0,2
3,33,3.0,0,0.0,0,3
100,33,91.0,15,0.1,9,91
200,33,181.0,19,0.14,19,181
2000,33,1800.0,140,1.05,200,1800
10000,33,8956.0,667,4.99,1044,8956
20000,33,17964.0,1397,10.57,2036,17964
40000,33,35946.0,3000,21.96,4054,35946
60000,33,53904.0,4282,31.55,6096,53904
80000,33,71853.0,5609,41.67,8147,71853
100000,33,89813.0,6853,51.05,10187,89813
200000,33,179922.0,13453,100.29,20078,179922
400000,33,359980.0,26604,198.72,40020,359980
600000,33,539707.0,39795,297.52,60293,539707
800000,33,719491.0,53166,397.4,80509,719491
1000000,33,899213.0,66703,499.0,100787,899213
2,34,2.0,0,0.0,0,2
3,34,3.0,1,0.01,0,3
100,34,90.0,86,0.45,10,90
200,34,182.0,184,0.96,18,182
2000,34,1802.0,1910,10.55,198,1802
10000,34,8913.0,8597,46.61,1087,8913
20000,34,17901.0,10759,58.88,2099,17901
40000,34,35919.0,12090,68.98,4081,35919
60000,34,53908.0,13392,78.68,6092,53908
80000,34,71956.0,14764,88.91,8044,71956
100000,34,89952.0,16091,98.82,10048,89952
200000,34,179909.0,22733,148.7,20091,179909
400000,34,359739.0,35955,247.2,40261,359739
600000,34,539793.0,49105,345.7,60207,539793
800000,34,719569.0,62367,444.91,80431,719569
1000000,34,899797.0,75686,544.96,100203,899797
2,35,2.0,0,0.0,0,2
3,35,3.0,0,0.0,0,3
100,35,85.0,86,0.83,15,85
200,35,181.0,182,1.77,19,181
2000,35,1784.0,1927,13.49,216,1784
10000,35,8944.0,9681,53.71,1056,8944
20000,35,17882.0,19340,103.91,2118,17882
40000,35,35746.0,38553,209.4,4254,35746
60000,35,53686.0,57878,309.3,6314,53686
80000,35,71584.0,76489,405.47,8416,71584
100000,35,89534.0,89633,474.74,10466,89534
200000,35,179498.0,96369,525.29,20502,179498
400000,35,359428.0,109759,625.91,40572,359428
600000,35,539478.0,123147,726.03,60522,539478
800000,35,719494.0,136449,826.01,80506,719494
1000000,35,899523.0,149846,926.66,100477,899523
2,36,2.0,0,0.0,0,2
3,36,3.0,0,0.0,0,3
100,36,91.0,82,0.41,9,91
200,36,178.0,178,1.13,22,178
2000,36,1784.0,1850,10.04,216,1784
10000,36,8933.0,9574,51.27,1067,8933
20000,36,17844.0,19238,101.0,2156,17844
40000,36,35707.0,38580,200.71,4293,35707
60000,36,53583.0,57926,300.65,6417,53583
80000,36,71531.0,77253,400.61,8469,71531
100000,36,89422.0,96591,500.72,10578,89422
200000,36,178925.0,193238,1000.15,21075,178925
400000,36,358724.0,231069,1222.29,41276,358724
600000,36,538421.0,244588,1323.62,61579,538421
800000,36,718143.0,258008,1424.33,81857,718143
1000000,36,898114.0,271528,1525.81,101886,898114
2,37,2.0,0,0.0,0,2
3,37,3.0,0,0.0,0,3
100,37,89.0,55,0.49,11,89
200,37,182.0,151,1.42,18,182
2000,37,1802.0,1888,18.35,198,1802
10000,37,8943.0,9372,65.35,1057,8943
20000,37,17828.0,19016,116.66,2172,17828
40000,37,35655.0,38193,216.0,4345,35655
60000,37,53630.0,47019,263.62,6370,53630
80000,37,71587.0,48365,273.68,8413,71587
100000,37,89582.0,49625,283.36,10418,89582
200000,37,179618.0,56149,331.97,20382,179618
400000,37,359258.0,69541,432.26,40742,359258
600000,37,539025.0,82837,531.93,60975,539025
800000,37,718977.0,96201,632.19,81023,718977
1000000,37,898827.0,109640,732.56,101173,898827
2,38,2.0,0,0.0,0,2
3,38,3.0,0,0.0,0,3
100,38,91.0,28,0.14,9,91
200,38,185.0,37,0.21,15,185
2000,38,1811.0,160,1.12,189,1811
10000,38,9012.0,2301,13.28,988,9012
20000,38,18031.0,2998,18.35,1969,18031
40000,38,36025.0,4320,28.34,3975,36025
60000,38,53942.0,5676,38.65,6058,53942
80000,38,71941.0,7029,48.82,8059,71941
100000,38,89850.0,8385,58.88,10150,89850
200000,38,179656.0,14926,107.74,20344,179656
400000,38,359541.0,28131,206.42,40459,359541
600000,38,539602.0,41344,305.4,60398,539602
800000,38,719657.0,54644,405.29,80343,719657
1000000,38,899582.0,67925,504.88,100418,899582
2,39,2.0,0,0.0,0,2
3,39,3.0,0,0.0,0,3
100,39,90.0,74,0.72,10,90
200,39,174.0,170,1.67,26,174
2000,39,1773.0,366,3.22,227,1773
10000,39,9029.0,1856,12.14,971,9029
20000,39,18040.0,2478,16.91,1960,18040
40000,39,35970.0,4468,33.47,4030,35970
60000,39,53908.0,5811,43.34,6092,53908
80000,39,71921.0,7145,53.53,8079,71921
100000,39,89936.0,8461,63.43,10064,89936
200000,39,180034.0,15049,112.62,19966,180034
400000,39,359853.0,28434,213.16,40147,359853
600000,39,539660.0,41765,313.02,60340,539660
800000,39,719697.0,55141,413.5,80303,719697
1000000,39,899602.0,68422,512.91,100398,899602
2,40,1.0,0,0.0,1,1
3,40,2.0,0,0.0,1,2
100,40,90.0,56,0.4,10,90
200,40,182.0,152,1.05,18,182
2000,40,1784.0,1882,10.38,216,1784
10000,40,8948.0,9013,47.82,1052,8948
20000,40,17850.0,17981,94.36,2150,17850
40000,40,35813.0,19334,104.61,4187,35813
60000,40,53807.0,20621,114.17,6193,53807
80000,40,71801.0,21910,123.85,8199,71801
100000,40,89813.0,23168,133.25,10187,89813
200000,40,179937.0,29959,184.44,20063,179937
400000,40,359907.0,43264,284.28,40093,359907
600000,40,540012.0,56661,385.06,59988,540012
800000,40,719856.0,70008,485.68,80144,719856
1000000,40,899531.0,83255,585.03,100469,899531
2,41,1.0,0,0.0,1,1
3,41,2.0,0,0.0,1,2
100,41,84.0,86,0.45,16,84
200,41,175.0,182,0.95,25,175
2000,41,1787.0,1922,12.6,213,1787
10000,41,8983.0,3427,21.49,1017,8983
20000,41,17985.0,7810,63.62,2015,17985
40000,41,35969.0,13568,117.86,4031,35969
60000,41,53966.0,14842,127.51,6034,53966
80000,41,72051.0,16175,137.48,7949,72051
100000,41,90023.0,17608,148.23,9977,90023
200000,41,179915.0,24245,197.85,20085,179915
400000,41,359796.0,37597,297.88,40204,359796
600000,41,539592.0,50890,397.5,60408,539592
800000,41,719621.0,64174,497.31,80379,719621
1000000,41,899406.0,77371,595.66,100594,899406
2,42,2.0,0,0.0,0,2
3,42,2.0,0,0.0,1,2
100,42,92.0,83,0.71,8,92
200,42,183.0,161,1.3,17,183
2000,42,1791.0,838,7.67,209,1791
10000,42,8938.0,8074,46.14,1062,8938
20000,42,17875.0,17758,96.22,2125,17875
40000,42,35798.0,37052,195.73,4202,35798
60000,42,53700.0,56111,294.27,6300,53700
80000,42,71672.0,75448,394.47,8328,71672
100000,42,89611.0,94788,494.4,10389,89611
200000,42,179291.0,149235,783.14,20709,179291
400000,42,359060.0,162443,882.37,40940,359060
600000,42,538880.0,175769,982.22,61120,538880
800000,42,718785.0,189050,1081.53,81215,718785
1000000,42,898615.0,202525,1182.42,101385,898615
2,43,2.0,0,0.0,0,2
3,43,3.0,0,0.0,0,3
100,43,91.0,29,0.26,9,91
200,43,187.0,36,0.32,13,187
2000,43,1830.0,1164,11.29,170,1830
10000,43,9003.0,3386,31.66,997,9003
20000,43,17970.0,4400,38.36,2030,17970
40000,43,35873.0,9750,88.02,4127,35873
60000,43,53807.0,11092,97.96,6193,53807
80000,43,71816.0,12437,108.08,8184,71816
100000,43,89870.0,13694,117.46,10130,89870
200000,43,179748.0,20433,167.85,20252,179748
400000,43,359734.0,33581,266.71,40266,359734
600000,43,539356.0,46735,365.22,60644,539356
800000,43,719218.0,60052,465.15,80782,719218
1000000,43,899290.0,73292,564.56,100710,899290
2,44,2.0,0,0.0,0,2
3,44,3.0,0,0.0,0,3
100,44,90.0,55,0.53,10,90
200,44,183.0,150,1.47,17,183
2000,44,1784.0,1172,8.12,216,1784
10000,44,8979.0,1719,12.32,1021,8979
20000,44,17974.0,2433,17.72,2026,17974
40000,44,36005.0,3808,28.12,3995,36005
60000,44,54020.0,5165,38.47,5980,54020
80000,44,72012.0,6512,48.49,7988,72012
100000,44,89988.0,7813,58.24,10012,89988
200000,44,180053.0,14485,108.12,19947,180053
400000,44,359692.0,27690,206.79,40308,359692
600000,44,539648.0,40856,305.63,60352,539648
800000,44,719493.0,54166,405.48,80507,719493
1000000,44,899410.0,67560,505.77,100590,899410
2,45,2.0,0,0.0,0,2
3,45,3.0,0,0.0,0,3
100,45,92.0,11,0.09,8,92
200,45,185.0,14,0.11,15,185
2000,45,1790.0,149,1.08,210,1790
10000,45,8957.0,5343,41.03,1043,8957
20000,45,17936.0,15017,91.17,2064,17936
40000,45,35833.0,34339,207.95,4167,35833
60000,45,53760.0,53650,307.78,6240,53760
80000,45,71613.0,72990,407.82,8387,71613
100000,45,89511.0,92306,507.72,10489,89511
200000,45,179174.0,165516,894.11,20826,179174
400000,45,359434.0,178905,994.61,40566,359434
600000,45,539203.0,192128,1093.84,60797,539203
800000,45,719035.0,205464,1194.01,80965,719035
1000000,45,898913.0,218851,1294.95,101087,898913
2,46,2.0,2,0.02,0,2
3,46,3.0,3,0.03,0,3
100,46,89.0,24,0.21,11,89
200,46,175.0,34,0.3,25,175
2000,46,1792.0,192,1.63,208,1792
10000,46,8976.0,1483,13.08,1024,8976
20000,46,17974.0,2268,19.39,2026,17974
40000,46,35927.0,3821,31.39,4073,35927
60000,46,53966.0,5184,41.74,6034,53966
80000,46,71909.0,6489,51.6,8091,71909
100000,46,89860.0,12295,84.0,10140,89860
200000,46,180061.0,18973,133.63,19939,180061
400000,46,360218.0,32237,232.86,39782,360218
600000,46,540083.0,45602,333.08,59917,540083
800000,46,720060.0,58898,432.7,79940,720060
1000000,46,899816.0,72197,532.2,100184,899816
2,47,2.0,0,0.0,0,2
3,47,3.0,0,0.0,0,3
100,47,85.0,6,0.05,15,85
200,47,173.0,11,0.08,27,173
2000,47,1781.0,1341,7.86,219,1781
10000,47,8981.0,9093,48.07,1019,8981
20000,47,17943.0,18771,98.22,2057,17943
40000,47,35835.0,38078,197.85,4165,35835
60000,47,53805.0,53920,281.21,6195,53805
80000,47,71823.0,55145,290.45,8177,71823
100000,47,89822.0,56393,299.78,10178,89822
200000,47,179789.0,63131,350.28,20211,179789
400000,47,359781.0,76475,450.42,40219,359781
600000,47,539702.0,89785,550.13,60298,539702
800000,47,719511.0,103103,650.15,80489,719511
1000000,47,899274.0,116258,748.53,100726,899274
2,48,2.0,0,0.0,0,2
3,48,3.0,0,0.0,0,3
100,48,84.0,11,0.08,16,84
200,48,175.0,19,0.14,25,175
2000,48,1798.0,1271,12.38,202,1798
10000,48,8928.0,9004,56.19,1072,8928
20000,48,17898.0,18692,106.18,2102,17898
40000,48,35817.0,38003,206.02,4183,35817
60000,48,53723.0,57338,305.88,6277,53723
80000,48,71575.0,76692,405.78,8425,71575
100000,48,89447.0,96041,505.99,10553,89447
200000,48,179019.0,192751,1006.19,20981,179019
400000,48,358567.0,298498,1568.5,41433,358567
600000,48,538466.0,311836,1668.6,61534,538466
800000,48,718463.0,325164,1768.28,81537,718463
1000000,48,898644.0,338296,1866.56,101356,898644
2,49,1.0,0,0.0,1,1
3,49,2.0,0,0.0,1,2
100,49,88.0,88,0.85,12,88
200,49,177.0,182,1.78,23,177
2000,49,1793.0,1930,12.59,207,1793
10000,49,8931.0,9695,53.99,1069,8931
20000,49,17888.0,19364,103.96,2112,17888
40000,49,35840.0,31749,169.05,4160,35840
60000,49,53866.0,33058,178.96,6134,53866
80000,49,71806.0,34421,189.27,8194,71806
100000,49,89800.0,35783,199.33,10200,89800
200000,49,179723.0,42430,249.15,20277,179723
400000,49,359766.0,55734,349.32,40234,359766
600000,49,539618.0,69045,449.18,60382,539618
800000,49,719281.0,82267,548.31,80719,719281
1000000,49,899279.0,95783,649.0,100721,899279
2,50,2.0,0,0.0,0,2
3,50,2.0,0,0.0,1,2
100,50,88.0,22,0.16,12,88
200,50,174.0,32,0.24,26,174
2000,50,1776.0,161,1.24,224,1776
10000,50,8942.0,1117,9.38,1058,8942
20000,50,17948.0,2758,19.26,2052,17948
40000,50,35910.0,4191,30.14,4090,35910
60000,50,53833.0,6188,43.58,6167,53833
80000,50,71768.0,8945,60.9,8232,71768
100000,50,89705.0,10283,71.06,10295,89705
200000,50,179741.0,16978,121.07,20259,179741
400000,50,359538.0,30302,220.98,40462,359538
600000,50,539523.0,43490,319.96,60477,539523
800000,50,719508.0,56885,420.11,80492,719508
1000000,50,899262.0,70321,520.74,100738,899262
2,51,1.0,0,0.0,1,1
3,51,2.0,0,0.0,1,2
100,51,90.0,93,0.52,10,90
200,51,181.0,187,1.0,19,181
2000,51,1794.0,1887,16.87,206,1794
10000,51,8926.0,9489,89.96,1074,8926
20000,51,17868.0,19214,144.25,2132,17868
40000,51,35820.0,38522,244.16,4180,35820
60000,51,53670.0,57868,344.28,6330,53670
80000,51,71561.0,76855,442.47,8439,71561
100000,51,89478.0,96187,542.52,10522,89478
200000,51,179467.0,110317,630.18,20533,179467
400000,51,359503.0,123753,730.99,40497,359503
600000,51,539493.0,137027,831.12,60507,539493
800000,51,719255.0,150331,931.69,80745,719255
1000000,51,899242.0,163746,1032.73,100758,899242
2,52,2.0,0,0.0,0,2
3,52,3.0,0,0.0,0,3
100,52,88.0,11,0.09,12,88
200,52,183.0,14,0.11,17,183
2000,52,1794.0,256,2.2,206,1794
10000,52,9009.0,758,5.98,991,9009
20000,52,18052.0,1432,10.94,1948,18052
40000,52,36050.0,2757,20.67,3950,36050
60000,52,54044.0,4134,30.72,5956,54044
80000,52,72051.0,5439,40.65,7949,72051
100000,52,90015.0,6785,50.63,9985,90015
200000,52,180016.0,13401,99.99,19984,180016
400000,52,359750.0,26815,200.15,40250,359750
600000,52,539656.0,40246,300.99,60344,539656
800000,52,719548.0,53560,401.22,80452,719548
1000000,52,899619.0,67041,502.74,100381,899619
2,53,2.0,0,0.0,0,2
3,53,3.0,0,0.0,0,3
100,53,91.0,12,0.09,9,91
200,53,185.0,20,0.14,15,185
2000,53,1822.0,162,1.15,178,1822
10000,53,9031.0,816,6.27,969,9031
20000,53,17991.0,1447,11.01,2009,17991
40000,53,36005.0,2920,22.52,3995,36005
60000,53,53980.0,4251,32.51,6020,53980
80000,53,72004.0,5961,46.18,7996,72004
100000,53,89968.0,7284,56.15,10032,89968
200000,53,180029.0,14161,107.74,19971,180029
400000,53,359806.0,27500,207.69,40194,359806
600000,53,539886.0,40779,307.45,60114,539886
800000,53,719876.0,54065,407.59,80124,719876
1000000,53,899609.0,67183,506.41,100391,899609
2,54,2.0,1,0.01,0,2
3,54,3.0,1,0.01,0,3
100,54,92.0,20,0.12,8,92
200,54,181.0,35,0.21,19,181
2000,54,1806.0,1452,13.96,194,1806
10000,54,8957.0,9187,80.54,1043,8957
20000,54,17891.0,18871,148.19,2109,17891
40000,54,35755.0,38217,248.68,4245,35755
60000,54,53640.0,57585,348.81,6360,53640
80000,54,71624.0,62295,375.75,8376,71624
100000,54,89602.0,63638,385.75,10398,89602
200000,54,179548.0,70376,436.55,20452,179548
400000,54,359502.0,83783,537.32,40498,359502
600000,54,539218.0,97315,638.38,60782,539218
800000,54,719229.0,110618,738.21,80771,719229
1000000,54,899186.0,123881,837.84,100814,899186
2,55,2.0,0,0.0,0,2
3,55,3.0,0,0.0,0,3
100,55,87.0,82,0.8,13,87
200,55,179.0,179,1.75,21,179
2000,55,1774.0,1863,18.24,226,1774
10000,55,8939.0,9278,65.77,1061,8939
20000,55,17880.0,16454,103.37,2120,17880
40000,55,35881.0,17759,113.07,4119,35881
60000,55,53824.0,19092,123.04,6176,53824
80000,55,71748.0,20447,133.18,8252,71748
100000,55,89758.0,21765,143.02,10242,89758
200000,55,179756.0,28406,192.58,20244,179756
400000,55,359751.0,41558,291.72,40249,359751
600000,55,539463.0,54843,391.29,60537,539463
800000,55,719202.0,68106,490.88,80798,719202
1000000,55,899095.0,81359,590.3,100905,899095
2,56,2.0,0,0.0,0,2
3,56,3.0,0,0.0,0,3
100,56,93.0,19,0.13,7,93
200,56,182.0,35,0.21,18,182
2000,56,1800.0,204,1.57,200,1800
10000,56,8984.0,4876,28.52,1016,8984
20000,56,17930.0,13091,71.32,2070,17930
40000,56,35843.0,32439,171.27,4157,35843
60000,56,53726.0,51589,270.47,6274,53726
80000,56,71657.0,70866,370.14,8343,71657
100000,56,89603.0,90125,469.75,10397,89603
200000,56,179268.0,186778,970.62,20732,179268
400000,56,358164.0,368337,1911.48,41836,358164
600000,56,538096.0,381597,2010.66,61904,538096
800000,56,717806.0,394824,2109.83,82194,717806
1000000,56,897891.0,408018,2208.9,102109,897891
2,57,1.0,0,0.0,1,1
3,57,2.0,1,0.01,1,2
100,57,91.0,94,0.9,9,91
200,57,187.0,191,1.85,13,187
2000,57,1809.0,1011,9.65,191,1809
10000,57,8955.0,6570,63.91,1045,8955
20000,57,17959.0,7242,69.11,2041,17959
40000,57,35908.0,8603,79.26,4092,35908
60000,57,53836.0,9983,89.67,6164,53836
80000,57,71785.0,11364,100.02,8215,71785
100000,57,89801.0,12676,109.92,10199,89801
200000,57,179785.0,19480,160.72,20215,179785
400000,57,359615.0,33484,263.84,40385,359615
600000,57,539449.0,46756,363.48,60551,539449
800000,57,719239.0,60243,464.41,80761,719239
1000000,57,899123.0,73727,565.48,100877,899123
2,58,2.0,0,0.0,0,2
3,58,3.0,0,0.0,0,3
100,58,87.0,60,0.57,13,87
200,58,176.0,156,1.52,24,176
2000,58,1796.0,1093,10.52,204,1796
10000,58,8974.0,2947,27.88,1026,8974
20000,58,17991.0,4899,39.35,2009,17991
40000,58,35908.0,6435,50.29,4092,35908
60000,58,53818.0,7688,59.53,6182,53818
80000,58,71835.0,8986,69.43,8165,71835
100000,58,89847.0,10404,80.17,10153,89847
200000,58,179688.0,17060,130.21,20312,179688
400000,58,359647.0,30346,230.27,40353,359647
600000,58,539699.0,43817,331.62,60301,539699
800000,58,719687.0,57002,430.39,80313,719687
1000000,58,899347.0,70314,530.76,100653,899347
2,59,2.0,0,0.0,0,2
3,59,3.0,0,0.0,0,3
100,59,92.0,74,0.39,8,92
200,59,185.0,172,0.89,15,185
2000,59,1817.0,1922,10.22,183,1817
10000,59,8960.0,5480,30.98,1040,8960
20000,59,17943.0,6156,36.07,2057,17943
40000,59,35951.0,7543,46.47,4049,35951
60000,59,53904.0,8828,56.31,6096,53904
80000,59,71899.0,10138,66.19,8101,71899
100000,59,89819.0,11479,76.1,10181,89819
200000,59,179846.0,18035,125.41,20154,179846
400000,59,359733.0,31371,225.91,40267,359733
600000,59,540024.0,44584,325.04,59976,540024
800000,59,719834.0,58002,425.69,80166,719834
1000000,59,899877.0,71346,525.75,100123,899877
2,60,2.0,0,0.0,0,2
3,60,3.0,0,0.0,0,3
100,60,99.0,23,0.13,1,99
200,60,190.0,51,0.35,10,190
2000,60,1819.0,820,4.45,181,1819
10000,60,9015.0,1403,8.63,985,9015
20000,60,18040.0,2090,13.67,1960,18040
40000,60,36047.0,3449,23.81,3953,36047
60000,60,54036.0,4768,33.7,5964,54036
80000,60,72055.0,6073,43.39,7945,72055
100000,60,90021.0,7378,53.33,9979,90021
200000,60,180025.0,13917,102.57,19975,180025
400000,60,359795.0,27416,203.49,40205,359795
600000,60,539750.0,40826,304.24,60250,539750
800000,60,719616.0,54149,404.11,80384,719616
1000000,60,899402.0,67576,504.78,100598,899402
2,61,2.0,0,0.0,0,2
3,61,2.0,1,0.01,1,2
100,61,92.0,47,0.44,8,92
200,61,182.0,77,0.72,18,182
2000,61,1784.0,1717,16.01,216,1784
10000,61,8935.0,9445,91.83,1065,8935
20000,61,17916.0,12044,116.16,2084,17916
40000,61,35913.0,13385,126.22,4087,35913
60000,61,53885.0,14709,136.14,6115,53885
80000,61,71861.0,16051,146.19,8139,71861
100000,61,89864.0,17391,156.5,10136,89864
200000,61,179950.0,24005,206.09,20050,179950
400000,61,359886.0,37204,305.22,40114,359886
600000,61,539829.0,50679,406.55,60171,539829
800000,61,719760.0,63878,505.31,80240,719760
1000000,61,899812.0,77139,604.99,100188,899812
2,62,1.0,0,0.0,1,1
3,62,2.0,0,0.0,1,2
100,62,93.0,72,0.69,7,93
200,62,186.0,168,1.61,14,186
2000,62,1814.0,1131,10.94,186,1814
10000,62,9033.0,1685,15.03,967,9033
20000,62,18043.0,2659,21.62,1957,18043
40000,62,36006.0,4513,34.16,3994,36006
60000,62,54009.0,5845,44.04,5991,54009
80000,62,72004.0,7285,54.9,7996,72004
100000,62,89962.0,8590,64.81,10038,89962
200000,62,179898.0,15313,115.37,20102,179898
400000,62,359635.0,28703,215.82,40365,359635
600000,62,539481.0,42010,315.77,60519,539481
800000,62,719217.0,55340,415.82,80783,719217
1000000,62,898942.0,68982,518.2,101058,898942
2,63,1.0,0,0.0,1,1
3,63,1.0,0,0.0,2,1
100,63,86.0,75,0.66,14,86
200,63,176.0,171,1.6,24,176
2000,63,1755.0,1185,11.38,245,1755
10000,63,8961.0,1727,15.48,1039,8961
20000,63,17956.0,2410,20.64,2044,17956
40000,63,35947.0,4747,35.69,4053,35947
60000,63,53938.0,6075,45.7,6062,53938
80000,63,71958.0,7397,55.63,8042,71958
100000,63,89955.0,8729,65.52,10045,89955
200000,63,179915.0,15452,116.31,20085,179915
400000,63,359734.0,28669,215.54,40266,359734
600000,63,539591.0,41985,315.8,60409,539591
800000,63,719458.0,55233,414.97,80542,719458
1000000,63,899347.0,68494,514.18,100653,899347
2,64,2.0,0,0.0,0,2
3,64,3.0,0,0.0,0,3
100,64,89.0,21,0.17,11,89
200,64,180.0,117,1.08,20,180
2000,64,1793.0,1839,11.54,207,1793
10000,64,8958.0,9412,50.7,1042,8958
20000,64,17916.0,18469,97.59,2084,17916
40000,64,35852.0,37550,196.02,4148,35852
60000,64,53746.0,56913,296.24,6254,53746
80000,64,71674.0,76266,396.43,8326,71674
100000,64,89515.0,95577,496.18,10485,89515
200000,64,179016.0,175890,914.17,20984,179016
400000,64,359115.0,189134,1014.05,40885,359115
600000,64,539213.0,202597,1114.77,60787,539213
800000,64,719040.0,215916,1215.03,80960,719040
1000000,64,899117.0,229296,1315.76,100883,899117
2,65,1.0,0,0.0,1,1
3,65,2.0,0,0.0,1,2
100,65,87.0,13,0.1,13,87
200,65,178.0,25,0.16,22,178
2000,65,1785.0,456,2.83,215,1785
10000,65,8996.0,7371,38.75,1004,8996
20000,65,18007.0,17025,89.24,1993,18007
40000,65,35912.0,35896,187.81,4088,35912
60000,65,53821.0,55240,302.38,6179,53821
80000,65,71770.0,69265,377.61,8230,71770
100000,65,89624.0,78540,427.38,10376,89624
200000,65,179460.0,94313,522.77,20540,179460
400000,65,359408.0,107755,623.79,40592,359408
600000,65,539386.0,121031,723.06,60614,539386
800000,65,719302.0,134529,824.18,80698,719302
1000000,65,899040.0,147800,923.34,100960,899040
2,66,2.0,0,0.0,0,2
3,66,3.0,0,0.0,0,3
100,66,89.0,83,0.83,11,89
200,66,180.0,180,1.63,20,180
2000,66,1779.0,1889,16.12,221,1779
10000,66,8883.0,9619,92.11,1117,8883
20000,66,17833.0,18766,176.35,2167,17833
40000,66,35753.0,20532,188.41,4247,35753
60000,66,53805.0,21874,198.46,6195,53805
80000,66,71770.0,23195,208.52,8230,71770
100000,66,89816.0,24563,218.53,10184,89816
200000,66,179664.0,31250,268.63,20336,179664
400000,66,359348.0,44588,368.75,40652,359348
600000,66,539180.0,57879,468.44,60820,539180
800000,66,719154.0,71240,568.62,80846,719154
1000000,66,898950.0,84575,668.97,101050,898950
2,67,2.0,0,0.0,0,2
3,67,3.0,1,0.01,0,3
100,67,94.0,27,0.19,6,94
200,67,184.0,30,0.21,16,184
2000,67,1792.0,143,1.05,208,1792
10000,67,8949.0,3310,24.37,1051,8949
20000,67,17976.0,3959,29.16,2024,17976
40000,67,35826.0,5289,39.14,4174,35826
60000,67,53850.0,6600,48.88,6150,53850
80000,67,71791.0,7969,59.31,8209,71791
100000,67,89764.0,9313,69.47,10236,89764
200000,67,179793.0,16064,120.39,20207,179793
400000,67,359685.0,29302,219.25,40315,359685
600000,67,539733.0,42549,318.16,60267,539733
800000,67,719699.0,55857,418.13,80301,719699
1000000,67,899743.0,69140,518.0,100257,899743
2,68,2.0,0,0.0,0,2
3,68,3.0,0,0.0,0,3
100,68,86.0,9,0.06,14,86
200,68,176.0,18,0.12,24,176
2000,68,1815.0,161,1.15,185,1815
10000,68,9004.0,837,6.58,996,9004
20000,68,18010.0,1493,11.51,1990,18010
40000,68,36025.0,2891,22.04,3975,36025
60000,68,54021.0,4270,32.4,5979,54021
80000,68,71982.0,5565,42.13,8018,71982
100000,68,89968.0,6895,52.16,10032,89968
200000,68,180016.0,13631,102.77,19984,180016
400000,68,359854.0,26759,201.18,40146,359854
600000,68,539575.0,39979,300.66,60425,539575
800000,68,719503.0,53290,400.55,80497,719503
1000000,68,899466.0,66618,500.62,100534,899466
2,69,2.0,0,0.0,0,2
3,69,3.0,0,0.0,0,3
100,69,91.0,25,0.23,9,91
200,69,178.0,47,0.44,22,178
2000,69,1797.0,198,1.64,203,1797
10000,69,8981.0,819,6.53,1019,8981
20000,69,17995.0,2549,22.1,2005,17995
40000,69,35998.0,4223,35.34,4002,35998
60000,69,54001.0,5493,44.91,5999,54001
80000,69,72088.0,8020,60.75,7912,72088
100000,69,90104.0,9439,71.25,9896,90104
200000,69,179946.0,17321,127.5,20054,179946
400000,69,359690.0,34643,247.45,40310,359690
600000,69,539701.0,47979,347.15,60299,539701
800000,69,719593.0,61057,445.5,80407,719593
1000000,69,899498.0,74187,544.25,100502,899498
2,70,2.0,0,0.0,0,2
3,70,3.0,0,0.0,0,3
100,70,93.0,19,0.16,7,93
200,70,184.0,64,0.58,16,184
2000,70,1808.0,215,1.75,192,1808
10000,70,8964.0,790,6.11,1036,8964
20000,70,17956.0,1841,14.99,2044,17956
40000,70,35959.0,3490,28.21,4041,35959
60000,70,53911.0,4872,38.41,6089,53911
80000,70,72013.0,6224,48.54,7987,72013
100000,70,89970.0,7571,58.75,10030,89970
200000,70,179941.0,14239,108.65,20059,179941
400000,70,359789.0,27365,207.26,40211,359789
600000,70,539650.0,40699,307.08,60350,539650
800000,70,719520.0,54012,407.02,80480,719520
1000000,70,899470.0,67328,507.15,100530,899470
2,71,1.0,0,0.0,1,1
3,71,2.0,0,0.0,1,2
100,71,92.0,37,0.35,8,92
200,71,182.0,44,0.4,18,182
2000,71,1770.0,192,1.54,230,1770
10000,71,8973.0,1134,7.69,1027,8973
20000,71,17980.0,1811,12.68,2020,17980
40000,71,35971.0,3115,22.47,4029,35971
60000,71,54012.0,4453,32.57,5988,54012
80000,71,71967.0,6287,45.25,8033,71967
100000,71,89946.0,7612,55.3,10054,89946
200000,71,180037.0,14230,104.88,19963,180037
400000,71,360097.0,27634,205.46,39903,360097
600000,71,540036.0,40934,305.48,59964,540036
800000,71,719987.0,54167,404.3,80013,719987
1000000,71,899939.0,67505,504.02,100061,899939
2,72,2.0,0,0.0,0,2
3,72,3.0,0,0.0,0,3
100,72,90.0,6,0.06,10,90
200,72,185.0,12,0.1,15,185
2000,72,1798.0,261,2.33,202,1798
10000,72,8978.0,867,7.1,1022,8978
20000,72,17988.0,1637,12.62,2012,17988
40000,72,35946.0,2967,22.65,4054,35946
60000,72,53959.0,4279,32.6,6041,53959
80000,72,71830.0,5577,42.28,8170,71830
100000,72,89840.0,6913,52.36,10160,89840
200000,72,179746.0,13557,102.09,20254,179746
400000,72,359742.0,26854,202.16,40258,359742
600000,72,539510.0,40229,302.55,60490,539510
800000,72,719330.0,53484,401.53,80670,719330
1000000,72,899169.0,66631,500.13,100831,899169
2,73,2.0,0,0.0,0,2
3,73,3.0,0,0.0,0,3
100,73,91.0,83,0.8,9,91
200,73,182.0,181,1.76,18,182
2000,73,1785.0,1930,18.99,215,1785
10000,73,8914.0,9686,95.15,1086,8914
20000,73,17862.0,13869,135.41,2138,17862
40000,73,35668.0,21883,212.36,4332,35668
60000,73,53701.0,23187,222.06,6299,53701
80000,73,71755.0,24538,232.2,8245,71755
100000,73,89710.0,25854,242.15,10290,89710
200000,73,179820.0,32542,292.42,20180,179820
400000,73,359683.0,45814,391.73,40317,359683
600000,73,539605.0,59206,492.26,60395,539605
800000,73,719655.0,72490,592.1,80345,719655
1000000,73,899624.0,85907,692.75,100376,899624
2,74,2.0,0,0.0,0,2
3,74,3.0,0,0.0,0,3
100,74,88.0,62,0.58,12,88
200,74,176.0,156,1.48,24,176
2000,74,1777.0,1893,18.52,223,1777
10000,74,8930.0,9640,93.03,1070,8930
20000,74,17829.0,19160,172.21,2171,17829
40000,74,35751.0,38514,272.3,4249,35751
60000,74,53624.0,57826,372.11,6376,53624
80000,74,71480.0,77153,472.17,8520,71480
100000,74,89410.0,91700,548.21,10590,89410
200000,74,179356.0,98327,597.89,20644,179356
400000,74,359269.0,111798,699.28,40731,359269
600000,74,539230.0,125164,800.02,60770,539230
800000,74,719048.0,138516,900.0,80952,719048
1000000,74,899106.0,151632,998.65,100894,899106
2,75,2.0,0,0.0,0,2
3,75,3.0,0,0.0,0,3
100,75,92.0,44,0.25,8,92
200,75,180.0,69,0.41,20,180
2000,75,1785.0,345,2.87,215,1785
10000,75,8962.0,846,6.66,1038,8962
20000,75,18039.0,1523,11.74,1961,18039
40000,75,36067.0,2840,21.54,3933,36067
60000,75,54079.0,4181,31.82,5921,54079
80000,75,72063.0,5546,42.0,7937,72063
100000,75,90052.0,6882,52.23,9948,90052
200000,75,179922.0,13531,101.77,20078,179922
400000,75,359950.0,26996,202.83,40050,359950
600000,75,539903.0,40140,301.69,60097,539903
800000,75,719746.0,53465,401.88,80254,719746
1000000,75,899783.0,66901,502.22,100217,899783
2,76,2.0,0,0.0,0,2
3,76,3.0,0,0.0,0,3
100,76,96.0,17,0.13,4,96
200,76,187.0,24,0.18,13,187
2000,76,1824.0,173,1.23,176,1824
10000,76,9049.0,880,6.91,951,9049
20000,76,18069.0,1878,15.1,1931,18069
40000,76,36027.0,3183,24.99,3973,36027
60000,76,53958.0,4533,35.03,6042,53958
80000,76,71999.0,5956,45.66,8001,71999
100000,76,90007.0,7291,55.76,9993,90007
200000,76,179946.0,13923,105.32,20054,179946
400000,76,359928.0,27245,205.66,40072,359928
600000,76,539781.0,40540,305.3,60219,539781
800000,76,719702.0,53836,405.34,80298,719702
1000000,76,899464.0,67239,506.6,100536,899464
2,77,1.0,0,0.0,1,1
3,77,2.0,0,0.0,1,2
100,77,89.0,12,0.08,11,89
200,77,180.0,28,0.18,20,180
2000,77,1802.0,1213,6.41,198,1802
10000,77,9008.0,7481,39.12,992,9008
20000,77,17981.0,10098,54.69,2019,17981
40000,77,35932.0,15073,101.17,4068,35932
60000,77,53931.0,16525,112.27,6069,53931
80000,77,71889.0,17779,121.68,8111,71889
100000,77,89893.0,19108,131.52,10107,89893
200000,77,179719.0,25828,182.15,20281,179719
400000,77,359580.0,39113,281.77,40420,359580
600000,77,539611.0,52416,381.79,60389,539611
800000,77,719505.0,65758,482.24,80495,719505
1000000,77,899186.0,78956,580.99,100814,899186
2,78,2.0,0,0.0,0,2
3,78,3.0,0,0.0,0,3
100,78,92.0,75,0.41,8,92
200,78,187.0,173,0.91,13,187
2000,78,1777.0,1859,9.57,223,1777
10000,78,8897.0,9563,49.32,1103,8897
20000,78,17852.0,19074,98.56,2148,17852
40000,78,35793.0,38419,198.77,4207,35793
60000,78,53697.0,56224,291.2,6303,53697
80000,78,71695.0,75579,391.38,8305,71695
100000,78,89585.0,94910,491.26,10415,89585
200000,78,179535.0,120504,636.06,20465,179535
400000,78,359694.0,133950,736.63,40306,359694
600000,78,539422.0,147186,835.39,60578,539422
800000,78,719215.0,160546,935.4,80785,719215
1000000,78,899014.0,173908,1035.42,100986,899014
2,79,2.0,1,0.01,0,2
3,79,3.0,1,0.01,0,3
100,79,95.0,93,0.86,5,95
200,79,185.0,190,1.78,15,185
2000,79,1789.0,1905,17.98,211,1789
10000,79,8914.0,6390,51.98,1086,8914
20000,79,17848.0,7049,56.94,2152,17848
40000,79,35781.0,21682,133.28,4219,35781
60000,79,53670.0,41047,233.23,6330,53670
80000,79,71626.0,60377,333.36,8374,71626
100000,79,89559.0,79711,433.2,10441,89559
200000,79,179130.0,176356,933.66,20870,179130
400000,79,357899.0,369748,1933.68,42101,357899
600000,79,536740.0,548370,2860.1,63260,536740
800000,79,716564.0,561796,2960.68,83436,716564
1000000,79,896747.0,575116,3060.55,103253,896747
2,80,1.0,0,0.0,1,1
3,80,2.0,0,0.0,1,2
100,80,87.0,95,0.49,13,87
200,80,177.0,192,0.99,23,177
2000,80,1793.0,1927,9.96,207,1793
10000,80,8932.0,9568,49.43,1068,8932
20000,80,17861.0,19231,100.17,2139,17861
40000,80,35779.0,38564,200.03,4221,35779
60000,80,53694.0,57932,300.24,6306,53694
80000,80,71620.0,77247,400.31,8380,71620
100000,80,89514.0,93772,486.37,10486,89514
200000,80,179454.0,100436,536.45,20546,179454
400000,80,359328.0,113832,636.79,40672,359328
600000,80,539482.0,127324,738.54,60518,539482
800000,80,719556.0,140791,839.57,80444,719556
1000000,80,899534.0,154016,938.85,100466,899534
2,81,1.0,0,0.0,1,1
3,81,2.0,0,0.0,1,2
100,81,84.0,16,0.15,16,84
200,81,172.0,23,0.2,28,172
2000,81,1762.0,717,4.0,238,1762
10000,81,8933.0,1248,7.97,1067,8933
20000,81,17963.0,1930,12.98,2037,17963
40000,81,36021.0,3311,23.17,3979,36021
60000,81,53941.0,4725,33.91,6059,53941
80000,81,71964.0,6100,44.34,8036,71964
100000,81,89903.0,7468,54.61,10097,89903
200000,81,179907.0,14163,104.53,20093,179907
400000,81,359847.0,27365,203.28,40153,359847
600000,81,539858.0,40699,303.64,60142,539858
800000,81,719846.0,53928,403.43,80154,719846
1000000,81,899567.0,67261,503.12,100433,899567
2,82,2.0,0,0.0,0,2
3,82,2.0,0,0.0,1,2
100,82,82.0,50,0.49,18,82
200,82,174.0,146,1.45,26,174
2000,82,1796.0,1881,17.14,204,1796
10000,82,8983.0,9604,92.69,1017,8983
20000,82,17917.0,15996,154.92,2083,17917
40000,82,35910.0,17306,164.65,4090,35910
60000,82,53825.0,18568,174.28,6175,53825
80000,82,71733.0,19883,184.09,8267,71733
100000,82,89763.0,21202,194.05,10237,89763
200000,82,179768.0,27865,243.94,20232,179768
400000,82,359803.0,41224,344.18,40197,359803
600000,82,539567.0,54419,442.92,60433,539567
800000,82,719549.0,67718,543.13,80451,719549
1000000,82,899296.0,81039,643.17,100704,899296
2,83,2.0,2,0.02,0,2
3,83,3.0,3,0.03,0,3
100,83,86.0,27,0.23,14,86
200,83,173.0,30,0.25,27,173
2000,83,1780.0,1613,8.49,220,1780
10000,83,8903.0,9322,48.46,1097,8903
20000,83,17845.0,18968,98.36,2155,17845
40000,83,35822.0,24777,130.89,4178,35822
60000,83,53830.0,26171,141.46,6170,53830
80000,83,71818.0,27493,151.3,8182,71818
100000,83,89802.0,28827,161.32,10198,89802
200000,83,179595.0,35410,210.89,20405,179595
400000,83,359521.0,48690,310.5,40479,359521
600000,83,539424.0,61815,409.11,60576,539424
800000,83,719325.0,75032,508.04,80675,719325
1000000,83,899179.0,88348,607.86,100821,899179
2,84,2.0,0,0.0,0,2
3,84,2.0,0,0.0,1,2
100,84,85.0,13,0.12,15,85
200,84,171.0,20,0.18,29,171
2000,84,1788.0,208,1.75,212,1788
10000,84,9005.0,755,5.93,995,9005
20000,84,18048.0,1429,11.02,1952,18048
40000,84,36077.0,2750,20.95,3923,36077
60000,84,54074.0,4101,31.02,5926,54074
80000,84,72058.0,5464,41.35,7942,72058
100000,84,90081.0,6810,51.32,9919,90081
200000,84,180084.0,13404,100.65,19916,180084
400000,84,359973.0,26864,201.12,40027,359973
600000,84,539796.0,40237,301.64,60204,539796
800000,84,719745.0,53578,401.71,80255,719745
1000000,84,899639.0,66931,501.48,100361,899639
2,85,2.0,1,0.01,0,2
3,85,2.0,1,0.01,1,2
100,85,86.0,96,0.51,14,86
200,85,175.0,190,0.99,25,175
2000,85,1791.0,1753,9.2,209,1791
10000,85,8965.0,2343,13.49,1035,8965
20000,85,17949.0,2993,18.27,2051,17949
40000,85,36008.0,4341,28.24,3992,36008
60000,85,54013.0,5603,37.8,5987,54013
80000,85,71984.0,6948,47.86,8016,71984
100000,85,89957.0,8320,58.12,10043,89957
200000,85,179904.0,15046,108.82,20096,179904
400000,85,359853.0,28373,209.35,40147,359853
600000,85,539648.0,41764,309.65,60352,539648
800000,85,719385.0,55135,409.97,80615,719385
1000000,85,898964.0,68413,509.62,101036,898964
2,86,1.0,0,0.0,1,1
3,86,2.0,0,0.0,1,2
100,86,88.0,95,0.58,12,88
200,86,176.0,191,1.08,24,176
2000,86,1763.0,1916,9.98,237,1763
10000,86,8917.0,6301,35.51,1083,8917
20000,86,17929.0,7172,42.51,2071,17929
40000,86,35966.0,8478,52.15,4034,35966
60000,86,53962.0,9817,62.44,6038,53962
80000,86,71917.0,11220,72.82,8083,71917
100000,86,89930.0,12536,82.62,10070,89930
200000,86,179843.0,19042,131.3,20157,179843
400000,86,359861.0,32200,229.62,40139,359861
600000,86,539601.0,45623,330.39,60399,539601
800000,86,719538.0,58900,430.0,80462,719538
1000000,86,899353.0,72273,530.08,100647,899353
2,87,2.0,0,0.0,0,2
3,87,3.0,0,0.0,0,3
100,87,88.0,85,0.53,12,88
200,87,181.0,181,1.02,19,181
2000,87,1788.0,1933,10.04,212,1788
10000,87,8944.0,9656,49.93,1056,8944
20000,87,17903.0,19327,100.46,2097,17903
40000,87,35853.0,33432,174.5,4147,35853
60000,87,53923.0,34819,185.02,6077,53923
80000,87,71967.0,36160,195.07,8033,71967
100000,87,89933.0,37562,205.57,10067,89933
200000,87,180036.0,44127,254.76,19964,180036
400000,87,360253.0,57427,354.41,39747,360253
600000,87,540291.0,70885,455.7,59709,540291
800000,87,720393.0,84370,556.69,79607,720393
1000000,87,900145.0,97638,656.36,99855,900145
2,88,2.0,1,0.01,0,2
3,88,3.0,1,0.01,0,3
100,88,90.0,87,0.84,10,90
200,88,177.0,184,1.81,23,177
2000,88,1775.0,1930,18.97,225,1775
10000,88,8895.0,6546,63.71,1105,8895
20000,88,17881.0,7184,68.42,2119,17881
40000,88,35826.0,8513,78.46,4174,35826
60000,88,53816.0,9823,88.22,6184,53816
80000,88,71853.0,11125,97.88,8147,71853
100000,88,89872.0,12480,108.15,10128,89872
200000,88,179934.0,19130,158.11,20066,179934
400000,88,359980.0,32627,259.47,40020,359980
600000,88,539966.0,45887,359.32,60034,539966
800000,88,719993.0,59264,459.85,80007,719993
1000000,88,899858.0,72347,557.48,100142,899858
2,89,1.0,0,0.0,1,1
3,89,2.0,0,0.0,1,2
100,89,88.0,87,0.86,12,88
200,89,173.0,184,1.71,27,173
2000,89,1779.0,1171,11.13,221,1779
10000,89,8967.0,1718,15.21,1033,8967
20000,89,17963.0,2361,19.92,2037,17963
40000,89,35955.0,3716,30.0,4045,35955
60000,89,53901.0,5099,40.27,6099,53901
80000,89,71831.0,7418,55.18,8169,71831
100000,89,89889.0,9046,66.82,10111,89889
200000,89,179814.0,15675,116.45,20186,179814
400000,89,359631.0,28994,216.24,40369,359631
600000,89,539558.0,42163,315.18,60442,539558
800000,89,719545.0,55494,414.5,80455,719545
1000000,89,899430.0,68988,515.82,100570,899430
2,90,2.0,2,0.01,0,2
3,90,3.0,3,0.02,0,3
100,90,90.0,39,0.24,10,90
200,90,185.0,41,0.26,15,185
2000,90,1816.0,181,1.37,184,1816
10000,90,9009.0,756,5.58,991,9009
20000,90,18018.0,1445,10.87,1982,18018
40000,90,36064.0,2806,21.11,3936,36064
60000,90,54092.0,4137,31.07,5908,54092
80000,90,72087.0,5383,40.45,7913,72087
100000,90,90033.0,6692,50.46,9967,90033
200000,90,179959.0,13366,100.59,20041,179959
400000,90,359977.0,26684,200.4,40023,359977
600000,90,539957.0,40154,301.77,60043,539957
800000,90,719754.0,53515,401.59,80246,719754
1000000,90,899593.0,66841,501.31,100407,899593
2,91,1.0,0,0.0,1,1
3,91,2.0,0,0.0,1,2
100,91,84.0,90,0.69,16,84
200,91,173.0,189,1.64,27,173
2000,91,1767.0,1930,18.7,233,1767
10000,91,8909.0,9659,94.15,1091,8909
20000,91,17819.0,11781,113.68,2181,17819
40000,91,35792.0,13193,124.34,4208,35792
60000,91,53805.0,14527,134.43,6195,53805
80000,91,71816.0,15856,144.36,8184,71816
100000,91,89822.0,17209,154.56,10178,89822
200000,91,179953.0,23870,204.49,20047,179953
400000,91,359629.0,37075,303.81,40371,359629
600000,91,539518.0,50482,404.57,60482,539518
800000,91,719400.0,63813,504.79,80600,719400
1000000,91,899196.0,77145,604.29,100804,899196
2,92,2.0,2,0.01,0,2
3,92,3.0,3,0.02,0,3
100,92,95.0,91,0.72,5,95
200,92,185.0,188,1.59,15,185
2000,92,1789.0,1924,17.76,211,1789
10000,92,8945.0,9611,61.8,1055,8945
20000,92,17883.0,19299,111.88,2117,17883
40000,92,35778.0,38608,211.58,4222,35778
60000,92,53788.0,41814,231.01,6212,53788
80000,92,71841.0,43142,240.79,8159,71841
100000,92,89827.0,44426,250.41,10173,89827
200000,92,179767.0,50937,299.51,20233,179767
400000,92,359796.0,64184,398.45,40204,359796
600000,92,539821.0,77648,499.61,60179,539821
800000,92,719565.0,91139,600.63,80435,719565
1000000,92,899470.0,104524,701.3,100530,899470
2,93,2.0,1,0.01,0,2
3,93,3.0,1,0.01,0,3
100,93,93.0,15,0.13,7,93
200,93,180.0,21,0.18,20,180
2000,93,1775.0,977,5.62,225,1775
10000,93,8965.0,1528,9.83,1035,8965
20000,93,17959.0,2175,14.73,2041,17959
40000,93,35859.0,3530,24.85,4141,35859
60000,93,53903.0,4838,34.79,6097,53903
80000,93,71940.0,6174,44.8,8060,71940
100000,93,89912.0,7503,54.7,10088,89912
200000,93,180100.0,14238,105.01,19900,180100
400000,93,359829.0,27636,204.97,40171,359829
600000,93,539799.0,40958,305.04,60201,539799
800000,93,719488.0,54466,406.05,80512,719488
1000000,93,899296.0,67957,507.05,100704,899296
2,94,2.0,0,0.0,0,2
3,94,3.0,0,0.0,0,3
100,94,91.0,11,0.08,9,91
200,94,176.0,19,0.14,24,176
2000,94,1813.0,200,1.38,187,1813
10000,94,9001.0,846,6.45,999,9001
20000,94,17981.0,1657,12.34,2019,17981
40000,94,35992.0,2955,22.02,4008,35992
60000,94,54025.0,4307,32.16,5975,54025
80000,94,72022.0,5615,42.02,7978,72022
100000,94,90094.0,6955,52.17,9906,90094
200000,94,179822.0,13687,102.39,20178,179822
400000,94,359704.0,27171,203.11,40296,359704
600000,94,539523.0,40540,303.37,60477,539523
800000,94,719347.0,54044,404.36,80653,719347
1000000,94,898996.0,67233,503.39,101004,898996
2,95,2.0,0,0.0,0,2
3,95,3.0,0,0.0,0,3
100,95,90.0,31,0.2,10,90
200,95,176.0,38,0.25,24,176
2000,95,1811.0,160,1.1,189,1811
10000,95,8949.0,1123,7.58,1051,8949
20000,95,17962.0,1796,12.61,2038,17962
40000,95,35940.0,3173,22.89,4060,35940
60000,95,53965.0,4515,33.0,6035,53965
80000,95,71934.0,5893,43.34,8066,71934
100000,95,89982.0,7257,53.69,10018,89982
200000,95,180032.0,13903,103.52,19968,180032
400000,95,359843.0,27148,202.71,40157,359843
600000,95,539911.0,40587,303.74,60089,539911
800000,95,719957.0,54027,404.52,80043,719957
1000000,95,899650.0,67338,504.68,100350,899650
2,96,2.0,1,0.01,0,2
3,96,3.0,1,0.01,0,3
100,96,95.0,60,0.38,5,95
200,96,185.0,152,0.89,15,185
2000,96,1791.0,1900,12.5,209,1791
10000,96,8990.0,2653,17.85,1010,8990
20000,96,18007.0,3302,22.71,1993,18007
40000,96,35975.0,4628,32.68,4025,35975
60000,96,53901.0,5967,42.83,6099,53901
80000,96,71884.0,7269,52.64,8116,71884
100000,96,89896.0,8645,62.89,10104,89896
200000,96,179712.0,15434,113.58,20288,179712
400000,96,359808.0,28734,213.98,40192,359808
600000,96,539772.0,42037,313.91,60228,539772
800000,96,719816.0,55389,413.54,80184,719816
1000000,96,899586.0,68655,512.6,100414,899586
2,97,2.0,2,0.02,0,2
3,97,3.0,3,0.03,0,3
100,97,90.0,86,0.84,10,90
200,97,173.0,173,1.7,27,173
2000,97,1778.0,639,6.12,222,1778
10000,97,8998.0,1161,10.06,1002,8998
20000,97,18030.0,1881,15.43,1970,18030
40000,97,35956.0,3198,25.2,4044,35956
60000,97,53974.0,4505,35.1,6026,53974
80000,97,71974.0,5809,44.74,8026,71974
100000,97,90006.0,7112,54.51,9994,90006
200000,97,179805.0,13840,104.83,20195,179805
400000,97,359958.0,27162,204.39,40042,359958
600000,97,539823.0,40471,304.64,60177,539823
800000,97,719929.0,53819,405.1,80071,719929
1000000,97,899699.0,66966,504.18,100301,899699
2,98,2.0,0,0.0,0,2
3,98,2.0,0,0.0,1,2
100,98,89.0,93,0.52,11,89
200,98,179.0,186,1.0,21,179
2000,98,1785.0,1917,10.03,215,1785
10000,98,8932.0,8714,45.35,1068,8932
20000,98,17911.0,10026,53.34,2089,17911
40000,98,35897.0,11311,63.06,4103,35897
60000,98,53884.0,12701,73.52,6116,53884
80000,98,71900.0,14023,83.46,8100,71900
100000,98,89869.0,15321,93.11,10131,89869
200000,98,179905.0,22009,143.1,20095,179905
400000,98,359873.0,35358,243.17,40127,359873
600000,98,539731.0,48708,343.16,60269,539731
800000,98,719452.0,61871,442.08,80548,719452
1000000,98,899263.0,75109,541.13,100737,899263
2,99,1.0,1,0.01,1,1
3,99,2.0,1,0.01,1,2
100,99,85.0,86,0.46,15,85
200,99,178.0,181,1.02,22,178
2000,99,1809.0,1064,9.38,191,1809
10000,99,9012.0,1612,13.52,988,9012
20000,99,18006.0,10247,58.32,1994,18006
40000,99,35964.0,17007,95.26,4036,35964
60000,99,53973.0,18294,104.98,6027,53973
80000,99,71891.0,19631,114.95,8109,71891
100000,99,89929.0,20960,125.06,10071,89929
200000,99,179808.0,27565,174.73,20192,179808
400000,99,359498.0,40770,273.69,40502,359498
600000,99,539363.0,54220,374.88,60637,539363
800000,99,719156.0,67543,475.0,80844,719156
1000000,99,898910.0,80974,576.68,101090,898910
2,100,2.0,0,0.0,0,2
3,100,3.0,0,0.0,0,3
100,100,90.0,83,0.49,10,90
200,100,181.0,174,0.95,19,181
2000,100,1774.0,1916,10.01,226,1774
10000,100,8947.0,9636,49.92,1053,8947
20000,100,17901.0,19309,99.89,2099,17901
40000,100,35819.0,38639,199.78,4181,35819
60000,100,53635.0,57938,299.59,6365,53635
80000,100,71498.0,77238,399.35,8502,71498
100000,100,89453.0,96556,499.3,10547,89453
200000,100,179068.0,192796,997.12,20932,179068
400000,100,358896.0,220956,1171.3,41104,358896
600000,100,538718.0,234397,1272.36,61282,538718
800000,100,718675.0,247866,1373.38,81325,718675
1000000,100,898480.0,261150,1473.15,101520,898480
