Timestep,Iteration,Total Reward,Suboptimal Arms,Total Regret,Zeros Count,Ones Count
2,1,2.0,0,0.0,0,2
3,1,3.0,0,0.0,0,3
100,1,91.0,7,0.18,9,91
200,1,179.0,14,0.27,21,179
2000,1,1792.0,202,3.96,208,1792
10000,1,8964.0,1230,15.97,1036,8964
20000,1,17910.0,1888,31.01,2090,17910
40000,1,35808.0,3190,59.81,4192,35808
60000,1,53676.0,4492,90.0,6324,53676
80000,1,71538.0,5907,119.52,8462,71538
100000,1,89401.0,7210,149.98,10599,89401
200000,1,178767.0,13907,298.44,21233,178767
400000,1,357503.0,27398,606.6,42497,357503
600000,1,536011.0,46465,903.6,63989,536011
800000,1,714501.0,59827,1206.0,85499,714501
1000000,1,893057.0,73330,1511.28,106943,893057
2,2,1.0,0,0.0,1,1
3,2,2.0,0,0.0,1,2
100,2,81.0,9,0.14,19,81
200,2,171.0,20,0.59,29,171
2000,2,1761.0,146,3.6,239,1761
10000,2,8896.0,685,15.75,1104,8896
20000,2,17826.0,1399,31.23,2174,17826
40000,2,35718.0,2760,60.89,4282,35718
60000,2,53575.0,4073,89.82,6425,53575
80000,2,71459.0,5376,119.7,8541,71459
100000,2,89360.0,6734,150.57,10640,89360
200000,2,178629.0,13400,301.5,21371,178629
400000,2,357170.0,26534,595.17,42830,357170
600000,2,535727.0,39799,892.98,64273,535727
800000,2,714638.0,53026,1191.87,85362,714638
1000000,2,893408.0,66224,1486.71,106592,893408
2,3,1.0,0,0.0,1,1
3,3,1.0,0,0.0,2,1
100,3,93.0,87,0.23,7,93
200,3,181.0,180,0.36,19,181
2000,3,1789.0,1930,8.41,211,1789
10000,3,8919.0,9383,20.52,1081,8919
20000,3,17804.0,19040,34.97,2196,17804
40000,3,35657.0,24633,65.93,4343,35657
60000,3,53548.0,25942,95.81,6452,53548
80000,3,71512.0,27309,125.37,8488,71512
100000,3,89423.0,28602,153.94,10577,89423
200000,3,178795.0,35353,303.84,21205,178795
400000,3,357291.0,48664,605.47,42709,357291
600000,3,536043.0,62045,905.76,63957,536043
800000,3,714654.0,75227,1205.59,85346,714654
1000000,3,893624.0,88479,1501.34,106376,893624
2,4,2.0,0,0.0,0,2
3,4,3.0,0,0.0,0,3
100,4,94.0,13,0.27,6,94
200,4,180.0,19,0.41,20,180
2000,4,1796.0,147,2.79,204,1796
10000,4,8961.0,694,15.66,1039,8961
20000,4,17936.0,1364,31.46,2064,17936
40000,4,35834.0,2715,61.52,4166,35834
60000,4,53663.0,4055,92.12,6337,53663
80000,4,71532.0,5404,122.85,8468,71532
100000,4,89402.0,6994,153.31,10598,89402
200000,4,178740.0,13763,303.12,21260,178740
400000,4,357138.0,27171,603.63,42862,357138
600000,4,535709.0,57396,908.41,64291,535709
800000,4,714460.0,242767,1206.4,85540,714460
1000000,4,893176.0,436034,1506.92,106824,893176
2,5,1.0,0,0.0,1,1
3,5,2.0,0,0.0,1,2
100,5,81.0,81,3.46,19,81
200,5,168.0,177,7.51,32,168
2000,5,1778.0,1925,13.41,222,1778
10000,5,8931.0,9449,24.98,1069,8931
20000,5,17825.0,18705,39.51,2175,17825
40000,5,35756.0,38011,69.66,4244,35756
60000,5,53656.0,57323,100.13,6344,53656
80000,5,71544.0,76658,129.33,8456,71544
100000,5,89356.0,96006,158.94,10644,89356
200000,5,178445.0,184875,306.18,21555,178445
400000,5,357475.0,208581,612.04,42525,357475
600000,5,536306.0,221964,911.2,63694,536306
800000,5,715062.0,235253,1209.6,84938,715062
1000000,5,893989.0,248878,1513.76,106011,893989
2,6,1.0,2,0.09,1,1
3,6,1.0,3,0.14,2,1
100,6,82.0,100,4.27,18,82
200,6,176.0,156,6.21,24,176
2000,6,1770.0,295,9.13,230,1770
10000,6,8939.0,7780,21.24,1061,8939
20000,6,17898.0,17438,36.5,2102,17898
40000,6,35725.0,36774,67.86,4275,35725
60000,6,53519.0,56111,96.66,6481,53519
80000,6,71415.0,75442,124.88,8585,71415
100000,6,89398.0,94816,155.43,10602,89398
200000,6,178751.0,190911,309.28,21249,178751
400000,6,357511.0,380736,601.6,42489,357511
600000,6,536002.0,568893,899.82,63998,536002
800000,6,714803.0,758997,1203.25,85197,714803
1000000,6,893676.0,952338,1509.03,106324,893676
2,7,1.0,0,0.0,1,1
3,7,2.0,0,0.0,1,2
100,7,89.0,93,0.54,11,89
200,7,179.0,190,0.68,21,179
2000,7,1808.0,1923,3.82,192,1808
10000,7,8924.0,9647,16.97,1076,8924
20000,7,17861.0,19219,32.9,2139,17861
40000,7,35716.0,38113,64.04,4284,35716
60000,7,53548.0,54980,95.45,6452,53548
80000,7,71413.0,74292,124.16,8587,71413
100000,7,89248.0,93628,156.42,10752,89248
200000,7,178661.0,190340,306.49,21339,178661
400000,7,357211.0,382633,607.68,42789,357211
600000,7,535975.0,575996,905.94,64025,535975
800000,7,714698.0,769284,1203.12,85302,714698
1000000,7,893408.0,962582,1506.83,106592,893408
2,8,2.0,0,0.0,0,2
3,8,3.0,0,0.0,0,3
100,8,90.0,80,2.25,10,90
200,8,182.0,166,2.74,18,182
2000,8,1758.0,1897,5.53,242,1758
10000,8,8893.0,5233,26.06,1107,8893
20000,8,17846.0,5892,41.67,2154,17846
40000,8,35705.0,7226,72.32,4295,35705
60000,8,53548.0,8494,100.76,6452,53548
80000,8,71352.0,9825,130.64,8648,71352
100000,8,89231.0,11158,161.19,10769,89231
200000,8,178542.0,17844,313.11,21458,178542
400000,8,357315.0,31214,610.74,42685,357315
600000,8,536078.0,44473,912.24,63922,536078
800000,8,714891.0,57863,1216.62,85109,714891
1000000,8,893632.0,71067,1514.66,106368,893632
2,9,2.0,0,0.0,0,2
3,9,3.0,0,0.0,0,3
100,9,90.0,6,0.27,10,90
200,9,180.0,13,0.32,20,180
2000,9,1782.0,132,3.28,218,1782
10000,9,8862.0,765,17.01,1138,8862
20000,9,17798.0,1868,31.59,2202,17798
40000,9,35656.0,3240,62.42,4344,35656
60000,9,53480.0,5117,90.5,6520,53480
80000,9,71354.0,6424,120.15,8646,71354
100000,9,89243.0,7836,152.19,10757,89243
200000,9,178719.0,14616,304.15,21281,178719
400000,9,357475.0,27814,597.78,42525,357475
600000,9,535968.0,42738,901.03,64032,535968
800000,9,714657.0,74303,1198.84,85343,714657
1000000,9,893494.0,87948,1500.62,106506,893494
2,10,2.0,2,0.0,0,2
3,10,3.0,3,0.0,0,3
100,10,92.0,39,1.49,8,92
200,10,180.0,79,2.92,20,180
2000,10,1772.0,266,6.66,228,1772
10000,10,8912.0,979,17.96,1088,8912
20000,10,17831.0,5217,33.17,2169,17831
40000,10,35614.0,22156,63.77,4386,35614
60000,10,53540.0,41455,93.15,6460,53540
80000,10,71429.0,60816,122.45,8571,71429
100000,10,89307.0,80176,152.19,10693,89307
200000,10,178710.0,176868,302.67,21290,178710
400000,10,357371.0,370348,601.56,42629,357371
600000,10,535953.0,563661,904.99,64047,535953
800000,10,714805.0,756929,1203.52,85195,714805
1000000,10,893457.0,909150,1504.58,106543,893457
2,11,2.0,0,0.0,0,2
3,11,3.0,0,0.0,0,3
100,11,89.0,77,0.18,11,89
200,11,178.0,168,0.23,22,178
2000,11,1780.0,1007,2.88,220,1780
10000,11,8863.0,1589,14.44,1137,8863
20000,11,17777.0,2259,29.07,2223,17777
40000,11,35642.0,3595,61.88,4358,35642
60000,11,53549.0,7229,92.03,6451,53549
80000,11,71377.0,8518,121.05,8623,71377
100000,11,89219.0,9905,152.41,10781,89219
200000,11,178519.0,64389,302.31,21481,178519
400000,11,356957.0,180433,600.25,43043,356957
600000,11,535633.0,193611,895.0,64367,535633
800000,11,714375.0,206699,1190.83,85625,714375
1000000,11,892911.0,219994,1487.97,107089,892911
2,12,2.0,0,0.0,0,2
3,12,3.0,0,0.0,0,3
100,12,91.0,91,1.62,9,91
200,12,181.0,189,1.76,19,181
2000,12,1780.0,1900,3.96,220,1780
10000,12,8936.0,8211,15.7,1064,8936
20000,12,17876.0,17873,30.65,2124,17876
40000,12,35742.0,37230,58.55,4258,35742
60000,12,53596.0,56553,88.65,6404,53596
80000,12,71478.0,75918,116.28,8522,71478
100000,12,89364.0,95218,146.97,10636,89364
200000,12,178711.0,183185,298.8,21289,178711
400000,12,357285.0,366323,598.36,42715,357285
600000,12,535915.0,558802,904.0,64085,535915
800000,12,714477.0,678145,1200.96,85523,714477
1000000,12,892901.0,831516,1497.92,107099,892901
2,13,2.0,0,0.0,0,2
3,13,2.0,0,0.0,1,2
100,13,87.0,76,0.09,13,87
200,13,173.0,175,0.32,27,173
2000,13,1796.0,1908,4.14,204,1796
10000,13,8961.0,9646,16.47,1039,8961
20000,13,17923.0,19323,31.59,2077,17923
40000,13,35816.0,38609,61.7,4184,35816
60000,13,53698.0,57977,91.67,6302,53698
80000,13,71577.0,77316,122.31,8423,71577
100000,13,89445.0,96695,152.28,10555,89445
200000,13,178921.0,193388,301.54,21079,178921
400000,13,357640.0,386717,605.16,42360,357640
600000,13,536574.0,402298,905.44,63426,536574
800000,13,715395.0,415589,1204.15,84605,715395
1000000,13,894068.0,436089,1500.03,105932,894068
2,14,2.0,0,0.0,0,2
3,14,3.0,0,0.0,0,3
100,14,88.0,9,0.32,12,88
200,14,181.0,16,0.63,19,181
2000,14,1790.0,865,3.55,210,1790
10000,14,8967.0,8594,14.67,1033,8967
20000,14,17902.0,18276,29.84,2098,17902
40000,14,35737.0,37638,58.32,4263,35737
60000,14,53617.0,56961,87.66,6383,53617
80000,14,71449.0,76156,116.91,8551,71449
100000,14,89300.0,95500,146.56,10700,89300
200000,14,178775.0,192178,296.05,21225,178775
400000,14,357166.0,385424,599.4,42834,357166
600000,14,535852.0,578898,900.04,64148,535852
800000,14,714694.0,772184,1191.28,85306,714694
1000000,14,893139.0,965338,1488.96,106861,893139
2,15,2.0,0,0.0,0,2
3,15,3.0,0,0.0,0,3
100,15,88.0,6,0.14,12,88
200,15,175.0,11,0.27,25,175
2000,15,1815.0,134,3.28,185,1815
10000,15,8966.0,664,15.25,1034,8966
20000,15,17856.0,1623,30.78,2144,17856
40000,15,35719.0,4600,61.65,4281,35719
60000,15,53604.0,6175,93.33,6396,53604
80000,15,71467.0,7587,123.71,8533,71467
100000,15,89284.0,18276,153.49,10716,89284
200000,15,178752.0,24889,302.4,21248,178752
400000,15,357460.0,172708,607.86,42540,357460
600000,15,536059.0,366093,902.25,63941,536059
800000,15,714825.0,421698,1197.81,85175,714825
1000000,15,893453.0,434939,1493.73,106547,893453
2,16,2.0,0,0.0,0,2
3,16,3.0,0,0.0,0,3
100,16,91.0,32,0.32,9,91
200,16,176.0,108,0.54,24,176
2000,16,1796.0,259,3.42,204,1796
10000,16,8947.0,774,13.77,1053,8947
20000,16,17867.0,1868,29.52,2133,17867
40000,16,35731.0,3202,59.04,4269,35731
60000,16,53599.0,4629,89.78,6401,53599
80000,16,71465.0,6178,119.84,8535,71465
100000,16,89296.0,11918,149.49,10704,89296
200000,16,178903.0,108562,295.06,21097,178903
400000,16,357855.0,301871,598.77,42145,357855
600000,16,536450.0,495180,906.21,63550,536450
800000,16,715094.0,688539,1207.93,84906,715094
1000000,16,893666.0,881950,1507.64,106334,893666
2,17,2.0,0,0.0,0,2
3,17,2.0,0,0.0,1,2
100,17,88.0,7,0.14,12,88
200,17,173.0,18,0.27,27,173
2000,17,1781.0,116,2.43,219,1781
10000,17,8949.0,668,14.85,1051,8949
20000,17,17866.0,1343,30.65,2134,17866
40000,17,35736.0,2634,58.41,4264,35736
60000,17,53515.0,3888,86.36,6485,53515
80000,17,71417.0,5244,116.64,8583,71417
100000,17,89263.0,7613,148.63,10737,89263
200000,17,178689.0,14239,296.5,21311,178689
400000,17,357436.0,65995,596.7,42564,357436
600000,17,535869.0,163024,885.64,64131,535869
800000,17,714354.0,177733,1187.91,85646,714354
1000000,17,892903.0,191126,1491.12,107097,892903
2,18,1.0,0,0.0,1,1
3,18,2.0,0,0.0,1,2
100,18,92.0,10,0.27,8,92
200,18,176.0,23,0.63,24,176
2000,18,1789.0,150,3.33,211,1789
10000,18,8962.0,872,14.94,1038,8962
20000,18,17885.0,1529,28.85,2115,17885
40000,18,35752.0,2791,57.51,4248,35752
60000,18,53658.0,4091,85.01,6342,53658
80000,18,71477.0,5439,115.65,8523,71477
100000,18,89313.0,6766,144.81,10687,89313
200000,18,178738.0,15037,297.9,21262,178738
400000,18,357445.0,50672,599.04,42555,357445
600000,18,536425.0,63939,896.98,63575,536425
800000,18,715283.0,77127,1190.56,84717,715283
1000000,18,894046.0,90400,1489.68,105954,894046
2,19,2.0,0,0.0,0,2
3,19,3.0,0,0.0,0,3
100,19,92.0,52,0.14,8,92
200,19,180.0,77,0.36,20,180
2000,19,1775.0,1569,3.15,225,1775
10000,19,8905.0,9287,15.03,1095,8905
20000,19,17804.0,18822,28.98,2196,17804
40000,19,35681.0,26606,59.13,4319,35681
60000,19,53580.0,27906,88.38,6420,53580
80000,19,71462.0,29196,118.08,8538,71462
100000,19,89411.0,30567,150.12,10589,89411
200000,19,178699.0,37227,296.1,21301,178699
400000,19,357594.0,50542,593.05,42406,357594
600000,19,536623.0,63859,890.91,63377,536623
800000,19,715201.0,77222,1194.25,84799,715201
1000000,19,893856.0,90438,1486.53,106144,893856
2,20,2.0,0,0.0,0,2
3,20,3.0,0,0.0,0,3
100,20,88.0,43,1.76,12,88
200,20,176.0,141,6.12,24,176
2000,20,1761.0,1852,25.88,239,1761
10000,20,8928.0,9571,36.5,1072,8928
20000,20,17811.0,19248,51.53,2189,17811
40000,20,35632.0,38561,83.03,4368,35632
60000,20,53521.0,57876,112.05,6479,53521
80000,20,71410.0,77233,141.62,8590,71410
100000,20,89208.0,96579,173.83,10792,89208
200000,20,178669.0,193236,321.16,21331,178669
400000,20,357297.0,371249,620.46,42703,357297
600000,20,535842.0,564507,921.87,64158,535842
800000,20,714643.0,757787,1218.19,85357,714643
1000000,20,893282.0,950613,1519.74,106718,893282
2,21,2.0,0,0.0,0,2
3,21,3.0,1,0.0,0,3
100,21,91.0,16,0.23,9,91
200,21,182.0,29,0.59,18,182
2000,21,1794.0,150,3.6,206,1794
10000,21,8937.0,678,15.79,1063,8937
20000,21,17859.0,1375,31.59,2141,17859
40000,21,35795.0,2694,60.75,4205,35795
60000,21,53609.0,4253,92.93,6391,53609
80000,21,71497.0,11596,120.78,8503,71497
100000,21,89248.0,12970,152.1,10752,89248
200000,21,178526.0,51077,302.62,21474,178526
400000,21,357334.0,244281,602.86,42666,357334
600000,21,536032.0,437551,905.26,63968,536032
800000,21,714754.0,630860,1205.41,85246,714754
1000000,21,893674.0,824346,1510.83,106326,893674
2,22,1.0,0,0.0,1,1
3,22,2.0,0,0.0,1,2
100,22,87.0,18,0.0,13,87
200,22,181.0,30,0.32,19,181
2000,22,1797.0,217,5.76,203,1797
10000,22,8979.0,823,17.1,1021,8979
20000,22,17888.0,1533,32.9,2112,17888
40000,22,35714.0,2917,64.04,4286,35714
60000,22,53531.0,4282,94.46,6469,53531
80000,22,71367.0,5620,126.27,8633,71367
100000,22,89268.0,12554,156.33,10732,89268
200000,22,178701.0,109294,308.02,21299,178701
400000,22,357330.0,302517,608.71,42670,357330
600000,22,536074.0,496045,913.9,63926,536074
800000,22,714881.0,689476,1209.42,85119,714881
1000000,22,893564.0,882777,1517.94,106436,893564
2,23,2.0,0,0.0,0,2
3,23,3.0,0,0.0,0,3
100,23,91.0,49,1.93,9,91
200,23,170.0,92,3.73,30,170
2000,23,1766.0,195,5.53,234,1766
10000,23,8899.0,1611,19.22,1101,8899
20000,23,17846.0,2298,34.79,2154,17846
40000,23,35748.0,4412,65.97,4252,35748
60000,23,53638.0,5745,95.0,6362,53638
80000,23,71508.0,7552,126.68,8492,71508
100000,23,89416.0,9146,157.27,10584,89416
200000,23,178729.0,18392,312.93,21271,178729
400000,23,357302.0,31707,610.87,42698,357302
600000,23,536091.0,45183,918.76,63909,536091
800000,23,714663.0,58462,1218.15,85337,714663
1000000,23,893503.0,71734,1516.28,106497,893503
2,24,2.0,0,0.0,0,2
3,24,3.0,0,0.0,0,3
100,24,89.0,41,1.66,11,89
200,24,179.0,52,1.84,21,179
2000,24,1776.0,189,4.32,224,1776
10000,24,8939.0,752,17.42,1061,8939
20000,24,17840.0,1485,33.26,2160,17840
40000,24,35666.0,3011,62.33,4334,35666
60000,24,53583.0,4359,93.06,6417,53583
80000,24,71389.0,5718,123.08,8611,71389
100000,24,89210.0,7069,153.0,10790,89210
200000,24,178655.0,13925,306.09,21345,178655
400000,24,357434.0,27028,601.96,42566,357434
600000,24,536152.0,41841,903.87,63848,536152
800000,24,714937.0,55764,1202.35,85063,714937
1000000,24,893498.0,72107,1507.14,106502,893498
2,25,2.0,0,0.0,0,2
3,25,3.0,0,0.0,0,3
100,25,88.0,72,0.32,12,88
200,25,179.0,169,0.36,21,179
2000,25,1785.0,1894,2.47,215,1785
10000,25,8940.0,9453,23.18,1060,8940
20000,25,17897.0,19095,37.89,2103,17897
40000,25,35774.0,38414,67.64,4226,35774
60000,25,53734.0,57751,97.97,6266,53734
80000,25,71633.0,77085,127.04,8367,71633
100000,25,89484.0,96433,155.11,10516,89484
200000,25,178810.0,184228,300.15,21190,178810
400000,25,357735.0,368837,599.89,42265,357735
600000,25,536710.0,562246,899.41,63290,536710
800000,25,715469.0,745827,1201.86,84531,715469
1000000,25,893968.0,934787,1502.51,106032,893968
2,26,2.0,0,0.0,0,2
3,26,3.0,0,0.0,0,3
100,26,92.0,4,0.18,8,92
200,26,176.0,24,0.95,24,176
2000,26,1791.0,179,4.36,209,1791
10000,26,8887.0,708,15.57,1113,8887
20000,26,17823.0,1455,30.65,2177,17823
40000,26,35679.0,2855,60.17,4321,35679
60000,26,53559.0,4194,89.6,6441,53559
80000,26,71376.0,5500,118.58,8624,71376
100000,26,89253.0,6828,147.78,10747,89253
200000,26,178655.0,13587,301.72,21345,178655
400000,26,357263.0,26886,601.47,42737,357263
600000,26,536117.0,40040,893.88,63883,536117
800000,26,714753.0,55978,1193.58,85247,714753
1000000,26,893643.0,73134,1490.94,106357,893643
2,27,1.0,0,0.0,1,1
3,27,2.0,0,0.0,1,2
100,27,87.0,28,0.09,13,87
200,27,180.0,123,0.23,20,180
2000,27,1784.0,1853,2.97,216,1784
10000,27,8918.0,9546,14.85,1082,8918
20000,27,17837.0,19222,30.33,2163,17837
40000,27,35672.0,27991,60.35,4328,35672
60000,27,53511.0,45623,91.85,6489,53511
80000,27,71432.0,64997,122.18,8568,71432
100000,27,89265.0,84317,150.61,10735,89265
200000,27,178588.0,180985,303.52,21412,178588
400000,27,357367.0,374354,606.33,42633,357367
600000,27,536189.0,567698,909.94,63811,536189
800000,27,714771.0,761051,1206.94,85229,714771
1000000,27,893294.0,950002,1507.5,106706,893294
2,28,2.0,0,0.0,0,2
3,28,3.0,0,0.0,0,3
100,28,91.0,93,0.95,9,91
200,28,185.0,192,1.22,15,185
2000,28,1788.0,1631,3.82,212,1788
10000,28,8935.0,9345,15.48,1065,8935
20000,28,17831.0,18774,30.74,2169,17831
40000,28,35658.0,35398,61.61,4342,35658
60000,28,53547.0,36638,90.32,6453,53547
80000,28,71473.0,37976,121.14,8527,71473
100000,28,89354.0,39311,150.25,10646,89354
200000,28,178838.0,46007,298.89,21162,178838
400000,28,357338.0,59171,599.26,42662,357338
600000,28,536021.0,72532,900.67,63979,536021
800000,28,714726.0,85700,1198.84,85274,714726
1000000,28,893592.0,99023,1496.12,106408,893592
2,29,2.0,0,0.0,0,2
3,29,3.0,0,0.0,0,3
100,29,91.0,27,0.81,9,91
200,29,177.0,36,0.9,23,177
2000,29,1766.0,334,3.78,234,1766
10000,29,8903.0,4134,16.24,1097,8903
20000,29,17825.0,13793,30.96,2175,17825
40000,29,35709.0,33091,59.13,4291,35709
60000,29,53590.0,52390,87.93,6410,53590
80000,29,71475.0,71699,118.8,8525,71475
100000,29,89390.0,90996,149.62,10610,89390
200000,29,178573.0,187641,300.69,21427,178573
400000,29,357345.0,372906,597.01,42655,357345
600000,29,535943.0,566275,899.55,64057,535943
800000,29,714751.0,759602,1202.17,85249,714751
1000000,29,893211.0,952891,1494.27,106789,893211
2,30,1.0,0,0.0,1,1
3,30,1.0,0,0.0,2,1
100,30,88.0,31,0.5,12,88
200,30,177.0,39,0.68,23,177
2000,30,1819.0,172,3.96,181,1819
10000,30,8998.0,3641,15.61,1002,8998
20000,30,17943.0,12197,31.86,2057,17943
40000,30,35801.0,25406,61.7,4199,35801
60000,30,53700.0,44583,94.1,6300,53700
80000,30,71623.0,63868,124.43,8377,71623
100000,30,89477.0,83159,152.5,10523,89477
200000,30,178745.0,174284,300.28,21255,178745
400000,30,357443.0,367607,600.39,42557,357443
600000,30,536193.0,560892,905.76,63807,536193
800000,30,714832.0,752776,1206.63,85168,714832
1000000,30,893361.0,945921,1508.36,106639,893361
2,31,2.0,0,0.0,0,2
3,31,3.0,1,0.0,0,3
100,31,89.0,11,0.23,11,89
200,31,178.0,15,0.32,22,178
2000,31,1788.0,155,3.87,212,1788
10000,31,8933.0,2203,16.83,1067,8933
20000,31,17854.0,3881,32.18,2146,17854
40000,31,35729.0,5204,60.89,4271,35729
60000,31,53586.0,6523,91.13,6414,53586
80000,31,71464.0,7857,122.9,8536,71464
100000,31,89398.0,9227,153.54,10602,89398
200000,31,178834.0,16058,307.71,21166,178834
400000,31,357554.0,29295,602.1,42446,357554
600000,31,536160.0,43991,902.11,63840,536160
800000,31,715067.0,60622,1199.2,84933,715067
1000000,31,893798.0,74079,1498.73,106202,893798
2,32,2.0,0,0.0,0,2
3,32,3.0,0,0.0,0,3
100,32,92.0,11,0.36,8,92
200,32,177.0,17,0.54,23,177
2000,32,1783.0,141,3.73,217,1783
10000,32,8960.0,1490,16.97,1040,8960
20000,32,17904.0,2236,32.09,2096,17904
40000,32,35780.0,3554,61.65,4220,35780
60000,32,53677.0,4896,91.53,6323,53677
80000,32,71589.0,6253,122.09,8411,71589
100000,32,89414.0,7512,150.48,10586,89414
200000,32,178830.0,14243,302.22,21170,178830
400000,32,357613.0,27327,597.51,42387,357613
600000,32,536407.0,40692,897.16,63593,536407
800000,32,715222.0,53978,1192.09,84778,715222
1000000,32,893774.0,67258,1487.97,106226,893774
2,33,2.0,0,0.0,0,2
3,33,3.0,0,0.0,0,3
100,33,88.0,28,0.99,12,88
200,33,182.0,38,1.26,18,182
2000,33,1778.0,399,5.76,222,1778
10000,33,8881.0,1397,17.87,1119,8881
20000,33,17810.0,11086,33.62,2190,17810
40000,33,35726.0,30433,64.17,4274,35726
60000,33,53520.0,49779,92.3,6480,53520
80000,33,71364.0,69093,124.65,8636,71364
100000,33,89187.0,88453,155.25,10813,89187
200000,33,178537.0,185120,304.69,21463,178537
400000,33,357122.0,378445,607.09,42878,357122
600000,33,535870.0,571720,908.5,64130,535870
800000,33,714677.0,764988,1206.27,85323,714677
1000000,33,893538.0,958216,1506.83,106462,893538
2,34,2.0,2,0.0,0,2
3,34,2.0,3,0.0,1,2
100,34,86.0,95,0.09,14,86
200,34,176.0,193,0.27,24,176
2000,34,1787.0,1920,3.24,213,1787
10000,34,8916.0,9399,14.04,1084,8916
20000,34,17848.0,19088,29.57,2152,17848
40000,34,35707.0,38425,61.07,4293,35707
60000,34,53452.0,57680,90.72,6548,53452
80000,34,71286.0,76990,122.27,8714,71286
100000,34,89142.0,95679,153.94,10858,89142
200000,34,178597.0,124180,303.25,21403,178597
400000,34,357194.0,137481,605.29,42806,357194
600000,34,535751.0,150839,907.24,64249,535751
800000,34,714473.0,164278,1213.24,85527,714473
1000000,34,893266.0,177448,1503.45,106734,893266
2,35,2.0,1,0.0,0,2
3,35,3.0,1,0.0,0,3
100,35,89.0,94,4.05,11,89
200,35,176.0,190,8.23,24,176
2000,35,1754.0,1651,71.55,246,1754
10000,35,8910.0,2190,84.29,1090,8910
20000,35,17875.0,2869,100.13,2125,17875
40000,35,35700.0,4172,129.2,4300,35700
60000,35,53633.0,5555,160.02,6367,53633
80000,35,71471.0,6803,187.2,8529,71471
100000,35,89327.0,8088,214.92,10673,89327
200000,35,178761.0,14849,365.99,21239,178761
400000,35,357213.0,28086,667.93,42787,357213
600000,35,535969.0,41387,967.0,64031,535969
800000,35,714607.0,54456,1262.61,85393,714607
1000000,35,893270.0,67685,1561.64,106730,893270
2,36,2.0,0,0.0,0,2
3,36,3.0,0,0.0,0,3
100,36,86.0,12,0.18,14,86
200,36,181.0,20,0.36,19,181
2000,36,1788.0,136,2.92,212,1788
10000,36,8903.0,658,15.12,1097,8903
20000,36,17838.0,1310,28.71,2162,17838
40000,36,35677.0,2644,58.23,4323,35677
60000,36,53586.0,9980,88.56,6414,53586
80000,36,71434.0,25480,119.3,8566,71434
100000,36,89336.0,44776,148.86,10664,89336
200000,36,178840.0,141472,299.74,21160,178840
400000,36,357482.0,334882,598.63,42518,357482
600000,36,536112.0,528148,899.5,63888,536112
800000,36,714813.0,721364,1207.17,85187,714813
1000000,36,893400.0,914742,1505.25,106600,893400
2,37,2.0,0,0.0,0,2
3,37,3.0,0,0.0,0,3
100,37,92.0,33,0.14,8,92
200,37,185.0,42,0.36,15,185
2000,37,1796.0,217,2.56,204,1796
10000,37,8914.0,894,14.89,1086,8914
20000,37,17857.0,10523,30.15,2143,17857
40000,37,35799.0,18973,61.56,4201,35799
60000,37,53597.0,20268,91.94,6403,53597
80000,37,71482.0,21607,122.49,8518,71482
100000,37,89414.0,22934,151.06,10586,89414
200000,37,178747.0,29602,300.19,21253,178747
400000,37,357353.0,51269,602.59,42647,357353
600000,37,536140.0,69011,902.43,63860,536140
800000,37,715014.0,82304,1200.82,84986,715014
1000000,37,893765.0,95770,1501.29,106235,893765
2,38,2.0,0,0.0,0,2
3,38,3.0,1,0.0,0,3
100,38,89.0,8,0.14,11,89
200,38,181.0,43,0.27,19,181
2000,38,1804.0,1743,2.38,196,1804
10000,38,8977.0,5708,13.86,1023,8977
20000,38,17980.0,6371,29.25,2020,17980
40000,38,35857.0,7715,60.21,4143,35857
60000,38,53768.0,9377,90.63,6232,53768
80000,38,71653.0,11661,121.19,8347,71653
100000,38,89599.0,13005,151.83,10401,89599
200000,38,178911.0,19796,307.3,21089,178911
400000,38,357445.0,33223,606.55,42555,357445
600000,38,536289.0,57959,901.48,63711,536289
800000,38,714963.0,71387,1203.07,85037,714963
1000000,38,893816.0,84705,1505.61,106184,893816
2,39,2.0,0,0.0,0,2
3,39,3.0,0,0.0,0,3
100,39,90.0,83,0.14,10,90
200,39,181.0,176,0.27,19,181
2000,39,1773.0,1868,5.08,227,1773
10000,39,8937.0,9594,16.6,1063,8937
20000,39,17883.0,12806,31.68,2117,17883
40000,39,35801.0,14129,61.34,4199,35801
60000,39,53712.0,15497,92.7,6288,53712
80000,39,71618.0,16799,124.47,8382,71618
100000,39,89495.0,18111,153.31,10505,89495
200000,39,178770.0,24871,303.61,21230,178770
400000,39,357501.0,38370,603.31,42499,357501
600000,39,536240.0,51696,898.96,63760,536240
800000,39,714969.0,65028,1198.66,85031,714969
1000000,39,893845.0,78393,1500.89,106155,893845
2,40,1.0,0,0.0,1,1
3,40,2.0,0,0.0,1,2
100,40,85.0,2,0.09,15,85
200,40,171.0,3,0.09,29,171
2000,40,1771.0,1563,2.92,229,1771
10000,40,8911.0,9310,15.21,1089,8911
20000,40,17833.0,18970,29.12,2167,17833
40000,40,35710.0,36500,59.85,4290,35710
60000,40,53602.0,55817,90.54,6398,53602
80000,40,71464.0,74796,120.24,8536,71464
100000,40,89302.0,93882,151.51,10698,89302
200000,40,178436.0,125075,304.69,21564,178436
400000,40,357426.0,138432,607.81,42574,357426
600000,40,536249.0,151531,905.71,63751,536249
800000,40,714866.0,165028,1210.05,85134,714866
1000000,40,893465.0,178380,1516.86,106535,893465
2,41,2.0,2,0.0,0,2
3,41,3.0,3,0.0,0,3
100,41,91.0,66,0.09,9,91
200,41,180.0,162,0.18,20,180
2000,41,1784.0,1896,2.61,216,1784
10000,41,8892.0,9028,13.95,1108,8892
20000,41,17840.0,9697,29.3,2160,17840
40000,41,35717.0,11032,59.63,4283,35717
60000,41,53474.0,12376,89.15,6526,53474
80000,41,71403.0,13660,116.73,8597,71403
100000,41,89284.0,15005,147.1,10716,89284
200000,41,178666.0,21638,295.92,21334,178666
400000,41,357387.0,35235,601.47,42613,357387
600000,41,535963.0,48579,899.91,64037,535963
800000,41,714565.0,61850,1201.36,85435,714565
1000000,41,893243.0,75033,1501.97,106757,893243
2,42,2.0,0,0.0,0,2
3,42,3.0,0,0.0,0,3
100,42,88.0,26,0.54,12,88
200,42,180.0,33,0.68,20,180
2000,42,1790.0,185,3.42,210,1790
10000,42,8889.0,857,14.08,1111,8889
20000,42,17781.0,1694,29.12,2219,17781
40000,42,35596.0,6215,59.04,4404,35596
60000,42,53512.0,7601,89.19,6488,53512
80000,42,71386.0,8964,118.04,8614,71386
100000,42,89167.0,10249,146.61,10833,89167
200000,42,178503.0,16963,295.24,21497,178503
400000,42,357285.0,187576,593.82,42715,357285
600000,42,535999.0,380914,898.69,64001,535999
800000,42,714559.0,574072,1203.12,85441,714559
1000000,42,893010.0,767416,1498.5,106990,893010
2,43,2.0,0,0.0,0,2
3,43,3.0,0,0.0,0,3
100,43,92.0,21,0.5,8,92
200,43,186.0,23,0.5,14,186
2000,43,1784.0,375,6.61,216,1784
10000,43,8919.0,905,18.59,1081,8919
20000,43,17857.0,1599,34.43,2143,17857
40000,43,35714.0,2954,65.03,4286,35714
60000,43,53584.0,4251,94.68,6416,53584
80000,43,71436.0,5994,125.55,8564,71436
100000,43,89288.0,7384,156.37,10712,89288
200000,43,178533.0,14025,304.92,21467,178533
400000,43,357258.0,27459,607.09,42742,357258
600000,43,536034.0,40838,909.4,63966,536034
800000,43,714784.0,54204,1214.28,85216,714784
1000000,43,893401.0,67562,1520.28,106599,893401
2,44,2.0,0,0.0,0,2
3,44,3.0,0,0.0,0,3
100,44,90.0,12,0.32,10,90
200,44,174.0,18,0.5,26,174
2000,44,1775.0,206,3.37,225,1775
10000,44,8933.0,4854,16.51,1067,8933
20000,44,17930.0,14515,31.5,2070,17930
40000,44,35786.0,33878,61.61,4214,35786
60000,44,53695.0,53213,91.22,6305,53695
80000,44,71584.0,72560,121.28,8416,71584
100000,44,89469.0,91867,150.61,10531,89469
200000,44,178974.0,188607,303.03,21026,178974
400000,44,357584.0,382007,599.4,42416,357584
600000,44,536325.0,575449,897.75,63675,536325
800000,44,715028.0,768752,1200.96,84972,715028
1000000,44,893732.0,961990,1503.14,106268,893732
2,45,2.0,0,0.0,0,2
3,45,3.0,0,0.0,0,3
100,45,92.0,16,0.5,8,92
200,45,183.0,26,0.68,17,183
2000,45,1775.0,1471,13.5,225,1775
10000,45,8955.0,9217,26.19,1045,8955
20000,45,17844.0,18889,40.82,2156,17844
40000,45,35679.0,38198,72.0,4321,35679
60000,45,53542.0,54454,101.7,6458,53542
80000,45,71354.0,64340,129.78,8646,71354
100000,45,89208.0,83692,158.53,10792,89208
200000,45,178585.0,180329,310.86,21415,178585
400000,45,357323.0,373714,610.56,42677,357323
600000,45,536278.0,567128,917.55,63722,536278
800000,45,714844.0,760510,1224.67,85156,714844
1000000,45,893451.0,953713,1520.91,106549,893451
2,46,2.0,0,0.0,0,2
3,46,3.0,0,0.0,0,3
100,46,85.0,64,0.18,15,85
200,46,173.0,157,0.32,27,173
2000,46,1780.0,1833,3.1,220,1780
10000,46,8935.0,9547,15.97,1065,8935
20000,46,17924.0,19129,29.52,2076,17924
40000,46,35753.0,38467,59.13,4247,35753
60000,46,53623.0,57836,88.56,6377,53623
80000,46,71414.0,77199,119.03,8586,71414
100000,46,89280.0,96496,149.8,10720,89280
200000,46,178736.0,193109,301.05,21264,178736
400000,46,357463.0,386371,600.84,42537,357463
600000,46,536222.0,579756,905.62,63778,536222
800000,46,714866.0,773002,1209.28,85134,714866
1000000,46,893586.0,966416,1505.57,106414,893586
2,47,2.0,0,0.0,0,2
3,47,3.0,0,0.0,0,3
100,47,91.0,14,0.36,9,91
200,47,179.0,52,1.62,21,179
2000,47,1783.0,219,4.99,217,1783
10000,47,8930.0,789,17.51,1070,8930
20000,47,17894.0,1510,33.21,2106,17894
40000,47,35801.0,2864,64.04,4199,35801
60000,47,53642.0,4198,93.74,6358,53642
80000,47,71550.0,8111,122.13,8450,71550
100000,47,89418.0,9701,152.59,10582,89418
200000,47,178865.0,16403,307.26,21135,178865
400000,47,357641.0,29676,603.0,42359,357641
600000,47,536439.0,42947,901.12,63561,536439
800000,47,715141.0,56407,1205.23,84859,715141
1000000,47,893611.0,69793,1515.15,106389,893611
2,48,2.0,0,0.0,0,2
3,48,3.0,0,0.0,0,3
100,48,88.0,36,0.14,12,88
200,48,176.0,39,0.14,24,176
2000,48,1786.0,141,2.29,214,1786
10000,48,8953.0,690,15.3,1047,8953
20000,48,17859.0,1368,29.84,2141,17859
40000,48,35783.0,2820,59.94,4217,35783
60000,48,53581.0,4194,90.05,6419,53581
80000,48,71410.0,5553,121.41,8590,71410
100000,48,89360.0,7716,153.09,10640,89360
200000,48,178825.0,14665,305.23,21175,178825
400000,48,357583.0,30380,604.35,42417,357583
600000,48,536483.0,45016,908.19,63517,536483
800000,48,714970.0,58491,1207.57,85030,714970
1000000,48,893635.0,71673,1506.2,106365,893635
2,49,2.0,0,0.0,0,2
3,49,2.0,0,0.0,1,2
100,49,90.0,90,0.27,10,90
200,49,182.0,186,0.41,18,182
2000,49,1802.0,1916,5.35,198,1802
10000,49,8930.0,9658,17.46,1070,8930
20000,49,17864.0,19321,32.18,2136,17864
40000,49,35661.0,38631,61.16,4339,35661
60000,49,53524.0,57986,92.88,6476,53524
80000,49,71398.0,77310,121.77,8602,71398
100000,49,89188.0,96677,152.41,10812,89188
200000,49,178499.0,193284,299.65,21501,178499
400000,49,357108.0,386763,595.98,42892,357108
600000,49,535905.0,580055,886.77,64095,535905
800000,49,714726.0,773322,1184.22,85274,714726
1000000,49,893690.0,964717,1481.31,106310,893690
2,50,1.0,0,0.0,1,1
3,50,2.0,1,0.05,1,2
100,50,83.0,40,1.71,17,83
200,50,175.0,42,1.8,25,175
2000,50,1776.0,213,4.54,224,1776
10000,50,8931.0,7926,15.93,1069,8931
20000,50,17840.0,17525,31.73,2160,17840
40000,50,35735.0,36894,59.13,4265,35735
60000,50,53606.0,56199,88.79,6394,53606
80000,50,71470.0,75545,118.98,8530,71470
100000,50,89353.0,94875,149.13,10647,89353
200000,50,178719.0,191266,299.38,21281,178719
400000,50,357274.0,337524,605.79,42726,357274
600000,50,536090.0,530943,899.41,63910,536090
800000,50,714729.0,724274,1200.51,85271,714729
1000000,50,893358.0,917338,1497.15,106642,893358
2,51,2.0,0,0.0,0,2
3,51,3.0,0,0.0,0,3
100,51,90.0,5,0.18,10,90
200,51,177.0,17,0.45,23,177
2000,51,1788.0,160,3.06,212,1788
10000,51,8912.0,666,14.44,1088,8912
20000,51,17901.0,1272,27.45,2099,17901
40000,51,35723.0,2588,56.21,4277,35723
60000,51,53619.0,3851,84.29,6381,53619
80000,51,71527.0,5199,114.8,8473,71527
100000,51,89405.0,6571,146.65,10595,89405
200000,51,178654.0,15015,297.18,21346,178654
400000,51,357393.0,28108,590.76,42607,357393
600000,51,535978.0,41547,889.92,64022,535978
800000,51,714773.0,80738,1186.11,85227,714773
1000000,51,893522.0,274089,1483.65,106478,893522
2,52,2.0,0,0.0,0,2
3,52,3.0,0,0.0,0,3
100,52,91.0,86,0.27,9,91
200,52,179.0,183,0.77,21,179
2000,52,1784.0,1924,3.46,216,1784
10000,52,8875.0,9463,15.61,1125,8875
20000,52,17771.0,18652,29.75,2229,17771
40000,52,35707.0,37916,57.96,4293,35707
60000,52,53560.0,57256,86.09,6440,53560
80000,52,71449.0,76595,114.89,8551,71449
100000,52,89339.0,95958,148.23,10661,89339
200000,52,178620.0,192715,298.35,21380,178620
400000,52,356987.0,385997,604.84,43013,356987
600000,52,535690.0,579356,903.78,64310,535690
800000,52,714344.0,772818,1200.91,85656,714344
1000000,52,893140.0,966034,1493.24,106860,893140
2,53,2.0,0,0.0,0,2
3,53,3.0,0,0.0,0,3
100,53,83.0,56,0.23,17,83
200,53,169.0,153,0.27,31,169
2000,53,1782.0,1887,3.15,218,1782
10000,53,8953.0,9586,15.16,1047,8953
20000,53,17900.0,18578,28.98,2100,17900
40000,53,35797.0,35861,58.64,4203,35797
60000,53,53740.0,55010,87.48,6260,53740
80000,53,71650.0,74337,116.33,8350,71650
100000,53,89525.0,93502,146.2,10475,89525
200000,53,178949.0,186465,294.07,21051,178949
400000,53,357623.0,379865,595.62,42377,357623
600000,53,536515.0,571821,894.28,63485,536515
800000,53,715227.0,693050,1190.83,84773,715227
1000000,53,894067.0,886591,1487.79,105933,894067
2,54,2.0,0,0.0,0,2
3,54,3.0,1,0.0,0,3
100,54,87.0,93,0.32,13,87
200,54,177.0,148,0.45,23,177
2000,54,1790.0,1820,4.86,210,1790
10000,54,8931.0,9551,15.93,1069,8931
20000,54,17808.0,19242,31.82,2192,17808
40000,54,35696.0,38558,62.87,4304,35696
60000,54,53572.0,57887,92.88,6428,53572
80000,54,71372.0,77198,121.91,8628,71372
100000,54,89210.0,96526,150.52,10790,89210
200000,54,178701.0,193205,296.59,21299,178701
400000,54,357375.0,386564,594.0,42625,357375
600000,54,536182.0,579957,883.8,63818,536182
800000,54,715010.0,773297,1192.05,84990,715010
1000000,54,893774.0,966511,1489.77,106226,893774
2,55,1.0,0,0.0,1,1
3,55,2.0,0,0.0,1,2
100,55,86.0,16,0.5,14,86
200,55,174.0,24,0.54,26,174
2000,55,1798.0,770,6.03,202,1798
10000,55,8958.0,8294,18.18,1042,8958
20000,55,17880.0,17967,32.49,2120,17880
40000,55,35765.0,37279,62.19,4235,35765
60000,55,53644.0,56650,92.39,6356,53644
80000,55,71515.0,76055,122.63,8485,71515
100000,55,89405.0,95416,150.43,10595,89405
200000,55,178729.0,191651,305.32,21271,178729
400000,55,357666.0,383118,604.39,42334,357666
600000,55,536525.0,576520,906.16,63475,536525
800000,55,715494.0,769986,1210.54,84506,715494
1000000,55,894192.0,963358,1512.23,105808,894192
2,56,2.0,0,0.0,0,2
3,56,3.0,0,0.0,0,3
100,56,87.0,33,0.81,13,87
200,56,172.0,48,1.35,28,172
2000,56,1772.0,391,14.4,228,1772
10000,56,8911.0,4418,25.74,1089,8911
20000,56,17861.0,14105,40.82,2139,17861
40000,56,35705.0,33453,73.58,4295,35705
60000,56,53621.0,52781,103.01,6379,53621
80000,56,71416.0,72151,133.83,8584,71416
100000,56,89252.0,91473,164.79,10748,89252
200000,56,178620.0,188211,312.16,21380,178620
400000,56,357205.0,381512,618.61,42795,357205
600000,56,535846.0,574971,918.04,64154,535846
800000,56,714418.0,768170,1213.56,85582,714418
1000000,56,893219.0,961491,1514.3,106781,893219
2,57,2.0,1,0.05,0,2
3,57,3.0,1,0.05,0,3
100,57,90.0,22,0.9,10,90
200,57,180.0,33,1.26,20,180
2000,57,1795.0,716,4.18,205,1795
10000,57,8902.0,6784,15.84,1098,8902
20000,57,17826.0,16416,29.79,2174,17826
40000,57,35631.0,35774,60.62,4369,35631
60000,57,53524.0,55126,91.31,6476,53524
80000,57,71373.0,74460,122.36,8627,71373
100000,57,89283.0,93797,152.23,10717,89283
200000,57,178734.0,190486,299.79,21266,178734
400000,57,357504.0,383717,601.69,42496,357504
600000,57,536387.0,576957,904.05,63613,536387
800000,57,715165.0,770129,1206.22,84835,715165
1000000,57,893880.0,963436,1503.5,106120,893880
2,58,1.0,0,0.0,1,1
3,58,2.0,0,0.0,1,2
100,58,88.0,7,0.18,12,88
200,58,173.0,12,0.32,27,173
2000,58,1780.0,1539,2.97,220,1780
10000,58,8967.0,9269,14.71,1033,8967
20000,58,17909.0,18920,30.87,2091,17909
40000,58,35766.0,38251,61.25,4234,35766
60000,58,53673.0,57633,91.62,6327,53673
80000,58,71543.0,76969,123.08,8457,71543
100000,58,89450.0,96312,153.0,10550,89450
200000,58,178749.0,192941,299.34,21251,178749
400000,58,357598.0,386402,596.61,42402,357598
600000,58,536231.0,579648,902.47,63769,536231
800000,58,714861.0,772422,1203.16,85139,714861
1000000,58,893667.0,953961,1511.6,106333,893667
2,59,2.0,0,0.0,0,2
3,59,3.0,0,0.0,0,3
100,59,85.0,86,3.51,15,85
200,59,172.0,178,7.6,28,172
2000,59,1755.0,1090,19.44,245,1755
10000,59,8900.0,6169,30.24,1100,8900
20000,59,17856.0,15850,45.18,2144,17856
40000,59,35760.0,35151,76.14,4240,35760
60000,59,53636.0,54436,105.44,6364,53636
80000,59,71533.0,73761,135.59,8467,71533
100000,59,89364.0,93067,164.65,10636,89364
200000,59,178738.0,188723,316.03,21262,178738
400000,59,357627.0,382091,614.29,42373,357627
600000,59,536407.0,575204,908.19,63593,536407
800000,59,715432.0,768541,1212.97,84568,715432
1000000,59,894437.0,961919,1512.68,105563,894437
2,60,1.0,0,0.0,1,1
3,60,2.0,0,0.0,1,2
100,60,89.0,83,0.14,11,89
200,60,176.0,176,0.23,24,176
2000,60,1766.0,1897,3.42,234,1766
10000,60,8905.0,9140,14.85,1095,8905
20000,60,17850.0,9980,29.97,2150,17850
40000,60,35695.0,11331,60.17,4305,35695
60000,60,53528.0,12570,89.42,6472,53528
80000,60,71385.0,13906,119.75,8615,71385
100000,60,89272.0,15218,149.8,10728,89272
200000,60,178726.0,21931,301.05,21274,178726
400000,60,357315.0,35214,592.69,42685,357315
600000,60,536052.0,48532,894.37,63948,536052
800000,60,714879.0,61684,1189.8,85121,714879
1000000,60,893778.0,74901,1487.16,106222,893778
2,61,2.0,0,0.0,0,2
3,61,3.0,0,0.0,0,3
100,61,86.0,9,0.14,14,86
200,61,170.0,17,0.32,30,170
2000,61,1766.0,144,3.42,234,1766
10000,61,8964.0,681,14.71,1036,8964
20000,61,17917.0,1302,28.76,2083,17917
40000,61,35764.0,2882,59.58,4236,35764
60000,61,53636.0,4229,90.09,6364,53636
80000,61,71484.0,6873,121.23,8516,71484
100000,61,89339.0,17051,151.38,10661,89339
200000,61,178667.0,111224,299.47,21333,178667
400000,61,357120.0,298570,605.16,42880,357120
600000,61,535831.0,491886,904.59,64169,535831
800000,61,714484.0,685405,1203.34,85516,714484
1000000,61,892976.0,878811,1503.41,107024,892976
2,62,2.0,0,0.0,0,2
3,62,3.0,0,0.0,0,3
100,62,82.0,34,0.41,18,82
200,62,165.0,41,0.5,35,165
2000,62,1753.0,163,3.91,247,1753
10000,62,8887.0,721,16.24,1113,8887
20000,62,17832.0,1360,31.14,2168,17832
40000,62,35738.0,8284,64.31,4262,35738
60000,62,53670.0,27641,93.96,6330,53670
80000,62,71635.0,46962,125.28,8365,71635
100000,62,89550.0,66295,155.11,10450,89550
200000,62,178961.0,162982,307.84,21039,178961
400000,62,357417.0,356274,610.87,42583,357417
600000,62,536117.0,549559,911.16,63883,536117
800000,62,714684.0,742832,1208.74,85316,714684
1000000,62,893407.0,936207,1509.75,106593,893407
2,63,2.0,0,0.0,0,2
3,63,3.0,1,0.05,0,3
100,63,87.0,68,0.27,13,87
200,63,180.0,165,0.45,20,180
2000,63,1786.0,1185,4.54,214,1786
10000,63,8891.0,2295,18.32,1109,8891
20000,63,17835.0,2971,32.49,2165,17835
40000,63,35758.0,4340,62.51,4242,35758
60000,63,53645.0,5646,90.32,6355,53645
80000,63,71504.0,6955,118.89,8496,71504
100000,63,89422.0,8331,149.08,10578,89422
200000,63,178813.0,15488,300.01,21187,178813
400000,63,357443.0,28719,595.48,42557,357443
600000,63,536016.0,41910,891.63,63984,536016
800000,63,714651.0,55423,1198.21,85349,714651
1000000,63,893607.0,68736,1497.47,106393,893607
2,64,2.0,0,0.0,0,2
3,64,3.0,0,0.0,0,3
100,64,91.0,49,0.05,9,91
200,64,182.0,145,0.05,18,182
2000,64,1805.0,1866,1.93,195,1805
10000,64,8939.0,8480,13.95,1061,8939
20000,64,17873.0,18154,29.75,2127,17873
40000,64,35682.0,37494,62.42,4318,35682
60000,64,53486.0,56840,92.39,6514,53486
80000,64,71381.0,76188,122.0,8619,71381
100000,64,89227.0,95562,151.2,10773,89227
200000,64,178602.0,192260,299.34,21398,178602
400000,64,357209.0,385646,602.86,42791,357209
600000,64,536133.0,578955,900.94,63867,536133
800000,64,714751.0,772380,1207.71,85249,714751
1000000,64,893497.0,965589,1508.54,106503,893497
2,65,2.0,0,0.0,0,2
3,65,3.0,0,0.0,0,3
100,65,90.0,9,0.18,10,90
200,65,176.0,17,0.36,24,176
2000,65,1770.0,141,2.83,230,1770
10000,65,8915.0,686,15.12,1085,8915
20000,65,17860.0,1325,29.84,2140,17860
40000,65,35774.0,2610,56.25,4226,35774
60000,65,53673.0,4124,86.76,6327,53673
80000,65,71449.0,7947,115.83,8551,71449
100000,65,89329.0,9689,145.8,10671,89329
200000,65,178725.0,104789,298.03,21275,178725
400000,65,357539.0,221133,600.7,42461,357539
600000,65,536007.0,264970,898.2,63993,536007
800000,65,714616.0,381621,1192.09,85384,714616
1000000,65,893415.0,574745,1487.66,106585,893415
2,66,2.0,0,0.0,0,2
3,66,3.0,0,0.0,0,3
100,66,90.0,43,1.62,10,90
200,66,183.0,51,1.8,17,183
2000,66,1780.0,211,5.44,220,1780
10000,66,8893.0,752,18.68,1107,8893
20000,66,17925.0,1428,34.7,2075,17925
40000,66,35734.0,2754,65.52,4266,35734
60000,66,53591.0,4115,96.08,6409,53591
80000,66,71470.0,5404,125.51,8530,71470
100000,66,89298.0,6735,156.01,10702,89298
200000,66,178676.0,13353,307.21,21324,178676
400000,66,357530.0,26851,607.54,42470,357530
600000,66,536277.0,40122,908.5,63723,536277
800000,66,714936.0,53646,1211.67,85064,714936
1000000,66,893780.0,67165,1518.35,106220,893780
2,67,1.0,0,0.0,1,1
3,67,2.0,0,0.0,1,2
100,67,86.0,6,0.0,14,86
200,67,176.0,21,0.5,24,176
2000,67,1797.0,1053,3.42,203,1797
10000,67,8944.0,8789,15.3,1056,8944
20000,67,17909.0,18434,28.8,2091,17909
40000,67,35788.0,37256,58.5,4212,35788
60000,67,53623.0,56632,89.46,6377,53623
80000,67,71503.0,75968,120.29,8497,71503
100000,67,89337.0,95318,151.69,10663,89337
200000,67,178813.0,191862,298.98,21187,178813
400000,67,357387.0,385147,602.5,42613,357387
600000,67,536104.0,578524,902.47,63896,536104
800000,67,714639.0,771837,1208.25,85361,714639
1000000,67,893298.0,965164,1506.96,106702,893298
2,68,2.0,0,0.0,0,2
3,68,3.0,0,0.0,0,3
100,68,89.0,20,0.54,11,89
200,68,177.0,27,0.77,23,177
2000,68,1783.0,146,3.1,217,1783
10000,68,8947.0,688,15.84,1053,8947
20000,68,17856.0,1324,30.38,2144,17856
40000,68,35683.0,2693,60.57,4317,35683
60000,68,53598.0,4011,90.18,6402,53598
80000,68,71369.0,5337,120.65,8631,71369
100000,68,89254.0,10708,150.66,10746,89254
200000,68,178502.0,22180,298.17,21498,178502
400000,68,357316.0,35419,596.61,42684,357316
600000,68,536084.0,48876,896.22,63916,536084
800000,68,714709.0,62197,1199.11,85291,714709
1000000,68,893228.0,75695,1502.78,106772,893228
2,69,1.0,0,0.0,1,1
3,69,2.0,0,0.0,1,2
100,69,92.0,86,0.59,8,92
200,69,181.0,186,0.68,19,181
2000,69,1767.0,1926,4.63,233,1767
10000,69,8933.0,9604,17.64,1067,8933
20000,69,17849.0,18294,33.71,2151,17849
40000,69,35721.0,34994,62.64,4279,35721
60000,69,53541.0,53796,92.48,6459,53541
80000,69,71379.0,73152,122.54,8621,71379
100000,69,89226.0,92510,150.79,10774,89226
200000,69,178640.0,189216,297.85,21360,178640
400000,69,357221.0,382616,600.07,42779,357221
600000,69,536044.0,480388,901.03,63956,536044
800000,69,714662.0,493841,1208.38,85338,714662
1000000,69,893261.0,507158,1510.65,106739,893261
2,70,1.0,0,0.0,1,1
3,70,2.0,0,0.0,1,2
100,70,87.0,19,0.27,13,87
200,70,176.0,71,0.45,24,176
2000,70,1783.0,1817,3.51,217,1783
10000,70,8951.0,9558,15.93,1049,8951
20000,70,17925.0,19194,30.83,2075,17925
40000,70,35807.0,38433,62.6,4193,35807
60000,70,53723.0,55482,93.33,6277,53723
80000,70,71586.0,74264,124.47,8414,71586
100000,70,89481.0,83152,154.57,10519,89481
200000,70,178892.0,93106,306.09,21108,178892
400000,70,357949.0,277535,610.02,42051,357949
600000,70,536695.0,470916,916.2,63305,536695
800000,70,715317.0,664283,1209.91,84683,715317
1000000,70,894244.0,857793,1516.28,105756,894244
2,71,2.0,0,0.0,0,2
3,71,3.0,0,0.0,0,3
100,71,89.0,24,0.72,11,89
200,71,178.0,36,0.81,22,178
2000,71,1793.0,1363,3.78,207,1793
10000,71,8924.0,4305,14.53,1076,8924
20000,71,17817.0,7563,29.48,2183,17817
40000,71,35776.0,8849,57.87,4224,35776
60000,71,53719.0,10175,87.39,6281,53719
80000,71,71623.0,11507,118.26,8377,71623
100000,71,89471.0,12913,149.89,10529,89471
200000,71,178958.0,19615,303.34,21042,178958
400000,71,357569.0,32846,601.47,42431,357569
600000,71,536173.0,46064,896.62,63827,536173
800000,71,714928.0,59427,1196.23,85072,714928
1000000,71,893730.0,72724,1497.02,106270,893730
2,72,2.0,0,0.0,0,2
3,72,3.0,0,0.0,0,3
100,72,91.0,12,0.32,9,91
200,72,182.0,18,0.5,18,182
2000,72,1805.0,221,3.78,195,1805
10000,72,8938.0,722,15.88,1062,8938
20000,72,17854.0,1442,30.38,2146,17854
40000,72,35732.0,12205,59.94,4268,35732
60000,72,53663.0,31553,90.36,6337,53663
80000,72,71529.0,50856,121.68,8471,71529
100000,72,89432.0,70203,150.97,10568,89432
200000,72,178787.0,166865,301.41,21213,178787
400000,72,357470.0,360320,602.23,42530,357470
600000,72,535872.0,553420,901.08,64128,535872
800000,72,714562.0,670074,1203.43,85438,714562
1000000,72,893226.0,683455,1500.89,106774,893226
2,73,2.0,2,0.09,0,2
3,73,3.0,3,0.14,0,3
100,73,87.0,94,3.96,13,87
200,73,173.0,185,7.87,27,173
2000,73,1788.0,447,10.89,212,1788
10000,73,8955.0,2403,23.85,1045,8955
20000,73,17852.0,3177,39.11,2148,17852
40000,73,35733.0,4497,69.3,4267,35733
60000,73,53632.0,5829,99.14,6368,53632
80000,73,71485.0,7154,128.12,8515,71485
100000,73,89333.0,8526,159.39,10667,89333
200000,73,178543.0,15149,306.9,21457,178543
400000,73,357347.0,81079,610.29,42653,357347
600000,73,535875.0,101362,914.13,64125,535875
800000,73,714630.0,114671,1208.43,85370,714630
1000000,73,893380.0,127712,1500.8,106620,893380
2,74,1.0,0,0.0,1,1
3,74,2.0,0,0.0,1,2
100,74,85.0,34,1.13,15,85
200,74,171.0,45,1.44,29,171
2000,74,1772.0,1765,4.5,228,1772
10000,74,8916.0,9495,15.75,1084,8916
20000,74,17916.0,19147,30.65,2084,17916
40000,74,35784.0,38470,61.29,4216,35784
60000,74,53654.0,57758,91.8,6346,53654
80000,74,71539.0,77124,121.59,8461,71539
100000,74,89356.0,96469,152.01,10644,89356
200000,74,178858.0,193103,301.81,21142,178858
400000,74,357699.0,386527,599.76,42301,357699
600000,74,536251.0,579743,897.25,63749,536251
800000,74,714850.0,772552,1199.25,85150,714850
1000000,74,893633.0,966004,1500.71,106367,893633
2,75,0.0,0,0.0,2,0
3,75,1.0,0,0.0,2,1
100,75,92.0,79,0.45,8,92
200,75,172.0,168,0.77,28,172
2000,75,1774.0,1899,5.76,226,1774
10000,75,8916.0,9604,17.6,1084,8916
20000,75,17834.0,19277,32.67,2166,17834
40000,75,35670.0,38576,63.59,4330,35670
60000,75,53508.0,57938,92.93,6492,53508
80000,75,71307.0,77264,124.29,8693,71307
100000,75,89172.0,96534,154.35,10828,89172
200000,75,178469.0,193204,302.89,21531,178469
400000,75,357278.0,381678,600.97,42722,357278
600000,75,535735.0,565364,902.16,64265,535735
800000,75,714365.0,758380,1206.31,85635,714365
1000000,75,893182.0,799665,1513.49,106818,893182
2,76,2.0,0,0.0,0,2
3,76,3.0,0,0.0,0,3
100,76,91.0,92,1.13,9,91
200,76,183.0,191,1.35,17,183
2000,76,1791.0,1856,6.07,209,1791
10000,76,8978.0,3147,17.6,1022,8978
20000,76,17929.0,4117,32.18,2071,17929
40000,76,35754.0,10319,62.37,4246,35754
60000,76,53609.0,11618,93.24,6391,53609
80000,76,71537.0,12927,122.04,8463,71537
100000,76,89446.0,14247,152.41,10554,89446
200000,76,178934.0,20909,301.72,21066,178934
400000,76,357748.0,57427,599.58,42252,357748
600000,76,536397.0,75506,911.07,63603,536397
800000,76,715099.0,107607,1218.42,84901,715099
1000000,76,893760.0,123099,1512.32,106240,893760
2,77,2.0,2,0.09,0,2
3,77,3.0,3,0.14,0,3
100,77,87.0,93,3.87,13,87
200,77,166.0,188,8.05,34,166
2000,77,1772.0,317,10.98,228,1772
10000,77,8941.0,1278,22.82,1059,8941
20000,77,17895.0,1937,37.89,2105,17895
40000,77,35787.0,3273,67.86,4213,35787
60000,77,53627.0,4608,97.97,6373,53627
80000,77,71468.0,6282,127.98,8532,71468
100000,77,89358.0,8010,157.5,10642,89358
200000,77,178671.0,14659,306.0,21329,178671
400000,77,357233.0,28103,606.01,42767,357233
600000,77,536113.0,41638,914.26,63887,536113
800000,77,714759.0,55028,1210.27,85241,714759
1000000,77,893130.0,68277,1505.57,106870,893130
2,78,2.0,0,0.0,0,2
3,78,3.0,0,0.0,0,3
100,78,83.0,8,0.18,17,83
200,78,168.0,18,0.54,32,168
2000,78,1781.0,200,2.79,219,1781
10000,78,8903.0,784,15.48,1097,8903
20000,78,17803.0,6185,30.29,2197,17803
40000,78,35638.0,7803,61.56,4362,35638
60000,78,53457.0,10832,91.58,6543,53457
80000,78,71263.0,28308,120.92,8737,71263
100000,78,89147.0,47637,152.37,10853,89147
200000,78,178584.0,144255,300.06,21416,178584
400000,78,357120.0,337592,600.97,42880,357120
600000,78,535920.0,530984,902.65,64080,535920
800000,78,714654.0,724284,1201.72,85346,714654
1000000,78,893278.0,917766,1500.08,106722,893278
2,79,2.0,0,0.0,0,2
3,79,2.0,0,0.0,1,2
100,79,92.0,92,0.9,8,92
200,79,181.0,188,1.04,19,181
2000,79,1789.0,1622,3.91,211,1789
10000,79,8924.0,2255,15.93,1076,8924
20000,79,17896.0,2883,29.12,2104,17896
40000,79,35719.0,4235,60.21,4281,35719
60000,79,53497.0,5570,90.18,6503,53497
80000,79,71341.0,6909,119.39,8659,71341
100000,79,89215.0,8244,150.66,10785,89215
200000,79,178555.0,14842,300.19,21445,178555
400000,79,357049.0,28436,603.58,42951,357049
600000,79,535788.0,41721,904.36,64212,535788
800000,79,714513.0,54912,1204.69,85487,714513
1000000,79,893131.0,68208,1505.43,106869,893131
2,80,2.0,0,0.0,0,2
3,80,3.0,0,0.0,0,3
100,80,90.0,19,0.27,10,90
200,80,184.0,32,0.5,16,184
2000,80,1794.0,168,2.97,206,1794
10000,80,8961.0,713,14.71,1039,8961
20000,80,17896.0,1376,29.16,2104,17896
40000,80,35872.0,3047,59.4,4128,35872
60000,80,53762.0,4410,90.09,6238,53762
80000,80,71677.0,5700,118.76,8323,71677
100000,80,89573.0,7054,149.4,10427,89573
200000,80,178900.0,13709,298.26,21100,178900
400000,80,357467.0,27372,599.62,42533,357467
600000,80,536098.0,40689,897.75,63902,536098
800000,80,714502.0,54260,1204.24,85498,714502
1000000,80,892928.0,67544,1502.78,107072,892928
2,81,2.0,0,0.0,0,2
3,81,3.0,0,0.0,0,3
100,81,95.0,26,0.5,5,95
200,81,190.0,32,0.63,10,190
2000,81,1796.0,644,3.33,204,1796
10000,81,8917.0,2104,15.43,1083,8917
20000,81,17913.0,2927,28.85,2087,17913
40000,81,35733.0,4263,58.32,4267,35733
60000,81,53609.0,5554,87.57,6391,53609
80000,81,71483.0,6751,114.53,8517,71483
100000,81,89445.0,9054,144.9,10555,89445
200000,81,178814.0,17430,299.34,21186,178814
400000,81,357462.0,30887,600.61,42538,357462
600000,81,536073.0,44247,902.16,63927,536073
800000,81,714714.0,57644,1204.92,85286,714714
1000000,81,893385.0,70926,1501.2,106615,893385
2,82,2.0,0,0.0,0,2
3,82,3.0,0,0.0,0,3
100,82,89.0,39,1.66,11,89
200,82,177.0,79,3.46,23,177
2000,82,1788.0,199,6.7,212,1788
10000,82,8953.0,5794,19.67,1047,8953
20000,82,17910.0,7001,35.96,2090,17910
40000,82,35780.0,18623,64.58,4220,35780
60000,82,53643.0,37960,96.35,6357,53643
80000,82,71435.0,57302,126.36,8565,71435
100000,82,89289.0,76594,156.06,10711,89289
200000,82,178684.0,173276,302.58,21316,178684
400000,82,357383.0,365280,601.29,42617,357383
600000,82,536032.0,557912,900.18,63968,536032
800000,82,714921.0,751366,1201.5,85079,714921
1000000,82,893373.0,944657,1498.73,106627,893373
2,83,2.0,0,0.0,0,2
3,83,3.0,0,0.0,0,3
100,83,86.0,15,0.41,14,86
200,83,178.0,71,0.54,22,178
2000,83,1780.0,1812,3.51,220,1780
10000,83,8929.0,9533,15.21,1071,8929
20000,83,17864.0,19181,28.85,2136,17864
40000,83,35797.0,38482,59.22,4203,35797
60000,83,53606.0,57830,88.34,6394,53606
80000,83,71420.0,77216,116.73,8580,71420
100000,83,89223.0,96563,147.37,10777,89223
200000,83,178611.0,193204,294.25,21389,178611
400000,83,357093.0,386590,591.12,42907,357093
600000,83,535730.0,579975,891.45,64270,535730
800000,83,714504.0,773387,1199.88,85496,714504
1000000,83,893200.0,966647,1499.49,106800,893200
2,84,2.0,0,0.0,0,2
3,84,3.0,0,0.0,0,3
100,84,89.0,63,0.18,11,89
200,84,182.0,81,0.27,18,182
2000,84,1783.0,1336,9.49,217,1783
10000,84,8928.0,9070,26.01,1072,8928
20000,84,17881.0,18770,42.53,2119,17881
40000,84,35686.0,38143,73.67,4314,35686
60000,84,53538.0,57465,101.16,6462,53538
80000,84,71374.0,76764,127.44,8626,71374
100000,84,89242.0,96099,160.87,10758,89242
200000,84,178598.0,192703,307.8,21402,178598
400000,84,357346.0,385465,606.6,42654,357346
600000,84,536041.0,578884,901.26,63959,536041
800000,84,714752.0,772139,1198.71,85248,714752
1000000,84,893517.0,965503,1497.74,106483,893517
2,85,1.0,0,0.0,1,1
3,85,2.0,0,0.0,1,2
100,85,92.0,13,0.32,8,92
200,85,180.0,19,0.54,20,180
2000,85,1799.0,143,3.19,201,1799
10000,85,8916.0,672,15.66,1084,8916
20000,85,17856.0,1331,30.06,2144,17856
40000,85,35785.0,2645,60.48,4215,35785
60000,85,53597.0,4065,92.7,6403,53597
80000,85,71413.0,6967,122.99,8587,71413
100000,85,89282.0,8273,152.5,10718,89282
200000,85,178592.0,14889,301.32,21408,178592
400000,85,357292.0,28261,600.48,42708,357292
600000,85,535842.0,41587,897.07,64158,535842
800000,85,714374.0,54813,1197.63,85626,714374
1000000,85,893204.0,68110,1494.72,106796,893204
2,86,2.0,0,0.0,0,2
3,86,3.0,0,0.0,0,3
100,86,89.0,32,1.08,11,89
200,86,177.0,54,1.22,23,177
2000,86,1790.0,177,3.78,210,1790
10000,86,8951.0,7065,18.05,1049,8951
20000,86,17850.0,16747,33.44,2150,17850
40000,86,35800.0,36116,66.6,4200,35800
60000,86,53695.0,55459,94.05,6305,53695
80000,86,71506.0,74789,126.41,8494,71506
100000,86,89306.0,94148,157.9,10694,89306
200000,86,178669.0,190643,306.72,21331,178669
400000,86,357345.0,384028,607.72,42655,357345
600000,86,536116.0,577433,914.17,63884,536116
800000,86,714476.0,770909,1215.4,85524,714476
1000000,86,893398.0,964245,1518.39,106602,893398
2,87,2.0,0,0.0,0,2
3,87,2.0,0,0.0,1,2
100,87,88.0,8,0.18,12,88
200,87,179.0,15,0.32,21,179
2000,87,1771.0,202,2.7,229,1771
10000,87,8955.0,7704,16.51,1045,8955
20000,87,17904.0,17358,31.59,2096,17904
40000,87,35760.0,36704,62.1,4240,35760
60000,87,53604.0,56007,93.6,6396,53604
80000,87,71440.0,75296,122.54,8560,71440
100000,87,89318.0,94621,152.37,10682,89318
200000,87,178675.0,191238,305.64,21325,178675
400000,87,357237.0,384490,611.55,42763,357237
600000,87,535856.0,577877,911.25,64144,535856
800000,87,714374.0,771236,1214.23,85626,714374
1000000,87,893084.0,964649,1507.86,106916,893084
2,88,2.0,0,0.0,0,2
3,88,3.0,0,0.0,0,3
100,88,90.0,21,0.54,10,90
200,88,179.0,31,0.86,21,179
2000,88,1773.0,151,3.6,227,1773
10000,88,8963.0,6104,15.48,1037,8963
20000,88,17922.0,15793,31.59,2078,17922
40000,88,35693.0,35102,61.38,4307,35693
60000,88,53557.0,54392,91.71,6443,53557
80000,88,71410.0,73694,122.27,8590,71410
100000,88,89316.0,92995,153.67,10684,89316
200000,88,178729.0,189743,300.33,21271,178729
400000,88,357179.0,383025,598.63,42821,357179
600000,88,535850.0,576343,898.6,64150,535850
800000,88,714569.0,769650,1195.96,85431,714569
1000000,88,893439.0,962955,1495.44,106561,893439
2,89,2.0,1,0.05,0,2
3,89,2.0,1,0.05,1,2
100,89,86.0,96,3.28,14,86
200,89,176.0,114,3.6,24,176
2000,89,1777.0,239,6.66,223,1777
10000,89,8867.0,851,20.43,1133,8867
20000,89,17806.0,1479,34.29,2194,17806
40000,89,35673.0,2848,65.07,4327,35673
60000,89,53593.0,4180,94.19,6407,53593
80000,89,71458.0,5514,123.03,8542,71458
100000,89,89339.0,6853,152.95,10661,89339
200000,89,178677.0,13579,301.9,21323,178677
400000,89,357332.0,28394,605.29,42668,357332
600000,89,536122.0,62719,903.15,63878,536122
800000,89,714927.0,103407,1205.68,85073,714927
1000000,89,893582.0,116723,1501.97,106418,893582
2,90,2.0,0,0.0,0,2
3,90,3.0,0,0.0,0,3
100,90,79.0,84,3.6,21,79
200,90,173.0,181,3.91,27,173
2000,90,1770.0,1915,7.02,230,1770
10000,90,8987.0,9645,18.9,1013,8987
20000,90,17908.0,19281,33.35,2092,17908
40000,90,35740.0,38610,63.18,4260,35740
60000,90,53621.0,52797,93.6,6379,53621
80000,90,71412.0,63120,122.27,8588,71412
100000,90,89276.0,78627,152.82,10724,89276
200000,90,178569.0,175300,301.59,21431,178569
400000,90,357552.0,190009,596.74,42448,357552
600000,90,536265.0,203220,888.39,63735,536265
800000,90,715020.0,216558,1189.17,84980,715020
1000000,90,893589.0,229672,1485.32,106411,893589
2,91,2.0,0,0.0,0,2
3,91,3.0,0,0.0,0,3
100,91,87.0,7,0.23,13,87
200,91,175.0,26,0.95,25,175
2000,91,1789.0,150,3.69,211,1789
10000,91,8903.0,1951,16.06,1097,8903
20000,91,17857.0,2591,30.69,2143,17857
40000,91,35741.0,3938,60.84,4259,35741
60000,91,53554.0,5249,89.55,6446,53554
80000,91,71418.0,6576,119.61,8582,71418
100000,91,89276.0,7942,150.88,10724,89276
200000,91,178739.0,14693,301.72,21261,178739
400000,91,357495.0,28028,600.7,42505,357495
600000,91,536254.0,60210,901.03,63746,536254
800000,91,714782.0,91158,1202.67,85218,714782
1000000,91,893587.0,104486,1501.92,106413,893587
2,92,2.0,1,0.05,0,2
3,92,3.0,1,0.05,0,3
100,92,86.0,45,0.68,14,86
200,92,181.0,142,0.77,19,181
2000,92,1763.0,1860,10.21,237,1763
10000,92,8932.0,9598,23.63,1068,8932
20000,92,17840.0,19258,37.94,2160,17840
40000,92,35669.0,34689,67.73,4331,35669
60000,92,53576.0,54048,98.1,6424,53576
80000,92,71480.0,73363,128.57,8520,71480
100000,92,89439.0,92682,160.42,10561,89439
200000,92,178870.0,189334,311.53,21130,178870
400000,92,357707.0,283187,606.19,42293,357707
600000,92,536487.0,296521,905.58,63513,536487
800000,92,715372.0,309926,1204.06,84628,715372
1000000,92,894093.0,323256,1502.96,105907,894093
2,93,2.0,1,0.05,0,2
3,93,3.0,1,0.05,0,3
100,93,92.0,11,0.32,8,92
200,93,186.0,15,0.45,14,186
2000,93,1802.0,314,2.79,198,1802
10000,93,8899.0,6139,14.49,1101,8899
20000,93,17787.0,12115,30.42,2213,17787
40000,93,35670.0,13404,59.36,4330,35670
60000,93,53515.0,14754,90.09,6485,53515
80000,93,71448.0,16050,118.4,8552,71448
100000,93,89277.0,17348,147.73,10723,89277
200000,93,178509.0,24091,299.43,21491,178509
400000,93,356946.0,37387,597.28,43054,356946
600000,93,535539.0,50658,896.22,64461,535539
800000,93,714381.0,64098,1199.11,85619,714381
1000000,93,893279.0,77581,1504.4,106721,893279
2,94,2.0,0,0.0,0,2
3,94,3.0,0,0.0,0,3
100,94,84.0,84,0.77,16,84
200,94,179.0,183,1.13,21,179
2000,94,1793.0,1923,4.63,207,1793
10000,94,8960.0,9613,16.65,1040,8960
20000,94,17911.0,19177,32.09,2089,17911
40000,94,35797.0,38279,62.01,4203,35797
60000,94,53712.0,57632,89.91,6288,53712
80000,94,71591.0,74733,120.15,8409,71591
100000,94,89415.0,90868,148.99,10585,89415
200000,94,178861.0,161628,299.16,21139,178861
400000,94,357603.0,347127,601.65,42397,357603
600000,94,536296.0,516625,893.92,63704,536296
800000,94,714944.0,704555,1194.52,85056,714944
1000000,94,893668.0,897838,1494.27,106332,893668
2,95,2.0,0,0.0,0,2
3,95,3.0,0,0.0,0,3
100,95,89.0,45,1.13,11,89
200,95,178.0,57,1.35,22,178
2000,95,1780.0,287,9.18,220,1780
10000,95,8913.0,926,20.88,1087,8913
20000,95,17843.0,1656,36.59,2157,17843
40000,95,35707.0,3035,68.04,4293,35707
60000,95,53596.0,4427,98.06,6404,53596
80000,95,71453.0,13456,127.8,8547,71453
100000,95,89294.0,14783,157.32,10706,89294
200000,95,178774.0,21448,308.34,21226,178774
400000,95,357377.0,34609,601.29,42623,357377
600000,95,536250.0,47986,898.96,63750,536250
800000,95,714855.0,61211,1194.07,85145,714855
1000000,95,893562.0,74499,1494.0,106438,893562
2,96,2.0,0,0.0,0,2
3,96,3.0,0,0.0,0,3
100,96,91.0,5,0.14,9,91
200,96,175.0,19,0.18,25,175
2000,96,1775.0,1665,5.62,225,1775
10000,96,8941.0,9374,20.21,1059,8941
20000,96,17889.0,19062,34.92,2111,17889
40000,96,35754.0,38426,64.44,4246,35754
60000,96,53623.0,57777,95.49,6377,53623
80000,96,71508.0,77109,125.33,8492,71508
100000,96,89437.0,96399,153.04,10563,89437
200000,96,178924.0,193058,301.68,21076,178924
400000,96,357455.0,385056,594.94,42545,357455
600000,96,536319.0,578226,896.04,63681,536319
800000,96,715098.0,771443,1196.55,84902,715098
1000000,96,894066.0,964668,1497.6,105934,894066
2,97,2.0,0,0.0,0,2
3,97,3.0,0,0.0,0,3
100,97,85.0,35,0.36,15,85
200,97,177.0,43,0.59,23,177
2000,97,1788.0,184,3.24,212,1788
10000,97,8927.0,720,14.62,1073,8927
20000,97,17837.0,1391,29.88,2163,17837
40000,97,35694.0,2768,58.1,4306,35694
60000,97,53522.0,4052,86.45,6478,53522
80000,97,71411.0,5387,116.24,8589,71411
100000,97,89295.0,6647,144.58,10705,89295
200000,97,178635.0,13364,297.72,21365,178635
400000,97,357166.0,27573,601.33,42834,357166
600000,97,535937.0,40925,898.69,64063,535937
800000,97,714732.0,54313,1195.2,85268,714732
1000000,97,893565.0,79774,1495.71,106435,893565
2,98,2.0,0,0.0,0,2
3,98,3.0,0,0.0,0,3
100,98,86.0,12,0.23,14,86
200,98,178.0,18,0.32,22,178
2000,98,1785.0,189,5.58,215,1785
10000,98,8950.0,743,17.91,1050,8950
20000,98,17909.0,1388,31.5,2091,17909
40000,98,35698.0,2686,60.8,4302,35698
60000,98,53613.0,4030,91.62,6387,53613
80000,98,71417.0,5371,122.4,8583,71417
100000,98,89242.0,6713,152.59,10758,89242
200000,98,178733.0,13294,298.98,21267,178733
400000,98,357568.0,27135,595.12,42432,357568
600000,98,536496.0,60452,899.82,63504,536496
800000,98,715226.0,87730,1203.12,84774,715226
1000000,98,893941.0,110137,1505.75,106059,893941
2,99,2.0,0,0.0,0,2
3,99,3.0,1,0.05,0,3
100,99,85.0,67,0.18,15,85
200,99,174.0,161,0.41,26,174
2000,99,1788.0,1900,3.06,212,1788
10000,99,8936.0,9646,15.34,1064,8936
20000,99,17890.0,19287,29.34,2110,17890
40000,99,35727.0,38597,59.81,4273,35727
60000,99,53604.0,57881,91.35,6396,53604
80000,99,71524.0,76699,121.82,8476,71524
100000,99,89406.0,96007,153.67,10594,89406
200000,99,178684.0,192659,301.23,21316,178684
400000,99,357335.0,386073,604.39,42665,357335
600000,99,536094.0,579514,903.6,63906,536094
800000,99,714796.0,772722,1201.59,85204,714796
1000000,99,893642.0,966096,1506.02,106358,893642
2,100,2.0,0,0.0,0,2
3,100,3.0,0,0.0,0,3
100,100,94.0,12,0.27,6,94
200,100,184.0,19,0.41,16,184
2000,100,1790.0,152,2.88,210,1790
10000,100,8931.0,698,14.67,1069,8931
20000,100,17854.0,2268,28.76,2146,17854
40000,100,35744.0,3599,59.76,4256,35744
60000,100,53657.0,4961,90.54,6343,53657
80000,100,71563.0,6284,120.11,8437,71563
100000,100,89500.0,7618,149.35,10500,89500
200000,100,179006.0,14234,296.1,20994,179006
400000,100,357665.0,29429,593.73,42335,357665
600000,100,536324.0,43029,896.71,63676,536324
800000,100,715025.0,56413,1195.33,84975,715025
1000000,100,893751.0,69741,1497.15,106249,893751
