Timestep,Iteration,Total Reward,Suboptimal Arms,Total Regret,Zeros Count,Ones Count
2,1,2.0,2,0.15,0,2
3,1,3.0,2,0.15,0,3
100,1,83.0,67,5.05,17,83
200,1,163.0,134,10.05,37,163
2000,1,1693.0,1334,100.05,307,1693
10000,1,8468.0,6667,500.05,1532,8468
20000,1,17001.0,13334,1000.05,2999,17001
40000,1,33987.0,26667,2000.05,6013,33987
60000,1,50921.0,40000,3000.0,9079,50921
80000,1,68003.0,53334,4000.05,11997,68003
100000,1,84963.0,66667,5000.05,15037,84963
200000,1,170257.0,133334,10000.05,29743,170257
400000,1,345156.0,200000,15000.0,54844,345156
600000,1,525407.0,200000,15000.0,74593,525407
800000,1,705519.0,200000,15000.0,94481,705519
1000000,1,885568.0,200000,15000.0,114432,885568
2,2,2.0,2,0.15,0,2
3,2,3.0,2,0.15,0,3
100,2,78.0,67,5.05,22,78
200,2,158.0,134,10.05,42,158
2000,2,1692.0,1334,100.05,308,1692
10000,2,8462.0,6667,500.05,1538,8462
20000,2,16942.0,13334,1000.05,3058,16942
40000,2,33999.0,26667,2000.05,6001,33999
60000,2,51027.0,40000,3000.0,8973,51027
80000,2,68093.0,53334,4000.05,11907,68093
100000,2,85113.0,66667,5000.05,14887,85113
200000,2,170192.0,133334,10000.05,29808,170192
400000,2,345285.0,200000,15000.0,54715,345285
600000,2,525162.0,200000,15000.0,74838,525162
800000,2,704990.0,200000,15000.0,95010,704990
1000000,2,885064.0,200000,15000.0,114936,885064
2,3,2.0,2,0.15,0,2
3,3,3.0,2,0.15,0,3
100,3,85.0,67,5.05,15,85
200,3,168.0,134,10.05,32,168
2000,3,1744.0,1334,100.05,256,1744
10000,3,8593.0,6667,500.05,1407,8593
20000,3,17069.0,13334,1000.05,2931,17069
40000,3,34020.0,26667,2000.05,5980,34020
60000,3,51073.0,40000,3000.0,8927,51073
80000,3,68082.0,53334,4000.05,11918,68082
100000,3,85195.0,66667,5000.05,14805,85195
200000,3,170150.0,133334,10000.05,29850,170150
400000,3,345134.0,200000,15000.0,54866,345134
600000,3,525065.0,200000,15000.0,74935,525065
800000,3,705173.0,200000,15000.0,94827,705173
1000000,3,885136.0,200000,15000.0,114864,885136
2,4,1.0,2,0.15,1,1
3,4,2.0,2,0.15,1,2
100,4,85.0,67,5.05,15,85
200,4,174.0,134,10.05,26,174
2000,4,1692.0,1334,100.05,308,1692
10000,4,8434.0,6667,500.05,1566,8434
20000,4,16957.0,13334,1000.05,3043,16957
40000,4,33913.0,26667,2000.05,6087,33913
60000,4,50872.0,40000,3000.0,9128,50872
80000,4,67780.0,53334,4000.05,12220,67780
100000,4,84728.0,66667,5000.05,15272,84728
200000,4,169770.0,133334,10000.05,30230,169770
400000,4,344901.0,200000,15000.0,55099,344901
600000,4,525071.0,200000,15000.0,74929,525071
800000,4,705015.0,200000,15000.0,94985,705015
1000000,4,885114.0,200000,15000.0,114886,885114
2,5,1.0,2,0.15,1,1
3,5,2.0,2,0.15,1,2
100,5,83.0,67,5.05,17,83
200,5,175.0,134,10.05,25,175
2000,5,1696.0,1334,100.05,304,1696
10000,5,8514.0,6667,500.05,1486,8514
20000,5,17031.0,13334,1000.05,2969,17031
40000,5,33977.0,26667,2000.05,6023,33977
60000,5,50956.0,40000,3000.0,9044,50956
80000,5,67977.0,53334,4000.05,12023,67977
100000,5,85028.0,66667,5000.05,14972,85028
200000,5,169962.0,133334,10000.05,30038,169962
400000,5,345180.0,200000,15000.0,54820,345180
600000,5,525270.0,200000,15000.0,74730,525270
800000,5,705277.0,200000,15000.0,94723,705277
1000000,5,885487.0,200000,15000.0,114513,885487
2,6,2.0,2,0.15,0,2
3,6,3.0,2,0.15,0,3
100,6,86.0,67,5.05,14,86
200,6,167.0,134,10.05,33,167
2000,6,1719.0,1334,100.05,281,1719
10000,6,8524.0,6667,500.05,1476,8524
20000,6,17063.0,13334,1000.05,2937,17063
40000,6,34034.0,26667,2000.05,5966,34034
60000,6,51084.0,40000,3000.0,8916,51084
80000,6,68080.0,53334,4000.05,11920,68080
100000,6,85116.0,66667,5000.05,14884,85116
200000,6,170088.0,133334,10000.05,29912,170088
400000,6,345014.0,200000,15000.0,54986,345014
600000,6,525156.0,200000,15000.0,74844,525156
800000,6,705122.0,200000,15000.0,94878,705122
1000000,6,884816.0,200000,15000.0,115184,884816
2,7,2.0,2,0.15,0,2
3,7,3.0,2,0.15,0,3
100,7,83.0,67,5.05,17,83
200,7,170.0,134,10.05,30,170
2000,7,1722.0,1334,100.05,278,1722
10000,7,8505.0,6667,500.05,1495,8505
20000,7,17073.0,13334,1000.05,2927,17073
40000,7,34029.0,26667,2000.05,5971,34029
60000,7,51026.0,40000,3000.0,8974,51026
80000,7,68075.0,53334,4000.05,11925,68075
100000,7,85160.0,66667,5000.05,14840,85160
200000,7,170038.0,133334,10000.05,29962,170038
400000,7,345240.0,200000,15000.0,54760,345240
600000,7,525163.0,200000,15000.0,74837,525163
800000,7,705052.0,200000,15000.0,94948,705052
1000000,7,885039.0,200000,15000.0,114961,885039
2,8,2.0,2,0.15,0,2
3,8,3.0,2,0.15,0,3
100,8,86.0,67,5.05,14,86
200,8,172.0,134,10.05,28,172
2000,8,1726.0,1334,100.05,274,1726
10000,8,8592.0,6667,500.05,1408,8592
20000,8,17091.0,13334,1000.05,2909,17091
40000,8,34135.0,26667,2000.05,5865,34135
60000,8,51208.0,40000,3000.0,8792,51208
80000,8,68164.0,53334,4000.05,11836,68164
100000,8,85234.0,66667,5000.05,14766,85234
200000,8,170207.0,133334,10000.05,29793,170207
400000,8,345040.0,200000,15000.0,54960,345040
600000,8,524965.0,200000,15000.0,75035,524965
800000,8,704941.0,200000,15000.0,95059,704941
1000000,8,884988.0,200000,15000.0,115012,884988
2,9,2.0,2,0.15,0,2
3,9,3.0,2,0.15,0,3
100,9,89.0,67,5.05,11,89
200,9,172.0,134,10.05,28,172
2000,9,1696.0,1334,100.05,304,1696
10000,9,8477.0,6667,500.05,1523,8477
20000,9,17018.0,13334,1000.05,2982,17018
40000,9,34016.0,26667,2000.05,5984,34016
60000,9,50885.0,40000,3000.0,9115,50885
80000,9,67881.0,53334,4000.05,12119,67881
100000,9,84841.0,66667,5000.05,15159,84841
200000,9,169673.0,133334,10000.05,30327,169673
400000,9,344752.0,200000,15000.0,55248,344752
600000,9,524661.0,200000,15000.0,75339,524661
800000,9,704415.0,200000,15000.0,95585,704415
1000000,9,884342.0,200000,15000.0,115658,884342
2,10,2.0,2,0.15,0,2
3,10,3.0,2,0.15,0,3
100,10,82.0,67,5.05,18,82
200,10,170.0,134,10.05,30,170
2000,10,1701.0,1334,100.05,299,1701
10000,10,8460.0,6667,500.05,1540,8460
20000,10,16897.0,13334,1000.05,3103,16897
40000,10,33837.0,26667,2000.05,6163,33837
60000,10,50819.0,40000,3000.0,9181,50819
80000,10,67827.0,53334,4000.05,12173,67827
100000,10,84915.0,66667,5000.05,15085,84915
200000,10,169674.0,133334,10000.05,30326,169674
400000,10,344651.0,200000,15000.0,55349,344651
600000,10,524315.0,200000,15000.0,75685,524315
800000,10,704642.0,200000,15000.0,95358,704642
1000000,10,884945.0,200000,15000.0,115055,884945
2,11,1.0,2,0.15,1,1
3,11,2.0,2,0.15,1,2
100,11,89.0,67,5.05,11,89
200,11,176.0,134,10.05,24,176
2000,11,1688.0,1334,100.05,312,1688
10000,11,8537.0,6667,500.05,1463,8537
20000,11,17061.0,13334,1000.05,2939,17061
40000,11,34083.0,26667,2000.05,5917,34083
60000,11,51180.0,40000,3000.0,8820,51180
80000,11,68114.0,53334,4000.05,11886,68114
100000,11,85115.0,66667,5000.05,14885,85115
200000,11,170045.0,133334,10000.05,29955,170045
400000,11,345065.0,200000,15000.0,54935,345065
600000,11,524941.0,200000,15000.0,75059,524941
800000,11,704932.0,200000,15000.0,95068,704932
1000000,11,884991.0,200000,15000.0,115009,884991
2,12,2.0,2,0.15,0,2
3,12,3.0,2,0.15,0,3
100,12,85.0,67,5.05,15,85
200,12,169.0,134,10.05,31,169
2000,12,1716.0,1334,100.05,284,1716
10000,12,8543.0,6667,500.05,1457,8543
20000,12,17073.0,13334,1000.05,2927,17073
40000,12,34115.0,26667,2000.05,5885,34115
60000,12,51039.0,40000,3000.0,8961,51039
80000,12,68014.0,53334,4000.05,11986,68014
100000,12,85028.0,66667,5000.05,14972,85028
200000,12,170005.0,133334,10000.05,29995,170005
400000,12,344910.0,200000,15000.0,55090,344910
600000,12,524827.0,200000,15000.0,75173,524827
800000,12,704542.0,200000,15000.0,95458,704542
1000000,12,884507.0,200000,15000.0,115493,884507
2,13,2.0,2,0.15,0,2
3,13,3.0,2,0.15,0,3
100,13,84.0,67,5.05,16,84
200,13,166.0,134,10.05,34,166
2000,13,1680.0,1334,100.05,320,1680
10000,13,8510.0,6667,500.05,1490,8510
20000,13,17001.0,13334,1000.05,2999,17001
40000,13,34072.0,26667,2000.05,5928,34072
60000,13,51024.0,40000,3000.0,8976,51024
80000,13,68014.0,53334,4000.05,11986,68014
100000,13,85021.0,66667,5000.05,14979,85021
200000,13,169931.0,133334,10000.05,30069,169931
400000,13,344755.0,200000,15000.0,55245,344755
600000,13,524641.0,200000,15000.0,75359,524641
800000,13,704639.0,200000,15000.0,95361,704639
1000000,13,884742.0,200000,15000.0,115258,884742
2,14,2.0,2,0.15,0,2
3,14,3.0,2,0.15,0,3
100,14,76.0,67,5.05,24,76
200,14,160.0,134,10.05,40,160
2000,14,1685.0,1334,100.05,315,1685
10000,14,8450.0,6667,500.05,1550,8450
20000,14,16974.0,13334,1000.05,3026,16974
40000,14,33869.0,26667,2000.05,6131,33869
60000,14,50858.0,40000,3000.0,9142,50858
80000,14,67761.0,53334,4000.05,12239,67761
100000,14,84759.0,66667,5000.05,15241,84759
200000,14,169829.0,133334,10000.05,30171,169829
400000,14,345091.0,200000,15000.0,54909,345091
600000,14,525175.0,200000,15000.0,74825,525175
800000,14,705304.0,200000,15000.0,94696,705304
1000000,14,885288.0,200000,15000.0,114712,885288
2,15,1.0,2,0.15,1,1
3,15,2.0,2,0.15,1,2
100,15,83.0,67,5.05,17,83
200,15,167.0,134,10.05,33,167
2000,15,1693.0,1334,100.05,307,1693
10000,15,8471.0,6667,500.05,1529,8471
20000,15,16993.0,13334,1000.05,3007,16993
40000,15,33996.0,26667,2000.05,6004,33996
60000,15,50885.0,40000,3000.0,9115,50885
80000,15,67848.0,53334,4000.05,12152,67848
100000,15,84885.0,66667,5000.05,15115,84885
200000,15,170074.0,133334,10000.05,29926,170074
400000,15,345209.0,200000,15000.0,54791,345209
600000,15,525075.0,200000,15000.0,74925,525075
800000,15,704979.0,200000,15000.0,95021,704979
1000000,15,885068.0,200000,15000.0,114932,885068
2,16,1.0,2,0.15,1,1
3,16,2.0,2,0.15,1,2
100,16,89.0,67,5.05,11,89
200,16,166.0,134,10.05,34,166
2000,16,1680.0,1334,100.05,320,1680
10000,16,8499.0,6667,500.05,1501,8499
20000,16,17051.0,13334,1000.05,2949,17051
40000,16,34152.0,26667,2000.05,5848,34152
60000,16,51069.0,40000,3000.0,8931,51069
80000,16,67990.0,53334,4000.05,12010,67990
100000,16,84987.0,66667,5000.05,15013,84987
200000,16,170092.0,133334,10000.05,29908,170092
400000,16,345200.0,200000,15000.0,54800,345200
600000,16,525072.0,200000,15000.0,74928,525072
800000,16,704874.0,200000,15000.0,95126,704874
1000000,16,885054.0,200000,15000.0,114946,885054
2,17,1.0,2,0.15,1,1
3,17,2.0,2,0.15,1,2
100,17,85.0,67,5.05,15,85
200,17,169.0,134,10.05,31,169
2000,17,1716.0,1334,100.05,284,1716
10000,17,8542.0,6667,500.05,1458,8542
20000,17,17132.0,13334,1000.05,2868,17132
40000,17,34124.0,26667,2000.05,5876,34124
60000,17,51123.0,40000,3000.0,8877,51123
80000,17,68094.0,53334,4000.05,11906,68094
100000,17,85053.0,66667,5000.05,14947,85053
200000,17,170005.0,133334,10000.05,29995,170005
400000,17,344871.0,200000,15000.0,55129,344871
600000,17,524714.0,200000,15000.0,75286,524714
800000,17,704651.0,200000,15000.0,95349,704651
1000000,17,884293.0,200000,15000.0,115707,884293
2,18,1.0,2,0.15,1,1
3,18,2.0,2,0.15,1,2
100,18,87.0,67,5.05,13,87
200,18,175.0,134,10.05,25,175
2000,18,1721.0,1334,100.05,279,1721
10000,18,8500.0,6667,500.05,1500,8500
20000,18,17034.0,13334,1000.05,2966,17034
40000,18,33994.0,26667,2000.05,6006,33994
60000,18,50941.0,40000,3000.0,9059,50941
80000,18,67871.0,53334,4000.05,12129,67871
100000,18,84831.0,66667,5000.05,15169,84831
200000,18,169770.0,133334,10000.05,30230,169770
400000,18,344757.0,200000,15000.0,55243,344757
600000,18,524692.0,200000,15000.0,75308,524692
800000,18,704615.0,200000,15000.0,95385,704615
1000000,18,884684.0,200000,15000.0,115316,884684
2,19,0.0,2,0.15,2,0
3,19,1.0,2,0.15,2,1
100,19,84.0,67,5.05,16,84
200,19,164.0,134,10.05,36,164
2000,19,1708.0,1334,100.05,292,1708
10000,19,8443.0,6667,500.05,1557,8443
20000,19,16949.0,13334,1000.05,3051,16949
40000,19,33933.0,26667,2000.05,6067,33933
60000,19,50922.0,40000,3000.0,9078,50922
80000,19,68059.0,53334,4000.05,11941,68059
100000,19,85059.0,66667,5000.05,14941,85059
200000,19,170097.0,133334,10000.05,29903,170097
400000,19,345113.0,200000,15000.0,54887,345113
600000,19,525045.0,200000,15000.0,74955,525045
800000,19,705339.0,200000,15000.0,94661,705339
1000000,19,885306.0,200000,15000.0,114694,885306
2,20,2.0,2,0.15,0,2
3,20,3.0,2,0.15,0,3
100,20,81.0,67,5.05,19,81
200,20,163.0,134,10.05,37,163
2000,20,1692.0,1334,100.05,308,1692
10000,20,8504.0,6667,500.05,1496,8504
20000,20,16951.0,13334,1000.05,3049,16951
40000,20,33912.0,26667,2000.05,6088,33912
60000,20,50908.0,40000,3000.0,9092,50908
80000,20,67919.0,53334,4000.05,12081,67919
100000,20,84951.0,66667,5000.05,15049,84951
200000,20,169806.0,133334,10000.05,30194,169806
400000,20,344974.0,200000,15000.0,55026,344974
600000,20,524923.0,200000,15000.0,75077,524923
800000,20,704841.0,200000,15000.0,95159,704841
1000000,20,884728.0,200000,15000.0,115272,884728
2,21,2.0,2,0.15,0,2
3,21,2.0,2,0.15,1,2
100,21,85.0,67,5.05,15,85
200,21,172.0,134,10.05,28,172
2000,21,1728.0,1334,100.05,272,1728
10000,21,8499.0,6667,500.05,1501,8499
20000,21,16956.0,13334,1000.05,3044,16956
40000,21,33990.0,26667,2000.05,6010,33990
60000,21,51030.0,40000,3000.0,8970,51030
80000,21,68077.0,53334,4000.05,11923,68077
100000,21,84967.0,66667,5000.05,15033,84967
200000,21,169894.0,133334,10000.05,30106,169894
400000,21,344851.0,200000,15000.0,55149,344851
600000,21,524988.0,200000,15000.0,75012,524988
800000,21,704867.0,200000,15000.0,95133,704867
1000000,21,884852.0,200000,15000.0,115148,884852
2,22,1.0,2,0.15,1,1
3,22,1.0,2,0.15,2,1
100,22,85.0,67,5.05,15,85
200,22,170.0,134,10.05,30,170
2000,22,1697.0,1334,100.05,303,1697
10000,22,8492.0,6667,500.05,1508,8492
20000,22,16953.0,13334,1000.05,3047,16953
40000,22,33956.0,26667,2000.05,6044,33956
60000,22,50980.0,40000,3000.0,9020,50980
80000,22,68010.0,53334,4000.05,11990,68010
100000,22,85040.0,66667,5000.05,14960,85040
200000,22,170095.0,133334,10000.05,29905,170095
400000,22,345123.0,200000,15000.0,54877,345123
600000,22,524981.0,200000,15000.0,75019,524981
800000,22,705272.0,200000,15000.0,94728,705272
1000000,22,885007.0,200000,15000.0,114993,885007
2,23,1.0,2,0.15,1,1
3,23,2.0,2,0.15,1,2
100,23,80.0,67,5.05,20,80
200,23,166.0,134,10.05,34,166
2000,23,1671.0,1334,100.05,329,1671
10000,23,8416.0,6667,500.05,1584,8416
20000,23,16924.0,13334,1000.05,3076,16924
40000,23,33884.0,26667,2000.05,6116,33884
60000,23,50917.0,40000,3000.0,9083,50917
80000,23,67893.0,53334,4000.05,12107,67893
100000,23,84867.0,66667,5000.05,15133,84867
200000,23,169820.0,133334,10000.05,30180,169820
400000,23,344856.0,200000,15000.0,55144,344856
600000,23,524788.0,200000,15000.0,75212,524788
800000,23,704924.0,200000,15000.0,95076,704924
1000000,23,885183.0,200000,15000.0,114817,885183
2,24,2.0,2,0.15,0,2
3,24,3.0,2,0.15,0,3
100,24,84.0,67,5.05,16,84
200,24,159.0,134,10.05,41,159
2000,24,1722.0,1334,100.05,278,1722
10000,24,8514.0,6667,500.05,1486,8514
20000,24,16995.0,13334,1000.05,3005,16995
40000,24,34009.0,26667,2000.05,5991,34009
60000,24,51008.0,40000,3000.0,8992,51008
80000,24,68025.0,53334,4000.05,11975,68025
100000,24,85023.0,66667,5000.05,14977,85023
200000,24,170019.0,133334,10000.05,29981,170019
400000,24,345141.0,200000,15000.0,54859,345141
600000,24,525281.0,200000,15000.0,74719,525281
800000,24,705193.0,200000,15000.0,94807,705193
1000000,24,885598.0,200000,15000.0,114402,885598
2,25,2.0,2,0.15,0,2
3,25,3.0,2,0.15,0,3
100,25,86.0,67,5.05,14,86
200,25,166.0,134,10.05,34,166
2000,25,1707.0,1334,100.05,293,1707
10000,25,8537.0,6667,500.05,1463,8537
20000,25,17076.0,13334,1000.05,2924,17076
40000,25,34144.0,26667,2000.05,5856,34144
60000,25,51186.0,40000,3000.0,8814,51186
80000,25,68157.0,53334,4000.05,11843,68157
100000,25,85106.0,66667,5000.05,14894,85106
200000,25,169757.0,133334,10000.05,30243,169757
400000,25,344856.0,200000,15000.0,55144,344856
600000,25,524845.0,200000,15000.0,75155,524845
800000,25,704710.0,200000,15000.0,95290,704710
1000000,25,884570.0,200000,15000.0,115430,884570
2,26,0.0,2,0.15,2,0
3,26,1.0,2,0.15,2,1
100,26,76.0,67,5.05,24,76
200,26,160.0,134,10.05,40,160
2000,26,1692.0,1334,100.05,308,1692
10000,26,8467.0,6667,500.05,1533,8467
20000,26,17052.0,13334,1000.05,2948,17052
40000,26,34090.0,26667,2000.05,5910,34090
60000,26,51073.0,40000,3000.0,8927,51073
80000,26,68143.0,53334,4000.05,11857,68143
100000,26,85137.0,66667,5000.05,14863,85137
200000,26,170080.0,133334,10000.05,29920,170080
400000,26,345281.0,200000,15000.0,54719,345281
600000,26,525119.0,200000,15000.0,74881,525119
800000,26,705002.0,200000,15000.0,94998,705002
1000000,26,885068.0,200000,15000.0,114932,885068
2,27,0.0,2,0.15,2,0
3,27,1.0,2,0.15,2,1
100,27,84.0,67,5.05,16,84
200,27,167.0,134,10.05,33,167
2000,27,1693.0,1334,100.05,307,1693
10000,27,8450.0,6667,500.05,1550,8450
20000,27,16915.0,13334,1000.05,3085,16915
40000,27,33918.0,26667,2000.05,6082,33918
60000,27,50969.0,40000,3000.0,9031,50969
80000,27,67992.0,53334,4000.05,12008,67992
100000,27,84947.0,66667,5000.05,15053,84947
200000,27,170030.0,133334,10000.05,29970,170030
400000,27,345019.0,200000,15000.0,54981,345019
600000,27,524895.0,200000,15000.0,75105,524895
800000,27,704687.0,200000,15000.0,95313,704687
1000000,27,884655.0,200000,15000.0,115345,884655
2,28,2.0,2,0.15,0,2
3,28,3.0,2,0.15,0,3
100,28,83.0,67,5.05,17,83
200,28,166.0,134,10.05,34,166
2000,28,1685.0,1334,100.05,315,1685
10000,28,8488.0,6667,500.05,1512,8488
20000,28,16979.0,13334,1000.05,3021,16979
40000,28,33949.0,26667,2000.05,6051,33949
60000,28,50866.0,40000,3000.0,9134,50866
80000,28,67828.0,53334,4000.05,12172,67828
100000,28,84828.0,66667,5000.05,15172,84828
200000,28,169811.0,133334,10000.05,30189,169811
400000,28,345097.0,200000,15000.0,54903,345097
600000,28,525079.0,200000,15000.0,74921,525079
800000,28,704964.0,200000,15000.0,95036,704964
1000000,28,884927.0,200000,15000.0,115073,884927
2,29,2.0,2,0.15,0,2
3,29,3.0,2,0.15,0,3
100,29,86.0,67,5.05,14,86
200,29,171.0,134,10.05,29,171
2000,29,1678.0,1334,100.05,322,1678
10000,29,8467.0,6667,500.05,1533,8467
20000,29,17014.0,13334,1000.05,2986,17014
40000,29,34062.0,26667,2000.05,5938,34062
60000,29,51004.0,40000,3000.0,8996,51004
80000,29,68004.0,53334,4000.05,11996,68004
100000,29,84958.0,66667,5000.05,15042,84958
200000,29,169935.0,133334,10000.05,30065,169935
400000,29,345108.0,200000,15000.0,54892,345108
600000,29,524998.0,200000,15000.0,75002,524998
800000,29,704839.0,200000,15000.0,95161,704839
1000000,29,884797.0,200000,15000.0,115203,884797
2,30,2.0,2,0.15,0,2
3,30,3.0,2,0.15,0,3
100,30,88.0,67,5.05,12,88
200,30,174.0,134,10.05,26,174
2000,30,1692.0,1334,100.05,308,1692
10000,30,8537.0,6667,500.05,1463,8537
20000,30,17011.0,13334,1000.05,2989,17011
40000,30,34007.0,26667,2000.05,5993,34007
60000,30,51058.0,40000,3000.0,8942,51058
80000,30,68063.0,53334,4000.05,11937,68063
100000,30,85002.0,66667,5000.05,14998,85002
200000,30,170179.0,133334,10000.05,29821,170179
400000,30,345241.0,200000,15000.0,54759,345241
600000,30,525265.0,200000,15000.0,74735,525265
800000,30,705161.0,200000,15000.0,94839,705161
1000000,30,885291.0,200000,15000.0,114709,885291
2,31,2.0,2,0.15,0,2
3,31,3.0,2,0.15,0,3
100,31,87.0,67,5.05,13,87
200,31,164.0,134,10.05,36,164
2000,31,1661.0,1334,100.05,339,1661
10000,31,8469.0,6667,500.05,1531,8469
20000,31,16977.0,13334,1000.05,3023,16977
40000,31,33961.0,26667,2000.05,6039,33961
60000,31,50988.0,40000,3000.0,9012,50988
80000,31,67935.0,53334,4000.05,12065,67935
100000,31,84884.0,66667,5000.05,15116,84884
200000,31,169972.0,133334,10000.05,30028,169972
400000,31,344740.0,200000,15000.0,55260,344740
600000,31,524864.0,200000,15000.0,75136,524864
800000,31,705019.0,200000,15000.0,94981,705019
1000000,31,884923.0,200000,15000.0,115077,884923
2,32,2.0,2,0.15,0,2
3,32,3.0,2,0.15,0,3
100,32,89.0,67,5.05,11,89
200,32,164.0,134,10.05,36,164
2000,32,1696.0,1334,100.05,304,1696
10000,32,8463.0,6667,500.05,1537,8463
20000,32,16952.0,13334,1000.05,3048,16952
40000,32,33933.0,26667,2000.05,6067,33933
60000,32,50893.0,40000,3000.0,9107,50893
80000,32,67908.0,53334,4000.05,12092,67908
100000,32,84948.0,66667,5000.05,15052,84948
200000,32,170028.0,133334,10000.05,29972,170028
400000,32,345100.0,200000,15000.0,54900,345100
600000,32,524936.0,200000,15000.0,75064,524936
800000,32,705058.0,200000,15000.0,94942,705058
1000000,32,884922.0,200000,15000.0,115078,884922
2,33,2.0,2,0.15,0,2
3,33,3.0,2,0.15,0,3
100,33,88.0,67,5.05,12,88
200,33,176.0,134,10.05,24,176
2000,33,1699.0,1334,100.05,301,1699
10000,33,8478.0,6667,500.05,1522,8478
20000,33,16988.0,13334,1000.05,3012,16988
40000,33,33932.0,26667,2000.05,6068,33932
60000,33,50834.0,40000,3000.0,9166,50834
80000,33,67815.0,53334,4000.05,12185,67815
100000,33,84809.0,66667,5000.05,15191,84809
200000,33,170073.0,133334,10000.05,29927,170073
400000,33,345294.0,200000,15000.0,54706,345294
600000,33,525402.0,200000,15000.0,74598,525402
800000,33,705225.0,200000,15000.0,94775,705225
1000000,33,885471.0,200000,15000.0,114529,885471
2,34,2.0,2,0.15,0,2
3,34,3.0,2,0.15,0,3
100,34,79.0,67,5.05,21,79
200,34,167.0,134,10.05,33,167
2000,34,1706.0,1334,100.05,294,1706
10000,34,8463.0,6667,500.05,1537,8463
20000,34,17008.0,13334,1000.05,2992,17008
40000,34,34034.0,26667,2000.05,5966,34034
60000,34,51063.0,40000,3000.0,8937,51063
80000,34,68087.0,53334,4000.05,11913,68087
100000,34,85008.0,66667,5000.05,14992,85008
200000,34,169956.0,133334,10000.05,30044,169956
400000,34,345070.0,200000,15000.0,54930,345070
600000,34,524958.0,200000,15000.0,75042,524958
800000,34,704815.0,200000,15000.0,95185,704815
1000000,34,884711.0,200000,15000.0,115289,884711
2,35,2.0,2,0.15,0,2
3,35,3.0,2,0.15,0,3
100,35,89.0,67,5.05,11,89
200,35,171.0,134,10.05,29,171
2000,35,1696.0,1334,100.05,304,1696
10000,35,8435.0,6667,500.05,1565,8435
20000,35,16891.0,13334,1000.05,3109,16891
40000,35,33888.0,26667,2000.05,6112,33888
60000,35,50884.0,40000,3000.0,9116,50884
80000,35,67961.0,53334,4000.05,12039,67961
100000,35,84929.0,66667,5000.05,15071,84929
200000,35,170075.0,133334,10000.05,29925,170075
400000,35,345315.0,200000,15000.0,54685,345315
600000,35,525322.0,200000,15000.0,74678,525322
800000,35,704918.0,200000,15000.0,95082,704918
1000000,35,885122.0,200000,15000.0,114878,885122
2,36,2.0,2,0.15,0,2
3,36,3.0,2,0.15,0,3
100,36,87.0,67,5.05,13,87
200,36,171.0,134,10.05,29,171
2000,36,1733.0,1334,100.05,267,1733
10000,36,8496.0,6667,500.05,1504,8496
20000,36,16991.0,13334,1000.05,3009,16991
40000,36,33949.0,26667,2000.05,6051,33949
60000,36,50952.0,40000,3000.0,9048,50952
80000,36,67964.0,53334,4000.05,12036,67964
100000,36,85028.0,66667,5000.05,14972,85028
200000,36,170185.0,133334,10000.05,29815,170185
400000,36,345254.0,200000,15000.0,54746,345254
600000,36,525288.0,200000,15000.0,74712,525288
800000,36,705341.0,200000,15000.0,94659,705341
1000000,36,885343.0,200000,15000.0,114657,885343
2,37,1.0,2,0.15,1,1
3,37,2.0,2,0.15,1,2
100,37,81.0,67,5.05,19,81
200,37,165.0,134,10.05,35,165
2000,37,1714.0,1334,100.05,286,1714
10000,37,8561.0,6667,500.05,1439,8561
20000,37,17048.0,13334,1000.05,2952,17048
40000,37,33963.0,26667,2000.05,6037,33963
60000,37,50932.0,40000,3000.0,9068,50932
80000,37,67848.0,53334,4000.05,12152,67848
100000,37,84798.0,66667,5000.05,15202,84798
200000,37,169924.0,133334,10000.05,30076,169924
400000,37,345063.0,200000,15000.0,54937,345063
600000,37,524849.0,200000,15000.0,75151,524849
800000,37,704729.0,200000,15000.0,95271,704729
1000000,37,884538.0,200000,15000.0,115462,884538
2,38,1.0,2,0.15,1,1
3,38,1.0,2,0.15,2,1
100,38,86.0,67,5.05,14,86
200,38,174.0,134,10.05,26,174
2000,38,1703.0,1334,100.05,297,1703
10000,38,8474.0,6667,500.05,1526,8474
20000,38,16887.0,13334,1000.05,3113,16887
40000,38,33881.0,26667,2000.05,6119,33881
60000,38,50875.0,40000,3000.0,9125,50875
80000,38,67858.0,53334,4000.05,12142,67858
100000,38,84802.0,66667,5000.05,15198,84802
200000,38,169830.0,133334,10000.05,30170,169830
400000,38,344727.0,200000,15000.0,55273,344727
600000,38,524411.0,200000,15000.0,75589,524411
800000,38,704285.0,200000,15000.0,95715,704285
1000000,38,884403.0,200000,15000.0,115597,884403
2,39,1.0,2,0.15,1,1
3,39,2.0,2,0.15,1,2
100,39,87.0,67,5.05,13,87
200,39,175.0,134,10.05,25,175
2000,39,1704.0,1334,100.05,296,1704
10000,39,8518.0,6667,500.05,1482,8518
20000,39,17046.0,13334,1000.05,2954,17046
40000,39,34014.0,26667,2000.05,5986,34014
60000,39,50976.0,40000,3000.0,9024,50976
80000,39,67971.0,53334,4000.05,12029,67971
100000,39,84861.0,66667,5000.05,15139,84861
200000,39,169823.0,133334,10000.05,30177,169823
400000,39,344845.0,200000,15000.0,55155,344845
600000,39,524719.0,200000,15000.0,75281,524719
800000,39,704751.0,200000,15000.0,95249,704751
1000000,39,884681.0,200000,15000.0,115319,884681
2,40,2.0,2,0.15,0,2
3,40,3.0,2,0.15,0,3
100,40,86.0,67,5.05,14,86
200,40,171.0,134,10.05,29,171
2000,40,1678.0,1334,100.05,322,1678
10000,40,8465.0,6667,500.05,1535,8465
20000,40,16984.0,13334,1000.05,3016,16984
40000,40,33990.0,26667,2000.05,6010,33990
60000,40,51036.0,40000,3000.0,8964,51036
80000,40,68143.0,53334,4000.05,11857,68143
100000,40,85217.0,66667,5000.05,14783,85217
200000,40,170098.0,133334,10000.05,29902,170098
400000,40,345012.0,200000,15000.0,54988,345012
600000,40,524897.0,200000,15000.0,75103,524897
800000,40,705025.0,200000,15000.0,94975,705025
1000000,40,885088.0,200000,15000.0,114912,885088
2,41,1.0,2,0.15,1,1
3,41,1.0,2,0.15,2,1
100,41,85.0,67,5.05,15,85
200,41,166.0,134,10.05,34,166
2000,41,1698.0,1334,100.05,302,1698
10000,41,8464.0,6667,500.05,1536,8464
20000,41,16994.0,13334,1000.05,3006,16994
40000,41,34007.0,26667,2000.05,5993,34007
60000,41,50978.0,40000,3000.0,9022,50978
80000,41,67902.0,53334,4000.05,12098,67902
100000,41,84881.0,66667,5000.05,15119,84881
200000,41,169799.0,133334,10000.05,30201,169799
400000,41,344952.0,200000,15000.0,55048,344952
600000,41,525172.0,200000,15000.0,74828,525172
800000,41,705451.0,200000,15000.0,94549,705451
1000000,41,885457.0,200000,15000.0,114543,885457
2,42,2.0,2,0.15,0,2
3,42,3.0,2,0.15,0,3
100,42,89.0,67,5.05,11,89
200,42,175.0,134,10.05,25,175
2000,42,1690.0,1334,100.05,310,1690
10000,42,8503.0,6667,500.05,1497,8503
20000,42,16974.0,13334,1000.05,3026,16974
40000,42,34044.0,26667,2000.05,5956,34044
60000,42,51120.0,40000,3000.0,8880,51120
80000,42,68137.0,53334,4000.05,11863,68137
100000,42,85111.0,66667,5000.05,14889,85111
200000,42,170180.0,133334,10000.05,29820,170180
400000,42,345057.0,200000,15000.0,54943,345057
600000,42,524898.0,200000,15000.0,75102,524898
800000,42,704942.0,200000,15000.0,95058,704942
1000000,42,885222.0,200000,15000.0,114778,885222
2,43,2.0,2,0.15,0,2
3,43,3.0,2,0.15,0,3
100,43,83.0,67,5.05,17,83
200,43,168.0,134,10.05,32,168
2000,43,1675.0,1334,100.05,325,1675
10000,43,8444.0,6667,500.05,1556,8444
20000,43,16882.0,13334,1000.05,3118,16882
40000,43,33965.0,26667,2000.05,6035,33965
60000,43,50997.0,40000,3000.0,9003,50997
80000,43,67967.0,53334,4000.05,12033,67967
100000,43,85002.0,66667,5000.05,14998,85002
200000,43,170035.0,133334,10000.05,29965,170035
400000,43,345010.0,200000,15000.0,54990,345010
600000,43,525107.0,200000,15000.0,74893,525107
800000,43,704820.0,200000,15000.0,95180,704820
1000000,43,884929.0,200000,15000.0,115071,884929
2,44,2.0,2,0.15,0,2
3,44,3.0,2,0.15,0,3
100,44,86.0,67,5.05,14,86
200,44,165.0,134,10.05,35,165
2000,44,1710.0,1334,100.05,290,1710
10000,44,8540.0,6667,500.05,1460,8540
20000,44,17087.0,13334,1000.05,2913,17087
40000,44,34113.0,26667,2000.05,5887,34113
60000,44,51082.0,40000,3000.0,8918,51082
80000,44,68164.0,53334,4000.05,11836,68164
100000,44,85086.0,66667,5000.05,14914,85086
200000,44,170189.0,133334,10000.05,29811,170189
400000,44,344954.0,200000,15000.0,55046,344954
600000,44,524837.0,200000,15000.0,75163,524837
800000,44,704726.0,200000,15000.0,95274,704726
1000000,44,884535.0,200000,15000.0,115465,884535
2,45,2.0,2,0.15,0,2
3,45,2.0,2,0.15,1,2
100,45,90.0,67,5.05,10,90
200,45,172.0,134,10.05,28,172
2000,45,1721.0,1334,100.05,279,1721
10000,45,8517.0,6667,500.05,1483,8517
20000,45,17083.0,13334,1000.05,2917,17083
40000,45,34092.0,26667,2000.05,5908,34092
60000,45,51076.0,40000,3000.0,8924,51076
80000,45,68112.0,53334,4000.05,11888,68112
100000,45,85113.0,66667,5000.05,14887,85113
200000,45,170133.0,133334,10000.05,29867,170133
400000,45,345103.0,200000,15000.0,54897,345103
600000,45,524914.0,200000,15000.0,75086,524914
800000,45,705051.0,200000,15000.0,94949,705051
1000000,45,885088.0,200000,15000.0,114912,885088
2,46,2.0,2,0.15,0,2
3,46,3.0,2,0.15,0,3
100,46,89.0,67,5.05,11,89
200,46,172.0,134,10.05,28,172
2000,46,1673.0,1334,100.05,327,1673
10000,46,8516.0,6667,500.05,1484,8516
20000,46,16916.0,13334,1000.05,3084,16916
40000,46,33901.0,26667,2000.05,6099,33901
60000,46,50819.0,40000,3000.0,9181,50819
80000,46,67911.0,53334,4000.05,12089,67911
100000,46,84880.0,66667,5000.05,15120,84880
200000,46,170055.0,133334,10000.05,29945,170055
400000,46,345286.0,200000,15000.0,54714,345286
600000,46,525545.0,200000,15000.0,74455,525545
800000,46,705656.0,200000,15000.0,94344,705656
1000000,46,885722.0,200000,15000.0,114278,885722
2,47,2.0,2,0.15,0,2
3,47,3.0,2,0.15,0,3
100,47,83.0,67,5.05,17,83
200,47,166.0,134,10.05,34,166
2000,47,1684.0,1334,100.05,316,1684
10000,47,8468.0,6667,500.05,1532,8468
20000,47,16935.0,13334,1000.05,3065,16935
40000,47,33903.0,26667,2000.05,6097,33903
60000,47,50831.0,40000,3000.0,9169,50831
80000,47,67699.0,53334,4000.05,12301,67699
100000,47,84683.0,66667,5000.05,15317,84683
200000,47,169763.0,133334,10000.05,30237,169763
400000,47,344375.0,200000,15000.0,55625,344375
600000,47,524260.0,200000,15000.0,75740,524260
800000,47,704357.0,200000,15000.0,95643,704357
1000000,47,884443.0,200000,15000.0,115557,884443
2,48,2.0,2,0.15,0,2
3,48,3.0,2,0.15,0,3
100,48,83.0,67,5.05,17,83
200,48,168.0,134,10.05,32,168
2000,48,1717.0,1334,100.05,283,1717
10000,48,8480.0,6667,500.05,1520,8480
20000,48,17017.0,13334,1000.05,2983,17017
40000,48,34073.0,26667,2000.05,5927,34073
60000,48,51083.0,40000,3000.0,8917,51083
80000,48,68059.0,53334,4000.05,11941,68059
100000,48,85110.0,66667,5000.05,14890,85110
200000,48,169965.0,133334,10000.05,30035,169965
400000,48,344870.0,200000,15000.0,55130,344870
600000,48,524566.0,200000,15000.0,75434,524566
800000,48,704656.0,200000,15000.0,95344,704656
1000000,48,884599.0,200000,15000.0,115401,884599
2,49,2.0,2,0.15,0,2
3,49,3.0,2,0.15,0,3
100,49,86.0,67,5.05,14,86
200,49,178.0,134,10.05,22,178
2000,49,1693.0,1334,100.05,307,1693
10000,49,8500.0,6667,500.05,1500,8500
20000,49,16984.0,13334,1000.05,3016,16984
40000,49,33949.0,26667,2000.05,6051,33949
60000,49,50954.0,40000,3000.0,9046,50954
80000,49,67870.0,53334,4000.05,12130,67870
100000,49,84873.0,66667,5000.05,15127,84873
200000,49,169783.0,133334,10000.05,30217,169783
400000,49,345074.0,200000,15000.0,54926,345074
600000,49,525038.0,200000,15000.0,74962,525038
800000,49,705170.0,200000,15000.0,94830,705170
1000000,49,885108.0,200000,15000.0,114892,885108
2,50,1.0,2,0.15,1,1
3,50,2.0,2,0.15,1,2
100,50,90.0,67,5.05,10,90
200,50,171.0,134,10.05,29,171
2000,50,1730.0,1334,100.05,270,1730
10000,50,8564.0,6667,500.05,1436,8564
20000,50,17102.0,13334,1000.05,2898,17102
40000,50,34036.0,26667,2000.05,5964,34036
60000,50,50982.0,40000,3000.0,9018,50982
80000,50,67910.0,53334,4000.05,12090,67910
100000,50,84931.0,66667,5000.05,15069,84931
200000,50,169927.0,133334,10000.05,30073,169927
400000,50,345015.0,200000,15000.0,54985,345015
600000,50,525093.0,200000,15000.0,74907,525093
800000,50,705161.0,200000,15000.0,94839,705161
1000000,50,885091.0,200000,15000.0,114909,885091
2,51,1.0,2,0.15,1,1
3,51,2.0,2,0.15,1,2
100,51,84.0,67,5.05,16,84
200,51,172.0,134,10.05,28,172
2000,51,1676.0,1334,100.05,324,1676
10000,51,8511.0,6667,500.05,1489,8511
20000,51,16999.0,13334,1000.05,3001,16999
40000,51,33917.0,26667,2000.05,6083,33917
60000,51,51004.0,40000,3000.0,8996,51004
80000,51,68032.0,53334,4000.05,11968,68032
100000,51,85005.0,66667,5000.05,14995,85005
200000,51,169791.0,133334,10000.05,30209,169791
400000,51,344792.0,200000,15000.0,55208,344792
600000,51,524878.0,200000,15000.0,75122,524878
800000,51,705013.0,200000,15000.0,94987,705013
1000000,51,884998.0,200000,15000.0,115002,884998
2,52,2.0,2,0.15,0,2
3,52,3.0,2,0.15,0,3
100,52,88.0,67,5.05,12,88
200,52,175.0,134,10.05,25,175
2000,52,1708.0,1334,100.05,292,1708
10000,52,8530.0,6667,500.05,1470,8530
20000,52,17051.0,13334,1000.05,2949,17051
40000,52,34132.0,26667,2000.05,5868,34132
60000,52,51169.0,40000,3000.0,8831,51169
80000,52,68150.0,53334,4000.05,11850,68150
100000,52,85228.0,66667,5000.05,14772,85228
200000,52,170381.0,133334,10000.05,29619,170381
400000,52,345365.0,200000,15000.0,54635,345365
600000,52,525540.0,200000,15000.0,74460,525540
800000,52,705341.0,200000,15000.0,94659,705341
1000000,52,885414.0,200000,15000.0,114586,885414
2,53,2.0,2,0.15,0,2
3,53,3.0,2,0.15,0,3
100,53,83.0,67,5.05,17,83
200,53,165.0,134,10.05,35,165
2000,53,1701.0,1334,100.05,299,1701
10000,53,8503.0,6667,500.05,1497,8503
20000,53,16965.0,13334,1000.05,3035,16965
40000,53,33947.0,26667,2000.05,6053,33947
60000,53,51001.0,40000,3000.0,8999,51001
80000,53,68060.0,53334,4000.05,11940,68060
100000,53,85087.0,66667,5000.05,14913,85087
200000,53,170242.0,133334,10000.05,29758,170242
400000,53,345305.0,200000,15000.0,54695,345305
600000,53,525291.0,200000,15000.0,74709,525291
800000,53,704930.0,200000,15000.0,95070,704930
1000000,53,884911.0,200000,15000.0,115089,884911
2,54,1.0,2,0.15,1,1
3,54,2.0,2,0.15,1,2
100,54,85.0,67,5.05,15,85
200,54,166.0,134,10.05,34,166
2000,54,1656.0,1334,100.05,344,1656
10000,54,8457.0,6667,500.05,1543,8457
20000,54,16941.0,13334,1000.05,3059,16941
40000,54,33899.0,26667,2000.05,6101,33899
60000,54,50842.0,40000,3000.0,9158,50842
80000,54,67790.0,53334,4000.05,12210,67790
100000,54,84724.0,66667,5000.05,15276,84724
200000,54,169686.0,133334,10000.05,30314,169686
400000,54,344862.0,200000,15000.0,55138,344862
600000,54,524509.0,200000,15000.0,75491,524509
800000,54,704568.0,200000,15000.0,95432,704568
1000000,54,884492.0,200000,15000.0,115508,884492
2,55,2.0,2,0.15,0,2
3,55,3.0,2,0.15,0,3
100,55,81.0,67,5.05,19,81
200,55,164.0,134,10.05,36,164
2000,55,1698.0,1334,100.05,302,1698
10000,55,8520.0,6667,500.05,1480,8520
20000,55,17037.0,13334,1000.05,2963,17037
40000,55,33961.0,26667,2000.05,6039,33961
60000,55,50916.0,40000,3000.0,9084,50916
80000,55,67888.0,53334,4000.05,12112,67888
100000,55,84904.0,66667,5000.05,15096,84904
200000,55,169910.0,133334,10000.05,30090,169910
400000,55,344753.0,200000,15000.0,55247,344753
600000,55,524711.0,200000,15000.0,75289,524711
800000,55,704846.0,200000,15000.0,95154,704846
1000000,55,884784.0,200000,15000.0,115216,884784
2,56,2.0,2,0.15,0,2
3,56,3.0,2,0.15,0,3
100,56,85.0,67,5.05,15,85
200,56,169.0,134,10.05,31,169
2000,56,1694.0,1334,100.05,306,1694
10000,56,8547.0,6667,500.05,1453,8547
20000,56,17048.0,13334,1000.05,2952,17048
40000,56,34033.0,26667,2000.05,5967,34033
60000,56,51080.0,40000,3000.0,8920,51080
80000,56,68156.0,53334,4000.05,11844,68156
100000,56,85225.0,66667,5000.05,14775,85225
200000,56,170175.0,133334,10000.05,29825,170175
400000,56,345318.0,200000,15000.0,54682,345318
600000,56,525200.0,200000,15000.0,74800,525200
800000,56,705299.0,200000,15000.0,94701,705299
1000000,56,885306.0,200000,15000.0,114694,885306
2,57,2.0,2,0.15,0,2
3,57,3.0,2,0.15,0,3
100,57,79.0,67,5.05,21,79
200,57,162.0,134,10.05,38,162
2000,57,1668.0,1334,100.05,332,1668
10000,57,8435.0,6667,500.05,1565,8435
20000,57,16984.0,13334,1000.05,3016,16984
40000,57,33950.0,26667,2000.05,6050,33950
60000,57,50944.0,40000,3000.0,9056,50944
80000,57,67928.0,53334,4000.05,12072,67928
100000,57,84904.0,66667,5000.05,15096,84904
200000,57,169806.0,133334,10000.05,30194,169806
400000,57,344840.0,200000,15000.0,55160,344840
600000,57,524876.0,200000,15000.0,75124,524876
800000,57,704660.0,200000,15000.0,95340,704660
1000000,57,884694.0,200000,15000.0,115306,884694
2,58,0.0,2,0.15,2,0
3,58,0.0,2,0.15,3,0
100,58,84.0,67,5.05,16,84
200,58,165.0,134,10.05,35,165
2000,58,1662.0,1334,100.05,338,1662
10000,58,8482.0,6667,500.05,1518,8482
20000,58,16991.0,13334,1000.05,3009,16991
40000,58,33970.0,26667,2000.05,6030,33970
60000,58,51013.0,40000,3000.0,8987,51013
80000,58,67981.0,53334,4000.05,12019,67981
100000,58,85046.0,66667,5000.05,14954,85046
200000,58,170100.0,133334,10000.05,29900,170100
400000,58,345359.0,200000,15000.0,54641,345359
600000,58,525689.0,200000,15000.0,74311,525689
800000,58,705648.0,200000,15000.0,94352,705648
1000000,58,885759.0,200000,15000.0,114241,885759
2,59,2.0,2,0.15,0,2
3,59,3.0,2,0.15,0,3
100,59,88.0,67,5.05,12,88
200,59,176.0,134,10.05,24,176
2000,59,1706.0,1334,100.05,294,1706
10000,59,8488.0,6667,500.05,1512,8488
20000,59,16996.0,13334,1000.05,3004,16996
40000,59,33981.0,26667,2000.05,6019,33981
60000,59,50919.0,40000,3000.0,9081,50919
80000,59,67886.0,53334,4000.05,12114,67886
100000,59,84868.0,66667,5000.05,15132,84868
200000,59,169868.0,133334,10000.05,30132,169868
400000,59,344876.0,200000,15000.0,55124,344876
600000,59,524873.0,200000,15000.0,75127,524873
800000,59,704716.0,200000,15000.0,95284,704716
1000000,59,884806.0,200000,15000.0,115194,884806
2,60,2.0,2,0.15,0,2
3,60,3.0,2,0.15,0,3
100,60,90.0,67,5.05,10,90
200,60,180.0,134,10.05,20,180
2000,60,1719.0,1334,100.05,281,1719
10000,60,8529.0,6667,500.05,1471,8529
20000,60,17056.0,13334,1000.05,2944,17056
40000,60,34033.0,26667,2000.05,5967,34033
60000,60,51023.0,40000,3000.0,8977,51023
80000,60,68010.0,53334,4000.05,11990,68010
100000,60,84951.0,66667,5000.05,15049,84951
200000,60,169815.0,133334,10000.05,30185,169815
400000,60,344801.0,200000,15000.0,55199,344801
600000,60,524637.0,200000,15000.0,75363,524637
800000,60,704686.0,200000,15000.0,95314,704686
1000000,60,884676.0,200000,15000.0,115324,884676
2,61,2.0,2,0.15,0,2
3,61,2.0,2,0.15,1,2
100,61,74.0,67,5.05,26,74
200,61,161.0,134,10.05,39,161
2000,61,1672.0,1334,100.05,328,1672
10000,61,8407.0,6667,500.05,1593,8407
20000,61,16861.0,13334,1000.05,3139,16861
40000,61,33902.0,26667,2000.05,6098,33902
60000,61,50877.0,40000,3000.0,9123,50877
80000,61,67867.0,53334,4000.05,12133,67867
100000,61,84868.0,66667,5000.05,15132,84868
200000,61,169770.0,133334,10000.05,30230,169770
400000,61,345047.0,200000,15000.0,54953,345047
600000,61,525180.0,200000,15000.0,74820,525180
800000,61,705163.0,200000,15000.0,94837,705163
1000000,61,885045.0,200000,15000.0,114955,885045
2,62,1.0,2,0.15,1,1
3,62,2.0,2,0.15,1,2
100,62,83.0,67,5.05,17,83
200,62,172.0,134,10.05,28,172
2000,62,1712.0,1334,100.05,288,1712
10000,62,8454.0,6667,500.05,1546,8454
20000,62,16961.0,13334,1000.05,3039,16961
40000,62,34035.0,26667,2000.05,5965,34035
60000,62,51025.0,40000,3000.0,8975,51025
80000,62,68012.0,53334,4000.05,11988,68012
100000,62,85024.0,66667,5000.05,14976,85024
200000,62,169947.0,133334,10000.05,30053,169947
400000,62,345007.0,200000,15000.0,54993,345007
600000,62,525065.0,200000,15000.0,74935,525065
800000,62,705120.0,200000,15000.0,94880,705120
1000000,62,884964.0,200000,15000.0,115036,884964
2,63,2.0,2,0.15,0,2
3,63,3.0,2,0.15,0,3
100,63,80.0,67,5.05,20,80
200,63,170.0,134,10.05,30,170
2000,63,1712.0,1334,100.05,288,1712
10000,63,8518.0,6667,500.05,1482,8518
20000,63,17000.0,13334,1000.05,3000,17000
40000,63,34075.0,26667,2000.05,5925,34075
60000,63,51127.0,40000,3000.0,8873,51127
80000,63,68235.0,53334,4000.05,11765,68235
100000,63,85289.0,66667,5000.05,14711,85289
200000,63,170283.0,133334,10000.05,29717,170283
400000,63,345222.0,200000,15000.0,54778,345222
600000,63,525399.0,200000,15000.0,74601,525399
800000,63,705256.0,200000,15000.0,94744,705256
1000000,63,885283.0,200000,15000.0,114717,885283
2,64,1.0,2,0.15,1,1
3,64,2.0,2,0.15,1,2
100,64,86.0,67,5.05,14,86
200,64,173.0,134,10.05,27,173
2000,64,1700.0,1334,100.05,300,1700
10000,64,8463.0,6667,500.05,1537,8463
20000,64,16927.0,13334,1000.05,3073,16927
40000,64,33920.0,26667,2000.05,6080,33920
60000,64,50949.0,40000,3000.0,9051,50949
80000,64,67917.0,53334,4000.05,12083,67917
100000,64,84889.0,66667,5000.05,15111,84889
200000,64,169811.0,133334,10000.05,30189,169811
400000,64,344717.0,200000,15000.0,55283,344717
600000,64,524899.0,200000,15000.0,75101,524899
800000,64,705029.0,200000,15000.0,94971,705029
1000000,64,885126.0,200000,15000.0,114874,885126
2,65,2.0,2,0.15,0,2
3,65,2.0,2,0.15,1,2
100,65,80.0,67,5.05,20,80
200,65,159.0,134,10.05,41,159
2000,65,1675.0,1334,100.05,325,1675
10000,65,8424.0,6667,500.05,1576,8424
20000,65,16893.0,13334,1000.05,3107,16893
40000,65,33917.0,26667,2000.05,6083,33917
60000,65,50884.0,40000,3000.0,9116,50884
80000,65,67915.0,53334,4000.05,12085,67915
100000,65,84895.0,66667,5000.05,15105,84895
200000,65,169829.0,133334,10000.05,30171,169829
400000,65,344816.0,200000,15000.0,55184,344816
600000,65,525060.0,200000,15000.0,74940,525060
800000,65,705180.0,200000,15000.0,94820,705180
1000000,65,885011.0,200000,15000.0,114989,885011
2,66,2.0,2,0.15,0,2
3,66,3.0,2,0.15,0,3
100,66,89.0,67,5.05,11,89
200,66,177.0,134,10.05,23,177
2000,66,1685.0,1334,100.05,315,1685
10000,66,8495.0,6667,500.05,1505,8495
20000,66,17034.0,13334,1000.05,2966,17034
40000,66,34098.0,26667,2000.05,5902,34098
60000,66,51099.0,40000,3000.0,8901,51099
80000,66,68101.0,53334,4000.05,11899,68101
100000,66,85034.0,66667,5000.05,14966,85034
200000,66,169930.0,133334,10000.05,30070,169930
400000,66,344603.0,200000,15000.0,55397,344603
600000,66,524547.0,200000,15000.0,75453,524547
800000,66,704257.0,200000,15000.0,95743,704257
1000000,66,883840.0,200000,15000.0,116160,883840
2,67,1.0,2,0.15,1,1
3,67,2.0,2,0.15,1,2
100,67,83.0,67,5.05,17,83
200,67,169.0,134,10.05,31,169
2000,67,1723.0,1334,100.05,277,1723
10000,67,8520.0,6667,500.05,1480,8520
20000,67,17020.0,13334,1000.05,2980,17020
40000,67,33980.0,26667,2000.05,6020,33980
60000,67,51037.0,40000,3000.0,8963,51037
80000,67,68126.0,53334,4000.05,11874,68126
100000,67,85163.0,66667,5000.05,14837,85163
200000,67,170130.0,133334,10000.05,29870,170130
400000,67,344927.0,200000,15000.0,55073,344927
600000,67,524970.0,200000,15000.0,75030,524970
800000,67,704829.0,200000,15000.0,95171,704829
1000000,67,884914.0,200000,15000.0,115086,884914
2,68,2.0,2,0.15,0,2
3,68,3.0,2,0.15,0,3
100,68,78.0,67,5.05,22,78
200,68,162.0,134,10.05,38,162
2000,68,1714.0,1334,100.05,286,1714
10000,68,8510.0,6667,500.05,1490,8510
20000,68,17011.0,13334,1000.05,2989,17011
40000,68,34009.0,26667,2000.05,5991,34009
60000,68,51103.0,40000,3000.0,8897,51103
80000,68,68076.0,53334,4000.05,11924,68076
100000,68,85137.0,66667,5000.05,14863,85137
200000,68,170231.0,133334,10000.05,29769,170231
400000,68,345294.0,200000,15000.0,54706,345294
600000,68,525391.0,200000,15000.0,74609,525391
800000,68,705347.0,200000,15000.0,94653,705347
1000000,68,885276.0,200000,15000.0,114724,885276
2,69,2.0,2,0.15,0,2
3,69,3.0,2,0.15,0,3
100,69,89.0,67,5.05,11,89
200,69,174.0,134,10.05,26,174
2000,69,1676.0,1334,100.05,324,1676
10000,69,8491.0,6667,500.05,1509,8491
20000,69,16953.0,13334,1000.05,3047,16953
40000,69,33991.0,26667,2000.05,6009,33991
60000,69,50946.0,40000,3000.0,9054,50946
80000,69,67864.0,53334,4000.05,12136,67864
100000,69,84916.0,66667,5000.05,15084,84916
200000,69,170100.0,133334,10000.05,29900,170100
400000,69,345201.0,200000,15000.0,54799,345201
600000,69,525122.0,200000,15000.0,74878,525122
800000,69,704905.0,200000,15000.0,95095,704905
1000000,69,884819.0,200000,15000.0,115181,884819
2,70,2.0,2,0.15,0,2
3,70,3.0,2,0.15,0,3
100,70,86.0,67,5.05,14,86
200,70,168.0,134,10.05,32,168
2000,70,1716.0,1334,100.05,284,1716
10000,70,8537.0,6667,500.05,1463,8537
20000,70,17025.0,13334,1000.05,2975,17025
40000,70,34073.0,26667,2000.05,5927,34073
60000,70,51027.0,40000,3000.0,8973,51027
80000,70,68135.0,53334,4000.05,11865,68135
100000,70,85126.0,66667,5000.05,14874,85126
200000,70,170088.0,133334,10000.05,29912,170088
400000,70,344942.0,200000,15000.0,55058,344942
600000,70,525021.0,200000,15000.0,74979,525021
800000,70,704938.0,200000,15000.0,95062,704938
1000000,70,885058.0,200000,15000.0,114942,885058
2,71,2.0,2,0.15,0,2
3,71,3.0,2,0.15,0,3
100,71,85.0,67,5.05,15,85
200,71,161.0,134,10.05,39,161
2000,71,1697.0,1334,100.05,303,1697
10000,71,8460.0,6667,500.05,1540,8460
20000,71,16927.0,13334,1000.05,3073,16927
40000,71,33888.0,26667,2000.05,6112,33888
60000,71,50820.0,40000,3000.0,9180,50820
80000,71,67823.0,53334,4000.05,12177,67823
100000,71,84825.0,66667,5000.05,15175,84825
200000,71,169677.0,133334,10000.05,30323,169677
400000,71,344541.0,200000,15000.0,55459,344541
600000,71,524495.0,200000,15000.0,75505,524495
800000,71,704378.0,200000,15000.0,95622,704378
1000000,71,884500.0,200000,15000.0,115500,884500
2,72,2.0,2,0.15,0,2
3,72,3.0,2,0.15,0,3
100,72,91.0,67,5.05,9,91
200,72,170.0,134,10.05,30,170
2000,72,1706.0,1334,100.05,294,1706
10000,72,8527.0,6667,500.05,1473,8527
20000,72,16997.0,13334,1000.05,3003,16997
40000,72,33992.0,26667,2000.05,6008,33992
60000,72,51109.0,40000,3000.0,8891,51109
80000,72,68110.0,53334,4000.05,11890,68110
100000,72,85120.0,66667,5000.05,14880,85120
200000,72,170120.0,133334,10000.05,29880,170120
400000,72,345243.0,200000,15000.0,54757,345243
600000,72,525170.0,200000,15000.0,74830,525170
800000,72,705122.0,200000,15000.0,94878,705122
1000000,72,885132.0,200000,15000.0,114868,885132
2,73,2.0,2,0.15,0,2
3,73,3.0,2,0.15,0,3
100,73,90.0,67,5.05,10,90
200,73,169.0,134,10.05,31,169
2000,73,1706.0,1334,100.05,294,1706
10000,73,8517.0,6667,500.05,1483,8517
20000,73,17035.0,13334,1000.05,2965,17035
40000,73,34038.0,26667,2000.05,5962,34038
60000,73,51039.0,40000,3000.0,8961,51039
80000,73,68017.0,53334,4000.05,11983,68017
100000,73,85050.0,66667,5000.05,14950,85050
200000,73,169920.0,133334,10000.05,30080,169920
400000,73,345072.0,200000,15000.0,54928,345072
600000,73,524796.0,200000,15000.0,75204,524796
800000,73,704880.0,200000,15000.0,95120,704880
1000000,73,884865.0,200000,15000.0,115135,884865
2,74,1.0,2,0.15,1,1
3,74,2.0,2,0.15,1,2
100,74,87.0,67,5.05,13,87
200,74,177.0,134,10.05,23,177
2000,74,1714.0,1334,100.05,286,1714
10000,74,8486.0,6667,500.05,1514,8486
20000,74,16985.0,13334,1000.05,3015,16985
40000,74,33938.0,26667,2000.05,6062,33938
60000,74,50946.0,40000,3000.0,9054,50946
80000,74,68000.0,53334,4000.05,12000,68000
100000,74,84961.0,66667,5000.05,15039,84961
200000,74,170136.0,133334,10000.05,29864,170136
400000,74,344954.0,200000,15000.0,55046,344954
600000,74,525029.0,200000,15000.0,74971,525029
800000,74,705021.0,200000,15000.0,94979,705021
1000000,74,884899.0,200000,15000.0,115101,884899
2,75,2.0,2,0.15,0,2
3,75,3.0,2,0.15,0,3
100,75,82.0,67,5.05,18,82
200,75,166.0,134,10.05,34,166
2000,75,1698.0,1334,100.05,302,1698
10000,75,8519.0,6667,500.05,1481,8519
20000,75,17026.0,13334,1000.05,2974,17026
40000,75,34013.0,26667,2000.05,5987,34013
60000,75,51026.0,40000,3000.0,8974,51026
80000,75,68052.0,53334,4000.05,11948,68052
100000,75,85076.0,66667,5000.05,14924,85076
200000,75,169947.0,133334,10000.05,30053,169947
400000,75,345026.0,200000,15000.0,54974,345026
600000,75,525165.0,200000,15000.0,74835,525165
800000,75,705150.0,200000,15000.0,94850,705150
1000000,75,885069.0,200000,15000.0,114931,885069
2,76,1.0,2,0.15,1,1
3,76,2.0,2,0.15,1,2
100,76,87.0,67,5.05,13,87
200,76,165.0,134,10.05,35,165
2000,76,1686.0,1334,100.05,314,1686
10000,76,8440.0,6667,500.05,1560,8440
20000,76,16988.0,13334,1000.05,3012,16988
40000,76,34036.0,26667,2000.05,5964,34036
60000,76,51046.0,40000,3000.0,8954,51046
80000,76,68076.0,53334,4000.05,11924,68076
100000,76,85017.0,66667,5000.05,14983,85017
200000,76,169974.0,133334,10000.05,30026,169974
400000,76,345121.0,200000,15000.0,54879,345121
600000,76,525360.0,200000,15000.0,74640,525360
800000,76,705219.0,200000,15000.0,94781,705219
1000000,76,885192.0,200000,15000.0,114808,885192
2,77,2.0,2,0.15,0,2
3,77,3.0,2,0.15,0,3
100,77,91.0,67,5.05,9,91
200,77,174.0,134,10.05,26,174
2000,77,1708.0,1334,100.05,292,1708
10000,77,8533.0,6667,500.05,1467,8533
20000,77,17042.0,13334,1000.05,2958,17042
40000,77,33994.0,26667,2000.05,6006,33994
60000,77,50937.0,40000,3000.0,9063,50937
80000,77,67999.0,53334,4000.05,12001,67999
100000,77,85005.0,66667,5000.05,14995,85005
200000,77,169969.0,133334,10000.05,30031,169969
400000,77,345145.0,200000,15000.0,54855,345145
600000,77,525118.0,200000,15000.0,74882,525118
800000,77,705173.0,200000,15000.0,94827,705173
1000000,77,885311.0,200000,15000.0,114689,885311
2,78,2.0,2,0.15,0,2
3,78,3.0,2,0.15,0,3
100,78,87.0,67,5.05,13,87
200,78,173.0,134,10.05,27,173
2000,78,1686.0,1334,100.05,314,1686
10000,78,8488.0,6667,500.05,1512,8488
20000,78,16958.0,13334,1000.05,3042,16958
40000,78,34062.0,26667,2000.05,5938,34062
60000,78,51052.0,40000,3000.0,8948,51052
80000,78,68049.0,53334,4000.05,11951,68049
100000,78,85066.0,66667,5000.05,14934,85066
200000,78,169955.0,133334,10000.05,30045,169955
400000,78,345052.0,200000,15000.0,54948,345052
600000,78,524922.0,200000,15000.0,75078,524922
800000,78,705041.0,200000,15000.0,94959,705041
1000000,78,884858.0,200000,15000.0,115142,884858
2,79,2.0,2,0.15,0,2
3,79,3.0,2,0.15,0,3
100,79,90.0,67,5.05,10,90
200,79,177.0,134,10.05,23,177
2000,79,1693.0,1334,100.05,307,1693
10000,79,8538.0,6667,500.05,1462,8538
20000,79,17015.0,13334,1000.05,2985,17015
40000,79,33980.0,26667,2000.05,6020,33980
60000,79,50996.0,40000,3000.0,9004,50996
80000,79,67963.0,53334,4000.05,12037,67963
100000,79,84975.0,66667,5000.05,15025,84975
200000,79,169974.0,133334,10000.05,30026,169974
400000,79,344888.0,200000,15000.0,55112,344888
600000,79,524926.0,200000,15000.0,75074,524926
800000,79,705058.0,200000,15000.0,94942,705058
1000000,79,885058.0,200000,15000.0,114942,885058
2,80,2.0,2,0.15,0,2
3,80,2.0,2,0.15,1,2
100,80,86.0,67,5.05,14,86
200,80,174.0,134,10.05,26,174
2000,80,1702.0,1334,100.05,298,1702
10000,80,8450.0,6667,500.05,1550,8450
20000,80,16979.0,13334,1000.05,3021,16979
40000,80,33970.0,26667,2000.05,6030,33970
60000,80,51014.0,40000,3000.0,8986,51014
80000,80,67981.0,53334,4000.05,12019,67981
100000,80,84935.0,66667,5000.05,15065,84935
200000,80,170023.0,133334,10000.05,29977,170023
400000,80,345131.0,200000,15000.0,54869,345131
600000,80,525124.0,200000,15000.0,74876,525124
800000,80,705250.0,200000,15000.0,94750,705250
1000000,80,885129.0,200000,15000.0,114871,885129
2,81,2.0,2,0.15,0,2
3,81,3.0,2,0.15,0,3
100,81,79.0,67,5.05,21,79
200,81,167.0,134,10.05,33,167
2000,81,1683.0,1334,100.05,317,1683
10000,81,8474.0,6667,500.05,1526,8474
20000,81,17013.0,13334,1000.05,2987,17013
40000,81,34015.0,26667,2000.05,5985,34015
60000,81,51056.0,40000,3000.0,8944,51056
80000,81,68049.0,53334,4000.05,11951,68049
100000,81,84968.0,66667,5000.05,15032,84968
200000,81,169890.0,133334,10000.05,30110,169890
400000,81,344922.0,200000,15000.0,55078,344922
600000,81,524851.0,200000,15000.0,75149,524851
800000,81,704856.0,200000,15000.0,95144,704856
1000000,81,884935.0,200000,15000.0,115065,884935
2,82,2.0,2,0.15,0,2
3,82,3.0,2,0.15,0,3
100,82,85.0,67,5.05,15,85
200,82,172.0,134,10.05,28,172
2000,82,1689.0,1334,100.05,311,1689
10000,82,8499.0,6667,500.05,1501,8499
20000,82,16990.0,13334,1000.05,3010,16990
40000,82,33948.0,26667,2000.05,6052,33948
60000,82,50944.0,40000,3000.0,9056,50944
80000,82,67967.0,53334,4000.05,12033,67967
100000,82,85006.0,66667,5000.05,14994,85006
200000,82,169920.0,133334,10000.05,30080,169920
400000,82,345036.0,200000,15000.0,54964,345036
600000,82,525019.0,200000,15000.0,74981,525019
800000,82,705004.0,200000,15000.0,94996,705004
1000000,82,885214.0,200000,15000.0,114786,885214
2,83,2.0,2,0.15,0,2
3,83,3.0,2,0.15,0,3
100,83,86.0,67,5.05,14,86
200,83,172.0,134,10.05,28,172
2000,83,1722.0,1334,100.05,278,1722
10000,83,8567.0,6667,500.05,1433,8567
20000,83,17018.0,13334,1000.05,2982,17018
40000,83,34094.0,26667,2000.05,5906,34094
60000,83,50934.0,40000,3000.0,9066,50934
80000,83,67896.0,53334,4000.05,12104,67896
100000,83,84927.0,66667,5000.05,15073,84927
200000,83,169901.0,133334,10000.05,30099,169901
400000,83,344905.0,200000,15000.0,55095,344905
600000,83,525082.0,200000,15000.0,74918,525082
800000,83,705222.0,200000,15000.0,94778,705222
1000000,83,885104.0,200000,15000.0,114896,885104
2,84,1.0,2,0.15,1,1
3,84,2.0,2,0.15,1,2
100,84,79.0,67,5.05,21,79
200,84,154.0,134,10.05,46,154
2000,84,1682.0,1334,100.05,318,1682
10000,84,8450.0,6667,500.05,1550,8450
20000,84,16947.0,13334,1000.05,3053,16947
40000,84,33952.0,26667,2000.05,6048,33952
60000,84,50917.0,40000,3000.0,9083,50917
80000,84,67938.0,53334,4000.05,12062,67938
100000,84,84888.0,66667,5000.05,15112,84888
200000,84,169889.0,133334,10000.05,30111,169889
400000,84,344724.0,200000,15000.0,55276,344724
600000,84,524943.0,200000,15000.0,75057,524943
800000,84,704948.0,200000,15000.0,95052,704948
1000000,84,885149.0,200000,15000.0,114851,885149
2,85,0.0,2,0.15,2,0
3,85,1.0,2,0.15,2,1
100,85,90.0,67,5.05,10,90
200,85,173.0,134,10.05,27,173
2000,85,1708.0,1334,100.05,292,1708
10000,85,8506.0,6667,500.05,1494,8506
20000,85,16981.0,13334,1000.05,3019,16981
40000,85,34005.0,26667,2000.05,5995,34005
60000,85,51034.0,40000,3000.0,8966,51034
80000,85,68077.0,53334,4000.05,11923,68077
100000,85,85123.0,66667,5000.05,14877,85123
200000,85,170191.0,133334,10000.05,29809,170191
400000,85,345061.0,200000,15000.0,54939,345061
600000,85,525078.0,200000,15000.0,74922,525078
800000,85,704878.0,200000,15000.0,95122,704878
1000000,85,884758.0,200000,15000.0,115242,884758
2,86,2.0,2,0.15,0,2
3,86,3.0,2,0.15,0,3
100,86,90.0,67,5.05,10,90
200,86,177.0,134,10.05,23,177
2000,86,1721.0,1334,100.05,279,1721
10000,86,8500.0,6667,500.05,1500,8500
20000,86,17051.0,13334,1000.05,2949,17051
40000,86,33981.0,26667,2000.05,6019,33981
60000,86,50981.0,40000,3000.0,9019,50981
80000,86,67981.0,53334,4000.05,12019,67981
100000,86,85004.0,66667,5000.05,14996,85004
200000,86,170122.0,133334,10000.05,29878,170122
400000,86,345580.0,200000,15000.0,54420,345580
600000,86,525543.0,200000,15000.0,74457,525543
800000,86,705507.0,200000,15000.0,94493,705507
1000000,86,885968.0,200000,15000.0,114032,885968
2,87,1.0,2,0.15,1,1
3,87,2.0,2,0.15,1,2
100,87,82.0,67,5.05,18,82
200,87,174.0,134,10.05,26,174
2000,87,1694.0,1334,100.05,306,1694
10000,87,8509.0,6667,500.05,1491,8509
20000,87,16962.0,13334,1000.05,3038,16962
40000,87,33938.0,26667,2000.05,6062,33938
60000,87,50865.0,40000,3000.0,9135,50865
80000,87,67905.0,53334,4000.05,12095,67905
100000,87,84965.0,66667,5000.05,15035,84965
200000,87,169934.0,133334,10000.05,30066,169934
400000,87,344942.0,200000,15000.0,55058,344942
600000,87,524927.0,200000,15000.0,75073,524927
800000,87,704707.0,200000,15000.0,95293,704707
1000000,87,884808.0,200000,15000.0,115192,884808
2,88,1.0,2,0.15,1,1
3,88,2.0,2,0.15,1,2
100,88,79.0,67,5.05,21,79
200,88,163.0,134,10.05,37,163
2000,88,1683.0,1334,100.05,317,1683
10000,88,8469.0,6667,500.05,1531,8469
20000,88,16972.0,13334,1000.05,3028,16972
40000,88,33976.0,26667,2000.05,6024,33976
60000,88,50992.0,40000,3000.0,9008,50992
80000,88,67966.0,53334,4000.05,12034,67966
100000,88,84958.0,66667,5000.05,15042,84958
200000,88,169920.0,133334,10000.05,30080,169920
400000,88,345094.0,200000,15000.0,54906,345094
600000,88,525012.0,200000,15000.0,74988,525012
800000,88,704885.0,200000,15000.0,95115,704885
1000000,88,884976.0,200000,15000.0,115024,884976
2,89,2.0,2,0.15,0,2
3,89,3.0,2,0.15,0,3
100,89,86.0,67,5.05,14,86
200,89,173.0,134,10.05,27,173
2000,89,1707.0,1334,100.05,293,1707
10000,89,8545.0,6667,500.05,1455,8545
20000,89,17020.0,13334,1000.05,2980,17020
40000,89,33952.0,26667,2000.05,6048,33952
60000,89,50825.0,40000,3000.0,9175,50825
80000,89,67807.0,53334,4000.05,12193,67807
100000,89,84820.0,66667,5000.05,15180,84820
200000,89,169895.0,133334,10000.05,30105,169895
400000,89,344890.0,200000,15000.0,55110,344890
600000,89,524834.0,200000,15000.0,75166,524834
800000,89,704852.0,200000,15000.0,95148,704852
1000000,89,884663.0,200000,15000.0,115337,884663
2,90,2.0,2,0.15,0,2
3,90,3.0,2,0.15,0,3
100,90,89.0,67,5.05,11,89
200,90,181.0,134,10.05,19,181
2000,90,1702.0,1334,100.05,298,1702
10000,90,8532.0,6667,500.05,1468,8532
20000,90,17053.0,13334,1000.05,2947,17053
40000,90,34021.0,26667,2000.05,5979,34021
60000,90,51006.0,40000,3000.0,8994,51006
80000,90,67953.0,53334,4000.05,12047,67953
100000,90,84947.0,66667,5000.05,15053,84947
200000,90,169984.0,133334,10000.05,30016,169984
400000,90,344963.0,200000,15000.0,55037,344963
600000,90,524984.0,200000,15000.0,75016,524984
800000,90,704869.0,200000,15000.0,95131,704869
1000000,90,884831.0,200000,15000.0,115169,884831
2,91,2.0,2,0.15,0,2
3,91,3.0,2,0.15,0,3
100,91,85.0,67,5.05,15,85
200,91,168.0,134,10.05,32,168
2000,91,1694.0,1334,100.05,306,1694
10000,91,8505.0,6667,500.05,1495,8505
20000,91,17009.0,13334,1000.05,2991,17009
40000,91,33937.0,26667,2000.05,6063,33937
60000,91,50856.0,40000,3000.0,9144,50856
80000,91,67895.0,53334,4000.05,12105,67895
100000,91,84804.0,66667,5000.05,15196,84804
200000,91,169789.0,133334,10000.05,30211,169789
400000,91,344842.0,200000,15000.0,55158,344842
600000,91,524726.0,200000,15000.0,75274,524726
800000,91,705004.0,200000,15000.0,94996,705004
1000000,91,884858.0,200000,15000.0,115142,884858
2,92,2.0,2,0.15,0,2
3,92,3.0,2,0.15,0,3
100,92,89.0,67,5.05,11,89
200,92,169.0,134,10.05,31,169
2000,92,1703.0,1334,100.05,297,1703
10000,92,8516.0,6667,500.05,1484,8516
20000,92,17004.0,13334,1000.05,2996,17004
40000,92,33902.0,26667,2000.05,6098,33902
60000,92,50892.0,40000,3000.0,9108,50892
80000,92,67818.0,53334,4000.05,12182,67818
100000,92,84828.0,66667,5000.05,15172,84828
200000,92,169755.0,133334,10000.05,30245,169755
400000,92,344868.0,200000,15000.0,55132,344868
600000,92,524864.0,200000,15000.0,75136,524864
800000,92,705082.0,200000,15000.0,94918,705082
1000000,92,885027.0,200000,15000.0,114973,885027
2,93,2.0,2,0.15,0,2
3,93,3.0,2,0.15,0,3
100,93,89.0,67,5.05,11,89
200,93,178.0,134,10.05,22,178
2000,93,1699.0,1334,100.05,301,1699
10000,93,8482.0,6667,500.05,1518,8482
20000,93,17057.0,13334,1000.05,2943,17057
40000,93,34059.0,26667,2000.05,5941,34059
60000,93,51018.0,40000,3000.0,8982,51018
80000,93,68015.0,53334,4000.05,11985,68015
100000,93,85018.0,66667,5000.05,14982,85018
200000,93,169908.0,133334,10000.05,30092,169908
400000,93,344795.0,200000,15000.0,55205,344795
600000,93,524794.0,200000,15000.0,75206,524794
800000,93,704712.0,200000,15000.0,95288,704712
1000000,93,884799.0,200000,15000.0,115201,884799
2,94,2.0,2,0.15,0,2
3,94,2.0,2,0.15,1,2
100,94,85.0,67,5.05,15,85
200,94,169.0,134,10.05,31,169
2000,94,1697.0,1334,100.05,303,1697
10000,94,8539.0,6667,500.05,1461,8539
20000,94,17042.0,13334,1000.05,2958,17042
40000,94,34014.0,26667,2000.05,5986,34014
60000,94,50975.0,40000,3000.0,9025,50975
80000,94,67973.0,53334,4000.05,12027,67973
100000,94,84986.0,66667,5000.05,15014,84986
200000,94,169958.0,133334,10000.05,30042,169958
400000,94,344854.0,200000,15000.0,55146,344854
600000,94,524830.0,200000,15000.0,75170,524830
800000,94,704712.0,200000,15000.0,95288,704712
1000000,94,884546.0,200000,15000.0,115454,884546
2,95,2.0,2,0.15,0,2
3,95,3.0,2,0.15,0,3
100,95,92.0,67,5.05,8,92
200,95,175.0,134,10.05,25,175
2000,95,1712.0,1334,100.05,288,1712
10000,95,8541.0,6667,500.05,1459,8541
20000,95,17013.0,13334,1000.05,2987,17013
40000,95,33963.0,26667,2000.05,6037,33963
60000,95,50997.0,40000,3000.0,9003,50997
80000,95,68013.0,53334,4000.05,11987,68013
100000,95,85071.0,66667,5000.05,14929,85071
200000,95,170118.0,133334,10000.05,29882,170118
400000,95,345176.0,200000,15000.0,54824,345176
600000,95,525161.0,200000,15000.0,74839,525161
800000,95,705121.0,200000,15000.0,94879,705121
1000000,95,884977.0,200000,15000.0,115023,884977
2,96,2.0,2,0.15,0,2
3,96,3.0,2,0.15,0,3
100,96,87.0,67,5.05,13,87
200,96,166.0,134,10.05,34,166
2000,96,1694.0,1334,100.05,306,1694
10000,96,8481.0,6667,500.05,1519,8481
20000,96,16976.0,13334,1000.05,3024,16976
40000,96,34013.0,26667,2000.05,5987,34013
60000,96,51013.0,40000,3000.0,8987,51013
80000,96,68079.0,53334,4000.05,11921,68079
100000,96,85122.0,66667,5000.05,14878,85122
200000,96,170174.0,133334,10000.05,29826,170174
400000,96,344986.0,200000,15000.0,55014,344986
600000,96,524959.0,200000,15000.0,75041,524959
800000,96,704717.0,200000,15000.0,95283,704717
1000000,96,884870.0,200000,15000.0,115130,884870
2,97,2.0,2,0.15,0,2
3,97,3.0,2,0.15,0,3
100,97,85.0,67,5.05,15,85
200,97,171.0,134,10.05,29,171
2000,97,1709.0,1334,100.05,291,1709
10000,97,8555.0,6667,500.05,1445,8555
20000,97,17037.0,13334,1000.05,2963,17037
40000,97,34040.0,26667,2000.05,5960,34040
60000,97,50984.0,40000,3000.0,9016,50984
80000,97,67947.0,53334,4000.05,12053,67947
100000,97,84996.0,66667,5000.05,15004,84996
200000,97,170004.0,133334,10000.05,29996,170004
400000,97,345068.0,200000,15000.0,54932,345068
600000,97,525121.0,200000,15000.0,74879,525121
800000,97,705138.0,200000,15000.0,94862,705138
1000000,97,885111.0,200000,15000.0,114889,885111
2,98,2.0,2,0.15,0,2
3,98,3.0,2,0.15,0,3
100,98,81.0,67,5.05,19,81
200,98,164.0,134,10.05,36,164
2000,98,1688.0,1334,100.05,312,1688
10000,98,8501.0,6667,500.05,1499,8501
20000,98,17020.0,13334,1000.05,2980,17020
40000,98,34067.0,26667,2000.05,5933,34067
60000,98,51069.0,40000,3000.0,8931,51069
80000,98,68158.0,53334,4000.05,11842,68158
100000,98,85131.0,66667,5000.05,14869,85131
200000,98,170114.0,133334,10000.05,29886,170114
400000,98,345178.0,200000,15000.0,54822,345178
600000,98,525307.0,200000,15000.0,74693,525307
800000,98,705373.0,200000,15000.0,94627,705373
1000000,98,885214.0,200000,15000.0,114786,885214
2,99,2.0,2,0.15,0,2
3,99,3.0,2,0.15,0,3
100,99,89.0,67,5.05,11,89
200,99,172.0,134,10.05,28,172
2000,99,1689.0,1334,100.05,311,1689
10000,99,8529.0,6667,500.05,1471,8529
20000,99,16967.0,13334,1000.05,3033,16967
40000,99,33959.0,26667,2000.05,6041,33959
60000,99,50881.0,40000,3000.0,9119,50881
80000,99,67822.0,53334,4000.05,12178,67822
100000,99,84863.0,66667,5000.05,15137,84863
200000,99,169883.0,133334,10000.05,30117,169883
400000,99,344870.0,200000,15000.0,55130,344870
600000,99,524944.0,200000,15000.0,75056,524944
800000,99,705000.0,200000,15000.0,95000,705000
1000000,99,884782.0,200000,15000.0,115218,884782
2,100,2.0,2,0.15,0,2
3,100,3.0,2,0.15,0,3
100,100,83.0,67,5.05,17,83
200,100,168.0,134,10.05,32,168
2000,100,1718.0,1334,100.05,282,1718
10000,100,8541.0,6667,500.05,1459,8541
20000,100,17022.0,13334,1000.05,2978,17022
40000,100,34113.0,26667,2000.05,5887,34113
60000,100,51135.0,40000,3000.0,8865,51135
80000,100,68090.0,53334,4000.05,11910,68090
100000,100,85150.0,66667,5000.05,14850,85150
200000,100,170012.0,133334,10000.05,29988,170012
400000,100,344919.0,200000,15000.0,55081,344919
600000,100,524995.0,200000,15000.0,75005,524995
800000,100,704794.0,200000,15000.0,95206,704794
1000000,100,884736.0,200000,15000.0,115264,884736
