Timestep,Iteration,Total Reward,Suboptimal Arms,Total Regret,Zeros Count,Ones Count
2,1,1.0,1,0.04,1,1
3,1,2.0,1,0.04,1,2
100,1,86.0,50,2.0,14,86
200,1,173.0,100,4.0,27,173
2000,1,1713.0,1000,40.0,287,1713
10000,1,8642.0,5000,200.0,1358,8642
20000,1,17328.0,10000,400.0,2672,17328
40000,1,34697.0,20000,800.0,5303,34697
60000,1,52099.0,30000,1200.0,7901,52099
80000,1,69550.0,40000,1600.0,10450,69550
100000,1,86971.0,50000,2000.0,13029,86971
200000,1,174023.0,100000,4000.0,25977,174023
400000,1,351951.0,100000,4000.0,48049,351951
600000,1,529894.0,100000,4000.0,70106,529894
800000,1,707897.0,100000,4000.0,92103,707897
1000000,1,885818.0,100000,4000.0,114182,885818
2,2,2.0,1,0.04,0,2
3,2,3.0,1,0.04,0,3
100,2,90.0,50,2.0,10,90
200,2,175.0,100,4.0,25,175
2000,2,1706.0,1000,40.0,294,1706
10000,2,8632.0,5000,200.0,1368,8632
20000,2,17363.0,10000,400.0,2637,17363
40000,2,34788.0,20000,800.0,5212,34788
60000,2,52219.0,30000,1200.0,7781,52219
80000,2,69603.0,40000,1600.0,10397,69603
100000,2,87071.0,50000,2000.0,12929,87071
200000,2,174103.0,100000,4000.0,25897,174103
400000,2,352131.0,100000,4000.0,47869,352131
600000,2,530005.0,100000,4000.0,69995,530005
800000,2,708028.0,100000,4000.0,91972,708028
1000000,2,885994.0,100000,4000.0,114006,885994
2,3,2.0,1,0.04,0,2
3,3,3.0,1,0.04,0,3
100,3,91.0,50,2.0,9,91
200,3,186.0,100,4.0,14,186
2000,3,1742.0,1000,40.0,258,1742
10000,3,8712.0,5000,200.0,1288,8712
20000,3,17413.0,10000,400.0,2587,17413
40000,3,34806.0,20000,800.0,5194,34806
60000,3,52180.0,30000,1200.0,7820,52180
80000,3,69664.0,40000,1600.0,10336,69664
100000,3,87060.0,50000,2000.0,12940,87060
200000,3,174115.0,100000,4000.0,25885,174115
400000,3,351987.0,100000,4000.0,48013,351987
600000,3,529927.0,100000,4000.0,70073,529927
800000,3,707839.0,100000,4000.0,92161,707839
1000000,3,885666.0,100000,4000.0,114334,885666
2,4,2.0,1,0.04,0,2
3,4,3.0,1,0.04,0,3
100,4,83.0,50,2.0,17,83
200,4,163.0,100,4.0,37,163
2000,4,1728.0,1000,40.0,272,1728
10000,4,8722.0,5000,200.0,1278,8722
20000,4,17344.0,10000,400.0,2656,17344
40000,4,34742.0,20000,800.0,5258,34742
60000,4,52105.0,30000,1200.0,7895,52105
80000,4,69574.0,40000,1600.0,10426,69574
100000,4,86931.0,50000,2000.0,13069,86931
200000,4,173922.0,100000,4000.0,26078,173922
400000,4,351991.0,100000,4000.0,48009,351991
600000,4,530034.0,100000,4000.0,69966,530034
800000,4,707964.0,100000,4000.0,92036,707964
1000000,4,885832.0,100000,4000.0,114168,885832
2,5,2.0,1,0.04,0,2
3,5,2.0,1,0.04,1,2
100,5,79.0,50,2.0,21,79
200,5,163.0,100,4.0,37,163
2000,5,1710.0,1000,40.0,290,1710
10000,5,8660.0,5000,200.0,1340,8660
20000,5,17379.0,10000,400.0,2621,17379
40000,5,34758.0,20000,800.0,5242,34758
60000,5,52296.0,30000,1200.0,7704,52296
80000,5,69690.0,40000,1600.0,10310,69690
100000,5,87087.0,50000,2000.0,12913,87087
200000,5,174132.0,100000,4000.0,25868,174132
400000,5,352268.0,100000,4000.0,47732,352268
600000,5,530257.0,100000,4000.0,69743,530257
800000,5,708380.0,100000,4000.0,91620,708380
1000000,5,886484.0,100000,4000.0,113516,886484
2,6,2.0,1,0.04,0,2
3,6,3.0,1,0.04,0,3
100,6,84.0,50,2.0,16,84
200,6,174.0,100,4.0,26,174
2000,6,1736.0,1000,40.0,264,1736
10000,6,8677.0,5000,200.0,1323,8677
20000,6,17414.0,10000,400.0,2586,17414
40000,6,34833.0,20000,800.0,5167,34833
60000,6,52122.0,30000,1200.0,7878,52122
80000,6,69513.0,40000,1600.0,10487,69513
100000,6,86914.0,50000,2000.0,13086,86914
200000,6,173847.0,100000,4000.0,26153,173847
400000,6,351765.0,100000,4000.0,48235,351765
600000,6,529734.0,100000,4000.0,70266,529734
800000,6,707787.0,100000,4000.0,92213,707787
1000000,6,885917.0,100000,4000.0,114083,885917
2,7,2.0,1,0.04,0,2
3,7,3.0,1,0.04,0,3
100,7,86.0,50,2.0,14,86
200,7,171.0,100,4.0,29,171
2000,7,1733.0,1000,40.0,267,1733
10000,7,8685.0,5000,200.0,1315,8685
20000,7,17382.0,10000,400.0,2618,17382
40000,7,34807.0,20000,800.0,5193,34807
60000,7,52175.0,30000,1200.0,7825,52175
80000,7,69535.0,40000,1600.0,10465,69535
100000,7,86899.0,50000,2000.0,13101,86899
200000,7,173874.0,100000,4000.0,26126,173874
400000,7,352028.0,100000,4000.0,47972,352028
600000,7,530091.0,100000,4000.0,69909,530091
800000,7,708193.0,100000,4000.0,91807,708193
1000000,7,886062.0,100000,4000.0,113938,886062
2,8,2.0,1,0.04,0,2
3,8,3.0,1,0.04,0,3
100,8,88.0,50,2.0,12,88
200,8,173.0,100,4.0,27,173
2000,8,1762.0,1000,40.0,238,1762
10000,8,8699.0,5000,200.0,1301,8699
20000,8,17401.0,10000,400.0,2599,17401
40000,8,34820.0,20000,800.0,5180,34820
60000,8,52170.0,30000,1200.0,7830,52170
80000,8,69548.0,40000,1600.0,10452,69548
100000,8,86887.0,50000,2000.0,13113,86887
200000,8,173836.0,100000,4000.0,26164,173836
400000,8,351776.0,100000,4000.0,48224,351776
600000,8,529885.0,100000,4000.0,70115,529885
800000,8,707825.0,100000,4000.0,92175,707825
1000000,8,885490.0,100000,4000.0,114510,885490
2,9,2.0,1,0.04,0,2
3,9,3.0,1,0.04,0,3
100,9,89.0,50,2.0,11,89
200,9,170.0,100,4.0,30,170
2000,9,1746.0,1000,40.0,254,1746
10000,9,8755.0,5000,200.0,1245,8755
20000,9,17495.0,10000,400.0,2505,17495
40000,9,34891.0,20000,800.0,5109,34891
60000,9,52253.0,30000,1200.0,7747,52253
80000,9,69668.0,40000,1600.0,10332,69668
100000,9,87091.0,50000,2000.0,12909,87091
200000,9,174083.0,100000,4000.0,25917,174083
400000,9,351557.0,100000,4000.0,48443,351557
600000,9,529934.0,100000,4000.0,70066,529934
800000,9,707886.0,100000,4000.0,92114,707886
1000000,9,885977.0,100000,4000.0,114023,885977
2,10,2.0,1,0.04,0,2
3,10,3.0,1,0.04,0,3
100,10,85.0,50,2.0,15,85
200,10,172.0,100,4.0,28,172
2000,10,1752.0,1000,40.0,248,1752
10000,10,8717.0,5000,200.0,1283,8717
20000,10,17424.0,10000,400.0,2576,17424
40000,10,34817.0,20000,800.0,5183,34817
60000,10,52268.0,30000,1200.0,7732,52268
80000,10,69645.0,40000,1600.0,10355,69645
100000,10,87045.0,50000,2000.0,12955,87045
200000,10,174159.0,100000,4000.0,25841,174159
400000,10,352097.0,100000,4000.0,47903,352097
600000,10,530100.0,100000,4000.0,69900,530100
800000,10,708233.0,100000,4000.0,91767,708233
1000000,10,886124.0,100000,4000.0,113876,886124
2,11,2.0,1,0.04,0,2
3,11,3.0,1,0.04,0,3
100,11,90.0,50,2.0,10,90
200,11,174.0,100,4.0,26,174
2000,11,1781.0,1000,40.0,219,1781
10000,11,8705.0,5000,200.0,1295,8705
20000,11,17410.0,10000,400.0,2590,17410
40000,11,34823.0,20000,800.0,5177,34823
60000,11,52217.0,30000,1200.0,7783,52217
80000,11,69591.0,40000,1600.0,10409,69591
100000,11,86972.0,50000,2000.0,13028,86972
200000,11,174038.0,100000,4000.0,25962,174038
400000,11,352173.0,100000,4000.0,47827,352173
600000,11,530267.0,100000,4000.0,69733,530267
800000,11,708444.0,100000,4000.0,91556,708444
1000000,11,886357.0,100000,4000.0,113643,886357
2,12,2.0,1,0.04,0,2
3,12,3.0,1,0.04,0,3
100,12,87.0,50,2.0,13,87
200,12,175.0,100,4.0,25,175
2000,12,1749.0,1000,40.0,251,1749
10000,12,8721.0,5000,200.0,1279,8721
20000,12,17419.0,10000,400.0,2581,17419
40000,12,34836.0,20000,800.0,5164,34836
60000,12,52250.0,30000,1200.0,7750,52250
80000,12,69669.0,40000,1600.0,10331,69669
100000,12,87051.0,50000,2000.0,12949,87051
200000,12,174048.0,100000,4000.0,25952,174048
400000,12,352214.0,100000,4000.0,47786,352214
600000,12,530378.0,100000,4000.0,69622,530378
800000,12,708404.0,100000,4000.0,91596,708404
1000000,12,886493.0,100000,4000.0,113507,886493
2,13,2.0,1,0.04,0,2
3,13,3.0,1,0.04,0,3
100,13,83.0,50,2.0,17,83
200,13,173.0,100,4.0,27,173
2000,13,1752.0,1000,40.0,248,1752
10000,13,8682.0,5000,200.0,1318,8682
20000,13,17392.0,10000,400.0,2608,17392
40000,13,34777.0,20000,800.0,5223,34777
60000,13,52192.0,30000,1200.0,7808,52192
80000,13,69543.0,40000,1600.0,10457,69543
100000,13,86948.0,50000,2000.0,13052,86948
200000,13,173922.0,100000,4000.0,26078,173922
400000,13,351898.0,100000,4000.0,48102,351898
600000,13,529916.0,100000,4000.0,70084,529916
800000,13,707776.0,100000,4000.0,92224,707776
1000000,13,885640.0,100000,4000.0,114360,885640
2,14,2.0,1,0.04,0,2
3,14,3.0,1,0.04,0,3
100,14,81.0,50,2.0,19,81
200,14,169.0,100,4.0,31,169
2000,14,1745.0,1000,40.0,255,1745
10000,14,8683.0,5000,200.0,1317,8683
20000,14,17382.0,10000,400.0,2618,17382
40000,14,34799.0,20000,800.0,5201,34799
60000,14,52207.0,30000,1200.0,7793,52207
80000,14,69606.0,40000,1600.0,10394,69606
100000,14,86968.0,50000,2000.0,13032,86968
200000,14,173948.0,100000,4000.0,26052,173948
400000,14,351965.0,100000,4000.0,48035,351965
600000,14,529982.0,100000,4000.0,70018,529982
800000,14,707932.0,100000,4000.0,92068,707932
1000000,14,885816.0,100000,4000.0,114184,885816
2,15,2.0,1,0.04,0,2
3,15,3.0,1,0.04,0,3
100,15,89.0,50,2.0,11,89
200,15,176.0,100,4.0,24,176
2000,15,1738.0,1000,40.0,262,1738
10000,15,8729.0,5000,200.0,1271,8729
20000,15,17435.0,10000,400.0,2565,17435
40000,15,34868.0,20000,800.0,5132,34868
60000,15,52254.0,30000,1200.0,7746,52254
80000,15,69663.0,40000,1600.0,10337,69663
100000,15,87134.0,50000,2000.0,12866,87134
200000,15,174115.0,100000,4000.0,25885,174115
400000,15,352195.0,100000,4000.0,47805,352195
600000,15,530220.0,100000,4000.0,69780,530220
800000,15,708325.0,100000,4000.0,91675,708325
1000000,15,886246.0,100000,4000.0,113754,886246
2,16,2.0,1,0.04,0,2
3,16,3.0,1,0.04,0,3
100,16,91.0,50,2.0,9,91
200,16,177.0,100,4.0,23,177
2000,16,1727.0,1000,40.0,273,1727
10000,16,8686.0,5000,200.0,1314,8686
20000,16,17396.0,10000,400.0,2604,17396
40000,16,34800.0,20000,800.0,5200,34800
60000,16,52172.0,30000,1200.0,7828,52172
80000,16,69499.0,40000,1600.0,10501,69499
100000,16,86873.0,50000,2000.0,13127,86873
200000,16,173822.0,100000,4000.0,26178,173822
400000,16,351914.0,100000,4000.0,48086,351914
600000,16,530096.0,100000,4000.0,69904,530096
800000,16,708016.0,100000,4000.0,91984,708016
1000000,16,886198.0,100000,4000.0,113802,886198
2,17,2.0,1,0.04,0,2
3,17,3.0,1,0.04,0,3
100,17,95.0,50,2.0,5,95
200,17,180.0,100,4.0,20,180
2000,17,1737.0,1000,40.0,263,1737
10000,17,8664.0,5000,200.0,1336,8664
20000,17,17404.0,10000,400.0,2596,17404
40000,17,34919.0,20000,800.0,5081,34919
60000,17,52254.0,30000,1200.0,7746,52254
80000,17,69666.0,40000,1600.0,10334,69666
100000,17,87033.0,50000,2000.0,12967,87033
200000,17,173934.0,100000,4000.0,26066,173934
400000,17,352072.0,100000,4000.0,47928,352072
600000,17,530075.0,100000,4000.0,69925,530075
800000,17,708135.0,100000,4000.0,91865,708135
1000000,17,886212.0,100000,4000.0,113788,886212
2,18,1.0,1,0.04,1,1
3,18,2.0,1,0.04,1,2
100,18,84.0,50,2.0,16,84
200,18,169.0,100,4.0,31,169
2000,18,1741.0,1000,40.0,259,1741
10000,18,8697.0,5000,200.0,1303,8697
20000,18,17365.0,10000,400.0,2635,17365
40000,18,34721.0,20000,800.0,5279,34721
60000,18,52117.0,30000,1200.0,7883,52117
80000,18,69597.0,40000,1600.0,10403,69597
100000,18,86970.0,50000,2000.0,13030,86970
200000,18,173843.0,100000,4000.0,26157,173843
400000,18,351885.0,100000,4000.0,48115,351885
600000,18,530033.0,100000,4000.0,69967,530033
800000,18,707998.0,100000,4000.0,92002,707998
1000000,18,886001.0,100000,4000.0,113999,886001
2,19,1.0,1,0.04,1,1
3,19,2.0,1,0.04,1,2
100,19,82.0,50,2.0,18,82
200,19,171.0,100,4.0,29,171
2000,19,1743.0,1000,40.0,257,1743
10000,19,8690.0,5000,200.0,1310,8690
20000,19,17487.0,10000,400.0,2513,17487
40000,19,34960.0,20000,800.0,5040,34960
60000,19,52387.0,30000,1200.0,7613,52387
80000,19,69757.0,40000,1600.0,10243,69757
100000,19,87122.0,50000,2000.0,12878,87122
200000,19,174006.0,100000,4000.0,25994,174006
400000,19,352090.0,100000,4000.0,47910,352090
600000,19,530146.0,100000,4000.0,69854,530146
800000,19,708214.0,100000,4000.0,91786,708214
1000000,19,886255.0,100000,4000.0,113745,886255
2,20,1.0,1,0.04,1,1
3,20,2.0,1,0.04,1,2
100,20,88.0,50,2.0,12,88
200,20,172.0,100,4.0,28,172
2000,20,1750.0,1000,40.0,250,1750
10000,20,8712.0,5000,200.0,1288,8712
20000,20,17368.0,10000,400.0,2632,17368
40000,20,34773.0,20000,800.0,5227,34773
60000,20,52197.0,30000,1200.0,7803,52197
80000,20,69584.0,40000,1600.0,10416,69584
100000,20,86975.0,50000,2000.0,13025,86975
200000,20,173912.0,100000,4000.0,26088,173912
400000,20,352057.0,100000,4000.0,47943,352057
600000,20,530250.0,100000,4000.0,69750,530250
800000,20,708306.0,100000,4000.0,91694,708306
1000000,20,886223.0,100000,4000.0,113777,886223
2,21,2.0,1,0.04,0,2
3,21,3.0,1,0.04,0,3
100,21,89.0,50,2.0,11,89
200,21,180.0,100,4.0,20,180
2000,21,1733.0,1000,40.0,267,1733
10000,21,8665.0,5000,200.0,1335,8665
20000,21,17346.0,10000,400.0,2654,17346
40000,21,34709.0,20000,800.0,5291,34709
60000,21,52047.0,30000,1200.0,7953,52047
80000,21,69397.0,40000,1600.0,10603,69397
100000,21,86753.0,50000,2000.0,13247,86753
200000,21,173629.0,100000,4000.0,26371,173629
400000,21,351314.0,100000,4000.0,48686,351314
600000,21,529357.0,100000,4000.0,70643,529357
800000,21,707723.0,100000,4000.0,92277,707723
1000000,21,886057.0,100000,4000.0,113943,886057
2,22,1.0,1,0.04,1,1
3,22,2.0,1,0.04,1,2
100,22,85.0,50,2.0,15,85
200,22,175.0,100,4.0,25,175
2000,22,1764.0,1000,40.0,236,1764
10000,22,8739.0,5000,200.0,1261,8739
20000,22,17453.0,10000,400.0,2547,17453
40000,22,34932.0,20000,800.0,5068,34932
60000,22,52279.0,30000,1200.0,7721,52279
80000,22,69749.0,40000,1600.0,10251,69749
100000,22,87093.0,50000,2000.0,12907,87093
200000,22,173967.0,100000,4000.0,26033,173967
400000,22,351881.0,100000,4000.0,48119,351881
600000,22,529830.0,100000,4000.0,70170,529830
800000,22,707769.0,100000,4000.0,92231,707769
1000000,22,886007.0,100000,4000.0,113993,886007
2,23,2.0,1,0.04,0,2
3,23,3.0,1,0.04,0,3
100,23,92.0,50,2.0,8,92
200,23,179.0,100,4.0,21,179
2000,23,1736.0,1000,40.0,264,1736
10000,23,8697.0,5000,200.0,1303,8697
20000,23,17389.0,10000,400.0,2611,17389
40000,23,34783.0,20000,800.0,5217,34783
60000,23,52189.0,30000,1200.0,7811,52189
80000,23,69531.0,40000,1600.0,10469,69531
100000,23,86922.0,50000,2000.0,13078,86922
200000,23,173894.0,100000,4000.0,26106,173894
400000,23,352002.0,100000,4000.0,47998,352002
600000,23,529759.0,100000,4000.0,70241,529759
800000,23,707760.0,100000,4000.0,92240,707760
1000000,23,885941.0,100000,4000.0,114059,885941
2,24,2.0,1,0.04,0,2
3,24,2.0,1,0.04,1,2
100,24,87.0,50,2.0,13,87
200,24,173.0,100,4.0,27,173
2000,24,1743.0,1000,40.0,257,1743
10000,24,8700.0,5000,200.0,1300,8700
20000,24,17362.0,10000,400.0,2638,17362
40000,24,34716.0,20000,800.0,5284,34716
60000,24,52180.0,30000,1200.0,7820,52180
80000,24,69588.0,40000,1600.0,10412,69588
100000,24,86944.0,50000,2000.0,13056,86944
200000,24,173905.0,100000,4000.0,26095,173905
400000,24,351846.0,100000,4000.0,48154,351846
600000,24,529873.0,100000,4000.0,70127,529873
800000,24,707978.0,100000,4000.0,92022,707978
1000000,24,886023.0,100000,4000.0,113977,886023
2,25,2.0,1,0.04,0,2
3,25,3.0,1,0.04,0,3
100,25,82.0,50,2.0,18,82
200,25,168.0,100,4.0,32,168
2000,25,1726.0,1000,40.0,274,1726
10000,25,8664.0,5000,200.0,1336,8664
20000,25,17303.0,10000,400.0,2697,17303
40000,25,34644.0,20000,800.0,5356,34644
60000,25,52042.0,30000,1200.0,7958,52042
80000,25,69443.0,40000,1600.0,10557,69443
100000,25,86876.0,50000,2000.0,13124,86876
200000,25,174064.0,100000,4000.0,25936,174064
400000,25,351987.0,100000,4000.0,48013,351987
600000,25,529878.0,100000,4000.0,70122,529878
800000,25,707747.0,100000,4000.0,92253,707747
1000000,25,885599.0,100000,4000.0,114401,885599
2,26,2.0,1,0.04,0,2
3,26,3.0,1,0.04,0,3
100,26,87.0,50,2.0,13,87
200,26,177.0,100,4.0,23,177
2000,26,1741.0,1000,40.0,259,1741
10000,26,8697.0,5000,200.0,1303,8697
20000,26,17461.0,10000,400.0,2539,17461
40000,26,34873.0,20000,800.0,5127,34873
60000,26,52352.0,30000,1200.0,7648,52352
80000,26,69798.0,40000,1600.0,10202,69798
100000,26,87160.0,50000,2000.0,12840,87160
200000,26,174084.0,100000,4000.0,25916,174084
400000,26,352038.0,100000,4000.0,47962,352038
600000,26,530020.0,100000,4000.0,69980,530020
800000,26,707987.0,100000,4000.0,92013,707987
1000000,26,886177.0,100000,4000.0,113823,886177
2,27,2.0,1,0.04,0,2
3,27,3.0,1,0.04,0,3
100,27,87.0,50,2.0,13,87
200,27,173.0,100,4.0,27,173
2000,27,1728.0,1000,40.0,272,1728
10000,27,8677.0,5000,200.0,1323,8677
20000,27,17361.0,10000,400.0,2639,17361
40000,27,34765.0,20000,800.0,5235,34765
60000,27,52161.0,30000,1200.0,7839,52161
80000,27,69612.0,40000,1600.0,10388,69612
100000,27,86953.0,50000,2000.0,13047,86953
200000,27,173916.0,100000,4000.0,26084,173916
400000,27,351793.0,100000,4000.0,48207,351793
600000,27,530175.0,100000,4000.0,69825,530175
800000,27,708053.0,100000,4000.0,91947,708053
1000000,27,885948.0,100000,4000.0,114052,885948
2,28,2.0,1,0.04,0,2
3,28,3.0,1,0.04,0,3
100,28,84.0,50,2.0,16,84
200,28,171.0,100,4.0,29,171
2000,28,1744.0,1000,40.0,256,1744
10000,28,8689.0,5000,200.0,1311,8689
20000,28,17365.0,10000,400.0,2635,17365
40000,28,34772.0,20000,800.0,5228,34772
60000,28,52201.0,30000,1200.0,7799,52201
80000,28,69538.0,40000,1600.0,10462,69538
100000,28,86963.0,50000,2000.0,13037,86963
200000,28,173878.0,100000,4000.0,26122,173878
400000,28,351880.0,100000,4000.0,48120,351880
600000,28,529774.0,100000,4000.0,70226,529774
800000,28,707479.0,100000,4000.0,92521,707479
1000000,28,885384.0,100000,4000.0,114616,885384
2,29,1.0,1,0.04,1,1
3,29,2.0,1,0.04,1,2
100,29,87.0,50,2.0,13,87
200,29,170.0,100,4.0,30,170
2000,29,1748.0,1000,40.0,252,1748
10000,29,8732.0,5000,200.0,1268,8732
20000,29,17474.0,10000,400.0,2526,17474
40000,29,34825.0,20000,800.0,5175,34825
60000,29,52228.0,30000,1200.0,7772,52228
80000,29,69625.0,40000,1600.0,10375,69625
100000,29,86940.0,50000,2000.0,13060,86940
200000,29,173945.0,100000,4000.0,26055,173945
400000,29,351908.0,100000,4000.0,48092,351908
600000,29,529925.0,100000,4000.0,70075,529925
800000,29,707978.0,100000,4000.0,92022,707978
1000000,29,885723.0,100000,4000.0,114277,885723
2,30,2.0,1,0.04,0,2
3,30,3.0,1,0.04,0,3
100,30,83.0,50,2.0,17,83
200,30,174.0,100,4.0,26,174
2000,30,1739.0,1000,40.0,261,1739
10000,30,8683.0,5000,200.0,1317,8683
20000,30,17394.0,10000,400.0,2606,17394
40000,30,34784.0,20000,800.0,5216,34784
60000,30,52191.0,30000,1200.0,7809,52191
80000,30,69534.0,40000,1600.0,10466,69534
100000,30,86890.0,50000,2000.0,13110,86890
200000,30,174150.0,100000,4000.0,25850,174150
400000,30,351916.0,100000,4000.0,48084,351916
600000,30,529690.0,100000,4000.0,70310,529690
800000,30,707903.0,100000,4000.0,92097,707903
1000000,30,885784.0,100000,4000.0,114216,885784
2,31,1.0,1,0.04,1,1
3,31,1.0,1,0.04,2,1
100,31,86.0,50,2.0,14,86
200,31,171.0,100,4.0,29,171
2000,31,1734.0,1000,40.0,266,1734
10000,31,8705.0,5000,200.0,1295,8705
20000,31,17398.0,10000,400.0,2602,17398
40000,31,34830.0,20000,800.0,5170,34830
60000,31,52352.0,30000,1200.0,7648,52352
80000,31,69791.0,40000,1600.0,10209,69791
100000,31,87237.0,50000,2000.0,12763,87237
200000,31,174357.0,100000,4000.0,25643,174357
400000,31,352444.0,100000,4000.0,47556,352444
600000,31,530535.0,100000,4000.0,69465,530535
800000,31,708548.0,100000,4000.0,91452,708548
1000000,31,886424.0,100000,4000.0,113576,886424
2,32,2.0,1,0.04,0,2
3,32,3.0,1,0.04,0,3
100,32,88.0,50,2.0,12,88
200,32,178.0,100,4.0,22,178
2000,32,1768.0,1000,40.0,232,1768
10000,32,8707.0,5000,200.0,1293,8707
20000,32,17387.0,10000,400.0,2613,17387
40000,32,34878.0,20000,800.0,5122,34878
60000,32,52260.0,30000,1200.0,7740,52260
80000,32,69670.0,40000,1600.0,10330,69670
100000,32,87077.0,50000,2000.0,12923,87077
200000,32,174064.0,100000,4000.0,25936,174064
400000,32,351854.0,100000,4000.0,48146,351854
600000,32,529773.0,100000,4000.0,70227,529773
800000,32,707914.0,100000,4000.0,92086,707914
1000000,32,886132.0,100000,4000.0,113868,886132
2,33,2.0,1,0.04,0,2
3,33,3.0,1,0.04,0,3
100,33,86.0,50,2.0,14,86
200,33,171.0,100,4.0,29,171
2000,33,1705.0,1000,40.0,295,1705
10000,33,8677.0,5000,200.0,1323,8677
20000,33,17366.0,10000,400.0,2634,17366
40000,33,34726.0,20000,800.0,5274,34726
60000,33,52040.0,30000,1200.0,7960,52040
80000,33,69499.0,40000,1600.0,10501,69499
100000,33,86932.0,50000,2000.0,13068,86932
200000,33,174089.0,100000,4000.0,25911,174089
400000,33,352024.0,100000,4000.0,47976,352024
600000,33,529909.0,100000,4000.0,70091,529909
800000,33,707858.0,100000,4000.0,92142,707858
1000000,33,885748.0,100000,4000.0,114252,885748
2,34,2.0,1,0.04,0,2
3,34,3.0,1,0.04,0,3
100,34,84.0,50,2.0,16,84
200,34,175.0,100,4.0,25,175
2000,34,1764.0,1000,40.0,236,1764
10000,34,8684.0,5000,200.0,1316,8684
20000,34,17377.0,10000,400.0,2623,17377
40000,34,34717.0,20000,800.0,5283,34717
60000,34,52052.0,30000,1200.0,7948,52052
80000,34,69467.0,40000,1600.0,10533,69467
100000,34,86886.0,50000,2000.0,13114,86886
200000,34,173703.0,100000,4000.0,26297,173703
400000,34,351538.0,100000,4000.0,48462,351538
600000,34,529692.0,100000,4000.0,70308,529692
800000,34,707949.0,100000,4000.0,92051,707949
1000000,34,886057.0,100000,4000.0,113943,886057
2,35,2.0,1,0.04,0,2
3,35,3.0,1,0.04,0,3
100,35,85.0,50,2.0,15,85
200,35,175.0,100,4.0,25,175
2000,35,1718.0,1000,40.0,282,1718
10000,35,8674.0,5000,200.0,1326,8674
20000,35,17374.0,10000,400.0,2626,17374
40000,35,34757.0,20000,800.0,5243,34757
60000,35,52161.0,30000,1200.0,7839,52161
80000,35,69613.0,40000,1600.0,10387,69613
100000,35,87012.0,50000,2000.0,12988,87012
200000,35,173790.0,100000,4000.0,26210,173790
400000,35,351702.0,100000,4000.0,48298,351702
600000,35,529275.0,100000,4000.0,70725,529275
800000,35,707451.0,100000,4000.0,92549,707451
1000000,35,885437.0,100000,4000.0,114563,885437
2,36,2.0,1,0.04,0,2
3,36,3.0,1,0.04,0,3
100,36,91.0,50,2.0,9,91
200,36,176.0,100,4.0,24,176
2000,36,1762.0,1000,40.0,238,1762
10000,36,8734.0,5000,200.0,1266,8734
20000,36,17410.0,10000,400.0,2590,17410
40000,36,34839.0,20000,800.0,5161,34839
60000,36,52285.0,30000,1200.0,7715,52285
80000,36,69727.0,40000,1600.0,10273,69727
100000,36,87145.0,50000,2000.0,12855,87145
200000,36,173995.0,100000,4000.0,26005,173995
400000,36,351821.0,100000,4000.0,48179,351821
600000,36,529814.0,100000,4000.0,70186,529814
800000,36,707755.0,100000,4000.0,92245,707755
1000000,36,885596.0,100000,4000.0,114404,885596
2,37,1.0,1,0.04,1,1
3,37,2.0,1,0.04,1,2
100,37,87.0,50,2.0,13,87
200,37,177.0,100,4.0,23,177
2000,37,1735.0,1000,40.0,265,1735
10000,37,8717.0,5000,200.0,1283,8717
20000,37,17374.0,10000,400.0,2626,17374
40000,37,34855.0,20000,800.0,5145,34855
60000,37,52242.0,30000,1200.0,7758,52242
80000,37,69677.0,40000,1600.0,10323,69677
100000,37,87141.0,50000,2000.0,12859,87141
200000,37,174188.0,100000,4000.0,25812,174188
400000,37,352149.0,100000,4000.0,47851,352149
600000,37,530419.0,100000,4000.0,69581,530419
800000,37,708684.0,100000,4000.0,91316,708684
1000000,37,886549.0,100000,4000.0,113451,886549
2,38,1.0,1,0.04,1,1
3,38,2.0,1,0.04,1,2
100,38,85.0,50,2.0,15,85
200,38,172.0,100,4.0,28,172
2000,38,1743.0,1000,40.0,257,1743
10000,38,8714.0,5000,200.0,1286,8714
20000,38,17379.0,10000,400.0,2621,17379
40000,38,34809.0,20000,800.0,5191,34809
60000,38,52281.0,30000,1200.0,7719,52281
80000,38,69706.0,40000,1600.0,10294,69706
100000,38,87105.0,50000,2000.0,12895,87105
200000,38,174273.0,100000,4000.0,25727,174273
400000,38,352166.0,100000,4000.0,47834,352166
600000,38,530204.0,100000,4000.0,69796,530204
800000,38,708086.0,100000,4000.0,91914,708086
1000000,38,885938.0,100000,4000.0,114062,885938
2,39,2.0,1,0.04,0,2
3,39,2.0,1,0.04,1,2
100,39,92.0,50,2.0,8,92
200,39,180.0,100,4.0,20,180
2000,39,1737.0,1000,40.0,263,1737
10000,39,8733.0,5000,200.0,1267,8733
20000,39,17436.0,10000,400.0,2564,17436
40000,39,34825.0,20000,800.0,5175,34825
60000,39,52310.0,30000,1200.0,7690,52310
80000,39,69681.0,40000,1600.0,10319,69681
100000,39,87064.0,50000,2000.0,12936,87064
200000,39,174207.0,100000,4000.0,25793,174207
400000,39,352261.0,100000,4000.0,47739,352261
600000,39,530322.0,100000,4000.0,69678,530322
800000,39,708352.0,100000,4000.0,91648,708352
1000000,39,886355.0,100000,4000.0,113645,886355
2,40,2.0,1,0.04,0,2
3,40,3.0,1,0.04,0,3
100,40,86.0,50,2.0,14,86
200,40,172.0,100,4.0,28,172
2000,40,1746.0,1000,40.0,254,1746
10000,40,8702.0,5000,200.0,1298,8702
20000,40,17406.0,10000,400.0,2594,17406
40000,40,34858.0,20000,800.0,5142,34858
60000,40,52190.0,30000,1200.0,7810,52190
80000,40,69587.0,40000,1600.0,10413,69587
100000,40,86962.0,50000,2000.0,13038,86962
200000,40,173860.0,100000,4000.0,26140,173860
400000,40,351826.0,100000,4000.0,48174,351826
600000,40,529920.0,100000,4000.0,70080,529920
800000,40,708111.0,100000,4000.0,91889,708111
1000000,40,886241.0,100000,4000.0,113759,886241
2,41,2.0,1,0.04,0,2
3,41,3.0,1,0.04,0,3
100,41,88.0,50,2.0,12,88
200,41,178.0,100,4.0,22,178
2000,41,1738.0,1000,40.0,262,1738
10000,41,8643.0,5000,200.0,1357,8643
20000,41,17308.0,10000,400.0,2692,17308
40000,41,34706.0,20000,800.0,5294,34706
60000,41,52147.0,30000,1200.0,7853,52147
80000,41,69598.0,40000,1600.0,10402,69598
100000,41,86956.0,50000,2000.0,13044,86956
200000,41,173940.0,100000,4000.0,26060,173940
400000,41,352003.0,100000,4000.0,47997,352003
600000,41,530136.0,100000,4000.0,69864,530136
800000,41,708013.0,100000,4000.0,91987,708013
1000000,41,886066.0,100000,4000.0,113934,886066
2,42,2.0,1,0.04,0,2
3,42,3.0,1,0.04,0,3
100,42,91.0,50,2.0,9,91
200,42,172.0,100,4.0,28,172
2000,42,1729.0,1000,40.0,271,1729
10000,42,8740.0,5000,200.0,1260,8740
20000,42,17464.0,10000,400.0,2536,17464
40000,42,34937.0,20000,800.0,5063,34937
60000,42,52322.0,30000,1200.0,7678,52322
80000,42,69791.0,40000,1600.0,10209,69791
100000,42,87136.0,50000,2000.0,12864,87136
200000,42,174167.0,100000,4000.0,25833,174167
400000,42,352135.0,100000,4000.0,47865,352135
600000,42,530006.0,100000,4000.0,69994,530006
800000,42,707999.0,100000,4000.0,92001,707999
1000000,42,885940.0,100000,4000.0,114060,885940
2,43,2.0,1,0.04,0,2
3,43,3.0,1,0.04,0,3
100,43,88.0,50,2.0,12,88
200,43,174.0,100,4.0,26,174
2000,43,1748.0,1000,40.0,252,1748
10000,43,8698.0,5000,200.0,1302,8698
20000,43,17401.0,10000,400.0,2599,17401
40000,43,34750.0,20000,800.0,5250,34750
60000,43,52162.0,30000,1200.0,7838,52162
80000,43,69556.0,40000,1600.0,10444,69556
100000,43,87015.0,50000,2000.0,12985,87015
200000,43,173990.0,100000,4000.0,26010,173990
400000,43,351922.0,100000,4000.0,48078,351922
600000,43,530205.0,100000,4000.0,69795,530205
800000,43,708096.0,100000,4000.0,91904,708096
1000000,43,886258.0,100000,4000.0,113742,886258
2,44,2.0,1,0.04,0,2
3,44,3.0,1,0.04,0,3
100,44,87.0,50,2.0,13,87
200,44,171.0,100,4.0,29,171
2000,44,1744.0,1000,40.0,256,1744
10000,44,8699.0,5000,200.0,1301,8699
20000,44,17407.0,10000,400.0,2593,17407
40000,44,34747.0,20000,800.0,5253,34747
60000,44,52137.0,30000,1200.0,7863,52137
80000,44,69514.0,40000,1600.0,10486,69514
100000,44,86945.0,50000,2000.0,13055,86945
200000,44,173817.0,100000,4000.0,26183,173817
400000,44,351897.0,100000,4000.0,48103,351897
600000,44,529997.0,100000,4000.0,70003,529997
800000,44,708045.0,100000,4000.0,91955,708045
1000000,44,886210.0,100000,4000.0,113790,886210
2,45,1.0,1,0.04,1,1
3,45,2.0,1,0.04,1,2
100,45,81.0,50,2.0,19,81
200,45,172.0,100,4.0,28,172
2000,45,1748.0,1000,40.0,252,1748
10000,45,8752.0,5000,200.0,1248,8752
20000,45,17485.0,10000,400.0,2515,17485
40000,45,34872.0,20000,800.0,5128,34872
60000,45,52275.0,30000,1200.0,7725,52275
80000,45,69661.0,40000,1600.0,10339,69661
100000,45,86971.0,50000,2000.0,13029,86971
200000,45,174132.0,100000,4000.0,25868,174132
400000,45,352234.0,100000,4000.0,47766,352234
600000,45,530156.0,100000,4000.0,69844,530156
800000,45,708017.0,100000,4000.0,91983,708017
1000000,45,885821.0,100000,4000.0,114179,885821
2,46,1.0,1,0.04,1,1
3,46,2.0,1,0.04,1,2
100,46,82.0,50,2.0,18,82
200,46,160.0,100,4.0,40,160
2000,46,1707.0,1000,40.0,293,1707
10000,46,8616.0,5000,200.0,1384,8616
20000,46,17385.0,10000,400.0,2615,17385
40000,46,34733.0,20000,800.0,5267,34733
60000,46,52151.0,30000,1200.0,7849,52151
80000,46,69482.0,40000,1600.0,10518,69482
100000,46,86812.0,50000,2000.0,13188,86812
200000,46,173586.0,100000,4000.0,26414,173586
400000,46,351618.0,100000,4000.0,48382,351618
600000,46,529660.0,100000,4000.0,70340,529660
800000,46,707702.0,100000,4000.0,92298,707702
1000000,46,885883.0,100000,4000.0,114117,885883
2,47,2.0,1,0.04,0,2
3,47,3.0,1,0.04,0,3
100,47,90.0,50,2.0,10,90
200,47,179.0,100,4.0,21,179
2000,47,1745.0,1000,40.0,255,1745
10000,47,8706.0,5000,200.0,1294,8706
20000,47,17462.0,10000,400.0,2538,17462
40000,47,34894.0,20000,800.0,5106,34894
60000,47,52344.0,30000,1200.0,7656,52344
80000,47,69729.0,40000,1600.0,10271,69729
100000,47,87136.0,50000,2000.0,12864,87136
200000,47,174096.0,100000,4000.0,25904,174096
400000,47,352220.0,100000,4000.0,47780,352220
600000,47,530206.0,100000,4000.0,69794,530206
800000,47,708074.0,100000,4000.0,91926,708074
1000000,47,886115.0,100000,4000.0,113885,886115
2,48,1.0,1,0.04,1,1
3,48,2.0,1,0.04,1,2
100,48,85.0,50,2.0,15,85
200,48,172.0,100,4.0,28,172
2000,48,1725.0,1000,40.0,275,1725
10000,48,8637.0,5000,200.0,1363,8637
20000,48,17367.0,10000,400.0,2633,17367
40000,48,34711.0,20000,800.0,5289,34711
60000,48,52186.0,30000,1200.0,7814,52186
80000,48,69613.0,40000,1600.0,10387,69613
100000,48,87020.0,50000,2000.0,12980,87020
200000,48,174008.0,100000,4000.0,25992,174008
400000,48,352025.0,100000,4000.0,47975,352025
600000,48,529965.0,100000,4000.0,70035,529965
800000,48,707810.0,100000,4000.0,92190,707810
1000000,48,885784.0,100000,4000.0,114216,885784
2,49,2.0,1,0.04,0,2
3,49,3.0,1,0.04,0,3
100,49,86.0,50,2.0,14,86
200,49,174.0,100,4.0,26,174
2000,49,1747.0,1000,40.0,253,1747
10000,49,8700.0,5000,200.0,1300,8700
20000,49,17402.0,10000,400.0,2598,17402
40000,49,34783.0,20000,800.0,5217,34783
60000,49,52178.0,30000,1200.0,7822,52178
80000,49,69572.0,40000,1600.0,10428,69572
100000,49,86925.0,50000,2000.0,13075,86925
200000,49,174083.0,100000,4000.0,25917,174083
400000,49,352214.0,100000,4000.0,47786,352214
600000,49,530166.0,100000,4000.0,69834,530166
800000,49,708196.0,100000,4000.0,91804,708196
1000000,49,886099.0,100000,4000.0,113901,886099
2,50,2.0,1,0.04,0,2
3,50,3.0,1,0.04,0,3
100,50,85.0,50,2.0,15,85
200,50,171.0,100,4.0,29,171
2000,50,1736.0,1000,40.0,264,1736
10000,50,8694.0,5000,200.0,1306,8694
20000,50,17375.0,10000,400.0,2625,17375
40000,50,34739.0,20000,800.0,5261,34739
60000,50,52147.0,30000,1200.0,7853,52147
80000,50,69556.0,40000,1600.0,10444,69556
100000,50,86967.0,50000,2000.0,13033,86967
200000,50,173986.0,100000,4000.0,26014,173986
400000,50,352095.0,100000,4000.0,47905,352095
600000,50,530064.0,100000,4000.0,69936,530064
800000,50,708133.0,100000,4000.0,91867,708133
1000000,50,886272.0,100000,4000.0,113728,886272
2,51,2.0,1,0.04,0,2
3,51,3.0,1,0.04,0,3
100,51,91.0,50,2.0,9,91
200,51,180.0,100,4.0,20,180
2000,51,1771.0,1000,40.0,229,1771
10000,51,8737.0,5000,200.0,1263,8737
20000,51,17443.0,10000,400.0,2557,17443
40000,51,34831.0,20000,800.0,5169,34831
60000,51,52178.0,30000,1200.0,7822,52178
80000,51,69687.0,40000,1600.0,10313,69687
100000,51,87068.0,50000,2000.0,12932,87068
200000,51,174228.0,100000,4000.0,25772,174228
400000,51,352093.0,100000,4000.0,47907,352093
600000,51,530043.0,100000,4000.0,69957,530043
800000,51,707823.0,100000,4000.0,92177,707823
1000000,51,885868.0,100000,4000.0,114132,885868
2,52,2.0,1,0.04,0,2
3,52,3.0,1,0.04,0,3
100,52,90.0,50,2.0,10,90
200,52,174.0,100,4.0,26,174
2000,52,1727.0,1000,40.0,273,1727
10000,52,8675.0,5000,200.0,1325,8675
20000,52,17399.0,10000,400.0,2601,17399
40000,52,34778.0,20000,800.0,5222,34778
60000,52,52222.0,30000,1200.0,7778,52222
80000,52,69635.0,40000,1600.0,10365,69635
100000,52,87013.0,50000,2000.0,12987,87013
200000,52,174018.0,100000,4000.0,25982,174018
400000,52,352130.0,100000,4000.0,47870,352130
600000,52,530272.0,100000,4000.0,69728,530272
800000,52,708403.0,100000,4000.0,91597,708403
1000000,52,886101.0,100000,4000.0,113899,886101
2,53,2.0,1,0.04,0,2
3,53,3.0,1,0.04,0,3
100,53,84.0,50,2.0,16,84
200,53,175.0,100,4.0,25,175
2000,53,1734.0,1000,40.0,266,1734
10000,53,8709.0,5000,200.0,1291,8709
20000,53,17425.0,10000,400.0,2575,17425
40000,53,34800.0,20000,800.0,5200,34800
60000,53,52261.0,30000,1200.0,7739,52261
80000,53,69683.0,40000,1600.0,10317,69683
100000,53,87141.0,50000,2000.0,12859,87141
200000,53,174126.0,100000,4000.0,25874,174126
400000,53,351907.0,100000,4000.0,48093,351907
600000,53,530087.0,100000,4000.0,69913,530087
800000,53,708236.0,100000,4000.0,91764,708236
1000000,53,886249.0,100000,4000.0,113751,886249
2,54,2.0,1,0.04,0,2
3,54,3.0,1,0.04,0,3
100,54,87.0,50,2.0,13,87
200,54,176.0,100,4.0,24,176
2000,54,1758.0,1000,40.0,242,1758
10000,54,8734.0,5000,200.0,1266,8734
20000,54,17410.0,10000,400.0,2590,17410
40000,54,34818.0,20000,800.0,5182,34818
60000,54,52247.0,30000,1200.0,7753,52247
80000,54,69637.0,40000,1600.0,10363,69637
100000,54,87062.0,50000,2000.0,12938,87062
200000,54,174209.0,100000,4000.0,25791,174209
400000,54,352031.0,100000,4000.0,47969,352031
600000,54,529952.0,100000,4000.0,70048,529952
800000,54,708035.0,100000,4000.0,91965,708035
1000000,54,886134.0,100000,4000.0,113866,886134
2,55,1.0,1,0.04,1,1
3,55,2.0,1,0.04,1,2
100,55,89.0,50,2.0,11,89
200,55,179.0,100,4.0,21,179
2000,55,1748.0,1000,40.0,252,1748
10000,55,8734.0,5000,200.0,1266,8734
20000,55,17427.0,10000,400.0,2573,17427
40000,55,34827.0,20000,800.0,5173,34827
60000,55,52217.0,30000,1200.0,7783,52217
80000,55,69557.0,40000,1600.0,10443,69557
100000,55,86953.0,50000,2000.0,13047,86953
200000,55,174123.0,100000,4000.0,25877,174123
400000,55,352290.0,100000,4000.0,47710,352290
600000,55,530075.0,100000,4000.0,69925,530075
800000,55,708006.0,100000,4000.0,91994,708006
1000000,55,886186.0,100000,4000.0,113814,886186
2,56,2.0,1,0.04,0,2
3,56,3.0,1,0.04,0,3
100,56,88.0,50,2.0,12,88
200,56,167.0,100,4.0,33,167
2000,56,1738.0,1000,40.0,262,1738
10000,56,8715.0,5000,200.0,1285,8715
20000,56,17417.0,10000,400.0,2583,17417
40000,56,34755.0,20000,800.0,5245,34755
60000,56,52215.0,30000,1200.0,7785,52215
80000,56,69635.0,40000,1600.0,10365,69635
100000,56,86988.0,50000,2000.0,13012,86988
200000,56,173908.0,100000,4000.0,26092,173908
400000,56,351837.0,100000,4000.0,48163,351837
600000,56,529737.0,100000,4000.0,70263,529737
800000,56,707930.0,100000,4000.0,92070,707930
1000000,56,885970.0,100000,4000.0,114030,885970
2,57,2.0,1,0.04,0,2
3,57,2.0,1,0.04,1,2
100,57,84.0,50,2.0,16,84
200,57,169.0,100,4.0,31,169
2000,57,1748.0,1000,40.0,252,1748
10000,57,8643.0,5000,200.0,1357,8643
20000,57,17280.0,10000,400.0,2720,17280
40000,57,34685.0,20000,800.0,5315,34685
60000,57,52148.0,30000,1200.0,7852,52148
80000,57,69559.0,40000,1600.0,10441,69559
100000,57,86999.0,50000,2000.0,13001,86999
200000,57,173852.0,100000,4000.0,26148,173852
400000,57,352025.0,100000,4000.0,47975,352025
600000,57,530267.0,100000,4000.0,69733,530267
800000,57,708419.0,100000,4000.0,91581,708419
1000000,57,886336.0,100000,4000.0,113664,886336
2,58,2.0,1,0.04,0,2
3,58,3.0,1,0.04,0,3
100,58,84.0,50,2.0,16,84
200,58,175.0,100,4.0,25,175
2000,58,1738.0,1000,40.0,262,1738
10000,58,8699.0,5000,200.0,1301,8699
20000,58,17400.0,10000,400.0,2600,17400
40000,58,34818.0,20000,800.0,5182,34818
60000,58,52189.0,30000,1200.0,7811,52189
80000,58,69578.0,40000,1600.0,10422,69578
100000,58,87020.0,50000,2000.0,12980,87020
200000,58,174007.0,100000,4000.0,25993,174007
400000,58,351951.0,100000,4000.0,48049,351951
600000,58,529966.0,100000,4000.0,70034,529966
800000,58,707703.0,100000,4000.0,92297,707703
1000000,58,885752.0,100000,4000.0,114248,885752
2,59,1.0,1,0.04,1,1
3,59,2.0,1,0.04,1,2
100,59,89.0,50,2.0,11,89
200,59,178.0,100,4.0,22,178
2000,59,1749.0,1000,40.0,251,1749
10000,59,8696.0,5000,200.0,1304,8696
20000,59,17420.0,10000,400.0,2580,17420
40000,59,34749.0,20000,800.0,5251,34749
60000,59,52089.0,30000,1200.0,7911,52089
80000,59,69494.0,40000,1600.0,10506,69494
100000,59,86842.0,50000,2000.0,13158,86842
200000,59,173880.0,100000,4000.0,26120,173880
400000,59,351870.0,100000,4000.0,48130,351870
600000,59,529759.0,100000,4000.0,70241,529759
800000,59,707512.0,100000,4000.0,92488,707512
1000000,59,885687.0,100000,4000.0,114313,885687
2,60,1.0,1,0.04,1,1
3,60,2.0,1,0.04,1,2
100,60,84.0,50,2.0,16,84
200,60,168.0,100,4.0,32,168
2000,60,1728.0,1000,40.0,272,1728
10000,60,8651.0,5000,200.0,1349,8651
20000,60,17388.0,10000,400.0,2612,17388
40000,60,34756.0,20000,800.0,5244,34756
60000,60,52166.0,30000,1200.0,7834,52166
80000,60,69575.0,40000,1600.0,10425,69575
100000,60,86925.0,50000,2000.0,13075,86925
200000,60,173684.0,100000,4000.0,26316,173684
400000,60,351494.0,100000,4000.0,48506,351494
600000,60,529658.0,100000,4000.0,70342,529658
800000,60,707454.0,100000,4000.0,92546,707454
1000000,60,885477.0,100000,4000.0,114523,885477
2,61,2.0,1,0.04,0,2
3,61,3.0,1,0.04,0,3
100,61,88.0,50,2.0,12,88
200,61,176.0,100,4.0,24,176
2000,61,1753.0,1000,40.0,247,1753
10000,61,8770.0,5000,200.0,1230,8770
20000,61,17444.0,10000,400.0,2556,17444
40000,61,34858.0,20000,800.0,5142,34858
60000,61,52264.0,30000,1200.0,7736,52264
80000,61,69622.0,40000,1600.0,10378,69622
100000,61,86979.0,50000,2000.0,13021,86979
200000,61,173912.0,100000,4000.0,26088,173912
400000,61,351893.0,100000,4000.0,48107,351893
600000,61,529970.0,100000,4000.0,70030,529970
800000,61,707922.0,100000,4000.0,92078,707922
1000000,61,886009.0,100000,4000.0,113991,886009
2,62,2.0,1,0.04,0,2
3,62,3.0,1,0.04,0,3
100,62,89.0,50,2.0,11,89
200,62,174.0,100,4.0,26,174
2000,62,1728.0,1000,40.0,272,1728
10000,62,8716.0,5000,200.0,1284,8716
20000,62,17329.0,10000,400.0,2671,17329
40000,62,34726.0,20000,800.0,5274,34726
60000,62,52094.0,30000,1200.0,7906,52094
80000,62,69513.0,40000,1600.0,10487,69513
100000,62,86936.0,50000,2000.0,13064,86936
200000,62,174009.0,100000,4000.0,25991,174009
400000,62,352108.0,100000,4000.0,47892,352108
600000,62,529928.0,100000,4000.0,70072,529928
800000,62,708078.0,100000,4000.0,91922,708078
1000000,62,886374.0,100000,4000.0,113626,886374
2,63,2.0,1,0.04,0,2
3,63,3.0,1,0.04,0,3
100,63,89.0,50,2.0,11,89
200,63,178.0,100,4.0,22,178
2000,63,1745.0,1000,40.0,255,1745
10000,63,8655.0,5000,200.0,1345,8655
20000,63,17349.0,10000,400.0,2651,17349
40000,63,34680.0,20000,800.0,5320,34680
60000,63,52073.0,30000,1200.0,7927,52073
80000,63,69438.0,40000,1600.0,10562,69438
100000,63,86816.0,50000,2000.0,13184,86816
200000,63,173842.0,100000,4000.0,26158,173842
400000,63,351889.0,100000,4000.0,48111,351889
600000,63,529749.0,100000,4000.0,70251,529749
800000,63,707826.0,100000,4000.0,92174,707826
1000000,63,885907.0,100000,4000.0,114093,885907
2,64,0.0,1,0.04,2,0
3,64,1.0,1,0.04,2,1
100,64,83.0,50,2.0,17,83
200,64,167.0,100,4.0,33,167
2000,64,1747.0,1000,40.0,253,1747
10000,64,8738.0,5000,200.0,1262,8738
20000,64,17416.0,10000,400.0,2584,17416
40000,64,34827.0,20000,800.0,5173,34827
60000,64,52176.0,30000,1200.0,7824,52176
80000,64,69611.0,40000,1600.0,10389,69611
100000,64,87061.0,50000,2000.0,12939,87061
200000,64,174147.0,100000,4000.0,25853,174147
400000,64,352182.0,100000,4000.0,47818,352182
600000,64,530187.0,100000,4000.0,69813,530187
800000,64,708176.0,100000,4000.0,91824,708176
1000000,64,886027.0,100000,4000.0,113973,886027
2,65,2.0,1,0.04,0,2
3,65,3.0,1,0.04,0,3
100,65,88.0,50,2.0,12,88
200,65,173.0,100,4.0,27,173
2000,65,1747.0,1000,40.0,253,1747
10000,65,8714.0,5000,200.0,1286,8714
20000,65,17459.0,10000,400.0,2541,17459
40000,65,34834.0,20000,800.0,5166,34834
60000,65,52268.0,30000,1200.0,7732,52268
80000,65,69627.0,40000,1600.0,10373,69627
100000,65,87082.0,50000,2000.0,12918,87082
200000,65,174110.0,100000,4000.0,25890,174110
400000,65,352190.0,100000,4000.0,47810,352190
600000,65,530315.0,100000,4000.0,69685,530315
800000,65,708277.0,100000,4000.0,91723,708277
1000000,65,886159.0,100000,4000.0,113841,886159
2,66,2.0,1,0.04,0,2
3,66,2.0,1,0.04,1,2
100,66,85.0,50,2.0,15,85
200,66,168.0,100,4.0,32,168
2000,66,1720.0,1000,40.0,280,1720
10000,66,8664.0,5000,200.0,1336,8664
20000,66,17356.0,10000,400.0,2644,17356
40000,66,34734.0,20000,800.0,5266,34734
60000,66,52148.0,30000,1200.0,7852,52148
80000,66,69534.0,40000,1600.0,10466,69534
100000,66,86938.0,50000,2000.0,13062,86938
200000,66,174123.0,100000,4000.0,25877,174123
400000,66,352061.0,100000,4000.0,47939,352061
600000,66,530135.0,100000,4000.0,69865,530135
800000,66,707975.0,100000,4000.0,92025,707975
1000000,66,886137.0,100000,4000.0,113863,886137
2,67,1.0,1,0.04,1,1
3,67,2.0,1,0.04,1,2
100,67,80.0,50,2.0,20,80
200,67,165.0,100,4.0,35,165
2000,67,1732.0,1000,40.0,268,1732
10000,67,8684.0,5000,200.0,1316,8684
20000,67,17342.0,10000,400.0,2658,17342
40000,67,34737.0,20000,800.0,5263,34737
60000,67,52080.0,30000,1200.0,7920,52080
80000,67,69468.0,40000,1600.0,10532,69468
100000,67,86854.0,50000,2000.0,13146,86854
200000,67,173704.0,100000,4000.0,26296,173704
400000,67,351769.0,100000,4000.0,48231,351769
600000,67,530095.0,100000,4000.0,69905,530095
800000,67,708028.0,100000,4000.0,91972,708028
1000000,67,886108.0,100000,4000.0,113892,886108
2,68,2.0,1,0.04,0,2
3,68,3.0,1,0.04,0,3
100,68,85.0,50,2.0,15,85
200,68,171.0,100,4.0,29,171
2000,68,1751.0,1000,40.0,249,1751
10000,68,8735.0,5000,200.0,1265,8735
20000,68,17406.0,10000,400.0,2594,17406
40000,68,34789.0,20000,800.0,5211,34789
60000,68,52174.0,30000,1200.0,7826,52174
80000,68,69668.0,40000,1600.0,10332,69668
100000,68,87017.0,50000,2000.0,12983,87017
200000,68,174051.0,100000,4000.0,25949,174051
400000,68,352231.0,100000,4000.0,47769,352231
600000,68,530260.0,100000,4000.0,69740,530260
800000,68,708379.0,100000,4000.0,91621,708379
1000000,68,886259.0,100000,4000.0,113741,886259
2,69,2.0,1,0.04,0,2
3,69,3.0,1,0.04,0,3
100,69,90.0,50,2.0,10,90
200,69,174.0,100,4.0,26,174
2000,69,1731.0,1000,40.0,269,1731
10000,69,8700.0,5000,200.0,1300,8700
20000,69,17350.0,10000,400.0,2650,17350
40000,69,34643.0,20000,800.0,5357,34643
60000,69,52029.0,30000,1200.0,7971,52029
80000,69,69444.0,40000,1600.0,10556,69444
100000,69,86753.0,50000,2000.0,13247,86753
200000,69,173744.0,100000,4000.0,26256,173744
400000,69,351775.0,100000,4000.0,48225,351775
600000,69,529862.0,100000,4000.0,70138,529862
800000,69,707653.0,100000,4000.0,92347,707653
1000000,69,885748.0,100000,4000.0,114252,885748
2,70,1.0,1,0.04,1,1
3,70,1.0,1,0.04,2,1
100,70,86.0,50,2.0,14,86
200,70,176.0,100,4.0,24,176
2000,70,1751.0,1000,40.0,249,1751
10000,70,8738.0,5000,200.0,1262,8738
20000,70,17463.0,10000,400.0,2537,17463
40000,70,34861.0,20000,800.0,5139,34861
60000,70,52230.0,30000,1200.0,7770,52230
80000,70,69594.0,40000,1600.0,10406,69594
100000,70,87051.0,50000,2000.0,12949,87051
200000,70,173990.0,100000,4000.0,26010,173990
400000,70,351633.0,100000,4000.0,48367,351633
600000,70,529650.0,100000,4000.0,70350,529650
800000,70,707574.0,100000,4000.0,92426,707574
1000000,70,885471.0,100000,4000.0,114529,885471
2,71,2.0,1,0.04,0,2
3,71,3.0,1,0.04,0,3
100,71,88.0,50,2.0,12,88
200,71,174.0,100,4.0,26,174
2000,71,1754.0,1000,40.0,246,1754
10000,71,8687.0,5000,200.0,1313,8687
20000,71,17431.0,10000,400.0,2569,17431
40000,71,34825.0,20000,800.0,5175,34825
60000,71,52180.0,30000,1200.0,7820,52180
80000,71,69553.0,40000,1600.0,10447,69553
100000,71,86954.0,50000,2000.0,13046,86954
200000,71,173833.0,100000,4000.0,26167,173833
400000,71,351675.0,100000,4000.0,48325,351675
600000,71,529708.0,100000,4000.0,70292,529708
800000,71,707636.0,100000,4000.0,92364,707636
1000000,71,885605.0,100000,4000.0,114395,885605
2,72,2.0,1,0.04,0,2
3,72,3.0,1,0.04,0,3
100,72,81.0,50,2.0,19,81
200,72,169.0,100,4.0,31,169
2000,72,1735.0,1000,40.0,265,1735
10000,72,8662.0,5000,200.0,1338,8662
20000,72,17373.0,10000,400.0,2627,17373
40000,72,34747.0,20000,800.0,5253,34747
60000,72,52112.0,30000,1200.0,7888,52112
80000,72,69562.0,40000,1600.0,10438,69562
100000,72,87013.0,50000,2000.0,12987,87013
200000,72,173962.0,100000,4000.0,26038,173962
400000,72,352038.0,100000,4000.0,47962,352038
600000,72,530121.0,100000,4000.0,69879,530121
800000,72,708225.0,100000,4000.0,91775,708225
1000000,72,886334.0,100000,4000.0,113666,886334
2,73,2.0,1,0.04,0,2
3,73,3.0,1,0.04,0,3
100,73,92.0,50,2.0,8,92
200,73,183.0,100,4.0,17,183
2000,73,1739.0,1000,40.0,261,1739
10000,73,8715.0,5000,200.0,1285,8715
20000,73,17414.0,10000,400.0,2586,17414
40000,73,34784.0,20000,800.0,5216,34784
60000,73,52170.0,30000,1200.0,7830,52170
80000,73,69617.0,40000,1600.0,10383,69617
100000,73,86941.0,50000,2000.0,13059,86941
200000,73,173963.0,100000,4000.0,26037,173963
400000,73,351681.0,100000,4000.0,48319,351681
600000,73,529673.0,100000,4000.0,70327,529673
800000,73,707755.0,100000,4000.0,92245,707755
1000000,73,885334.0,100000,4000.0,114666,885334
2,74,2.0,1,0.04,0,2
3,74,3.0,1,0.04,0,3
100,74,87.0,50,2.0,13,87
200,74,173.0,100,4.0,27,173
2000,74,1745.0,1000,40.0,255,1745
10000,74,8675.0,5000,200.0,1325,8675
20000,74,17370.0,10000,400.0,2630,17370
40000,74,34841.0,20000,800.0,5159,34841
60000,74,52141.0,30000,1200.0,7859,52141
80000,74,69541.0,40000,1600.0,10459,69541
100000,74,86988.0,50000,2000.0,13012,86988
200000,74,174041.0,100000,4000.0,25959,174041
400000,74,352052.0,100000,4000.0,47948,352052
600000,74,530114.0,100000,4000.0,69886,530114
800000,74,707924.0,100000,4000.0,92076,707924
1000000,74,886062.0,100000,4000.0,113938,886062
2,75,2.0,1,0.04,0,2
3,75,2.0,1,0.04,1,2
100,75,89.0,50,2.0,11,89
200,75,180.0,100,4.0,20,180
2000,75,1730.0,1000,40.0,270,1730
10000,75,8669.0,5000,200.0,1331,8669
20000,75,17346.0,10000,400.0,2654,17346
40000,75,34764.0,20000,800.0,5236,34764
60000,75,52243.0,30000,1200.0,7757,52243
80000,75,69673.0,40000,1600.0,10327,69673
100000,75,87022.0,50000,2000.0,12978,87022
200000,75,174177.0,100000,4000.0,25823,174177
400000,75,352155.0,100000,4000.0,47845,352155
600000,75,530242.0,100000,4000.0,69758,530242
800000,75,708310.0,100000,4000.0,91690,708310
1000000,75,886368.0,100000,4000.0,113632,886368
2,76,2.0,1,0.04,0,2
3,76,3.0,1,0.04,0,3
100,76,86.0,50,2.0,14,86
200,76,174.0,100,4.0,26,174
2000,76,1738.0,1000,40.0,262,1738
10000,76,8714.0,5000,200.0,1286,8714
20000,76,17397.0,10000,400.0,2603,17397
40000,76,34837.0,20000,800.0,5163,34837
60000,76,52239.0,30000,1200.0,7761,52239
80000,76,69661.0,40000,1600.0,10339,69661
100000,76,87097.0,50000,2000.0,12903,87097
200000,76,173926.0,100000,4000.0,26074,173926
400000,76,352294.0,100000,4000.0,47706,352294
600000,76,530452.0,100000,4000.0,69548,530452
800000,76,708425.0,100000,4000.0,91575,708425
1000000,76,886400.0,100000,4000.0,113600,886400
2,77,2.0,1,0.04,0,2
3,77,3.0,1,0.04,0,3
100,77,94.0,50,2.0,6,94
200,77,179.0,100,4.0,21,179
2000,77,1770.0,1000,40.0,230,1770
10000,77,8721.0,5000,200.0,1279,8721
20000,77,17417.0,10000,400.0,2583,17417
40000,77,34750.0,20000,800.0,5250,34750
60000,77,52140.0,30000,1200.0,7860,52140
80000,77,69452.0,40000,1600.0,10548,69452
100000,77,86864.0,50000,2000.0,13136,86864
200000,77,173840.0,100000,4000.0,26160,173840
400000,77,352011.0,100000,4000.0,47989,352011
600000,77,529938.0,100000,4000.0,70062,529938
800000,77,707646.0,100000,4000.0,92354,707646
1000000,77,885623.0,100000,4000.0,114377,885623
2,78,1.0,1,0.04,1,1
3,78,2.0,1,0.04,1,2
100,78,84.0,50,2.0,16,84
200,78,165.0,100,4.0,35,165
2000,78,1742.0,1000,40.0,258,1742
10000,78,8656.0,5000,200.0,1344,8656
20000,78,17379.0,10000,400.0,2621,17379
40000,78,34751.0,20000,800.0,5249,34751
60000,78,52232.0,30000,1200.0,7768,52232
80000,78,69636.0,40000,1600.0,10364,69636
100000,78,86964.0,50000,2000.0,13036,86964
200000,78,174131.0,100000,4000.0,25869,174131
400000,78,352581.0,100000,4000.0,47419,352581
600000,78,530445.0,100000,4000.0,69555,530445
800000,78,708304.0,100000,4000.0,91696,708304
1000000,78,886258.0,100000,4000.0,113742,886258
2,79,1.0,1,0.04,1,1
3,79,2.0,1,0.04,1,2
100,79,92.0,50,2.0,8,92
200,79,178.0,100,4.0,22,178
2000,79,1745.0,1000,40.0,255,1745
10000,79,8670.0,5000,200.0,1330,8670
20000,79,17348.0,10000,400.0,2652,17348
40000,79,34714.0,20000,800.0,5286,34714
60000,79,52048.0,30000,1200.0,7952,52048
80000,79,69389.0,40000,1600.0,10611,69389
100000,79,86742.0,50000,2000.0,13258,86742
200000,79,173758.0,100000,4000.0,26242,173758
400000,79,351670.0,100000,4000.0,48330,351670
600000,79,529778.0,100000,4000.0,70222,529778
800000,79,707899.0,100000,4000.0,92101,707899
1000000,79,885684.0,100000,4000.0,114316,885684
2,80,2.0,1,0.04,0,2
3,80,3.0,1,0.04,0,3
100,80,91.0,50,2.0,9,91
200,80,177.0,100,4.0,23,177
2000,80,1704.0,1000,40.0,296,1704
10000,80,8646.0,5000,200.0,1354,8646
20000,80,17353.0,10000,400.0,2647,17353
40000,80,34739.0,20000,800.0,5261,34739
60000,80,52070.0,30000,1200.0,7930,52070
80000,80,69443.0,40000,1600.0,10557,69443
100000,80,86887.0,50000,2000.0,13113,86887
200000,80,173796.0,100000,4000.0,26204,173796
400000,80,351732.0,100000,4000.0,48268,351732
600000,80,529730.0,100000,4000.0,70270,529730
800000,80,707480.0,100000,4000.0,92520,707480
1000000,80,885516.0,100000,4000.0,114484,885516
2,81,2.0,1,0.04,0,2
3,81,3.0,1,0.04,0,3
100,81,92.0,50,2.0,8,92
200,81,178.0,100,4.0,22,178
2000,81,1732.0,1000,40.0,268,1732
10000,81,8688.0,5000,200.0,1312,8688
20000,81,17427.0,10000,400.0,2573,17427
40000,81,34754.0,20000,800.0,5246,34754
60000,81,52165.0,30000,1200.0,7835,52165
80000,81,69535.0,40000,1600.0,10465,69535
100000,81,86892.0,50000,2000.0,13108,86892
200000,81,173969.0,100000,4000.0,26031,173969
400000,81,352059.0,100000,4000.0,47941,352059
600000,81,529947.0,100000,4000.0,70053,529947
800000,81,707848.0,100000,4000.0,92152,707848
1000000,81,885664.0,100000,4000.0,114336,885664
2,82,2.0,1,0.04,0,2
3,82,3.0,1,0.04,0,3
100,82,88.0,50,2.0,12,88
200,82,169.0,100,4.0,31,169
2000,82,1717.0,1000,40.0,283,1717
10000,82,8645.0,5000,200.0,1355,8645
20000,82,17300.0,10000,400.0,2700,17300
40000,82,34727.0,20000,800.0,5273,34727
60000,82,52105.0,30000,1200.0,7895,52105
80000,82,69530.0,40000,1600.0,10470,69530
100000,82,86932.0,50000,2000.0,13068,86932
200000,82,174007.0,100000,4000.0,25993,174007
400000,82,352030.0,100000,4000.0,47970,352030
600000,82,529809.0,100000,4000.0,70191,529809
800000,82,707868.0,100000,4000.0,92132,707868
1000000,82,885972.0,100000,4000.0,114028,885972
2,83,1.0,1,0.04,1,1
3,83,2.0,1,0.04,1,2
100,83,84.0,50,2.0,16,84
200,83,173.0,100,4.0,27,173
2000,83,1730.0,1000,40.0,270,1730
10000,83,8656.0,5000,200.0,1344,8656
20000,83,17383.0,10000,400.0,2617,17383
40000,83,34758.0,20000,800.0,5242,34758
60000,83,52158.0,30000,1200.0,7842,52158
80000,83,69625.0,40000,1600.0,10375,69625
100000,83,87085.0,50000,2000.0,12915,87085
200000,83,174071.0,100000,4000.0,25929,174071
400000,83,352191.0,100000,4000.0,47809,352191
600000,83,530168.0,100000,4000.0,69832,530168
800000,83,707978.0,100000,4000.0,92022,707978
1000000,83,886042.0,100000,4000.0,113958,886042
2,84,2.0,1,0.04,0,2
3,84,2.0,1,0.04,1,2
100,84,85.0,50,2.0,15,85
200,84,172.0,100,4.0,28,172
2000,84,1721.0,1000,40.0,279,1721
10000,84,8659.0,5000,200.0,1341,8659
20000,84,17379.0,10000,400.0,2621,17379
40000,84,34721.0,20000,800.0,5279,34721
60000,84,52112.0,30000,1200.0,7888,52112
80000,84,69593.0,40000,1600.0,10407,69593
100000,84,87033.0,50000,2000.0,12967,87033
200000,84,173762.0,100000,4000.0,26238,173762
400000,84,351652.0,100000,4000.0,48348,351652
600000,84,529730.0,100000,4000.0,70270,529730
800000,84,707752.0,100000,4000.0,92248,707752
1000000,84,885932.0,100000,4000.0,114068,885932
2,85,2.0,1,0.04,0,2
3,85,3.0,1,0.04,0,3
100,85,85.0,50,2.0,15,85
200,85,168.0,100,4.0,32,168
2000,85,1742.0,1000,40.0,258,1742
10000,85,8732.0,5000,200.0,1268,8732
20000,85,17400.0,10000,400.0,2600,17400
40000,85,34816.0,20000,800.0,5184,34816
60000,85,52257.0,30000,1200.0,7743,52257
80000,85,69654.0,40000,1600.0,10346,69654
100000,85,87026.0,50000,2000.0,12974,87026
200000,85,174049.0,100000,4000.0,25951,174049
400000,85,352051.0,100000,4000.0,47949,352051
600000,85,530064.0,100000,4000.0,69936,530064
800000,85,707946.0,100000,4000.0,92054,707946
1000000,85,885741.0,100000,4000.0,114259,885741
2,86,1.0,1,0.04,1,1
3,86,2.0,1,0.04,1,2
100,86,85.0,50,2.0,15,85
200,86,172.0,100,4.0,28,172
2000,86,1733.0,1000,40.0,267,1733
10000,86,8711.0,5000,200.0,1289,8711
20000,86,17459.0,10000,400.0,2541,17459
40000,86,34859.0,20000,800.0,5141,34859
60000,86,52241.0,30000,1200.0,7759,52241
80000,86,69631.0,40000,1600.0,10369,69631
100000,86,87040.0,50000,2000.0,12960,87040
200000,86,174139.0,100000,4000.0,25861,174139
400000,86,352242.0,100000,4000.0,47758,352242
600000,86,530395.0,100000,4000.0,69605,530395
800000,86,708311.0,100000,4000.0,91689,708311
1000000,86,886140.0,100000,4000.0,113860,886140
2,87,2.0,1,0.04,0,2
3,87,3.0,1,0.04,0,3
100,87,90.0,50,2.0,10,90
200,87,177.0,100,4.0,23,177
2000,87,1751.0,1000,40.0,249,1751
10000,87,8690.0,5000,200.0,1310,8690
20000,87,17374.0,10000,400.0,2626,17374
40000,87,34726.0,20000,800.0,5274,34726
60000,87,52126.0,30000,1200.0,7874,52126
80000,87,69547.0,40000,1600.0,10453,69547
100000,87,86922.0,50000,2000.0,13078,86922
200000,87,173802.0,100000,4000.0,26198,173802
400000,87,352028.0,100000,4000.0,47972,352028
600000,87,530035.0,100000,4000.0,69965,530035
800000,87,708079.0,100000,4000.0,91921,708079
1000000,87,886024.0,100000,4000.0,113976,886024
2,88,2.0,1,0.04,0,2
3,88,3.0,1,0.04,0,3
100,88,88.0,50,2.0,12,88
200,88,174.0,100,4.0,26,174
2000,88,1719.0,1000,40.0,281,1719
10000,88,8625.0,5000,200.0,1375,8625
20000,88,17277.0,10000,400.0,2723,17277
40000,88,34635.0,20000,800.0,5365,34635
60000,88,52024.0,30000,1200.0,7976,52024
80000,88,69394.0,40000,1600.0,10606,69394
100000,88,86811.0,50000,2000.0,13189,86811
200000,88,173800.0,100000,4000.0,26200,173800
400000,88,351683.0,100000,4000.0,48317,351683
600000,88,529455.0,100000,4000.0,70545,529455
800000,88,707231.0,100000,4000.0,92769,707231
1000000,88,885232.0,100000,4000.0,114768,885232
2,89,2.0,1,0.04,0,2
3,89,3.0,1,0.04,0,3
100,89,83.0,50,2.0,17,83
200,89,173.0,100,4.0,27,173
2000,89,1731.0,1000,40.0,269,1731
10000,89,8719.0,5000,200.0,1281,8719
20000,89,17407.0,10000,400.0,2593,17407
40000,89,34804.0,20000,800.0,5196,34804
60000,89,52155.0,30000,1200.0,7845,52155
80000,89,69518.0,40000,1600.0,10482,69518
100000,89,86907.0,50000,2000.0,13093,86907
200000,89,173972.0,100000,4000.0,26028,173972
400000,89,351877.0,100000,4000.0,48123,351877
600000,89,530072.0,100000,4000.0,69928,530072
800000,89,708136.0,100000,4000.0,91864,708136
1000000,89,885934.0,100000,4000.0,114066,885934
2,90,1.0,1,0.04,1,1
3,90,2.0,1,0.04,1,2
100,90,86.0,50,2.0,14,86
200,90,169.0,100,4.0,31,169
2000,90,1745.0,1000,40.0,255,1745
10000,90,8713.0,5000,200.0,1287,8713
20000,90,17429.0,10000,400.0,2571,17429
40000,90,34833.0,20000,800.0,5167,34833
60000,90,52198.0,30000,1200.0,7802,52198
80000,90,69594.0,40000,1600.0,10406,69594
100000,90,87001.0,50000,2000.0,12999,87001
200000,90,173702.0,100000,4000.0,26298,173702
400000,90,351595.0,100000,4000.0,48405,351595
600000,90,529737.0,100000,4000.0,70263,529737
800000,90,707484.0,100000,4000.0,92516,707484
1000000,90,885409.0,100000,4000.0,114591,885409
2,91,2.0,1,0.04,0,2
3,91,3.0,1,0.04,0,3
100,91,92.0,50,2.0,8,92
200,91,176.0,100,4.0,24,176
2000,91,1740.0,1000,40.0,260,1740
10000,91,8682.0,5000,200.0,1318,8682
20000,91,17346.0,10000,400.0,2654,17346
40000,91,34816.0,20000,800.0,5184,34816
60000,91,52235.0,30000,1200.0,7765,52235
80000,91,69662.0,40000,1600.0,10338,69662
100000,91,87016.0,50000,2000.0,12984,87016
200000,91,173929.0,100000,4000.0,26071,173929
400000,91,351924.0,100000,4000.0,48076,351924
600000,91,529999.0,100000,4000.0,70001,529999
800000,91,707989.0,100000,4000.0,92011,707989
1000000,91,886019.0,100000,4000.0,113981,886019
2,92,2.0,1,0.04,0,2
3,92,3.0,1,0.04,0,3
100,92,92.0,50,2.0,8,92
200,92,178.0,100,4.0,22,178
2000,92,1752.0,1000,40.0,248,1752
10000,92,8667.0,5000,200.0,1333,8667
20000,92,17343.0,10000,400.0,2657,17343
40000,92,34732.0,20000,800.0,5268,34732
60000,92,51997.0,30000,1200.0,8003,51997
80000,92,69402.0,40000,1600.0,10598,69402
100000,92,86854.0,50000,2000.0,13146,86854
200000,92,173892.0,100000,4000.0,26108,173892
400000,92,351559.0,100000,4000.0,48441,351559
600000,92,529802.0,100000,4000.0,70198,529802
800000,92,707883.0,100000,4000.0,92117,707883
1000000,92,885873.0,100000,4000.0,114127,885873
2,93,2.0,1,0.04,0,2
3,93,3.0,1,0.04,0,3
100,93,90.0,50,2.0,10,90
200,93,172.0,100,4.0,28,172
2000,93,1749.0,1000,40.0,251,1749
10000,93,8720.0,5000,200.0,1280,8720
20000,93,17457.0,10000,400.0,2543,17457
40000,93,34840.0,20000,800.0,5160,34840
60000,93,52298.0,30000,1200.0,7702,52298
80000,93,69661.0,40000,1600.0,10339,69661
100000,93,87007.0,50000,2000.0,12993,87007
200000,93,174272.0,100000,4000.0,25728,174272
400000,93,352178.0,100000,4000.0,47822,352178
600000,93,530267.0,100000,4000.0,69733,530267
800000,93,707976.0,100000,4000.0,92024,707976
1000000,93,885866.0,100000,4000.0,114134,885866
2,94,2.0,1,0.04,0,2
3,94,3.0,1,0.04,0,3
100,94,86.0,50,2.0,14,86
200,94,174.0,100,4.0,26,174
2000,94,1758.0,1000,40.0,242,1758
10000,94,8692.0,5000,200.0,1308,8692
20000,94,17384.0,10000,400.0,2616,17384
40000,94,34778.0,20000,800.0,5222,34778
60000,94,52121.0,30000,1200.0,7879,52121
80000,94,69579.0,40000,1600.0,10421,69579
100000,94,86996.0,50000,2000.0,13004,86996
200000,94,173949.0,100000,4000.0,26051,173949
400000,94,351800.0,100000,4000.0,48200,351800
600000,94,529879.0,100000,4000.0,70121,529879
800000,94,707903.0,100000,4000.0,92097,707903
1000000,94,885773.0,100000,4000.0,114227,885773
2,95,0.0,1,0.04,2,0
3,95,1.0,1,0.04,2,1
100,95,89.0,50,2.0,11,89
200,95,171.0,100,4.0,29,171
2000,95,1744.0,1000,40.0,256,1744
10000,95,8682.0,5000,200.0,1318,8682
20000,95,17310.0,10000,400.0,2690,17310
40000,95,34734.0,20000,800.0,5266,34734
60000,95,52141.0,30000,1200.0,7859,52141
80000,95,69582.0,40000,1600.0,10418,69582
100000,95,87036.0,50000,2000.0,12964,87036
200000,95,174085.0,100000,4000.0,25915,174085
400000,95,351965.0,100000,4000.0,48035,351965
600000,95,529827.0,100000,4000.0,70173,529827
800000,95,707969.0,100000,4000.0,92031,707969
1000000,95,885558.0,100000,4000.0,114442,885558
2,96,2.0,1,0.04,0,2
3,96,3.0,1,0.04,0,3
100,96,89.0,50,2.0,11,89
200,96,167.0,100,4.0,33,167
2000,96,1702.0,1000,40.0,298,1702
10000,96,8671.0,5000,200.0,1329,8671
20000,96,17417.0,10000,400.0,2583,17417
40000,96,34837.0,20000,800.0,5163,34837
60000,96,52317.0,30000,1200.0,7683,52317
80000,96,69740.0,40000,1600.0,10260,69740
100000,96,87086.0,50000,2000.0,12914,87086
200000,96,174184.0,100000,4000.0,25816,174184
400000,96,352233.0,100000,4000.0,47767,352233
600000,96,530083.0,100000,4000.0,69917,530083
800000,96,708194.0,100000,4000.0,91806,708194
1000000,96,886375.0,100000,4000.0,113625,886375
2,97,2.0,1,0.04,0,2
3,97,3.0,1,0.04,0,3
100,97,90.0,50,2.0,10,90
200,97,176.0,100,4.0,24,176
2000,97,1726.0,1000,40.0,274,1726
10000,97,8719.0,5000,200.0,1281,8719
20000,97,17405.0,10000,400.0,2595,17405
40000,97,34736.0,20000,800.0,5264,34736
60000,97,52097.0,30000,1200.0,7903,52097
80000,97,69543.0,40000,1600.0,10457,69543
100000,97,86925.0,50000,2000.0,13075,86925
200000,97,173976.0,100000,4000.0,26024,173976
400000,97,351949.0,100000,4000.0,48051,351949
600000,97,529862.0,100000,4000.0,70138,529862
800000,97,707879.0,100000,4000.0,92121,707879
1000000,97,885904.0,100000,4000.0,114096,885904
2,98,2.0,1,0.04,0,2
3,98,2.0,1,0.04,1,2
100,98,88.0,50,2.0,12,88
200,98,180.0,100,4.0,20,180
2000,98,1754.0,1000,40.0,246,1754
10000,98,8748.0,5000,200.0,1252,8748
20000,98,17397.0,10000,400.0,2603,17397
40000,98,34834.0,20000,800.0,5166,34834
60000,98,52179.0,30000,1200.0,7821,52179
80000,98,69637.0,40000,1600.0,10363,69637
100000,98,87053.0,50000,2000.0,12947,87053
200000,98,174067.0,100000,4000.0,25933,174067
400000,98,351979.0,100000,4000.0,48021,351979
600000,98,530340.0,100000,4000.0,69660,530340
800000,98,708483.0,100000,4000.0,91517,708483
1000000,98,886342.0,100000,4000.0,113658,886342
2,99,2.0,1,0.04,0,2
3,99,3.0,1,0.04,0,3
100,99,88.0,50,2.0,12,88
200,99,173.0,100,4.0,27,173
2000,99,1746.0,1000,40.0,254,1746
10000,99,8651.0,5000,200.0,1349,8651
20000,99,17303.0,10000,400.0,2697,17303
40000,99,34673.0,20000,800.0,5327,34673
60000,99,52128.0,30000,1200.0,7872,52128
80000,99,69579.0,40000,1600.0,10421,69579
100000,99,87077.0,50000,2000.0,12923,87077
200000,99,173995.0,100000,4000.0,26005,173995
400000,99,351897.0,100000,4000.0,48103,351897
600000,99,529962.0,100000,4000.0,70038,529962
800000,99,708033.0,100000,4000.0,91967,708033
1000000,99,886204.0,100000,4000.0,113796,886204
2,100,2.0,1,0.04,0,2
3,100,3.0,1,0.04,0,3
100,100,91.0,50,2.0,9,91
200,100,174.0,100,4.0,26,174
2000,100,1751.0,1000,40.0,249,1751
10000,100,8762.0,5000,200.0,1238,8762
20000,100,17430.0,10000,400.0,2570,17430
40000,100,34844.0,20000,800.0,5156,34844
60000,100,52183.0,30000,1200.0,7817,52183
80000,100,69558.0,40000,1600.0,10442,69558
100000,100,87012.0,50000,2000.0,12988,87012
200000,100,173991.0,100000,4000.0,26009,173991
400000,100,352006.0,100000,4000.0,47994,352006
600000,100,529651.0,100000,4000.0,70349,529651
800000,100,707626.0,100000,4000.0,92374,707626
1000000,100,885750.0,100000,4000.0,114250,885750
