Timestep,Iteration,Total Reward,Suboptimal Arms,Total Regret,Zeros Count,Ones Count
2,1,2.0,1,0.05,0,2
3,1,3.0,2,0.05,0,3
100,1,85.0,67,1.69,15,85
200,1,169.0,133,3.34,31,169
2000,1,1737.0,1333,33.35,263,1737
10000,1,8866.0,2118,50.59,1134,8866
20000,1,17811.0,2118,50.59,2189,17811
40000,1,35729.0,2118,50.59,4271,35729
60000,1,53701.0,2118,50.59,6299,53701
80000,1,71643.0,2118,50.59,8357,71643
100000,1,89611.0,2118,50.59,10389,89611
200000,1,179295.0,2118,50.59,20705,179295
400000,1,358338.0,2118,50.59,41662,358338
600000,1,537245.0,2118,50.59,62755,537245
800000,1,716135.0,2118,50.59,83865,716135
1000000,1,895114.0,2118,50.59,104886,895114
2,2,1.0,1,0.05,1,1
3,2,2.0,2,0.05,1,2
100,2,80.0,67,1.69,20,80
200,2,164.0,133,3.34,36,164
2000,2,1738.0,1333,33.35,262,1738
10000,2,8892.0,2000,50.0,1108,8892
20000,2,17853.0,2000,50.0,2147,17853
40000,2,35776.0,2000,50.0,4224,35776
60000,2,53712.0,2000,50.0,6288,53712
80000,2,71540.0,2000,50.0,8460,71540
100000,2,89483.0,2000,50.0,10517,89483
200000,2,179024.0,2000,50.0,20976,179024
400000,2,358042.0,2000,50.0,41958,358042
600000,2,536990.0,2000,50.0,63010,536990
800000,2,716189.0,2000,50.0,83811,716189
1000000,2,895162.0,2000,50.0,104838,895162
2,3,1.0,1,0.05,1,1
3,3,2.0,2,0.05,1,2
100,3,87.0,67,1.69,13,87
200,3,181.0,133,3.34,19,181
2000,3,1738.0,1333,33.35,262,1738
10000,3,8893.0,2000,50.0,1107,8893
20000,3,17852.0,2000,50.0,2148,17852
40000,3,35747.0,2000,50.0,4253,35747
60000,3,53708.0,2000,50.0,6292,53708
80000,3,71634.0,2000,50.0,8366,71634
100000,3,89585.0,2000,50.0,10415,89585
200000,3,179110.0,2000,50.0,20890,179110
400000,3,358324.0,2000,50.0,41676,358324
600000,3,537259.0,2000,50.0,62741,537259
800000,3,716359.0,2000,50.0,83641,716359
1000000,3,895331.0,2000,50.0,104669,895331
2,4,2.0,1,0.05,0,2
3,4,3.0,2,0.05,0,3
100,4,85.0,67,1.69,15,85
200,4,170.0,133,3.34,30,170
2000,4,1754.0,1333,33.35,246,1754
10000,4,8880.0,8444,82.22,1120,8880
20000,4,17784.0,12415,102.07,2216,17784
40000,4,35695.0,12415,102.07,4305,35695
60000,4,53580.0,12415,102.07,6420,53580
80000,4,71529.0,12415,102.07,8471,71529
100000,4,89453.0,12415,102.07,10547,89453
200000,4,178996.0,12415,102.07,21004,178996
400000,4,358077.0,12415,102.07,41923,358077
600000,4,537125.0,12415,102.07,62875,537125
800000,4,715974.0,12415,102.07,84026,715974
1000000,4,895021.0,12415,102.07,104979,895021
2,5,2.0,1,0.05,0,2
3,5,3.0,2,0.05,0,3
100,5,88.0,67,1.69,12,88
200,5,173.0,133,3.34,27,173
2000,5,1762.0,1333,33.35,238,1762
10000,5,8871.0,8998,84.99,1129,8871
20000,5,17839.0,18998,134.99,2161,17839
40000,5,35667.0,38998,234.99,4333,35667
60000,5,53490.0,58998,334.99,6510,53490
80000,5,71243.0,78998,434.99,8757,71243
100000,5,88993.0,98998,534.99,11007,88993
200000,5,178101.0,198998,1034.99,21899,178101
400000,5,356075.0,398998,2034.99,43925,356075
600000,5,533770.0,598998,3034.99,66230,533770
800000,5,711911.0,798998,4034.99,88089,711911
1000000,5,890030.0,998998,5034.99,109970,890030
2,6,2.0,1,0.05,0,2
3,6,3.0,2,0.05,0,3
100,6,92.0,67,1.69,8,92
200,6,183.0,133,3.34,17,183
2000,6,1750.0,1333,33.35,250,1750
10000,6,8898.0,2000,50.0,1102,8898
20000,6,17859.0,2000,50.0,2141,17859
40000,6,35820.0,2000,50.0,4180,35820
60000,6,53724.0,2000,50.0,6276,53724
80000,6,71634.0,2000,50.0,8366,71634
100000,6,89622.0,2000,50.0,10378,89622
200000,6,179106.0,2000,50.0,20894,179106
400000,6,358117.0,2000,50.0,41883,358117
600000,6,537132.0,2000,50.0,62868,537132
800000,6,716300.0,2000,50.0,83700,716300
1000000,6,895180.0,2000,50.0,104820,895180
2,7,2.0,1,0.05,0,2
3,7,3.0,2,0.05,0,3
100,7,84.0,67,1.69,16,84
200,7,168.0,133,3.34,32,168
2000,7,1731.0,1333,33.35,269,1731
10000,7,8823.0,9000,85.0,1177,8823
20000,7,17709.0,19000,135.0,2291,17709
40000,7,35522.0,39000,235.0,4478,35522
60000,7,53310.0,59000,335.0,6690,53310
80000,7,71094.0,79000,435.0,8906,71094
100000,7,88939.0,99000,535.0,11061,88939
200000,7,177987.0,199000,1035.0,22013,177987
400000,7,356194.0,399000,2035.0,43806,356194
600000,7,534174.0,599000,3035.0,65826,534174
800000,7,712140.0,799000,4035.0,87860,712140
1000000,7,889851.0,999000,5035.0,110149,889851
2,8,2.0,1,0.05,0,2
3,8,3.0,2,0.05,0,3
100,8,82.0,67,1.69,18,82
200,8,167.0,133,3.34,33,167
2000,8,1772.0,1333,33.35,228,1772
10000,8,8877.0,2000,50.0,1123,8877
20000,8,17794.0,2000,50.0,2206,17794
40000,8,35671.0,2000,50.0,4329,35671
60000,8,53606.0,2000,50.0,6394,53606
80000,8,71492.0,2000,50.0,8508,71492
100000,8,89372.0,2000,50.0,10628,89372
200000,8,179010.0,2000,50.0,20990,179010
400000,8,357857.0,2000,50.0,42143,357857
600000,8,536889.0,2000,50.0,63111,536889
800000,8,715868.0,2000,50.0,84132,715868
1000000,8,894991.0,2000,50.0,105009,894991
2,9,1.0,1,0.05,1,1
3,9,2.0,2,0.05,1,2
100,9,93.0,67,1.69,7,93
200,9,184.0,133,3.34,16,184
2000,9,1728.0,1333,33.35,272,1728
10000,9,8880.0,2000,50.0,1120,8880
20000,9,17825.0,2000,50.0,2175,17825
40000,9,35801.0,2000,50.0,4199,35801
60000,9,53663.0,2000,50.0,6337,53663
80000,9,71630.0,2000,50.0,8370,71630
100000,9,89484.0,2000,50.0,10516,89484
200000,9,178853.0,2000,50.0,21147,178853
400000,9,357742.0,2000,50.0,42258,357742
600000,9,536978.0,2000,50.0,63022,536978
800000,9,715927.0,2000,50.0,84073,715927
1000000,9,895057.0,2000,50.0,104943,895057
2,10,2.0,1,0.05,0,2
3,10,2.0,2,0.05,1,2
100,10,91.0,67,1.69,9,91
200,10,179.0,133,3.34,21,179
2000,10,1788.0,1333,33.35,212,1788
10000,10,8893.0,3766,58.83,1107,8893
20000,10,17830.0,3766,58.83,2170,17830
40000,10,35801.0,3766,58.83,4199,35801
60000,10,53671.0,3766,58.83,6329,53671
80000,10,71563.0,3766,58.83,8437,71563
100000,10,89433.0,3766,58.83,10567,89433
200000,10,178999.0,3766,58.83,21001,178999
400000,10,358012.0,3766,58.83,41988,358012
600000,10,537144.0,3766,58.83,62856,537144
800000,10,716102.0,3766,58.83,83898,716102
1000000,10,895234.0,3766,58.83,104766,895234
2,11,2.0,1,0.05,0,2
3,11,3.0,2,0.05,0,3
100,11,91.0,67,1.69,9,91
200,11,180.0,133,3.34,20,180
2000,11,1758.0,1333,33.35,242,1758
10000,11,8879.0,2000,50.0,1121,8879
20000,11,17825.0,2000,50.0,2175,17825
40000,11,35720.0,2000,50.0,4280,35720
60000,11,53603.0,2000,50.0,6397,53603
80000,11,71517.0,2000,50.0,8483,71517
100000,11,89407.0,2000,50.0,10593,89407
200000,11,178879.0,2000,50.0,21121,178879
400000,11,357826.0,2000,50.0,42174,357826
600000,11,536898.0,2000,50.0,63102,536898
800000,11,716373.0,2000,50.0,83627,716373
1000000,11,895601.0,2000,50.0,104399,895601
2,12,2.0,1,0.05,0,2
3,12,3.0,2,0.05,0,3
100,12,86.0,67,1.69,14,86
200,12,177.0,133,3.34,23,177
2000,12,1751.0,1333,33.35,249,1751
10000,12,8895.0,2000,50.0,1105,8895
20000,12,17826.0,2000,50.0,2174,17826
40000,12,35652.0,2000,50.0,4348,35652
60000,12,53553.0,2000,50.0,6447,53553
80000,12,71355.0,2000,50.0,8645,71355
100000,12,89257.0,2000,50.0,10743,89257
200000,12,178745.0,2000,50.0,21255,178745
400000,12,357742.0,2000,50.0,42258,357742
600000,12,536759.0,2000,50.0,63241,536759
800000,12,715641.0,2000,50.0,84359,715641
1000000,12,894743.0,2000,50.0,105257,894743
2,13,2.0,1,0.05,0,2
3,13,3.0,2,0.05,0,3
100,13,84.0,67,1.69,16,84
200,13,168.0,133,3.34,32,168
2000,13,1747.0,1333,33.35,253,1747
10000,13,8845.0,2000,50.0,1155,8845
20000,13,17768.0,2000,50.0,2232,17768
40000,13,35662.0,2000,50.0,4338,35662
60000,13,53545.0,2000,50.0,6455,53545
80000,13,71385.0,2000,50.0,8615,71385
100000,13,89278.0,2000,50.0,10722,89278
200000,13,178695.0,2000,50.0,21305,178695
400000,13,357649.0,2000,50.0,42351,357649
600000,13,536714.0,2000,50.0,63286,536714
800000,13,715615.0,2000,50.0,84385,715615
1000000,13,894652.0,2000,50.0,105348,894652
2,14,1.0,1,0.05,1,1
3,14,2.0,2,0.05,1,2
100,14,85.0,67,1.69,15,85
200,14,172.0,133,3.34,28,172
2000,14,1757.0,1333,33.35,243,1757
10000,14,8925.0,2000,50.0,1075,8925
20000,14,17813.0,2000,50.0,2187,17813
40000,14,35745.0,2000,50.0,4255,35745
60000,14,53608.0,2000,50.0,6392,53608
80000,14,71490.0,2000,50.0,8510,71490
100000,14,89385.0,2000,50.0,10615,89385
200000,14,178856.0,2000,50.0,21144,178856
400000,14,357933.0,2000,50.0,42067,357933
600000,14,536700.0,2000,50.0,63300,536700
800000,14,715754.0,2000,50.0,84246,715754
1000000,14,894678.0,2000,50.0,105322,894678
2,15,1.0,1,0.05,1,1
3,15,2.0,2,0.05,1,2
100,15,82.0,67,1.69,18,82
200,15,172.0,133,3.34,28,172
2000,15,1749.0,1333,33.35,251,1749
10000,15,8878.0,2012,50.06,1122,8878
20000,15,17829.0,2012,50.06,2171,17829
40000,15,35770.0,2012,50.06,4230,35770
60000,15,53668.0,2012,50.06,6332,53668
80000,15,71587.0,2012,50.06,8413,71587
100000,15,89419.0,2012,50.06,10581,89419
200000,15,178826.0,2012,50.06,21174,178826
400000,15,357820.0,2012,50.06,42180,357820
600000,15,536916.0,2012,50.06,63084,536916
800000,15,716045.0,2012,50.06,83955,716045
1000000,15,895122.0,2012,50.06,104878,895122
2,16,2.0,1,0.05,0,2
3,16,3.0,2,0.05,0,3
100,16,92.0,67,1.69,8,92
200,16,179.0,133,3.34,21,179
2000,16,1755.0,1333,33.35,245,1755
10000,16,8843.0,8103,80.51,1157,8843
20000,16,17758.0,18103,130.51,2242,17758
40000,16,35560.0,38103,230.51,4440,35560
60000,16,53415.0,58103,330.51,6585,53415
80000,16,71212.0,78103,430.51,8788,71212
100000,16,89045.0,98103,530.51,10955,89045
200000,16,178186.0,198103,1030.51,21814,178186
400000,16,355930.0,398103,2030.52,44070,355930
600000,16,533819.0,598103,3030.52,66181,533819
800000,16,711573.0,798103,4030.52,88427,711573
1000000,16,889472.0,998103,5030.52,110528,889472
2,17,2.0,1,0.05,0,2
3,17,3.0,2,0.05,0,3
100,17,87.0,67,1.69,13,87
200,17,171.0,133,3.34,29,171
2000,17,1768.0,1333,33.35,232,1768
10000,17,8846.0,7729,78.64,1154,8846
20000,17,17750.0,17729,128.64,2250,17750
40000,17,35528.0,37729,228.64,4472,35528
60000,17,53361.0,57729,328.64,6639,53361
80000,17,71160.0,77729,428.64,8840,71160
100000,17,88974.0,97729,528.64,11026,88974
200000,17,177869.0,197729,1028.64,22131,177869
400000,17,356046.0,397729,2028.65,43954,356046
600000,17,534205.0,597729,3028.65,65795,534205
800000,17,712073.0,797729,4028.65,87927,712073
1000000,17,890087.0,997729,5028.65,109913,890087
2,18,1.0,1,0.05,1,1
3,18,2.0,2,0.05,1,2
100,18,86.0,67,1.69,14,86
200,18,172.0,133,3.34,28,172
2000,18,1783.0,1333,33.35,217,1783
10000,18,8923.0,2000,50.0,1077,8923
20000,18,17881.0,2000,50.0,2119,17881
40000,18,35734.0,2000,50.0,4266,35734
60000,18,53649.0,2000,50.0,6351,53649
80000,18,71564.0,2000,50.0,8436,71564
100000,18,89546.0,2000,50.0,10454,89546
200000,18,179073.0,2000,50.0,20927,179073
400000,18,358279.0,2000,50.0,41721,358279
600000,18,537227.0,2000,50.0,62773,537227
800000,18,716236.0,2000,50.0,83764,716236
1000000,18,895104.0,2000,50.0,104896,895104
2,19,1.0,1,0.05,1,1
3,19,2.0,2,0.05,1,2
100,19,86.0,67,1.69,14,86
200,19,182.0,133,3.34,18,182
2000,19,1744.0,1333,33.35,256,1744
10000,19,8827.0,9000,85.0,1173,8827
20000,19,17732.0,19000,135.0,2268,17732
40000,19,35543.0,39000,235.0,4457,35543
60000,19,53377.0,59000,335.0,6623,53377
80000,19,71175.0,79000,435.0,8825,71175
100000,19,88990.0,99000,535.0,11010,88990
200000,19,178107.0,199000,1035.0,21893,178107
400000,19,355872.0,399000,2035.0,44128,355872
600000,19,533825.0,599000,3035.0,66175,533825
800000,19,711795.0,799000,4035.0,88205,711795
1000000,19,889710.0,999000,5035.0,110290,889710
2,20,2.0,1,0.05,0,2
3,20,3.0,2,0.05,0,3
100,20,89.0,67,1.69,11,89
200,20,174.0,133,3.34,26,174
2000,20,1798.0,1333,33.35,202,1798
10000,20,8872.0,6231,71.16,1128,8872
20000,20,17725.0,15847,119.23,2275,17725
40000,20,35590.0,35847,219.23,4410,35590
60000,20,53418.0,55847,319.23,6582,53418
80000,20,71211.0,75847,419.23,8789,71211
100000,20,88951.0,95847,519.23,11049,88951
200000,20,178032.0,195847,1019.23,21968,178032
400000,20,356075.0,395847,2019.24,43925,356075
600000,20,534030.0,595847,3019.24,65970,534030
800000,20,712042.0,795847,4019.24,87958,712042
1000000,20,890075.0,995847,5019.24,109925,890075
2,21,2.0,1,0.05,0,2
3,21,3.0,2,0.05,0,3
100,21,84.0,67,1.69,16,84
200,21,168.0,133,3.34,32,168
2000,21,1746.0,1333,33.35,254,1746
10000,21,8852.0,9000,85.0,1148,8852
20000,21,17704.0,19000,135.0,2296,17704
40000,21,35429.0,39000,235.0,4571,35429
60000,21,53290.0,59000,335.0,6710,53290
80000,21,71149.0,79000,435.0,8851,71149
100000,21,88946.0,99000,535.0,11054,88946
200000,21,177835.0,199000,1035.0,22165,177835
400000,21,355624.0,399000,2035.0,44376,355624
600000,21,533585.0,599000,3035.0,66415,533585
800000,21,711649.0,799000,4035.0,88351,711649
1000000,21,889686.0,999000,5035.0,110314,889686
2,22,1.0,1,0.05,1,1
3,22,2.0,2,0.05,1,2
100,22,89.0,67,1.69,11,89
200,22,171.0,133,3.34,29,171
2000,22,1748.0,1333,33.35,252,1748
10000,22,8886.0,9000,85.0,1114,8886
20000,22,17773.0,19000,135.0,2227,17773
40000,22,35634.0,39000,235.0,4366,35634
60000,22,53399.0,59000,335.0,6601,53399
80000,22,71238.0,79000,435.0,8762,71238
100000,22,88996.0,99000,535.0,11004,88996
200000,22,178119.0,199000,1035.0,21881,178119
400000,22,356108.0,399000,2035.0,43892,356108
600000,22,534275.0,599000,3035.0,65725,534275
800000,22,712293.0,799000,4035.0,87707,712293
1000000,22,890338.0,999000,5035.0,109662,890338
2,23,2.0,1,0.05,0,2
3,23,3.0,2,0.05,0,3
100,23,89.0,67,1.69,11,89
200,23,174.0,133,3.34,26,174
2000,23,1740.0,1333,33.35,260,1740
10000,23,8855.0,8344,81.72,1145,8855
20000,23,17764.0,18344,131.72,2236,17764
40000,23,35638.0,38344,231.72,4362,35638
60000,23,53466.0,58344,331.72,6534,53466
80000,23,71292.0,78344,431.72,8708,71292
100000,23,89079.0,98344,531.72,10921,89079
200000,23,178178.0,198344,1031.72,21822,178178
400000,23,356323.0,398344,2031.72,43677,356323
600000,23,534297.0,598344,3031.72,65703,534297
800000,23,712236.0,798344,4031.72,87764,712236
1000000,23,890057.0,998344,5031.72,109943,890057
2,24,2.0,1,0.05,0,2
3,24,3.0,2,0.05,0,3
100,24,89.0,67,1.69,11,89
200,24,177.0,133,3.34,23,177
2000,24,1748.0,1333,33.35,252,1748
10000,24,8885.0,2000,50.0,1115,8885
20000,24,17836.0,2000,50.0,2164,17836
40000,24,35758.0,2000,50.0,4242,35758
60000,24,53657.0,2000,50.0,6343,53657
80000,24,71591.0,2000,50.0,8409,71591
100000,24,89509.0,2000,50.0,10491,89509
200000,24,179067.0,2000,50.0,20933,179067
400000,24,358047.0,2000,50.0,41953,358047
600000,24,537115.0,2000,50.0,62885,537115
800000,24,716098.0,2000,50.0,83902,716098
1000000,24,895085.0,2000,50.0,104915,895085
2,25,2.0,1,0.05,0,2
3,25,3.0,2,0.05,0,3
100,25,91.0,67,1.69,9,91
200,25,179.0,133,3.34,21,179
2000,25,1766.0,1333,33.35,234,1766
10000,25,8881.0,2726,53.63,1119,8881
20000,25,17890.0,2726,53.63,2110,17890
40000,25,35712.0,2726,53.63,4288,35712
60000,25,53548.0,2726,53.63,6452,53548
80000,25,71389.0,2726,53.63,8611,71389
100000,25,89353.0,2726,53.63,10647,89353
200000,25,178973.0,2726,53.63,21027,178973
400000,25,357936.0,2726,53.63,42064,357936
600000,25,536860.0,2726,53.63,63140,536860
800000,25,715990.0,2726,53.63,84010,715990
1000000,25,894857.0,2726,53.63,105143,894857
2,26,2.0,1,0.05,0,2
3,26,3.0,2,0.05,0,3
100,26,89.0,67,1.69,11,89
200,26,177.0,133,3.34,23,177
2000,26,1739.0,1333,33.35,261,1739
10000,26,8877.0,2000,50.0,1123,8877
20000,26,17787.0,2000,50.0,2213,17787
40000,26,35647.0,2000,50.0,4353,35647
60000,26,53599.0,2000,50.0,6401,53599
80000,26,71447.0,2000,50.0,8553,71447
100000,26,89295.0,2000,50.0,10705,89295
200000,26,178817.0,2000,50.0,21183,178817
400000,26,357846.0,2000,50.0,42154,357846
600000,26,536688.0,2000,50.0,63312,536688
800000,26,715582.0,2000,50.0,84418,715582
1000000,26,894642.0,2000,50.0,105358,894642
2,27,1.0,1,0.05,1,1
3,27,2.0,2,0.05,1,2
100,27,81.0,67,1.69,19,81
200,27,168.0,133,3.34,32,168
2000,27,1729.0,1333,33.35,271,1729
10000,27,8825.0,9000,85.0,1175,8825
20000,27,17686.0,19000,135.0,2314,17686
40000,27,35491.0,39000,235.0,4509,35491
60000,27,53216.0,59000,335.0,6784,53216
80000,27,71034.0,79000,435.0,8966,71034
100000,27,88778.0,99000,535.0,11222,88778
200000,27,177849.0,199000,1035.0,22151,177849
400000,27,355920.0,399000,2035.0,44080,355920
600000,27,534067.0,599000,3035.0,65933,534067
800000,27,711964.0,799000,4035.0,88036,711964
1000000,27,889728.0,999000,5035.0,110272,889728
2,28,2.0,1,0.05,0,2
3,28,3.0,2,0.05,0,3
100,28,89.0,67,1.69,11,89
200,28,179.0,133,3.34,21,179
2000,28,1773.0,1333,33.35,227,1773
10000,28,8859.0,5320,66.6,1141,8859
20000,28,17831.0,5320,66.6,2169,17831
40000,28,35744.0,5320,66.6,4256,35744
60000,28,53632.0,5320,66.6,6368,53632
80000,28,71483.0,5320,66.6,8517,71483
100000,28,89388.0,5320,66.6,10612,89388
200000,28,179065.0,5320,66.6,20935,179065
400000,28,358061.0,5320,66.6,41939,358061
600000,28,537072.0,5320,66.6,62928,537072
800000,28,716053.0,5320,66.6,83947,716053
1000000,28,894895.0,5320,66.6,105105,894895
2,29,1.0,1,0.05,1,1
3,29,2.0,2,0.05,1,2
100,29,89.0,67,1.69,11,89
200,29,174.0,133,3.34,26,174
2000,29,1744.0,1333,33.35,256,1744
10000,29,8883.0,9000,85.0,1117,8883
20000,29,17825.0,19000,135.0,2175,17825
40000,29,35623.0,39000,235.0,4377,35623
60000,29,53413.0,59000,335.0,6587,53413
80000,29,71189.0,79000,435.0,8811,71189
100000,29,88997.0,99000,535.0,11003,88997
200000,29,178036.0,199000,1035.0,21964,178036
400000,29,355910.0,399000,2035.0,44090,355910
600000,29,533953.0,599000,3035.0,66047,533953
800000,29,712035.0,799000,4035.0,87965,712035
1000000,29,889928.0,999000,5035.0,110072,889928
2,30,2.0,1,0.05,0,2
3,30,3.0,2,0.05,0,3
100,30,84.0,67,1.69,16,84
200,30,171.0,133,3.34,29,171
2000,30,1771.0,1333,33.35,229,1771
10000,30,8895.0,5678,68.39,1105,8895
20000,30,17828.0,6251,71.26,2172,17828
40000,30,35816.0,6251,71.26,4184,35816
60000,30,53723.0,6251,71.26,6277,53723
80000,30,71612.0,6251,71.26,8388,71612
100000,30,89480.0,6251,71.26,10520,89480
200000,30,178920.0,6251,71.26,21080,178920
400000,30,357717.0,6251,71.26,42283,357717
600000,30,536812.0,6251,71.26,63188,536812
800000,30,715632.0,6251,71.26,84368,715632
1000000,30,894631.0,6251,71.26,105369,894631
2,31,2.0,1,0.05,0,2
3,31,3.0,2,0.05,0,3
100,31,89.0,67,1.69,11,89
200,31,175.0,133,3.34,25,175
2000,31,1734.0,1333,33.35,266,1734
10000,31,8867.0,9000,85.0,1133,8867
20000,31,17761.0,19000,135.0,2239,17761
40000,31,35603.0,39000,235.0,4397,35603
60000,31,53416.0,59000,335.0,6584,53416
80000,31,71214.0,79000,435.0,8786,71214
100000,31,89108.0,99000,535.0,10892,89108
200000,31,178088.0,199000,1035.0,21912,178088
400000,31,356169.0,399000,2035.0,43831,356169
600000,31,534079.0,599000,3035.0,65921,534079
800000,31,712178.0,799000,4035.0,87822,712178
1000000,31,889978.0,999000,5035.0,110022,889978
2,32,1.0,1,0.05,1,1
3,32,2.0,2,0.05,1,2
100,32,87.0,67,1.69,13,87
200,32,172.0,133,3.34,28,172
2000,32,1745.0,1333,33.35,255,1745
10000,32,8919.0,2000,50.0,1081,8919
20000,32,17879.0,2000,50.0,2121,17879
40000,32,35824.0,2000,50.0,4176,35824
60000,32,53707.0,2000,50.0,6293,53707
80000,32,71622.0,2000,50.0,8378,71622
100000,32,89481.0,2000,50.0,10519,89481
200000,32,179076.0,2000,50.0,20924,179076
400000,32,358118.0,2000,50.0,41882,358118
600000,32,537292.0,2000,50.0,62708,537292
800000,32,716398.0,2000,50.0,83602,716398
1000000,32,895525.0,2000,50.0,104475,895525
2,33,2.0,1,0.05,0,2
3,33,3.0,2,0.05,0,3
100,33,91.0,67,1.69,9,91
200,33,178.0,133,3.34,22,178
2000,33,1755.0,1333,33.35,245,1755
10000,33,8879.0,8808,84.04,1121,8879
20000,33,17817.0,18808,134.04,2183,17817
40000,33,35625.0,38808,234.04,4375,35625
60000,33,53438.0,58808,334.04,6562,53438
80000,33,71235.0,78808,434.04,8765,71235
100000,33,88993.0,98808,534.04,11007,88993
200000,33,177948.0,198808,1034.04,22052,177948
400000,33,355834.0,398808,2034.04,44166,355834
600000,33,533677.0,598808,3034.04,66323,533677
800000,33,711658.0,798808,4034.04,88342,711658
1000000,33,889785.0,998808,5034.04,110215,889785
2,34,2.0,1,0.05,0,2
3,34,2.0,2,0.05,1,2
100,34,85.0,67,1.69,15,85
200,34,178.0,133,3.34,22,178
2000,34,1765.0,1333,33.35,235,1765
10000,34,8862.0,7952,79.76,1138,8862
20000,34,17729.0,10788,93.94,2271,17729
40000,34,35508.0,30151,190.75,4492,35508
60000,34,53349.0,50151,290.75,6651,53349
80000,34,71200.0,70151,390.75,8800,71200
100000,34,88982.0,90151,490.75,11018,88982
200000,34,178029.0,190151,990.75,21971,178029
400000,34,356105.0,390151,1990.76,43895,356105
600000,34,533890.0,590151,2990.76,66110,533890
800000,34,711956.0,790151,3990.76,88044,711956
1000000,34,889876.0,990151,4990.76,110124,889876
2,35,2.0,1,0.05,0,2
3,35,3.0,2,0.05,0,3
100,35,90.0,67,1.69,10,90
200,35,174.0,133,3.34,26,174
2000,35,1756.0,1333,33.35,244,1756
10000,35,8918.0,2000,50.0,1082,8918
20000,35,17878.0,2000,50.0,2122,17878
40000,35,35682.0,2000,50.0,4318,35682
60000,35,53659.0,2000,50.0,6341,53659
80000,35,71578.0,2000,50.0,8422,71578
100000,35,89588.0,2000,50.0,10412,89588
200000,35,179073.0,2000,50.0,20927,179073
400000,35,357972.0,2000,50.0,42028,357972
600000,35,537018.0,2000,50.0,62982,537018
800000,35,716010.0,2000,50.0,83990,716010
1000000,35,895138.0,2000,50.0,104862,895138
2,36,1.0,1,0.05,1,1
3,36,2.0,2,0.05,1,2
100,36,88.0,67,1.69,12,88
200,36,177.0,133,3.34,23,177
2000,36,1741.0,1333,33.35,259,1741
10000,36,8825.0,9000,85.0,1175,8825
20000,36,17695.0,19000,135.0,2305,17695
40000,36,35505.0,39000,235.0,4495,35505
60000,36,53306.0,59000,335.0,6694,53306
80000,36,71125.0,79000,435.0,8875,71125
100000,36,88955.0,99000,535.0,11045,88955
200000,36,177822.0,199000,1035.0,22178,177822
400000,36,356018.0,399000,2035.0,43982,356018
600000,36,534224.0,599000,3035.0,65776,534224
800000,36,712338.0,799000,4035.0,87662,712338
1000000,36,890403.0,999000,5035.0,109597,890403
2,37,2.0,1,0.05,0,2
3,37,3.0,2,0.05,0,3
100,37,92.0,67,1.69,8,92
200,37,177.0,133,3.34,23,177
2000,37,1754.0,1333,33.35,246,1754
10000,37,8897.0,2000,50.0,1103,8897
20000,37,17869.0,2000,50.0,2131,17869
40000,37,35805.0,2000,50.0,4195,35805
60000,37,53733.0,2000,50.0,6267,53733
80000,37,71583.0,2000,50.0,8417,71583
100000,37,89543.0,2000,50.0,10457,89543
200000,37,179196.0,2000,50.0,20804,179196
400000,37,358478.0,2000,50.0,41522,358478
600000,37,537208.0,2000,50.0,62792,537208
800000,37,715988.0,2000,50.0,84012,715988
1000000,37,895004.0,2000,50.0,104996,895004
2,38,2.0,1,0.05,0,2
3,38,3.0,2,0.05,0,3
100,38,92.0,67,1.69,8,92
200,38,176.0,133,3.34,24,176
2000,38,1741.0,1333,33.35,259,1741
10000,38,8893.0,2000,50.0,1107,8893
20000,38,17800.0,2000,50.0,2200,17800
40000,38,35709.0,2000,50.0,4291,35709
60000,38,53648.0,2000,50.0,6352,53648
80000,38,71504.0,2000,50.0,8496,71504
100000,38,89382.0,2000,50.0,10618,89382
200000,38,178923.0,2000,50.0,21077,178923
400000,38,357645.0,2000,50.0,42355,357645
600000,38,536422.0,2000,50.0,63578,536422
800000,38,715164.0,2000,50.0,84836,715164
1000000,38,894266.0,2000,50.0,105734,894266
2,39,2.0,1,0.05,0,2
3,39,2.0,2,0.05,1,2
100,39,90.0,67,1.69,10,90
200,39,177.0,133,3.34,23,177
2000,39,1754.0,1333,33.35,246,1754
10000,39,8874.0,2000,50.0,1126,8874
20000,39,17801.0,2000,50.0,2199,17801
40000,39,35691.0,2000,50.0,4309,35691
60000,39,53588.0,2000,50.0,6412,53588
80000,39,71515.0,2000,50.0,8485,71515
100000,39,89445.0,2000,50.0,10555,89445
200000,39,178954.0,2000,50.0,21046,178954
400000,39,358045.0,2000,50.0,41955,358045
600000,39,537096.0,2000,50.0,62904,537096
800000,39,716033.0,2000,50.0,83967,716033
1000000,39,894767.0,2000,50.0,105233,894767
2,40,1.0,1,0.05,1,1
3,40,2.0,2,0.05,1,2
100,40,87.0,67,1.69,13,87
200,40,178.0,133,3.34,22,178
2000,40,1762.0,1333,33.35,238,1762
10000,40,8879.0,8084,80.42,1121,8879
20000,40,17834.0,8959,84.79,2166,17834
40000,40,35774.0,8959,84.79,4226,35774
60000,40,53678.0,8959,84.79,6322,53678
80000,40,71591.0,8959,84.79,8409,71591
100000,40,89500.0,8959,84.79,10500,89500
200000,40,178969.0,8959,84.79,21031,178969
400000,40,357950.0,8959,84.79,42050,357950
600000,40,536786.0,8959,84.79,63214,536786
800000,40,716014.0,8959,84.79,83986,716014
1000000,40,894909.0,8959,84.79,105091,894909
2,41,1.0,1,0.05,1,1
3,41,2.0,2,0.05,1,2
100,41,85.0,67,1.69,15,85
200,41,172.0,133,3.34,28,172
2000,41,1754.0,1333,33.35,246,1754
10000,41,8921.0,2119,50.6,1079,8921
20000,41,17853.0,2119,50.6,2147,17853
40000,41,35693.0,2119,50.6,4307,35693
60000,41,53456.0,2119,50.6,6544,53456
80000,41,71377.0,2119,50.6,8623,71377
100000,41,89186.0,2119,50.6,10814,89186
200000,41,178719.0,2119,50.6,21281,178719
400000,41,357741.0,2119,50.6,42259,357741
600000,41,536988.0,2119,50.6,63012,536988
800000,41,716112.0,2119,50.6,83888,716112
1000000,41,895169.0,2119,50.6,104831,895169
2,42,2.0,1,0.05,0,2
3,42,3.0,2,0.05,0,3
100,42,84.0,67,1.69,16,84
200,42,167.0,133,3.34,33,167
2000,42,1763.0,1333,33.35,237,1763
10000,42,8908.0,2092,50.46,1092,8908
20000,42,17846.0,2092,50.46,2154,17846
40000,42,35760.0,2092,50.46,4240,35760
60000,42,53629.0,2092,50.46,6371,53629
80000,42,71479.0,2092,50.46,8521,71479
100000,42,89377.0,2092,50.46,10623,89377
200000,42,178922.0,2092,50.46,21078,178922
400000,42,358035.0,2092,50.46,41965,358035
600000,42,537009.0,2092,50.46,62991,537009
800000,42,716114.0,2092,50.46,83886,716114
1000000,42,894954.0,2092,50.46,105046,894954
2,43,2.0,1,0.05,0,2
3,43,3.0,2,0.05,0,3
100,43,83.0,67,1.69,17,83
200,43,175.0,133,3.34,25,175
2000,43,1762.0,1333,33.35,238,1762
10000,43,8875.0,2038,50.19,1125,8875
20000,43,17811.0,2038,50.19,2189,17811
40000,43,35700.0,2038,50.19,4300,35700
60000,43,53582.0,2038,50.19,6418,53582
80000,43,71461.0,2038,50.19,8539,71461
100000,43,89396.0,2038,50.19,10604,89396
200000,43,178874.0,2038,50.19,21126,178874
400000,43,357822.0,2038,50.19,42178,357822
600000,43,536895.0,2038,50.19,63105,536895
800000,43,715607.0,2038,50.19,84393,715607
1000000,43,894790.0,2038,50.19,105210,894790
2,44,2.0,1,0.05,0,2
3,44,3.0,2,0.05,0,3
100,44,87.0,67,1.69,13,87
200,44,170.0,133,3.34,30,170
2000,44,1734.0,1333,33.35,266,1734
10000,44,8876.0,2000,50.0,1124,8876
20000,44,17793.0,2000,50.0,2207,17793
40000,44,35723.0,2000,50.0,4277,35723
60000,44,53573.0,2000,50.0,6427,53573
80000,44,71517.0,2000,50.0,8483,71517
100000,44,89445.0,2000,50.0,10555,89445
200000,44,179003.0,2000,50.0,20997,179003
400000,44,357968.0,2000,50.0,42032,357968
600000,44,537028.0,2000,50.0,62972,537028
800000,44,716103.0,2000,50.0,83897,716103
1000000,44,895124.0,2000,50.0,104876,895124
2,45,2.0,1,0.05,0,2
3,45,3.0,2,0.05,0,3
100,45,91.0,67,1.69,9,91
200,45,180.0,133,3.34,20,180
2000,45,1763.0,1333,33.35,237,1763
10000,45,8926.0,2177,50.89,1074,8926
20000,45,17924.0,2177,50.89,2076,17924
40000,45,35757.0,2177,50.89,4243,35757
60000,45,53644.0,2177,50.89,6356,53644
80000,45,71573.0,2177,50.89,8427,71573
100000,45,89511.0,2177,50.89,10489,89511
200000,45,178867.0,2177,50.89,21133,178867
400000,45,358014.0,2177,50.89,41986,358014
600000,45,536910.0,2177,50.89,63090,536910
800000,45,716049.0,2177,50.89,83951,716049
1000000,45,895238.0,2177,50.89,104762,895238
2,46,2.0,1,0.05,0,2
3,46,2.0,2,0.05,1,2
100,46,92.0,67,1.69,8,92
200,46,178.0,133,3.34,22,178
2000,46,1759.0,1333,33.35,241,1759
10000,46,8890.0,9000,85.0,1110,8890
20000,46,17772.0,19000,135.0,2228,17772
40000,46,35611.0,39000,235.0,4389,35611
60000,46,53377.0,59000,335.0,6623,53377
80000,46,71156.0,79000,435.0,8844,71156
100000,46,88913.0,99000,535.0,11087,88913
200000,46,177853.0,199000,1035.0,22147,177853
400000,46,355894.0,399000,2035.0,44106,355894
600000,46,534097.0,599000,3035.0,65903,534097
800000,46,711926.0,799000,4035.0,88074,711926
1000000,46,890058.0,999000,5035.0,109942,890058
2,47,2.0,1,0.05,0,2
3,47,3.0,2,0.05,0,3
100,47,93.0,67,1.69,7,93
200,47,184.0,133,3.34,16,184
2000,47,1778.0,1333,33.35,222,1778
10000,47,8852.0,5616,68.08,1148,8852
20000,47,17776.0,15616,118.08,2224,17776
40000,47,35632.0,35616,218.08,4368,35632
60000,47,53426.0,55616,318.08,6574,53426
80000,47,71221.0,75616,418.08,8779,71221
100000,47,89070.0,95616,518.08,10930,89070
200000,47,178162.0,195616,1018.08,21838,178162
400000,47,356203.0,395616,2018.08,43797,356203
600000,47,534118.0,595616,3018.08,65882,534118
800000,47,712152.0,795616,4018.08,87848,712152
1000000,47,890274.0,995616,5018.08,109726,890274
2,48,2.0,1,0.05,0,2
3,48,3.0,2,0.05,0,3
100,48,91.0,67,1.69,9,91
200,48,179.0,133,3.34,21,179
2000,48,1754.0,1333,33.35,246,1754
10000,48,8917.0,2000,50.0,1083,8917
20000,48,17903.0,2000,50.0,2097,17903
40000,48,35774.0,2000,50.0,4226,35774
60000,48,53661.0,2000,50.0,6339,53661
80000,48,71565.0,2000,50.0,8435,71565
100000,48,89481.0,2000,50.0,10519,89481
200000,48,179131.0,2000,50.0,20869,179131
400000,48,358061.0,2000,50.0,41939,358061
600000,48,537072.0,2000,50.0,62928,537072
800000,48,715904.0,2000,50.0,84096,715904
1000000,48,895015.0,2000,50.0,104985,895015
2,49,2.0,1,0.05,0,2
3,49,3.0,2,0.05,0,3
100,49,90.0,67,1.69,10,90
200,49,179.0,133,3.34,21,179
2000,49,1758.0,1333,33.35,242,1758
10000,49,8880.0,5534,67.67,1120,8880
20000,49,17809.0,15534,117.67,2191,17809
40000,49,35549.0,35534,217.67,4451,35549
60000,49,53371.0,55534,317.67,6629,53371
80000,49,71086.0,75534,417.67,8914,71086
100000,49,88895.0,95534,517.67,11105,88895
200000,49,177983.0,195534,1017.67,22017,177983
400000,49,355985.0,395534,2017.67,44015,355985
600000,49,533816.0,595534,3017.67,66184,533816
800000,49,711550.0,795534,4017.67,88450,711550
1000000,49,889518.0,995534,5017.67,110482,889518
2,50,2.0,1,0.05,0,2
3,50,3.0,2,0.05,0,3
100,50,88.0,67,1.69,12,88
200,50,173.0,133,3.34,27,173
2000,50,1749.0,1333,33.35,251,1749
10000,50,8886.0,2112,50.56,1114,8886
20000,50,17828.0,2112,50.56,2172,17828
40000,50,35693.0,2112,50.56,4307,35693
60000,50,53586.0,2112,50.56,6414,53586
80000,50,71458.0,2112,50.56,8542,71458
100000,50,89401.0,2112,50.56,10599,89401
200000,50,178797.0,2112,50.56,21203,178797
400000,50,357560.0,2112,50.56,42440,357560
600000,50,536627.0,2112,50.56,63373,536627
800000,50,715658.0,2112,50.56,84342,715658
1000000,50,894702.0,2112,50.56,105298,894702
2,51,2.0,1,0.05,0,2
3,51,3.0,2,0.05,0,3
100,51,90.0,67,1.69,10,90
200,51,176.0,133,3.34,24,176
2000,51,1751.0,1333,33.35,249,1751
10000,51,8888.0,2186,50.93,1112,8888
20000,51,17897.0,2186,50.93,2103,17897
40000,51,35795.0,2186,50.93,4205,35795
60000,51,53786.0,2186,50.93,6214,53786
80000,51,71684.0,2186,50.93,8316,71684
100000,51,89537.0,2186,50.93,10463,89537
200000,51,179047.0,2186,50.93,20953,179047
400000,51,358041.0,2186,50.93,41959,358041
600000,51,537004.0,2186,50.93,62996,537004
800000,51,715930.0,2186,50.93,84070,715930
1000000,51,894844.0,2186,50.93,105156,894844
2,52,0.0,1,0.05,2,0
3,52,1.0,2,0.05,2,1
100,52,88.0,67,1.69,12,88
200,52,179.0,133,3.34,21,179
2000,52,1750.0,1333,33.35,250,1750
10000,52,8912.0,2000,50.0,1088,8912
20000,52,17906.0,2000,50.0,2094,17906
40000,52,35826.0,2000,50.0,4174,35826
60000,52,53714.0,2000,50.0,6286,53714
80000,52,71619.0,2000,50.0,8381,71619
100000,52,89429.0,2000,50.0,10571,89429
200000,52,178934.0,2000,50.0,21066,178934
400000,52,357778.0,2000,50.0,42222,357778
600000,52,536796.0,2000,50.0,63204,536796
800000,52,715930.0,2000,50.0,84070,715930
1000000,52,894824.0,2000,50.0,105176,894824
2,53,1.0,1,0.05,1,1
3,53,2.0,2,0.05,1,2
100,53,86.0,67,1.69,14,86
200,53,172.0,133,3.34,28,172
2000,53,1767.0,1333,33.35,233,1767
10000,53,8909.0,2291,51.46,1091,8909
20000,53,17864.0,2291,51.46,2136,17864
40000,53,35713.0,2291,51.46,4287,35713
60000,53,53661.0,2291,51.46,6339,53661
80000,53,71556.0,2291,51.46,8444,71556
100000,53,89441.0,2291,51.46,10559,89441
200000,53,178877.0,2291,51.46,21123,178877
400000,53,357709.0,2291,51.46,42291,357709
600000,53,536672.0,2291,51.46,63328,536672
800000,53,715831.0,2291,51.46,84169,715831
1000000,53,895062.0,2291,51.46,104938,895062
2,54,2.0,1,0.05,0,2
3,54,3.0,2,0.05,0,3
100,54,96.0,67,1.69,4,96
200,54,185.0,133,3.34,15,185
2000,54,1755.0,1333,33.35,245,1755
10000,54,8872.0,9000,85.0,1128,8872
20000,54,17774.0,19000,135.0,2226,17774
40000,54,35568.0,39000,235.0,4432,35568
60000,54,53357.0,59000,335.0,6643,53357
80000,54,71213.0,79000,435.0,8787,71213
100000,54,89012.0,99000,535.0,10988,89012
200000,54,178079.0,199000,1035.0,21921,178079
400000,54,356093.0,399000,2035.0,43907,356093
600000,54,533902.0,599000,3035.0,66098,533902
800000,54,711615.0,799000,4035.0,88385,711615
1000000,54,889590.0,999000,5035.0,110410,889590
2,55,2.0,1,0.05,0,2
3,55,3.0,2,0.05,0,3
100,55,88.0,67,1.69,12,88
200,55,174.0,133,3.34,26,174
2000,55,1751.0,1333,33.35,249,1751
10000,55,8907.0,2000,50.0,1093,8907
20000,55,17883.0,2000,50.0,2117,17883
40000,55,35793.0,2000,50.0,4207,35793
60000,55,53837.0,2000,50.0,6163,53837
80000,55,71740.0,2000,50.0,8260,71740
100000,55,89619.0,2000,50.0,10381,89619
200000,55,179170.0,2000,50.0,20830,179170
400000,55,358284.0,2000,50.0,41716,358284
600000,55,537370.0,2000,50.0,62630,537370
800000,55,716117.0,2000,50.0,83883,716117
1000000,55,895057.0,2000,50.0,104943,895057
2,56,1.0,1,0.05,1,1
3,56,2.0,2,0.05,1,2
100,56,84.0,67,1.69,16,84
200,56,171.0,133,3.34,29,171
2000,56,1734.0,1333,33.35,266,1734
10000,56,8813.0,2000,50.0,1187,8813
20000,56,17784.0,2000,50.0,2216,17784
40000,56,35641.0,2000,50.0,4359,35641
60000,56,53568.0,2000,50.0,6432,53568
80000,56,71374.0,2000,50.0,8626,71374
100000,56,89299.0,2000,50.0,10701,89299
200000,56,178771.0,2000,50.0,21229,178771
400000,56,357855.0,2000,50.0,42145,357855
600000,56,537028.0,2000,50.0,62972,537028
800000,56,716023.0,2000,50.0,83977,716023
1000000,56,895102.0,2000,50.0,104898,895102
2,57,1.0,1,0.05,1,1
3,57,1.0,2,0.05,2,1
100,57,91.0,67,1.69,9,91
200,57,180.0,133,3.34,20,180
2000,57,1764.0,1333,33.35,236,1764
10000,57,8910.0,8772,83.86,1090,8910
20000,57,17862.0,18772,133.86,2138,17862
40000,57,35670.0,38656,233.28,4330,35670
60000,57,53452.0,58527,332.63,6548,53452
80000,57,71205.0,78500,432.5,8795,71205
100000,57,88907.0,98493,532.46,11093,88907
200000,57,178008.0,198455,1032.27,21992,178008
400000,57,356370.0,398455,2032.28,43630,356370
600000,57,534439.0,598455,3032.28,65561,534439
800000,57,712398.0,798455,4032.28,87602,712398
1000000,57,890694.0,998455,5032.28,109306,890694
2,58,2.0,1,0.05,0,2
3,58,3.0,2,0.05,0,3
100,58,91.0,67,1.69,9,91
200,58,178.0,133,3.34,22,178
2000,58,1765.0,1333,33.35,235,1765
10000,58,8870.0,3575,57.88,1130,8870
20000,58,17829.0,3575,57.88,2171,17829
40000,58,35666.0,3575,57.88,4334,35666
60000,58,53617.0,3575,57.88,6383,53617
80000,58,71593.0,3575,57.88,8407,71593
100000,58,89504.0,3575,57.88,10496,89504
200000,58,179040.0,3575,57.88,20960,179040
400000,58,358278.0,3575,57.88,41722,358278
600000,58,537250.0,3575,57.88,62750,537250
800000,58,716493.0,3575,57.88,83507,716493
1000000,58,895583.0,3575,57.88,104417,895583
2,59,2.0,1,0.05,0,2
3,59,3.0,2,0.05,0,3
100,59,88.0,67,1.69,12,88
200,59,174.0,133,3.34,26,174
2000,59,1765.0,1333,33.35,235,1765
10000,59,8842.0,2000,50.0,1158,8842
20000,59,17791.0,2000,50.0,2209,17791
40000,59,35604.0,2000,50.0,4396,35604
60000,59,53533.0,2000,50.0,6467,53533
80000,59,71495.0,2000,50.0,8505,71495
100000,59,89301.0,2000,50.0,10699,89301
200000,59,178656.0,2000,50.0,21344,178656
400000,59,357708.0,2000,50.0,42292,357708
600000,59,536489.0,2000,50.0,63511,536489
800000,59,715598.0,2000,50.0,84402,715598
1000000,59,894463.0,2000,50.0,105537,894463
2,60,2.0,1,0.05,0,2
3,60,2.0,2,0.05,1,2
100,60,85.0,67,1.69,15,85
200,60,169.0,133,3.34,31,169
2000,60,1736.0,1333,33.35,264,1736
10000,60,8860.0,2000,50.0,1140,8860
20000,60,17851.0,2000,50.0,2149,17851
40000,60,35796.0,2000,50.0,4204,35796
60000,60,53646.0,2000,50.0,6354,53646
80000,60,71553.0,2000,50.0,8447,71553
100000,60,89451.0,2000,50.0,10549,89451
200000,60,178937.0,2000,50.0,21063,178937
400000,60,357941.0,2000,50.0,42059,357941
600000,60,536798.0,2000,50.0,63202,536798
800000,60,715655.0,2000,50.0,84345,715655
1000000,60,894598.0,2000,50.0,105402,894598
2,61,1.0,1,0.05,1,1
3,61,2.0,2,0.05,1,2
100,61,86.0,67,1.69,14,86
200,61,172.0,133,3.34,28,172
2000,61,1757.0,1333,33.35,243,1757
10000,61,8902.0,2000,50.0,1098,8902
20000,61,17872.0,2000,50.0,2128,17872
40000,61,35785.0,2000,50.0,4215,35785
60000,61,53692.0,2000,50.0,6308,53692
80000,61,71589.0,2000,50.0,8411,71589
100000,61,89484.0,2000,50.0,10516,89484
200000,61,178778.0,2000,50.0,21222,178778
400000,61,357566.0,2000,50.0,42434,357566
600000,61,536713.0,2000,50.0,63287,536713
800000,61,715763.0,2000,50.0,84237,715763
1000000,61,894810.0,2000,50.0,105190,894810
2,62,2.0,1,0.05,0,2
3,62,3.0,2,0.05,0,3
100,62,86.0,67,1.69,14,86
200,62,177.0,133,3.34,23,177
2000,62,1757.0,1333,33.35,243,1757
10000,62,8876.0,2000,50.0,1124,8876
20000,62,17829.0,2000,50.0,2171,17829
40000,62,35735.0,2000,50.0,4265,35735
60000,62,53588.0,2000,50.0,6412,53588
80000,62,71546.0,2000,50.0,8454,71546
100000,62,89435.0,2000,50.0,10565,89435
200000,62,178826.0,2000,50.0,21174,178826
400000,62,357550.0,2000,50.0,42450,357550
600000,62,536571.0,2000,50.0,63429,536571
800000,62,715604.0,2000,50.0,84396,715604
1000000,62,894575.0,2000,50.0,105425,894575
2,63,2.0,1,0.05,0,2
3,63,3.0,2,0.05,0,3
100,63,89.0,67,1.69,11,89
200,63,177.0,133,3.34,23,177
2000,63,1755.0,1333,33.35,245,1755
10000,63,8881.0,2074,50.37,1119,8881
20000,63,17827.0,2074,50.37,2173,17827
40000,63,35710.0,2074,50.37,4290,35710
60000,63,53538.0,2074,50.37,6462,53538
80000,63,71482.0,2074,50.37,8518,71482
100000,63,89415.0,2074,50.37,10585,89415
200000,63,178924.0,2074,50.37,21076,178924
400000,63,358014.0,2074,50.37,41986,358014
600000,63,537078.0,2074,50.37,62922,537078
800000,63,715953.0,2074,50.37,84047,715953
1000000,63,895176.0,2074,50.37,104824,895176
2,64,2.0,1,0.05,0,2
3,64,3.0,2,0.05,0,3
100,64,88.0,67,1.69,12,88
200,64,172.0,133,3.34,28,172
2000,64,1764.0,1333,33.35,236,1764
10000,64,8883.0,2242,51.21,1117,8883
20000,64,17848.0,2242,51.21,2152,17848
40000,64,35722.0,2242,51.21,4278,35722
60000,64,53703.0,2242,51.21,6297,53703
80000,64,71665.0,2242,51.21,8335,71665
100000,64,89518.0,2242,51.21,10482,89518
200000,64,179223.0,2242,51.21,20777,179223
400000,64,358107.0,2242,51.21,41893,358107
600000,64,537060.0,2242,51.21,62940,537060
800000,64,715967.0,2242,51.21,84033,715967
1000000,64,894919.0,2242,51.21,105081,894919
2,65,2.0,1,0.05,0,2
3,65,3.0,2,0.05,0,3
100,65,86.0,67,1.69,14,86
200,65,171.0,133,3.34,29,171
2000,65,1760.0,1333,33.35,240,1760
10000,65,8897.0,2000,50.0,1103,8897
20000,65,17843.0,2000,50.0,2157,17843
40000,65,35707.0,2000,50.0,4293,35707
60000,65,53574.0,2000,50.0,6426,53574
80000,65,71511.0,2000,50.0,8489,71511
100000,65,89463.0,2000,50.0,10537,89463
200000,65,178923.0,2000,50.0,21077,178923
400000,65,357958.0,2000,50.0,42042,357958
600000,65,536993.0,2000,50.0,63007,536993
800000,65,716285.0,2000,50.0,83715,716285
1000000,65,895396.0,2000,50.0,104604,895396
2,66,2.0,1,0.05,0,2
3,66,3.0,2,0.05,0,3
100,66,90.0,67,1.69,10,90
200,66,178.0,133,3.34,22,178
2000,66,1741.0,1333,33.35,259,1741
10000,66,8870.0,2000,50.0,1130,8870
20000,66,17778.0,2000,50.0,2222,17778
40000,66,35698.0,2000,50.0,4302,35698
60000,66,53567.0,2000,50.0,6433,53567
80000,66,71429.0,2000,50.0,8571,71429
100000,66,89281.0,2000,50.0,10719,89281
200000,66,178694.0,2000,50.0,21306,178694
400000,66,357911.0,2000,50.0,42089,357911
600000,66,536995.0,2000,50.0,63005,536995
800000,66,715919.0,2000,50.0,84081,715919
1000000,66,895067.0,2000,50.0,104933,895067
2,67,1.0,1,0.05,1,1
3,67,2.0,2,0.05,1,2
100,67,90.0,67,1.69,10,90
200,67,179.0,133,3.34,21,179
2000,67,1749.0,1333,33.35,251,1749
10000,67,8951.0,2000,50.0,1049,8951
20000,67,17897.0,2000,50.0,2103,17897
40000,67,35789.0,2000,50.0,4211,35789
60000,67,53713.0,2000,50.0,6287,53713
80000,67,71691.0,2000,50.0,8309,71691
100000,67,89603.0,2000,50.0,10397,89603
200000,67,179097.0,2000,50.0,20903,179097
400000,67,357984.0,2000,50.0,42016,357984
600000,67,536849.0,2000,50.0,63151,536849
800000,67,716014.0,2000,50.0,83986,716014
1000000,67,894984.0,2000,50.0,105016,894984
2,68,2.0,1,0.05,0,2
3,68,2.0,2,0.05,1,2
100,68,92.0,67,1.69,8,92
200,68,179.0,133,3.34,21,179
2000,68,1760.0,1333,33.35,240,1760
10000,68,8874.0,2000,50.0,1126,8874
20000,68,17837.0,2000,50.0,2163,17837
40000,68,35710.0,2000,50.0,4290,35710
60000,68,53575.0,2000,50.0,6425,53575
80000,68,71490.0,2000,50.0,8510,71490
100000,68,89373.0,2000,50.0,10627,89373
200000,68,178823.0,2000,50.0,21177,178823
400000,68,357744.0,2000,50.0,42256,357744
600000,68,536764.0,2000,50.0,63236,536764
800000,68,715693.0,2000,50.0,84307,715693
1000000,68,894612.0,2000,50.0,105388,894612
2,69,2.0,1,0.05,0,2
3,69,2.0,2,0.05,1,2
100,69,88.0,67,1.69,12,88
200,69,176.0,133,3.34,24,176
2000,69,1773.0,1333,33.35,227,1773
10000,69,8893.0,3990,59.95,1107,8893
20000,69,17878.0,3990,59.95,2122,17878
40000,69,35780.0,3990,59.95,4220,35780
60000,69,53727.0,3990,59.95,6273,53727
80000,69,71565.0,3990,59.95,8435,71565
100000,69,89395.0,3990,59.95,10605,89395
200000,69,178872.0,3990,59.95,21128,178872
400000,69,357976.0,3990,59.95,42024,357976
600000,69,537106.0,3990,59.95,62894,537106
800000,69,716088.0,3990,59.95,83912,716088
1000000,69,895164.0,3990,59.95,104836,895164
2,70,2.0,1,0.05,0,2
3,70,2.0,2,0.05,1,2
100,70,86.0,67,1.69,14,86
200,70,172.0,133,3.34,28,172
2000,70,1737.0,1333,33.35,263,1737
10000,70,8839.0,8811,84.05,1161,8839
20000,70,17764.0,18811,134.05,2236,17764
40000,70,35608.0,38811,234.05,4392,35608
60000,70,53385.0,58811,334.05,6615,53385
80000,70,71185.0,78811,434.05,8815,71185
100000,70,89047.0,98811,534.05,10953,89047
200000,70,178059.0,198811,1034.05,21941,178059
400000,70,355963.0,398811,2034.06,44037,355963
600000,70,533896.0,598811,3034.06,66104,533896
800000,70,712133.0,798811,4034.06,87867,712133
1000000,70,890055.0,998811,5034.06,109945,890055
2,71,2.0,1,0.05,0,2
3,71,3.0,2,0.05,0,3
100,71,83.0,67,1.69,17,83
200,71,174.0,133,3.34,26,174
2000,71,1770.0,1333,33.35,230,1770
10000,71,8888.0,2260,51.3,1112,8888
20000,71,17851.0,2270,51.35,2149,17851
40000,71,35742.0,2270,51.35,4258,35742
60000,71,53643.0,2270,51.35,6357,53643
80000,71,71522.0,2270,51.35,8478,71522
100000,71,89477.0,2270,51.35,10523,89477
200000,71,179110.0,2270,51.35,20890,179110
400000,71,358117.0,2270,51.35,41883,358117
600000,71,537012.0,2270,51.35,62988,537012
800000,71,715979.0,2270,51.35,84021,715979
1000000,71,894813.0,2270,51.35,105187,894813
2,72,2.0,1,0.05,0,2
3,72,3.0,2,0.05,0,3
100,72,81.0,67,1.69,19,81
200,72,171.0,133,3.34,29,171
2000,72,1753.0,1333,33.35,247,1753
10000,72,8863.0,2358,51.79,1137,8863
20000,72,17786.0,2358,51.79,2214,17786
40000,72,35701.0,2358,51.79,4299,35701
60000,72,53601.0,2358,51.79,6399,53601
80000,72,71457.0,2358,51.79,8543,71457
100000,72,89402.0,2358,51.79,10598,89402
200000,72,178817.0,2358,51.79,21183,178817
400000,72,357512.0,2358,51.79,42488,357512
600000,72,536236.0,2358,51.79,63764,536236
800000,72,715051.0,2358,51.79,84949,715051
1000000,72,894293.0,2358,51.79,105707,894293
2,73,2.0,1,0.05,0,2
3,73,3.0,2,0.05,0,3
100,73,87.0,67,1.69,13,87
200,73,174.0,133,3.34,26,174
2000,73,1759.0,1333,33.35,241,1759
10000,73,8877.0,2000,50.0,1123,8877
20000,73,17810.0,2000,50.0,2190,17810
40000,73,35691.0,2000,50.0,4309,35691
60000,73,53558.0,2000,50.0,6442,53558
80000,73,71472.0,2000,50.0,8528,71472
100000,73,89313.0,2000,50.0,10687,89313
200000,73,178906.0,2000,50.0,21094,178906
400000,73,357807.0,2000,50.0,42193,357807
600000,73,536584.0,2000,50.0,63416,536584
800000,73,715526.0,2000,50.0,84474,715526
1000000,73,894486.0,2000,50.0,105514,894486
2,74,1.0,1,0.05,1,1
3,74,2.0,2,0.05,1,2
100,74,85.0,67,1.69,15,85
200,74,168.0,133,3.34,32,168
2000,74,1739.0,1333,33.35,261,1739
10000,74,8862.0,2000,50.0,1138,8862
20000,74,17806.0,2000,50.0,2194,17806
40000,74,35709.0,2000,50.0,4291,35709
60000,74,53529.0,2000,50.0,6471,53529
80000,74,71439.0,2000,50.0,8561,71439
100000,74,89332.0,2000,50.0,10668,89332
200000,74,178897.0,2000,50.0,21103,178897
400000,74,357937.0,2000,50.0,42063,357937
600000,74,536953.0,2000,50.0,63047,536953
800000,74,715764.0,2000,50.0,84236,715764
1000000,74,894554.0,2000,50.0,105446,894554
2,75,2.0,1,0.05,0,2
3,75,3.0,2,0.05,0,3
100,75,89.0,67,1.69,11,89
200,75,174.0,133,3.34,26,174
2000,75,1751.0,1333,33.35,249,1751
10000,75,8928.0,2000,50.0,1072,8928
20000,75,17901.0,2000,50.0,2099,17901
40000,75,35777.0,2000,50.0,4223,35777
60000,75,53680.0,2000,50.0,6320,53680
80000,75,71578.0,2000,50.0,8422,71578
100000,75,89475.0,2000,50.0,10525,89475
200000,75,179031.0,2000,50.0,20969,179031
400000,75,358248.0,2000,50.0,41752,358248
600000,75,537059.0,2000,50.0,62941,537059
800000,75,715921.0,2000,50.0,84079,715921
1000000,75,894909.0,2000,50.0,105091,894909
2,76,2.0,1,0.05,0,2
3,76,3.0,2,0.05,0,3
100,76,85.0,67,1.69,15,85
200,76,174.0,133,3.34,26,174
2000,76,1769.0,1333,33.35,231,1769
10000,76,8902.0,2000,50.0,1098,8902
20000,76,17843.0,2000,50.0,2157,17843
40000,76,35742.0,2000,50.0,4258,35742
60000,76,53625.0,2000,50.0,6375,53625
80000,76,71536.0,2000,50.0,8464,71536
100000,76,89444.0,2000,50.0,10556,89444
200000,76,178856.0,2000,50.0,21144,178856
400000,76,357518.0,2000,50.0,42482,357518
600000,76,536572.0,2000,50.0,63428,536572
800000,76,715781.0,2000,50.0,84219,715781
1000000,76,894798.0,2000,50.0,105202,894798
2,77,2.0,1,0.05,0,2
3,77,3.0,2,0.05,0,3
100,77,91.0,67,1.69,9,91
200,77,181.0,133,3.34,19,181
2000,77,1766.0,1333,33.35,234,1766
10000,77,8866.0,8956,84.78,1134,8866
20000,77,17763.0,12673,103.36,2237,17763
40000,77,35675.0,12673,103.36,4325,35675
60000,77,53607.0,12673,103.36,6393,53607
80000,77,71468.0,12673,103.36,8532,71468
100000,77,89473.0,12673,103.36,10527,89473
200000,77,178914.0,12673,103.36,21086,178914
400000,77,358226.0,12673,103.36,41774,358226
600000,77,537256.0,12673,103.36,62744,537256
800000,77,716384.0,12673,103.36,83616,716384
1000000,77,895539.0,12673,103.36,104461,895539
2,78,2.0,1,0.05,0,2
3,78,3.0,2,0.05,0,3
100,78,91.0,67,1.69,9,91
200,78,180.0,133,3.34,20,180
2000,78,1750.0,1333,33.35,250,1750
10000,78,8865.0,9000,85.0,1135,8865
20000,78,17716.0,19000,135.0,2284,17716
40000,78,35572.0,39000,235.0,4428,35572
60000,78,53319.0,59000,335.0,6681,53319
80000,78,71031.0,79000,435.0,8969,71031
100000,78,88755.0,99000,535.0,11245,88755
200000,78,177751.0,199000,1035.0,22249,177751
400000,78,355908.0,399000,2035.0,44092,355908
600000,78,534152.0,599000,3035.0,65848,534152
800000,78,712135.0,799000,4035.0,87865,712135
1000000,78,890216.0,999000,5035.0,109784,890216
2,79,1.0,1,0.05,1,1
3,79,2.0,2,0.05,1,2
100,79,81.0,67,1.69,19,81
200,79,171.0,133,3.34,29,171
2000,79,1762.0,1333,33.35,238,1762
10000,79,8897.0,3001,55.01,1103,8897
20000,79,17820.0,3001,55.01,2180,17820
40000,79,35654.0,3001,55.01,4346,35654
60000,79,53520.0,3001,55.01,6480,53520
80000,79,71401.0,3001,55.01,8599,71401
100000,79,89259.0,3001,55.01,10741,89259
200000,79,178775.0,3001,55.01,21225,178775
400000,79,357725.0,3001,55.01,42275,357725
600000,79,536298.0,3001,55.01,63702,536298
800000,79,715205.0,3001,55.01,84795,715205
1000000,79,894353.0,3001,55.01,105647,894353
2,80,2.0,1,0.05,0,2
3,80,3.0,2,0.05,0,3
100,80,88.0,67,1.69,12,88
200,80,173.0,133,3.34,27,173
2000,80,1723.0,1333,33.35,277,1723
10000,80,8820.0,8975,84.87,1180,8820
20000,80,17711.0,18975,134.87,2289,17711
40000,80,35456.0,38975,234.87,4544,35456
60000,80,53229.0,58975,334.87,6771,53229
80000,80,71070.0,78975,434.87,8930,71070
100000,80,88857.0,98975,534.87,11143,88857
200000,80,177875.0,198975,1034.87,22125,177875
400000,80,355871.0,398975,2034.88,44129,355871
600000,80,533801.0,598975,3034.88,66199,533801
800000,80,711764.0,798975,4034.88,88236,711764
1000000,80,889741.0,998975,5034.88,110259,889741
2,81,2.0,1,0.05,0,2
3,81,3.0,2,0.05,0,3
100,81,89.0,67,1.69,11,89
200,81,179.0,133,3.34,21,179
2000,81,1758.0,1333,33.35,242,1758
10000,81,8864.0,8561,82.8,1136,8864
20000,81,17755.0,18561,132.8,2245,17755
40000,81,35539.0,38561,232.8,4461,35539
60000,81,53312.0,58561,332.8,6688,53312
80000,81,71042.0,78561,432.8,8958,71042
100000,81,88820.0,98561,532.8,11180,88820
200000,81,177863.0,198561,1032.8,22137,177863
400000,81,355824.0,398561,2032.81,44176,355824
600000,81,533868.0,598561,3032.81,66132,533868
800000,81,711909.0,798561,4032.81,88091,711909
1000000,81,890007.0,998561,5032.81,109993,890007
2,82,2.0,1,0.05,0,2
3,82,3.0,2,0.05,0,3
100,82,93.0,67,1.69,7,93
200,82,177.0,133,3.34,23,177
2000,82,1774.0,1333,33.35,226,1774
10000,82,8930.0,2000,50.0,1070,8930
20000,82,17784.0,2000,50.0,2216,17784
40000,82,35718.0,2000,50.0,4282,35718
60000,82,53648.0,2000,50.0,6352,53648
80000,82,71539.0,2000,50.0,8461,71539
100000,82,89358.0,2000,50.0,10642,89358
200000,82,178624.0,2000,50.0,21376,178624
400000,82,357753.0,2000,50.0,42247,357753
600000,82,536583.0,2000,50.0,63417,536583
800000,82,715560.0,2000,50.0,84440,715560
1000000,82,894419.0,2000,50.0,105581,894419
2,83,2.0,1,0.05,0,2
3,83,3.0,2,0.05,0,3
100,83,90.0,67,1.69,10,90
200,83,177.0,133,3.34,23,177
2000,83,1743.0,1333,33.35,257,1743
10000,83,8922.0,2007,50.04,1078,8922
20000,83,17826.0,2007,50.04,2174,17826
40000,83,35647.0,2007,50.04,4353,35647
60000,83,53469.0,2007,50.04,6531,53469
80000,83,71410.0,2007,50.04,8590,71410
100000,83,89252.0,2007,50.04,10748,89252
200000,83,178673.0,2007,50.04,21327,178673
400000,83,357897.0,2007,50.04,42103,357897
600000,83,536899.0,2007,50.04,63101,536899
800000,83,715842.0,2007,50.04,84158,715842
1000000,83,894771.0,2007,50.04,105229,894771
2,84,2.0,1,0.05,0,2
3,84,3.0,2,0.05,0,3
100,84,90.0,67,1.69,10,90
200,84,178.0,133,3.34,22,178
2000,84,1767.0,1333,33.35,233,1767
10000,84,8850.0,7976,79.88,1150,8850
20000,84,17705.0,17976,129.88,2295,17705
40000,84,35413.0,37976,229.88,4587,35413
60000,84,53217.0,57976,329.88,6783,53217
80000,84,71070.0,77976,429.88,8930,71070
100000,84,88850.0,97976,529.88,11150,88850
200000,84,177827.0,197976,1029.88,22173,177827
400000,84,355982.0,397976,2029.88,44018,355982
600000,84,533780.0,597976,3029.88,66220,533780
800000,84,711885.0,797976,4029.88,88115,711885
1000000,84,889867.0,997976,5029.88,110133,889867
2,85,2.0,1,0.05,0,2
3,85,3.0,2,0.05,0,3
100,85,85.0,67,1.69,15,85
200,85,172.0,133,3.34,28,172
2000,85,1761.0,1333,33.35,239,1761
10000,85,8821.0,9000,85.0,1179,8821
20000,85,17701.0,19000,135.0,2299,17701
40000,85,35478.0,39000,235.0,4522,35478
60000,85,53249.0,59000,335.0,6751,53249
80000,85,71068.0,79000,435.0,8932,71068
100000,85,88839.0,99000,535.0,11161,88839
200000,85,177667.0,199000,1035.0,22333,177667
400000,85,355398.0,399000,2035.0,44602,355398
600000,85,533591.0,599000,3035.0,66409,533591
800000,85,711468.0,799000,4035.0,88532,711468
1000000,85,889454.0,999000,5035.0,110546,889454
2,86,1.0,1,0.05,1,1
3,86,2.0,2,0.05,1,2
100,86,89.0,67,1.69,11,89
200,86,175.0,133,3.34,25,175
2000,86,1757.0,1333,33.35,243,1757
10000,86,8891.0,2627,53.14,1109,8891
20000,86,17878.0,2627,53.14,2122,17878
40000,86,35735.0,2627,53.14,4265,35735
60000,86,53618.0,2627,53.14,6382,53618
80000,86,71538.0,2627,53.14,8462,71538
100000,86,89406.0,2627,53.14,10594,89406
200000,86,179053.0,2627,53.14,20947,179053
400000,86,358320.0,2627,53.14,41680,358320
600000,86,537102.0,2627,53.14,62898,537102
800000,86,716078.0,2627,53.14,83922,716078
1000000,86,895113.0,2627,53.14,104887,895113
2,87,1.0,1,0.05,1,1
3,87,2.0,2,0.05,1,2
100,87,92.0,67,1.69,8,92
200,87,181.0,133,3.34,19,181
2000,87,1767.0,1333,33.35,233,1767
10000,87,8869.0,8992,84.96,1131,8869
20000,87,17824.0,18992,134.96,2176,17824
40000,87,35652.0,38992,234.96,4348,35652
60000,87,53460.0,58992,334.96,6540,53460
80000,87,71328.0,78992,434.96,8672,71328
100000,87,89032.0,98992,534.96,10968,89032
200000,87,177936.0,198992,1034.96,22064,177936
400000,87,355968.0,398992,2034.96,44032,355968
600000,87,533796.0,598992,3034.96,66204,533796
800000,87,711791.0,798992,4034.96,88209,711791
1000000,87,889764.0,998992,5034.96,110236,889764
2,88,2.0,1,0.05,0,2
3,88,3.0,2,0.05,0,3
100,88,87.0,67,1.69,13,87
200,88,174.0,133,3.34,26,174
2000,88,1773.0,1333,33.35,227,1773
10000,88,8924.0,2000,50.0,1076,8924
20000,88,17831.0,2002,50.01,2169,17831
40000,88,35767.0,2002,50.01,4233,35767
60000,88,53614.0,2002,50.01,6386,53614
80000,88,71553.0,2002,50.01,8447,71553
100000,88,89404.0,2002,50.01,10596,89404
200000,88,178952.0,2002,50.01,21048,178952
400000,88,357843.0,2002,50.01,42157,357843
600000,88,537016.0,2002,50.01,62984,537016
800000,88,716109.0,2002,50.01,83891,716109
1000000,88,895215.0,2002,50.01,104785,895215
2,89,1.0,1,0.05,1,1
3,89,2.0,2,0.05,1,2
100,89,93.0,67,1.69,7,93
200,89,182.0,133,3.34,18,182
2000,89,1735.0,1333,33.35,265,1735
10000,89,8854.0,9000,85.0,1146,8854
20000,89,17797.0,19000,135.0,2203,17797
40000,89,35636.0,39000,235.0,4364,35636
60000,89,53432.0,59000,335.0,6568,53432
80000,89,71198.0,79000,435.0,8802,71198
100000,89,89047.0,99000,535.0,10953,89047
200000,89,178139.0,199000,1035.0,21861,178139
400000,89,355934.0,399000,2035.0,44066,355934
600000,89,533860.0,599000,3035.0,66140,533860
800000,89,711863.0,799000,4035.0,88137,711863
1000000,89,890214.0,999000,5035.0,109786,890214
2,90,2.0,1,0.05,0,2
3,90,3.0,2,0.05,0,3
100,90,81.0,67,1.69,19,81
200,90,172.0,133,3.34,28,172
2000,90,1777.0,1333,33.35,223,1777
10000,90,8915.0,2411,52.06,1085,8915
20000,90,17830.0,2411,52.06,2170,17830
40000,90,35767.0,2411,52.06,4233,35767
60000,90,53683.0,2411,52.06,6317,53683
80000,90,71604.0,2411,52.06,8396,71604
100000,90,89493.0,2411,52.06,10507,89493
200000,90,179008.0,2411,52.06,20992,179008
400000,90,358183.0,2411,52.06,41817,358183
600000,90,537020.0,2411,52.06,62980,537020
800000,90,716212.0,2411,52.06,83788,716212
1000000,90,895319.0,2411,52.06,104681,895319
2,91,2.0,1,0.05,0,2
3,91,2.0,2,0.05,1,2
100,91,88.0,67,1.69,12,88
200,91,176.0,133,3.34,24,176
2000,91,1752.0,1333,33.35,248,1752
10000,91,8901.0,2000,50.0,1099,8901
20000,91,17850.0,2000,50.0,2150,17850
40000,91,35757.0,2000,50.0,4243,35757
60000,91,53588.0,2000,50.0,6412,53588
80000,91,71440.0,2000,50.0,8560,71440
100000,91,89321.0,2000,50.0,10679,89321
200000,91,178658.0,2000,50.0,21342,178658
400000,91,357628.0,2000,50.0,42372,357628
600000,91,536911.0,2000,50.0,63089,536911
800000,91,716081.0,2000,50.0,83919,716081
1000000,91,894886.0,2000,50.0,105114,894886
2,92,2.0,1,0.05,0,2
3,92,3.0,2,0.05,0,3
100,92,90.0,67,1.69,10,90
200,92,179.0,133,3.34,21,179
2000,92,1758.0,1333,33.35,242,1758
10000,92,8894.0,2000,50.0,1106,8894
20000,92,17883.0,2000,50.0,2117,17883
40000,92,35682.0,2000,50.0,4318,35682
60000,92,53565.0,2000,50.0,6435,53565
80000,92,71386.0,2000,50.0,8614,71386
100000,92,89284.0,2000,50.0,10716,89284
200000,92,178849.0,2000,50.0,21151,178849
400000,92,357893.0,2000,50.0,42107,357893
600000,92,537180.0,2000,50.0,62820,537180
800000,92,716206.0,2000,50.0,83794,716206
1000000,92,895259.0,2000,50.0,104741,895259
2,93,2.0,1,0.05,0,2
3,93,3.0,2,0.05,0,3
100,93,88.0,67,1.69,12,88
200,93,178.0,133,3.34,22,178
2000,93,1735.0,1333,33.35,265,1735
10000,93,8918.0,2000,50.0,1082,8918
20000,93,17854.0,2000,50.0,2146,17854
40000,93,35853.0,2000,50.0,4147,35853
60000,93,53830.0,2000,50.0,6170,53830
80000,93,71711.0,2000,50.0,8289,71711
100000,93,89706.0,2000,50.0,10294,89706
200000,93,179120.0,2000,50.0,20880,179120
400000,93,358055.0,2000,50.0,41945,358055
600000,93,536948.0,2000,50.0,63052,536948
800000,93,715852.0,2000,50.0,84148,715852
1000000,93,894850.0,2000,50.0,105150,894850
2,94,2.0,1,0.05,0,2
3,94,3.0,2,0.05,0,3
100,94,92.0,67,1.69,8,92
200,94,185.0,133,3.34,15,185
2000,94,1790.0,1333,33.35,210,1790
10000,94,8923.0,2570,52.85,1077,8923
20000,94,17935.0,3229,56.15,2065,17935
40000,94,35742.0,3229,56.15,4258,35742
60000,94,53623.0,3229,56.15,6377,53623
80000,94,71482.0,3229,56.15,8518,71482
100000,94,89391.0,3229,56.15,10609,89391
200000,94,178812.0,3229,56.15,21188,178812
400000,94,357799.0,3229,56.15,42201,357799
600000,94,536874.0,3229,56.15,63126,536874
800000,94,715861.0,3229,56.15,84139,715861
1000000,94,895021.0,3229,56.15,104979,895021
2,95,2.0,1,0.05,0,2
3,95,3.0,2,0.05,0,3
100,95,89.0,67,1.69,11,89
200,95,178.0,133,3.34,22,178
2000,95,1777.0,1333,33.35,223,1777
10000,95,8917.0,2028,50.14,1083,8917
20000,95,17919.0,2028,50.14,2081,17919
40000,95,35806.0,2028,50.14,4194,35806
60000,95,53730.0,2028,50.14,6270,53730
80000,95,71568.0,2028,50.14,8432,71568
100000,95,89555.0,2028,50.14,10445,89555
200000,95,179110.0,2028,50.14,20890,179110
400000,95,358217.0,2028,50.14,41783,358217
600000,95,537142.0,2028,50.14,62858,537142
800000,95,716150.0,2028,50.14,83850,716150
1000000,95,895334.0,2028,50.14,104666,895334
2,96,2.0,1,0.05,0,2
3,96,3.0,2,0.05,0,3
100,96,90.0,67,1.69,10,90
200,96,178.0,133,3.34,22,178
2000,96,1758.0,1333,33.35,242,1758
10000,96,8866.0,9000,85.0,1134,8866
20000,96,17728.0,19000,135.0,2272,17728
40000,96,35450.0,39000,235.0,4550,35450
60000,96,53189.0,59000,335.0,6811,53189
80000,96,70990.0,79000,435.0,9010,70990
100000,96,88823.0,99000,535.0,11177,88823
200000,96,177976.0,199000,1035.0,22024,177976
400000,96,356084.0,399000,2035.0,43916,356084
600000,96,534232.0,599000,3035.0,65768,534232
800000,96,712434.0,799000,4035.0,87566,712434
1000000,96,890308.0,999000,5035.0,109692,890308
2,97,2.0,1,0.05,0,2
3,97,3.0,2,0.05,0,3
100,97,93.0,67,1.69,7,93
200,97,180.0,133,3.34,20,180
2000,97,1778.0,1333,33.35,222,1778
10000,97,8893.0,9000,85.0,1107,8893
20000,97,17795.0,19000,135.0,2205,17795
40000,97,35581.0,39000,235.0,4419,35581
60000,97,53381.0,59000,335.0,6619,53381
80000,97,71166.0,79000,435.0,8834,71166
100000,97,88996.0,99000,535.0,11004,88996
200000,97,178002.0,199000,1035.0,21998,178002
400000,97,355923.0,399000,2035.0,44077,355923
600000,97,534055.0,599000,3035.0,65945,534055
800000,97,712032.0,799000,4035.0,87968,712032
1000000,97,889918.0,999000,5035.0,110082,889918
2,98,2.0,1,0.05,0,2
3,98,3.0,2,0.05,0,3
100,98,88.0,67,1.69,12,88
200,98,176.0,133,3.34,24,176
2000,98,1746.0,1333,33.35,254,1746
10000,98,8901.0,2000,50.0,1099,8901
20000,98,17852.0,2000,50.0,2148,17852
40000,98,35741.0,2000,50.0,4259,35741
60000,98,53629.0,2000,50.0,6371,53629
80000,98,71565.0,2000,50.0,8435,71565
100000,98,89431.0,2000,50.0,10569,89431
200000,98,178921.0,2000,50.0,21079,178921
400000,98,358000.0,2000,50.0,42000,358000
600000,98,537133.0,2000,50.0,62867,537133
800000,98,716302.0,2000,50.0,83698,716302
1000000,98,895222.0,2000,50.0,104778,895222
2,99,2.0,1,0.05,0,2
3,99,3.0,2,0.05,0,3
100,99,87.0,67,1.69,13,87
200,99,170.0,133,3.34,30,170
2000,99,1738.0,1333,33.35,262,1738
10000,99,8849.0,2000,50.0,1151,8849
20000,99,17748.0,2000,50.0,2252,17748
40000,99,35648.0,2000,50.0,4352,35648
60000,99,53502.0,2000,50.0,6498,53502
80000,99,71399.0,2000,50.0,8601,71399
100000,99,89252.0,2000,50.0,10748,89252
200000,99,178646.0,2000,50.0,21354,178646
400000,99,357506.0,2000,50.0,42494,357506
600000,99,536578.0,2000,50.0,63422,536578
800000,99,715692.0,2000,50.0,84308,715692
1000000,99,894901.0,2000,50.0,105099,894901
2,100,2.0,1,0.05,0,2
3,100,3.0,2,0.05,0,3
100,100,88.0,67,1.69,12,88
200,100,178.0,133,3.34,22,178
2000,100,1773.0,1333,33.35,227,1773
10000,100,8896.0,2000,50.0,1104,8896
20000,100,17817.0,2000,50.0,2183,17817
40000,100,35717.0,2000,50.0,4283,35717
60000,100,53586.0,2000,50.0,6414,53586
80000,100,71504.0,2000,50.0,8496,71504
100000,100,89348.0,2000,50.0,10652,89348
200000,100,178824.0,2000,50.0,21176,178824
400000,100,357998.0,2000,50.0,42002,357998
600000,100,536972.0,2000,50.0,63028,536972
800000,100,715717.0,2000,50.0,84283,715717
1000000,100,894505.0,2000,50.0,105495,894505
