Timestep,Iteration,Total Reward,Suboptimal Arms,Total Regret,Zeros Count,Ones Count
2,1,1.0,1,0.0,1,1
3,1,2.0,2,0.04,1,2
100,1,89.0,66,1.32,11,89
200,1,170.0,133,2.64,30,170
2000,1,1743.0,1333,26.64,257,1743
10000,1,8804.0,8445,40.0,1196,8804
20000,1,17703.0,18445,40.0,2297,17703
40000,1,35516.0,38445,40.0,4484,35516
60000,1,53336.0,58445,40.0,6664,53336
80000,1,71149.0,78445,40.0,8851,71149
100000,1,88959.0,98445,40.0,11041,88959
200000,1,178012.0,198445,40.0,21988,178012
400000,1,356051.0,398445,40.0,43949,356051
600000,1,534231.0,598445,40.0,65769,534231
800000,1,712347.0,798445,40.0,87653,712347
1000000,1,890173.0,998445,40.0,109827,890173
2,2,2.0,1,0.0,0,2
3,2,3.0,2,0.04,0,3
100,2,87.0,66,1.32,13,87
200,2,177.0,133,2.64,23,177
2000,2,1771.0,1333,26.64,229,1771
10000,2,8871.0,9000,40.0,1129,8871
20000,2,17719.0,18637,40.0,2281,17719
40000,2,35485.0,37087,40.0,4515,35485
60000,2,53233.0,57087,40.0,6767,53233
80000,2,71085.0,77087,40.0,8915,71085
100000,2,88924.0,97087,40.0,11076,88924
200000,2,177827.0,197087,40.0,22173,177827
400000,2,355703.0,397087,40.0,44297,355703
600000,2,533780.0,597087,40.0,66220,533780
800000,2,711878.0,797087,40.0,88122,711878
1000000,2,889888.0,997087,40.0,110112,889888
2,3,2.0,1,0.0,0,2
3,3,2.0,2,0.04,1,2
100,3,83.0,66,1.32,17,83
200,3,171.0,133,2.64,29,171
2000,3,1729.0,1333,26.64,271,1729
10000,3,8755.0,8987,40.0,1245,8755
20000,3,17649.0,18987,40.0,2351,17649
40000,3,35405.0,38987,40.0,4595,35405
60000,3,53157.0,58987,40.0,6843,53157
80000,3,70913.0,78987,40.0,9087,70913
100000,3,88712.0,98987,40.0,11288,88712
200000,3,177727.0,198987,40.0,22273,177727
400000,3,355711.0,398987,40.0,44289,355711
600000,3,533953.0,598987,40.0,66047,533953
800000,3,711798.0,798987,40.0,88202,711798
1000000,3,889879.0,998987,40.0,110121,889879
2,4,2.0,1,0.0,0,2
3,4,3.0,2,0.04,0,3
100,4,87.0,66,1.32,13,87
200,4,175.0,133,2.64,25,175
2000,4,1760.0,1333,26.64,240,1760
10000,4,8848.0,9000,40.0,1152,8848
20000,4,17699.0,19000,40.0,2301,17699
40000,4,35452.0,39000,40.0,4548,35452
60000,4,53221.0,59000,40.0,6779,53221
80000,4,70987.0,79000,40.0,9013,70987
100000,4,88833.0,99000,40.0,11167,88833
200000,4,178080.0,199000,40.0,21920,178080
400000,4,355975.0,399000,40.0,44025,355975
600000,4,533763.0,599000,40.0,66237,533763
800000,4,711641.0,799000,40.0,88359,711641
1000000,4,889590.0,999000,40.0,110410,889590
2,5,1.0,1,0.0,1,1
3,5,2.0,2,0.04,1,2
100,5,89.0,66,1.32,11,89
200,5,179.0,133,2.64,21,179
2000,5,1732.0,1333,26.64,268,1732
10000,5,8841.0,2000,40.0,1159,8841
20000,5,17742.0,2000,40.0,2258,17742
40000,5,35495.0,2000,40.0,4505,35495
60000,5,53243.0,2000,40.0,6757,53243
80000,5,71062.0,2000,40.0,8938,71062
100000,5,88812.0,2000,40.0,11188,88812
200000,5,177756.0,2000,40.0,22244,177756
400000,5,355862.0,2000,40.0,44138,355862
600000,5,533841.0,2000,40.0,66159,533841
800000,5,711943.0,2000,40.0,88057,711943
1000000,5,889987.0,2000,40.0,110013,889987
2,6,2.0,1,0.0,0,2
3,6,3.0,2,0.04,0,3
100,6,82.0,66,1.32,18,82
200,6,165.0,133,2.64,35,165
2000,6,1743.0,1333,26.64,257,1743
10000,6,8883.0,9000,40.0,1117,8883
20000,6,17784.0,19000,40.0,2216,17784
40000,6,35539.0,39000,40.0,4461,35539
60000,6,53396.0,59000,40.0,6604,53396
80000,6,71209.0,79000,40.0,8791,71209
100000,6,88940.0,99000,40.0,11060,88940
200000,6,177997.0,199000,40.0,22003,177997
400000,6,356004.0,399000,40.0,43996,356004
600000,6,534051.0,599000,40.0,65949,534051
800000,6,712135.0,799000,40.0,87865,712135
1000000,6,890271.0,999000,40.0,109729,890271
2,7,1.0,1,0.0,1,1
3,7,2.0,2,0.04,1,2
100,7,85.0,66,1.32,15,85
200,7,170.0,133,2.64,30,170
2000,7,1727.0,1333,26.64,273,1727
10000,7,8887.0,2000,40.0,1113,8887
20000,7,17783.0,2000,40.0,2217,17783
40000,7,35569.0,2021,40.0,4431,35569
60000,7,53387.0,2034,40.0,6613,53387
80000,7,71171.0,2034,40.0,8829,71171
100000,7,89065.0,2034,40.0,10935,89065
200000,7,178081.0,2034,40.0,21919,178081
400000,7,356087.0,2034,40.0,43913,356087
600000,7,534207.0,2034,40.0,65793,534207
800000,7,712333.0,2034,40.0,87667,712333
1000000,7,890143.0,2034,40.0,109857,890143
2,8,2.0,1,0.0,0,2
3,8,3.0,2,0.04,0,3
100,8,91.0,66,1.32,9,91
200,8,180.0,133,2.64,20,180
2000,8,1762.0,1333,26.64,238,1762
10000,8,8900.0,9000,40.0,1100,8900
20000,8,17816.0,19000,40.0,2184,17816
40000,8,35596.0,39000,40.0,4404,35596
60000,8,53396.0,59000,40.0,6604,53396
80000,8,71126.0,78971,40.0,8874,71126
100000,8,89021.0,98971,40.0,10979,89021
200000,8,178180.0,198971,40.0,21820,178180
400000,8,356094.0,398971,40.0,43906,356094
600000,8,534175.0,598971,40.0,65825,534175
800000,8,712213.0,798971,40.0,87787,712213
1000000,8,890285.0,998971,40.0,109715,890285
2,9,2.0,1,0.0,0,2
3,9,2.0,2,0.04,1,2
100,9,87.0,66,1.32,13,87
200,9,178.0,133,2.64,22,178
2000,9,1762.0,1333,26.64,238,1762
10000,9,8854.0,2000,40.0,1146,8854
20000,9,17691.0,2005,40.0,2309,17691
40000,9,35480.0,2005,40.0,4520,35480
60000,9,53290.0,2005,40.0,6710,53290
80000,9,71072.0,2005,40.0,8928,71072
100000,9,88894.0,2005,40.0,11106,88894
200000,9,177796.0,2005,40.0,22204,177796
400000,9,355748.0,2005,40.0,44252,355748
600000,9,533917.0,2005,40.0,66083,533917
800000,9,711706.0,2005,40.0,88294,711706
1000000,9,889682.0,2005,40.0,110318,889682
2,10,2.0,1,0.0,0,2
3,10,3.0,2,0.04,0,3
100,10,90.0,66,1.32,10,90
200,10,179.0,133,2.64,21,179
2000,10,1767.0,1333,26.64,233,1767
10000,10,8867.0,2000,40.0,1133,8867
20000,10,17732.0,2000,40.0,2268,17732
40000,10,35517.0,2000,40.0,4483,35517
60000,10,53344.0,2000,40.0,6656,53344
80000,10,71219.0,2000,40.0,8781,71219
100000,10,89024.0,2000,40.0,10976,89024
200000,10,178032.0,2000,40.0,21968,178032
400000,10,356113.0,2000,40.0,43887,356113
600000,10,534237.0,2000,40.0,65763,534237
800000,10,712204.0,2000,40.0,87796,712204
1000000,10,890341.0,2000,40.0,109659,890341
2,11,2.0,1,0.0,0,2
3,11,3.0,2,0.04,0,3
100,11,90.0,66,1.32,10,90
200,11,179.0,133,2.64,21,179
2000,11,1734.0,1333,26.64,266,1734
10000,11,8892.0,2000,40.0,1108,8892
20000,11,17815.0,2000,40.0,2185,17815
40000,11,35587.0,2000,40.0,4413,35587
60000,11,53396.0,2000,40.0,6604,53396
80000,11,71117.0,2000,40.0,8883,71117
100000,11,88958.0,2000,40.0,11042,88958
200000,11,177752.0,2001,40.0,22248,177752
400000,11,355760.0,2001,40.0,44240,355760
600000,11,533811.0,2001,40.0,66189,533811
800000,11,712023.0,2001,40.0,87977,712023
1000000,11,890092.0,2001,40.0,109908,890092
2,12,2.0,1,0.0,0,2
3,12,3.0,2,0.04,0,3
100,12,88.0,66,1.32,12,88
200,12,179.0,133,2.64,21,179
2000,12,1743.0,1333,26.64,257,1743
10000,12,8847.0,8751,40.0,1153,8847
20000,12,17735.0,18751,40.0,2265,17735
40000,12,35533.0,38751,40.0,4467,35533
60000,12,53365.0,58751,40.0,6635,53365
80000,12,71162.0,78751,40.0,8838,71162
100000,12,88933.0,98751,40.0,11067,88933
200000,12,177828.0,198751,40.0,22172,177828
400000,12,355841.0,398751,40.0,44159,355841
600000,12,533779.0,598751,40.0,66221,533779
800000,12,711826.0,798751,40.0,88174,711826
1000000,12,889907.0,998751,40.0,110093,889907
2,13,2.0,1,0.0,0,2
3,13,3.0,2,0.04,0,3
100,13,93.0,66,1.32,7,93
200,13,178.0,133,2.64,22,178
2000,13,1746.0,1333,26.64,254,1746
10000,13,8847.0,8978,40.0,1153,8847
20000,13,17684.0,18978,40.0,2316,17684
40000,13,35422.0,38978,40.0,4578,35422
60000,13,53197.0,58978,40.0,6803,53197
80000,13,71033.0,78978,40.0,8967,71033
100000,13,88861.0,98978,40.0,11139,88861
200000,13,177903.0,198978,40.0,22097,177903
400000,13,355814.0,398978,40.0,44186,355814
600000,13,534022.0,598978,40.0,65978,534022
800000,13,711983.0,798978,40.0,88017,711983
1000000,13,890089.0,998978,40.0,109911,890089
2,14,2.0,1,0.0,0,2
3,14,2.0,2,0.04,1,2
100,14,93.0,66,1.32,7,93
200,14,184.0,133,2.64,16,184
2000,14,1749.0,1333,26.64,251,1749
10000,14,8920.0,9000,40.0,1080,8920
20000,14,17825.0,19000,40.0,2175,17825
40000,14,35609.0,39000,40.0,4391,35609
60000,14,53346.0,59000,40.0,6654,53346
80000,14,71102.0,79000,40.0,8898,71102
100000,14,88921.0,99000,40.0,11079,88921
200000,14,177985.0,199000,40.0,22015,177985
400000,14,356043.0,399000,40.0,43957,356043
600000,14,534012.0,599000,40.0,65988,534012
800000,14,712104.0,799000,40.0,87896,712104
1000000,14,890350.0,999000,40.0,109650,890350
2,15,2.0,1,0.0,0,2
3,15,3.0,2,0.04,0,3
100,15,83.0,66,1.32,17,83
200,15,174.0,133,2.64,26,174
2000,15,1733.0,1333,26.64,267,1733
10000,15,8833.0,9000,40.0,1167,8833
20000,15,17758.0,19000,40.0,2242,17758
40000,15,35580.0,39000,40.0,4420,35580
60000,15,53419.0,59000,40.0,6581,53419
80000,15,71288.0,79000,40.0,8712,71288
100000,15,89119.0,99000,40.0,10881,89119
200000,15,178336.0,199000,40.0,21664,178336
400000,15,356146.0,399000,40.0,43854,356146
600000,15,534100.0,599000,40.0,65900,534100
800000,15,711906.0,799000,40.0,88094,711906
1000000,15,889843.0,999000,40.0,110157,889843
2,16,2.0,1,0.0,0,2
3,16,3.0,2,0.04,0,3
100,16,86.0,66,1.32,14,86
200,16,177.0,133,2.64,23,177
2000,16,1773.0,1333,26.64,227,1773
10000,16,8876.0,2000,40.0,1124,8876
20000,16,17791.0,2000,40.0,2209,17791
40000,16,35575.0,2000,40.0,4425,35575
60000,16,53358.0,2000,40.0,6642,53358
80000,16,71146.0,2000,40.0,8854,71146
100000,16,88926.0,2000,40.0,11074,88926
200000,16,177865.0,2000,40.0,22135,177865
400000,16,355818.0,2000,40.0,44182,355818
600000,16,534077.0,2000,40.0,65923,534077
800000,16,712035.0,2000,40.0,87965,712035
1000000,16,890070.0,2000,40.0,109930,890070
2,17,0.0,1,0.0,2,0
3,17,1.0,2,0.04,2,1
100,17,88.0,66,1.32,12,88
200,17,173.0,133,2.64,27,173
2000,17,1762.0,1333,26.64,238,1762
10000,17,8850.0,2000,40.0,1150,8850
20000,17,17708.0,2000,40.0,2292,17708
40000,17,35531.0,2000,40.0,4469,35531
60000,17,53296.0,2000,40.0,6704,53296
80000,17,71084.0,2000,40.0,8916,71084
100000,17,88880.0,2000,40.0,11120,88880
200000,17,177858.0,2000,40.0,22142,177858
400000,17,355774.0,2000,40.0,44226,355774
600000,17,533533.0,2000,40.0,66467,533533
800000,17,711633.0,2000,40.0,88367,711633
1000000,17,889408.0,2000,40.0,110592,889408
2,18,2.0,1,0.0,0,2
3,18,3.0,2,0.04,0,3
100,18,85.0,66,1.32,15,85
200,18,175.0,133,2.64,25,175
2000,18,1746.0,1333,26.64,254,1746
10000,18,8846.0,2000,40.0,1154,8846
20000,18,17660.0,2000,40.0,2340,17660
40000,18,35498.0,2000,40.0,4502,35498
60000,18,53300.0,2000,40.0,6700,53300
80000,18,71074.0,2000,40.0,8926,71074
100000,18,88916.0,2000,40.0,11084,88916
200000,18,178099.0,2000,40.0,21901,178099
400000,18,356182.0,2000,40.0,43818,356182
600000,18,534137.0,2000,40.0,65863,534137
800000,18,712071.0,2000,40.0,87929,712071
1000000,18,889804.0,2000,40.0,110196,889804
2,19,2.0,1,0.0,0,2
3,19,2.0,2,0.04,1,2
100,19,84.0,66,1.32,16,84
200,19,174.0,133,2.64,26,174
2000,19,1748.0,1333,26.64,252,1748
10000,19,8869.0,2000,40.0,1131,8869
20000,19,17757.0,2000,40.0,2243,17757
40000,19,35478.0,2085,40.0,4522,35478
60000,19,53269.0,2086,40.0,6731,53269
80000,19,71080.0,2086,40.0,8920,71080
100000,19,88910.0,2086,40.0,11090,88910
200000,19,178079.0,2086,40.0,21921,178079
400000,19,355986.0,2086,40.0,44014,355986
600000,19,533942.0,2086,40.0,66058,533942
800000,19,712006.0,2086,40.0,87994,712006
1000000,19,889917.0,2086,40.0,110083,889917
2,20,2.0,1,0.0,0,2
3,20,3.0,2,0.04,0,3
100,20,88.0,66,1.32,12,88
200,20,176.0,133,2.64,24,176
2000,20,1762.0,1333,26.64,238,1762
10000,20,8810.0,6746,40.0,1190,8810
20000,20,17730.0,16746,40.0,2270,17730
40000,20,35552.0,36746,40.0,4448,35552
60000,20,53345.0,56746,40.0,6655,53345
80000,20,71097.0,76746,40.0,8903,71097
100000,20,88906.0,96746,40.0,11094,88906
200000,20,177812.0,196746,40.0,22188,177812
400000,20,355720.0,396746,40.0,44280,355720
600000,20,533744.0,596746,40.0,66256,533744
800000,20,711739.0,796746,40.0,88261,711739
1000000,20,889778.0,996746,40.0,110222,889778
2,21,2.0,1,0.0,0,2
3,21,3.0,2,0.04,0,3
100,21,88.0,66,1.32,12,88
200,21,178.0,133,2.64,22,178
2000,21,1745.0,1333,26.64,255,1745
10000,21,8800.0,2000,40.0,1200,8800
20000,21,17729.0,2000,40.0,2271,17729
40000,21,35615.0,2000,40.0,4385,35615
60000,21,53390.0,2000,40.0,6610,53390
80000,21,71239.0,2000,40.0,8761,71239
100000,21,89055.0,2000,40.0,10945,89055
200000,21,177961.0,2000,40.0,22039,177961
400000,21,355952.0,2000,40.0,44048,355952
600000,21,534103.0,2000,40.0,65897,534103
800000,21,711946.0,2000,40.0,88054,711946
1000000,21,889902.0,2000,40.0,110098,889902
2,22,2.0,1,0.0,0,2
3,22,3.0,2,0.04,0,3
100,22,87.0,66,1.32,13,87
200,22,171.0,133,2.64,29,171
2000,22,1757.0,1333,26.64,243,1757
10000,22,8889.0,2287,40.0,1111,8889
20000,22,17727.0,2569,40.0,2273,17727
40000,22,35535.0,2569,40.0,4465,35535
60000,22,53298.0,2569,40.0,6702,53298
80000,22,71131.0,2569,40.0,8869,71131
100000,22,88955.0,2569,40.0,11045,88955
200000,22,177827.0,2569,40.0,22173,177827
400000,22,355807.0,2569,40.0,44193,355807
600000,22,533671.0,2569,40.0,66329,533671
800000,22,711659.0,2569,40.0,88341,711659
1000000,22,889589.0,2569,40.0,110411,889589
2,23,1.0,1,0.0,1,1
3,23,2.0,2,0.04,1,2
100,23,90.0,66,1.32,10,90
200,23,178.0,133,2.64,22,178
2000,23,1774.0,1333,26.64,226,1774
10000,23,8880.0,2000,40.0,1120,8880
20000,23,17738.0,2478,40.0,2262,17738
40000,23,35621.0,2485,40.0,4379,35621
60000,23,53351.0,2485,40.0,6649,53351
80000,23,71182.0,2485,40.0,8818,71182
100000,23,88938.0,2485,40.0,11062,88938
200000,23,178005.0,2485,40.0,21995,178005
400000,23,355886.0,2485,40.0,44114,355886
600000,23,533819.0,2485,40.0,66181,533819
800000,23,711936.0,2485,40.0,88064,711936
1000000,23,889998.0,2485,40.0,110002,889998
2,24,2.0,1,0.0,0,2
3,24,3.0,2,0.04,0,3
100,24,92.0,66,1.32,8,92
200,24,182.0,133,2.64,18,182
2000,24,1773.0,1333,26.64,227,1773
10000,24,8853.0,2428,40.0,1147,8853
20000,24,17743.0,11207,40.0,2257,17743
40000,24,35641.0,31207,40.0,4359,35641
60000,24,53430.0,51207,40.0,6570,53430
80000,24,71349.0,71207,40.0,8651,71349
100000,24,89181.0,91207,40.0,10819,89181
200000,24,178260.0,191207,40.0,21740,178260
400000,24,355976.0,391207,40.0,44024,355976
600000,24,534079.0,591207,40.0,65921,534079
800000,24,712060.0,791207,40.0,87940,712060
1000000,24,889861.0,991207,40.0,110139,889861
2,25,2.0,1,0.0,0,2
3,25,3.0,2,0.04,0,3
100,25,86.0,66,1.32,14,86
200,25,170.0,133,2.64,30,170
2000,25,1746.0,1333,26.64,254,1746
10000,25,8842.0,2000,40.0,1158,8842
20000,25,17751.0,2000,40.0,2249,17751
40000,25,35585.0,2000,40.0,4415,35585
60000,25,53389.0,2000,40.0,6611,53389
80000,25,71145.0,2000,40.0,8855,71145
100000,25,88965.0,2000,40.0,11035,88965
200000,25,177990.0,2000,40.0,22010,177990
400000,25,355893.0,2000,40.0,44107,355893
600000,25,533655.0,2000,40.0,66345,533655
800000,25,711722.0,2000,40.0,88278,711722
1000000,25,889874.0,2000,40.0,110126,889874
2,26,1.0,1,0.0,1,1
3,26,1.0,2,0.04,2,1
100,26,86.0,66,1.32,14,86
200,26,173.0,133,2.64,27,173
2000,26,1745.0,1333,26.64,255,1745
10000,26,8890.0,8630,40.0,1110,8890
20000,26,17801.0,18630,40.0,2199,17801
40000,26,35577.0,38630,40.0,4423,35577
60000,26,53433.0,58630,40.0,6567,53433
80000,26,71262.0,78630,40.0,8738,71262
100000,26,89092.0,98630,40.0,10908,89092
200000,26,178084.0,198630,40.0,21916,178084
400000,26,356167.0,398630,40.0,43833,356167
600000,26,534245.0,598630,40.0,65755,534245
800000,26,712335.0,798630,40.0,87665,712335
1000000,26,890241.0,998630,40.0,109759,890241
2,27,2.0,1,0.0,0,2
3,27,3.0,2,0.04,0,3
100,27,86.0,66,1.32,14,86
200,27,177.0,133,2.64,23,177
2000,27,1760.0,1333,26.64,240,1760
10000,27,8860.0,9000,40.0,1140,8860
20000,27,17735.0,19000,40.0,2265,17735
40000,27,35480.0,39000,40.0,4520,35480
60000,27,53346.0,59000,40.0,6654,53346
80000,27,71145.0,79000,40.0,8855,71145
100000,27,89011.0,99000,40.0,10989,89011
200000,27,178036.0,199000,40.0,21964,178036
400000,27,356226.0,399000,40.0,43774,356226
600000,27,534210.0,599000,40.0,65790,534210
800000,27,712282.0,799000,40.0,87718,712282
1000000,27,890070.0,999000,40.0,109930,890070
2,28,2.0,1,0.0,0,2
3,28,3.0,2,0.04,0,3
100,28,85.0,66,1.32,15,85
200,28,175.0,133,2.64,25,175
2000,28,1760.0,1333,26.64,240,1760
10000,28,8829.0,2184,40.0,1171,8829
20000,28,17743.0,2190,40.0,2257,17743
40000,28,35527.0,2190,40.0,4473,35527
60000,28,53240.0,2190,40.0,6760,53240
80000,28,71039.0,2190,40.0,8961,71039
100000,28,88821.0,2190,40.0,11179,88821
200000,28,177804.0,2190,40.0,22196,177804
400000,28,355830.0,2190,40.0,44170,355830
600000,28,533868.0,2190,40.0,66132,533868
800000,28,711668.0,2190,40.0,88332,711668
1000000,28,889436.0,2190,40.0,110564,889436
2,29,2.0,1,0.0,0,2
3,29,3.0,2,0.04,0,3
100,29,86.0,66,1.32,14,86
200,29,175.0,133,2.64,25,175
2000,29,1779.0,1333,26.64,221,1779
10000,29,8900.0,2878,40.0,1100,8900
20000,29,17780.0,3954,40.0,2220,17780
40000,29,35629.0,3954,40.0,4371,35629
60000,29,53344.0,3969,40.0,6656,53344
80000,29,71097.0,3970,40.0,8903,71097
100000,29,88849.0,4133,40.0,11151,88849
200000,29,177762.0,4192,40.0,22238,177762
400000,29,355854.0,4192,40.0,44146,355854
600000,29,533838.0,4192,40.0,66162,533838
800000,29,711908.0,4192,40.0,88092,711908
1000000,29,889640.0,4192,40.0,110360,889640
2,30,2.0,1,0.0,0,2
3,30,3.0,2,0.04,0,3
100,30,88.0,66,1.32,12,88
200,30,180.0,133,2.64,20,180
2000,30,1789.0,1333,26.64,211,1789
10000,30,8837.0,8029,40.0,1163,8837
20000,30,17794.0,8029,40.0,2206,17794
40000,30,35593.0,8029,40.0,4407,35593
60000,30,53394.0,8029,40.0,6606,53394
80000,30,71216.0,8029,40.0,8784,71216
100000,30,89035.0,8029,40.0,10965,89035
200000,30,178116.0,8029,40.0,21884,178116
400000,30,356004.0,8029,40.0,43996,356004
600000,30,534073.0,8029,40.0,65927,534073
800000,30,712164.0,8029,40.0,87836,712164
1000000,30,890111.0,8029,40.0,109889,890111
2,31,2.0,1,0.0,0,2
3,31,3.0,2,0.04,0,3
100,31,90.0,66,1.32,10,90
200,31,179.0,133,2.64,21,179
2000,31,1754.0,1333,26.64,246,1754
10000,31,8827.0,7610,40.0,1173,8827
20000,31,17723.0,17610,40.0,2277,17723
40000,31,35514.0,37610,40.0,4486,35514
60000,31,53308.0,57610,40.0,6692,53308
80000,31,71129.0,77610,40.0,8871,71129
100000,31,88890.0,97610,40.0,11110,88890
200000,31,177877.0,197610,40.0,22123,177877
400000,31,355968.0,397610,40.0,44032,355968
600000,31,534138.0,597610,40.0,65862,534138
800000,31,712076.0,797610,40.0,87924,712076
1000000,31,890003.0,997610,40.0,109997,890003
2,32,2.0,1,0.0,0,2
3,32,3.0,2,0.04,0,3
100,32,91.0,66,1.32,9,91
200,32,184.0,133,2.64,16,184
2000,32,1766.0,1333,26.64,234,1766
10000,32,8862.0,2490,40.0,1138,8862
20000,32,17785.0,2691,40.0,2215,17785
40000,32,35553.0,2691,40.0,4447,35553
60000,32,53373.0,2837,40.0,6627,53373
80000,32,71211.0,2837,40.0,8789,71211
100000,32,88983.0,2837,40.0,11017,88983
200000,32,177981.0,2837,40.0,22019,177981
400000,32,356074.0,2837,40.0,43926,356074
600000,32,534037.0,2837,40.0,65963,534037
800000,32,711957.0,2837,40.0,88043,711957
1000000,32,889937.0,2837,40.0,110063,889937
2,33,1.0,1,0.0,1,1
3,33,1.0,2,0.04,2,1
100,33,88.0,66,1.32,12,88
200,33,177.0,133,2.64,23,177
2000,33,1737.0,1333,26.64,263,1737
10000,33,8883.0,2000,40.0,1117,8883
20000,33,17789.0,2000,40.0,2211,17789
40000,33,35634.0,2000,40.0,4366,35634
60000,33,53447.0,2000,40.0,6553,53447
80000,33,71294.0,2000,40.0,8706,71294
100000,33,89088.0,2000,40.0,10912,89088
200000,33,177993.0,2000,40.0,22007,177993
400000,33,355675.0,2000,40.0,44325,355675
600000,33,533826.0,2000,40.0,66174,533826
800000,33,711981.0,2000,40.0,88019,711981
1000000,33,889971.0,2000,40.0,110029,889971
2,34,1.0,1,0.0,1,1
3,34,2.0,2,0.04,1,2
100,34,84.0,66,1.32,16,84
200,34,173.0,133,2.64,27,173
2000,34,1772.0,1333,26.64,228,1772
10000,34,8862.0,9000,40.0,1138,8862
20000,34,17741.0,19000,40.0,2259,17741
40000,34,35546.0,39000,40.0,4454,35546
60000,34,53332.0,59000,40.0,6668,53332
80000,34,71052.0,79000,40.0,8948,71052
100000,34,88837.0,99000,40.0,11163,88837
200000,34,177922.0,199000,40.0,22078,177922
400000,34,356014.0,399000,40.0,43986,356014
600000,34,534118.0,599000,40.0,65882,534118
800000,34,712014.0,799000,40.0,87986,712014
1000000,34,890045.0,999000,40.0,109955,890045
2,35,2.0,1,0.0,0,2
3,35,3.0,2,0.04,0,3
100,35,92.0,66,1.32,8,92
200,35,180.0,133,2.64,20,180
2000,35,1746.0,1333,26.64,254,1746
10000,35,8816.0,9000,40.0,1184,8816
20000,35,17803.0,19000,40.0,2197,17803
40000,35,35638.0,39000,40.0,4362,35638
60000,35,53457.0,59000,40.0,6543,53457
80000,35,71275.0,79000,40.0,8725,71275
100000,35,89065.0,99000,40.0,10935,89065
200000,35,178019.0,199000,40.0,21981,178019
400000,35,355780.0,399000,40.0,44220,355780
600000,35,533804.0,599000,40.0,66196,533804
800000,35,711649.0,799000,40.0,88351,711649
1000000,35,889940.0,999000,40.0,110060,889940
2,36,2.0,1,0.0,0,2
3,36,3.0,2,0.04,0,3
100,36,84.0,66,1.32,16,84
200,36,172.0,133,2.64,28,172
2000,36,1742.0,1333,26.64,258,1742
10000,36,8833.0,7794,40.0,1167,8833
20000,36,17692.0,17794,40.0,2308,17692
40000,36,35466.0,37794,40.0,4534,35466
60000,36,53295.0,57794,40.0,6705,53295
80000,36,71112.0,77794,40.0,8888,71112
100000,36,88875.0,97794,40.0,11125,88875
200000,36,177831.0,197794,40.0,22169,177831
400000,36,355553.0,397794,40.0,44447,355553
600000,36,533738.0,597794,40.0,66262,533738
800000,36,711726.0,797794,40.0,88274,711726
1000000,36,889404.0,997794,40.0,110596,889404
2,37,2.0,1,0.0,0,2
3,37,3.0,2,0.04,0,3
100,37,82.0,66,1.32,18,82
200,37,168.0,133,2.64,32,168
2000,37,1750.0,1333,26.64,250,1750
10000,37,8847.0,9000,40.0,1153,8847
20000,37,17728.0,19000,40.0,2272,17728
40000,37,35555.0,39000,40.0,4445,35555
60000,37,53321.0,59000,40.0,6679,53321
80000,37,71177.0,79000,40.0,8823,71177
100000,37,88915.0,99000,40.0,11085,88915
200000,37,178055.0,199000,40.0,21945,178055
400000,37,356063.0,399000,40.0,43937,356063
600000,37,534113.0,599000,40.0,65887,534113
800000,37,712189.0,799000,40.0,87811,712189
1000000,37,890149.0,999000,40.0,109851,890149
2,38,2.0,1,0.0,0,2
3,38,3.0,2,0.04,0,3
100,38,87.0,66,1.32,13,87
200,38,172.0,133,2.64,28,172
2000,38,1763.0,1333,26.64,237,1763
10000,38,8824.0,3077,40.0,1176,8824
20000,38,17737.0,3077,40.0,2263,17737
40000,38,35567.0,3077,40.0,4433,35567
60000,38,53347.0,3077,40.0,6653,53347
80000,38,71141.0,3077,40.0,8859,71141
100000,38,88944.0,3077,40.0,11056,88944
200000,38,178041.0,3077,40.0,21959,178041
400000,38,355980.0,3077,40.0,44020,355980
600000,38,534198.0,3077,40.0,65802,534198
800000,38,712273.0,3077,40.0,87727,712273
1000000,38,890377.0,3077,40.0,109623,890377
2,39,1.0,1,0.0,1,1
3,39,2.0,2,0.04,1,2
100,39,85.0,66,1.32,15,85
200,39,177.0,133,2.64,23,177
2000,39,1743.0,1333,26.64,257,1743
10000,39,8866.0,2000,40.0,1134,8866
20000,39,17756.0,2000,40.0,2244,17756
40000,39,35568.0,2000,40.0,4432,35568
60000,39,53367.0,2000,40.0,6633,53367
80000,39,71173.0,2000,40.0,8827,71173
100000,39,89013.0,2000,40.0,10987,89013
200000,39,178025.0,2000,40.0,21975,178025
400000,39,356142.0,2000,40.0,43858,356142
600000,39,534270.0,2000,40.0,65730,534270
800000,39,712185.0,2000,40.0,87815,712185
1000000,39,890105.0,2000,40.0,109895,890105
2,40,2.0,1,0.0,0,2
3,40,3.0,2,0.04,0,3
100,40,87.0,66,1.32,13,87
200,40,179.0,133,2.64,21,179
2000,40,1743.0,1333,26.64,257,1743
10000,40,8857.0,2000,40.0,1143,8857
20000,40,17729.0,2000,40.0,2271,17729
40000,40,35557.0,2000,40.0,4443,35557
60000,40,53370.0,2000,40.0,6630,53370
80000,40,71190.0,2000,40.0,8810,71190
100000,40,89008.0,2000,40.0,10992,89008
200000,40,178020.0,2000,40.0,21980,178020
400000,40,356306.0,2000,40.0,43694,356306
600000,40,534162.0,2000,40.0,65838,534162
800000,40,712174.0,2000,40.0,87826,712174
1000000,40,890362.0,2000,40.0,109638,890362
2,41,2.0,1,0.0,0,2
3,41,3.0,2,0.04,0,3
100,41,88.0,66,1.32,12,88
200,41,177.0,133,2.64,23,177
2000,41,1751.0,1333,26.64,249,1751
10000,41,8860.0,9000,40.0,1140,8860
20000,41,17760.0,19000,40.0,2240,17760
40000,41,35601.0,39000,40.0,4399,35601
60000,41,53369.0,59000,40.0,6631,53369
80000,41,71147.0,79000,40.0,8853,71147
100000,41,88930.0,99000,40.0,11070,88930
200000,41,177970.0,199000,40.0,22030,177970
400000,41,355962.0,399000,40.0,44038,355962
600000,41,533867.0,599000,40.0,66133,533867
800000,41,711854.0,799000,40.0,88146,711854
1000000,41,889716.0,999000,40.0,110284,889716
2,42,2.0,1,0.0,0,2
3,42,3.0,2,0.04,0,3
100,42,91.0,66,1.32,9,91
200,42,177.0,133,2.64,23,177
2000,42,1732.0,1333,26.64,268,1732
10000,42,8859.0,2000,40.0,1141,8859
20000,42,17753.0,2000,40.0,2247,17753
40000,42,35513.0,2000,40.0,4487,35513
60000,42,53337.0,2000,40.0,6663,53337
80000,42,71149.0,2000,40.0,8851,71149
100000,42,88940.0,2000,40.0,11060,88940
200000,42,177916.0,2000,40.0,22084,177916
400000,42,355916.0,2000,40.0,44084,355916
600000,42,534009.0,2000,40.0,65991,534009
800000,42,711879.0,2000,40.0,88121,711879
1000000,42,890130.0,2000,40.0,109870,890130
2,43,2.0,1,0.0,0,2
3,43,3.0,2,0.04,0,3
100,43,85.0,66,1.32,15,85
200,43,171.0,133,2.64,29,171
2000,43,1756.0,1333,26.64,244,1756
10000,43,8864.0,2239,40.0,1136,8864
20000,43,17772.0,2239,40.0,2228,17772
40000,43,35427.0,4470,40.0,4573,35427
60000,43,53228.0,4470,40.0,6772,53228
80000,43,71066.0,4470,40.0,8934,71066
100000,43,88847.0,4470,40.0,11153,88847
200000,43,177967.0,4470,40.0,22033,177967
400000,43,355870.0,4470,40.0,44130,355870
600000,43,533849.0,4470,40.0,66151,533849
800000,43,711937.0,4470,40.0,88063,711937
1000000,43,890171.0,4470,40.0,109829,890171
2,44,1.0,1,0.0,1,1
3,44,2.0,2,0.04,1,2
100,44,86.0,66,1.32,14,86
200,44,172.0,133,2.64,28,172
2000,44,1763.0,1333,26.64,237,1763
10000,44,8886.0,8853,40.0,1114,8886
20000,44,17733.0,18853,40.0,2267,17733
40000,44,35478.0,38853,40.0,4522,35478
60000,44,53263.0,58853,40.0,6737,53263
80000,44,71102.0,78853,40.0,8898,71102
100000,44,88989.0,98853,40.0,11011,88989
200000,44,178057.0,198853,40.0,21943,178057
400000,44,356082.0,398853,40.0,43918,356082
600000,44,534079.0,598853,40.0,65921,534079
800000,44,712230.0,798853,40.0,87770,712230
1000000,44,890196.0,998853,40.0,109804,890196
2,45,2.0,1,0.0,0,2
3,45,3.0,2,0.04,0,3
100,45,86.0,66,1.32,14,86
200,45,172.0,133,2.64,28,172
2000,45,1748.0,1333,26.64,252,1748
10000,45,8837.0,2005,40.0,1163,8837
20000,45,17744.0,2005,40.0,2256,17744
40000,45,35436.0,2006,40.0,4564,35436
60000,45,53213.0,2006,40.0,6787,53213
80000,45,71081.0,2006,40.0,8919,71081
100000,45,88931.0,2006,40.0,11069,88931
200000,45,177910.0,2006,40.0,22090,177910
400000,45,355819.0,2006,40.0,44181,355819
600000,45,533959.0,2006,40.0,66041,533959
800000,45,711934.0,2006,40.0,88066,711934
1000000,45,889836.0,2006,40.0,110164,889836
2,46,2.0,1,0.0,0,2
3,46,2.0,2,0.04,1,2
100,46,90.0,66,1.32,10,90
200,46,181.0,133,2.64,19,181
2000,46,1766.0,1333,26.64,234,1766
10000,46,8899.0,2008,40.0,1101,8899
20000,46,17812.0,2008,40.0,2188,17812
40000,46,35708.0,2008,40.0,4292,35708
60000,46,53490.0,2008,40.0,6510,53490
80000,46,71337.0,2008,40.0,8663,71337
100000,46,89183.0,2008,40.0,10817,89183
200000,46,178092.0,2008,40.0,21908,178092
400000,46,356005.0,2008,40.0,43995,356005
600000,46,534049.0,2008,40.0,65951,534049
800000,46,712084.0,2008,40.0,87916,712084
1000000,46,889736.0,2008,40.0,110264,889736
2,47,2.0,1,0.0,0,2
3,47,2.0,2,0.04,1,2
100,47,86.0,66,1.32,14,86
200,47,172.0,133,2.64,28,172
2000,47,1743.0,1333,26.64,257,1743
10000,47,8867.0,2000,40.0,1133,8867
20000,47,17755.0,2000,40.0,2245,17755
40000,47,35527.0,2000,40.0,4473,35527
60000,47,53380.0,2000,40.0,6620,53380
80000,47,71196.0,2000,40.0,8804,71196
100000,47,89036.0,2000,40.0,10964,89036
200000,47,178198.0,2000,40.0,21802,178198
400000,47,356205.0,2000,40.0,43795,356205
600000,47,534365.0,2000,40.0,65635,534365
800000,47,712398.0,2000,40.0,87602,712398
1000000,47,890483.0,2000,40.0,109517,890483
2,48,2.0,1,0.0,0,2
3,48,3.0,2,0.04,0,3
100,48,85.0,66,1.32,15,85
200,48,175.0,133,2.64,25,175
2000,48,1754.0,1333,26.64,246,1754
10000,48,8886.0,9000,40.0,1114,8886
20000,48,17780.0,19000,40.0,2220,17780
40000,48,35603.0,39000,40.0,4397,35603
60000,48,53422.0,59000,40.0,6578,53422
80000,48,71310.0,79000,40.0,8690,71310
100000,48,89082.0,99000,40.0,10918,89082
200000,48,177964.0,199000,40.0,22036,177964
400000,48,355947.0,399000,40.0,44053,355947
600000,48,533956.0,599000,40.0,66044,533956
800000,48,712016.0,799000,40.0,87984,712016
1000000,48,889658.0,999000,40.0,110342,889658
2,49,2.0,1,0.0,0,2
3,49,3.0,2,0.04,0,3
100,49,85.0,66,1.32,15,85
200,49,171.0,133,2.64,29,171
2000,49,1744.0,1333,26.64,256,1744
10000,49,8880.0,9000,40.0,1120,8880
20000,49,17776.0,19000,40.0,2224,17776
40000,49,35533.0,39000,40.0,4467,35533
60000,49,53385.0,59000,40.0,6615,53385
80000,49,71212.0,79000,40.0,8788,71212
100000,49,88955.0,99000,40.0,11045,88955
200000,49,177918.0,199000,40.0,22082,177918
400000,49,355715.0,399000,40.0,44285,355715
600000,49,533426.0,599000,40.0,66574,533426
800000,49,711354.0,799000,40.0,88646,711354
1000000,49,889481.0,999000,40.0,110519,889481
2,50,2.0,1,0.0,0,2
3,50,2.0,2,0.04,1,2
100,50,81.0,66,1.32,19,81
200,50,162.0,133,2.64,38,162
2000,50,1740.0,1333,26.64,260,1740
10000,50,8821.0,8568,40.0,1179,8821
20000,50,17663.0,18566,40.0,2337,17663
40000,50,35418.0,38563,40.0,4582,35418
60000,50,53285.0,58563,40.0,6715,53285
80000,50,70994.0,78563,40.0,9006,70994
100000,50,88808.0,98563,40.0,11192,88808
200000,50,177635.0,198563,40.0,22365,177635
400000,50,355673.0,398563,40.0,44327,355673
600000,50,533599.0,598563,40.0,66401,533599
800000,50,711760.0,798563,40.0,88240,711760
1000000,50,889490.0,998563,40.0,110510,889490
2,51,1.0,1,0.0,1,1
3,51,2.0,2,0.04,1,2
100,51,94.0,66,1.32,6,94
200,51,178.0,133,2.64,22,178
2000,51,1760.0,1333,26.64,240,1760
10000,51,8908.0,2000,40.0,1092,8908
20000,51,17793.0,2000,40.0,2207,17793
40000,51,35547.0,2000,40.0,4453,35547
60000,51,53341.0,2000,40.0,6659,53341
80000,51,71128.0,2000,40.0,8872,71128
100000,51,88931.0,2000,40.0,11069,88931
200000,51,177914.0,2000,40.0,22086,177914
400000,51,356092.0,2000,40.0,43908,356092
600000,51,534039.0,2000,40.0,65961,534039
800000,51,711917.0,2000,40.0,88083,711917
1000000,51,889884.0,2000,40.0,110116,889884
2,52,1.0,1,0.0,1,1
3,52,2.0,2,0.04,1,2
100,52,85.0,66,1.32,15,85
200,52,178.0,133,2.64,22,178
2000,52,1770.0,1333,26.64,230,1770
10000,52,8856.0,2054,40.0,1144,8856
20000,52,17730.0,2091,40.0,2270,17730
40000,52,35581.0,2091,40.0,4419,35581
60000,52,53389.0,2091,40.0,6611,53389
80000,52,71203.0,2091,40.0,8797,71203
100000,52,88938.0,2091,40.0,11062,88938
200000,52,177874.0,2091,40.0,22126,177874
400000,52,355905.0,2091,40.0,44095,355905
600000,52,533953.0,2091,40.0,66047,533953
800000,52,711998.0,2091,40.0,88002,711998
1000000,52,890084.0,2091,40.0,109916,890084
2,53,2.0,1,0.0,0,2
3,53,3.0,2,0.04,0,3
100,53,84.0,66,1.32,16,84
200,53,174.0,133,2.64,26,174
2000,53,1740.0,1333,26.64,260,1740
10000,53,8829.0,8996,40.0,1171,8829
20000,53,17711.0,18996,40.0,2289,17711
40000,53,35503.0,38996,40.0,4497,35503
60000,53,53372.0,58996,40.0,6628,53372
80000,53,71173.0,78996,40.0,8827,71173
100000,53,89030.0,98996,40.0,10970,89030
200000,53,177994.0,198996,40.0,22006,177994
400000,53,355997.0,398996,40.0,44003,355997
600000,53,533991.0,598996,40.0,66009,533991
800000,53,712147.0,798996,40.0,87853,712147
1000000,53,890003.0,998996,40.0,109997,890003
2,54,2.0,1,0.0,0,2
3,54,3.0,2,0.04,0,3
100,54,84.0,66,1.32,16,84
200,54,171.0,133,2.64,29,171
2000,54,1730.0,1333,26.64,270,1730
10000,54,8847.0,2000,40.0,1153,8847
20000,54,17788.0,2000,40.0,2212,17788
40000,54,35624.0,2000,40.0,4376,35624
60000,54,53343.0,2000,40.0,6657,53343
80000,54,71173.0,2000,40.0,8827,71173
100000,54,89039.0,2000,40.0,10961,89039
200000,54,178006.0,2000,40.0,21994,178006
400000,54,355838.0,2000,40.0,44162,355838
600000,54,533903.0,2000,40.0,66097,533903
800000,54,712143.0,2000,40.0,87857,712143
1000000,54,890236.0,2000,40.0,109764,890236
2,55,2.0,1,0.0,0,2
3,55,3.0,2,0.04,0,3
100,55,88.0,66,1.32,12,88
200,55,176.0,133,2.64,24,176
2000,55,1738.0,1333,26.64,262,1738
10000,55,8850.0,2000,40.0,1150,8850
20000,55,17777.0,2000,40.0,2223,17777
40000,55,35586.0,2000,40.0,4414,35586
60000,55,53402.0,2000,40.0,6598,53402
80000,55,71302.0,2000,40.0,8698,71302
100000,55,89153.0,2000,40.0,10847,89153
200000,55,178106.0,2000,40.0,21894,178106
400000,55,356260.0,2000,40.0,43740,356260
600000,55,534315.0,2000,40.0,65685,534315
800000,55,712031.0,2000,40.0,87969,712031
1000000,55,890124.0,2000,40.0,109876,890124
2,56,2.0,1,0.0,0,2
3,56,2.0,2,0.04,1,2
100,56,85.0,66,1.32,15,85
200,56,170.0,133,2.64,30,170
2000,56,1744.0,1333,26.64,256,1744
10000,56,8839.0,9000,40.0,1161,8839
20000,56,17746.0,19000,40.0,2254,17746
40000,56,35644.0,39000,40.0,4356,35644
60000,56,53465.0,59000,40.0,6535,53465
80000,56,71273.0,79000,40.0,8727,71273
100000,56,89074.0,99000,40.0,10926,89074
200000,56,178234.0,199000,40.0,21766,178234
400000,56,356065.0,399000,40.0,43935,356065
600000,56,534296.0,599000,40.0,65704,534296
800000,56,712255.0,799000,40.0,87745,712255
1000000,56,890069.0,999000,40.0,109931,890069
2,57,1.0,1,0.0,1,1
3,57,2.0,2,0.04,1,2
100,57,88.0,66,1.32,12,88
200,57,178.0,133,2.64,22,178
2000,57,1743.0,1333,26.64,257,1743
10000,57,8871.0,9000,40.0,1129,8871
20000,57,17776.0,19000,40.0,2224,17776
40000,57,35597.0,39000,40.0,4403,35597
60000,57,53382.0,59000,40.0,6618,53382
80000,57,71217.0,79000,40.0,8783,71217
100000,57,88986.0,99000,40.0,11014,88986
200000,57,177938.0,199000,40.0,22062,177938
400000,57,356000.0,399000,40.0,44000,356000
600000,57,534050.0,599000,40.0,65950,534050
800000,57,712007.0,799000,40.0,87993,712007
1000000,57,889735.0,999000,40.0,110265,889735
2,58,2.0,1,0.0,0,2
3,58,3.0,2,0.04,0,3
100,58,92.0,66,1.32,8,92
200,58,182.0,133,2.64,18,182
2000,58,1746.0,1333,26.64,254,1746
10000,58,8884.0,2000,40.0,1116,8884
20000,58,17790.0,2000,40.0,2210,17790
40000,58,35593.0,2000,40.0,4407,35593
60000,58,53438.0,2000,40.0,6562,53438
80000,58,71229.0,2000,40.0,8771,71229
100000,58,89015.0,2000,40.0,10985,89015
200000,58,178117.0,2000,40.0,21883,178117
400000,58,356239.0,2000,40.0,43761,356239
600000,58,534254.0,2000,40.0,65746,534254
800000,58,712344.0,2000,40.0,87656,712344
1000000,58,890443.0,2000,40.0,109557,890443
2,59,2.0,1,0.0,0,2
3,59,3.0,2,0.04,0,3
100,59,86.0,66,1.32,14,86
200,59,167.0,133,2.64,33,167
2000,59,1733.0,1333,26.64,267,1733
10000,59,8867.0,9000,40.0,1133,8867
20000,59,17752.0,19000,40.0,2248,17752
40000,59,35507.0,39000,40.0,4493,35507
60000,59,53315.0,59000,40.0,6685,53315
80000,59,71211.0,79000,40.0,8789,71211
100000,59,88969.0,99000,40.0,11031,88969
200000,59,178049.0,199000,40.0,21951,178049
400000,59,356080.0,399000,40.0,43920,356080
600000,59,534153.0,599000,40.0,65847,534153
800000,59,712207.0,799000,40.0,87793,712207
1000000,59,890149.0,999000,40.0,109851,890149
2,60,2.0,1,0.0,0,2
3,60,3.0,2,0.04,0,3
100,60,92.0,66,1.32,8,92
200,60,183.0,133,2.64,17,183
2000,60,1753.0,1333,26.64,247,1753
10000,60,8820.0,9000,40.0,1180,8820
20000,60,17748.0,19000,40.0,2252,17748
40000,60,35583.0,39000,40.0,4417,35583
60000,60,53374.0,59000,40.0,6626,53374
80000,60,71189.0,79000,40.0,8811,71189
100000,60,88875.0,99000,40.0,11125,88875
200000,60,177870.0,199000,40.0,22130,177870
400000,60,355831.0,399000,40.0,44169,355831
600000,60,534056.0,599000,40.0,65944,534056
800000,60,712043.0,799000,40.0,87957,712043
1000000,60,890109.0,999000,40.0,109891,890109
2,61,2.0,1,0.0,0,2
3,61,3.0,2,0.04,0,3
100,61,89.0,66,1.32,11,89
200,61,183.0,133,2.64,17,183
2000,61,1759.0,1333,26.64,241,1759
10000,61,8923.0,2000,40.0,1077,8923
20000,61,17777.0,2000,40.0,2223,17777
40000,61,35565.0,2000,40.0,4435,35565
60000,61,53327.0,2000,40.0,6673,53327
80000,61,71166.0,2000,40.0,8834,71166
100000,61,88986.0,2000,40.0,11014,88986
200000,61,178098.0,2000,40.0,21902,178098
400000,61,356064.0,2000,40.0,43936,356064
600000,61,534233.0,2000,40.0,65767,534233
800000,61,712251.0,2000,40.0,87749,712251
1000000,61,890071.0,2000,40.0,109929,890071
2,62,2.0,1,0.0,0,2
3,62,2.0,2,0.04,1,2
100,62,88.0,66,1.32,12,88
200,62,175.0,133,2.64,25,175
2000,62,1790.0,1333,26.64,210,1790
10000,62,8909.0,7211,40.0,1091,8909
20000,62,17824.0,17209,40.0,2176,17824
40000,62,35622.0,37168,40.0,4378,35622
60000,62,53437.0,57168,40.0,6563,53437
80000,62,71232.0,77055,40.0,8768,71232
100000,62,89123.0,97051,40.0,10877,89123
200000,62,178051.0,197049,40.0,21949,178051
400000,62,355990.0,397043,40.0,44010,355990
600000,62,533863.0,597037,40.0,66137,533863
800000,62,711959.0,797037,40.0,88041,711959
1000000,62,890068.0,997037,40.0,109932,890068
2,63,2.0,1,0.0,0,2
3,63,2.0,2,0.04,1,2
100,63,86.0,66,1.32,14,86
200,63,176.0,133,2.64,24,176
2000,63,1776.0,1333,26.64,224,1776
10000,63,8859.0,8822,40.0,1141,8859
20000,63,17806.0,18822,40.0,2194,17806
40000,63,35699.0,38822,40.0,4301,35699
60000,63,53488.0,58822,40.0,6512,53488
80000,63,71298.0,78822,40.0,8702,71298
100000,63,89066.0,98822,40.0,10934,89066
200000,63,178122.0,198822,40.0,21878,178122
400000,63,356077.0,398822,40.0,43923,356077
600000,63,534234.0,598822,40.0,65766,534234
800000,63,712268.0,798822,40.0,87732,712268
1000000,63,890270.0,998822,40.0,109730,890270
2,64,2.0,1,0.0,0,2
3,64,3.0,2,0.04,0,3
100,64,87.0,66,1.32,13,87
200,64,175.0,133,2.64,25,175
2000,64,1752.0,1333,26.64,248,1752
10000,64,8828.0,9000,40.0,1172,8828
20000,64,17729.0,19000,40.0,2271,17729
40000,64,35583.0,39000,40.0,4417,35583
60000,64,53380.0,59000,40.0,6620,53380
80000,64,71185.0,79000,40.0,8815,71185
100000,64,88986.0,99000,40.0,11014,88986
200000,64,178037.0,199000,40.0,21963,178037
400000,64,356068.0,399000,40.0,43932,356068
600000,64,534131.0,599000,40.0,65869,534131
800000,64,712036.0,799000,40.0,87964,712036
1000000,64,890168.0,999000,40.0,109832,890168
2,65,2.0,1,0.0,0,2
3,65,3.0,2,0.04,0,3
100,65,87.0,66,1.32,13,87
200,65,175.0,133,2.64,25,175
2000,65,1743.0,1333,26.64,257,1743
10000,65,8876.0,2897,40.0,1124,8876
20000,65,17778.0,2897,40.0,2222,17778
40000,65,35514.0,2897,40.0,4486,35514
60000,65,53298.0,2899,40.0,6702,53298
80000,65,71082.0,2899,40.0,8918,71082
100000,65,88900.0,2899,40.0,11100,88900
200000,65,178014.0,2899,40.0,21986,178014
400000,65,356140.0,2899,40.0,43860,356140
600000,65,534131.0,2899,40.0,65869,534131
800000,65,712118.0,2899,40.0,87882,712118
1000000,65,890499.0,2899,40.0,109501,890499
2,66,2.0,1,0.0,0,2
3,66,3.0,2,0.04,0,3
100,66,91.0,66,1.32,9,91
200,66,169.0,133,2.64,31,169
2000,66,1741.0,1333,26.64,259,1741
10000,66,8864.0,9000,40.0,1136,8864
20000,66,17757.0,19000,40.0,2243,17757
40000,66,35553.0,39000,40.0,4447,35553
60000,66,53384.0,59000,40.0,6616,53384
80000,66,71241.0,79000,40.0,8759,71241
100000,66,89118.0,99000,40.0,10882,89118
200000,66,178201.0,199000,40.0,21799,178201
400000,66,356374.0,399000,40.0,43626,356374
600000,66,534170.0,599000,40.0,65830,534170
800000,66,712443.0,799000,40.0,87557,712443
1000000,66,890491.0,999000,40.0,109509,890491
2,67,2.0,1,0.0,0,2
3,67,3.0,2,0.04,0,3
100,67,88.0,66,1.32,12,88
200,67,175.0,133,2.64,25,175
2000,67,1772.0,1333,26.64,228,1772
10000,67,8906.0,8998,40.0,1094,8906
20000,67,17804.0,18954,40.0,2196,17804
40000,67,35581.0,38954,40.0,4419,35581
60000,67,53347.0,58931,40.0,6653,53347
80000,67,71162.0,78901,40.0,8838,71162
100000,67,88924.0,98901,40.0,11076,88924
200000,67,177900.0,198901,40.0,22100,177900
400000,67,355709.0,398901,40.0,44291,355709
600000,67,533817.0,598901,40.0,66183,533817
800000,67,711705.0,798901,40.0,88295,711705
1000000,67,889610.0,998901,40.0,110390,889610
2,68,2.0,1,0.0,0,2
3,68,3.0,2,0.04,0,3
100,68,86.0,66,1.32,14,86
200,68,177.0,133,2.64,23,177
2000,68,1775.0,1333,26.64,225,1775
10000,68,8902.0,8893,40.0,1098,8902
20000,68,17815.0,18671,40.0,2185,17815
40000,68,35651.0,38663,40.0,4349,35651
60000,68,53418.0,58481,40.0,6582,53418
80000,68,71200.0,78442,40.0,8800,71200
100000,68,88953.0,98439,40.0,11047,88953
200000,68,178050.0,198439,40.0,21950,178050
400000,68,356132.0,398439,40.0,43868,356132
600000,68,533996.0,598439,40.0,66004,533996
800000,68,712173.0,798439,40.0,87827,712173
1000000,68,890263.0,998439,40.0,109737,890263
2,69,1.0,1,0.0,1,1
3,69,2.0,2,0.04,1,2
100,69,86.0,66,1.32,14,86
200,69,171.0,133,2.64,29,171
2000,69,1757.0,1333,26.64,243,1757
10000,69,8881.0,2000,40.0,1119,8881
20000,69,17792.0,2000,40.0,2208,17792
40000,69,35578.0,2000,40.0,4422,35578
60000,69,53323.0,2000,40.0,6677,53323
80000,69,71150.0,2000,40.0,8850,71150
100000,69,88985.0,2000,40.0,11015,88985
200000,69,178137.0,2000,40.0,21863,178137
400000,69,355965.0,2000,40.0,44035,355965
600000,69,534214.0,2000,40.0,65786,534214
800000,69,712312.0,2000,40.0,87688,712312
1000000,69,890511.0,2000,40.0,109489,890511
2,70,2.0,1,0.0,0,2
3,70,3.0,2,0.04,0,3
100,70,88.0,66,1.32,12,88
200,70,177.0,133,2.64,23,177
2000,70,1749.0,1333,26.64,251,1749
10000,70,8872.0,9000,40.0,1128,8872
20000,70,17810.0,19000,40.0,2190,17810
40000,70,35660.0,39000,40.0,4340,35660
60000,70,53370.0,59000,40.0,6630,53370
80000,70,71203.0,79000,40.0,8797,71203
100000,70,88998.0,99000,40.0,11002,88998
200000,70,178170.0,199000,40.0,21830,178170
400000,70,356271.0,399000,40.0,43729,356271
600000,70,534325.0,599000,40.0,65675,534325
800000,70,712410.0,799000,40.0,87590,712410
1000000,70,890371.0,999000,40.0,109629,890371
2,71,2.0,1,0.0,0,2
3,71,3.0,2,0.04,0,3
100,71,92.0,66,1.32,8,92
200,71,173.0,133,2.64,27,173
2000,71,1746.0,1333,26.64,254,1746
10000,71,8838.0,8589,40.0,1162,8838
20000,71,17729.0,18578,40.0,2271,17729
40000,71,35504.0,38578,40.0,4496,35504
60000,71,53266.0,58578,40.0,6734,53266
80000,71,71106.0,78578,40.0,8894,71106
100000,71,88912.0,98578,40.0,11088,88912
200000,71,177865.0,198578,40.0,22135,177865
400000,71,355694.0,398578,40.0,44306,355694
600000,71,533799.0,598578,40.0,66201,533799
800000,71,711742.0,798578,40.0,88258,711742
1000000,71,889482.0,998578,40.0,110518,889482
2,72,2.0,1,0.0,0,2
3,72,3.0,2,0.04,0,3
100,72,85.0,66,1.32,15,85
200,72,173.0,133,2.64,27,173
2000,72,1755.0,1333,26.64,245,1755
10000,72,8853.0,8160,40.0,1147,8853
20000,72,17773.0,18160,40.0,2227,17773
40000,72,35498.0,38156,40.0,4502,35498
60000,72,53277.0,58156,40.0,6723,53277
80000,72,71099.0,78156,40.0,8901,71099
100000,72,88923.0,98156,40.0,11077,88923
200000,72,177972.0,198156,40.0,22028,177972
400000,72,356045.0,398156,40.0,43955,356045
600000,72,534238.0,598156,40.0,65762,534238
800000,72,712360.0,798156,40.0,87640,712360
1000000,72,890277.0,998156,40.0,109723,890277
2,73,2.0,1,0.0,0,2
3,73,3.0,2,0.04,0,3
100,73,88.0,66,1.32,12,88
200,73,179.0,133,2.64,21,179
2000,73,1736.0,1333,26.64,264,1736
10000,73,8813.0,7046,40.0,1187,8813
20000,73,17719.0,17046,40.0,2281,17719
40000,73,35422.0,37046,40.0,4578,35422
60000,73,53170.0,57046,40.0,6830,53170
80000,73,70972.0,77046,40.0,9028,70972
100000,73,88797.0,97046,40.0,11203,88797
200000,73,177967.0,197046,40.0,22033,177967
400000,73,356039.0,397046,40.0,43961,356039
600000,73,534154.0,597046,40.0,65846,534154
800000,73,712152.0,797046,40.0,87848,712152
1000000,73,890261.0,997046,40.0,109739,890261
2,74,2.0,1,0.0,0,2
3,74,3.0,2,0.04,0,3
100,74,87.0,66,1.32,13,87
200,74,177.0,133,2.64,23,177
2000,74,1750.0,1333,26.64,250,1750
10000,74,8826.0,2000,40.0,1174,8826
20000,74,17716.0,2000,40.0,2284,17716
40000,74,35471.0,2000,40.0,4529,35471
60000,74,53256.0,2000,40.0,6744,53256
80000,74,71056.0,2000,40.0,8944,71056
100000,74,88805.0,2000,40.0,11195,88805
200000,74,177985.0,2000,40.0,22015,177985
400000,74,355941.0,2000,40.0,44059,355941
600000,74,533839.0,2000,40.0,66161,533839
800000,74,712066.0,2000,40.0,87934,712066
1000000,74,890125.0,2000,40.0,109875,890125
2,75,2.0,1,0.0,0,2
3,75,3.0,2,0.04,0,3
100,75,94.0,66,1.32,6,94
200,75,176.0,133,2.64,24,176
2000,75,1738.0,1333,26.64,262,1738
10000,75,8865.0,2000,40.0,1135,8865
20000,75,17798.0,2000,40.0,2202,17798
40000,75,35571.0,2000,40.0,4429,35571
60000,75,53374.0,2000,40.0,6626,53374
80000,75,71266.0,2000,40.0,8734,71266
100000,75,89105.0,2000,40.0,10895,89105
200000,75,178166.0,2000,40.0,21834,178166
400000,75,356005.0,2000,40.0,43995,356005
600000,75,533934.0,2000,40.0,66066,533934
800000,75,712037.0,2000,40.0,87963,712037
1000000,75,890059.0,2000,40.0,109941,890059
2,76,2.0,1,0.0,0,2
3,76,2.0,2,0.04,1,2
100,76,91.0,66,1.32,9,91
200,76,176.0,133,2.64,24,176
2000,76,1753.0,1333,26.64,247,1753
10000,76,8939.0,2000,40.0,1061,8939
20000,76,17867.0,2000,40.0,2133,17867
40000,76,35681.0,2000,40.0,4319,35681
60000,76,53407.0,2000,40.0,6593,53407
80000,76,71195.0,2000,40.0,8805,71195
100000,76,89055.0,2000,40.0,10945,89055
200000,76,178205.0,2000,40.0,21795,178205
400000,76,356159.0,2000,40.0,43841,356159
600000,76,533993.0,2000,40.0,66007,533993
800000,76,712021.0,2000,40.0,87979,712021
1000000,76,889790.0,2000,40.0,110210,889790
2,77,2.0,1,0.0,0,2
3,77,2.0,2,0.04,1,2
100,77,85.0,66,1.32,15,85
200,77,172.0,133,2.64,28,172
2000,77,1773.0,1333,26.64,227,1773
10000,77,8880.0,2608,40.0,1120,8880
20000,77,17727.0,2608,40.0,2273,17727
40000,77,35556.0,2608,40.0,4444,35556
60000,77,53303.0,2608,40.0,6697,53303
80000,77,71041.0,2608,40.0,8959,71041
100000,77,88825.0,2608,40.0,11175,88825
200000,77,177792.0,2608,40.0,22208,177792
400000,77,355744.0,2608,40.0,44256,355744
600000,77,534087.0,2608,40.0,65913,534087
800000,77,712094.0,2608,40.0,87906,712094
1000000,77,890132.0,2608,40.0,109868,890132
2,78,2.0,1,0.0,0,2
3,78,3.0,2,0.04,0,3
100,78,83.0,66,1.32,17,83
200,78,178.0,133,2.64,22,178
2000,78,1728.0,1333,26.64,272,1728
10000,78,8858.0,9000,40.0,1142,8858
20000,78,17790.0,19000,40.0,2210,17790
40000,78,35658.0,39000,40.0,4342,35658
60000,78,53530.0,59000,40.0,6470,53530
80000,78,71322.0,79000,40.0,8678,71322
100000,78,89160.0,99000,40.0,10840,89160
200000,78,178145.0,199000,40.0,21855,178145
400000,78,356073.0,399000,40.0,43927,356073
600000,78,534085.0,599000,40.0,65915,534085
800000,78,712080.0,799000,40.0,87920,712080
1000000,78,889843.0,999000,40.0,110157,889843
2,79,0.0,1,0.0,2,0
3,79,1.0,2,0.04,2,1
100,79,79.0,66,1.32,21,79
200,79,166.0,133,2.64,34,166
2000,79,1752.0,1333,26.64,248,1752
10000,79,8861.0,3034,40.0,1139,8861
20000,79,17808.0,3034,40.0,2192,17808
40000,79,35602.0,3034,40.0,4398,35602
60000,79,53377.0,3034,40.0,6623,53377
80000,79,71135.0,3034,40.0,8865,71135
100000,79,88880.0,3034,40.0,11120,88880
200000,79,177907.0,3034,40.0,22093,177907
400000,79,356133.0,3034,40.0,43867,356133
600000,79,534183.0,3034,40.0,65817,534183
800000,79,712121.0,3034,40.0,87879,712121
1000000,79,889909.0,3034,40.0,110091,889909
2,80,1.0,1,0.0,1,1
3,80,1.0,2,0.04,2,1
100,80,82.0,66,1.32,18,82
200,80,173.0,133,2.64,27,173
2000,80,1769.0,1333,26.64,231,1769
10000,80,8893.0,2000,40.0,1107,8893
20000,80,17782.0,2000,40.0,2218,17782
40000,80,35546.0,2000,40.0,4454,35546
60000,80,53379.0,2000,40.0,6621,53379
80000,80,71133.0,2000,40.0,8867,71133
100000,80,88863.0,2000,40.0,11137,88863
200000,80,177795.0,2000,40.0,22205,177795
400000,80,355815.0,2000,40.0,44185,355815
600000,80,533536.0,2000,40.0,66464,533536
800000,80,711473.0,2000,40.0,88527,711473
1000000,80,889526.0,2000,40.0,110474,889526
2,81,0.0,1,0.0,2,0
3,81,1.0,2,0.04,2,1
100,81,90.0,66,1.32,10,90
200,81,177.0,133,2.64,23,177
2000,81,1727.0,1333,26.64,273,1727
10000,81,8829.0,2000,40.0,1171,8829
20000,81,17734.0,2000,40.0,2266,17734
40000,81,35491.0,2000,40.0,4509,35491
60000,81,53253.0,2000,40.0,6747,53253
80000,81,71050.0,2000,40.0,8950,71050
100000,81,88802.0,2000,40.0,11198,88802
200000,81,177751.0,2000,40.0,22249,177751
400000,81,355853.0,2000,40.0,44147,355853
600000,81,533953.0,2000,40.0,66047,533953
800000,81,711967.0,2000,40.0,88033,711967
1000000,81,890164.0,2000,40.0,109836,890164
2,82,2.0,1,0.0,0,2
3,82,2.0,2,0.04,1,2
100,82,90.0,66,1.32,10,90
200,82,170.0,133,2.64,30,170
2000,82,1746.0,1333,26.64,254,1746
10000,82,8830.0,2000,40.0,1170,8830
20000,82,17684.0,2000,40.0,2316,17684
40000,82,35490.0,2000,40.0,4510,35490
60000,82,53386.0,2000,40.0,6614,53386
80000,82,71126.0,2000,40.0,8874,71126
100000,82,88888.0,2000,40.0,11112,88888
200000,82,177689.0,2000,40.0,22311,177689
400000,82,355716.0,2000,40.0,44284,355716
600000,82,533721.0,2000,40.0,66279,533721
800000,82,711715.0,2000,40.0,88285,711715
1000000,82,889630.0,2000,40.0,110370,889630
2,83,2.0,1,0.0,0,2
3,83,3.0,2,0.04,0,3
100,83,85.0,66,1.32,15,85
200,83,177.0,133,2.64,23,177
2000,83,1737.0,1333,26.64,263,1737
10000,83,8833.0,2000,40.0,1167,8833
20000,83,17736.0,2000,40.0,2264,17736
40000,83,35466.0,2000,40.0,4534,35466
60000,83,53322.0,2000,40.0,6678,53322
80000,83,71089.0,2000,40.0,8911,71089
100000,83,88886.0,2000,40.0,11114,88886
200000,83,177892.0,2000,40.0,22108,177892
400000,83,355820.0,2000,40.0,44180,355820
600000,83,533551.0,2000,40.0,66449,533551
800000,83,711517.0,2000,40.0,88483,711517
1000000,83,889404.0,2000,40.0,110596,889404
2,84,2.0,1,0.0,0,2
3,84,3.0,2,0.04,0,3
100,84,90.0,66,1.32,10,90
200,84,178.0,133,2.64,22,178
2000,84,1775.0,1333,26.64,225,1775
10000,84,8899.0,8175,40.0,1101,8899
20000,84,17805.0,18175,40.0,2195,17805
40000,84,35606.0,38175,40.0,4394,35606
60000,84,53365.0,58175,40.0,6635,53365
80000,84,71221.0,78175,40.0,8779,71221
100000,84,89040.0,98175,40.0,10960,89040
200000,84,178100.0,198175,40.0,21900,178100
400000,84,356209.0,398175,40.0,43791,356209
600000,84,534301.0,598175,40.0,65699,534301
800000,84,712373.0,798175,40.0,87627,712373
1000000,84,890139.0,998175,40.0,109861,890139
2,85,2.0,1,0.0,0,2
3,85,3.0,2,0.04,0,3
100,85,87.0,66,1.32,13,87
200,85,178.0,133,2.64,22,178
2000,85,1753.0,1333,26.64,247,1753
10000,85,8797.0,8709,40.0,1203,8797
20000,85,17704.0,18709,40.0,2296,17704
40000,85,35505.0,38709,40.0,4495,35505
60000,85,53302.0,58709,40.0,6698,53302
80000,85,71053.0,78709,40.0,8947,71053
100000,85,88869.0,98709,40.0,11131,88869
200000,85,177927.0,198709,40.0,22073,177927
400000,85,355815.0,398709,40.0,44185,355815
600000,85,533823.0,598709,40.0,66177,533823
800000,85,711813.0,798709,40.0,88187,711813
1000000,85,889695.0,998709,40.0,110305,889695
2,86,1.0,1,0.0,1,1
3,86,2.0,2,0.04,1,2
100,86,83.0,66,1.32,17,83
200,86,170.0,133,2.64,30,170
2000,86,1739.0,1333,26.64,261,1739
10000,86,8854.0,9000,40.0,1146,8854
20000,86,17789.0,19000,40.0,2211,17789
40000,86,35571.0,39000,40.0,4429,35571
60000,86,53372.0,59000,40.0,6628,53372
80000,86,71212.0,79000,40.0,8788,71212
100000,86,89059.0,99000,40.0,10941,89059
200000,86,177956.0,199000,40.0,22044,177956
400000,86,355954.0,399000,40.0,44046,355954
600000,86,533950.0,599000,40.0,66050,533950
800000,86,712005.0,799000,40.0,87995,712005
1000000,86,890041.0,999000,40.0,109959,890041
2,87,2.0,1,0.0,0,2
3,87,3.0,2,0.04,0,3
100,87,84.0,66,1.32,16,84
200,87,169.0,133,2.64,31,169
2000,87,1771.0,1333,26.64,229,1771
10000,87,8913.0,9000,40.0,1087,8913
20000,87,17816.0,19000,40.0,2184,17816
40000,87,35549.0,38666,40.0,4451,35549
60000,87,53407.0,58666,40.0,6593,53407
80000,87,71171.0,78666,40.0,8829,71171
100000,87,88952.0,98666,40.0,11048,88952
200000,87,177752.0,198612,40.0,22248,177752
400000,87,355663.0,398612,40.0,44337,355663
600000,87,533629.0,598612,40.0,66371,533629
800000,87,711674.0,798612,40.0,88326,711674
1000000,87,889421.0,998612,40.0,110579,889421
2,88,1.0,1,0.0,1,1
3,88,2.0,2,0.04,1,2
100,88,85.0,66,1.32,15,85
200,88,174.0,133,2.64,26,174
2000,88,1753.0,1333,26.64,247,1753
10000,88,8856.0,2000,40.0,1144,8856
20000,88,17764.0,2000,40.0,2236,17764
40000,88,35630.0,2000,40.0,4370,35630
60000,88,53372.0,2000,40.0,6628,53372
80000,88,71194.0,2000,40.0,8806,71194
100000,88,89034.0,2000,40.0,10966,89034
200000,88,178088.0,2000,40.0,21912,178088
400000,88,356121.0,2000,40.0,43879,356121
600000,88,534046.0,2000,40.0,65954,534046
800000,88,712002.0,2000,40.0,87998,712002
1000000,88,890052.0,2000,40.0,109948,890052
2,89,2.0,1,0.0,0,2
3,89,3.0,2,0.04,0,3
100,89,90.0,66,1.32,10,90
200,89,175.0,133,2.64,25,175
2000,89,1755.0,1333,26.64,245,1755
10000,89,8860.0,2000,40.0,1140,8860
20000,89,17737.0,2000,40.0,2263,17737
40000,89,35573.0,2000,40.0,4427,35573
60000,89,53388.0,2000,40.0,6612,53388
80000,89,71231.0,2000,40.0,8769,71231
100000,89,89037.0,2000,40.0,10963,89037
200000,89,178120.0,2000,40.0,21880,178120
400000,89,356171.0,2000,40.0,43829,356171
600000,89,534227.0,2000,40.0,65773,534227
800000,89,712065.0,2000,40.0,87935,712065
1000000,89,890100.0,2000,40.0,109900,890100
2,90,2.0,1,0.0,0,2
3,90,3.0,2,0.04,0,3
100,90,89.0,66,1.32,11,89
200,90,171.0,133,2.64,29,171
2000,90,1762.0,1333,26.64,238,1762
10000,90,8897.0,9000,40.0,1103,8897
20000,90,17797.0,19000,40.0,2203,17797
40000,90,35646.0,39000,40.0,4354,35646
60000,90,53455.0,59000,40.0,6545,53455
80000,90,71276.0,79000,40.0,8724,71276
100000,90,89017.0,99000,40.0,10983,89017
200000,90,178126.0,199000,40.0,21874,178126
400000,90,356117.0,399000,40.0,43883,356117
600000,90,534226.0,599000,40.0,65774,534226
800000,90,711828.0,799000,40.0,88172,711828
1000000,90,889882.0,999000,40.0,110118,889882
2,91,2.0,1,0.0,0,2
3,91,3.0,2,0.04,0,3
100,91,85.0,66,1.32,15,85
200,91,178.0,133,2.64,22,178
2000,91,1765.0,1333,26.64,235,1765
10000,91,8888.0,7471,40.0,1112,8888
20000,91,17732.0,8938,40.0,2268,17732
40000,91,35627.0,8938,40.0,4373,35627
60000,91,53422.0,8938,40.0,6578,53422
80000,91,71224.0,8938,40.0,8776,71224
100000,91,88989.0,8938,40.0,11011,88989
200000,91,177911.0,8938,40.0,22089,177911
400000,91,355810.0,8938,40.0,44190,355810
600000,91,533625.0,8938,40.0,66375,533625
800000,91,711645.0,8938,40.0,88355,711645
1000000,91,889391.0,8938,40.0,110609,889391
2,92,2.0,1,0.0,0,2
3,92,3.0,2,0.04,0,3
100,92,88.0,66,1.32,12,88
200,92,176.0,133,2.64,24,176
2000,92,1756.0,1333,26.64,244,1756
10000,92,8826.0,8817,40.0,1174,8826
20000,92,17720.0,18817,40.0,2280,17720
40000,92,35491.0,38817,40.0,4509,35491
60000,92,53295.0,58817,40.0,6705,53295
80000,92,71113.0,78817,40.0,8887,71113
100000,92,88938.0,98817,40.0,11062,88938
200000,92,177921.0,198817,40.0,22079,177921
400000,92,356002.0,398817,40.0,43998,356002
600000,92,533963.0,598817,40.0,66037,533963
800000,92,712035.0,798817,40.0,87965,712035
1000000,92,890010.0,998817,40.0,109990,890010
2,93,2.0,1,0.0,0,2
3,93,3.0,2,0.04,0,3
100,93,80.0,66,1.32,20,80
200,93,169.0,133,2.64,31,169
2000,93,1753.0,1333,26.64,247,1753
10000,93,8848.0,2827,40.0,1152,8848
20000,93,17745.0,2827,40.0,2255,17745
40000,93,35536.0,2827,40.0,4464,35536
60000,93,53409.0,2827,40.0,6591,53409
80000,93,71257.0,2827,40.0,8743,71257
100000,93,89059.0,2827,40.0,10941,89059
200000,93,178110.0,2827,40.0,21890,178110
400000,93,356023.0,2827,40.0,43977,356023
600000,93,533954.0,2827,40.0,66046,533954
800000,93,711979.0,2827,40.0,88021,711979
1000000,93,889998.0,2827,40.0,110002,889998
2,94,2.0,1,0.0,0,2
3,94,2.0,2,0.04,1,2
100,94,92.0,66,1.32,8,92
200,94,181.0,133,2.64,19,181
2000,94,1741.0,1333,26.64,259,1741
10000,94,8880.0,2000,40.0,1120,8880
20000,94,17755.0,2000,40.0,2245,17755
40000,94,35526.0,2000,40.0,4474,35526
60000,94,53332.0,2000,40.0,6668,53332
80000,94,71141.0,2000,40.0,8859,71141
100000,94,88909.0,2000,40.0,11091,88909
200000,94,177863.0,2000,40.0,22137,177863
400000,94,355609.0,2000,40.0,44391,355609
600000,94,533590.0,2000,40.0,66410,533590
800000,94,711363.0,2000,40.0,88637,711363
1000000,94,889396.0,2000,40.0,110604,889396
2,95,1.0,1,0.0,1,1
3,95,2.0,2,0.04,1,2
100,95,90.0,66,1.32,10,90
200,95,179.0,133,2.64,21,179
2000,95,1748.0,1333,26.64,252,1748
10000,95,8854.0,9000,40.0,1146,8854
20000,95,17756.0,19000,40.0,2244,17756
40000,95,35629.0,39000,40.0,4371,35629
60000,95,53478.0,59000,40.0,6522,53478
80000,95,71217.0,79000,40.0,8783,71217
100000,95,88995.0,99000,40.0,11005,88995
200000,95,178001.0,199000,40.0,21999,178001
400000,95,356179.0,399000,40.0,43821,356179
600000,95,534321.0,599000,40.0,65679,534321
800000,95,712434.0,799000,40.0,87566,712434
1000000,95,890360.0,999000,40.0,109640,890360
2,96,2.0,1,0.0,0,2
3,96,3.0,2,0.04,0,3
100,96,92.0,66,1.32,8,92
200,96,179.0,133,2.64,21,179
2000,96,1768.0,1333,26.64,232,1768
10000,96,8879.0,2444,40.0,1121,8879
20000,96,17730.0,2557,40.0,2270,17730
40000,96,35470.0,2559,40.0,4530,35470
60000,96,53315.0,2559,40.0,6685,53315
80000,96,71236.0,2559,40.0,8764,71236
100000,96,88998.0,2559,40.0,11002,88998
200000,96,177963.0,2559,40.0,22037,177963
400000,96,356156.0,2559,40.0,43844,356156
600000,96,534010.0,2559,40.0,65990,534010
800000,96,711896.0,2559,40.0,88104,711896
1000000,96,890003.0,2559,40.0,109997,890003
2,97,2.0,1,0.0,0,2
3,97,3.0,2,0.04,0,3
100,97,85.0,66,1.32,15,85
200,97,174.0,133,2.64,26,174
2000,97,1758.0,1333,26.64,242,1758
10000,97,8869.0,8693,40.0,1131,8869
20000,97,17748.0,18693,40.0,2252,17748
40000,97,35577.0,38693,40.0,4423,35577
60000,97,53407.0,58693,40.0,6593,53407
80000,97,71169.0,78693,40.0,8831,71169
100000,97,89020.0,98693,40.0,10980,89020
200000,97,177842.0,198693,40.0,22158,177842
400000,97,355933.0,398693,40.0,44067,355933
600000,97,534094.0,598693,40.0,65906,534094
800000,97,712029.0,798693,40.0,87971,712029
1000000,97,889977.0,998693,40.0,110023,889977
2,98,2.0,1,0.0,0,2
3,98,3.0,2,0.04,0,3
100,98,80.0,66,1.32,20,80
200,98,172.0,133,2.64,28,172
2000,98,1756.0,1333,26.64,244,1756
10000,98,8891.0,9000,40.0,1109,8891
20000,98,17822.0,19000,40.0,2178,17822
40000,98,35606.0,39000,40.0,4394,35606
60000,98,53460.0,59000,40.0,6540,53460
80000,98,71204.0,79000,40.0,8796,71204
100000,98,89116.0,99000,40.0,10884,89116
200000,98,178109.0,199000,40.0,21891,178109
400000,98,355686.0,399000,40.0,44314,355686
600000,98,533672.0,599000,40.0,66328,533672
800000,98,711565.0,799000,40.0,88435,711565
1000000,98,889567.0,999000,40.0,110433,889567
2,99,2.0,1,0.0,0,2
3,99,3.0,2,0.04,0,3
100,99,88.0,66,1.32,12,88
200,99,176.0,133,2.64,24,176
2000,99,1748.0,1333,26.64,252,1748
10000,99,8817.0,9000,40.0,1183,8817
20000,99,17707.0,19000,40.0,2293,17707
40000,99,35472.0,39000,40.0,4528,35472
60000,99,53195.0,59000,40.0,6805,53195
80000,99,70988.0,79000,40.0,9012,70988
100000,99,88811.0,99000,40.0,11189,88811
200000,99,177797.0,199000,40.0,22203,177797
400000,99,355838.0,399000,40.0,44162,355838
600000,99,533735.0,599000,40.0,66265,533735
800000,99,711786.0,799000,40.0,88214,711786
1000000,99,889762.0,999000,40.0,110238,889762
2,100,2.0,1,0.0,0,2
3,100,3.0,2,0.04,0,3
100,100,87.0,66,1.32,13,87
200,100,177.0,133,2.64,23,177
2000,100,1748.0,1333,26.64,252,1748
10000,100,8877.0,8450,40.0,1123,8877
20000,100,17752.0,18450,40.0,2248,17752
40000,100,35609.0,38450,40.0,4391,35609
60000,100,53381.0,58450,40.0,6619,53381
80000,100,71179.0,78450,40.0,8821,71179
100000,100,88908.0,98450,40.0,11092,88908
200000,100,177933.0,198450,40.0,22067,177933
400000,100,356072.0,398450,40.0,43928,356072
600000,100,534149.0,598450,40.0,65851,534149
800000,100,712372.0,798450,40.0,87628,712372
1000000,100,890503.0,998450,40.0,109497,890503
