Timestep,Iteration,Total Reward,Suboptimal Arms,Total Regret,Zeros Count,Ones Count
2,1,2.0,1,0.01,0,2
3,1,3.0,2,0.02,0,3
100,1,93.0,66,0.66,7,93
200,1,181.0,133,1.33,19,181
2000,1,1794.0,1333,13.33,206,1794
10000,1,8943.0,2079,20.79,1057,8943
20000,1,17949.0,2079,20.79,2051,17949
40000,1,35941.0,2079,20.79,4059,35941
60000,1,53939.0,2079,20.79,6061,53939
80000,1,71872.0,2079,20.79,8128,71872
100000,1,89895.0,2079,20.79,10105,89895
200000,1,179805.0,2079,20.79,20195,179805
400000,1,359676.0,2079,20.79,40324,359676
600000,1,539852.0,2079,20.79,60148,539852
800000,1,719927.0,2079,20.79,80073,719927
1000000,1,900134.0,2079,20.79,99866,900134
2,2,2.0,1,0.01,0,2
3,2,3.0,2,0.02,0,3
100,2,86.0,66,0.66,14,86
200,2,174.0,133,1.33,26,174
2000,2,1759.0,1333,13.33,241,1759
10000,2,8936.0,8982,89.82,1064,8936
20000,2,17806.0,18982,189.82,2194,17806
40000,2,35586.0,38982,389.82,4414,35586
60000,2,53344.0,58982,589.82,6656,53344
80000,2,71145.0,78982,789.82,8855,71145
100000,2,88910.0,98982,989.82,11090,88910
200000,2,178056.0,198982,1989.82,21944,178056
400000,2,355885.0,398982,3989.82,44115,355885
600000,2,533658.0,598982,5989.82,66342,533658
800000,2,711514.0,798982,7989.82,88486,711514
1000000,2,889271.0,998982,9989.82,110729,889271
2,3,2.0,1,0.01,0,2
3,3,3.0,2,0.02,0,3
100,3,93.0,66,0.66,7,93
200,3,179.0,133,1.33,21,179
2000,3,1798.0,1333,13.33,202,1798
10000,3,8929.0,8995,89.95,1071,8929
20000,3,17858.0,13666,136.66,2142,17858
40000,3,35729.0,13666,136.66,4271,35729
60000,3,53658.0,13666,136.66,6342,53658
80000,3,71730.0,13666,136.66,8270,71730
100000,3,89697.0,13666,136.66,10303,89697
200000,3,179614.0,13666,136.66,20386,179614
400000,3,359755.0,13666,136.66,40245,359755
600000,3,539917.0,13666,136.66,60083,539917
800000,3,719798.0,13666,136.66,80202,719798
1000000,3,899686.0,13666,136.66,100314,899686
2,4,2.0,1,0.01,0,2
3,4,3.0,2,0.02,0,3
100,4,92.0,66,0.66,8,92
200,4,177.0,133,1.33,23,177
2000,4,1802.0,1333,13.33,198,1802
10000,4,8999.0,2000,20.0,1001,8999
20000,4,17999.0,2001,20.01,2001,17999
40000,4,36044.0,2001,20.01,3956,36044
60000,4,54052.0,2001,20.01,5948,54052
80000,4,72050.0,2001,20.01,7950,72050
100000,4,89987.0,2001,20.01,10013,89987
200000,4,180093.0,2001,20.01,19907,180093
400000,4,360143.0,2001,20.01,39857,360143
600000,4,540283.0,2001,20.01,59717,540283
800000,4,720339.0,2001,20.01,79661,720339
1000000,4,900269.0,2001,20.01,99731,900269
2,5,2.0,1,0.01,0,2
3,5,3.0,2,0.02,0,3
100,5,91.0,66,0.66,9,91
200,5,177.0,133,1.33,23,177
2000,5,1778.0,1333,13.33,222,1778
10000,5,8979.0,9000,90.0,1021,8979
20000,5,17852.0,18984,189.84,2148,17852
40000,5,35664.0,38929,389.29,4336,35664
60000,5,53385.0,57158,571.58,6615,53385
80000,5,71368.0,57158,571.58,8632,71368
100000,5,89434.0,57158,571.58,10566,89434
200000,5,179469.0,57158,571.58,20531,179469
400000,5,359315.0,57158,571.58,40685,359315
600000,5,539399.0,57158,571.58,60601,539399
800000,5,719193.0,57158,571.58,80807,719193
1000000,5,899145.0,57158,571.58,100855,899145
2,6,1.0,1,0.01,1,1
3,6,2.0,2,0.02,1,2
100,6,94.0,66,0.66,6,94
200,6,179.0,133,1.33,21,179
2000,6,1785.0,1333,13.33,215,1785
10000,6,9009.0,2000,20.0,991,9009
20000,6,18029.0,2000,20.0,1971,18029
40000,6,36002.0,2000,20.0,3998,36002
60000,6,54023.0,2000,20.0,5977,54023
80000,6,72014.0,2000,20.0,7986,72014
100000,6,90041.0,2000,20.0,9959,90041
200000,6,180070.0,2000,20.0,19930,180070
400000,6,360207.0,2000,20.0,39793,360207
600000,6,540314.0,2000,20.0,59686,540314
800000,6,720288.0,2000,20.0,79712,720288
1000000,6,900210.0,2000,20.0,99790,900210
2,7,2.0,1,0.01,0,2
3,7,3.0,2,0.02,0,3
100,7,88.0,66,0.66,12,88
200,7,175.0,133,1.33,25,175
2000,7,1781.0,1333,13.33,219,1781
10000,7,8895.0,8142,81.42,1105,8895
20000,7,17869.0,8142,81.42,2131,17869
40000,7,35892.0,8142,81.42,4108,35892
60000,7,53922.0,8142,81.42,6078,53922
80000,7,71889.0,8142,81.42,8111,71889
100000,7,89932.0,8142,81.42,10068,89932
200000,7,179838.0,8142,81.42,20162,179838
400000,7,359773.0,8142,81.42,40227,359773
600000,7,539639.0,8142,81.42,60361,539639
800000,7,719723.0,8142,81.42,80277,719723
1000000,7,899935.0,8142,81.42,100065,899935
2,8,2.0,1,0.01,0,2
3,8,3.0,2,0.02,0,3
100,8,88.0,66,0.66,12,88
200,8,175.0,133,1.33,25,175
2000,8,1781.0,1333,13.33,219,1781
10000,8,8973.0,2000,20.0,1027,8973
20000,8,17933.0,2000,20.0,2067,17933
40000,8,35866.0,2000,20.0,4134,35866
60000,8,53790.0,2000,20.0,6210,53790
80000,8,71814.0,2000,20.0,8186,71814
100000,8,89839.0,2000,20.0,10161,89839
200000,8,179695.0,2000,20.0,20305,179695
400000,8,359617.0,2000,20.0,40383,359617
600000,8,539519.0,2000,20.0,60481,539519
800000,8,719483.0,2000,20.0,80517,719483
1000000,8,899405.0,2000,20.0,100595,899405
2,9,2.0,1,0.01,0,2
3,9,3.0,2,0.02,0,3
100,9,90.0,66,0.66,10,90
200,9,181.0,133,1.33,19,181
2000,9,1811.0,1333,13.33,189,1811
10000,9,8968.0,4513,45.13,1032,8968
20000,9,18029.0,4513,45.13,1971,18029
40000,9,36014.0,4513,45.13,3986,36014
60000,9,53981.0,4513,45.13,6019,53981
80000,9,71993.0,4513,45.13,8007,71993
100000,9,89988.0,4513,45.13,10012,89988
200000,9,179966.0,4513,45.13,20034,179966
400000,9,359910.0,4513,45.13,40090,359910
600000,9,539775.0,4513,45.13,60225,539775
800000,9,720036.0,4513,45.13,79964,720036
1000000,9,900026.0,4513,45.13,99974,900026
2,10,2.0,1,0.01,0,2
3,10,3.0,2,0.02,0,3
100,10,88.0,66,0.66,12,88
200,10,178.0,133,1.33,22,178
2000,10,1783.0,1333,13.33,217,1783
10000,10,8937.0,2391,23.91,1063,8937
20000,10,17919.0,2391,23.91,2081,17919
40000,10,35809.0,2391,23.91,4191,35809
60000,10,53773.0,2391,23.91,6227,53773
80000,10,71846.0,2391,23.91,8154,71846
100000,10,89869.0,2391,23.91,10131,89869
200000,10,179857.0,2391,23.91,20143,179857
400000,10,359761.0,2391,23.91,40239,359761
600000,10,539751.0,2391,23.91,60249,539751
800000,10,719682.0,2391,23.91,80318,719682
1000000,10,899749.0,2391,23.91,100251,899749
2,11,2.0,1,0.01,0,2
3,11,2.0,2,0.02,1,2
100,11,94.0,66,0.66,6,94
200,11,183.0,133,1.33,17,183
2000,11,1791.0,1333,13.33,209,1791
10000,11,8932.0,2000,20.0,1068,8932
20000,11,17892.0,2000,20.0,2108,17892
40000,11,35869.0,2000,20.0,4131,35869
60000,11,53969.0,2000,20.0,6031,53969
80000,11,72023.0,2000,20.0,7977,72023
100000,11,89980.0,2000,20.0,10020,89980
200000,11,179989.0,2000,20.0,20011,179989
400000,11,359793.0,2000,20.0,40207,359793
600000,11,539977.0,2000,20.0,60023,539977
800000,11,719984.0,2000,20.0,80016,719984
1000000,11,899881.0,2000,20.0,100119,899881
2,12,1.0,1,0.01,1,1
3,12,2.0,2,0.02,1,2
100,12,90.0,66,0.66,10,90
200,12,178.0,133,1.33,22,178
2000,12,1781.0,1333,13.33,219,1781
10000,12,8878.0,7851,78.51,1122,8878
20000,12,17754.0,17851,178.51,2246,17754
40000,12,35567.0,37851,378.51,4433,35567
60000,12,53361.0,57851,578.51,6639,53361
80000,12,71059.0,77851,778.51,8941,71059
100000,12,88824.0,97851,978.51,11176,88824
200000,12,177834.0,197851,1978.51,22166,177834
400000,12,355742.0,397851,3978.51,44258,355742
600000,12,533838.0,597851,5978.51,66162,533838
800000,12,711634.0,797851,7978.51,88366,711634
1000000,12,889763.0,997851,9978.51,110237,889763
2,13,1.0,1,0.01,1,1
3,13,2.0,2,0.02,1,2
100,13,89.0,66,0.66,11,89
200,13,184.0,133,1.33,16,184
2000,13,1777.0,1333,13.33,223,1777
10000,13,8947.0,2072,20.72,1053,8947
20000,13,17941.0,2072,20.72,2059,17941
40000,13,35970.0,2072,20.72,4030,35970
60000,13,53967.0,2072,20.72,6033,53967
80000,13,72021.0,2072,20.72,7979,72021
100000,13,90089.0,2072,20.72,9911,90089
200000,13,179947.0,2072,20.72,20053,179947
400000,13,359931.0,2072,20.72,40069,359931
600000,13,539764.0,2072,20.72,60236,539764
800000,13,719761.0,2072,20.72,80239,719761
1000000,13,899860.0,2072,20.72,100140,899860
2,14,1.0,1,0.01,1,1
3,14,2.0,2,0.02,1,2
100,14,94.0,66,0.66,6,94
200,14,183.0,133,1.33,17,183
2000,14,1791.0,1333,13.33,209,1791
10000,14,8976.0,3108,31.08,1024,8976
20000,14,18024.0,3108,31.08,1976,18024
40000,14,36018.0,3108,31.08,3982,36018
60000,14,54032.0,3108,31.08,5968,54032
80000,14,71979.0,3108,31.08,8021,71979
100000,14,90006.0,3108,31.08,9994,90006
200000,14,180025.0,3108,31.08,19975,180025
400000,14,360120.0,3108,31.08,39880,360120
600000,14,540140.0,3108,31.08,59860,540140
800000,14,720225.0,3108,31.08,79775,720225
1000000,14,900248.0,3108,31.08,99752,900248
2,15,1.0,1,0.01,1,1
3,15,2.0,2,0.02,1,2
100,15,90.0,66,0.66,10,90
200,15,176.0,133,1.33,24,176
2000,15,1777.0,1333,13.33,223,1777
10000,15,8988.0,2000,20.0,1012,8988
20000,15,18001.0,2000,20.0,1999,18001
40000,15,35985.0,2000,20.0,4015,35985
60000,15,53959.0,2000,20.0,6041,53959
80000,15,71975.0,2000,20.0,8025,71975
100000,15,89978.0,2000,20.0,10022,89978
200000,15,180105.0,2000,20.0,19895,180105
400000,15,360041.0,2000,20.0,39959,360041
600000,15,540111.0,2000,20.0,59889,540111
800000,15,719870.0,2000,20.0,80130,719870
1000000,15,900125.0,2000,20.0,99875,900125
2,16,2.0,1,0.01,0,2
3,16,3.0,2,0.02,0,3
100,16,90.0,66,0.66,10,90
200,16,178.0,133,1.33,22,178
2000,16,1798.0,1333,13.33,202,1798
10000,16,8929.0,2020,20.2,1071,8929
20000,16,17961.0,2020,20.2,2039,17961
40000,16,35942.0,2020,20.2,4058,35942
60000,16,53937.0,2020,20.2,6063,53937
80000,16,71871.0,2020,20.2,8129,71871
100000,16,89840.0,2020,20.2,10160,89840
200000,16,179838.0,2020,20.2,20162,179838
400000,16,359996.0,2020,20.2,40004,359996
600000,16,539928.0,2020,20.2,60072,539928
800000,16,720187.0,2020,20.2,79813,720187
1000000,16,900304.0,2020,20.2,99696,900304
2,17,2.0,1,0.01,0,2
3,17,3.0,2,0.02,0,3
100,17,80.0,66,0.66,20,80
200,17,172.0,133,1.33,28,172
2000,17,1775.0,1333,13.33,225,1775
10000,17,8941.0,9000,90.0,1059,8941
20000,17,17867.0,19000,190.0,2133,17867
40000,17,35681.0,39000,390.0,4319,35681
60000,17,53434.0,59000,590.0,6566,53434
80000,17,71236.0,79000,790.0,8764,71236
100000,17,88965.0,99000,990.0,11035,88965
200000,17,178051.0,199000,1990.0,21949,178051
400000,17,356189.0,399000,3990.0,43811,356189
600000,17,534107.0,599000,5990.0,65893,534107
800000,17,712259.0,799000,7990.0,87741,712259
1000000,17,890162.0,999000,9990.0,109838,890162
2,18,2.0,1,0.01,0,2
3,18,3.0,2,0.02,0,3
100,18,87.0,66,0.66,13,87
200,18,179.0,133,1.33,21,179
2000,18,1772.0,1333,13.33,228,1772
10000,18,8948.0,8946,89.46,1052,8948
20000,18,17846.0,18846,188.46,2154,17846
40000,18,35830.0,21200,212.0,4170,35830
60000,18,53792.0,21200,212.0,6208,53792
80000,18,71784.0,21200,212.0,8216,71784
100000,18,89791.0,21200,212.0,10209,89791
200000,18,179696.0,21200,212.0,20304,179696
400000,18,359838.0,21200,212.0,40162,359838
600000,18,539968.0,21200,212.0,60032,539968
800000,18,720023.0,21200,212.0,79977,720023
1000000,18,900008.0,21200,212.0,99992,900008
2,19,2.0,1,0.01,0,2
3,19,3.0,2,0.02,0,3
100,19,88.0,66,0.66,12,88
200,19,177.0,133,1.33,23,177
2000,19,1765.0,1333,13.33,235,1765
10000,19,8839.0,9000,90.0,1161,8839
20000,19,17743.0,19000,190.0,2257,17743
40000,19,35595.0,39000,390.0,4405,35595
60000,19,53385.0,59000,590.0,6615,53385
80000,19,71139.0,79000,790.0,8861,71139
100000,19,88924.0,99000,990.0,11076,88924
200000,19,177810.0,199000,1990.0,22190,177810
400000,19,356048.0,399000,3990.0,43952,356048
600000,19,534009.0,599000,5990.0,65991,534009
800000,19,712374.0,799000,7990.0,87626,712374
1000000,19,890109.0,999000,9990.0,109891,890109
2,20,2.0,1,0.01,0,2
3,20,3.0,2,0.02,0,3
100,20,93.0,66,0.66,7,93
200,20,182.0,133,1.33,18,182
2000,20,1808.0,1333,13.33,192,1808
10000,20,8972.0,2386,23.86,1028,8972
20000,20,17993.0,2386,23.86,2007,17993
40000,20,35970.0,2386,23.86,4030,35970
60000,20,54004.0,2386,23.86,5996,54004
80000,20,72009.0,2386,23.86,7991,72009
100000,20,90018.0,2386,23.86,9982,90018
200000,20,180133.0,2386,23.86,19867,180133
400000,20,360150.0,2386,23.86,39850,360150
600000,20,540321.0,2386,23.86,59679,540321
800000,20,720248.0,2386,23.86,79752,720248
1000000,20,900196.0,2386,23.86,99804,900196
2,21,2.0,1,0.01,0,2
3,21,3.0,2,0.02,0,3
100,21,86.0,66,0.66,14,86
200,21,178.0,133,1.33,22,178
2000,21,1795.0,1333,13.33,205,1795
10000,21,8990.0,2003,20.03,1010,8990
20000,21,17931.0,2022,20.22,2069,17931
40000,21,35909.0,2022,20.22,4091,35909
60000,21,53892.0,2022,20.22,6108,53892
80000,21,71861.0,2022,20.22,8139,71861
100000,21,89827.0,2022,20.22,10173,89827
200000,21,179762.0,2022,20.22,20238,179762
400000,21,359793.0,2022,20.22,40207,359793
600000,21,539733.0,2022,20.22,60267,539733
800000,21,719874.0,2022,20.22,80126,719874
1000000,21,899938.0,2022,20.22,100062,899938
2,22,2.0,1,0.01,0,2
3,22,2.0,2,0.02,1,2
100,22,83.0,66,0.66,17,83
200,22,176.0,133,1.33,24,176
2000,22,1770.0,1333,13.33,230,1770
10000,22,8940.0,2029,20.29,1060,8940
20000,22,17949.0,2029,20.29,2051,17949
40000,22,35939.0,2029,20.29,4061,35939
60000,22,53866.0,2029,20.29,6134,53866
80000,22,71861.0,2029,20.29,8139,71861
100000,22,89806.0,2029,20.29,10194,89806
200000,22,179851.0,2029,20.29,20149,179851
400000,22,359972.0,2029,20.29,40028,359972
600000,22,539729.0,2029,20.29,60271,539729
800000,22,719767.0,2029,20.29,80233,719767
1000000,22,899665.0,2029,20.29,100335,899665
2,23,2.0,1,0.01,0,2
3,23,3.0,2,0.02,0,3
100,23,87.0,66,0.66,13,87
200,23,175.0,133,1.33,25,175
2000,23,1777.0,1333,13.33,223,1777
10000,23,8948.0,2225,22.25,1052,8948
20000,23,17957.0,2225,22.25,2043,17957
40000,23,35984.0,2225,22.25,4016,35984
60000,23,53904.0,2225,22.25,6096,53904
80000,23,71920.0,2225,22.25,8080,71920
100000,23,89938.0,2225,22.25,10062,89938
200000,23,179834.0,2225,22.25,20166,179834
400000,23,360003.0,2225,22.25,39997,360003
600000,23,540033.0,2225,22.25,59967,540033
800000,23,720307.0,2225,22.25,79693,720307
1000000,23,900199.0,2225,22.25,99801,900199
2,24,2.0,1,0.01,0,2
3,24,2.0,2,0.02,1,2
100,24,88.0,66,0.66,12,88
200,24,174.0,133,1.33,26,174
2000,24,1787.0,1333,13.33,213,1787
10000,24,8930.0,8831,88.31,1070,8930
20000,24,17825.0,18831,188.31,2175,17825
40000,24,35646.0,38831,388.31,4354,35646
60000,24,53377.0,55632,556.32,6623,53377
80000,24,71489.0,55632,556.32,8511,71489
100000,24,89483.0,55632,556.32,10517,89483
200000,24,179442.0,55632,556.32,20558,179442
400000,24,359560.0,55632,556.32,40440,359560
600000,24,539346.0,55632,556.32,60654,539346
800000,24,719257.0,55632,556.32,80743,719257
1000000,24,899124.0,55632,556.32,100876,899124
2,25,2.0,1,0.01,0,2
3,25,3.0,2,0.02,0,3
100,25,93.0,66,0.66,7,93
200,25,177.0,133,1.33,23,177
2000,25,1775.0,1333,13.33,225,1775
10000,25,8880.0,8357,83.57,1120,8880
20000,25,17872.0,8357,83.57,2128,17872
40000,25,35828.0,8357,83.57,4172,35828
60000,25,53785.0,8357,83.57,6215,53785
80000,25,71789.0,8357,83.57,8211,71789
100000,25,89751.0,8357,83.57,10249,89751
200000,25,179790.0,8357,83.57,20210,179790
400000,25,359900.0,8357,83.57,40100,359900
600000,25,539936.0,8357,83.57,60064,539936
800000,25,719875.0,8357,83.57,80125,719875
1000000,25,899886.0,8357,83.57,100114,899886
2,26,1.0,1,0.01,1,1
3,26,2.0,2,0.02,1,2
100,26,91.0,66,0.66,9,91
200,26,179.0,133,1.33,21,179
2000,26,1785.0,1333,13.33,215,1785
10000,26,8991.0,2095,20.95,1009,8991
20000,26,18018.0,2095,20.95,1982,18018
40000,26,35994.0,2095,20.95,4006,35994
60000,26,54023.0,2095,20.95,5977,54023
80000,26,71967.0,2095,20.95,8033,71967
100000,26,90003.0,2095,20.95,9997,90003
200000,26,180021.0,2095,20.95,19979,180021
400000,26,360132.0,2095,20.95,39868,360132
600000,26,540141.0,2095,20.95,59859,540141
800000,26,720137.0,2095,20.95,79863,720137
1000000,26,900207.0,2095,20.95,99793,900207
2,27,2.0,1,0.01,0,2
3,27,3.0,2,0.02,0,3
100,27,91.0,66,0.66,9,91
200,27,183.0,133,1.33,17,183
2000,27,1803.0,1333,13.33,197,1803
10000,27,9025.0,2000,20.0,975,9025
20000,27,18021.0,2465,24.65,1979,18021
40000,27,36060.0,2478,24.78,3940,36060
60000,27,54054.0,2478,24.78,5946,54054
80000,27,72024.0,2478,24.78,7976,72024
100000,27,89971.0,2484,24.84,10029,89971
200000,27,179968.0,2490,24.9,20032,179968
400000,27,359846.0,2490,24.9,40154,359846
600000,27,539616.0,2490,24.9,60384,539616
800000,27,719447.0,2949,29.49,80553,719447
1000000,27,899437.0,2949,29.49,100563,899437
2,28,2.0,1,0.01,0,2
3,28,3.0,2,0.02,0,3
100,28,91.0,66,0.66,9,91
200,28,178.0,133,1.33,22,178
2000,28,1805.0,1333,13.33,195,1805
10000,28,8932.0,6772,67.72,1068,8932
20000,28,17911.0,8010,80.1,2089,17911
40000,28,36072.0,8010,80.1,3928,36072
60000,28,54061.0,8010,80.1,5939,54061
80000,28,72081.0,8010,80.1,7919,72081
100000,28,90123.0,8010,80.1,9877,90123
200000,28,180115.0,8010,80.1,19885,180115
400000,28,360055.0,8010,80.1,39945,360055
600000,28,540139.0,8010,80.1,59861,540139
800000,28,719998.0,8010,80.1,80002,719998
1000000,28,899824.0,8010,80.1,100176,899824
2,29,2.0,1,0.01,0,2
3,29,3.0,2,0.02,0,3
100,29,86.0,66,0.66,14,86
200,29,178.0,133,1.33,22,178
2000,29,1791.0,1333,13.33,209,1791
10000,29,8920.0,6331,63.31,1080,8920
20000,29,17888.0,6331,63.31,2112,17888
40000,29,35910.0,6331,63.31,4090,35910
60000,29,53902.0,6331,63.31,6098,53902
80000,29,71837.0,6331,63.31,8163,71837
100000,29,89869.0,6331,63.31,10131,89869
200000,29,179979.0,6331,63.31,20021,179979
400000,29,360035.0,6331,63.31,39965,360035
600000,29,540101.0,6331,63.31,59899,540101
800000,29,720092.0,6331,63.31,79908,720092
1000000,29,900135.0,6331,63.31,99865,900135
2,30,2.0,1,0.01,0,2
3,30,3.0,2,0.02,0,3
100,30,88.0,66,0.66,12,88
200,30,177.0,133,1.33,23,177
2000,30,1782.0,1333,13.33,218,1782
10000,30,8930.0,8930,89.3,1070,8930
20000,30,17804.0,18878,188.78,2196,17804
40000,30,35822.0,18878,188.78,4178,35822
60000,30,53818.0,18878,188.78,6182,53818
80000,30,71791.0,18878,188.78,8209,71791
100000,30,89705.0,18878,188.78,10295,89705
200000,30,179677.0,18878,188.78,20323,179677
400000,30,359799.0,18878,188.78,40201,359799
600000,30,539706.0,18878,188.78,60294,539706
800000,30,719789.0,18878,188.78,80211,719789
1000000,30,899926.0,18878,188.78,100074,899926
2,31,2.0,1,0.01,0,2
3,31,3.0,2,0.02,0,3
100,31,87.0,66,0.66,13,87
200,31,178.0,133,1.33,22,178
2000,31,1785.0,1333,13.33,215,1785
10000,31,8948.0,2000,20.0,1052,8948
20000,31,17958.0,2000,20.0,2042,17958
40000,31,35890.0,2000,20.0,4110,35890
60000,31,53920.0,2000,20.0,6080,53920
80000,31,71890.0,2000,20.0,8110,71890
100000,31,89848.0,2000,20.0,10152,89848
200000,31,179842.0,2000,20.0,20158,179842
400000,31,359960.0,2000,20.0,40040,359960
600000,31,539926.0,2000,20.0,60074,539926
800000,31,719907.0,2000,20.0,80093,719907
1000000,31,899766.0,2000,20.0,100234,899766
2,32,1.0,1,0.01,1,1
3,32,1.0,2,0.02,2,1
100,32,90.0,66,0.66,10,90
200,32,178.0,133,1.33,22,178
2000,32,1768.0,1333,13.33,232,1768
10000,32,8936.0,2000,20.0,1064,8936
20000,32,17876.0,2000,20.0,2124,17876
40000,32,35951.0,2000,20.0,4049,35951
60000,32,53926.0,2000,20.0,6074,53926
80000,32,71890.0,2000,20.0,8110,71890
100000,32,89918.0,2000,20.0,10082,89918
200000,32,179935.0,2000,20.0,20065,179935
400000,32,359868.0,2000,20.0,40132,359868
600000,32,539752.0,2000,20.0,60248,539752
800000,32,719703.0,2000,20.0,80297,719703
1000000,32,899507.0,2000,20.0,100493,899507
2,33,2.0,1,0.01,0,2
3,33,2.0,2,0.02,1,2
100,33,89.0,66,0.66,11,89
200,33,176.0,133,1.33,24,176
2000,33,1786.0,1333,13.33,214,1786
10000,33,9003.0,2000,20.0,997,9003
20000,33,18011.0,2000,20.0,1989,18011
40000,33,35986.0,2000,20.0,4014,35986
60000,33,54007.0,2000,20.0,5993,54007
80000,33,71986.0,2000,20.0,8014,71986
100000,33,89933.0,2000,20.0,10067,89933
200000,33,179828.0,2000,20.0,20172,179828
400000,33,359623.0,2000,20.0,40377,359623
600000,33,539624.0,2000,20.0,60376,539624
800000,33,719771.0,2000,20.0,80229,719771
1000000,33,899817.0,2000,20.0,100183,899817
2,34,2.0,1,0.01,0,2
3,34,3.0,2,0.02,0,3
100,34,86.0,66,0.66,14,86
200,34,177.0,133,1.33,23,177
2000,34,1780.0,1333,13.33,220,1780
10000,34,8985.0,2000,20.0,1015,8985
20000,34,18001.0,2000,20.0,1999,18001
40000,34,35963.0,2000,20.0,4037,35963
60000,34,53950.0,2000,20.0,6050,53950
80000,34,71973.0,2000,20.0,8027,71973
100000,34,89975.0,2000,20.0,10025,89975
200000,34,180031.0,2000,20.0,19969,180031
400000,34,360286.0,2000,20.0,39714,360286
600000,34,540399.0,2000,20.0,59601,540399
800000,34,720396.0,2000,20.0,79604,720396
1000000,34,900635.0,2000,20.0,99365,900635
2,35,1.0,1,0.01,1,1
3,35,2.0,2,0.02,1,2
100,35,90.0,66,0.66,10,90
200,35,179.0,133,1.33,21,179
2000,35,1781.0,1333,13.33,219,1781
10000,35,8966.0,2046,20.46,1034,8966
20000,35,17992.0,2046,20.46,2008,17992
40000,35,35976.0,2046,20.46,4024,35976
60000,35,53873.0,2046,20.46,6127,53873
80000,35,71918.0,2046,20.46,8082,71918
100000,35,89905.0,2046,20.46,10095,89905
200000,35,179858.0,2046,20.46,20142,179858
400000,35,359915.0,2046,20.46,40085,359915
600000,35,539885.0,2046,20.46,60115,539885
800000,35,719935.0,2046,20.46,80065,719935
1000000,35,899928.0,2046,20.46,100072,899928
2,36,2.0,1,0.01,0,2
3,36,3.0,2,0.02,0,3
100,36,94.0,66,0.66,6,94
200,36,187.0,133,1.33,13,187
2000,36,1761.0,1333,13.33,239,1761
10000,36,8892.0,2668,26.68,1108,8892
20000,36,17878.0,2668,26.68,2122,17878
40000,36,35934.0,2668,26.68,4066,35934
60000,36,53962.0,2668,26.68,6038,53962
80000,36,71978.0,2668,26.68,8022,71978
100000,36,90028.0,2668,26.68,9972,90028
200000,36,179816.0,2668,26.68,20184,179816
400000,36,359548.0,2668,26.68,40452,359548
600000,36,539463.0,2668,26.68,60537,539463
800000,36,719369.0,2668,26.68,80631,719369
1000000,36,899247.0,2668,26.68,100753,899247
2,37,1.0,1,0.01,1,1
3,37,2.0,2,0.02,1,2
100,37,87.0,66,0.66,13,87
200,37,174.0,133,1.33,26,174
2000,37,1791.0,1333,13.33,209,1791
10000,37,8938.0,9000,90.0,1062,8938
20000,37,17812.0,19000,190.0,2188,17812
40000,37,35650.0,38995,389.95,4350,35650
60000,37,53405.0,58995,589.95,6595,53405
80000,37,71232.0,78995,789.95,8768,71232
100000,37,89101.0,98995,989.95,10899,89101
200000,37,178001.0,198995,1989.95,21999,178001
400000,37,356134.0,398995,3989.95,43866,356134
600000,37,534181.0,598995,5989.95,65819,534181
800000,37,712246.0,798995,7989.95,87754,712246
1000000,37,890118.0,998995,9989.95,109882,890118
2,38,2.0,1,0.01,0,2
3,38,3.0,2,0.02,0,3
100,38,88.0,66,0.66,12,88
200,38,178.0,133,1.33,22,178
2000,38,1798.0,1333,13.33,202,1798
10000,38,8971.0,2000,20.0,1029,8971
20000,38,18011.0,2000,20.0,1989,18011
40000,38,36031.0,2000,20.0,3969,36031
60000,38,54072.0,2000,20.0,5928,54072
80000,38,72059.0,2000,20.0,7941,72059
100000,38,90024.0,2000,20.0,9976,90024
200000,38,180251.0,2000,20.0,19749,180251
400000,38,360235.0,2000,20.0,39765,360235
600000,38,540147.0,2000,20.0,59853,540147
800000,38,720130.0,2000,20.0,79870,720130
1000000,38,900402.0,2000,20.0,99598,900402
2,39,2.0,1,0.01,0,2
3,39,3.0,2,0.02,0,3
100,39,90.0,66,0.66,10,90
200,39,179.0,133,1.33,21,179
2000,39,1785.0,1333,13.33,215,1785
10000,39,8949.0,8989,89.89,1051,8949
20000,39,17808.0,18984,189.84,2192,17808
40000,39,35554.0,38915,389.15,4446,35554
60000,39,53373.0,58915,589.15,6627,53373
80000,39,71159.0,78915,789.15,8841,71159
100000,39,88962.0,98915,989.15,11038,88962
200000,39,177865.0,198915,1989.15,22135,177865
400000,39,355860.0,398915,3989.15,44140,355860
600000,39,533700.0,598915,5989.15,66300,533700
800000,39,711792.0,798915,7989.15,88208,711792
1000000,39,889772.0,998915,9989.15,110228,889772
2,40,2.0,1,0.01,0,2
3,40,3.0,2,0.02,0,3
100,40,89.0,66,0.66,11,89
200,40,184.0,133,1.33,16,184
2000,40,1808.0,1333,13.33,192,1808
10000,40,8997.0,2000,20.0,1003,8997
20000,40,17985.0,2000,20.0,2015,17985
40000,40,36001.0,2000,20.0,3999,36001
60000,40,53922.0,2000,20.0,6078,53922
80000,40,71929.0,2000,20.0,8071,71929
100000,40,89937.0,2000,20.0,10063,89937
200000,40,179910.0,2000,20.0,20090,179910
400000,40,360064.0,2000,20.0,39936,360064
600000,40,540081.0,2000,20.0,59919,540081
800000,40,720276.0,2000,20.0,79724,720276
1000000,40,900358.0,2000,20.0,99642,900358
2,41,2.0,1,0.01,0,2
3,41,3.0,2,0.02,0,3
100,41,88.0,66,0.66,12,88
200,41,174.0,133,1.33,26,174
2000,41,1784.0,1333,13.33,216,1784
10000,41,8953.0,2000,20.0,1047,8953
20000,41,17986.0,2000,20.0,2014,17986
40000,41,35973.0,2000,20.0,4027,35973
60000,41,54058.0,2000,20.0,5942,54058
80000,41,71988.0,2000,20.0,8012,71988
100000,41,90034.0,2000,20.0,9966,90034
200000,41,180040.0,2000,20.0,19960,180040
400000,41,359796.0,2000,20.0,40204,359796
600000,41,539953.0,2000,20.0,60047,539953
800000,41,720182.0,2000,20.0,79818,720182
1000000,41,899958.0,2000,20.0,100042,899958
2,42,2.0,1,0.01,0,2
3,42,3.0,2,0.02,0,3
100,42,89.0,66,0.66,11,89
200,42,176.0,133,1.33,24,176
2000,42,1794.0,1333,13.33,206,1794
10000,42,8998.0,3065,30.65,1002,8998
20000,42,17964.0,3070,30.7,2036,17964
40000,42,36109.0,3070,30.7,3891,36109
60000,42,54148.0,3070,30.7,5852,54148
80000,42,72107.0,3070,30.7,7893,72107
100000,42,90108.0,3070,30.7,9892,90108
200000,42,179997.0,3070,30.7,20003,179997
400000,42,359927.0,3070,30.7,40073,359927
600000,42,540116.0,3070,30.7,59884,540116
800000,42,720217.0,3070,30.7,79783,720217
1000000,42,900236.0,3070,30.7,99764,900236
2,43,2.0,1,0.01,0,2
3,43,3.0,2,0.02,0,3
100,43,88.0,66,0.66,12,88
200,43,173.0,133,1.33,27,173
2000,43,1783.0,1333,13.33,217,1783
10000,43,8946.0,2000,20.0,1054,8946
20000,43,17906.0,2000,20.0,2094,17906
40000,43,35971.0,2000,20.0,4029,35971
60000,43,53936.0,2000,20.0,6064,53936
80000,43,71982.0,2000,20.0,8018,71982
100000,43,90029.0,2000,20.0,9971,90029
200000,43,179992.0,2000,20.0,20008,179992
400000,43,359969.0,2000,20.0,40031,359969
600000,43,539835.0,2000,20.0,60165,539835
800000,43,719937.0,2000,20.0,80063,719937
1000000,43,899662.0,2000,20.0,100338,899662
2,44,2.0,1,0.01,0,2
3,44,3.0,2,0.02,0,3
100,44,85.0,66,0.66,15,85
200,44,173.0,133,1.33,27,173
2000,44,1783.0,1333,13.33,217,1783
10000,44,9045.0,2000,20.0,955,9045
20000,44,18068.0,2000,20.0,1932,18068
40000,44,36054.0,2000,20.0,3946,36054
60000,44,54042.0,2000,20.0,5958,54042
80000,44,71991.0,2000,20.0,8009,71991
100000,44,89996.0,2000,20.0,10004,89996
200000,44,180098.0,2000,20.0,19902,180098
400000,44,360124.0,2000,20.0,39876,360124
600000,44,540036.0,2000,20.0,59964,540036
800000,44,719985.0,2000,20.0,80015,719985
1000000,44,900066.0,2000,20.0,99934,900066
2,45,2.0,1,0.01,0,2
3,45,3.0,2,0.02,0,3
100,45,90.0,66,0.66,10,90
200,45,179.0,133,1.33,21,179
2000,45,1819.0,1333,13.33,181,1819
10000,45,8975.0,5647,56.47,1025,8975
20000,45,18020.0,5647,56.47,1980,18020
40000,45,36110.0,5647,56.47,3890,36110
60000,45,54167.0,5647,56.47,5833,54167
80000,45,72201.0,5647,56.47,7799,72201
100000,45,90182.0,5647,56.47,9818,90182
200000,45,180182.0,5647,56.47,19818,180182
400000,45,360250.0,5647,56.47,39750,360250
600000,45,540313.0,5647,56.47,59687,540313
800000,45,720500.0,5647,56.47,79500,720500
1000000,45,900336.0,5647,56.47,99664,900336
2,46,2.0,1,0.01,0,2
3,46,3.0,2,0.02,0,3
100,46,87.0,66,0.66,13,87
200,46,173.0,133,1.33,27,173
2000,46,1773.0,1333,13.33,227,1773
10000,46,9006.0,2000,20.0,994,9006
20000,46,18009.0,2000,20.0,1991,18009
40000,46,36035.0,2000,20.0,3965,36035
60000,46,54048.0,2000,20.0,5952,54048
80000,46,72024.0,2000,20.0,7976,72024
100000,46,89917.0,2000,20.0,10083,89917
200000,46,179994.0,2000,20.0,20006,179994
400000,46,359829.0,2000,20.0,40171,359829
600000,46,539696.0,2000,20.0,60304,539696
800000,46,719841.0,2000,20.0,80159,719841
1000000,46,899750.0,2000,20.0,100250,899750
2,47,2.0,1,0.01,0,2
3,47,3.0,2,0.02,0,3
100,47,88.0,66,0.66,12,88
200,47,175.0,133,1.33,25,175
2000,47,1788.0,1333,13.33,212,1788
10000,47,8921.0,2000,20.0,1079,8921
20000,47,17945.0,2000,20.0,2055,17945
40000,47,35886.0,2000,20.0,4114,35886
60000,47,53865.0,2000,20.0,6135,53865
80000,47,71812.0,2000,20.0,8188,71812
100000,47,89875.0,2000,20.0,10125,89875
200000,47,179937.0,2000,20.0,20063,179937
400000,47,360073.0,2000,20.0,39927,360073
600000,47,539936.0,2000,20.0,60064,539936
800000,47,719909.0,2000,20.0,80091,719909
1000000,47,899773.0,2000,20.0,100227,899773
2,48,2.0,1,0.01,0,2
3,48,3.0,2,0.02,0,3
100,48,90.0,66,0.66,10,90
200,48,175.0,133,1.33,25,175
2000,48,1768.0,1333,13.33,232,1768
10000,48,8950.0,2000,20.0,1050,8950
20000,48,17917.0,2000,20.0,2083,17917
40000,48,36017.0,2000,20.0,3983,36017
60000,48,54035.0,2000,20.0,5965,54035
80000,48,72059.0,2000,20.0,7941,72059
100000,48,90070.0,2000,20.0,9930,90070
200000,48,179999.0,2000,20.0,20001,179999
400000,48,359985.0,2000,20.0,40015,359985
600000,48,539935.0,2000,20.0,60065,539935
800000,48,719671.0,2000,20.0,80329,719671
1000000,48,899565.0,2000,20.0,100435,899565
2,49,2.0,1,0.01,0,2
3,49,3.0,2,0.02,0,3
100,49,87.0,66,0.66,13,87
200,49,177.0,133,1.33,23,177
2000,49,1779.0,1333,13.33,221,1779
10000,49,9023.0,2000,20.0,977,9023
20000,49,17973.0,2000,20.0,2027,17973
40000,49,35941.0,2000,20.0,4059,35941
60000,49,54001.0,2000,20.0,5999,54001
80000,49,72031.0,2000,20.0,7969,72031
100000,49,90074.0,2000,20.0,9926,90074
200000,49,180158.0,2000,20.0,19842,180158
400000,49,360050.0,2000,20.0,39950,360050
600000,49,540157.0,2000,20.0,59843,540157
800000,49,719925.0,2000,20.0,80075,719925
1000000,49,900100.0,2000,20.0,99900,900100
2,50,2.0,1,0.01,0,2
3,50,3.0,2,0.02,0,3
100,50,95.0,66,0.66,5,95
200,50,181.0,133,1.33,19,181
2000,50,1779.0,1333,13.33,221,1779
10000,50,8953.0,2832,28.32,1047,8953
20000,50,18024.0,2832,28.32,1976,18024
40000,50,36023.0,2832,28.32,3977,36023
60000,50,53990.0,2832,28.32,6010,53990
80000,50,71951.0,2832,28.32,8049,71951
100000,50,89946.0,2832,28.32,10054,89946
200000,50,180064.0,2832,28.32,19936,180064
400000,50,360082.0,2832,28.32,39918,360082
600000,50,540086.0,2832,28.32,59914,540086
800000,50,720087.0,2832,28.32,79913,720087
1000000,50,900170.0,2832,28.32,99830,900170
2,51,2.0,1,0.01,0,2
3,51,3.0,2,0.02,0,3
100,51,89.0,66,0.66,11,89
200,51,176.0,133,1.33,24,176
2000,51,1801.0,1333,13.33,199,1801
10000,51,8960.0,2010,20.1,1040,8960
20000,51,17962.0,2014,20.14,2038,17962
40000,51,35940.0,2014,20.14,4060,35940
60000,51,53970.0,2014,20.14,6030,53970
80000,51,72029.0,2014,20.14,7971,72029
100000,51,90075.0,2014,20.14,9925,90075
200000,51,180155.0,2014,20.14,19845,180155
400000,51,360358.0,2014,20.14,39642,360358
600000,51,540411.0,2014,20.14,59589,540411
800000,51,720252.0,2014,20.14,79748,720252
1000000,51,900350.0,2014,20.14,99650,900350
2,52,2.0,1,0.01,0,2
3,52,3.0,2,0.02,0,3
100,52,95.0,66,0.66,5,95
200,52,183.0,133,1.33,17,183
2000,52,1798.0,1333,13.33,202,1798
10000,52,9030.0,2000,20.0,970,9030
20000,52,18053.0,2000,20.0,1947,18053
40000,52,36074.0,2000,20.0,3926,36074
60000,52,54079.0,2000,20.0,5921,54079
80000,52,72147.0,2000,20.0,7853,72147
100000,52,90143.0,2000,20.0,9857,90143
200000,52,180183.0,2000,20.0,19817,180183
400000,52,360096.0,2000,20.0,39904,360096
600000,52,539995.0,2000,20.0,60005,539995
800000,52,719933.0,2000,20.0,80067,719933
1000000,52,899815.0,2000,20.0,100185,899815
2,53,2.0,1,0.01,0,2
3,53,3.0,2,0.02,0,3
100,53,85.0,66,0.66,15,85
200,53,176.0,133,1.33,24,176
2000,53,1778.0,1333,13.33,222,1778
10000,53,8982.0,4164,41.64,1018,8982
20000,53,18011.0,4164,41.64,1989,18011
40000,53,36005.0,4164,41.64,3995,36005
60000,53,53921.0,4164,41.64,6079,53921
80000,53,71944.0,4164,41.64,8056,71944
100000,53,89949.0,4164,41.64,10051,89949
200000,53,179944.0,4164,41.64,20056,179944
400000,53,360062.0,4164,41.64,39938,360062
600000,53,539965.0,4164,41.64,60035,539965
800000,53,720036.0,4164,41.64,79964,720036
1000000,53,900139.0,4164,41.64,99861,900139
2,54,2.0,1,0.01,0,2
3,54,3.0,2,0.02,0,3
100,54,93.0,66,0.66,7,93
200,54,183.0,133,1.33,17,183
2000,54,1800.0,1333,13.33,200,1800
10000,54,8949.0,2034,20.34,1051,8949
20000,54,17971.0,2034,20.34,2029,17971
40000,54,35987.0,2034,20.34,4013,35987
60000,54,53987.0,2034,20.34,6013,53987
80000,54,71986.0,2034,20.34,8014,71986
100000,54,89982.0,2034,20.34,10018,89982
200000,54,179913.0,2034,20.34,20087,179913
400000,54,359782.0,2034,20.34,40218,359782
600000,54,539564.0,2034,20.34,60436,539564
800000,54,719641.0,2034,20.34,80359,719641
1000000,54,899655.0,2034,20.34,100345,899655
2,55,2.0,1,0.01,0,2
3,55,3.0,2,0.02,0,3
100,55,86.0,66,0.66,14,86
200,55,173.0,133,1.33,27,173
2000,55,1791.0,1333,13.33,209,1791
10000,55,8984.0,2001,20.01,1016,8984
20000,55,18030.0,2001,20.01,1970,18030
40000,55,36052.0,2001,20.01,3948,36052
60000,55,54050.0,2001,20.01,5950,54050
80000,55,72024.0,2001,20.01,7976,72024
100000,55,90023.0,2001,20.01,9977,90023
200000,55,179911.0,2001,20.01,20089,179911
400000,55,359777.0,2001,20.01,40223,359777
600000,55,539777.0,2001,20.01,60223,539777
800000,55,719918.0,2001,20.01,80082,719918
1000000,55,899951.0,2001,20.01,100049,899951
2,56,2.0,1,0.01,0,2
3,56,3.0,2,0.02,0,3
100,56,80.0,66,0.66,20,80
200,56,171.0,133,1.33,29,171
2000,56,1782.0,1333,13.33,218,1782
10000,56,8945.0,2000,20.0,1055,8945
20000,56,17983.0,2000,20.0,2017,17983
40000,56,35898.0,2000,20.0,4102,35898
60000,56,53876.0,2000,20.0,6124,53876
80000,56,71924.0,2000,20.0,8076,71924
100000,56,89912.0,2000,20.0,10088,89912
200000,56,179995.0,2000,20.0,20005,179995
400000,56,360073.0,2000,20.0,39927,360073
600000,56,540107.0,2000,20.0,59893,540107
800000,56,720376.0,2000,20.0,79624,720376
1000000,56,900451.0,2000,20.0,99549,900451
2,57,1.0,1,0.01,1,1
3,57,2.0,2,0.02,1,2
100,57,84.0,66,0.66,16,84
200,57,171.0,133,1.33,29,171
2000,57,1786.0,1333,13.33,214,1786
10000,57,8927.0,8500,85.0,1073,8927
20000,57,17852.0,18500,185.0,2148,17852
40000,57,35763.0,22921,229.21,4237,35763
60000,57,53860.0,22921,229.21,6140,53860
80000,57,71891.0,22921,229.21,8109,71891
100000,57,89886.0,22921,229.21,10114,89886
200000,57,179950.0,22921,229.21,20050,179950
400000,57,359995.0,22921,229.21,40005,359995
600000,57,540072.0,22921,229.21,59928,540072
800000,57,720088.0,22921,229.21,79912,720088
1000000,57,900140.0,22921,229.21,99860,900140
2,58,1.0,1,0.01,1,1
3,58,2.0,2,0.02,1,2
100,58,83.0,66,0.66,17,83
200,58,174.0,133,1.33,26,174
2000,58,1787.0,1333,13.33,213,1787
10000,58,9034.0,2000,20.0,966,9034
20000,58,18009.0,2000,20.0,1991,18009
40000,58,35981.0,2000,20.0,4019,35981
60000,58,53987.0,2000,20.0,6013,53987
80000,58,72027.0,2000,20.0,7973,72027
100000,58,89953.0,2000,20.0,10047,89953
200000,58,180016.0,2000,20.0,19984,180016
400000,58,360010.0,2000,20.0,39990,360010
600000,58,540070.0,2000,20.0,59930,540070
800000,58,719978.0,2000,20.0,80022,719978
1000000,58,899919.0,2000,20.0,100081,899919
2,59,1.0,1,0.01,1,1
3,59,2.0,2,0.02,1,2
100,59,89.0,66,0.66,11,89
200,59,181.0,133,1.33,19,181
2000,59,1776.0,1333,13.33,224,1776
10000,59,8987.0,2000,20.0,1013,8987
20000,59,17989.0,2000,20.0,2011,17989
40000,59,36022.0,2000,20.0,3978,36022
60000,59,54035.0,2000,20.0,5965,54035
80000,59,72059.0,2000,20.0,7941,72059
100000,59,90051.0,2000,20.0,9949,90051
200000,59,180238.0,2000,20.0,19762,180238
400000,59,360104.0,2000,20.0,39896,360104
600000,59,540036.0,2000,20.0,59964,540036
800000,59,719951.0,2000,20.0,80049,719951
1000000,59,900089.0,2000,20.0,99911,900089
2,60,2.0,1,0.01,0,2
3,60,3.0,2,0.02,0,3
100,60,93.0,66,0.66,7,93
200,60,184.0,133,1.33,16,184
2000,60,1794.0,1333,13.33,206,1794
10000,60,8993.0,2069,20.69,1007,8993
20000,60,17952.0,3739,37.39,2048,17952
40000,60,35937.0,5208,52.08,4063,35937
60000,60,53918.0,5208,52.08,6082,53918
80000,60,71881.0,5208,52.08,8119,71881
100000,60,89959.0,5208,52.08,10041,89959
200000,60,180006.0,5208,52.08,19994,180006
400000,60,360146.0,5208,52.08,39854,360146
600000,60,540038.0,5208,52.08,59962,540038
800000,60,719873.0,5208,52.08,80127,719873
1000000,60,900094.0,5208,52.08,99906,900094
2,61,2.0,1,0.01,0,2
3,61,3.0,2,0.02,0,3
100,61,88.0,66,0.66,12,88
200,61,173.0,133,1.33,27,173
2000,61,1783.0,1333,13.33,217,1783
10000,61,8988.0,2000,20.0,1012,8988
20000,61,18001.0,2000,20.0,1999,18001
40000,61,35956.0,2000,20.0,4044,35956
60000,61,53950.0,2000,20.0,6050,53950
80000,61,71962.0,2000,20.0,8038,71962
100000,61,89914.0,2000,20.0,10086,89914
200000,61,179916.0,2000,20.0,20084,179916
400000,61,359862.0,2000,20.0,40138,359862
600000,61,539853.0,2000,20.0,60147,539853
800000,61,719860.0,2000,20.0,80140,719860
1000000,61,899916.0,2000,20.0,100084,899916
2,62,1.0,1,0.01,1,1
3,62,1.0,2,0.02,2,1
100,62,87.0,66,0.66,13,87
200,62,177.0,133,1.33,23,177
2000,62,1783.0,1333,13.33,217,1783
10000,62,9000.0,2000,20.0,1000,9000
20000,62,17955.0,2007,20.07,2045,17955
40000,62,36038.0,2007,20.07,3962,36038
60000,62,53972.0,2007,20.07,6028,53972
80000,62,71983.0,2007,20.07,8017,71983
100000,62,89956.0,2007,20.07,10044,89956
200000,62,179949.0,2007,20.07,20051,179949
400000,62,359923.0,2007,20.07,40077,359923
600000,62,539726.0,2007,20.07,60274,539726
800000,62,719589.0,2007,20.07,80411,719589
1000000,62,899619.0,2007,20.07,100381,899619
2,63,2.0,1,0.01,0,2
3,63,3.0,2,0.02,0,3
100,63,88.0,66,0.66,12,88
200,63,172.0,133,1.33,28,172
2000,63,1773.0,1333,13.33,227,1773
10000,63,8977.0,2019,20.19,1023,8977
20000,63,17939.0,2019,20.19,2061,17939
40000,63,35927.0,2019,20.19,4073,35927
60000,63,53962.0,2019,20.19,6038,53962
80000,63,71981.0,2019,20.19,8019,71981
100000,63,90023.0,2019,20.19,9977,90023
200000,63,180105.0,2019,20.19,19895,180105
400000,63,360207.0,2019,20.19,39793,360207
600000,63,540148.0,2019,20.19,59852,540148
800000,63,720143.0,2019,20.19,79857,720143
1000000,63,900038.0,2019,20.19,99962,900038
2,64,2.0,1,0.01,0,2
3,64,3.0,2,0.02,0,3
100,64,86.0,66,0.66,14,86
200,64,173.0,133,1.33,27,173
2000,64,1779.0,1333,13.33,221,1779
10000,64,8914.0,7244,72.44,1086,8914
20000,64,17947.0,7244,72.44,2053,17947
40000,64,35916.0,7244,72.44,4084,35916
60000,64,53903.0,7244,72.44,6097,53903
80000,64,71876.0,7244,72.44,8124,71876
100000,64,89924.0,7244,72.44,10076,89924
200000,64,179927.0,7244,72.44,20073,179927
400000,64,359968.0,7244,72.44,40032,359968
600000,64,539712.0,7244,72.44,60288,539712
800000,64,719800.0,7244,72.44,80200,719800
1000000,64,899806.0,7244,72.44,100194,899806
2,65,1.0,1,0.01,1,1
3,65,2.0,2,0.02,1,2
100,65,88.0,66,0.66,12,88
200,65,174.0,133,1.33,26,174
2000,65,1780.0,1333,13.33,220,1780
10000,65,8987.0,2000,20.0,1013,8987
20000,65,17966.0,2000,20.0,2034,17966
40000,65,35965.0,2000,20.0,4035,35965
60000,65,54053.0,2000,20.0,5947,54053
80000,65,72074.0,2000,20.0,7926,72074
100000,65,89999.0,2000,20.0,10001,89999
200000,65,179851.0,2000,20.0,20149,179851
400000,65,359725.0,2000,20.0,40275,359725
600000,65,539583.0,2000,20.0,60417,539583
800000,65,719629.0,2000,20.0,80371,719629
1000000,65,899525.0,2000,20.0,100475,899525
2,66,1.0,1,0.01,1,1
3,66,2.0,2,0.02,1,2
100,66,88.0,66,0.66,12,88
200,66,168.0,133,1.33,32,168
2000,66,1787.0,1333,13.33,213,1787
10000,66,8898.0,8998,89.98,1102,8898
20000,66,17884.0,18998,189.98,2116,17884
40000,66,35678.0,38998,389.98,4322,35678
60000,66,53488.0,58998,589.98,6512,53488
80000,66,71251.0,78998,789.98,8749,71251
100000,66,89066.0,98998,989.98,10934,89066
200000,66,178010.0,198991,1989.91,21990,178010
400000,66,356052.0,398961,3989.61,43948,356052
600000,66,534163.0,598961,5989.61,65837,534163
800000,66,712064.0,798961,7989.61,87936,712064
1000000,66,889818.0,998961,9989.61,110182,889818
2,67,2.0,1,0.01,0,2
3,67,2.0,2,0.02,1,2
100,67,83.0,66,0.66,17,83
200,67,170.0,133,1.33,30,170
2000,67,1791.0,1333,13.33,209,1791
10000,67,8967.0,2000,20.0,1033,8967
20000,67,17993.0,2000,20.0,2007,17993
40000,67,36003.0,2000,20.0,3997,36003
60000,67,54044.0,2000,20.0,5956,54044
80000,67,71973.0,2000,20.0,8027,71973
100000,67,90052.0,2000,20.0,9948,90052
200000,67,180151.0,2000,20.0,19849,180151
400000,67,360098.0,2000,20.0,39902,360098
600000,67,540166.0,2000,20.0,59834,540166
800000,67,720140.0,2000,20.0,79860,720140
1000000,67,900152.0,2000,20.0,99848,900152
2,68,2.0,1,0.01,0,2
3,68,3.0,2,0.02,0,3
100,68,87.0,66,0.66,13,87
200,68,176.0,133,1.33,24,176
2000,68,1799.0,1333,13.33,201,1799
10000,68,8970.0,2000,20.0,1030,8970
20000,68,17970.0,2000,20.0,2030,17970
40000,68,36000.0,2000,20.0,4000,36000
60000,68,53962.0,2000,20.0,6038,53962
80000,68,71936.0,2000,20.0,8064,71936
100000,68,89924.0,2000,20.0,10076,89924
200000,68,179828.0,2000,20.0,20172,179828
400000,68,359892.0,2000,20.0,40108,359892
600000,68,540053.0,2000,20.0,59947,540053
800000,68,720065.0,2000,20.0,79935,720065
1000000,68,900385.0,2000,20.0,99615,900385
2,69,2.0,1,0.01,0,2
3,69,3.0,2,0.02,0,3
100,69,85.0,66,0.66,15,85
200,69,168.0,133,1.33,32,168
2000,69,1768.0,1333,13.33,232,1768
10000,69,8956.0,2000,20.0,1044,8956
20000,69,17975.0,2000,20.0,2025,17975
40000,69,36016.0,2000,20.0,3984,36016
60000,69,53916.0,2000,20.0,6084,53916
80000,69,71920.0,2000,20.0,8080,71920
100000,69,89941.0,2000,20.0,10059,89941
200000,69,179879.0,2000,20.0,20121,179879
400000,69,359920.0,2000,20.0,40080,359920
600000,69,539781.0,2000,20.0,60219,539781
800000,69,719835.0,2000,20.0,80165,719835
1000000,69,899888.0,2000,20.0,100112,899888
2,70,2.0,1,0.01,0,2
3,70,3.0,2,0.02,0,3
100,70,89.0,66,0.66,11,89
200,70,177.0,133,1.33,23,177
2000,70,1790.0,1333,13.33,210,1790
10000,70,8958.0,9000,90.0,1042,8958
20000,70,17837.0,19000,190.0,2163,17837
40000,70,35616.0,39000,390.0,4384,35616
60000,70,53429.0,59000,590.0,6571,53429
80000,70,71325.0,79000,790.0,8675,71325
100000,70,89144.0,99000,990.0,10856,89144
200000,70,178162.0,199000,1990.0,21838,178162
400000,70,356155.0,399000,3990.0,43845,356155
600000,70,534140.0,599000,5990.0,65860,534140
800000,70,711931.0,799000,7990.0,88069,711931
1000000,70,890003.0,999000,9990.0,109997,890003
2,71,2.0,1,0.01,0,2
3,71,3.0,2,0.02,0,3
100,71,91.0,66,0.66,9,91
200,71,182.0,133,1.33,18,182
2000,71,1778.0,1333,13.33,222,1778
10000,71,8960.0,2000,20.0,1040,8960
20000,71,17972.0,2000,20.0,2028,17972
40000,71,35975.0,2000,20.0,4025,35975
60000,71,53979.0,2000,20.0,6021,53979
80000,71,71939.0,2000,20.0,8061,71939
100000,71,89886.0,2000,20.0,10114,89886
200000,71,179648.0,2000,20.0,20352,179648
400000,71,359389.0,2000,20.0,40611,359389
600000,71,539474.0,2000,20.0,60526,539474
800000,71,719654.0,2000,20.0,80346,719654
1000000,71,899807.0,2000,20.0,100193,899807
2,72,2.0,1,0.01,0,2
3,72,3.0,2,0.02,0,3
100,72,93.0,66,0.66,7,93
200,72,179.0,133,1.33,21,179
2000,72,1776.0,1333,13.33,224,1776
10000,72,8950.0,7332,73.32,1050,8950
20000,72,17993.0,7332,73.32,2007,17993
40000,72,36016.0,7332,73.32,3984,36016
60000,72,53987.0,7332,73.32,6013,53987
80000,72,71999.0,7332,73.32,8001,71999
100000,72,89981.0,7332,73.32,10019,89981
200000,72,179872.0,7332,73.32,20128,179872
400000,72,359965.0,7332,73.32,40035,359965
600000,72,539846.0,7332,73.32,60154,539846
800000,72,719872.0,7332,73.32,80128,719872
1000000,72,899887.0,7332,73.32,100113,899887
2,73,2.0,1,0.01,0,2
3,73,3.0,2,0.02,0,3
100,73,91.0,66,0.66,9,91
200,73,183.0,133,1.33,17,183
2000,73,1780.0,1333,13.33,220,1780
10000,73,8946.0,9000,90.0,1054,8946
20000,73,17833.0,19000,190.0,2167,17833
40000,73,35697.0,39000,390.0,4303,35697
60000,73,53562.0,59000,590.0,6438,53562
80000,73,71323.0,79000,790.0,8677,71323
100000,73,89022.0,99000,990.0,10978,89022
200000,73,177985.0,199000,1990.0,22015,177985
400000,73,356019.0,399000,3990.0,43981,356019
600000,73,534140.0,599000,5990.0,65860,534140
800000,73,712063.0,799000,7990.0,87937,712063
1000000,73,890145.0,999000,9990.0,109855,890145
2,74,2.0,1,0.01,0,2
3,74,3.0,2,0.02,0,3
100,74,89.0,66,0.66,11,89
200,74,176.0,133,1.33,24,176
2000,74,1794.0,1333,13.33,206,1794
10000,74,8963.0,3072,30.72,1037,8963
20000,74,17972.0,3072,30.72,2028,17972
40000,74,35957.0,3072,30.72,4043,35957
60000,74,53967.0,3072,30.72,6033,53967
80000,74,71899.0,3072,30.72,8101,71899
100000,74,89879.0,3072,30.72,10121,89879
200000,74,179851.0,3072,30.72,20149,179851
400000,74,359792.0,3072,30.72,40208,359792
600000,74,539773.0,3072,30.72,60227,539773
800000,74,720031.0,3072,30.72,79969,720031
1000000,74,900141.0,3072,30.72,99859,900141
2,75,2.0,1,0.01,0,2
3,75,3.0,2,0.02,0,3
100,75,92.0,66,0.66,8,92
200,75,183.0,133,1.33,17,183
2000,75,1800.0,1333,13.33,200,1800
10000,75,8978.0,2017,20.17,1022,8978
20000,75,17943.0,2045,20.45,2057,17943
40000,75,35982.0,2045,20.45,4018,35982
60000,75,54016.0,2045,20.45,5984,54016
80000,75,71990.0,2045,20.45,8010,71990
100000,75,89957.0,2045,20.45,10043,89957
200000,75,179722.0,2045,20.45,20278,179722
400000,75,359749.0,2045,20.45,40251,359749
600000,75,539855.0,2045,20.45,60145,539855
800000,75,719946.0,2045,20.45,80054,719946
1000000,75,899867.0,2045,20.45,100133,899867
2,76,0.0,1,0.01,2,0
3,76,1.0,2,0.02,2,1
100,76,86.0,66,0.66,14,86
200,76,169.0,133,1.33,31,169
2000,76,1787.0,1333,13.33,213,1787
10000,76,8955.0,3816,38.16,1045,8955
20000,76,17948.0,3816,38.16,2052,17948
40000,76,35937.0,3816,38.16,4063,35937
60000,76,53825.0,3816,38.16,6175,53825
80000,76,71806.0,3816,38.16,8194,71806
100000,76,89752.0,3816,38.16,10248,89752
200000,76,179621.0,3816,38.16,20379,179621
400000,76,359310.0,3816,38.16,40690,359310
600000,76,539275.0,3816,38.16,60725,539275
800000,76,719285.0,3816,38.16,80715,719285
1000000,76,899217.0,3816,38.16,100783,899217
2,77,2.0,1,0.01,0,2
3,77,3.0,2,0.02,0,3
100,77,88.0,66,0.66,12,88
200,77,181.0,133,1.33,19,181
2000,77,1796.0,1333,13.33,204,1796
10000,77,9009.0,2000,20.0,991,9009
20000,77,18041.0,2000,20.0,1959,18041
40000,77,35992.0,2000,20.0,4008,35992
60000,77,53971.0,2000,20.0,6029,53971
80000,77,71902.0,2000,20.0,8098,71902
100000,77,89909.0,2000,20.0,10091,89909
200000,77,179832.0,2000,20.0,20168,179832
400000,77,359788.0,2000,20.0,40212,359788
600000,77,539666.0,2000,20.0,60334,539666
800000,77,719731.0,2000,20.0,80269,719731
1000000,77,899757.0,2000,20.0,100243,899757
2,78,2.0,1,0.01,0,2
3,78,3.0,2,0.02,0,3
100,78,86.0,66,0.66,14,86
200,78,173.0,133,1.33,27,173
2000,78,1777.0,1333,13.33,223,1777
10000,78,8881.0,8894,88.94,1119,8881
20000,78,17797.0,18894,188.94,2203,17797
40000,78,35616.0,38894,388.94,4384,35616
60000,78,53398.0,58894,588.94,6602,53398
80000,78,71230.0,78894,788.94,8770,71230
100000,78,89126.0,98894,988.94,10874,89126
200000,78,178175.0,198894,1988.94,21825,178175
400000,78,356332.0,398894,3988.94,43668,356332
600000,78,534276.0,598894,5988.94,65724,534276
800000,78,712316.0,798894,7988.94,87684,712316
1000000,78,890143.0,998894,9988.94,109857,890143
2,79,2.0,1,0.01,0,2
3,79,3.0,2,0.02,0,3
100,79,94.0,66,0.66,6,94
200,79,187.0,133,1.33,13,187
2000,79,1814.0,1333,13.33,186,1814
10000,79,8921.0,8776,87.76,1079,8921
20000,79,17851.0,18776,187.76,2149,17851
40000,79,35684.0,38776,387.76,4316,35684
60000,79,53401.0,58776,587.76,6599,53401
80000,79,71209.0,78776,787.76,8791,71209
100000,79,89069.0,98776,987.76,10931,89069
200000,79,178061.0,198776,1987.76,21939,178061
400000,79,355940.0,398776,3987.76,44060,355940
600000,79,533878.0,598776,5987.76,66122,533878
800000,79,711927.0,798776,7987.76,88073,711927
1000000,79,890140.0,998776,9987.76,109860,890140
2,80,2.0,1,0.01,0,2
3,80,3.0,2,0.02,0,3
100,80,92.0,66,0.66,8,92
200,80,189.0,133,1.33,11,189
2000,80,1771.0,1333,13.33,229,1771
10000,80,8972.0,2000,20.0,1028,8972
20000,80,17949.0,2000,20.0,2051,17949
40000,80,35915.0,2000,20.0,4085,35915
60000,80,53962.0,2000,20.0,6038,53962
80000,80,72015.0,2000,20.0,7985,72015
100000,80,89989.0,2000,20.0,10011,89989
200000,80,180094.0,2000,20.0,19906,180094
400000,80,360215.0,2000,20.0,39785,360215
600000,80,540095.0,2000,20.0,59905,540095
800000,80,720337.0,2000,20.0,79663,720337
1000000,80,900631.0,2000,20.0,99369,900631
2,81,2.0,1,0.01,0,2
3,81,3.0,2,0.02,0,3
100,81,88.0,66,0.66,12,88
200,81,182.0,133,1.33,18,182
2000,81,1795.0,1333,13.33,205,1795
10000,81,9000.0,2000,20.0,1000,9000
20000,81,17993.0,2000,20.0,2007,17993
40000,81,35972.0,2000,20.0,4028,35972
60000,81,54001.0,2000,20.0,5999,54001
80000,81,72047.0,2000,20.0,7953,72047
100000,81,90023.0,2000,20.0,9977,90023
200000,81,180108.0,2000,20.0,19892,180108
400000,81,359901.0,2000,20.0,40099,359901
600000,81,539940.0,2000,20.0,60060,539940
800000,81,719734.0,2000,20.0,80266,719734
1000000,81,899790.0,2000,20.0,100210,899790
2,82,0.0,1,0.01,2,0
3,82,1.0,2,0.02,2,1
100,82,78.0,66,0.66,22,78
200,82,172.0,133,1.33,28,172
2000,82,1760.0,1333,13.33,240,1760
10000,82,8922.0,2000,20.0,1078,8922
20000,82,17940.0,2000,20.0,2060,17940
40000,82,35966.0,2000,20.0,4034,35966
60000,82,53974.0,2000,20.0,6026,53974
80000,82,72045.0,2000,20.0,7955,72045
100000,82,90099.0,2000,20.0,9901,90099
200000,82,179965.0,2000,20.0,20035,179965
400000,82,359703.0,2000,20.0,40297,359703
600000,82,539908.0,2000,20.0,60092,539908
800000,82,719940.0,2000,20.0,80060,719940
1000000,82,899862.0,2000,20.0,100138,899862
2,83,2.0,1,0.01,0,2
3,83,3.0,2,0.02,0,3
100,83,95.0,66,0.66,5,95
200,83,178.0,133,1.33,22,178
2000,83,1782.0,1333,13.33,218,1782
10000,83,8939.0,2000,20.0,1061,8939
20000,83,17976.0,2000,20.0,2024,17976
40000,83,35945.0,2000,20.0,4055,35945
60000,83,53957.0,2000,20.0,6043,53957
80000,83,72017.0,2000,20.0,7983,72017
100000,83,90004.0,2000,20.0,9996,90004
200000,83,179838.0,2000,20.0,20162,179838
400000,83,359939.0,2000,20.0,40061,359939
600000,83,539941.0,2000,20.0,60059,539941
800000,83,720032.0,2000,20.0,79968,720032
1000000,83,899815.0,2000,20.0,100185,899815
2,84,2.0,1,0.01,0,2
3,84,2.0,2,0.02,1,2
100,84,84.0,66,0.66,16,84
200,84,169.0,133,1.33,31,169
2000,84,1778.0,1333,13.33,222,1778
10000,84,8975.0,2147,21.47,1025,8975
20000,84,17954.0,2147,21.47,2046,17954
40000,84,35885.0,2147,21.47,4115,35885
60000,84,53908.0,2147,21.47,6092,53908
80000,84,71954.0,2147,21.47,8046,71954
100000,84,89911.0,2147,21.47,10089,89911
200000,84,179932.0,2147,21.47,20068,179932
400000,84,359612.0,2147,21.47,40388,359612
600000,84,539495.0,2147,21.47,60505,539495
800000,84,719206.0,2147,21.47,80794,719206
1000000,84,899275.0,2147,21.47,100725,899275
2,85,2.0,1,0.01,0,2
3,85,3.0,2,0.02,0,3
100,85,92.0,66,0.66,8,92
200,85,181.0,133,1.33,19,181
2000,85,1815.0,1333,13.33,185,1815
10000,85,8946.0,4498,44.98,1054,8946
20000,85,17985.0,4498,44.98,2015,17985
40000,85,36005.0,4498,44.98,3995,36005
60000,85,53965.0,4498,44.98,6035,53965
80000,85,71955.0,4498,44.98,8045,71955
100000,85,89982.0,4498,44.98,10018,89982
200000,85,180311.0,4498,44.98,19689,180311
400000,85,360200.0,4498,44.98,39800,360200
600000,85,540052.0,4498,44.98,59948,540052
800000,85,720290.0,4498,44.98,79710,720290
1000000,85,900282.0,4498,44.98,99718,900282
2,86,1.0,1,0.01,1,1
3,86,2.0,2,0.02,1,2
100,86,89.0,66,0.66,11,89
200,86,181.0,133,1.33,19,181
2000,86,1802.0,1333,13.33,198,1802
10000,86,9041.0,3953,39.53,959,9041
20000,86,18018.0,3953,39.53,1982,18018
40000,86,35997.0,3953,39.53,4003,35997
60000,86,53977.0,3953,39.53,6023,53977
80000,86,72075.0,3953,39.53,7925,72075
100000,86,90114.0,3953,39.53,9886,90114
200000,86,180141.0,3953,39.53,19859,180141
400000,86,360063.0,3953,39.53,39937,360063
600000,86,540306.0,3953,39.53,59694,540306
800000,86,719976.0,3953,39.53,80024,719976
1000000,86,900193.0,3953,39.53,99807,900193
2,87,2.0,1,0.01,0,2
3,87,3.0,2,0.02,0,3
100,87,93.0,66,0.66,7,93
200,87,182.0,133,1.33,18,182
2000,87,1805.0,1333,13.33,195,1805
10000,87,8944.0,3556,35.56,1056,8944
20000,87,17986.0,3556,35.56,2014,17986
40000,87,36028.0,3556,35.56,3972,36028
60000,87,53983.0,3556,35.56,6017,53983
80000,87,72046.0,3556,35.56,7954,72046
100000,87,90107.0,3556,35.56,9893,90107
200000,87,180131.0,3556,35.56,19869,180131
400000,87,360146.0,3556,35.56,39854,360146
600000,87,540169.0,3556,35.56,59831,540169
800000,87,719960.0,3556,35.56,80040,719960
1000000,87,899969.0,3556,35.56,100031,899969
2,88,2.0,1,0.01,0,2
3,88,3.0,2,0.02,0,3
100,88,91.0,66,0.66,9,91
200,88,177.0,133,1.33,23,177
2000,88,1778.0,1333,13.33,222,1778
10000,88,8942.0,2321,23.21,1058,8942
20000,88,17918.0,2321,23.21,2082,17918
40000,88,35951.0,2321,23.21,4049,35951
60000,88,53940.0,2321,23.21,6060,53940
80000,88,71973.0,2321,23.21,8027,71973
100000,88,89859.0,2321,23.21,10141,89859
200000,88,179708.0,2321,23.21,20292,179708
400000,88,359707.0,2321,23.21,40293,359707
600000,88,539888.0,2321,23.21,60112,539888
800000,88,719944.0,2321,23.21,80056,719944
1000000,88,899649.0,2321,23.21,100351,899649
2,89,1.0,1,0.01,1,1
3,89,2.0,2,0.02,1,2
100,89,91.0,66,0.66,9,91
200,89,182.0,133,1.33,18,182
2000,89,1774.0,1333,13.33,226,1774
10000,89,8937.0,2000,20.0,1063,8937
20000,89,17892.0,2000,20.0,2108,17892
40000,89,35847.0,2000,20.0,4153,35847
60000,89,53872.0,2000,20.0,6128,53872
80000,89,71843.0,2000,20.0,8157,71843
100000,89,89843.0,2000,20.0,10157,89843
200000,89,179747.0,2000,20.0,20253,179747
400000,89,359997.0,2000,20.0,40003,359997
600000,89,539899.0,2000,20.0,60101,539899
800000,89,719629.0,2000,20.0,80371,719629
1000000,89,899799.0,2000,20.0,100201,899799
2,90,2.0,1,0.01,0,2
3,90,3.0,2,0.02,0,3
100,90,90.0,66,0.66,10,90
200,90,178.0,133,1.33,22,178
2000,90,1781.0,1333,13.33,219,1781
10000,90,8909.0,9000,90.0,1091,8909
20000,90,17730.0,19000,190.0,2270,17730
40000,90,35533.0,39000,390.0,4467,35533
60000,90,53344.0,59000,590.0,6656,53344
80000,90,71164.0,79000,790.0,8836,71164
100000,90,89002.0,99000,990.0,10998,89002
200000,90,177880.0,199000,1990.0,22120,177880
400000,90,356231.0,399000,3990.0,43769,356231
600000,90,534161.0,599000,5990.0,65839,534161
800000,90,711850.0,799000,7990.0,88150,711850
1000000,90,889821.0,999000,9990.0,110179,889821
2,91,2.0,1,0.01,0,2
3,91,3.0,2,0.02,0,3
100,91,93.0,66,0.66,7,93
200,91,189.0,133,1.33,11,189
2000,91,1792.0,1333,13.33,208,1792
10000,91,8909.0,4553,45.53,1091,8909
20000,91,17905.0,4553,45.53,2095,17905
40000,91,35863.0,4553,45.53,4137,35863
60000,91,53894.0,4553,45.53,6106,53894
80000,91,71914.0,4553,45.53,8086,71914
100000,91,89985.0,4553,45.53,10015,89985
200000,91,180005.0,4553,45.53,19995,180005
400000,91,359900.0,4553,45.53,40100,359900
600000,91,539762.0,4553,45.53,60238,539762
800000,91,719678.0,4553,45.53,80322,719678
1000000,91,899602.0,4553,45.53,100398,899602
2,92,2.0,1,0.01,0,2
3,92,3.0,2,0.02,0,3
100,92,92.0,66,0.66,8,92
200,92,179.0,133,1.33,21,179
2000,92,1769.0,1333,13.33,231,1769
10000,92,8922.0,9000,90.0,1078,8922
20000,92,17791.0,19000,190.0,2209,17791
40000,92,35598.0,39000,390.0,4402,35598
60000,92,53368.0,59000,590.0,6632,53368
80000,92,71083.0,78981,789.81,8917,71083
100000,92,88895.0,98979,989.79,11105,88895
200000,92,177956.0,198979,1989.79,22044,177956
400000,92,355984.0,398979,3989.79,44016,355984
600000,92,533986.0,598979,5989.79,66014,533986
800000,92,712233.0,798979,7989.79,87767,712233
1000000,92,890183.0,998979,9989.79,109817,890183
2,93,2.0,1,0.01,0,2
3,93,3.0,2,0.02,0,3
100,93,91.0,66,0.66,9,91
200,93,185.0,133,1.33,15,185
2000,93,1807.0,1333,13.33,193,1807
10000,93,8959.0,2058,20.58,1041,8959
20000,93,17957.0,2092,20.92,2043,17957
40000,93,36023.0,2092,20.92,3977,36023
60000,93,54046.0,2092,20.92,5954,54046
80000,93,72068.0,2092,20.92,7932,72068
100000,93,90050.0,2092,20.92,9950,90050
200000,93,179989.0,2092,20.92,20011,179989
400000,93,360072.0,2092,20.92,39928,360072
600000,93,540045.0,2092,20.92,59955,540045
800000,93,720007.0,2092,20.92,79993,720007
1000000,93,899885.0,2092,20.92,100115,899885
2,94,2.0,1,0.01,0,2
3,94,3.0,2,0.02,0,3
100,94,90.0,66,0.66,10,90
200,94,176.0,133,1.33,24,176
2000,94,1818.0,1333,13.33,182,1818
10000,94,8957.0,8994,89.94,1043,8957
20000,94,17876.0,18988,189.88,2124,17876
40000,94,35670.0,38965,389.65,4330,35670
60000,94,53501.0,58965,589.65,6499,53501
80000,94,71261.0,78961,789.61,8739,71261
100000,94,89050.0,98954,989.54,10950,89050
200000,94,178136.0,198954,1989.54,21864,178136
400000,94,356034.0,398952,3989.52,43966,356034
600000,94,533925.0,598952,5989.52,66075,533925
800000,94,711713.0,798952,7989.52,88287,711713
1000000,94,889743.0,998952,9989.52,110257,889743
2,95,2.0,1,0.01,0,2
3,95,3.0,2,0.02,0,3
100,95,93.0,66,0.66,7,93
200,95,178.0,133,1.33,22,178
2000,95,1777.0,1333,13.33,223,1777
10000,95,8976.0,2000,20.0,1024,8976
20000,95,18001.0,2000,20.0,1999,18001
40000,95,36012.0,2000,20.0,3988,36012
60000,95,54056.0,2000,20.0,5944,54056
80000,95,72081.0,2000,20.0,7919,72081
100000,95,90070.0,2000,20.0,9930,90070
200000,95,180186.0,2000,20.0,19814,180186
400000,95,360235.0,2000,20.0,39765,360235
600000,95,540167.0,2000,20.0,59833,540167
800000,95,720301.0,2000,20.0,79699,720301
1000000,95,900274.0,2000,20.0,99726,900274
2,96,2.0,1,0.01,0,2
3,96,3.0,2,0.02,0,3
100,96,92.0,66,0.66,8,92
200,96,175.0,133,1.33,25,175
2000,96,1786.0,1333,13.33,214,1786
10000,96,8895.0,8925,89.25,1105,8895
20000,96,17777.0,18925,189.25,2223,17777
40000,96,35572.0,38925,389.25,4428,35572
60000,96,53368.0,58925,589.25,6632,53368
80000,96,71242.0,78925,789.25,8758,71242
100000,96,89036.0,98925,989.25,10964,89036
200000,96,178079.0,198925,1989.25,21921,178079
400000,96,355959.0,398925,3989.25,44041,355959
600000,96,533816.0,598925,5989.25,66184,533816
800000,96,711839.0,798925,7989.25,88161,711839
1000000,96,889779.0,998925,9989.25,110221,889779
2,97,1.0,1,0.01,1,1
3,97,2.0,2,0.02,1,2
100,97,87.0,66,0.66,13,87
200,97,177.0,133,1.33,23,177
2000,97,1794.0,1333,13.33,206,1794
10000,97,8996.0,2000,20.0,1004,8996
20000,97,18027.0,2000,20.0,1973,18027
40000,97,36104.0,2000,20.0,3896,36104
60000,97,54094.0,2000,20.0,5906,54094
80000,97,72065.0,2000,20.0,7935,72065
100000,97,90043.0,2000,20.0,9957,90043
200000,97,180029.0,2000,20.0,19971,180029
400000,97,359953.0,2000,20.0,40047,359953
600000,97,540165.0,2000,20.0,59835,540165
800000,97,720144.0,2000,20.0,79856,720144
1000000,97,900081.0,2000,20.0,99919,900081
2,98,2.0,1,0.01,0,2
3,98,2.0,2,0.02,1,2
100,98,92.0,66,0.66,8,92
200,98,181.0,133,1.33,19,181
2000,98,1791.0,1333,13.33,209,1791
10000,98,9012.0,2000,20.0,988,9012
20000,98,18018.0,2000,20.0,1982,18018
40000,98,36031.0,2000,20.0,3969,36031
60000,98,54023.0,2000,20.0,5977,54023
80000,98,72018.0,2000,20.0,7982,72018
100000,98,89975.0,2000,20.0,10025,89975
200000,98,179924.0,2000,20.0,20076,179924
400000,98,359756.0,2000,20.0,40244,359756
600000,98,539957.0,2000,20.0,60043,539957
800000,98,720144.0,2000,20.0,79856,720144
1000000,98,900010.0,2000,20.0,99990,900010
2,99,2.0,1,0.01,0,2
3,99,3.0,2,0.02,0,3
100,99,90.0,66,0.66,10,90
200,99,180.0,133,1.33,20,180
2000,99,1791.0,1333,13.33,209,1791
10000,99,9028.0,2000,20.0,972,9028
20000,99,18002.0,2000,20.0,1998,18002
40000,99,36040.0,2000,20.0,3960,36040
60000,99,54081.0,2000,20.0,5919,54081
80000,99,72092.0,2000,20.0,7908,72092
100000,99,90099.0,2000,20.0,9901,90099
200000,99,180188.0,2000,20.0,19812,180188
400000,99,360037.0,2000,20.0,39963,360037
600000,99,539993.0,2000,20.0,60007,539993
800000,99,719994.0,2000,20.0,80006,719994
1000000,99,899926.0,2000,20.0,100074,899926
2,100,2.0,1,0.01,0,2
3,100,3.0,2,0.02,0,3
100,100,92.0,66,0.66,8,92
200,100,181.0,133,1.33,19,181
2000,100,1784.0,1333,13.33,216,1784
10000,100,8967.0,2000,20.0,1033,8967
20000,100,17929.0,2000,20.0,2071,17929
40000,100,35940.0,2000,20.0,4060,35940
60000,100,53913.0,2000,20.0,6087,53913
80000,100,71909.0,2000,20.0,8091,71909
100000,100,89937.0,2000,20.0,10063,89937
200000,100,179842.0,2000,20.0,20158,179842
400000,100,359986.0,2000,20.0,40014,359986
600000,100,539938.0,2000,20.0,60062,539938
800000,100,719797.0,2000,20.0,80203,719797
1000000,100,900047.0,2000,20.0,99953,900047
