Timestep,Iteration,Total Reward,Suboptimal Arms,Total Regret,Zeros Count,Ones Count
2,1,2.0,1,0.1,0,2
3,1,2.0,2,0.2,1,2
100,1,87.0,50,5.0,13,87
200,1,174.0,100,10.0,26,174
2000,1,1683.0,1000,100.0,317,1683
10000,1,8903.0,1000,100.0,1097,8903
20000,1,17885.0,1000,100.0,2115,17885
40000,1,35935.0,1000,100.0,4065,35935
60000,1,53870.0,1000,100.0,6130,53870
80000,1,71838.0,1000,100.0,8162,71838
100000,1,89922.0,1000,100.0,10078,89922
200000,1,179977.0,1000,100.0,20023,179977
400000,1,359963.0,1000,100.0,40037,359963
600000,1,539939.0,1000,100.0,60061,539939
800000,1,719832.0,1000,100.0,80168,719832
1000000,1,899741.0,1000,100.0,100259,899741
2,2,2.0,1,0.1,0,2
3,2,3.0,2,0.2,0,3
100,2,84.0,50,5.0,16,84
200,2,167.0,100,10.0,33,167
2000,2,1729.0,1000,100.0,271,1729
10000,2,8907.0,1000,100.0,1093,8907
20000,2,17891.0,1000,100.0,2109,17891
40000,2,35930.0,1000,100.0,4070,35930
60000,2,53933.0,1000,100.0,6067,53933
80000,2,72001.0,1000,100.0,7999,72001
100000,2,90066.0,1000,100.0,9934,90066
200000,2,179974.0,1000,100.0,20026,179974
400000,2,359953.0,1000,100.0,40047,359953
600000,2,539838.0,1000,100.0,60162,539838
800000,2,720040.0,1000,100.0,79960,720040
1000000,2,900183.0,1000,100.0,99817,900183
2,3,2.0,1,0.1,0,2
3,3,3.0,2,0.2,0,3
100,3,88.0,50,5.0,12,88
200,3,172.0,100,10.0,28,172
2000,3,1707.0,1000,100.0,293,1707
10000,3,8878.0,1000,100.0,1122,8878
20000,3,17858.0,1000,100.0,2142,17858
40000,3,35728.0,1000,100.0,4272,35728
60000,3,53726.0,1000,100.0,6274,53726
80000,3,71701.0,1000,100.0,8299,71701
100000,3,89715.0,1000,100.0,10285,89715
200000,3,179623.0,1000,100.0,20377,179623
400000,3,359782.0,1000,100.0,40218,359782
600000,3,539905.0,1000,100.0,60095,539905
800000,3,719751.0,1000,100.0,80249,719751
1000000,3,899769.0,1000,100.0,100231,899769
2,4,2.0,1,0.1,0,2
3,4,3.0,2,0.2,0,3
100,4,87.0,50,5.0,13,87
200,4,169.0,100,10.0,31,169
2000,4,1712.0,1000,100.0,288,1712
10000,4,8932.0,1000,100.0,1068,8932
20000,4,17967.0,1000,100.0,2033,17967
40000,4,36034.0,1000,100.0,3966,36034
60000,4,54031.0,1000,100.0,5969,54031
80000,4,72077.0,1000,100.0,7923,72077
100000,4,90073.0,1000,100.0,9927,90073
200000,4,180132.0,1000,100.0,19868,180132
400000,4,359797.0,1000,100.0,40203,359797
600000,4,539761.0,1000,100.0,60239,539761
800000,4,719799.0,1000,100.0,80201,719799
1000000,4,900035.0,1000,100.0,99965,900035
2,5,1.0,1,0.1,1,1
3,5,2.0,2,0.2,1,2
100,5,83.0,50,5.0,17,83
200,5,160.0,100,10.0,40,160
2000,5,1695.0,1000,100.0,305,1695
10000,5,8883.0,1000,100.0,1117,8883
20000,5,17843.0,1000,100.0,2157,17843
40000,5,35817.0,1000,100.0,4183,35817
60000,5,53867.0,1000,100.0,6133,53867
80000,5,71828.0,1000,100.0,8172,71828
100000,5,89732.0,1000,100.0,10268,89732
200000,5,179859.0,1000,100.0,20141,179859
400000,5,359861.0,1000,100.0,40139,359861
600000,5,539913.0,1000,100.0,60087,539913
800000,5,719736.0,1000,100.0,80264,719736
1000000,5,899419.0,1000,100.0,100581,899419
2,6,2.0,1,0.1,0,2
3,6,3.0,2,0.2,0,3
100,6,86.0,50,5.0,14,86
200,6,173.0,100,10.0,27,173
2000,6,1711.0,1000,100.0,289,1711
10000,6,8923.0,1000,100.0,1077,8923
20000,6,17870.0,1000,100.0,2130,17870
40000,6,35855.0,1000,100.0,4145,35855
60000,6,53828.0,1000,100.0,6172,53828
80000,6,71847.0,1000,100.0,8153,71847
100000,6,89882.0,1000,100.0,10118,89882
200000,6,179764.0,1000,100.0,20236,179764
400000,6,359611.0,1000,100.0,40389,359611
600000,6,539529.0,1000,100.0,60471,539529
800000,6,719553.0,1000,100.0,80447,719553
1000000,6,899399.0,1000,100.0,100601,899399
2,7,1.0,1,0.1,1,1
3,7,2.0,2,0.2,1,2
100,7,89.0,50,5.0,11,89
200,7,173.0,100,10.0,27,173
2000,7,1692.0,1000,100.0,308,1692
10000,7,8902.0,1000,100.0,1098,8902
20000,7,17925.0,1000,100.0,2075,17925
40000,7,35960.0,1000,100.0,4040,35960
60000,7,53976.0,1000,100.0,6024,53976
80000,7,71973.0,1000,100.0,8027,71973
100000,7,90028.0,1000,100.0,9972,90028
200000,7,180009.0,1000,100.0,19991,180009
400000,7,360228.0,1000,100.0,39772,360228
600000,7,540196.0,1000,100.0,59804,540196
800000,7,720188.0,1000,100.0,79812,720188
1000000,7,900079.0,1000,100.0,99921,900079
2,8,2.0,1,0.1,0,2
3,8,3.0,2,0.2,0,3
100,8,80.0,50,5.0,20,80
200,8,164.0,100,10.0,36,164
2000,8,1690.0,1000,100.0,310,1690
10000,8,8919.0,1000,100.0,1081,8919
20000,8,17931.0,1000,100.0,2069,17931
40000,8,35960.0,1000,100.0,4040,35960
60000,8,53999.0,1000,100.0,6001,53999
80000,8,71994.0,1000,100.0,8006,71994
100000,8,89958.0,1000,100.0,10042,89958
200000,8,179813.0,1000,100.0,20187,179813
400000,8,359788.0,1000,100.0,40212,359788
600000,8,539932.0,1000,100.0,60068,539932
800000,8,720217.0,1000,100.0,79783,720217
1000000,8,900382.0,1000,100.0,99618,900382
2,9,1.0,1,0.1,1,1
3,9,2.0,2,0.2,1,2
100,9,83.0,50,5.0,17,83
200,9,170.0,100,10.0,30,170
2000,9,1727.0,1000,100.0,273,1727
10000,9,8925.0,1000,100.0,1075,8925
20000,9,17878.0,1000,100.0,2122,17878
40000,9,35803.0,1000,100.0,4197,35803
60000,9,53773.0,1000,100.0,6227,53773
80000,9,71790.0,1000,100.0,8210,71790
100000,9,89725.0,1000,100.0,10275,89725
200000,9,179692.0,1000,100.0,20308,179692
400000,9,359793.0,1000,100.0,40207,359793
600000,9,539769.0,1000,100.0,60231,539769
800000,9,719606.0,1000,100.0,80394,719606
1000000,9,899443.0,1000,100.0,100557,899443
2,10,2.0,1,0.1,0,2
3,10,2.0,2,0.2,1,2
100,10,85.0,50,5.0,15,85
200,10,168.0,100,10.0,32,168
2000,10,1714.0,1000,100.0,286,1714
10000,10,8919.0,1000,100.0,1081,8919
20000,10,17887.0,1000,100.0,2113,17887
40000,10,35893.0,1000,100.0,4107,35893
60000,10,53887.0,1000,100.0,6113,53887
80000,10,71876.0,1000,100.0,8124,71876
100000,10,89902.0,1000,100.0,10098,89902
200000,10,179830.0,1000,100.0,20170,179830
400000,10,359811.0,1000,100.0,40189,359811
600000,10,539862.0,1000,100.0,60138,539862
800000,10,720145.0,1000,100.0,79855,720145
1000000,10,900249.0,1000,100.0,99751,900249
2,11,2.0,1,0.1,0,2
3,11,3.0,2,0.2,0,3
100,11,85.0,50,5.0,15,85
200,11,168.0,100,10.0,32,168
2000,11,1684.0,1000,100.0,316,1684
10000,11,8839.0,1000,100.0,1161,8839
20000,11,17852.0,1000,100.0,2148,17852
40000,11,35880.0,1000,100.0,4120,35880
60000,11,53963.0,1000,100.0,6037,53963
80000,11,71959.0,1000,100.0,8041,71959
100000,11,90005.0,1000,100.0,9995,90005
200000,11,179998.0,1000,100.0,20002,179998
400000,11,360137.0,1000,100.0,39863,360137
600000,11,540156.0,1000,100.0,59844,540156
800000,11,720240.0,1000,100.0,79760,720240
1000000,11,900260.0,1000,100.0,99740,900260
2,12,2.0,1,0.1,0,2
3,12,2.0,2,0.2,1,2
100,12,88.0,50,5.0,12,88
200,12,173.0,100,10.0,27,173
2000,12,1680.0,1000,100.0,320,1680
10000,12,8863.0,1000,100.0,1137,8863
20000,12,17889.0,1000,100.0,2111,17889
40000,12,35902.0,1000,100.0,4098,35902
60000,12,53913.0,1000,100.0,6087,53913
80000,12,71926.0,1000,100.0,8074,71926
100000,12,89957.0,1000,100.0,10043,89957
200000,12,180085.0,1000,100.0,19915,180085
400000,12,360275.0,1000,100.0,39725,360275
600000,12,540295.0,1000,100.0,59705,540295
800000,12,720361.0,1000,100.0,79639,720361
1000000,12,900214.0,1000,100.0,99786,900214
2,13,1.0,1,0.1,1,1
3,13,2.0,2,0.2,1,2
100,13,82.0,50,5.0,18,82
200,13,165.0,100,10.0,35,165
2000,13,1681.0,1000,100.0,319,1681
10000,13,8868.0,1000,100.0,1132,8868
20000,13,17890.0,1000,100.0,2110,17890
40000,13,35856.0,1000,100.0,4144,35856
60000,13,53900.0,1000,100.0,6100,53900
80000,13,71900.0,1000,100.0,8100,71900
100000,13,89842.0,1000,100.0,10158,89842
200000,13,179983.0,1000,100.0,20017,179983
400000,13,360028.0,1000,100.0,39972,360028
600000,13,539947.0,1000,100.0,60053,539947
800000,13,719966.0,1000,100.0,80034,719966
1000000,13,900218.0,1000,100.0,99782,900218
2,14,2.0,1,0.1,0,2
3,14,3.0,2,0.2,0,3
100,14,88.0,50,5.0,12,88
200,14,173.0,100,10.0,27,173
2000,14,1717.0,1000,100.0,283,1717
10000,14,8946.0,1000,100.0,1054,8946
20000,14,17961.0,1000,100.0,2039,17961
40000,14,36063.0,1000,100.0,3937,36063
60000,14,54056.0,1000,100.0,5944,54056
80000,14,71968.0,1000,100.0,8032,71968
100000,14,89910.0,1000,100.0,10090,89910
200000,14,179969.0,1000,100.0,20031,179969
400000,14,359826.0,1000,100.0,40174,359826
600000,14,539692.0,1000,100.0,60308,539692
800000,14,719606.0,1000,100.0,80394,719606
1000000,14,899521.0,1000,100.0,100479,899521
2,15,2.0,1,0.1,0,2
3,15,3.0,2,0.2,0,3
100,15,86.0,50,5.0,14,86
200,15,167.0,100,10.0,33,167
2000,15,1688.0,1000,100.0,312,1688
10000,15,8903.0,1000,100.0,1097,8903
20000,15,17883.0,1000,100.0,2117,17883
40000,15,35858.0,1000,100.0,4142,35858
60000,15,53836.0,1000,100.0,6164,53836
80000,15,71777.0,1000,100.0,8223,71777
100000,15,89752.0,1000,100.0,10248,89752
200000,15,179671.0,1000,100.0,20329,179671
400000,15,359866.0,1000,100.0,40134,359866
600000,15,539709.0,1000,100.0,60291,539709
800000,15,719599.0,1000,100.0,80401,719599
1000000,15,899658.0,1000,100.0,100342,899658
2,16,2.0,1,0.1,0,2
3,16,3.0,2,0.2,0,3
100,16,84.0,50,5.0,16,84
200,16,172.0,100,10.0,28,172
2000,16,1708.0,1000,100.0,292,1708
10000,16,8916.0,1000,100.0,1084,8916
20000,16,17884.0,1000,100.0,2116,17884
40000,16,35862.0,1000,100.0,4138,35862
60000,16,53894.0,1000,100.0,6106,53894
80000,16,71920.0,1000,100.0,8080,71920
100000,16,89861.0,1000,100.0,10139,89861
200000,16,180021.0,1000,100.0,19979,180021
400000,16,360353.0,1000,100.0,39647,360353
600000,16,540280.0,1000,100.0,59720,540280
800000,16,720379.0,1000,100.0,79621,720379
1000000,16,900333.0,1000,100.0,99667,900333
2,17,2.0,1,0.1,0,2
3,17,3.0,2,0.2,0,3
100,17,83.0,50,5.0,17,83
200,17,168.0,100,10.0,32,168
2000,17,1712.0,1000,100.0,288,1712
10000,17,8894.0,1000,100.0,1106,8894
20000,17,17867.0,1000,100.0,2133,17867
40000,17,35794.0,1000,100.0,4206,35794
60000,17,53703.0,1000,100.0,6297,53703
80000,17,71701.0,1000,100.0,8299,71701
100000,17,89733.0,1000,100.0,10267,89733
200000,17,179664.0,1000,100.0,20336,179664
400000,17,359593.0,1000,100.0,40407,359593
600000,17,539496.0,1000,100.0,60504,539496
800000,17,719504.0,1000,100.0,80496,719504
1000000,17,899268.0,1000,100.0,100732,899268
2,18,2.0,1,0.1,0,2
3,18,3.0,2,0.2,0,3
100,18,85.0,50,5.0,15,85
200,18,169.0,100,10.0,31,169
2000,18,1702.0,1000,100.0,298,1702
10000,18,8863.0,1000,100.0,1137,8863
20000,18,17838.0,1000,100.0,2162,17838
40000,18,35746.0,1000,100.0,4254,35746
60000,18,53749.0,1000,100.0,6251,53749
80000,18,71718.0,1000,100.0,8282,71718
100000,18,89719.0,1000,100.0,10281,89719
200000,18,179800.0,1000,100.0,20200,179800
400000,18,359958.0,1000,100.0,40042,359958
600000,18,540155.0,1000,100.0,59845,540155
800000,18,720063.0,1000,100.0,79937,720063
1000000,18,900101.0,1000,100.0,99899,900101
2,19,1.0,1,0.1,1,1
3,19,2.0,2,0.2,1,2
100,19,79.0,50,5.0,21,79
200,19,165.0,100,10.0,35,165
2000,19,1684.0,1000,100.0,316,1684
10000,19,8856.0,1000,100.0,1144,8856
20000,19,17848.0,1000,100.0,2152,17848
40000,19,35834.0,1000,100.0,4166,35834
60000,19,53843.0,1000,100.0,6157,53843
80000,19,71867.0,1000,100.0,8133,71867
100000,19,89905.0,1000,100.0,10095,89905
200000,19,179729.0,1000,100.0,20271,179729
400000,19,359712.0,1000,100.0,40288,359712
600000,19,539712.0,1000,100.0,60288,539712
800000,19,719925.0,1000,100.0,80075,719925
1000000,19,899936.0,1000,100.0,100064,899936
2,20,2.0,1,0.1,0,2
3,20,2.0,2,0.2,1,2
100,20,84.0,50,5.0,16,84
200,20,155.0,100,10.0,45,155
2000,20,1667.0,1000,100.0,333,1667
10000,20,8858.0,1000,100.0,1142,8858
20000,20,17858.0,1000,100.0,2142,17858
40000,20,35899.0,1000,100.0,4101,35899
60000,20,53998.0,1000,100.0,6002,53998
80000,20,72031.0,1000,100.0,7969,72031
100000,20,90006.0,1000,100.0,9994,90006
200000,20,180092.0,1000,100.0,19908,180092
400000,20,360067.0,1000,100.0,39933,360067
600000,20,540112.0,1000,100.0,59888,540112
800000,20,720322.0,1000,100.0,79678,720322
1000000,20,900562.0,1000,100.0,99438,900562
2,21,0.0,1,0.1,2,0
3,21,1.0,2,0.2,2,1
100,21,80.0,50,5.0,20,80
200,21,161.0,100,10.0,39,161
2000,21,1706.0,1000,100.0,294,1706
10000,21,8850.0,1000,100.0,1150,8850
20000,21,17811.0,1000,100.0,2189,17811
40000,21,35832.0,1000,100.0,4168,35832
60000,21,53799.0,1000,100.0,6201,53799
80000,21,71781.0,1000,100.0,8219,71781
100000,21,89777.0,1000,100.0,10223,89777
200000,21,179677.0,1000,100.0,20323,179677
400000,21,359603.0,1000,100.0,40397,359603
600000,21,539584.0,1000,100.0,60416,539584
800000,21,719561.0,1000,100.0,80439,719561
1000000,21,899479.0,1000,100.0,100521,899479
2,22,2.0,1,0.1,0,2
3,22,3.0,2,0.2,0,3
100,22,82.0,50,5.0,18,82
200,22,172.0,100,10.0,28,172
2000,22,1719.0,1000,100.0,281,1719
10000,22,8892.0,1000,100.0,1108,8892
20000,22,17885.0,1000,100.0,2115,17885
40000,22,35936.0,1000,100.0,4064,35936
60000,22,53895.0,1000,100.0,6105,53895
80000,22,71952.0,1000,100.0,8048,71952
100000,22,89973.0,1000,100.0,10027,89973
200000,22,179999.0,1000,100.0,20001,179999
400000,22,359805.0,1000,100.0,40195,359805
600000,22,539901.0,1000,100.0,60099,539901
800000,22,719993.0,1000,100.0,80007,719993
1000000,22,899702.0,1000,100.0,100298,899702
2,23,1.0,1,0.1,1,1
3,23,2.0,2,0.2,1,2
100,23,83.0,50,5.0,17,83
200,23,161.0,100,10.0,39,161
2000,23,1668.0,1000,100.0,332,1668
10000,23,8897.0,1000,100.0,1103,8897
20000,23,17863.0,1000,100.0,2137,17863
40000,23,35818.0,1000,100.0,4182,35818
60000,23,53801.0,1000,100.0,6199,53801
80000,23,71717.0,1000,100.0,8283,71717
100000,23,89711.0,1000,100.0,10289,89711
200000,23,179649.0,1000,100.0,20351,179649
400000,23,359572.0,1000,100.0,40428,359572
600000,23,539443.0,1000,100.0,60557,539443
800000,23,719465.0,1000,100.0,80535,719465
1000000,23,899426.0,1000,100.0,100574,899426
2,24,2.0,1,0.1,0,2
3,24,3.0,2,0.2,0,3
100,24,83.0,50,5.0,17,83
200,24,172.0,100,10.0,28,172
2000,24,1697.0,1000,100.0,303,1697
10000,24,8925.0,1000,100.0,1075,8925
20000,24,17908.0,1000,100.0,2092,17908
40000,24,35996.0,1000,100.0,4004,35996
60000,24,54057.0,1000,100.0,5943,54057
80000,24,72034.0,1000,100.0,7966,72034
100000,24,90033.0,1000,100.0,9967,90033
200000,24,180007.0,1000,100.0,19993,180007
400000,24,360169.0,1000,100.0,39831,360169
600000,24,540313.0,1000,100.0,59687,540313
800000,24,720197.0,1000,100.0,79803,720197
1000000,24,900167.0,1000,100.0,99833,900167
2,25,2.0,1,0.1,0,2
3,25,2.0,2,0.2,1,2
100,25,83.0,50,5.0,17,83
200,25,169.0,100,10.0,31,169
2000,25,1708.0,1000,100.0,292,1708
10000,25,8943.0,1000,100.0,1057,8943
20000,25,17957.0,1000,100.0,2043,17957
40000,25,35924.0,1000,100.0,4076,35924
60000,25,53881.0,1000,100.0,6119,53881
80000,25,71890.0,1000,100.0,8110,71890
100000,25,89908.0,1000,100.0,10092,89908
200000,25,180010.0,1000,100.0,19990,180010
400000,25,359868.0,1000,100.0,40132,359868
600000,25,539933.0,1000,100.0,60067,539933
800000,25,720027.0,1000,100.0,79973,720027
1000000,25,900037.0,1000,100.0,99963,900037
2,26,2.0,1,0.1,0,2
3,26,3.0,2,0.2,0,3
100,26,91.0,50,5.0,9,91
200,26,176.0,100,10.0,24,176
2000,26,1677.0,1000,100.0,323,1677
10000,26,8820.0,1000,100.0,1180,8820
20000,26,17832.0,1000,100.0,2168,17832
40000,26,35792.0,1000,100.0,4208,35792
60000,26,53804.0,1000,100.0,6196,53804
80000,26,71796.0,1000,100.0,8204,71796
100000,26,89818.0,1000,100.0,10182,89818
200000,26,179930.0,1000,100.0,20070,179930
400000,26,359946.0,1000,100.0,40054,359946
600000,26,539909.0,1000,100.0,60091,539909
800000,26,719677.0,1000,100.0,80323,719677
1000000,26,899716.0,1000,100.0,100284,899716
2,27,2.0,1,0.1,0,2
3,27,2.0,2,0.2,1,2
100,27,84.0,50,5.0,16,84
200,27,176.0,100,10.0,24,176
2000,27,1715.0,1000,100.0,285,1715
10000,27,8909.0,1000,100.0,1091,8909
20000,27,17900.0,1000,100.0,2100,17900
40000,27,35939.0,1000,100.0,4061,35939
60000,27,53971.0,1000,100.0,6029,53971
80000,27,71975.0,1000,100.0,8025,71975
100000,27,89998.0,1000,100.0,10002,89998
200000,27,179997.0,1000,100.0,20003,179997
400000,27,360016.0,1000,100.0,39984,360016
600000,27,539925.0,1000,100.0,60075,539925
800000,27,719719.0,1000,100.0,80281,719719
1000000,27,899699.0,1000,100.0,100301,899699
2,28,2.0,1,0.1,0,2
3,28,3.0,2,0.2,0,3
100,28,79.0,50,5.0,21,79
200,28,162.0,100,10.0,38,162
2000,28,1678.0,1000,100.0,322,1678
10000,28,8914.0,1000,100.0,1086,8914
20000,28,17891.0,1000,100.0,2109,17891
40000,28,35940.0,1000,100.0,4060,35940
60000,28,53893.0,1000,100.0,6107,53893
80000,28,71862.0,1000,100.0,8138,71862
100000,28,89818.0,1000,100.0,10182,89818
200000,28,179862.0,1000,100.0,20138,179862
400000,28,359933.0,1000,100.0,40067,359933
600000,28,540006.0,1000,100.0,59994,540006
800000,28,719903.0,1000,100.0,80097,719903
1000000,28,899897.0,1000,100.0,100103,899897
2,29,2.0,1,0.1,0,2
3,29,3.0,2,0.2,0,3
100,29,87.0,50,5.0,13,87
200,29,173.0,100,10.0,27,173
2000,29,1721.0,1000,100.0,279,1721
10000,29,8920.0,1000,100.0,1080,8920
20000,29,17883.0,1000,100.0,2117,17883
40000,29,35885.0,1000,100.0,4115,35885
60000,29,53910.0,1000,100.0,6090,53910
80000,29,71879.0,1000,100.0,8121,71879
100000,29,89848.0,1000,100.0,10152,89848
200000,29,179806.0,1000,100.0,20194,179806
400000,29,359897.0,1000,100.0,40103,359897
600000,29,540086.0,1000,100.0,59914,540086
800000,29,720328.0,1000,100.0,79672,720328
1000000,29,900179.0,1000,100.0,99821,900179
2,30,1.0,1,0.1,1,1
3,30,2.0,2,0.2,1,2
100,30,84.0,50,5.0,16,84
200,30,168.0,100,10.0,32,168
2000,30,1663.0,1000,100.0,337,1663
10000,30,8865.0,1000,100.0,1135,8865
20000,30,17885.0,1000,100.0,2115,17885
40000,30,35892.0,1000,100.0,4108,35892
60000,30,53878.0,1000,100.0,6122,53878
80000,30,71867.0,1000,100.0,8133,71867
100000,30,89849.0,1000,100.0,10151,89849
200000,30,179803.0,1000,100.0,20197,179803
400000,30,359745.0,1000,100.0,40255,359745
600000,30,539496.0,1000,100.0,60504,539496
800000,30,719410.0,1000,100.0,80590,719410
1000000,30,899373.0,1000,100.0,100627,899373
2,31,2.0,1,0.1,0,2
3,31,3.0,2,0.2,0,3
100,31,88.0,50,5.0,12,88
200,31,170.0,100,10.0,30,170
2000,31,1683.0,1000,100.0,317,1683
10000,31,8903.0,1000,100.0,1097,8903
20000,31,17874.0,1000,100.0,2126,17874
40000,31,35863.0,1000,100.0,4137,35863
60000,31,53894.0,1000,100.0,6106,53894
80000,31,71934.0,1000,100.0,8066,71934
100000,31,89867.0,1000,100.0,10133,89867
200000,31,180007.0,1000,100.0,19993,180007
400000,31,360247.0,1000,100.0,39753,360247
600000,31,540262.0,1000,100.0,59738,540262
800000,31,720221.0,1000,100.0,79779,720221
1000000,31,900360.0,1000,100.0,99640,900360
2,32,2.0,1,0.1,0,2
3,32,2.0,2,0.2,1,2
100,32,86.0,50,5.0,14,86
200,32,162.0,100,10.0,38,162
2000,32,1680.0,1000,100.0,320,1680
10000,32,8910.0,1000,100.0,1090,8910
20000,32,17922.0,1000,100.0,2078,17922
40000,32,35961.0,1000,100.0,4039,35961
60000,32,53946.0,1000,100.0,6054,53946
80000,32,71864.0,1000,100.0,8136,71864
100000,32,89899.0,1000,100.0,10101,89899
200000,32,179809.0,1000,100.0,20191,179809
400000,32,359929.0,1000,100.0,40071,359929
600000,32,540005.0,1000,100.0,59995,540005
800000,32,720174.0,1000,100.0,79826,720174
1000000,32,899926.0,1000,100.0,100074,899926
2,33,2.0,1,0.1,0,2
3,33,3.0,2,0.2,0,3
100,33,88.0,50,5.0,12,88
200,33,169.0,100,10.0,31,169
2000,33,1730.0,1000,100.0,270,1730
10000,33,8919.0,1000,100.0,1081,8919
20000,33,17937.0,1000,100.0,2063,17937
40000,33,35966.0,1000,100.0,4034,35966
60000,33,53997.0,1000,100.0,6003,53997
80000,33,71943.0,1000,100.0,8057,71943
100000,33,90037.0,1000,100.0,9963,90037
200000,33,179979.0,1000,100.0,20021,179979
400000,33,360039.0,1000,100.0,39961,360039
600000,33,540011.0,1000,100.0,59989,540011
800000,33,719948.0,1000,100.0,80052,719948
1000000,33,899909.0,1000,100.0,100091,899909
2,34,2.0,1,0.1,0,2
3,34,3.0,2,0.2,0,3
100,34,83.0,50,5.0,17,83
200,34,162.0,100,10.0,38,162
2000,34,1699.0,1000,100.0,301,1699
10000,34,8886.0,1000,100.0,1114,8886
20000,34,17920.0,1000,100.0,2080,17920
40000,34,35863.0,1000,100.0,4137,35863
60000,34,53876.0,1000,100.0,6124,53876
80000,34,71826.0,1000,100.0,8174,71826
100000,34,89838.0,1000,100.0,10162,89838
200000,34,179895.0,1000,100.0,20105,179895
400000,34,359902.0,1000,100.0,40098,359902
600000,34,539936.0,1000,100.0,60064,539936
800000,34,719874.0,1000,100.0,80126,719874
1000000,34,899887.0,1000,100.0,100113,899887
2,35,1.0,1,0.1,1,1
3,35,1.0,2,0.2,2,1
100,35,87.0,50,5.0,13,87
200,35,178.0,100,10.0,22,178
2000,35,1707.0,1000,100.0,293,1707
10000,35,8894.0,1000,100.0,1106,8894
20000,35,17880.0,1000,100.0,2120,17880
40000,35,35875.0,1000,100.0,4125,35875
60000,35,53878.0,1000,100.0,6122,53878
80000,35,71838.0,1000,100.0,8162,71838
100000,35,89844.0,1000,100.0,10156,89844
200000,35,179911.0,1000,100.0,20089,179911
400000,35,359917.0,1000,100.0,40083,359917
600000,35,539619.0,1000,100.0,60381,539619
800000,35,719474.0,1000,100.0,80526,719474
1000000,35,899613.0,1000,100.0,100387,899613
2,36,1.0,1,0.1,1,1
3,36,2.0,2,0.2,1,2
100,36,80.0,50,5.0,20,80
200,36,167.0,100,10.0,33,167
2000,36,1695.0,1000,100.0,305,1695
10000,36,8935.0,1000,100.0,1065,8935
20000,36,17942.0,1000,100.0,2058,17942
40000,36,35891.0,1000,100.0,4109,35891
60000,36,53913.0,1000,100.0,6087,53913
80000,36,71915.0,1000,100.0,8085,71915
100000,36,89861.0,1000,100.0,10139,89861
200000,36,179976.0,1000,100.0,20024,179976
400000,36,360112.0,1000,100.0,39888,360112
600000,36,540116.0,1000,100.0,59884,540116
800000,36,720082.0,1000,100.0,79918,720082
1000000,36,900195.0,1000,100.0,99805,900195
2,37,2.0,1,0.1,0,2
3,37,3.0,2,0.2,0,3
100,37,85.0,50,5.0,15,85
200,37,170.0,100,10.0,30,170
2000,37,1682.0,1000,100.0,318,1682
10000,37,8874.0,1000,100.0,1126,8874
20000,37,17905.0,1000,100.0,2095,17905
40000,37,35873.0,1000,100.0,4127,35873
60000,37,53879.0,1000,100.0,6121,53879
80000,37,71875.0,1000,100.0,8125,71875
100000,37,89799.0,1000,100.0,10201,89799
200000,37,179742.0,1000,100.0,20258,179742
400000,37,359751.0,1000,100.0,40249,359751
600000,37,539813.0,1000,100.0,60187,539813
800000,37,719646.0,1000,100.0,80354,719646
1000000,37,899520.0,1000,100.0,100480,899520
2,38,2.0,1,0.1,0,2
3,38,3.0,2,0.2,0,3
100,38,86.0,50,5.0,14,86
200,38,170.0,100,10.0,30,170
2000,38,1678.0,1000,100.0,322,1678
10000,38,8891.0,1000,100.0,1109,8891
20000,38,17893.0,1000,100.0,2107,17893
40000,38,35860.0,1000,100.0,4140,35860
60000,38,53836.0,1000,100.0,6164,53836
80000,38,71817.0,1000,100.0,8183,71817
100000,38,89842.0,1000,100.0,10158,89842
200000,38,180092.0,1000,100.0,19908,180092
400000,38,360073.0,1000,100.0,39927,360073
600000,38,540195.0,1000,100.0,59805,540195
800000,38,720070.0,1000,100.0,79930,720070
1000000,38,899914.0,1000,100.0,100086,899914
2,39,2.0,1,0.1,0,2
3,39,3.0,2,0.2,0,3
100,39,80.0,50,5.0,20,80
200,39,163.0,100,10.0,37,163
2000,39,1670.0,1000,100.0,330,1670
10000,39,8856.0,1000,100.0,1144,8856
20000,39,17922.0,1000,100.0,2078,17922
40000,39,35933.0,1000,100.0,4067,35933
60000,39,53874.0,1000,100.0,6126,53874
80000,39,71953.0,1000,100.0,8047,71953
100000,39,89941.0,1000,100.0,10059,89941
200000,39,179980.0,1000,100.0,20020,179980
400000,39,359888.0,1000,100.0,40112,359888
600000,39,539709.0,1000,100.0,60291,539709
800000,39,719626.0,1000,100.0,80374,719626
1000000,39,899652.0,1000,100.0,100348,899652
2,40,1.0,1,0.1,1,1
3,40,1.0,2,0.2,2,1
100,40,86.0,50,5.0,14,86
200,40,177.0,100,10.0,23,177
2000,40,1709.0,1000,100.0,291,1709
10000,40,8954.0,1000,100.0,1046,8954
20000,40,17918.0,1000,100.0,2082,17918
40000,40,35947.0,1000,100.0,4053,35947
60000,40,54004.0,1000,100.0,5996,54004
80000,40,72027.0,1000,100.0,7973,72027
100000,40,90045.0,1000,100.0,9955,90045
200000,40,180212.0,1000,100.0,19788,180212
400000,40,360283.0,1000,100.0,39717,360283
600000,40,540433.0,1000,100.0,59567,540433
800000,40,720449.0,1000,100.0,79551,720449
1000000,40,900362.0,1000,100.0,99638,900362
2,41,1.0,1,0.1,1,1
3,41,1.0,2,0.2,2,1
100,41,88.0,50,5.0,12,88
200,41,174.0,100,10.0,26,174
2000,41,1709.0,1000,100.0,291,1709
10000,41,8924.0,1000,100.0,1076,8924
20000,41,17926.0,1000,100.0,2074,17926
40000,41,35860.0,1000,100.0,4140,35860
60000,41,53861.0,1000,100.0,6139,53861
80000,41,71869.0,1000,100.0,8131,71869
100000,41,89815.0,1000,100.0,10185,89815
200000,41,179911.0,1000,100.0,20089,179911
400000,41,360030.0,1000,100.0,39970,360030
600000,41,540007.0,1000,100.0,59993,540007
800000,41,719962.0,1000,100.0,80038,719962
1000000,41,899874.0,1000,100.0,100126,899874
2,42,2.0,1,0.1,0,2
3,42,3.0,2,0.2,0,3
100,42,93.0,50,5.0,7,93
200,42,175.0,100,10.0,25,175
2000,42,1709.0,1000,100.0,291,1709
10000,42,8897.0,1000,100.0,1103,8897
20000,42,17862.0,1000,100.0,2138,17862
40000,42,35838.0,1000,100.0,4162,35838
60000,42,53885.0,1000,100.0,6115,53885
80000,42,71871.0,1000,100.0,8129,71871
100000,42,89880.0,1000,100.0,10120,89880
200000,42,179946.0,1000,100.0,20054,179946
400000,42,360008.0,1000,100.0,39992,360008
600000,42,539963.0,1000,100.0,60037,539963
800000,42,720086.0,1000,100.0,79914,720086
1000000,42,900313.0,1000,100.0,99687,900313
2,43,2.0,1,0.1,0,2
3,43,3.0,2,0.2,0,3
100,43,90.0,50,5.0,10,90
200,43,174.0,100,10.0,26,174
2000,43,1687.0,1000,100.0,313,1687
10000,43,8841.0,1000,100.0,1159,8841
20000,43,17904.0,1000,100.0,2096,17904
40000,43,35881.0,1000,100.0,4119,35881
60000,43,53902.0,1000,100.0,6098,53902
80000,43,71878.0,1000,100.0,8122,71878
100000,43,89877.0,1000,100.0,10123,89877
200000,43,179712.0,1000,100.0,20288,179712
400000,43,359784.0,1000,100.0,40216,359784
600000,43,540027.0,1000,100.0,59973,540027
800000,43,720143.0,1000,100.0,79857,720143
1000000,43,899945.0,1000,100.0,100055,899945
2,44,2.0,1,0.1,0,2
3,44,3.0,2,0.2,0,3
100,44,88.0,50,5.0,12,88
200,44,172.0,100,10.0,28,172
2000,44,1698.0,1000,100.0,302,1698
10000,44,8895.0,1000,100.0,1105,8895
20000,44,17893.0,1000,100.0,2107,17893
40000,44,35885.0,1000,100.0,4115,35885
60000,44,53916.0,1000,100.0,6084,53916
80000,44,71955.0,1000,100.0,8045,71955
100000,44,90002.0,1000,100.0,9998,90002
200000,44,179909.0,1000,100.0,20091,179909
400000,44,359923.0,1000,100.0,40077,359923
600000,44,539781.0,1000,100.0,60219,539781
800000,44,719827.0,1000,100.0,80173,719827
1000000,44,899924.0,1000,100.0,100076,899924
2,45,2.0,1,0.1,0,2
3,45,3.0,2,0.2,0,3
100,45,84.0,50,5.0,16,84
200,45,176.0,100,10.0,24,176
2000,45,1732.0,1000,100.0,268,1732
10000,45,8910.0,1000,100.0,1090,8910
20000,45,17912.0,1000,100.0,2088,17912
40000,45,35834.0,1000,100.0,4166,35834
60000,45,53833.0,1000,100.0,6167,53833
80000,45,71817.0,1000,100.0,8183,71817
100000,45,89840.0,1000,100.0,10160,89840
200000,45,179834.0,1000,100.0,20166,179834
400000,45,360011.0,1000,100.0,39989,360011
600000,45,539972.0,1000,100.0,60028,539972
800000,45,720046.0,1000,100.0,79954,720046
1000000,45,900072.0,1000,100.0,99928,900072
2,46,2.0,1,0.1,0,2
3,46,3.0,2,0.2,0,3
100,46,86.0,50,5.0,14,86
200,46,175.0,100,10.0,25,175
2000,46,1690.0,1000,100.0,310,1690
10000,46,8919.0,1000,100.0,1081,8919
20000,46,17942.0,1000,100.0,2058,17942
40000,46,36000.0,1000,100.0,4000,36000
60000,46,54045.0,1000,100.0,5955,54045
80000,46,72009.0,1000,100.0,7991,72009
100000,46,90023.0,1000,100.0,9977,90023
200000,46,180054.0,1000,100.0,19946,180054
400000,46,359935.0,1000,100.0,40065,359935
600000,46,539826.0,1000,100.0,60174,539826
800000,46,719679.0,1000,100.0,80321,719679
1000000,46,899899.0,1000,100.0,100101,899899
2,47,2.0,1,0.1,0,2
3,47,3.0,2,0.2,0,3
100,47,89.0,50,5.0,11,89
200,47,168.0,100,10.0,32,168
2000,47,1705.0,1000,100.0,295,1705
10000,47,8898.0,1000,100.0,1102,8898
20000,47,17851.0,1000,100.0,2149,17851
40000,47,35847.0,1000,100.0,4153,35847
60000,47,53903.0,1000,100.0,6097,53903
80000,47,71861.0,1000,100.0,8139,71861
100000,47,89782.0,1000,100.0,10218,89782
200000,47,179846.0,1000,100.0,20154,179846
400000,47,359796.0,1000,100.0,40204,359796
600000,47,539825.0,1000,100.0,60175,539825
800000,47,719755.0,1000,100.0,80245,719755
1000000,47,899702.0,1000,100.0,100298,899702
2,48,1.0,1,0.1,1,1
3,48,2.0,2,0.2,1,2
100,48,90.0,50,5.0,10,90
200,48,172.0,100,10.0,28,172
2000,48,1707.0,1000,100.0,293,1707
10000,48,8920.0,1000,100.0,1080,8920
20000,48,17925.0,1000,100.0,2075,17925
40000,48,35921.0,1000,100.0,4079,35921
60000,48,53930.0,1000,100.0,6070,53930
80000,48,71994.0,1000,100.0,8006,71994
100000,48,89968.0,1000,100.0,10032,89968
200000,48,179788.0,1000,100.0,20212,179788
400000,48,359773.0,1000,100.0,40227,359773
600000,48,539712.0,1000,100.0,60288,539712
800000,48,719680.0,1000,100.0,80320,719680
1000000,48,899609.0,1000,100.0,100391,899609
2,49,2.0,1,0.1,0,2
3,49,3.0,2,0.2,0,3
100,49,84.0,50,5.0,16,84
200,49,167.0,100,10.0,33,167
2000,49,1691.0,1000,100.0,309,1691
10000,49,8904.0,1000,100.0,1096,8904
20000,49,17901.0,1000,100.0,2099,17901
40000,49,35875.0,1000,100.0,4125,35875
60000,49,53839.0,1000,100.0,6161,53839
80000,49,71845.0,1000,100.0,8155,71845
100000,49,89760.0,1000,100.0,10240,89760
200000,49,179802.0,1000,100.0,20198,179802
400000,49,359692.0,1000,100.0,40308,359692
600000,49,539622.0,1000,100.0,60378,539622
800000,49,719611.0,1000,100.0,80389,719611
1000000,49,899749.0,1000,100.0,100251,899749
2,50,2.0,1,0.1,0,2
3,50,3.0,2,0.2,0,3
100,50,88.0,50,5.0,12,88
200,50,175.0,100,10.0,25,175
2000,50,1702.0,1000,100.0,298,1702
10000,50,8888.0,1000,100.0,1112,8888
20000,50,17903.0,1000,100.0,2097,17903
40000,50,35926.0,1000,100.0,4074,35926
60000,50,53952.0,1000,100.0,6048,53952
80000,50,71923.0,1000,100.0,8077,71923
100000,50,89920.0,1000,100.0,10080,89920
200000,50,180010.0,1000,100.0,19990,180010
400000,50,359859.0,1000,100.0,40141,359859
600000,50,539895.0,1000,100.0,60105,539895
800000,50,719778.0,1000,100.0,80222,719778
1000000,50,899654.0,1000,100.0,100346,899654
2,51,1.0,1,0.1,1,1
3,51,2.0,2,0.2,1,2
100,51,85.0,50,5.0,15,85
200,51,170.0,100,10.0,30,170
2000,51,1688.0,1000,100.0,312,1688
10000,51,8945.0,1000,100.0,1055,8945
20000,51,17964.0,1000,100.0,2036,17964
40000,51,36026.0,1000,100.0,3974,36026
60000,51,54027.0,1000,100.0,5973,54027
80000,51,71996.0,1000,100.0,8004,71996
100000,51,90007.0,1000,100.0,9993,90007
200000,51,180038.0,1000,100.0,19962,180038
400000,51,359885.0,1000,100.0,40115,359885
600000,51,539894.0,1000,100.0,60106,539894
800000,51,719916.0,1000,100.0,80084,719916
1000000,51,899818.0,1000,100.0,100182,899818
2,52,2.0,1,0.1,0,2
3,52,3.0,2,0.2,0,3
100,52,83.0,50,5.0,17,83
200,52,166.0,100,10.0,34,166
2000,52,1689.0,1000,100.0,311,1689
10000,52,8873.0,1000,100.0,1127,8873
20000,52,17833.0,1000,100.0,2167,17833
40000,52,35897.0,1000,100.0,4103,35897
60000,52,53925.0,1000,100.0,6075,53925
80000,52,71911.0,1000,100.0,8089,71911
100000,52,89988.0,1000,100.0,10012,89988
200000,52,180120.0,1000,100.0,19880,180120
400000,52,360127.0,1000,100.0,39873,360127
600000,52,540171.0,1000,100.0,59829,540171
800000,52,720313.0,1000,100.0,79687,720313
1000000,52,900087.0,1000,100.0,99913,900087
2,53,2.0,1,0.1,0,2
3,53,3.0,2,0.2,0,3
100,53,88.0,50,5.0,12,88
200,53,170.0,100,10.0,30,170
2000,53,1700.0,1000,100.0,300,1700
10000,53,8943.0,1000,100.0,1057,8943
20000,53,17934.0,1000,100.0,2066,17934
40000,53,35933.0,1000,100.0,4067,35933
60000,53,53875.0,1000,100.0,6125,53875
80000,53,71958.0,1000,100.0,8042,71958
100000,53,89958.0,1000,100.0,10042,89958
200000,53,180029.0,1000,100.0,19971,180029
400000,53,359756.0,1000,100.0,40244,359756
600000,53,539593.0,1000,100.0,60407,539593
800000,53,719597.0,1000,100.0,80403,719597
1000000,53,899655.0,1000,100.0,100345,899655
2,54,0.0,1,0.1,2,0
3,54,1.0,2,0.2,2,1
100,54,88.0,50,5.0,12,88
200,54,182.0,100,10.0,18,182
2000,54,1685.0,1000,100.0,315,1685
10000,54,8869.0,1000,100.0,1131,8869
20000,54,17832.0,1000,100.0,2168,17832
40000,54,35753.0,1000,100.0,4247,35753
60000,54,53755.0,1000,100.0,6245,53755
80000,54,71867.0,1000,100.0,8133,71867
100000,54,89811.0,1000,100.0,10189,89811
200000,54,179875.0,1000,100.0,20125,179875
400000,54,359899.0,1000,100.0,40101,359899
600000,54,539774.0,1000,100.0,60226,539774
800000,54,719636.0,1000,100.0,80364,719636
1000000,54,899495.0,1000,100.0,100505,899495
2,55,2.0,1,0.1,0,2
3,55,3.0,2,0.2,0,3
100,55,83.0,50,5.0,17,83
200,55,165.0,100,10.0,35,165
2000,55,1686.0,1000,100.0,314,1686
10000,55,8858.0,1000,100.0,1142,8858
20000,55,17861.0,1000,100.0,2139,17861
40000,55,35873.0,1000,100.0,4127,35873
60000,55,53891.0,1000,100.0,6109,53891
80000,55,71845.0,1000,100.0,8155,71845
100000,55,89911.0,1000,100.0,10089,89911
200000,55,179825.0,1000,100.0,20175,179825
400000,55,359848.0,1000,100.0,40152,359848
600000,55,539680.0,1000,100.0,60320,539680
800000,55,719804.0,1000,100.0,80196,719804
1000000,55,899738.0,1000,100.0,100262,899738
2,56,2.0,1,0.1,0,2
3,56,3.0,2,0.2,0,3
100,56,84.0,50,5.0,16,84
200,56,172.0,100,10.0,28,172
2000,56,1727.0,1000,100.0,273,1727
10000,56,8911.0,1000,100.0,1089,8911
20000,56,17914.0,1000,100.0,2086,17914
40000,56,35893.0,1000,100.0,4107,35893
60000,56,53903.0,1000,100.0,6097,53903
80000,56,71921.0,1000,100.0,8079,71921
100000,56,89858.0,1000,100.0,10142,89858
200000,56,179753.0,1000,100.0,20247,179753
400000,56,359852.0,1000,100.0,40148,359852
600000,56,539628.0,1000,100.0,60372,539628
800000,56,719669.0,1000,100.0,80331,719669
1000000,56,899509.0,1000,100.0,100491,899509
2,57,2.0,1,0.1,0,2
3,57,3.0,2,0.2,0,3
100,57,88.0,50,5.0,12,88
200,57,171.0,100,10.0,29,171
2000,57,1670.0,1000,100.0,330,1670
10000,57,8860.0,1000,100.0,1140,8860
20000,57,17855.0,1000,100.0,2145,17855
40000,57,35859.0,1000,100.0,4141,35859
60000,57,53823.0,1000,100.0,6177,53823
80000,57,71739.0,1000,100.0,8261,71739
100000,57,89766.0,1000,100.0,10234,89766
200000,57,179734.0,1000,100.0,20266,179734
400000,57,359600.0,1000,100.0,40400,359600
600000,57,539754.0,1000,100.0,60246,539754
800000,57,719779.0,1000,100.0,80221,719779
1000000,57,899647.0,1000,100.0,100353,899647
2,58,1.0,1,0.1,1,1
3,58,2.0,2,0.2,1,2
100,58,83.0,50,5.0,17,83
200,58,166.0,100,10.0,34,166
2000,58,1723.0,1000,100.0,277,1723
10000,58,8911.0,1000,100.0,1089,8911
20000,58,17847.0,1000,100.0,2153,17847
40000,58,35836.0,1000,100.0,4164,35836
60000,58,53800.0,1000,100.0,6200,53800
80000,58,71777.0,1000,100.0,8223,71777
100000,58,89748.0,1000,100.0,10252,89748
200000,58,179975.0,1000,100.0,20025,179975
400000,58,359964.0,1000,100.0,40036,359964
600000,58,540054.0,1000,100.0,59946,540054
800000,58,720230.0,1000,100.0,79770,720230
1000000,58,900337.0,1000,100.0,99663,900337
2,59,2.0,1,0.1,0,2
3,59,3.0,2,0.2,0,3
100,59,81.0,50,5.0,19,81
200,59,162.0,100,10.0,38,162
2000,59,1670.0,1000,100.0,330,1670
10000,59,8853.0,1000,100.0,1147,8853
20000,59,17829.0,1000,100.0,2171,17829
40000,59,35851.0,1000,100.0,4149,35851
60000,59,53843.0,1000,100.0,6157,53843
80000,59,71837.0,1000,100.0,8163,71837
100000,59,89829.0,1000,100.0,10171,89829
200000,59,179570.0,1000,100.0,20430,179570
400000,59,359782.0,1000,100.0,40218,359782
600000,59,539848.0,1000,100.0,60152,539848
800000,59,719794.0,1000,100.0,80206,719794
1000000,59,899696.0,1000,100.0,100304,899696
2,60,1.0,1,0.1,1,1
3,60,2.0,2,0.2,1,2
100,60,82.0,50,5.0,18,82
200,60,162.0,100,10.0,38,162
2000,60,1709.0,1000,100.0,291,1709
10000,60,8922.0,1000,100.0,1078,8922
20000,60,17897.0,1000,100.0,2103,17897
40000,60,35948.0,1000,100.0,4052,35948
60000,60,54044.0,1000,100.0,5956,54044
80000,60,72081.0,1000,100.0,7919,72081
100000,60,90046.0,1000,100.0,9954,90046
200000,60,180182.0,1000,100.0,19818,180182
400000,60,360143.0,1000,100.0,39857,360143
600000,60,539838.0,1000,100.0,60162,539838
800000,60,719784.0,1000,100.0,80216,719784
1000000,60,899568.0,1000,100.0,100432,899568
2,61,1.0,1,0.1,1,1
3,61,2.0,2,0.2,1,2
100,61,86.0,50,5.0,14,86
200,61,180.0,100,10.0,20,180
2000,61,1725.0,1000,100.0,275,1725
10000,61,8944.0,1000,100.0,1056,8944
20000,61,17940.0,1000,100.0,2060,17940
40000,61,35893.0,1000,100.0,4107,35893
60000,61,53904.0,1000,100.0,6096,53904
80000,61,71881.0,1000,100.0,8119,71881
100000,61,89934.0,1000,100.0,10066,89934
200000,61,179674.0,1000,100.0,20326,179674
400000,61,359643.0,1000,100.0,40357,359643
600000,61,539447.0,1000,100.0,60553,539447
800000,61,719446.0,1000,100.0,80554,719446
1000000,61,899359.0,1000,100.0,100641,899359
2,62,2.0,1,0.1,0,2
3,62,3.0,2,0.2,0,3
100,62,83.0,50,5.0,17,83
200,62,162.0,100,10.0,38,162
2000,62,1678.0,1000,100.0,322,1678
10000,62,8927.0,1000,100.0,1073,8927
20000,62,17939.0,1000,100.0,2061,17939
40000,62,35935.0,1000,100.0,4065,35935
60000,62,53960.0,1000,100.0,6040,53960
80000,62,71946.0,1000,100.0,8054,71946
100000,62,89941.0,1000,100.0,10059,89941
200000,62,179884.0,1000,100.0,20116,179884
400000,62,359614.0,1000,100.0,40386,359614
600000,62,539691.0,1000,100.0,60309,539691
800000,62,719742.0,1000,100.0,80258,719742
1000000,62,899680.0,1000,100.0,100320,899680
2,63,1.0,1,0.1,1,1
3,63,2.0,2,0.2,1,2
100,63,90.0,50,5.0,10,90
200,63,177.0,100,10.0,23,177
2000,63,1716.0,1000,100.0,284,1716
10000,63,8914.0,1000,100.0,1086,8914
20000,63,17943.0,1000,100.0,2057,17943
40000,63,35905.0,1000,100.0,4095,35905
60000,63,53900.0,1000,100.0,6100,53900
80000,63,71858.0,1000,100.0,8142,71858
100000,63,89836.0,1000,100.0,10164,89836
200000,63,179915.0,1000,100.0,20085,179915
400000,63,359947.0,1000,100.0,40053,359947
600000,63,539841.0,1000,100.0,60159,539841
800000,63,720133.0,1000,100.0,79867,720133
1000000,63,900036.0,1000,100.0,99964,900036
2,64,2.0,1,0.1,0,2
3,64,3.0,2,0.2,0,3
100,64,89.0,50,5.0,11,89
200,64,175.0,100,10.0,25,175
2000,64,1691.0,1000,100.0,309,1691
10000,64,8928.0,1000,100.0,1072,8928
20000,64,17917.0,1000,100.0,2083,17917
40000,64,35894.0,1000,100.0,4106,35894
60000,64,53884.0,1000,100.0,6116,53884
80000,64,71952.0,1000,100.0,8048,71952
100000,64,89915.0,1000,100.0,10085,89915
200000,64,179937.0,1000,100.0,20063,179937
400000,64,359785.0,1000,100.0,40215,359785
600000,64,539730.0,1000,100.0,60270,539730
800000,64,719715.0,1000,100.0,80285,719715
1000000,64,899526.0,1000,100.0,100474,899526
2,65,2.0,1,0.1,0,2
3,65,3.0,2,0.2,0,3
100,65,86.0,50,5.0,14,86
200,65,171.0,100,10.0,29,171
2000,65,1692.0,1000,100.0,308,1692
10000,65,8883.0,1000,100.0,1117,8883
20000,65,17887.0,1000,100.0,2113,17887
40000,65,35921.0,1000,100.0,4079,35921
60000,65,53851.0,1000,100.0,6149,53851
80000,65,71901.0,1000,100.0,8099,71901
100000,65,89806.0,1000,100.0,10194,89806
200000,65,179746.0,1000,100.0,20254,179746
400000,65,359654.0,1000,100.0,40346,359654
600000,65,539438.0,1000,100.0,60562,539438
800000,65,719653.0,1000,100.0,80347,719653
1000000,65,899603.0,1000,100.0,100397,899603
2,66,2.0,1,0.1,0,2
3,66,3.0,2,0.2,0,3
100,66,83.0,50,5.0,17,83
200,66,163.0,100,10.0,37,163
2000,66,1699.0,1000,100.0,301,1699
10000,66,8879.0,1000,100.0,1121,8879
20000,66,17849.0,1000,100.0,2151,17849
40000,66,35893.0,1000,100.0,4107,35893
60000,66,53917.0,1000,100.0,6083,53917
80000,66,71924.0,1000,100.0,8076,71924
100000,66,89919.0,1000,100.0,10081,89919
200000,66,179798.0,1000,100.0,20202,179798
400000,66,359950.0,1000,100.0,40050,359950
600000,66,540149.0,1000,100.0,59851,540149
800000,66,720105.0,1000,100.0,79895,720105
1000000,66,900283.0,1000,100.0,99717,900283
2,67,1.0,1,0.1,1,1
3,67,2.0,2,0.2,1,2
100,67,86.0,50,5.0,14,86
200,67,165.0,100,10.0,35,165
2000,67,1688.0,1000,100.0,312,1688
10000,67,8849.0,1000,100.0,1151,8849
20000,67,17880.0,1000,100.0,2120,17880
40000,67,35916.0,1000,100.0,4084,35916
60000,67,53853.0,1000,100.0,6147,53853
80000,67,71773.0,1000,100.0,8227,71773
100000,67,89781.0,1000,100.0,10219,89781
200000,67,179762.0,1000,100.0,20238,179762
400000,67,359799.0,1000,100.0,40201,359799
600000,67,539785.0,1000,100.0,60215,539785
800000,67,719866.0,1000,100.0,80134,719866
1000000,67,899940.0,1000,100.0,100060,899940
2,68,2.0,1,0.1,0,2
3,68,3.0,2,0.2,0,3
100,68,80.0,50,5.0,20,80
200,68,165.0,100,10.0,35,165
2000,68,1662.0,1000,100.0,338,1662
10000,68,8868.0,1000,100.0,1132,8868
20000,68,17891.0,1000,100.0,2109,17891
40000,68,35991.0,1000,100.0,4009,35991
60000,68,53988.0,1000,100.0,6012,53988
80000,68,72023.0,1000,100.0,7977,72023
100000,68,90043.0,1000,100.0,9957,90043
200000,68,179972.0,1000,100.0,20028,179972
400000,68,360018.0,1000,100.0,39982,360018
600000,68,540020.0,1000,100.0,59980,540020
800000,68,719828.0,1000,100.0,80172,719828
1000000,68,899634.0,1000,100.0,100366,899634
2,69,1.0,1,0.1,1,1
3,69,2.0,2,0.2,1,2
100,69,77.0,50,5.0,23,77
200,69,159.0,100,10.0,41,159
2000,69,1688.0,1000,100.0,312,1688
10000,69,8859.0,1000,100.0,1141,8859
20000,69,17811.0,1000,100.0,2189,17811
40000,69,35894.0,1000,100.0,4106,35894
60000,69,53946.0,1000,100.0,6054,53946
80000,69,71956.0,1000,100.0,8044,71956
100000,69,89995.0,1000,100.0,10005,89995
200000,69,179883.0,1000,100.0,20117,179883
400000,69,359655.0,1000,100.0,40345,359655
600000,69,539613.0,1000,100.0,60387,539613
800000,69,719794.0,1000,100.0,80206,719794
1000000,69,899664.0,1000,100.0,100336,899664
2,70,2.0,1,0.1,0,2
3,70,3.0,2,0.2,0,3
100,70,88.0,50,5.0,12,88
200,70,170.0,100,10.0,30,170
2000,70,1687.0,1000,100.0,313,1687
10000,70,8858.0,1000,100.0,1142,8858
20000,70,17851.0,1000,100.0,2149,17851
40000,70,35740.0,1000,100.0,4260,35740
60000,70,53754.0,1000,100.0,6246,53754
80000,70,71712.0,1000,100.0,8288,71712
100000,70,89741.0,1000,100.0,10259,89741
200000,70,179800.0,1000,100.0,20200,179800
400000,70,359408.0,1000,100.0,40592,359408
600000,70,539504.0,1000,100.0,60496,539504
800000,70,719436.0,1000,100.0,80564,719436
1000000,70,899461.0,1000,100.0,100539,899461
2,71,2.0,1,0.1,0,2
3,71,2.0,2,0.2,1,2
100,71,85.0,50,5.0,15,85
200,71,163.0,100,10.0,37,163
2000,71,1703.0,1000,100.0,297,1703
10000,71,8930.0,1000,100.0,1070,8930
20000,71,17945.0,1000,100.0,2055,17945
40000,71,35959.0,1000,100.0,4041,35959
60000,71,53980.0,1000,100.0,6020,53980
80000,71,72028.0,1000,100.0,7972,72028
100000,71,90054.0,1000,100.0,9946,90054
200000,71,180274.0,1000,100.0,19726,180274
400000,71,360077.0,1000,100.0,39923,360077
600000,71,540238.0,1000,100.0,59762,540238
800000,71,720303.0,1000,100.0,79697,720303
1000000,71,900316.0,1000,100.0,99684,900316
2,72,2.0,1,0.1,0,2
3,72,2.0,2,0.2,1,2
100,72,82.0,50,5.0,18,82
200,72,164.0,100,10.0,36,164
2000,72,1694.0,1000,100.0,306,1694
10000,72,8884.0,1000,100.0,1116,8884
20000,72,17865.0,1000,100.0,2135,17865
40000,72,35862.0,1000,100.0,4138,35862
60000,72,53867.0,1000,100.0,6133,53867
80000,72,71875.0,1000,100.0,8125,71875
100000,72,89904.0,1000,100.0,10096,89904
200000,72,180020.0,1000,100.0,19980,180020
400000,72,360029.0,1000,100.0,39971,360029
600000,72,539866.0,1000,100.0,60134,539866
800000,72,719953.0,1000,100.0,80047,719953
1000000,72,899934.0,1000,100.0,100066,899934
2,73,2.0,1,0.1,0,2
3,73,3.0,2,0.2,0,3
100,73,85.0,50,5.0,15,85
200,73,168.0,100,10.0,32,168
2000,73,1714.0,1000,100.0,286,1714
10000,73,8920.0,1000,100.0,1080,8920
20000,73,17912.0,1000,100.0,2088,17912
40000,73,35901.0,1000,100.0,4099,35901
60000,73,53861.0,1000,100.0,6139,53861
80000,73,71776.0,1000,100.0,8224,71776
100000,73,89749.0,1000,100.0,10251,89749
200000,73,179641.0,1000,100.0,20359,179641
400000,73,359717.0,1000,100.0,40283,359717
600000,73,539740.0,1000,100.0,60260,539740
800000,73,719754.0,1000,100.0,80246,719754
1000000,73,899589.0,1000,100.0,100411,899589
2,74,0.0,1,0.1,2,0
3,74,1.0,2,0.2,2,1
100,74,80.0,50,5.0,20,80
200,74,169.0,100,10.0,31,169
2000,74,1697.0,1000,100.0,303,1697
10000,74,8872.0,1000,100.0,1128,8872
20000,74,17912.0,1000,100.0,2088,17912
40000,74,35928.0,1000,100.0,4072,35928
60000,74,53951.0,1000,100.0,6049,53951
80000,74,71894.0,1000,100.0,8106,71894
100000,74,89913.0,1000,100.0,10087,89913
200000,74,179760.0,1000,100.0,20240,179760
400000,74,359720.0,1000,100.0,40280,359720
600000,74,539545.0,1000,100.0,60455,539545
800000,74,719407.0,1000,100.0,80593,719407
1000000,74,899282.0,1000,100.0,100718,899282
2,75,2.0,1,0.1,0,2
3,75,3.0,2,0.2,0,3
100,75,83.0,50,5.0,17,83
200,75,168.0,100,10.0,32,168
2000,75,1660.0,1000,100.0,340,1660
10000,75,8877.0,1000,100.0,1123,8877
20000,75,17902.0,1000,100.0,2098,17902
40000,75,35832.0,1000,100.0,4168,35832
60000,75,53749.0,1000,100.0,6251,53749
80000,75,71780.0,1000,100.0,8220,71780
100000,75,89740.0,1000,100.0,10260,89740
200000,75,179798.0,1000,100.0,20202,179798
400000,75,360034.0,1000,100.0,39966,360034
600000,75,539953.0,1000,100.0,60047,539953
800000,75,719892.0,1000,100.0,80108,719892
1000000,75,899807.0,1000,100.0,100193,899807
2,76,2.0,1,0.1,0,2
3,76,3.0,2,0.2,0,3
100,76,82.0,50,5.0,18,82
200,76,169.0,100,10.0,31,169
2000,76,1694.0,1000,100.0,306,1694
10000,76,8907.0,1000,100.0,1093,8907
20000,76,17889.0,1000,100.0,2111,17889
40000,76,35965.0,1000,100.0,4035,35965
60000,76,54005.0,1000,100.0,5995,54005
80000,76,71973.0,1000,100.0,8027,71973
100000,76,89999.0,1000,100.0,10001,89999
200000,76,179882.0,1000,100.0,20118,179882
400000,76,360091.0,1000,100.0,39909,360091
600000,76,539995.0,1000,100.0,60005,539995
800000,76,719926.0,1000,100.0,80074,719926
1000000,76,899924.0,1000,100.0,100076,899924
2,77,1.0,1,0.1,1,1
3,77,2.0,2,0.2,1,2
100,77,83.0,50,5.0,17,83
200,77,168.0,100,10.0,32,168
2000,77,1685.0,1000,100.0,315,1685
10000,77,8850.0,1000,100.0,1150,8850
20000,77,17900.0,1000,100.0,2100,17900
40000,77,35816.0,1000,100.0,4184,35816
60000,77,53838.0,1000,100.0,6162,53838
80000,77,71788.0,1000,100.0,8212,71788
100000,77,89755.0,1000,100.0,10245,89755
200000,77,179705.0,1000,100.0,20295,179705
400000,77,359855.0,1000,100.0,40145,359855
600000,77,540015.0,1000,100.0,59985,540015
800000,77,720258.0,1000,100.0,79742,720258
1000000,77,900186.0,1000,100.0,99814,900186
2,78,2.0,1,0.1,0,2
3,78,3.0,2,0.2,0,3
100,78,82.0,50,5.0,18,82
200,78,168.0,100,10.0,32,168
2000,78,1712.0,1000,100.0,288,1712
10000,78,8912.0,1000,100.0,1088,8912
20000,78,17870.0,1000,100.0,2130,17870
40000,78,35857.0,1000,100.0,4143,35857
60000,78,53873.0,1000,100.0,6127,53873
80000,78,71883.0,1000,100.0,8117,71883
100000,78,89902.0,1000,100.0,10098,89902
200000,78,179947.0,1000,100.0,20053,179947
400000,78,359925.0,1000,100.0,40075,359925
600000,78,539730.0,1000,100.0,60270,539730
800000,78,719741.0,1000,100.0,80259,719741
1000000,78,899710.0,1000,100.0,100290,899710
2,79,2.0,1,0.1,0,2
3,79,3.0,2,0.2,0,3
100,79,87.0,50,5.0,13,87
200,79,167.0,100,10.0,33,167
2000,79,1709.0,1000,100.0,291,1709
10000,79,8897.0,1000,100.0,1103,8897
20000,79,17918.0,1000,100.0,2082,17918
40000,79,35906.0,1000,100.0,4094,35906
60000,79,53844.0,1000,100.0,6156,53844
80000,79,71791.0,1000,100.0,8209,71791
100000,79,89796.0,1000,100.0,10204,89796
200000,79,179818.0,1000,100.0,20182,179818
400000,79,359673.0,1000,100.0,40327,359673
600000,79,539578.0,1000,100.0,60422,539578
800000,79,719611.0,1000,100.0,80389,719611
1000000,79,899870.0,1000,100.0,100130,899870
2,80,2.0,1,0.1,0,2
3,80,3.0,2,0.2,0,3
100,80,84.0,50,5.0,16,84
200,80,164.0,100,10.0,36,164
2000,80,1686.0,1000,100.0,314,1686
10000,80,8910.0,1000,100.0,1090,8910
20000,80,17924.0,1000,100.0,2076,17924
40000,80,35925.0,1000,100.0,4075,35925
60000,80,53945.0,1000,100.0,6055,53945
80000,80,71959.0,1000,100.0,8041,71959
100000,80,90020.0,1000,100.0,9980,90020
200000,80,180184.0,1000,100.0,19816,180184
400000,80,360200.0,1000,100.0,39800,360200
600000,80,540352.0,1000,100.0,59648,540352
800000,80,720331.0,1000,100.0,79669,720331
1000000,80,900457.0,1000,100.0,99543,900457
2,81,2.0,1,0.1,0,2
3,81,3.0,2,0.2,0,3
100,81,78.0,50,5.0,22,78
200,81,161.0,100,10.0,39,161
2000,81,1683.0,1000,100.0,317,1683
10000,81,8895.0,1000,100.0,1105,8895
20000,81,17908.0,1000,100.0,2092,17908
40000,81,35931.0,1000,100.0,4069,35931
60000,81,53947.0,1000,100.0,6053,53947
80000,81,71939.0,1000,100.0,8061,71939
100000,81,89987.0,1000,100.0,10013,89987
200000,81,179971.0,1000,100.0,20029,179971
400000,81,359742.0,1000,100.0,40258,359742
600000,81,539607.0,1000,100.0,60393,539607
800000,81,719664.0,1000,100.0,80336,719664
1000000,81,899692.0,1000,100.0,100308,899692
2,82,2.0,1,0.1,0,2
3,82,3.0,2,0.2,0,3
100,82,85.0,50,5.0,15,85
200,82,168.0,100,10.0,32,168
2000,82,1707.0,1000,100.0,293,1707
10000,82,8879.0,1000,100.0,1121,8879
20000,82,17859.0,1000,100.0,2141,17859
40000,82,35834.0,1000,100.0,4166,35834
60000,82,53922.0,1000,100.0,6078,53922
80000,82,71914.0,1000,100.0,8086,71914
100000,82,89832.0,1000,100.0,10168,89832
200000,82,179791.0,1000,100.0,20209,179791
400000,82,359795.0,1000,100.0,40205,359795
600000,82,539754.0,1000,100.0,60246,539754
800000,82,719616.0,1000,100.0,80384,719616
1000000,82,899996.0,1000,100.0,100004,899996
2,83,2.0,1,0.1,0,2
3,83,3.0,2,0.2,0,3
100,83,90.0,50,5.0,10,90
200,83,169.0,100,10.0,31,169
2000,83,1684.0,1000,100.0,316,1684
10000,83,8889.0,1000,100.0,1111,8889
20000,83,17883.0,1000,100.0,2117,17883
40000,83,35896.0,1000,100.0,4104,35896
60000,83,53947.0,1000,100.0,6053,53947
80000,83,71892.0,1000,100.0,8108,71892
100000,83,89857.0,1000,100.0,10143,89857
200000,83,179943.0,1000,100.0,20057,179943
400000,83,359764.0,1000,100.0,40236,359764
600000,83,539746.0,1000,100.0,60254,539746
800000,83,719928.0,1000,100.0,80072,719928
1000000,83,899913.0,1000,100.0,100087,899913
2,84,1.0,1,0.1,1,1
3,84,2.0,2,0.2,1,2
100,84,82.0,50,5.0,18,82
200,84,167.0,100,10.0,33,167
2000,84,1684.0,1000,100.0,316,1684
10000,84,8917.0,1000,100.0,1083,8917
20000,84,17982.0,1000,100.0,2018,17982
40000,84,35993.0,1000,100.0,4007,35993
60000,84,53939.0,1000,100.0,6061,53939
80000,84,71918.0,1000,100.0,8082,71918
100000,84,89914.0,1000,100.0,10086,89914
200000,84,179853.0,1000,100.0,20147,179853
400000,84,359891.0,1000,100.0,40109,359891
600000,84,539928.0,1000,100.0,60072,539928
800000,84,719900.0,1000,100.0,80100,719900
1000000,84,899836.0,1000,100.0,100164,899836
2,85,0.0,1,0.1,2,0
3,85,1.0,2,0.2,2,1
100,85,76.0,50,5.0,24,76
200,85,166.0,100,10.0,34,166
2000,85,1672.0,1000,100.0,328,1672
10000,85,8858.0,1000,100.0,1142,8858
20000,85,17866.0,1000,100.0,2134,17866
40000,85,35860.0,1000,100.0,4140,35860
60000,85,53887.0,1000,100.0,6113,53887
80000,85,71787.0,1000,100.0,8213,71787
100000,85,89772.0,1000,100.0,10228,89772
200000,85,179734.0,1000,100.0,20266,179734
400000,85,359745.0,1000,100.0,40255,359745
600000,85,539857.0,1000,100.0,60143,539857
800000,85,719961.0,1000,100.0,80039,719961
1000000,85,899671.0,1000,100.0,100329,899671
2,86,2.0,1,0.1,0,2
3,86,3.0,2,0.2,0,3
100,86,87.0,50,5.0,13,87
200,86,172.0,100,10.0,28,172
2000,86,1702.0,1000,100.0,298,1702
10000,86,8915.0,1000,100.0,1085,8915
20000,86,17926.0,1000,100.0,2074,17926
40000,86,35951.0,1000,100.0,4049,35951
60000,86,53948.0,1000,100.0,6052,53948
80000,86,71911.0,1000,100.0,8089,71911
100000,86,89876.0,1000,100.0,10124,89876
200000,86,179972.0,1000,100.0,20028,179972
400000,86,360018.0,1000,100.0,39982,360018
600000,86,540215.0,1000,100.0,59785,540215
800000,86,720171.0,1000,100.0,79829,720171
1000000,86,900195.0,1000,100.0,99805,900195
2,87,2.0,1,0.1,0,2
3,87,3.0,2,0.2,0,3
100,87,93.0,50,5.0,7,93
200,87,177.0,100,10.0,23,177
2000,87,1667.0,1000,100.0,333,1667
10000,87,8863.0,1000,100.0,1137,8863
20000,87,17877.0,1000,100.0,2123,17877
40000,87,35898.0,1000,100.0,4102,35898
60000,87,53899.0,1000,100.0,6101,53899
80000,87,71853.0,1000,100.0,8147,71853
100000,87,89742.0,1000,100.0,10258,89742
200000,87,179775.0,1000,100.0,20225,179775
400000,87,359732.0,1000,100.0,40268,359732
600000,87,539777.0,1000,100.0,60223,539777
800000,87,719613.0,1000,100.0,80387,719613
1000000,87,899628.0,1000,100.0,100372,899628
2,88,2.0,1,0.1,0,2
3,88,3.0,2,0.2,0,3
100,88,86.0,50,5.0,14,86
200,88,174.0,100,10.0,26,174
2000,88,1673.0,1000,100.0,327,1673
10000,88,8861.0,1000,100.0,1139,8861
20000,88,17837.0,1000,100.0,2163,17837
40000,88,35816.0,1000,100.0,4184,35816
60000,88,53741.0,1000,100.0,6259,53741
80000,88,71769.0,1000,100.0,8231,71769
100000,88,89754.0,1000,100.0,10246,89754
200000,88,179818.0,1000,100.0,20182,179818
400000,88,360024.0,1000,100.0,39976,360024
600000,88,540173.0,1000,100.0,59827,540173
800000,88,720160.0,1000,100.0,79840,720160
1000000,88,900063.0,1000,100.0,99937,900063
2,89,2.0,1,0.1,0,2
3,89,2.0,2,0.2,1,2
100,89,87.0,50,5.0,13,87
200,89,170.0,100,10.0,30,170
2000,89,1702.0,1000,100.0,298,1702
10000,89,8856.0,1000,100.0,1144,8856
20000,89,17868.0,1000,100.0,2132,17868
40000,89,35881.0,1000,100.0,4119,35881
60000,89,53841.0,1000,100.0,6159,53841
80000,89,71808.0,1000,100.0,8192,71808
100000,89,89910.0,1000,100.0,10090,89910
200000,89,179893.0,1000,100.0,20107,179893
400000,89,360094.0,1000,100.0,39906,360094
600000,89,540110.0,1000,100.0,59890,540110
800000,89,720169.0,1000,100.0,79831,720169
1000000,89,900094.0,1000,100.0,99906,900094
2,90,2.0,1,0.1,0,2
3,90,3.0,2,0.2,0,3
100,90,87.0,50,5.0,13,87
200,90,171.0,100,10.0,29,171
2000,90,1685.0,1000,100.0,315,1685
10000,90,8868.0,1000,100.0,1132,8868
20000,90,17884.0,1000,100.0,2116,17884
40000,90,35828.0,1000,100.0,4172,35828
60000,90,53898.0,1000,100.0,6102,53898
80000,90,71916.0,1000,100.0,8084,71916
100000,90,89862.0,1000,100.0,10138,89862
200000,90,179916.0,1000,100.0,20084,179916
400000,90,359969.0,1000,100.0,40031,359969
600000,90,540190.0,1000,100.0,59810,540190
800000,90,720031.0,1000,100.0,79969,720031
1000000,90,900031.0,1000,100.0,99969,900031
2,91,2.0,1,0.1,0,2
3,91,3.0,2,0.2,0,3
100,91,83.0,50,5.0,17,83
200,91,170.0,100,10.0,30,170
2000,91,1695.0,1000,100.0,305,1695
10000,91,8913.0,1000,100.0,1087,8913
20000,91,17882.0,1000,100.0,2118,17882
40000,91,35878.0,1000,100.0,4122,35878
60000,91,53830.0,1000,100.0,6170,53830
80000,91,71804.0,1000,100.0,8196,71804
100000,91,89871.0,1000,100.0,10129,89871
200000,91,179957.0,1000,100.0,20043,179957
400000,91,360065.0,1000,100.0,39935,360065
600000,91,540381.0,1000,100.0,59619,540381
800000,91,720203.0,1000,100.0,79797,720203
1000000,91,900065.0,1000,100.0,99935,900065
2,92,2.0,1,0.1,0,2
3,92,3.0,2,0.2,0,3
100,92,83.0,50,5.0,17,83
200,92,168.0,100,10.0,32,168
2000,92,1704.0,1000,100.0,296,1704
10000,92,8893.0,1000,100.0,1107,8893
20000,92,17883.0,1000,100.0,2117,17883
40000,92,35941.0,1000,100.0,4059,35941
60000,92,53953.0,1000,100.0,6047,53953
80000,92,71981.0,1000,100.0,8019,71981
100000,92,90036.0,1000,100.0,9964,90036
200000,92,179825.0,1000,100.0,20175,179825
400000,92,359775.0,1000,100.0,40225,359775
600000,92,539777.0,1000,100.0,60223,539777
800000,92,719504.0,1000,100.0,80496,719504
1000000,92,899634.0,1000,100.0,100366,899634
2,93,1.0,1,0.1,1,1
3,93,2.0,2,0.2,1,2
100,93,85.0,50,5.0,15,85
200,93,172.0,100,10.0,28,172
2000,93,1687.0,1000,100.0,313,1687
10000,93,8914.0,1000,100.0,1086,8914
20000,93,17914.0,1000,100.0,2086,17914
40000,93,35967.0,1000,100.0,4033,35967
60000,93,54031.0,1000,100.0,5969,54031
80000,93,72084.0,1000,100.0,7916,72084
100000,93,90099.0,1000,100.0,9901,90099
200000,93,180038.0,1000,100.0,19962,180038
400000,93,359946.0,1000,100.0,40054,359946
600000,93,539979.0,1000,100.0,60021,539979
800000,93,719905.0,1000,100.0,80095,719905
1000000,93,900078.0,1000,100.0,99922,900078
2,94,2.0,1,0.1,0,2
3,94,3.0,2,0.2,0,3
100,94,87.0,50,5.0,13,87
200,94,175.0,100,10.0,25,175
2000,94,1705.0,1000,100.0,295,1705
10000,94,8849.0,1000,100.0,1151,8849
20000,94,17797.0,1000,100.0,2203,17797
40000,94,35775.0,1000,100.0,4225,35775
60000,94,53751.0,1000,100.0,6249,53751
80000,94,71680.0,1000,100.0,8320,71680
100000,94,89739.0,1000,100.0,10261,89739
200000,94,179716.0,1000,100.0,20284,179716
400000,94,359713.0,1000,100.0,40287,359713
600000,94,539672.0,1000,100.0,60328,539672
800000,94,719695.0,1000,100.0,80305,719695
1000000,94,899764.0,1000,100.0,100236,899764
2,95,2.0,1,0.1,0,2
3,95,3.0,2,0.2,0,3
100,95,84.0,50,5.0,16,84
200,95,169.0,100,10.0,31,169
2000,95,1683.0,1000,100.0,317,1683
10000,95,8863.0,1000,100.0,1137,8863
20000,95,17915.0,1000,100.0,2085,17915
40000,95,35964.0,1000,100.0,4036,35964
60000,95,53940.0,1000,100.0,6060,53940
80000,95,71924.0,1000,100.0,8076,71924
100000,95,89963.0,1000,100.0,10037,89963
200000,95,179787.0,1000,100.0,20213,179787
400000,95,359748.0,1000,100.0,40252,359748
600000,95,539735.0,1000,100.0,60265,539735
800000,95,719746.0,1000,100.0,80254,719746
1000000,95,899648.0,1000,100.0,100352,899648
2,96,2.0,1,0.1,0,2
3,96,3.0,2,0.2,0,3
100,96,81.0,50,5.0,19,81
200,96,160.0,100,10.0,40,160
2000,96,1678.0,1000,100.0,322,1678
10000,96,8861.0,1000,100.0,1139,8861
20000,96,17836.0,1000,100.0,2164,17836
40000,96,35849.0,1000,100.0,4151,35849
60000,96,53870.0,1000,100.0,6130,53870
80000,96,71913.0,1000,100.0,8087,71913
100000,96,89853.0,1000,100.0,10147,89853
200000,96,179711.0,1000,100.0,20289,179711
400000,96,359752.0,1000,100.0,40248,359752
600000,96,539750.0,1000,100.0,60250,539750
800000,96,719346.0,1000,100.0,80654,719346
1000000,96,899559.0,1000,100.0,100441,899559
2,97,2.0,1,0.1,0,2
3,97,3.0,2,0.2,0,3
100,97,90.0,50,5.0,10,90
200,97,173.0,100,10.0,27,173
2000,97,1686.0,1000,100.0,314,1686
10000,97,8842.0,1000,100.0,1158,8842
20000,97,17856.0,1000,100.0,2144,17856
40000,97,35832.0,1000,100.0,4168,35832
60000,97,53825.0,1000,100.0,6175,53825
80000,97,71798.0,1000,100.0,8202,71798
100000,97,89757.0,1000,100.0,10243,89757
200000,97,179796.0,1000,100.0,20204,179796
400000,97,359760.0,1000,100.0,40240,359760
600000,97,540024.0,1000,100.0,59976,540024
800000,97,720147.0,1000,100.0,79853,720147
1000000,97,900374.0,1000,100.0,99626,900374
2,98,1.0,1,0.1,1,1
3,98,2.0,2,0.2,1,2
100,98,86.0,50,5.0,14,86
200,98,170.0,100,10.0,30,170
2000,98,1688.0,1000,100.0,312,1688
10000,98,8906.0,1000,100.0,1094,8906
20000,98,17889.0,1000,100.0,2111,17889
40000,98,35863.0,1000,100.0,4137,35863
60000,98,53771.0,1000,100.0,6229,53771
80000,98,71743.0,1000,100.0,8257,71743
100000,98,89722.0,1000,100.0,10278,89722
200000,98,179744.0,1000,100.0,20256,179744
400000,98,359748.0,1000,100.0,40252,359748
600000,98,539890.0,1000,100.0,60110,539890
800000,98,719638.0,1000,100.0,80362,719638
1000000,98,899634.0,1000,100.0,100366,899634
2,99,2.0,1,0.1,0,2
3,99,3.0,2,0.2,0,3
100,99,87.0,50,5.0,13,87
200,99,174.0,100,10.0,26,174
2000,99,1699.0,1000,100.0,301,1699
10000,99,8866.0,1000,100.0,1134,8866
20000,99,17902.0,1000,100.0,2098,17902
40000,99,35904.0,1000,100.0,4096,35904
60000,99,53928.0,1000,100.0,6072,53928
80000,99,71994.0,1000,100.0,8006,71994
100000,99,89997.0,1000,100.0,10003,89997
200000,99,180051.0,1000,100.0,19949,180051
400000,99,359970.0,1000,100.0,40030,359970
600000,99,539897.0,1000,100.0,60103,539897
800000,99,719902.0,1000,100.0,80098,719902
1000000,99,899919.0,1000,100.0,100081,899919
2,100,2.0,1,0.1,0,2
3,100,3.0,2,0.2,0,3
100,100,83.0,50,5.0,17,83
200,100,168.0,100,10.0,32,168
2000,100,1710.0,1000,100.0,290,1710
10000,100,8906.0,1000,100.0,1094,8906
20000,100,17907.0,1000,100.0,2093,17907
40000,100,36008.0,1000,100.0,3992,36008
60000,100,54088.0,1000,100.0,5912,54088
80000,100,72132.0,1000,100.0,7868,72132
100000,100,90131.0,1000,100.0,9869,90131
200000,100,180154.0,1000,100.0,19846,180154
400000,100,360328.0,1000,100.0,39672,360328
600000,100,540427.0,1000,100.0,59573,540427
800000,100,720755.0,1000,100.0,79245,720755
1000000,100,900928.0,1000,100.0,99072,900928
