Timestep,Iteration,Total Reward,Suboptimal Arms,Total Regret,Zeros Count,Ones Count
2,1,2.0,2,0.15,0,2
3,1,3.0,2,0.15,0,3
100,1,90.0,67,5.05,10,90
200,1,171.0,134,10.05,29,171
2000,1,1702.0,1334,100.05,298,1702
10000,1,8855.0,2000,150.0,1145,8855
20000,1,17842.0,2000,150.0,2158,17842
40000,1,35867.0,2000,150.0,4133,35867
60000,1,53877.0,2000,150.0,6123,53877
80000,1,71892.0,2000,150.0,8108,71892
100000,1,89904.0,2000,150.0,10096,89904
200000,1,180044.0,2000,150.0,19956,180044
400000,1,360050.0,2000,150.0,39950,360050
600000,1,540086.0,2000,150.0,59914,540086
800000,1,720009.0,2000,150.0,79991,720009
1000000,1,900211.0,2000,150.0,99789,900211
2,2,1.0,2,0.15,1,1
3,2,2.0,2,0.15,1,2
100,2,87.0,67,5.05,13,87
200,2,169.0,134,10.05,31,169
2000,2,1704.0,1334,100.05,296,1704
10000,2,8909.0,2000,150.0,1091,8909
20000,2,17926.0,2000,150.0,2074,17926
40000,2,35875.0,2000,150.0,4125,35875
60000,2,53897.0,2000,150.0,6103,53897
80000,2,71865.0,2000,150.0,8135,71865
100000,2,89848.0,2000,150.0,10152,89848
200000,2,179691.0,2000,150.0,20309,179691
400000,2,359638.0,2000,150.0,40362,359638
600000,2,539728.0,2000,150.0,60272,539728
800000,2,719715.0,2000,150.0,80285,719715
1000000,2,899433.0,2000,150.0,100567,899433
2,3,1.0,2,0.15,1,1
3,3,2.0,2,0.15,1,2
100,3,83.0,67,5.05,17,83
200,3,176.0,134,10.05,24,176
2000,3,1724.0,1334,100.05,276,1724
10000,3,8854.0,2000,150.0,1146,8854
20000,3,17859.0,2000,150.0,2141,17859
40000,3,35777.0,2000,150.0,4223,35777
60000,3,53739.0,2000,150.0,6261,53739
80000,3,71740.0,2000,150.0,8260,71740
100000,3,89724.0,2000,150.0,10276,89724
200000,3,179780.0,2000,150.0,20220,179780
400000,3,359604.0,2000,150.0,40396,359604
600000,3,539568.0,2000,150.0,60432,539568
800000,3,719457.0,2000,150.0,80543,719457
1000000,3,899568.0,2000,150.0,100432,899568
2,4,2.0,2,0.15,0,2
3,4,3.0,2,0.15,0,3
100,4,87.0,67,5.05,13,87
200,4,175.0,134,10.05,25,175
2000,4,1697.0,1334,100.05,303,1697
10000,4,8846.0,2000,150.0,1154,8846
20000,4,17780.0,2000,150.0,2220,17780
40000,4,35869.0,2000,150.0,4131,35869
60000,4,53865.0,2000,150.0,6135,53865
80000,4,71903.0,2000,150.0,8097,71903
100000,4,89989.0,2000,150.0,10011,89989
200000,4,179938.0,2000,150.0,20062,179938
400000,4,359934.0,2000,150.0,40066,359934
600000,4,539847.0,2000,150.0,60153,539847
800000,4,719942.0,2000,150.0,80058,719942
1000000,4,899975.0,2000,150.0,100025,899975
2,5,1.0,2,0.15,1,1
3,5,2.0,2,0.15,1,2
100,5,81.0,67,5.05,19,81
200,5,164.0,134,10.05,36,164
2000,5,1712.0,1334,100.05,288,1712
10000,5,8851.0,2000,150.0,1149,8851
20000,5,17804.0,2000,150.0,2196,17804
40000,5,35770.0,2000,150.0,4230,35770
60000,5,53717.0,2000,150.0,6283,53717
80000,5,71613.0,2000,150.0,8387,71613
100000,5,89649.0,2000,150.0,10351,89649
200000,5,179628.0,2000,150.0,20372,179628
400000,5,359526.0,2000,150.0,40474,359526
600000,5,539218.0,2000,150.0,60782,539218
800000,5,719137.0,2000,150.0,80863,719137
1000000,5,898858.0,2000,150.0,101142,898858
2,6,2.0,2,0.15,0,2
3,6,3.0,2,0.15,0,3
100,6,82.0,67,5.05,18,82
200,6,167.0,134,10.05,33,167
2000,6,1689.0,1334,100.05,311,1689
10000,6,8881.0,2000,150.0,1119,8881
20000,6,17879.0,2000,150.0,2121,17879
40000,6,35899.0,2000,150.0,4101,35899
60000,6,53979.0,2000,150.0,6021,53979
80000,6,71990.0,2000,150.0,8010,71990
100000,6,89965.0,2000,150.0,10035,89965
200000,6,179927.0,2000,150.0,20073,179927
400000,6,359900.0,2000,150.0,40100,359900
600000,6,539906.0,2000,150.0,60094,539906
800000,6,719898.0,2000,150.0,80102,719898
1000000,6,899897.0,2000,150.0,100103,899897
2,7,2.0,2,0.15,0,2
3,7,3.0,2,0.15,0,3
100,7,79.0,67,5.05,21,79
200,7,161.0,134,10.05,39,161
2000,7,1702.0,1334,100.05,298,1702
10000,7,8805.0,2000,150.0,1195,8805
20000,7,17808.0,2000,150.0,2192,17808
40000,7,35853.0,2000,150.0,4147,35853
60000,7,53874.0,2000,150.0,6126,53874
80000,7,71883.0,2000,150.0,8117,71883
100000,7,89900.0,2000,150.0,10100,89900
200000,7,179858.0,2000,150.0,20142,179858
400000,7,359765.0,2000,150.0,40235,359765
600000,7,539634.0,2000,150.0,60366,539634
800000,7,719556.0,2000,150.0,80444,719556
1000000,7,899489.0,2000,150.0,100511,899489
2,8,0.0,2,0.15,2,0
3,8,1.0,2,0.15,2,1
100,8,79.0,67,5.05,21,79
200,8,165.0,134,10.05,35,165
2000,8,1674.0,1334,100.05,326,1674
10000,8,8806.0,2000,150.0,1194,8806
20000,8,17782.0,2000,150.0,2218,17782
40000,8,35815.0,2000,150.0,4185,35815
60000,8,53806.0,2000,150.0,6194,53806
80000,8,71753.0,2000,150.0,8247,71753
100000,8,89751.0,2000,150.0,10249,89751
200000,8,179713.0,2000,150.0,20287,179713
400000,8,359603.0,2000,150.0,40397,359603
600000,8,539527.0,2000,150.0,60473,539527
800000,8,719542.0,2000,150.0,80458,719542
1000000,8,899589.0,2000,150.0,100411,899589
2,9,2.0,2,0.15,0,2
3,9,3.0,2,0.15,0,3
100,9,87.0,67,5.05,13,87
200,9,174.0,134,10.05,26,174
2000,9,1696.0,1334,100.05,304,1696
10000,9,8854.0,2000,150.0,1146,8854
20000,9,17880.0,2000,150.0,2120,17880
40000,9,35905.0,2000,150.0,4095,35905
60000,9,53908.0,2000,150.0,6092,53908
80000,9,71899.0,2000,150.0,8101,71899
100000,9,89860.0,2000,150.0,10140,89860
200000,9,179832.0,2000,150.0,20168,179832
400000,9,359837.0,2000,150.0,40163,359837
600000,9,539788.0,2000,150.0,60212,539788
800000,9,719946.0,2000,150.0,80054,719946
1000000,9,900006.0,2000,150.0,99994,900006
2,10,2.0,2,0.15,0,2
3,10,3.0,2,0.15,0,3
100,10,85.0,67,5.05,15,85
200,10,178.0,134,10.05,22,178
2000,10,1691.0,1334,100.05,309,1691
10000,10,8868.0,2000,150.0,1132,8868
20000,10,17845.0,2000,150.0,2155,17845
40000,10,35916.0,2000,150.0,4084,35916
60000,10,53886.0,2000,150.0,6114,53886
80000,10,71916.0,2000,150.0,8084,71916
100000,10,89949.0,2000,150.0,10051,89949
200000,10,180003.0,2000,150.0,19997,180003
400000,10,359751.0,2000,150.0,40249,359751
600000,10,539820.0,2000,150.0,60180,539820
800000,10,719881.0,2000,150.0,80119,719881
1000000,10,899999.0,2000,150.0,100001,899999
2,11,2.0,2,0.15,0,2
3,11,2.0,2,0.15,1,2
100,11,85.0,67,5.05,15,85
200,11,169.0,134,10.05,31,169
2000,11,1700.0,1334,100.05,300,1700
10000,11,8805.0,2000,150.0,1195,8805
20000,11,17799.0,2000,150.0,2201,17799
40000,11,35901.0,2000,150.0,4099,35901
60000,11,53874.0,2000,150.0,6126,53874
80000,11,71822.0,2000,150.0,8178,71822
100000,11,89759.0,2000,150.0,10241,89759
200000,11,179717.0,2000,150.0,20283,179717
400000,11,359645.0,2000,150.0,40355,359645
600000,11,539741.0,2000,150.0,60259,539741
800000,11,719729.0,2000,150.0,80271,719729
1000000,11,899838.0,2000,150.0,100162,899838
2,12,2.0,2,0.15,0,2
3,12,2.0,2,0.15,1,2
100,12,80.0,67,5.05,20,80
200,12,165.0,134,10.05,35,165
2000,12,1681.0,1334,100.05,319,1681
10000,12,8798.0,2000,150.0,1202,8798
20000,12,17789.0,2000,150.0,2211,17789
40000,12,35854.0,2000,150.0,4146,35854
60000,12,53980.0,2000,150.0,6020,53980
80000,12,71996.0,2000,150.0,8004,71996
100000,12,90019.0,2000,150.0,9981,90019
200000,12,179988.0,2000,150.0,20012,179988
400000,12,360138.0,2000,150.0,39862,360138
600000,12,540272.0,2000,150.0,59728,540272
800000,12,720363.0,2000,150.0,79637,720363
1000000,12,900417.0,2000,150.0,99583,900417
2,13,2.0,2,0.15,0,2
3,13,3.0,2,0.15,0,3
100,13,82.0,67,5.05,18,82
200,13,172.0,134,10.05,28,172
2000,13,1711.0,1334,100.05,289,1711
10000,13,8841.0,2000,150.0,1159,8841
20000,13,17913.0,2000,150.0,2087,17913
40000,13,35920.0,2000,150.0,4080,35920
60000,13,53949.0,2000,150.0,6051,53949
80000,13,71962.0,2000,150.0,8038,71962
100000,13,89932.0,2000,150.0,10068,89932
200000,13,179962.0,2000,150.0,20038,179962
400000,13,359842.0,2000,150.0,40158,359842
600000,13,539866.0,2000,150.0,60134,539866
800000,13,719940.0,2000,150.0,80060,719940
1000000,13,899919.0,2000,150.0,100081,899919
2,14,1.0,2,0.15,1,1
3,14,2.0,2,0.15,1,2
100,14,87.0,67,5.05,13,87
200,14,174.0,134,10.05,26,174
2000,14,1697.0,1334,100.05,303,1697
10000,14,8866.0,2000,150.0,1134,8866
20000,14,17858.0,2000,150.0,2142,17858
40000,14,35842.0,2000,150.0,4158,35842
60000,14,53747.0,2000,150.0,6253,53747
80000,14,71656.0,2000,150.0,8344,71656
100000,14,89624.0,2000,150.0,10376,89624
200000,14,179518.0,2000,150.0,20482,179518
400000,14,359416.0,2000,150.0,40584,359416
600000,14,539362.0,2000,150.0,60638,539362
800000,14,719398.0,2000,150.0,80602,719398
1000000,14,899327.0,2000,150.0,100673,899327
2,15,1.0,2,0.15,1,1
3,15,1.0,2,0.15,2,1
100,15,86.0,67,5.05,14,86
200,15,174.0,134,10.05,26,174
2000,15,1698.0,1334,100.05,302,1698
10000,15,8912.0,2000,150.0,1088,8912
20000,15,17953.0,2000,150.0,2047,17953
40000,15,35974.0,2000,150.0,4026,35974
60000,15,53964.0,2000,150.0,6036,53964
80000,15,71987.0,2000,150.0,8013,71987
100000,15,90027.0,2000,150.0,9973,90027
200000,15,180012.0,2000,150.0,19988,180012
400000,15,359732.0,2000,150.0,40268,359732
600000,15,539591.0,2000,150.0,60409,539591
800000,15,719462.0,2000,150.0,80538,719462
1000000,15,899490.0,2000,150.0,100510,899490
2,16,2.0,2,0.15,0,2
3,16,3.0,2,0.15,0,3
100,16,88.0,67,5.05,12,88
200,16,174.0,134,10.05,26,174
2000,16,1699.0,1334,100.05,301,1699
10000,16,8844.0,2000,150.0,1156,8844
20000,16,17784.0,2000,150.0,2216,17784
40000,16,35716.0,2000,150.0,4284,35716
60000,16,53801.0,2000,150.0,6199,53801
80000,16,71828.0,2000,150.0,8172,71828
100000,16,89800.0,2000,150.0,10200,89800
200000,16,179831.0,2000,150.0,20169,179831
400000,16,359757.0,2000,150.0,40243,359757
600000,16,539994.0,2000,150.0,60006,539994
800000,16,719631.0,2000,150.0,80369,719631
1000000,16,899635.0,2000,150.0,100365,899635
2,17,1.0,2,0.15,1,1
3,17,1.0,2,0.15,2,1
100,17,84.0,67,5.05,16,84
200,17,175.0,134,10.05,25,175
2000,17,1703.0,1334,100.05,297,1703
10000,17,8896.0,2000,150.0,1104,8896
20000,17,17887.0,2000,150.0,2113,17887
40000,17,35847.0,2000,150.0,4153,35847
60000,17,53871.0,2000,150.0,6129,53871
80000,17,71828.0,2000,150.0,8172,71828
100000,17,89785.0,2000,150.0,10215,89785
200000,17,179862.0,2000,150.0,20138,179862
400000,17,359963.0,2000,150.0,40037,359963
600000,17,540056.0,2000,150.0,59944,540056
800000,17,719886.0,2000,150.0,80114,719886
1000000,17,899820.0,2000,150.0,100180,899820
2,18,1.0,2,0.15,1,1
3,18,2.0,2,0.15,1,2
100,18,87.0,67,5.05,13,87
200,18,173.0,134,10.05,27,173
2000,18,1707.0,1334,100.05,293,1707
10000,18,8830.0,2000,150.0,1170,8830
20000,18,17821.0,2000,150.0,2179,17821
40000,18,35815.0,2000,150.0,4185,35815
60000,18,53803.0,2000,150.0,6197,53803
80000,18,71804.0,2000,150.0,8196,71804
100000,18,89887.0,2000,150.0,10113,89887
200000,18,179897.0,2000,150.0,20103,179897
400000,18,359891.0,2000,150.0,40109,359891
600000,18,540123.0,2000,150.0,59877,540123
800000,18,720126.0,2000,150.0,79874,720126
1000000,18,900003.0,2000,150.0,99997,900003
2,19,2.0,2,0.15,0,2
3,19,2.0,2,0.15,1,2
100,19,87.0,67,5.05,13,87
200,19,176.0,134,10.05,24,176
2000,19,1675.0,1334,100.05,325,1675
10000,19,8812.0,2000,150.0,1188,8812
20000,19,17832.0,2000,150.0,2168,17832
40000,19,35821.0,2000,150.0,4179,35821
60000,19,53865.0,2000,150.0,6135,53865
80000,19,71866.0,2000,150.0,8134,71866
100000,19,89841.0,2000,150.0,10159,89841
200000,19,179973.0,2000,150.0,20027,179973
400000,19,359857.0,2000,150.0,40143,359857
600000,19,539994.0,2000,150.0,60006,539994
800000,19,719929.0,2000,150.0,80071,719929
1000000,19,900030.0,2000,150.0,99970,900030
2,20,2.0,2,0.15,0,2
3,20,3.0,2,0.15,0,3
100,20,85.0,67,5.05,15,85
200,20,167.0,134,10.05,33,167
2000,20,1700.0,1334,100.05,300,1700
10000,20,8862.0,2000,150.0,1138,8862
20000,20,17845.0,2000,150.0,2155,17845
40000,20,35867.0,2000,150.0,4133,35867
60000,20,53912.0,2000,150.0,6088,53912
80000,20,71988.0,2000,150.0,8012,71988
100000,20,89983.0,2000,150.0,10017,89983
200000,20,179863.0,2000,150.0,20137,179863
400000,20,359656.0,2000,150.0,40344,359656
600000,20,539293.0,2000,150.0,60707,539293
800000,20,719447.0,2000,150.0,80553,719447
1000000,20,899207.0,2000,150.0,100793,899207
2,21,2.0,2,0.15,0,2
3,21,3.0,2,0.15,0,3
100,21,86.0,67,5.05,14,86
200,21,171.0,134,10.05,29,171
2000,21,1675.0,1334,100.05,325,1675
10000,21,8815.0,2000,150.0,1185,8815
20000,21,17788.0,2000,150.0,2212,17788
40000,21,35821.0,2000,150.0,4179,35821
60000,21,53749.0,2000,150.0,6251,53749
80000,21,71796.0,2000,150.0,8204,71796
100000,21,89780.0,2000,150.0,10220,89780
200000,21,179809.0,2000,150.0,20191,179809
400000,21,359586.0,2000,150.0,40414,359586
600000,21,539464.0,2000,150.0,60536,539464
800000,21,719461.0,2000,150.0,80539,719461
1000000,21,899340.0,2000,150.0,100660,899340
2,22,2.0,2,0.15,0,2
3,22,3.0,2,0.15,0,3
100,22,87.0,67,5.05,13,87
200,22,176.0,134,10.05,24,176
2000,22,1701.0,1334,100.05,299,1701
10000,22,8832.0,2000,150.0,1168,8832
20000,22,17802.0,2000,150.0,2198,17802
40000,22,35817.0,2000,150.0,4183,35817
60000,22,53902.0,2000,150.0,6098,53902
80000,22,71870.0,2000,150.0,8130,71870
100000,22,89876.0,2000,150.0,10124,89876
200000,22,179749.0,2000,150.0,20251,179749
400000,22,359839.0,2000,150.0,40161,359839
600000,22,539879.0,2000,150.0,60121,539879
800000,22,719775.0,2000,150.0,80225,719775
1000000,22,899597.0,2000,150.0,100403,899597
2,23,2.0,2,0.15,0,2
3,23,3.0,2,0.15,0,3
100,23,86.0,67,5.05,14,86
200,23,175.0,134,10.05,25,175
2000,23,1690.0,1334,100.05,310,1690
10000,23,8790.0,2000,150.0,1210,8790
20000,23,17732.0,2000,150.0,2268,17732
40000,23,35752.0,2000,150.0,4248,35752
60000,23,53744.0,2000,150.0,6256,53744
80000,23,71815.0,2000,150.0,8185,71815
100000,23,89834.0,2000,150.0,10166,89834
200000,23,179726.0,2000,150.0,20274,179726
400000,23,359801.0,2000,150.0,40199,359801
600000,23,539765.0,2000,150.0,60235,539765
800000,23,719697.0,2000,150.0,80303,719697
1000000,23,899752.0,2000,150.0,100248,899752
2,24,2.0,2,0.15,0,2
3,24,3.0,2,0.15,0,3
100,24,85.0,67,5.05,15,85
200,24,164.0,134,10.05,36,164
2000,24,1669.0,1334,100.05,331,1669
10000,24,8801.0,2000,150.0,1199,8801
20000,24,17776.0,2000,150.0,2224,17776
40000,24,35830.0,2000,150.0,4170,35830
60000,24,53798.0,2000,150.0,6202,53798
80000,24,71792.0,2000,150.0,8208,71792
100000,24,89772.0,2000,150.0,10228,89772
200000,24,179739.0,2000,150.0,20261,179739
400000,24,359868.0,2000,150.0,40132,359868
600000,24,539823.0,2000,150.0,60177,539823
800000,24,719692.0,2000,150.0,80308,719692
1000000,24,899790.0,2000,150.0,100210,899790
2,25,1.0,2,0.15,1,1
3,25,2.0,2,0.15,1,2
100,25,88.0,67,5.05,12,88
200,25,174.0,134,10.05,26,174
2000,25,1695.0,1334,100.05,305,1695
10000,25,8888.0,2000,150.0,1112,8888
20000,25,17838.0,2000,150.0,2162,17838
40000,25,35877.0,2000,150.0,4123,35877
60000,25,53865.0,2000,150.0,6135,53865
80000,25,71929.0,2000,150.0,8071,71929
100000,25,89925.0,2000,150.0,10075,89925
200000,25,179981.0,2000,150.0,20019,179981
400000,25,360038.0,2000,150.0,39962,360038
600000,25,539928.0,2000,150.0,60072,539928
800000,25,720005.0,2000,150.0,79995,720005
1000000,25,899806.0,2000,150.0,100194,899806
2,26,1.0,2,0.15,1,1
3,26,2.0,2,0.15,1,2
100,26,82.0,67,5.05,18,82
200,26,173.0,134,10.05,27,173
2000,26,1690.0,1334,100.05,310,1690
10000,26,8869.0,2000,150.0,1131,8869
20000,26,17881.0,2000,150.0,2119,17881
40000,26,35877.0,2000,150.0,4123,35877
60000,26,53878.0,2000,150.0,6122,53878
80000,26,71823.0,2000,150.0,8177,71823
100000,26,89851.0,2000,150.0,10149,89851
200000,26,179769.0,2000,150.0,20231,179769
400000,26,359883.0,2000,150.0,40117,359883
600000,26,539575.0,2000,150.0,60425,539575
800000,26,719351.0,2000,150.0,80649,719351
1000000,26,898999.0,2000,150.0,101001,898999
2,27,2.0,2,0.15,0,2
3,27,3.0,2,0.15,0,3
100,27,82.0,67,5.05,18,82
200,27,166.0,134,10.05,34,166
2000,27,1702.0,1334,100.05,298,1702
10000,27,8802.0,2000,150.0,1198,8802
20000,27,17801.0,2000,150.0,2199,17801
40000,27,35902.0,2000,150.0,4098,35902
60000,27,53945.0,2000,150.0,6055,53945
80000,27,71992.0,2000,150.0,8008,71992
100000,27,90050.0,2000,150.0,9950,90050
200000,27,180248.0,2000,150.0,19752,180248
400000,27,360181.0,2000,150.0,39819,360181
600000,27,540206.0,2000,150.0,59794,540206
800000,27,720121.0,2000,150.0,79879,720121
1000000,27,900314.0,2000,150.0,99686,900314
2,28,2.0,2,0.15,0,2
3,28,3.0,2,0.15,0,3
100,28,88.0,67,5.05,12,88
200,28,182.0,134,10.05,18,182
2000,28,1711.0,1334,100.05,289,1711
10000,28,8885.0,2000,150.0,1115,8885
20000,28,17891.0,2000,150.0,2109,17891
40000,28,35857.0,2000,150.0,4143,35857
60000,28,53929.0,2000,150.0,6071,53929
80000,28,71967.0,2000,150.0,8033,71967
100000,28,90032.0,2000,150.0,9968,90032
200000,28,180178.0,2000,150.0,19822,180178
400000,28,360166.0,2000,150.0,39834,360166
600000,28,539895.0,2000,150.0,60105,539895
800000,28,720056.0,2000,150.0,79944,720056
1000000,28,899758.0,2000,150.0,100242,899758
2,29,2.0,2,0.15,0,2
3,29,3.0,2,0.15,0,3
100,29,85.0,67,5.05,15,85
200,29,169.0,134,10.05,31,169
2000,29,1696.0,1334,100.05,304,1696
10000,29,8860.0,2000,150.0,1140,8860
20000,29,17865.0,2000,150.0,2135,17865
40000,29,35877.0,2000,150.0,4123,35877
60000,29,53919.0,2000,150.0,6081,53919
80000,29,71890.0,2000,150.0,8110,71890
100000,29,89847.0,2000,150.0,10153,89847
200000,29,179858.0,2000,150.0,20142,179858
400000,29,359899.0,2000,150.0,40101,359899
600000,29,540104.0,2000,150.0,59896,540104
800000,29,719884.0,2000,150.0,80116,719884
1000000,29,899879.0,2000,150.0,100121,899879
2,30,2.0,2,0.15,0,2
3,30,3.0,2,0.15,0,3
100,30,87.0,67,5.05,13,87
200,30,171.0,134,10.05,29,171
2000,30,1682.0,1334,100.05,318,1682
10000,30,8785.0,2000,150.0,1215,8785
20000,30,17843.0,2000,150.0,2157,17843
40000,30,35818.0,2000,150.0,4182,35818
60000,30,53829.0,2000,150.0,6171,53829
80000,30,71787.0,2000,150.0,8213,71787
100000,30,89744.0,2000,150.0,10256,89744
200000,30,179816.0,2000,150.0,20184,179816
400000,30,359936.0,2000,150.0,40064,359936
600000,30,540083.0,2000,150.0,59917,540083
800000,30,720194.0,2000,150.0,79806,720194
1000000,30,900199.0,2000,150.0,99801,900199
2,31,2.0,2,0.15,0,2
3,31,3.0,2,0.15,0,3
100,31,85.0,67,5.05,15,85
200,31,166.0,134,10.05,34,166
2000,31,1696.0,1334,100.05,304,1696
10000,31,8851.0,2000,150.0,1149,8851
20000,31,17812.0,2000,150.0,2188,17812
40000,31,35790.0,2000,150.0,4210,35790
60000,31,53768.0,2000,150.0,6232,53768
80000,31,71743.0,2000,150.0,8257,71743
100000,31,89780.0,2000,150.0,10220,89780
200000,31,179803.0,2000,150.0,20197,179803
400000,31,359828.0,2000,150.0,40172,359828
600000,31,539764.0,2000,150.0,60236,539764
800000,31,719724.0,2000,150.0,80276,719724
1000000,31,899772.0,2000,150.0,100228,899772
2,32,2.0,2,0.15,0,2
3,32,3.0,2,0.15,0,3
100,32,86.0,67,5.05,14,86
200,32,166.0,134,10.05,34,166
2000,32,1685.0,1334,100.05,315,1685
10000,32,8864.0,2000,150.0,1136,8864
20000,32,17873.0,2000,150.0,2127,17873
40000,32,35866.0,2000,150.0,4134,35866
60000,32,53795.0,2000,150.0,6205,53795
80000,32,71861.0,2000,150.0,8139,71861
100000,32,89962.0,2000,150.0,10038,89962
200000,32,179996.0,2000,150.0,20004,179996
400000,32,359895.0,2000,150.0,40105,359895
600000,32,539803.0,2000,150.0,60197,539803
800000,32,719840.0,2000,150.0,80160,719840
1000000,32,899712.0,2000,150.0,100288,899712
2,33,1.0,2,0.15,1,1
3,33,2.0,2,0.15,1,2
100,33,86.0,67,5.05,14,86
200,33,173.0,134,10.05,27,173
2000,33,1692.0,1334,100.05,308,1692
10000,33,8855.0,2000,150.0,1145,8855
20000,33,17887.0,2000,150.0,2113,17887
40000,33,35880.0,2000,150.0,4120,35880
60000,33,53892.0,2000,150.0,6108,53892
80000,33,71919.0,2000,150.0,8081,71919
100000,33,89911.0,2000,150.0,10089,89911
200000,33,179897.0,2000,150.0,20103,179897
400000,33,359908.0,2000,150.0,40092,359908
600000,33,539884.0,2000,150.0,60116,539884
800000,33,720171.0,2000,150.0,79829,720171
1000000,33,900240.0,2000,150.0,99760,900240
2,34,2.0,2,0.15,0,2
3,34,3.0,2,0.15,0,3
100,34,83.0,67,5.05,17,83
200,34,173.0,134,10.05,27,173
2000,34,1702.0,1334,100.05,298,1702
10000,34,8897.0,2000,150.0,1103,8897
20000,34,17931.0,2000,150.0,2069,17931
40000,34,35963.0,2000,150.0,4037,35963
60000,34,53935.0,2000,150.0,6065,53935
80000,34,71977.0,2000,150.0,8023,71977
100000,34,90000.0,2000,150.0,10000,90000
200000,34,180069.0,2000,150.0,19931,180069
400000,34,360117.0,2000,150.0,39883,360117
600000,34,540127.0,2000,150.0,59873,540127
800000,34,720051.0,2000,150.0,79949,720051
1000000,34,899977.0,2000,150.0,100023,899977
2,35,1.0,2,0.15,1,1
3,35,2.0,2,0.15,1,2
100,35,83.0,67,5.05,17,83
200,35,168.0,134,10.05,32,168
2000,35,1685.0,1334,100.05,315,1685
10000,35,8805.0,2000,150.0,1195,8805
20000,35,17811.0,2000,150.0,2189,17811
40000,35,35872.0,2000,150.0,4128,35872
60000,35,53857.0,2000,150.0,6143,53857
80000,35,71882.0,2000,150.0,8118,71882
100000,35,89905.0,2000,150.0,10095,89905
200000,35,179951.0,2000,150.0,20049,179951
400000,35,359929.0,2000,150.0,40071,359929
600000,35,539603.0,2000,150.0,60397,539603
800000,35,719502.0,2000,150.0,80498,719502
1000000,35,899463.0,2000,150.0,100537,899463
2,36,1.0,2,0.15,1,1
3,36,2.0,2,0.15,1,2
100,36,90.0,67,5.05,10,90
200,36,176.0,134,10.05,24,176
2000,36,1701.0,1334,100.05,299,1701
10000,36,8840.0,2000,150.0,1160,8840
20000,36,17858.0,2000,150.0,2142,17858
40000,36,35850.0,2000,150.0,4150,35850
60000,36,53896.0,2000,150.0,6104,53896
80000,36,71863.0,2000,150.0,8137,71863
100000,36,89920.0,2000,150.0,10080,89920
200000,36,179818.0,2000,150.0,20182,179818
400000,36,359902.0,2000,150.0,40098,359902
600000,36,540012.0,2000,150.0,59988,540012
800000,36,719877.0,2000,150.0,80123,719877
1000000,36,899702.0,2000,150.0,100298,899702
2,37,2.0,2,0.15,0,2
3,37,3.0,2,0.15,0,3
100,37,85.0,67,5.05,15,85
200,37,170.0,134,10.05,30,170
2000,37,1694.0,1334,100.05,306,1694
10000,37,8882.0,2000,150.0,1118,8882
20000,37,17882.0,2000,150.0,2118,17882
40000,37,35901.0,2000,150.0,4099,35901
60000,37,53918.0,2000,150.0,6082,53918
80000,37,71914.0,2000,150.0,8086,71914
100000,37,89871.0,2000,150.0,10129,89871
200000,37,179916.0,2000,150.0,20084,179916
400000,37,359834.0,2000,150.0,40166,359834
600000,37,539862.0,2000,150.0,60138,539862
800000,37,719933.0,2000,150.0,80067,719933
1000000,37,899848.0,2000,150.0,100152,899848
2,38,0.0,2,0.15,2,0
3,38,1.0,2,0.15,2,1
100,38,80.0,67,5.05,20,80
200,38,165.0,134,10.05,35,165
2000,38,1688.0,1334,100.05,312,1688
10000,38,8846.0,2000,150.0,1154,8846
20000,38,17840.0,2000,150.0,2160,17840
40000,38,35856.0,2000,150.0,4144,35856
60000,38,53872.0,2000,150.0,6128,53872
80000,38,71910.0,2000,150.0,8090,71910
100000,38,89991.0,2000,150.0,10009,89991
200000,38,179897.0,2000,150.0,20103,179897
400000,38,359886.0,2000,150.0,40114,359886
600000,38,540019.0,2000,150.0,59981,540019
800000,38,720113.0,2000,150.0,79887,720113
1000000,38,899997.0,2000,150.0,100003,899997
2,39,2.0,2,0.15,0,2
3,39,3.0,2,0.15,0,3
100,39,85.0,67,5.05,15,85
200,39,170.0,134,10.05,30,170
2000,39,1675.0,1334,100.05,325,1675
10000,39,8804.0,2000,150.0,1196,8804
20000,39,17788.0,2000,150.0,2212,17788
40000,39,35831.0,2000,150.0,4169,35831
60000,39,53895.0,2000,150.0,6105,53895
80000,39,71844.0,2000,150.0,8156,71844
100000,39,89837.0,2000,150.0,10163,89837
200000,39,179786.0,2000,150.0,20214,179786
400000,39,359867.0,2000,150.0,40133,359867
600000,39,539864.0,2000,150.0,60136,539864
800000,39,719555.0,2000,150.0,80445,719555
1000000,39,899968.0,2000,150.0,100032,899968
2,40,2.0,2,0.15,0,2
3,40,3.0,2,0.15,0,3
100,40,86.0,67,5.05,14,86
200,40,171.0,134,10.05,29,171
2000,40,1720.0,1334,100.05,280,1720
10000,40,8891.0,2000,150.0,1109,8891
20000,40,17928.0,2000,150.0,2072,17928
40000,40,35927.0,2000,150.0,4073,35927
60000,40,53958.0,2000,150.0,6042,53958
80000,40,71844.0,2000,150.0,8156,71844
100000,40,89887.0,2000,150.0,10113,89887
200000,40,179916.0,2000,150.0,20084,179916
400000,40,360056.0,2000,150.0,39944,360056
600000,40,540226.0,2000,150.0,59774,540226
800000,40,720116.0,2000,150.0,79884,720116
1000000,40,900094.0,2000,150.0,99906,900094
2,41,2.0,2,0.15,0,2
3,41,3.0,2,0.15,0,3
100,41,80.0,67,5.05,20,80
200,41,159.0,134,10.05,41,159
2000,41,1705.0,1334,100.05,295,1705
10000,41,8822.0,2245,162.25,1178,8822
20000,41,17825.0,2245,162.25,2175,17825
40000,41,35802.0,2245,162.25,4198,35802
60000,41,53798.0,2245,162.25,6202,53798
80000,41,71815.0,2245,162.25,8185,71815
100000,41,89781.0,2245,162.25,10219,89781
200000,41,179773.0,2245,162.25,20227,179773
400000,41,359867.0,2245,162.25,40133,359867
600000,41,540009.0,2245,162.25,59991,540009
800000,41,719920.0,2245,162.25,80080,719920
1000000,41,900084.0,2245,162.25,99916,900084
2,42,1.0,2,0.15,1,1
3,42,2.0,2,0.15,1,2
100,42,83.0,67,5.05,17,83
200,42,170.0,134,10.05,30,170
2000,42,1678.0,1334,100.05,322,1678
10000,42,8905.0,2000,150.0,1095,8905
20000,42,17925.0,2000,150.0,2075,17925
40000,42,35915.0,2000,150.0,4085,35915
60000,42,53950.0,2000,150.0,6050,53950
80000,42,72032.0,2000,150.0,7968,72032
100000,42,90027.0,2000,150.0,9973,90027
200000,42,180148.0,2000,150.0,19852,180148
400000,42,360320.0,2000,150.0,39680,360320
600000,42,540288.0,2000,150.0,59712,540288
800000,42,720410.0,2000,150.0,79590,720410
1000000,42,900345.0,2000,150.0,99655,900345
2,43,1.0,2,0.15,1,1
3,43,1.0,2,0.15,2,1
100,43,87.0,67,5.05,13,87
200,43,175.0,134,10.05,25,175
2000,43,1703.0,1334,100.05,297,1703
10000,43,8820.0,2000,150.0,1180,8820
20000,43,17810.0,2000,150.0,2190,17810
40000,43,35875.0,2000,150.0,4125,35875
60000,43,53922.0,2000,150.0,6078,53922
80000,43,72006.0,2000,150.0,7994,72006
100000,43,90023.0,2000,150.0,9977,90023
200000,43,179940.0,2000,150.0,20060,179940
400000,43,359828.0,2000,150.0,40172,359828
600000,43,540026.0,2000,150.0,59974,540026
800000,43,719923.0,2000,150.0,80077,719923
1000000,43,899879.0,2000,150.0,100121,899879
2,44,1.0,2,0.15,1,1
3,44,2.0,2,0.15,1,2
100,44,85.0,67,5.05,15,85
200,44,175.0,134,10.05,25,175
2000,44,1678.0,1334,100.05,322,1678
10000,44,8844.0,2000,150.0,1156,8844
20000,44,17842.0,2000,150.0,2158,17842
40000,44,35836.0,2000,150.0,4164,35836
60000,44,53827.0,2000,150.0,6173,53827
80000,44,71858.0,2000,150.0,8142,71858
100000,44,89982.0,2000,150.0,10018,89982
200000,44,179848.0,2000,150.0,20152,179848
400000,44,359770.0,2000,150.0,40230,359770
600000,44,539848.0,2000,150.0,60152,539848
800000,44,720077.0,2000,150.0,79923,720077
1000000,44,899967.0,2000,150.0,100033,899967
2,45,1.0,2,0.15,1,1
3,45,2.0,2,0.15,1,2
100,45,83.0,67,5.05,17,83
200,45,173.0,134,10.05,27,173
2000,45,1689.0,1334,100.05,311,1689
10000,45,8827.0,2000,150.0,1173,8827
20000,45,17827.0,2000,150.0,2173,17827
40000,45,35902.0,2000,150.0,4098,35902
60000,45,53882.0,2000,150.0,6118,53882
80000,45,71870.0,2000,150.0,8130,71870
100000,45,89865.0,2000,150.0,10135,89865
200000,45,179813.0,2000,150.0,20187,179813
400000,45,359801.0,2000,150.0,40199,359801
600000,45,539910.0,2000,150.0,60090,539910
800000,45,720151.0,2000,150.0,79849,720151
1000000,45,899952.0,2000,150.0,100048,899952
2,46,1.0,2,0.15,1,1
3,46,2.0,2,0.15,1,2
100,46,89.0,67,5.05,11,89
200,46,176.0,134,10.05,24,176
2000,46,1727.0,1334,100.05,273,1727
10000,46,8893.0,2000,150.0,1107,8893
20000,46,17879.0,2000,150.0,2121,17879
40000,46,35921.0,2000,150.0,4079,35921
60000,46,53914.0,2000,150.0,6086,53914
80000,46,71927.0,2000,150.0,8073,71927
100000,46,89935.0,2000,150.0,10065,89935
200000,46,179800.0,2000,150.0,20200,179800
400000,46,359542.0,2000,150.0,40458,359542
600000,46,539436.0,2000,150.0,60564,539436
800000,46,719357.0,2000,150.0,80643,719357
1000000,46,899438.0,2000,150.0,100562,899438
2,47,1.0,2,0.15,1,1
3,47,2.0,2,0.15,1,2
100,47,78.0,67,5.05,22,78
200,47,163.0,134,10.05,37,163
2000,47,1698.0,1334,100.05,302,1698
10000,47,8854.0,2000,150.0,1146,8854
20000,47,17855.0,2000,150.0,2145,17855
40000,47,35844.0,2000,150.0,4156,35844
60000,47,53888.0,2000,150.0,6112,53888
80000,47,71977.0,2000,150.0,8023,71977
100000,47,89961.0,2000,150.0,10039,89961
200000,47,179914.0,2000,150.0,20086,179914
400000,47,360175.0,2000,150.0,39825,360175
600000,47,540020.0,2000,150.0,59980,540020
800000,47,720163.0,2000,150.0,79837,720163
1000000,47,900156.0,2000,150.0,99844,900156
2,48,2.0,2,0.15,0,2
3,48,2.0,2,0.15,1,2
100,48,85.0,67,5.05,15,85
200,48,167.0,134,10.05,33,167
2000,48,1716.0,1334,100.05,284,1716
10000,48,8874.0,2000,150.0,1126,8874
20000,48,17899.0,2000,150.0,2101,17899
40000,48,35920.0,2000,150.0,4080,35920
60000,48,53831.0,2000,150.0,6169,53831
80000,48,71849.0,2000,150.0,8151,71849
100000,48,89870.0,2000,150.0,10130,89870
200000,48,179901.0,2000,150.0,20099,179901
400000,48,359888.0,2000,150.0,40112,359888
600000,48,539956.0,2000,150.0,60044,539956
800000,48,720018.0,2000,150.0,79982,720018
1000000,48,900022.0,2000,150.0,99978,900022
2,49,2.0,2,0.15,0,2
3,49,3.0,2,0.15,0,3
100,49,88.0,67,5.05,12,88
200,49,175.0,134,10.05,25,175
2000,49,1694.0,1334,100.05,306,1694
10000,49,8838.0,2000,150.0,1162,8838
20000,49,17817.0,2000,150.0,2183,17817
40000,49,35794.0,2000,150.0,4206,35794
60000,49,53783.0,2000,150.0,6217,53783
80000,49,71795.0,2000,150.0,8205,71795
100000,49,89818.0,2000,150.0,10182,89818
200000,49,179896.0,2000,150.0,20104,179896
400000,49,359724.0,2000,150.0,40276,359724
600000,49,539876.0,2000,150.0,60124,539876
800000,49,720004.0,2000,150.0,79996,720004
1000000,49,900124.0,2000,150.0,99876,900124
2,50,1.0,2,0.15,1,1
3,50,2.0,2,0.15,1,2
100,50,77.0,67,5.05,23,77
200,50,165.0,134,10.05,35,165
2000,50,1694.0,1334,100.05,306,1694
10000,50,8860.0,2000,150.0,1140,8860
20000,50,17857.0,2000,150.0,2143,17857
40000,50,35901.0,2000,150.0,4099,35901
60000,50,53823.0,2000,150.0,6177,53823
80000,50,71780.0,2000,150.0,8220,71780
100000,50,89740.0,2000,150.0,10260,89740
200000,50,179671.0,2000,150.0,20329,179671
400000,50,359513.0,2000,150.0,40487,359513
600000,50,539474.0,2000,150.0,60526,539474
800000,50,719528.0,2000,150.0,80472,719528
1000000,50,899307.0,2000,150.0,100693,899307
2,51,2.0,2,0.15,0,2
3,51,2.0,2,0.15,1,2
100,51,83.0,67,5.05,17,83
200,51,169.0,134,10.05,31,169
2000,51,1692.0,1334,100.05,308,1692
10000,51,8844.0,2000,150.0,1156,8844
20000,51,17843.0,2000,150.0,2157,17843
40000,51,35859.0,2000,150.0,4141,35859
60000,51,53793.0,2000,150.0,6207,53793
80000,51,71765.0,2000,150.0,8235,71765
100000,51,89695.0,2000,150.0,10305,89695
200000,51,179693.0,2000,150.0,20307,179693
400000,51,359691.0,2000,150.0,40309,359691
600000,51,539845.0,2000,150.0,60155,539845
800000,51,719707.0,2000,150.0,80293,719707
1000000,51,900060.0,2000,150.0,99940,900060
2,52,1.0,2,0.15,1,1
3,52,2.0,2,0.15,1,2
100,52,76.0,67,5.05,24,76
200,52,156.0,134,10.05,44,156
2000,52,1688.0,1334,100.05,312,1688
10000,52,8832.0,2000,150.0,1168,8832
20000,52,17838.0,2000,150.0,2162,17838
40000,52,35848.0,2000,150.0,4152,35848
60000,52,53860.0,2000,150.0,6140,53860
80000,52,71858.0,2000,150.0,8142,71858
100000,52,89871.0,2000,150.0,10129,89871
200000,52,179662.0,2000,150.0,20338,179662
400000,52,359784.0,2000,150.0,40216,359784
600000,52,539761.0,2000,150.0,60239,539761
800000,52,719728.0,2000,150.0,80272,719728
1000000,52,899629.0,2000,150.0,100371,899629
2,53,2.0,2,0.15,0,2
3,53,3.0,2,0.15,0,3
100,53,85.0,67,5.05,15,85
200,53,176.0,134,10.05,24,176
2000,53,1693.0,1334,100.05,307,1693
10000,53,8842.0,2000,150.0,1158,8842
20000,53,17850.0,2000,150.0,2150,17850
40000,53,35812.0,2000,150.0,4188,35812
60000,53,53808.0,2000,150.0,6192,53808
80000,53,71819.0,2000,150.0,8181,71819
100000,53,89857.0,2000,150.0,10143,89857
200000,53,179856.0,2000,150.0,20144,179856
400000,53,359939.0,2000,150.0,40061,359939
600000,53,539626.0,2000,150.0,60374,539626
800000,53,719703.0,2000,150.0,80297,719703
1000000,53,899562.0,2000,150.0,100438,899562
2,54,2.0,2,0.15,0,2
3,54,3.0,2,0.15,0,3
100,54,81.0,67,5.05,19,81
200,54,157.0,134,10.05,43,157
2000,54,1667.0,1334,100.05,333,1667
10000,54,8833.0,2000,150.0,1167,8833
20000,54,17824.0,2000,150.0,2176,17824
40000,54,35881.0,2000,150.0,4119,35881
60000,54,53906.0,2000,150.0,6094,53906
80000,54,71936.0,2000,150.0,8064,71936
100000,54,89962.0,2000,150.0,10038,89962
200000,54,179972.0,2000,150.0,20028,179972
400000,54,360155.0,2000,150.0,39845,360155
600000,54,540146.0,2000,150.0,59854,540146
800000,54,720162.0,2000,150.0,79838,720162
1000000,54,900137.0,2000,150.0,99863,900137
2,55,2.0,2,0.15,0,2
3,55,3.0,2,0.15,0,3
100,55,87.0,67,5.05,13,87
200,55,177.0,134,10.05,23,177
2000,55,1686.0,1334,100.05,314,1686
10000,55,8803.0,2000,150.0,1197,8803
20000,55,17814.0,2000,150.0,2186,17814
40000,55,35792.0,2000,150.0,4208,35792
60000,55,53814.0,2000,150.0,6186,53814
80000,55,71732.0,2000,150.0,8268,71732
100000,55,89769.0,2000,150.0,10231,89769
200000,55,179885.0,2000,150.0,20115,179885
400000,55,359961.0,2000,150.0,40039,359961
600000,55,539736.0,2000,150.0,60264,539736
800000,55,719900.0,2000,150.0,80100,719900
1000000,55,899669.0,2000,150.0,100331,899669
2,56,1.0,2,0.15,1,1
3,56,2.0,2,0.15,1,2
100,56,77.0,67,5.05,23,77
200,56,157.0,134,10.05,43,157
2000,56,1669.0,1334,100.05,331,1669
10000,56,8843.0,2000,150.0,1157,8843
20000,56,17807.0,2000,150.0,2193,17807
40000,56,35784.0,2000,150.0,4216,35784
60000,56,53710.0,2000,150.0,6290,53710
80000,56,71713.0,2000,150.0,8287,71713
100000,56,89686.0,2000,150.0,10314,89686
200000,56,179531.0,2000,150.0,20469,179531
400000,56,359586.0,2000,150.0,40414,359586
600000,56,539451.0,2000,150.0,60549,539451
800000,56,719487.0,2000,150.0,80513,719487
1000000,56,899505.0,2000,150.0,100495,899505
2,57,2.0,2,0.15,0,2
3,57,3.0,2,0.15,0,3
100,57,87.0,67,5.05,13,87
200,57,174.0,134,10.05,26,174
2000,57,1721.0,1334,100.05,279,1721
10000,57,8859.0,2000,150.0,1141,8859
20000,57,17860.0,2000,150.0,2140,17860
40000,57,35841.0,2000,150.0,4159,35841
60000,57,53780.0,2000,150.0,6220,53780
80000,57,71763.0,2000,150.0,8237,71763
100000,57,89675.0,2000,150.0,10325,89675
200000,57,179544.0,2000,150.0,20456,179544
400000,57,359577.0,2000,150.0,40423,359577
600000,57,539343.0,2000,150.0,60657,539343
800000,57,719259.0,2000,150.0,80741,719259
1000000,57,899246.0,2000,150.0,100754,899246
2,58,2.0,2,0.15,0,2
3,58,3.0,2,0.15,0,3
100,58,89.0,67,5.05,11,89
200,58,170.0,134,10.05,30,170
2000,58,1701.0,1334,100.05,299,1701
10000,58,8812.0,2000,150.0,1188,8812
20000,58,17805.0,2000,150.0,2195,17805
40000,58,35785.0,2000,150.0,4215,35785
60000,58,53855.0,2000,150.0,6145,53855
80000,58,71879.0,2000,150.0,8121,71879
100000,58,89844.0,2000,150.0,10156,89844
200000,58,179735.0,2000,150.0,20265,179735
400000,58,359877.0,2000,150.0,40123,359877
600000,58,539778.0,2000,150.0,60222,539778
800000,58,720096.0,2000,150.0,79904,720096
1000000,58,899985.0,2000,150.0,100015,899985
2,59,0.0,2,0.15,2,0
3,59,1.0,2,0.15,2,1
100,59,83.0,67,5.05,17,83
200,59,168.0,134,10.05,32,168
2000,59,1702.0,1334,100.05,298,1702
10000,59,8861.0,2000,150.0,1139,8861
20000,59,17875.0,2000,150.0,2125,17875
40000,59,35842.0,2000,150.0,4158,35842
60000,59,53843.0,2000,150.0,6157,53843
80000,59,71873.0,2000,150.0,8127,71873
100000,59,89905.0,2000,150.0,10095,89905
200000,59,179999.0,2000,150.0,20001,179999
400000,59,360097.0,2000,150.0,39903,360097
600000,59,539912.0,2000,150.0,60088,539912
800000,59,719928.0,2000,150.0,80072,719928
1000000,59,899995.0,2000,150.0,100005,899995
2,60,2.0,2,0.15,0,2
3,60,3.0,2,0.15,0,3
100,60,90.0,67,5.05,10,90
200,60,175.0,134,10.05,25,175
2000,60,1680.0,1334,100.05,320,1680
10000,60,8858.0,2000,150.0,1142,8858
20000,60,17846.0,2000,150.0,2154,17846
40000,60,35832.0,2000,150.0,4168,35832
60000,60,53856.0,2000,150.0,6144,53856
80000,60,71807.0,2000,150.0,8193,71807
100000,60,89782.0,2000,150.0,10218,89782
200000,60,179647.0,2000,150.0,20353,179647
400000,60,359564.0,2000,150.0,40436,359564
600000,60,539523.0,2000,150.0,60477,539523
800000,60,719485.0,2000,150.0,80515,719485
1000000,60,899421.0,2000,150.0,100579,899421
2,61,2.0,2,0.15,0,2
3,61,3.0,2,0.15,0,3
100,61,79.0,67,5.05,21,79
200,61,166.0,134,10.05,34,166
2000,61,1697.0,1334,100.05,303,1697
10000,61,8803.0,2000,150.0,1197,8803
20000,61,17795.0,2000,150.0,2205,17795
40000,61,35815.0,2000,150.0,4185,35815
60000,61,53762.0,2000,150.0,6238,53762
80000,61,71738.0,2000,150.0,8262,71738
100000,61,89705.0,2000,150.0,10295,89705
200000,61,179756.0,2000,150.0,20244,179756
400000,61,359794.0,2000,150.0,40206,359794
600000,61,539788.0,2000,150.0,60212,539788
800000,61,720005.0,2000,150.0,79995,720005
1000000,61,899805.0,2000,150.0,100195,899805
2,62,1.0,2,0.15,1,1
3,62,1.0,2,0.15,2,1
100,62,88.0,67,5.05,12,88
200,62,168.0,134,10.05,32,168
2000,62,1705.0,1334,100.05,295,1705
10000,62,8831.0,2000,150.0,1169,8831
20000,62,17794.0,2000,150.0,2206,17794
40000,62,35795.0,2000,150.0,4205,35795
60000,62,53691.0,2000,150.0,6309,53691
80000,62,71703.0,2000,150.0,8297,71703
100000,62,89676.0,2000,150.0,10324,89676
200000,62,179915.0,2000,150.0,20085,179915
400000,62,360035.0,2000,150.0,39965,360035
600000,62,539848.0,2000,150.0,60152,539848
800000,62,719948.0,2000,150.0,80052,719948
1000000,62,899850.0,2000,150.0,100150,899850
2,63,1.0,2,0.15,1,1
3,63,2.0,2,0.15,1,2
100,63,80.0,67,5.05,20,80
200,63,171.0,134,10.05,29,171
2000,63,1707.0,1334,100.05,293,1707
10000,63,8888.0,2000,150.0,1112,8888
20000,63,17898.0,2000,150.0,2102,17898
40000,63,35863.0,2000,150.0,4137,35863
60000,63,53902.0,2000,150.0,6098,53902
80000,63,71907.0,2000,150.0,8093,71907
100000,63,89881.0,2000,150.0,10119,89881
200000,63,179862.0,2000,150.0,20138,179862
400000,63,359783.0,2000,150.0,40217,359783
600000,63,539805.0,2000,150.0,60195,539805
800000,63,720019.0,2000,150.0,79981,720019
1000000,63,899823.0,2000,150.0,100177,899823
2,64,2.0,2,0.15,0,2
3,64,3.0,2,0.15,0,3
100,64,87.0,67,5.05,13,87
200,64,171.0,134,10.05,29,171
2000,64,1696.0,1334,100.05,304,1696
10000,64,8876.0,2000,150.0,1124,8876
20000,64,17882.0,2000,150.0,2118,17882
40000,64,35879.0,2000,150.0,4121,35879
60000,64,53912.0,2000,150.0,6088,53912
80000,64,71922.0,2000,150.0,8078,71922
100000,64,89905.0,2000,150.0,10095,89905
200000,64,179789.0,2000,150.0,20211,179789
400000,64,359673.0,2000,150.0,40327,359673
600000,64,539764.0,2000,150.0,60236,539764
800000,64,719797.0,2000,150.0,80203,719797
1000000,64,899829.0,2000,150.0,100171,899829
2,65,2.0,2,0.15,0,2
3,65,3.0,2,0.15,0,3
100,65,87.0,67,5.05,13,87
200,65,171.0,134,10.05,29,171
2000,65,1694.0,1334,100.05,306,1694
10000,65,8842.0,2000,150.0,1158,8842
20000,65,17871.0,2000,150.0,2129,17871
40000,65,35839.0,2000,150.0,4161,35839
60000,65,53836.0,2000,150.0,6164,53836
80000,65,71840.0,2000,150.0,8160,71840
100000,65,89907.0,2000,150.0,10093,89907
200000,65,179922.0,2000,150.0,20078,179922
400000,65,359719.0,2000,150.0,40281,359719
600000,65,539729.0,2000,150.0,60271,539729
800000,65,719919.0,2000,150.0,80081,719919
1000000,65,899900.0,2000,150.0,100100,899900
2,66,2.0,2,0.15,0,2
3,66,3.0,2,0.15,0,3
100,66,87.0,67,5.05,13,87
200,66,174.0,134,10.05,26,174
2000,66,1672.0,1334,100.05,328,1672
10000,66,8793.0,2000,150.0,1207,8793
20000,66,17796.0,2000,150.0,2204,17796
40000,66,35865.0,2000,150.0,4135,35865
60000,66,53909.0,2000,150.0,6091,53909
80000,66,71957.0,2000,150.0,8043,71957
100000,66,89957.0,2000,150.0,10043,89957
200000,66,180068.0,2000,150.0,19932,180068
400000,66,360207.0,2000,150.0,39793,360207
600000,66,540369.0,2000,150.0,59631,540369
800000,66,720216.0,2000,150.0,79784,720216
1000000,66,900278.0,2000,150.0,99722,900278
2,67,1.0,2,0.15,1,1
3,67,2.0,2,0.15,1,2
100,67,87.0,67,5.05,13,87
200,67,172.0,134,10.05,28,172
2000,67,1686.0,1334,100.05,314,1686
10000,67,8836.0,2000,150.0,1164,8836
20000,67,17818.0,2000,150.0,2182,17818
40000,67,35870.0,2000,150.0,4130,35870
60000,67,53893.0,2000,150.0,6107,53893
80000,67,71935.0,2000,150.0,8065,71935
100000,67,89910.0,2000,150.0,10090,89910
200000,67,179899.0,2000,150.0,20101,179899
400000,67,359806.0,2000,150.0,40194,359806
600000,67,539983.0,2000,150.0,60017,539983
800000,67,719951.0,2000,150.0,80049,719951
1000000,67,900087.0,2000,150.0,99913,900087
2,68,2.0,2,0.15,0,2
3,68,3.0,2,0.15,0,3
100,68,86.0,67,5.05,14,86
200,68,170.0,134,10.05,30,170
2000,68,1700.0,1334,100.05,300,1700
10000,68,8842.0,2000,150.0,1158,8842
20000,68,17868.0,2000,150.0,2132,17868
40000,68,35845.0,2000,150.0,4155,35845
60000,68,53813.0,2000,150.0,6187,53813
80000,68,71821.0,2000,150.0,8179,71821
100000,68,89832.0,2000,150.0,10168,89832
200000,68,179910.0,2000,150.0,20090,179910
400000,68,359773.0,2000,150.0,40227,359773
600000,68,539647.0,2000,150.0,60353,539647
800000,68,719647.0,2000,150.0,80353,719647
1000000,68,899460.0,2000,150.0,100540,899460
2,69,2.0,2,0.15,0,2
3,69,3.0,2,0.15,0,3
100,69,87.0,67,5.05,13,87
200,69,174.0,134,10.05,26,174
2000,69,1713.0,1334,100.05,287,1713
10000,69,8833.0,2000,150.0,1167,8833
20000,69,17882.0,2000,150.0,2118,17882
40000,69,35930.0,2000,150.0,4070,35930
60000,69,53849.0,2000,150.0,6151,53849
80000,69,71859.0,2000,150.0,8141,71859
100000,69,89857.0,2000,150.0,10143,89857
200000,69,179928.0,2000,150.0,20072,179928
400000,69,359785.0,2000,150.0,40215,359785
600000,69,539734.0,2000,150.0,60266,539734
800000,69,719696.0,2000,150.0,80304,719696
1000000,69,899555.0,2000,150.0,100445,899555
2,70,2.0,2,0.15,0,2
3,70,3.0,2,0.15,0,3
100,70,86.0,67,5.05,14,86
200,70,173.0,134,10.05,27,173
2000,70,1682.0,1334,100.05,318,1682
10000,70,8824.0,2000,150.0,1176,8824
20000,70,17836.0,2000,150.0,2164,17836
40000,70,35826.0,2000,150.0,4174,35826
60000,70,53857.0,2000,150.0,6143,53857
80000,70,71940.0,2000,150.0,8060,71940
100000,70,89983.0,2000,150.0,10017,89983
200000,70,179885.0,2000,150.0,20115,179885
400000,70,360081.0,2000,150.0,39919,360081
600000,70,540144.0,2000,150.0,59856,540144
800000,70,720101.0,2000,150.0,79899,720101
1000000,70,900236.0,2000,150.0,99764,900236
2,71,2.0,2,0.15,0,2
3,71,3.0,2,0.15,0,3
100,71,91.0,67,5.05,9,91
200,71,173.0,134,10.05,27,173
2000,71,1707.0,1334,100.05,293,1707
10000,71,8823.0,2000,150.0,1177,8823
20000,71,17834.0,2000,150.0,2166,17834
40000,71,35809.0,2000,150.0,4191,35809
60000,71,53843.0,2000,150.0,6157,53843
80000,71,71897.0,2000,150.0,8103,71897
100000,71,89883.0,2000,150.0,10117,89883
200000,71,179848.0,2000,150.0,20152,179848
400000,71,359857.0,2000,150.0,40143,359857
600000,71,539972.0,2000,150.0,60028,539972
800000,71,719916.0,2000,150.0,80084,719916
1000000,71,899880.0,2000,150.0,100120,899880
2,72,2.0,2,0.15,0,2
3,72,3.0,2,0.15,0,3
100,72,88.0,67,5.05,12,88
200,72,173.0,134,10.05,27,173
2000,72,1716.0,1334,100.05,284,1716
10000,72,8839.0,2000,150.0,1161,8839
20000,72,17858.0,2000,150.0,2142,17858
40000,72,35874.0,2000,150.0,4126,35874
60000,72,53894.0,2000,150.0,6106,53894
80000,72,71929.0,2000,150.0,8071,71929
100000,72,89928.0,2000,150.0,10072,89928
200000,72,179773.0,2000,150.0,20227,179773
400000,72,359743.0,2000,150.0,40257,359743
600000,72,539970.0,2000,150.0,60030,539970
800000,72,719919.0,2000,150.0,80081,719919
1000000,72,899846.0,2000,150.0,100154,899846
2,73,2.0,2,0.15,0,2
3,73,3.0,2,0.15,0,3
100,73,84.0,67,5.05,16,84
200,73,169.0,134,10.05,31,169
2000,73,1682.0,1334,100.05,318,1682
10000,73,8843.0,2000,150.0,1157,8843
20000,73,17846.0,2000,150.0,2154,17846
40000,73,35881.0,2000,150.0,4119,35881
60000,73,53892.0,2000,150.0,6108,53892
80000,73,71979.0,2000,150.0,8021,71979
100000,73,89966.0,2000,150.0,10034,89966
200000,73,180075.0,2000,150.0,19925,180075
400000,73,360175.0,2000,150.0,39825,360175
600000,73,540246.0,2000,150.0,59754,540246
800000,73,720309.0,2000,150.0,79691,720309
1000000,73,900148.0,2000,150.0,99852,900148
2,74,2.0,2,0.15,0,2
3,74,3.0,2,0.15,0,3
100,74,82.0,67,5.05,18,82
200,74,170.0,134,10.05,30,170
2000,74,1681.0,1334,100.05,319,1681
10000,74,8816.0,2000,150.0,1184,8816
20000,74,17841.0,2000,150.0,2159,17841
40000,74,35815.0,2000,150.0,4185,35815
60000,74,53835.0,2000,150.0,6165,53835
80000,74,71913.0,2000,150.0,8087,71913
100000,74,89984.0,2000,150.0,10016,89984
200000,74,179991.0,2000,150.0,20009,179991
400000,74,360159.0,2000,150.0,39841,360159
600000,74,540077.0,2000,150.0,59923,540077
800000,74,720052.0,2000,150.0,79948,720052
1000000,74,900012.0,2000,150.0,99988,900012
2,75,2.0,2,0.15,0,2
3,75,3.0,2,0.15,0,3
100,75,86.0,67,5.05,14,86
200,75,170.0,134,10.05,30,170
2000,75,1716.0,1334,100.05,284,1716
10000,75,8887.0,2000,150.0,1113,8887
20000,75,17877.0,2000,150.0,2123,17877
40000,75,35875.0,2000,150.0,4125,35875
60000,75,53911.0,2000,150.0,6089,53911
80000,75,71918.0,2000,150.0,8082,71918
100000,75,89871.0,2000,150.0,10129,89871
200000,75,179727.0,2000,150.0,20273,179727
400000,75,359420.0,2000,150.0,40580,359420
600000,75,539626.0,2000,150.0,60374,539626
800000,75,719473.0,2000,150.0,80527,719473
1000000,75,899416.0,2000,150.0,100584,899416
2,76,2.0,2,0.15,0,2
3,76,2.0,2,0.15,1,2
100,76,86.0,67,5.05,14,86
200,76,167.0,134,10.05,33,167
2000,76,1700.0,1334,100.05,300,1700
10000,76,8860.0,2000,150.0,1140,8860
20000,76,17800.0,2000,150.0,2200,17800
40000,76,35796.0,2000,150.0,4204,35796
60000,76,53870.0,2000,150.0,6130,53870
80000,76,71863.0,2000,150.0,8137,71863
100000,76,89822.0,2000,150.0,10178,89822
200000,76,179897.0,2000,150.0,20103,179897
400000,76,359954.0,2000,150.0,40046,359954
600000,76,540069.0,2000,150.0,59931,540069
800000,76,720015.0,2000,150.0,79985,720015
1000000,76,899899.0,2000,150.0,100101,899899
2,77,2.0,2,0.15,0,2
3,77,3.0,2,0.15,0,3
100,77,86.0,67,5.05,14,86
200,77,172.0,134,10.05,28,172
2000,77,1698.0,1334,100.05,302,1698
10000,77,8884.0,2000,150.0,1116,8884
20000,77,17931.0,2000,150.0,2069,17931
40000,77,35938.0,2000,150.0,4062,35938
60000,77,53932.0,2000,150.0,6068,53932
80000,77,71930.0,2000,150.0,8070,71930
100000,77,89911.0,2000,150.0,10089,89911
200000,77,179866.0,2000,150.0,20134,179866
400000,77,359778.0,2000,150.0,40222,359778
600000,77,539704.0,2000,150.0,60296,539704
800000,77,719763.0,2000,150.0,80237,719763
1000000,77,899634.0,2000,150.0,100366,899634
2,78,2.0,2,0.15,0,2
3,78,3.0,2,0.15,0,3
100,78,87.0,67,5.05,13,87
200,78,176.0,134,10.05,24,176
2000,78,1705.0,1334,100.05,295,1705
10000,78,8833.0,2000,150.0,1167,8833
20000,78,17832.0,2000,150.0,2168,17832
40000,78,35786.0,2000,150.0,4214,35786
60000,78,53817.0,2000,150.0,6183,53817
80000,78,71864.0,2000,150.0,8136,71864
100000,78,89892.0,2000,150.0,10108,89892
200000,78,179969.0,2000,150.0,20031,179969
400000,78,360020.0,2000,150.0,39980,360020
600000,78,540130.0,2000,150.0,59870,540130
800000,78,719786.0,2000,150.0,80214,719786
1000000,78,899807.0,2000,150.0,100193,899807
2,79,1.0,2,0.15,1,1
3,79,2.0,2,0.15,1,2
100,79,83.0,67,5.05,17,83
200,79,169.0,134,10.05,31,169
2000,79,1707.0,1334,100.05,293,1707
10000,79,8840.0,2000,150.0,1160,8840
20000,79,17823.0,2000,150.0,2177,17823
40000,79,35753.0,2000,150.0,4247,35753
60000,79,53747.0,2000,150.0,6253,53747
80000,79,71779.0,2000,150.0,8221,71779
100000,79,89809.0,2000,150.0,10191,89809
200000,79,179607.0,2000,150.0,20393,179607
400000,79,359629.0,2000,150.0,40371,359629
600000,79,539776.0,2000,150.0,60224,539776
800000,79,719655.0,2000,150.0,80345,719655
1000000,79,899487.0,2000,150.0,100513,899487
2,80,2.0,2,0.15,0,2
3,80,3.0,2,0.15,0,3
100,80,94.0,67,5.05,6,94
200,80,178.0,134,10.05,22,178
2000,80,1701.0,1334,100.05,299,1701
10000,80,8833.0,2000,150.0,1167,8833
20000,80,17815.0,2000,150.0,2185,17815
40000,80,35842.0,2000,150.0,4158,35842
60000,80,53824.0,2000,150.0,6176,53824
80000,80,71784.0,2000,150.0,8216,71784
100000,80,89849.0,2000,150.0,10151,89849
200000,80,179885.0,2000,150.0,20115,179885
400000,80,359924.0,2000,150.0,40076,359924
600000,80,539888.0,2000,150.0,60112,539888
800000,80,720004.0,2000,150.0,79996,720004
1000000,80,899881.0,2000,150.0,100119,899881
2,81,2.0,2,0.15,0,2
3,81,3.0,2,0.15,0,3
100,81,76.0,67,5.05,24,76
200,81,163.0,134,10.05,37,163
2000,81,1682.0,1334,100.05,318,1682
10000,81,8850.0,2000,150.0,1150,8850
20000,81,17818.0,2000,150.0,2182,17818
40000,81,35724.0,2000,150.0,4276,35724
60000,81,53632.0,2000,150.0,6368,53632
80000,81,71676.0,2000,150.0,8324,71676
100000,81,89727.0,2000,150.0,10273,89727
200000,81,179651.0,2000,150.0,20349,179651
400000,81,359353.0,2000,150.0,40647,359353
600000,81,539299.0,2000,150.0,60701,539299
800000,81,719457.0,2000,150.0,80543,719457
1000000,81,899474.0,2000,150.0,100526,899474
2,82,2.0,2,0.15,0,2
3,82,3.0,2,0.15,0,3
100,82,81.0,67,5.05,19,81
200,82,164.0,134,10.05,36,164
2000,82,1717.0,1334,100.05,283,1717
10000,82,8847.0,2000,150.0,1153,8847
20000,82,17799.0,2000,150.0,2201,17799
40000,82,35774.0,2000,150.0,4226,35774
60000,82,53782.0,2000,150.0,6218,53782
80000,82,71780.0,2000,150.0,8220,71780
100000,82,89720.0,2000,150.0,10280,89720
200000,82,179800.0,2000,150.0,20200,179800
400000,82,359898.0,2000,150.0,40102,359898
600000,82,539651.0,2000,150.0,60349,539651
800000,82,719369.0,2000,150.0,80631,719369
1000000,82,899295.0,2000,150.0,100705,899295
2,83,1.0,2,0.15,1,1
3,83,2.0,2,0.15,1,2
100,83,88.0,67,5.05,12,88
200,83,170.0,134,10.05,30,170
2000,83,1679.0,1334,100.05,321,1679
10000,83,8789.0,2000,150.0,1211,8789
20000,83,17804.0,2000,150.0,2196,17804
40000,83,35785.0,2000,150.0,4215,35785
60000,83,53790.0,2000,150.0,6210,53790
80000,83,71789.0,2000,150.0,8211,71789
100000,83,89816.0,2000,150.0,10184,89816
200000,83,179832.0,2000,150.0,20168,179832
400000,83,359879.0,2000,150.0,40121,359879
600000,83,539757.0,2000,150.0,60243,539757
800000,83,719676.0,2000,150.0,80324,719676
1000000,83,899714.0,2000,150.0,100286,899714
2,84,2.0,2,0.15,0,2
3,84,3.0,2,0.15,0,3
100,84,83.0,67,5.05,17,83
200,84,170.0,134,10.05,30,170
2000,84,1703.0,1334,100.05,297,1703
10000,84,8833.0,2000,150.0,1167,8833
20000,84,17755.0,2000,150.0,2245,17755
40000,84,35777.0,2000,150.0,4223,35777
60000,84,53739.0,2000,150.0,6261,53739
80000,84,71737.0,2000,150.0,8263,71737
100000,84,89765.0,2000,150.0,10235,89765
200000,84,179815.0,2000,150.0,20185,179815
400000,84,359796.0,2000,150.0,40204,359796
600000,84,539879.0,2000,150.0,60121,539879
800000,84,719761.0,2000,150.0,80239,719761
1000000,84,899520.0,2000,150.0,100480,899520
2,85,2.0,2,0.15,0,2
3,85,2.0,2,0.15,1,2
100,85,88.0,67,5.05,12,88
200,85,176.0,134,10.05,24,176
2000,85,1704.0,1334,100.05,296,1704
10000,85,8866.0,2000,150.0,1134,8866
20000,85,17877.0,2000,150.0,2123,17877
40000,85,35858.0,2000,150.0,4142,35858
60000,85,53895.0,2000,150.0,6105,53895
80000,85,71862.0,2000,150.0,8138,71862
100000,85,89909.0,2000,150.0,10091,89909
200000,85,179964.0,2000,150.0,20036,179964
400000,85,359993.0,2000,150.0,40007,359993
600000,85,539982.0,2000,150.0,60018,539982
800000,85,719830.0,2000,150.0,80170,719830
1000000,85,899791.0,2000,150.0,100209,899791
2,86,2.0,2,0.15,0,2
3,86,3.0,2,0.15,0,3
100,86,87.0,67,5.05,13,87
200,86,169.0,134,10.05,31,169
2000,86,1710.0,1334,100.05,290,1710
10000,86,8876.0,2000,150.0,1124,8876
20000,86,17844.0,2000,150.0,2156,17844
40000,86,35795.0,2000,150.0,4205,35795
60000,86,53844.0,2000,150.0,6156,53844
80000,86,71844.0,2000,150.0,8156,71844
100000,86,89836.0,2000,150.0,10164,89836
200000,86,179686.0,2000,150.0,20314,179686
400000,86,359613.0,2000,150.0,40387,359613
600000,86,539591.0,2000,150.0,60409,539591
800000,86,719578.0,2000,150.0,80422,719578
1000000,86,899439.0,2000,150.0,100561,899439
2,87,2.0,2,0.15,0,2
3,87,3.0,2,0.15,0,3
100,87,90.0,67,5.05,10,90
200,87,175.0,134,10.05,25,175
2000,87,1700.0,1334,100.05,300,1700
10000,87,8821.0,2000,150.0,1179,8821
20000,87,17831.0,2000,150.0,2169,17831
40000,87,35817.0,2000,150.0,4183,35817
60000,87,53752.0,2000,150.0,6248,53752
80000,87,71734.0,2000,150.0,8266,71734
100000,87,89700.0,2000,150.0,10300,89700
200000,87,179812.0,2000,150.0,20188,179812
400000,87,359732.0,2000,150.0,40268,359732
600000,87,539773.0,2000,150.0,60227,539773
800000,87,719736.0,2000,150.0,80264,719736
1000000,87,899673.0,2000,150.0,100327,899673
2,88,2.0,2,0.15,0,2
3,88,2.0,2,0.15,1,2
100,88,83.0,67,5.05,17,83
200,88,165.0,134,10.05,35,165
2000,88,1691.0,1334,100.05,309,1691
10000,88,8876.0,2000,150.0,1124,8876
20000,88,17878.0,2000,150.0,2122,17878
40000,88,35892.0,2000,150.0,4108,35892
60000,88,53969.0,2000,150.0,6031,53969
80000,88,71994.0,2000,150.0,8006,71994
100000,88,90015.0,2000,150.0,9985,90015
200000,88,180120.0,2000,150.0,19880,180120
400000,88,360126.0,2000,150.0,39874,360126
600000,88,540083.0,2000,150.0,59917,540083
800000,88,719969.0,2000,150.0,80031,719969
1000000,88,899821.0,2000,150.0,100179,899821
2,89,2.0,2,0.15,0,2
3,89,3.0,2,0.15,0,3
100,89,88.0,67,5.05,12,88
200,89,174.0,134,10.05,26,174
2000,89,1696.0,1334,100.05,304,1696
10000,89,8886.0,2000,150.0,1114,8886
20000,89,17843.0,2000,150.0,2157,17843
40000,89,35868.0,2000,150.0,4132,35868
60000,89,53802.0,2000,150.0,6198,53802
80000,89,71786.0,2000,150.0,8214,71786
100000,89,89753.0,2000,150.0,10247,89753
200000,89,179838.0,2000,150.0,20162,179838
400000,89,359888.0,2000,150.0,40112,359888
600000,89,539760.0,2000,150.0,60240,539760
800000,89,719884.0,2000,150.0,80116,719884
1000000,89,899878.0,2000,150.0,100122,899878
2,90,2.0,2,0.15,0,2
3,90,3.0,2,0.15,0,3
100,90,86.0,67,5.05,14,86
200,90,170.0,134,10.05,30,170
2000,90,1696.0,1334,100.05,304,1696
10000,90,8874.0,2000,150.0,1126,8874
20000,90,17822.0,2000,150.0,2178,17822
40000,90,35899.0,2000,150.0,4101,35899
60000,90,53921.0,2000,150.0,6079,53921
80000,90,71880.0,2000,150.0,8120,71880
100000,90,89846.0,2000,150.0,10154,89846
200000,90,179732.0,2000,150.0,20268,179732
400000,90,359627.0,2000,150.0,40373,359627
600000,90,539786.0,2000,150.0,60214,539786
800000,90,719758.0,2000,150.0,80242,719758
1000000,90,899917.0,2000,150.0,100083,899917
2,91,1.0,2,0.15,1,1
3,91,2.0,2,0.15,1,2
100,91,82.0,67,5.05,18,82
200,91,167.0,134,10.05,33,167
2000,91,1695.0,1334,100.05,305,1695
10000,91,8821.0,2000,150.0,1179,8821
20000,91,17849.0,2000,150.0,2151,17849
40000,91,35899.0,2000,150.0,4101,35899
60000,91,53906.0,2000,150.0,6094,53906
80000,91,71967.0,2000,150.0,8033,71967
100000,91,90009.0,2000,150.0,9991,90009
200000,91,179995.0,2000,150.0,20005,179995
400000,91,359851.0,2000,150.0,40149,359851
600000,91,539969.0,2000,150.0,60031,539969
800000,91,719982.0,2000,150.0,80018,719982
1000000,91,900026.0,2000,150.0,99974,900026
2,92,2.0,2,0.15,0,2
3,92,3.0,2,0.15,0,3
100,92,83.0,67,5.05,17,83
200,92,170.0,134,10.05,30,170
2000,92,1708.0,1334,100.05,292,1708
10000,92,8848.0,2000,150.0,1152,8848
20000,92,17858.0,2000,150.0,2142,17858
40000,92,35912.0,2000,150.0,4088,35912
60000,92,53943.0,2000,150.0,6057,53943
80000,92,71913.0,2000,150.0,8087,71913
100000,92,89867.0,2000,150.0,10133,89867
200000,92,179902.0,2000,150.0,20098,179902
400000,92,359974.0,2000,150.0,40026,359974
600000,92,539938.0,2000,150.0,60062,539938
800000,92,719699.0,2000,150.0,80301,719699
1000000,92,899729.0,2000,150.0,100271,899729
2,93,2.0,2,0.15,0,2
3,93,3.0,2,0.15,0,3
100,93,88.0,67,5.05,12,88
200,93,176.0,134,10.05,24,176
2000,93,1694.0,1334,100.05,306,1694
10000,93,8891.0,2000,150.0,1109,8891
20000,93,17906.0,2000,150.0,2094,17906
40000,93,35973.0,2000,150.0,4027,35973
60000,93,53992.0,2000,150.0,6008,53992
80000,93,72020.0,2000,150.0,7980,72020
100000,93,90046.0,2000,150.0,9954,90046
200000,93,179994.0,2000,150.0,20006,179994
400000,93,360104.0,2000,150.0,39896,360104
600000,93,539935.0,2000,150.0,60065,539935
800000,93,719747.0,2000,150.0,80253,719747
1000000,93,899667.0,2000,150.0,100333,899667
2,94,1.0,2,0.15,1,1
3,94,2.0,2,0.15,1,2
100,94,80.0,67,5.05,20,80
200,94,168.0,134,10.05,32,168
2000,94,1689.0,1334,100.05,311,1689
10000,94,8807.0,2000,150.0,1193,8807
20000,94,17820.0,2000,150.0,2180,17820
40000,94,35793.0,2000,150.0,4207,35793
60000,94,53765.0,2000,150.0,6235,53765
80000,94,71735.0,2000,150.0,8265,71735
100000,94,89739.0,2000,150.0,10261,89739
200000,94,179633.0,2000,150.0,20367,179633
400000,94,359578.0,2000,150.0,40422,359578
600000,94,539698.0,2000,150.0,60302,539698
800000,94,719558.0,2000,150.0,80442,719558
1000000,94,899529.0,2000,150.0,100471,899529
2,95,1.0,2,0.15,1,1
3,95,2.0,2,0.15,1,2
100,95,82.0,67,5.05,18,82
200,95,169.0,134,10.05,31,169
2000,95,1708.0,1334,100.05,292,1708
10000,95,8851.0,2000,150.0,1149,8851
20000,95,17906.0,2000,150.0,2094,17906
40000,95,35886.0,2000,150.0,4114,35886
60000,95,53840.0,2000,150.0,6160,53840
80000,95,71919.0,2000,150.0,8081,71919
100000,95,89923.0,2000,150.0,10077,89923
200000,95,179811.0,2000,150.0,20189,179811
400000,95,359811.0,2000,150.0,40189,359811
600000,95,539927.0,2000,150.0,60073,539927
800000,95,719729.0,2000,150.0,80271,719729
1000000,95,899754.0,2000,150.0,100246,899754
2,96,1.0,2,0.15,1,1
3,96,2.0,2,0.15,1,2
100,96,86.0,67,5.05,14,86
200,96,180.0,134,10.05,20,180
2000,96,1715.0,1334,100.05,285,1715
10000,96,8866.0,2000,150.0,1134,8866
20000,96,17901.0,2000,150.0,2099,17901
40000,96,35922.0,2000,150.0,4078,35922
60000,96,53904.0,2000,150.0,6096,53904
80000,96,71877.0,2000,150.0,8123,71877
100000,96,89890.0,2000,150.0,10110,89890
200000,96,179938.0,2000,150.0,20062,179938
400000,96,359987.0,2000,150.0,40013,359987
600000,96,540047.0,2000,150.0,59953,540047
800000,96,719698.0,2000,150.0,80302,719698
1000000,96,899778.0,2000,150.0,100222,899778
2,97,2.0,2,0.15,0,2
3,97,3.0,2,0.15,0,3
100,97,88.0,67,5.05,12,88
200,97,174.0,134,10.05,26,174
2000,97,1694.0,1334,100.05,306,1694
10000,97,8850.0,2000,150.0,1150,8850
20000,97,17859.0,2000,150.0,2141,17859
40000,97,35839.0,2000,150.0,4161,35839
60000,97,53873.0,2000,150.0,6127,53873
80000,97,71825.0,2000,150.0,8175,71825
100000,97,89860.0,2000,150.0,10140,89860
200000,97,179922.0,2000,150.0,20078,179922
400000,97,359752.0,2000,150.0,40248,359752
600000,97,539735.0,2000,150.0,60265,539735
800000,97,719927.0,2000,150.0,80073,719927
1000000,97,899949.0,2000,150.0,100051,899949
2,98,2.0,2,0.15,0,2
3,98,3.0,2,0.15,0,3
100,98,90.0,67,5.05,10,90
200,98,173.0,134,10.05,27,173
2000,98,1698.0,1334,100.05,302,1698
10000,98,8842.0,2000,150.0,1158,8842
20000,98,17822.0,2000,150.0,2178,17822
40000,98,35815.0,2000,150.0,4185,35815
60000,98,53789.0,2000,150.0,6211,53789
80000,98,71814.0,2000,150.0,8186,71814
100000,98,89809.0,2000,150.0,10191,89809
200000,98,179786.0,2000,150.0,20214,179786
400000,98,359776.0,2000,150.0,40224,359776
600000,98,539688.0,2000,150.0,60312,539688
800000,98,719787.0,2000,150.0,80213,719787
1000000,98,899911.0,2000,150.0,100089,899911
2,99,1.0,2,0.15,1,1
3,99,2.0,2,0.15,1,2
100,99,88.0,67,5.05,12,88
200,99,169.0,134,10.05,31,169
2000,99,1690.0,1334,100.05,310,1690
10000,99,8844.0,2000,150.0,1156,8844
20000,99,17876.0,2000,150.0,2124,17876
40000,99,35828.0,2000,150.0,4172,35828
60000,99,53783.0,2000,150.0,6217,53783
80000,99,71871.0,2000,150.0,8129,71871
100000,99,89876.0,2000,150.0,10124,89876
200000,99,179966.0,2000,150.0,20034,179966
400000,99,360018.0,2000,150.0,39982,360018
600000,99,539785.0,2000,150.0,60215,539785
800000,99,719833.0,2000,150.0,80167,719833
1000000,99,899965.0,2000,150.0,100035,899965
2,100,1.0,2,0.15,1,1
3,100,2.0,2,0.15,1,2
100,100,79.0,67,5.05,21,79
200,100,166.0,134,10.05,34,166
2000,100,1709.0,1334,100.05,291,1709
10000,100,8833.0,2000,150.0,1167,8833
20000,100,17863.0,2000,150.0,2137,17863
40000,100,35819.0,2000,150.0,4181,35819
60000,100,53842.0,2000,150.0,6158,53842
80000,100,71868.0,2000,150.0,8132,71868
100000,100,89885.0,2000,150.0,10115,89885
200000,100,179736.0,2000,150.0,20264,179736
400000,100,359614.0,2000,150.0,40386,359614
600000,100,539557.0,2000,150.0,60443,539557
800000,100,719618.0,2000,150.0,80382,719618
1000000,100,899620.0,2000,150.0,100380,899620
