Timestep,Iteration,Total Reward,Suboptimal Arms,Total Regret,Zeros Count,Ones Count
2,1,2.0,1,0.05,0,2
3,1,3.0,2,0.14,0,3
100,1,81.0,68,4.66,19,81
200,1,166.0,133,8.93,34,166
2000,1,1708.0,1001,68.15,292,1708
10000,1,8749.0,3156,192.77,1251,8749
20000,1,17554.0,5655,324.68,2446,17554
40000,1,35453.0,7419,423.91,4547,35453
60000,1,53340.0,8505,484.43,6660,53340
80000,1,71082.0,9770,550.6,8918,71082
10000,1,8749.0,3156,192.77,1251,8749
2,2,2.0,1,0.05,0,2
3,2,3.0,2,0.14,0,3
100,2,86.0,64,4.58,14,86
200,2,170.0,127,9.06,30,170
2000,2,1719.0,1078,71.46,281,1719
10000,2,8771.0,3142,196.14,1229,8771
20000,2,17623.0,4674,277.18,2377,17623
40000,2,35446.0,6508,388.96,4554,35446
60000,2,53313.0,7686,451.07,6687,53313
80000,2,71145.0,8480,505.8,8855,71145
10000,2,8771.0,3142,196.14,1229,8771
2,3,2.0,1,0.05,0,2
3,3,3.0,2,0.14,0,3
100,3,86.0,64,4.48,14,86
200,3,170.0,130,8.85,30,170
2000,3,1742.0,945,61.38,258,1742
10000,3,8747.0,3077,181.51,1253,8747
20000,3,17571.0,4853,280.18,2429,17571
40000,3,35448.0,6168,348.76,4552,35448
60000,3,53251.0,7377,413.27,6749,53251
80000,3,71137.0,8221,455.6,8863,71137
10000,3,8747.0,3077,181.51,1253,8747
2,4,2.0,1,0.05,0,2
3,4,3.0,2,0.14,0,3
100,4,83.0,64,4.38,17,83
200,4,173.0,124,8.58,27,173
2000,4,1703.0,1108,75.11,297,1703
10000,4,8692.0,3753,228.43,1308,8692
20000,4,17591.0,5084,302.13,2409,17591
40000,4,35381.0,6954,399.13,4619,35381
60000,4,53134.0,8953,501.24,6866,53134
80000,4,70973.0,9546,535.07,9027,70973
10000,4,8692.0,3753,228.43,1308,8692
2,5,2.0,1,0.05,0,2
3,5,3.0,2,0.14,0,3
100,5,84.0,63,4.23,16,84
200,5,165.0,124,8.38,35,165
2000,5,1720.0,979,63.26,280,1720
10000,5,8708.0,3461,208.74,1292,8708
20000,5,17561.0,4971,292.24,2439,17561
40000,5,35440.0,6239,362.76,4560,35440
60000,5,53221.0,7177,413.02,6779,53221
80000,5,71114.0,7846,448.07,8886,71114
10000,5,8708.0,3461,208.74,1292,8708
2,6,1.0,1,0.05,1,1
3,6,2.0,2,0.14,1,2
100,6,83.0,69,4.9,17,83
200,6,165.0,135,9.52,35,165
2000,6,1742.0,1019,68.56,258,1742
10000,6,8744.0,3387,222.96,1256,8744
20000,6,17620.0,5004,315.08,2380,17620
40000,6,35375.0,7173,438.94,4625,35375
60000,6,53260.0,8230,498.7,6740,53260
80000,6,71145.0,9163,549.04,8855,71145
10000,6,8744.0,3387,222.96,1256,8744
2,7,2.0,1,0.05,0,2
3,7,3.0,2,0.14,0,3
100,7,85.0,61,4.24,15,85
200,7,170.0,121,8.39,30,170
2000,7,1710.0,1024,66.88,290,1710
10000,7,8717.0,3275,217.37,1283,8717
20000,7,17606.0,4671,296.39,2394,17606
40000,7,35314.0,6411,401.5,4686,35314
60000,7,53173.0,7412,465.04,6827,53173
80000,7,70957.0,8486,523.42,9043,70957
10000,7,8717.0,3275,217.37,1283,8717
2,8,2.0,1,0.05,0,2
3,8,3.0,2,0.14,0,3
100,8,89.0,60,4.25,11,89
200,8,181.0,118,8.11,19,181
2000,8,1735.0,980,64.05,265,1735
10000,8,8753.0,3516,227.12,1247,8753
20000,8,17657.0,4715,299.72,2343,17657
40000,8,35486.0,6152,382.89,4514,35486
60000,8,53321.0,8032,483.69,6679,53321
80000,8,71172.0,8987,532.87,8828,71172
10000,8,8753.0,3516,227.12,1247,8753
2,9,2.0,1,0.05,0,2
3,9,3.0,2,0.14,0,3
100,9,88.0,62,4.34,12,88
200,9,175.0,125,8.52,25,175
2000,9,1696.0,1147,72.12,304,1696
10000,9,8752.0,3298,195.91,1248,8752
20000,9,17625.0,4977,290.71,2375,17625
40000,9,35456.0,6790,399.9,4544,35456
60000,9,53297.0,8461,489.3,6703,53297
80000,9,71112.0,9461,541.55,8888,71112
10000,9,8752.0,3298,195.91,1248,8752
2,10,1.0,1,0.05,1,1
3,10,2.0,2,0.14,1,2
100,10,88.0,67,4.81,12,88
200,10,170.0,127,9.16,30,170
2000,10,1724.0,1062,72.09,276,1724
10000,10,8685.0,3948,242.26,1315,8685
20000,10,17545.0,5693,344.64,2455,17545
40000,10,35278.0,7527,453.97,4722,35278
60000,10,53030.0,9369,553.71,6970,53030
80000,10,70867.0,10306,607.62,9133,70867
10000,10,8685.0,3948,242.26,1315,8685
2,11,2.0,1,0.05,0,2
3,11,3.0,2,0.14,0,3
100,11,87.0,63,4.33,13,87
200,11,175.0,119,7.9,25,175
2000,11,1717.0,979,65.11,283,1717
10000,11,8712.0,3179,197.6,1288,8712
20000,11,17575.0,4539,282.6,2425,17575
40000,11,35385.0,6182,379.49,4615,35385
60000,11,53186.0,7760,459.25,6814,53186
80000,11,70978.0,8211,482.4,9022,70978
10000,11,8712.0,3179,197.6,1288,8712
2,12,2.0,1,0.05,0,2
3,12,3.0,2,0.14,0,3
100,12,85.0,67,4.61,15,85
200,12,169.0,129,8.8,31,169
2000,12,1720.0,1097,73.17,280,1720
10000,12,8724.0,3750,238.25,1276,8724
20000,12,17598.0,5641,340.0,2402,17598
40000,12,35497.0,7792,454.64,4503,35497
60000,12,53266.0,8938,520.01,6734,53266
80000,12,71091.0,9913,574.99,8909,71091
10000,12,8724.0,3750,238.25,1276,8724
2,13,2.0,1,0.05,0,2
3,13,3.0,2,0.14,0,3
100,13,86.0,64,4.48,14,86
200,13,168.0,128,9.06,32,168
2000,13,1696.0,1052,71.74,304,1696
10000,13,8740.0,3329,209.25,1260,8740
20000,13,17606.0,4783,294.83,2394,17606
40000,13,35454.0,6148,376.26,4546,35454
60000,13,53240.0,6983,422.54,6760,53240
80000,13,71129.0,7734,464.28,8871,71129
10000,13,8740.0,3329,209.25,1260,8740
2,14,2.0,1,0.05,0,2
3,14,3.0,2,0.14,0,3
100,14,86.0,62,4.24,14,86
200,14,175.0,127,8.91,25,175
2000,14,1757.0,1031,66.75,243,1757
10000,14,8716.0,3458,206.91,1284,8716
20000,14,17572.0,5172,297.79,2428,17572
40000,14,35306.0,6873,397.44,4694,35306
60000,14,53096.0,7807,447.62,6904,53096
80000,14,70943.0,8763,494.84,9057,70943
10000,14,8716.0,3458,206.91,1284,8716
2,15,2.0,1,0.05,0,2
3,15,3.0,2,0.14,0,3
100,15,83.0,62,4.24,17,83
200,15,170.0,114,7.68,30,170
2000,15,1728.0,958,64.46,272,1728
10000,15,8747.0,2719,181.5,1253,8747
20000,15,17578.0,4300,278.3,2422,17578
40000,15,35397.0,5697,359.67,4603,35397
60000,15,53214.0,6818,422.06,6786,53214
80000,15,71109.0,7524,457.13,8891,71109
10000,15,8747.0,2719,181.5,1253,8747
2,16,1.0,1,0.05,1,1
3,16,2.0,2,0.14,1,2
100,16,85.0,62,4.29,15,85
200,16,169.0,125,8.47,31,169
2000,16,1712.0,958,63.31,288,1712
10000,16,8742.0,3032,183.74,1258,8742
20000,16,17616.0,4302,247.84,2384,17616
40000,16,35369.0,6248,357.81,4631,35369
60000,16,53195.0,7333,429.24,6805,53195
80000,16,71115.0,8300,479.7,8885,71115
10000,16,8742.0,3032,183.74,1258,8742
2,17,1.0,1,0.05,1,1
3,17,2.0,2,0.14,1,2
100,17,86.0,64,4.53,14,86
200,17,173.0,121,8.39,27,173
2000,17,1733.0,984,62.83,267,1733
10000,17,8777.0,3344,195.93,1223,8777
20000,17,17596.0,5075,291.92,2404,17596
40000,17,35382.0,7241,404.2,4618,35382
60000,17,53192.0,8454,471.63,6808,53192
80000,17,71014.0,9633,544.19,8986,71014
10000,17,8777.0,3344,195.93,1223,8777
2,18,2.0,1,0.05,0,2
3,18,3.0,2,0.14,0,3
100,18,87.0,63,4.38,13,87
200,18,166.0,127,8.76,34,166
2000,18,1731.0,995,68.38,269,1731
10000,18,8776.0,3234,206.43,1224,8776
20000,18,17635.0,5086,310.87,2365,17635
40000,18,35369.0,7039,421.81,4631,35369
60000,18,53174.0,7810,469.1,6826,53174
80000,18,71026.0,8254,495.83,8974,71026
10000,18,8776.0,3234,206.43,1224,8776
2,19,2.0,1,0.05,0,2
3,19,3.0,2,0.14,0,3
100,19,87.0,66,4.57,13,87
200,19,175.0,125,8.72,25,175
2000,19,1719.0,1096,72.52,281,1719
10000,19,8732.0,3210,197.75,1268,8732
20000,19,17590.0,5202,310.04,2410,17590
40000,19,35298.0,7514,439.28,4702,35298
60000,19,53148.0,8601,493.15,6852,53148
80000,19,71095.0,9157,526.22,8905,71095
10000,19,8732.0,3210,197.75,1268,8732
2,20,1.0,1,0.05,1,1
3,20,2.0,2,0.14,1,2
100,20,84.0,60,4.0,16,84
200,20,170.0,116,7.67,30,170
2000,20,1725.0,997,61.72,275,1725
10000,20,8762.0,3237,185.41,1238,8762
20000,20,17598.0,4629,267.15,2402,17598
40000,20,35352.0,6283,364.29,4648,35352
60000,20,53202.0,7467,427.82,6798,53202
80000,20,71076.0,8363,472.89,8924,71076
10000,20,8762.0,3237,185.41,1238,8762
2,21,1.0,1,0.05,1,1
3,21,2.0,2,0.14,1,2
100,21,83.0,68,4.66,17,83
200,21,173.0,135,9.22,27,173
2000,21,1725.0,1011,65.8,275,1725
10000,21,8699.0,3541,226.69,1301,8699
20000,21,17534.0,5511,336.05,2466,17534
40000,21,35261.0,7202,430.24,4739,35261
60000,21,53114.0,8274,489.93,6886,53114
80000,21,71017.0,8753,513.24,8983,71017
10000,21,8699.0,3541,226.69,1301,8699
2,22,1.0,1,0.05,1,1
3,22,1.0,2,0.14,2,1
100,22,83.0,62,4.24,17,83
200,22,167.0,122,8.44,33,167
2000,22,1713.0,1136,74.22,287,1713
10000,22,8706.0,3803,240.23,1294,8706
20000,22,17574.0,6167,365.12,2426,17574
40000,22,35274.0,8725,507.33,4726,35274
60000,22,53106.0,9656,554.77,6894,53106
80000,22,71002.0,10476,597.17,8998,71002
10000,22,8706.0,3803,240.23,1294,8706
2,23,1.0,1,0.05,1,1
3,23,1.0,2,0.14,2,1
100,23,83.0,67,4.51,17,83
200,23,170.0,128,8.51,30,170
2000,23,1731.0,1068,68.31,269,1731
10000,23,8665.0,3954,232.18,1335,8665
20000,23,17579.0,4863,279.63,2421,17579
40000,23,35409.0,6284,363.78,4591,35409
60000,23,53230.0,7118,416.86,6770,53230
80000,23,71029.0,8046,464.87,8971,71029
10000,23,8665.0,3954,232.18,1335,8665
2,24,2.0,1,0.05,0,2
3,24,3.0,2,0.14,0,3
100,24,84.0,63,4.48,16,84
200,24,170.0,121,8.34,30,170
2000,24,1731.0,980,64.55,269,1731
10000,24,8715.0,3641,230.44,1285,8715
20000,24,17509.0,5629,348.21,2491,17509
40000,24,35289.0,8060,473.6,4711,35289
60000,24,53143.0,9136,534.22,6857,53143
80000,24,71005.0,9961,574.75,8995,71005
10000,24,8715.0,3641,230.44,1285,8715
2,25,2.0,1,0.05,0,2
3,25,3.0,2,0.14,0,3
100,25,88.0,65,4.47,12,88
200,25,174.0,128,8.51,26,174
2000,25,1708.0,1021,65.85,292,1708
10000,25,8717.0,3343,203.18,1283,8717
20000,25,17557.0,5043,301.48,2443,17557
40000,25,35311.0,8026,471.07,4689,35311
60000,25,53179.0,9255,536.38,6821,53179
80000,25,71092.0,9934,577.18,8908,71092
10000,25,8717.0,3343,203.18,1283,8717
2,26,1.0,1,0.05,1,1
3,26,2.0,2,0.14,1,2
100,26,79.0,67,4.61,21,79
200,26,161.0,128,8.86,39,161
2000,26,1722.0,1040,68.7,278,1722
10000,26,8741.0,3217,205.46,1259,8741
20000,26,17619.0,4519,278.45,2381,17619
40000,26,35398.0,5925,360.03,4602,35398
60000,26,53241.0,7021,414.45,6759,53241
80000,26,71192.0,7554,451.43,8808,71192
10000,26,8741.0,3217,205.46,1259,8741
2,27,2.0,1,0.05,0,2
3,27,3.0,2,0.14,0,3
100,27,86.0,64,4.48,14,86
200,27,173.0,127,9.11,27,173
2000,27,1731.0,1118,72.21,269,1731
10000,27,8695.0,3703,217.98,1305,8695
20000,27,17526.0,5676,326.12,2474,17526
40000,27,35345.0,7411,416.05,4655,35345
60000,27,53191.0,8977,495.07,6809,53191
80000,27,71047.0,9498,525.21,8953,71047
10000,27,8695.0,3703,217.98,1305,8695
2,28,0.0,1,0.05,2,0
3,28,1.0,2,0.14,2,1
100,28,82.0,65,4.52,18,82
200,28,173.0,127,8.66,27,173
2000,28,1735.0,1043,63.89,265,1735
10000,28,8712.0,3783,223.68,1288,8712
20000,28,17536.0,5574,324.08,2464,17536
40000,28,35316.0,7769,451.36,4684,35316
60000,28,53143.0,8465,490.48,6857,53143
80000,28,71039.0,9687,549.42,8961,71039
10000,28,8712.0,3783,223.68,1288,8712
2,29,2.0,1,0.05,0,2
3,29,3.0,2,0.14,0,3
100,29,85.0,63,4.38,15,85
200,29,177.0,128,9.01,23,177
2000,29,1734.0,980,68.05,266,1734
10000,29,8728.0,3288,210.11,1272,8728
20000,29,17549.0,4943,307.03,2451,17549
40000,29,35349.0,6774,404.93,4651,35349
60000,29,53205.0,7498,447.91,6795,53205
80000,29,71000.0,8218,491.06,9000,71000
10000,29,8728.0,3288,210.11,1272,8728
2,30,2.0,1,0.05,0,2
3,30,3.0,2,0.14,0,3
100,30,86.0,64,4.43,14,86
200,30,162.0,120,8.15,38,162
2000,30,1710.0,968,62.36,290,1710
10000,30,8726.0,3330,208.95,1274,8726
20000,30,17617.0,5509,320.81,2383,17617
40000,30,35445.0,8286,462.47,4555,35445
60000,30,53317.0,9314,516.88,6683,53317
80000,30,71053.0,10562,585.99,8947,71053
10000,30,8726.0,3330,208.95,1274,8726
2,31,2.0,1,0.05,0,2
3,31,3.0,2,0.14,0,3
100,31,90.0,65,4.37,10,90
200,31,179.0,127,8.56,21,179
2000,31,1711.0,1101,70.45,289,1711
10000,31,8668.0,3677,224.21,1332,8668
20000,31,17555.0,5360,323.8,2445,17555
40000,31,35345.0,7789,461.41,4655,35345
60000,31,53222.0,8744,516.28,6778,53222
80000,31,71056.0,9932,575.04,8944,71056
10000,31,8668.0,3677,224.21,1332,8668
2,32,1.0,1,0.05,1,1
3,32,2.0,2,0.14,1,2
100,32,85.0,65,4.42,15,85
200,32,170.0,128,8.71,30,170
2000,32,1704.0,1119,70.46,296,1704
10000,32,8789.0,3388,201.66,1211,8789
20000,32,17603.0,5202,302.04,2397,17603
40000,32,35388.0,7573,431.59,4612,35388
60000,32,53199.0,8812,494.94,6801,53199
80000,32,71030.0,9354,528.58,8970,71030
10000,32,8789.0,3388,201.66,1211,8789
2,33,1.0,1,0.05,1,1
3,33,1.0,2,0.14,2,1
100,33,85.0,64,4.53,15,85
200,33,169.0,126,9.17,31,169
2000,33,1703.0,963,62.19,297,1703
10000,33,8683.0,3405,205.62,1317,8683
20000,33,17536.0,5058,303.11,2464,17536
40000,33,35279.0,6548,392.66,4721,35279
60000,33,53070.0,7630,456.85,6930,53070
80000,33,70859.0,8909,542.16,9141,70859
10000,33,8683.0,3405,205.62,1317,8683
2,34,1.0,1,0.05,1,1
3,34,2.0,2,0.14,1,2
100,34,86.0,67,4.66,14,86
200,34,158.0,136,9.27,42,158
2000,34,1722.0,962,64.64,278,1722
10000,34,8721.0,3194,205.08,1279,8721
20000,34,17592.0,4574,294.78,2408,17592
40000,34,35417.0,6037,380.62,4583,35417
60000,34,53273.0,6835,422.53,6727,53273
80000,34,71124.0,7589,460.91,8876,71124
10000,34,8721.0,3194,205.08,1279,8721
2,35,1.0,1,0.05,1,1
3,35,2.0,2,0.14,1,2
100,35,93.0,65,4.52,7,93
200,35,181.0,127,8.71,19,181
2000,35,1725.0,1028,65.01,275,1725
10000,35,8708.0,3749,233.5,1292,8708
20000,35,17624.0,4978,304.66,2376,17624
40000,35,35308.0,7633,453.24,4692,35308
60000,35,53212.0,8333,498.54,6788,53212
80000,35,71135.0,8921,531.75,8865,71135
10000,35,8708.0,3749,233.5,1292,8708
2,36,1.0,1,0.05,1,1
3,36,1.0,2,0.14,2,1
100,36,84.0,64,4.28,16,84
200,36,177.0,128,8.41,23,177
2000,36,1727.0,976,60.47,273,1727
10000,36,8755.0,3472,210.29,1245,8755
20000,36,17667.0,4665,285.12,2333,17667
40000,36,35456.0,6400,376.9,4544,35456
60000,36,53341.0,7427,435.97,6659,53341
80000,36,71153.0,8376,483.57,8847,71153
10000,36,8755.0,3472,210.29,1245,8755
2,37,2.0,1,0.05,0,2
3,37,3.0,2,0.14,0,3
100,37,87.0,61,4.39,13,87
200,37,174.0,122,8.64,26,174
2000,37,1692.0,980,65.65,308,1692
10000,37,8726.0,3124,189.23,1274,8726
20000,37,17550.0,4439,266.6,2450,17550
40000,37,35302.0,6235,368.48,4698,35302
60000,37,53132.0,7948,462.11,6868,53132
80000,37,70901.0,8772,503.29,9099,70901
10000,37,8726.0,3124,189.23,1274,8726
2,38,1.0,1,0.05,1,1
3,38,1.0,2,0.14,2,1
100,38,83.0,64,4.53,17,83
200,38,167.0,126,9.02,33,167
2000,38,1716.0,1081,71.35,284,1716
10000,38,8722.0,3995,247.42,1278,8722
20000,38,17543.0,5738,352.21,2457,17543
40000,38,35365.0,7806,461.02,4635,35365
60000,38,53177.0,8957,526.77,6823,53177
80000,38,71071.0,9638,562.36,8929,71071
10000,38,8722.0,3995,247.42,1278,8722
2,39,2.0,1,0.05,0,2
3,39,3.0,2,0.14,0,3
100,39,90.0,67,4.61,10,90
200,39,180.0,132,8.69,20,180
2000,39,1714.0,1050,67.55,286,1714
10000,39,8716.0,3708,224.86,1284,8716
20000,39,17608.0,4850,292.65,2392,17608
40000,39,35405.0,6310,371.15,4595,35405
60000,39,53291.0,7264,419.13,6709,53291
80000,39,71130.0,8093,461.24,8870,71130
10000,39,8716.0,3708,224.86,1284,8716
2,40,2.0,1,0.05,0,2
3,40,3.0,2,0.14,0,3
100,40,85.0,61,4.24,15,85
200,40,174.0,122,8.44,26,174
2000,40,1717.0,1064,68.83,283,1717
10000,40,8761.0,2963,184.93,1239,8761
20000,40,17617.0,4496,268.07,2383,17617
40000,40,35389.0,6373,377.94,4611,35389
60000,40,53297.0,7126,414.67,6703,53297
80000,40,71104.0,7729,451.26,8896,71104
10000,40,8761.0,2963,184.93,1239,8761
2,41,2.0,1,0.05,0,2
3,41,3.0,2,0.14,0,3
100,41,90.0,64,4.38,10,90
200,41,179.0,125,8.52,21,179
2000,41,1750.0,1077,69.87,250,1750
10000,41,8775.0,3323,211.08,1225,8775
20000,41,17627.0,4765,296.32,2373,17627
40000,41,35373.0,6584,394.08,4627,35373
60000,41,53208.0,7601,446.1,6792,53208
80000,41,71009.0,8934,516.88,8991,71009
10000,41,8775.0,3323,211.08,1225,8775
2,42,1.0,1,0.05,1,1
3,42,2.0,2,0.14,1,2
100,42,85.0,65,4.52,15,85
200,42,177.0,125,8.42,23,177
2000,42,1721.0,1206,79.97,279,1721
10000,42,8740.0,4259,261.85,1260,8740
20000,42,17620.0,6167,377.37,2380,17620
40000,42,35346.0,8575,507.83,4654,35346
60000,42,53260.0,9372,549.59,6740,53260
80000,42,71071.0,10637,615.07,8929,71071
10000,42,8740.0,4259,261.85,1260,8740
2,43,2.0,1,0.05,0,2
3,43,2.0,2,0.14,1,2
100,43,89.0,64,4.33,11,89
200,43,171.0,119,8.15,29,171
2000,43,1727.0,1051,67.85,273,1727
10000,43,8706.0,3407,212.81,1294,8706
20000,43,17650.0,4436,270.42,2350,17650
40000,43,35505.0,5487,339.67,4495,35505
60000,43,53299.0,6334,388.48,6701,53299
80000,43,71094.0,8245,479.88,8906,71094
10000,43,8706.0,3407,212.81,1294,8706
2,44,2.0,1,0.05,0,2
3,44,2.0,2,0.14,1,2
100,44,83.0,65,4.47,17,83
200,44,165.0,118,8.11,35,165
2000,44,1709.0,892,58.14,291,1709
10000,44,8783.0,2979,181.15,1217,8783
20000,44,17710.0,4319,258.6,2290,17710
40000,44,35564.0,5550,336.45,4436,35564
60000,44,53332.0,6376,389.92,6668,53332
80000,44,71193.0,7151,430.35,8807,71193
10000,44,8783.0,2979,181.15,1217,8783
2,45,2.0,1,0.05,0,2
3,45,2.0,2,0.14,1,2
100,45,87.0,63,4.23,13,87
200,45,173.0,120,8.05,27,173
2000,45,1737.0,1025,67.08,263,1737
10000,45,8761.0,3631,224.49,1239,8761
20000,45,17553.0,5349,326.21,2447,17553
40000,45,35366.0,7330,434.05,4634,35366
60000,45,53186.0,8496,500.22,6814,53186
80000,45,71035.0,9099,532.01,8965,71035
10000,45,8761.0,3631,224.49,1239,8761
2,46,2.0,1,0.05,0,2
3,46,3.0,2,0.14,0,3
100,46,80.0,65,4.62,20,80
200,46,167.0,124,8.53,33,167
2000,46,1707.0,1023,64.64,293,1707
10000,46,8739.0,3335,202.92,1261,8739
20000,46,17559.0,5068,304.96,2441,17559
40000,46,35456.0,6677,390.72,4544,35456
60000,46,53303.0,7330,426.1,6697,53303
80000,46,71092.0,8789,509.21,8908,71092
10000,46,8739.0,3335,202.92,1261,8739
2,47,1.0,1,0.05,1,1
3,47,2.0,2,0.14,1,2
100,47,88.0,63,4.38,12,88
200,47,174.0,122,8.44,26,174
2000,47,1730.0,850,55.15,270,1730
10000,47,8757.0,3276,194.57,1243,8757
20000,47,17619.0,5235,314.68,2381,17619
40000,47,35496.0,6892,402.69,4504,35496
60000,47,53300.0,8047,464.12,6700,53300
80000,47,71232.0,8627,494.22,8768,71232
10000,47,8757.0,3276,194.57,1243,8757
2,48,2.0,1,0.05,0,2
3,48,3.0,2,0.14,0,3
100,48,87.0,64,4.28,13,87
200,48,166.0,129,8.55,34,166
2000,48,1735.0,951,59.55,265,1735
10000,48,8739.0,3777,229.66,1261,8739
20000,48,17625.0,5037,301.06,2375,17625
40000,48,35445.0,6771,396.55,4555,35445
60000,48,53260.0,8211,474.6,6740,53260
80000,48,71072.0,8945,513.78,8928,71072
10000,48,8739.0,3777,229.66,1261,8739
2,49,2.0,1,0.05,0,2
3,49,3.0,2,0.14,0,3
100,49,89.0,64,4.38,11,89
200,49,171.0,126,8.72,29,171
2000,49,1705.0,988,63.81,295,1705
10000,49,8733.0,3016,188.22,1267,8733
20000,49,17575.0,4284,259.43,2425,17575
40000,49,35444.0,6116,355.82,4556,35444
60000,49,53257.0,7492,424.99,6743,53257
80000,49,71124.0,8337,466.82,8876,71124
10000,49,8733.0,3016,188.22,1267,8733
2,50,2.0,1,0.05,0,2
3,50,3.0,2,0.14,0,3
100,50,90.0,63,4.28,10,90
200,50,178.0,123,8.28,22,178
2000,50,1727.0,1096,70.07,273,1727
10000,50,8693.0,4362,255.94,1307,8693
20000,50,17551.0,6047,359.07,2449,17551
40000,50,35340.0,7868,468.01,4660,35340
60000,50,53193.0,8359,497.86,6807,53193
80000,50,71101.0,9074,536.43,8899,71101
10000,50,8693.0,4362,255.94,1307,8693
2,51,2.0,1,0.05,0,2
3,51,3.0,2,0.14,0,3
100,51,81.0,64,4.58,19,81
200,51,166.0,128,9.16,34,166
2000,51,1703.0,1054,69.03,297,1703
10000,51,8809.0,3253,194.38,1191,8809
20000,51,17600.0,5100,297.2,2400,17600
40000,51,35409.0,6878,391.46,4591,35409
60000,51,53294.0,7555,428.73,6706,53294
80000,51,71139.0,8194,465.98,8861,71139
10000,51,8809.0,3253,194.38,1191,8809
2,52,2.0,1,0.05,0,2
3,52,3.0,2,0.14,0,3
100,52,87.0,65,4.47,13,87
200,52,173.0,118,8.11,27,173
2000,52,1736.0,944,65.08,264,1736
10000,52,8765.0,3636,229.47,1235,8765
20000,52,17627.0,5401,333.0,2373,17627
40000,52,35302.0,7702,462.79,4698,35302
60000,52,53007.0,10368,599.11,6993,53007
80000,52,70899.0,10728,618.51,9101,70899
10000,52,8765.0,3636,229.47,1235,8765
2,53,2.0,1,0.05,0,2
3,53,3.0,2,0.14,0,3
100,53,87.0,64,4.38,13,87
200,53,183.0,126,8.52,17,183
2000,53,1736.0,1084,70.68,264,1736
10000,53,8772.0,3835,240.22,1228,8772
20000,53,17635.0,5883,351.19,2365,17635
40000,53,35457.0,8014,471.18,4543,35457
60000,53,53292.0,9176,534.52,6708,53292
80000,53,71238.0,9448,549.31,8762,71238
10000,53,8772.0,3835,240.22,1228,8772
2,54,2.0,1,0.05,0,2
3,54,3.0,2,0.14,0,3
100,54,88.0,63,4.38,12,88
200,54,171.0,132,8.99,29,171
2000,54,1704.0,1111,71.65,296,1704
10000,54,8713.0,3389,206.95,1287,8713
20000,54,17567.0,5052,309.04,2433,17567
40000,54,35370.0,7109,435.16,4630,35370
60000,54,53230.0,7952,484.29,6770,53230
80000,54,71118.0,8645,531.93,8882,71118
10000,54,8713.0,3389,206.95,1287,8713
2,55,2.0,1,0.05,0,2
3,55,2.0,2,0.14,1,2
100,55,82.0,65,4.47,18,82
200,55,167.0,123,8.58,33,167
2000,55,1731.0,991,64.05,269,1731
10000,55,8789.0,3375,212.57,1211,8789
20000,55,17625.0,5413,332.34,2375,17625
40000,55,35319.0,7231,429.45,4681,35319
60000,55,53182.0,8226,487.12,6818,53182
80000,55,71051.0,9426,546.37,8949,71051
10000,55,8789.0,3375,212.57,1211,8789
2,56,2.0,1,0.05,0,2
3,56,3.0,2,0.14,0,3
100,56,86.0,63,4.33,14,86
200,56,171.0,124,8.33,29,171
2000,56,1715.0,1065,63.08,285,1715
10000,56,8710.0,3690,217.65,1290,8710
20000,56,17603.0,4866,284.77,2397,17603
40000,56,35376.0,6925,387.23,4624,35376
60000,56,53245.0,8800,489.85,6755,53245
80000,56,71047.0,9679,534.56,8953,71047
10000,56,8710.0,3690,217.65,1290,8710
2,57,2.0,1,0.05,0,2
3,57,2.0,2,0.14,1,2
100,57,86.0,66,4.52,14,86
200,57,173.0,124,8.18,27,173
2000,57,1731.0,1053,68.39,269,1731
10000,57,8761.0,3622,219.69,1239,8761
20000,57,17632.0,4855,291.87,2368,17632
40000,57,35437.0,6849,393.56,4563,35437
60000,57,53280.0,7888,449.71,6720,53280
80000,57,71131.0,8727,498.82,8869,71131
10000,57,8761.0,3622,219.69,1239,8761
2,58,2.0,1,0.05,0,2
3,58,3.0,2,0.14,0,3
100,58,84.0,68,4.66,16,84
200,58,169.0,125,8.47,31,169
2000,58,1727.0,1097,71.37,273,1727
10000,58,8698.0,4276,269.22,1302,8698
20000,58,17490.0,6248,381.51,2510,17490
40000,58,35288.0,8330,507.4,4712,35288
60000,58,53190.0,9209,554.41,6810,53190
80000,58,71065.0,10214,621.83,8935,71065
10000,58,8698.0,4276,269.22,1302,8698
2,59,2.0,1,0.05,0,2
3,59,2.0,2,0.14,1,2
100,59,85.0,65,4.42,15,85
200,59,168.0,121,8.19,32,168
2000,59,1710.0,1000,66.1,290,1710
10000,59,8772.0,3132,195.49,1228,8772
20000,59,17627.0,4623,276.28,2373,17627
40000,59,35436.0,6354,374.48,4564,35436
60000,59,53325.0,7163,416.69,6675,53325
80000,59,71205.0,7986,461.22,8795,71205
10000,59,8772.0,3132,195.49,1228,8772
2,60,1.0,1,0.05,1,1
3,60,2.0,2,0.14,1,2
100,60,87.0,65,4.52,13,87
200,60,172.0,127,9.01,28,172
2000,60,1726.0,1124,77.03,274,1726
10000,60,8779.0,2853,182.08,1221,8779
20000,60,17603.0,4554,281.38,2397,17603
40000,60,35394.0,6049,360.41,4606,35394
60000,60,53210.0,7714,443.73,6790,53210
80000,60,71075.0,8555,485.43,8925,71075
10000,60,8779.0,2853,182.08,1221,8779
2,61,2.0,1,0.05,0,2
3,61,3.0,2,0.14,0,3
100,61,83.0,65,4.62,17,83
200,61,175.0,130,9.15,25,175
2000,61,1740.0,1055,69.88,260,1740
10000,61,8750.0,3588,231.66,1250,8750
20000,61,17609.0,5011,318.15,2391,17609
40000,61,35283.0,7342,456.09,4717,35283
60000,61,53165.0,8253,503.89,6835,53165
80000,61,71102.0,8727,529.52,8898,71102
10000,61,8750.0,3588,231.66,1250,8750
2,62,2.0,1,0.05,0,2
3,62,3.0,2,0.14,0,3
100,62,83.0,64,4.38,17,83
200,62,173.0,123,8.18,27,173
2000,62,1717.0,1075,72.13,283,1717
10000,62,8786.0,3197,191.86,1214,8786
20000,62,17624.0,5052,296.04,2376,17624
40000,62,35431.0,7537,426.22,4569,35431
60000,62,53266.0,9029,505.56,6734,53266
80000,62,71119.0,10254,562.93,8881,71119
10000,62,8786.0,3197,191.86,1214,8786
2,63,1.0,1,0.05,1,1
3,63,2.0,2,0.14,1,2
100,63,82.0,59,4.1,18,82
200,63,164.0,117,8.16,36,164
2000,63,1705.0,1035,64.03,295,1705
10000,63,8682.0,3743,233.93,1318,8682
20000,63,17549.0,5244,328.33,2451,17549
40000,63,35287.0,7125,438.23,4713,35287
60000,63,53232.0,8343,497.84,6768,53232
80000,63,71046.0,9490,555.0,8954,71046
10000,63,8682.0,3743,233.93,1318,8682
2,64,2.0,1,0.05,0,2
3,64,3.0,2,0.14,0,3
100,64,84.0,64,4.28,16,84
200,64,171.0,131,8.99,29,171
2000,64,1701.0,993,65.84,299,1701
10000,64,8750.0,3009,185.4,1250,8750
20000,64,17591.0,4465,271.72,2409,17591
40000,64,35431.0,6168,361.16,4569,35431
60000,64,53291.0,7412,432.69,6709,53291
80000,64,71060.0,8821,509.2,8940,71060
10000,64,8750.0,3009,185.4,1250,8750
2,65,2.0,1,0.05,0,2
3,65,2.0,2,0.14,1,2
100,65,82.0,64,4.33,18,82
200,65,167.0,126,8.62,33,167
2000,65,1720.0,1003,64.39,280,1720
10000,65,8721.0,3220,198.3,1279,8721
20000,65,17584.0,4601,285.69,2416,17584
40000,65,35338.0,6281,376.6,4662,35338
60000,65,53178.0,7202,422.34,6822,53178
80000,65,70992.0,7954,473.13,9008,70992
10000,65,8721.0,3220,198.3,1279,8721
2,66,2.0,1,0.05,0,2
3,66,2.0,2,0.14,1,2
100,66,88.0,67,4.51,12,88
200,66,175.0,139,9.5,25,175
2000,66,1716.0,1068,71.61,284,1716
10000,66,8721.0,3193,208.33,1279,8721
20000,66,17599.0,4654,296.03,2401,17599
40000,66,35384.0,6844,408.08,4616,35384
60000,66,53239.0,8232,477.19,6761,53239
80000,66,71133.0,8977,514.57,8867,71133
10000,66,8721.0,3193,208.33,1279,8721
2,67,2.0,1,0.05,0,2
3,67,3.0,2,0.14,0,3
100,67,86.0,67,4.66,14,86
200,67,171.0,134,9.28,29,171
2000,67,1729.0,1067,69.37,271,1729
10000,67,8740.0,3616,211.42,1260,8740
20000,67,17609.0,5286,304.67,2391,17609
40000,67,35479.0,6846,396.37,4521,35479
60000,67,53252.0,8246,471.72,6748,53252
80000,67,71180.0,8664,495.38,8820,71180
10000,67,8740.0,3616,211.42,1260,8740
2,68,1.0,1,0.05,1,1
3,68,2.0,2,0.14,1,2
100,68,90.0,64,4.58,10,90
200,68,177.0,122,8.64,23,177
2000,68,1738.0,1074,67.58,262,1738
10000,68,8758.0,3634,218.48,1242,8758
20000,68,17588.0,5284,314.38,2412,17588
40000,68,35491.0,7234,424.78,4509,35491
60000,68,53378.0,8968,510.16,6622,53378
80000,68,71236.0,10104,566.48,8764,71236
10000,68,8758.0,3634,218.48,1242,8758
2,69,2.0,1,0.05,0,2
3,69,3.0,2,0.14,0,3
100,69,90.0,66,4.57,10,90
200,69,170.0,127,8.56,30,170
2000,69,1695.0,928,57.11,305,1695
10000,69,8687.0,3492,207.59,1313,8687
20000,69,17479.0,4969,296.15,2521,17479
40000,69,35165.0,7034,415.93,4835,35165
60000,69,53005.0,8439,491.41,6995,53005
80000,69,70916.0,8728,508.66,9084,70916
10000,69,8687.0,3492,207.59,1313,8687
2,70,2.0,1,0.05,0,2
3,70,2.0,2,0.14,1,2
100,70,85.0,65,4.57,15,85
200,70,172.0,132,9.34,28,172
2000,70,1721.0,1219,79.91,279,1721
10000,70,8637.0,4127,260.06,1363,8637
20000,70,17536.0,5676,346.22,2464,17536
40000,70,35384.0,7054,424.08,4616,35384
60000,70,53202.0,8499,503.81,6798,53202
80000,70,71020.0,9329,548.81,8980,71020
10000,70,8637.0,4127,260.06,1363,8637
2,71,2.0,1,0.05,0,2
3,71,3.0,2,0.14,0,3
100,71,82.0,64,4.38,18,82
200,71,165.0,121,8.24,35,165
2000,71,1706.0,1155,71.48,294,1706
10000,71,8754.0,3455,218.12,1246,8754
20000,71,17556.0,5366,324.22,2444,17556
40000,71,35337.0,7393,447.24,4663,35337
60000,71,53156.0,8616,514.87,6844,53156
80000,71,70986.0,9827,577.87,9014,70986
10000,71,8754.0,3455,218.12,1246,8754
2,72,2.0,1,0.05,0,2
3,72,2.0,2,0.14,1,2
100,72,82.0,60,4.15,18,82
200,72,160.0,116,7.87,40,160
2000,72,1744.0,1009,64.26,256,1744
10000,72,8694.0,3685,224.12,1306,8694
20000,72,17534.0,5339,319.86,2466,17534
40000,72,35336.0,7216,423.67,4664,35336
60000,72,53279.0,8315,486.58,6721,53279
80000,72,71121.0,9224,537.73,8879,71121
10000,72,8694.0,3685,224.12,1306,8694
2,73,1.0,1,0.05,1,1
3,73,2.0,2,0.14,1,2
100,73,88.0,63,4.38,12,88
200,73,176.0,122,8.44,24,176
2000,73,1738.0,1033,73.34,262,1738
10000,73,8708.0,3509,230.7,1292,8708
20000,73,17598.0,4769,305.6,2402,17598
40000,73,35466.0,6426,399.52,4534,35466
60000,73,53237.0,7373,456.74,6763,53237
80000,73,71144.0,8407,513.72,8856,71144
10000,73,8708.0,3509,230.7,1292,8708
2,74,2.0,1,0.05,0,2
3,74,3.0,2,0.14,0,3
100,74,94.0,67,4.66,6,94
200,74,176.0,137,9.51,24,176
2000,74,1720.0,1037,67.02,280,1720
10000,74,8730.0,3447,216.81,1270,8730
20000,74,17609.0,5568,331.91,2391,17609
40000,74,35413.0,8103,458.04,4587,35413
60000,74,53340.0,8911,499.35,6660,53340
80000,74,71213.0,9799,545.76,8787,71213
10000,74,8730.0,3447,216.81,1270,8730
2,75,2.0,1,0.05,0,2
3,75,3.0,2,0.14,0,3
100,75,89.0,63,4.18,11,89
200,75,178.0,117,7.71,22,178
2000,75,1735.0,982,60.34,265,1735
10000,75,8704.0,3307,201.81,1296,8704
20000,75,17557.0,4917,290.51,2443,17557
40000,75,35331.0,7180,424.2,4669,35331
60000,75,53147.0,8510,490.25,6853,53147
80000,75,70957.0,9548,541.31,9043,70957
10000,75,8704.0,3307,201.81,1296,8704
2,76,1.0,1,0.05,1,1
3,76,1.0,2,0.14,2,1
100,76,84.0,62,4.39,16,84
200,76,171.0,125,8.57,29,171
2000,76,1739.0,1012,67.54,261,1739
10000,76,8752.0,3064,192.63,1248,8752
20000,76,17619.0,4449,276.5,2381,17619
40000,76,35472.0,5315,329.43,4528,35472
60000,76,53343.0,6736,418.22,6657,53343
80000,76,71229.0,7540,463.55,8771,71229
10000,76,8752.0,3064,192.63,1248,8752
2,77,2.0,1,0.05,0,2
3,77,3.0,2,0.14,0,3
100,77,85.0,61,4.04,15,85
200,77,172.0,115,7.32,28,172
2000,77,1730.0,880,56.9,270,1730
10000,77,8758.0,2759,169.25,1242,8758
20000,77,17633.0,4401,258.94,2367,17633
40000,77,35429.0,6500,374.55,4571,35429
60000,77,53309.0,7581,433.35,6691,53309
80000,77,71118.0,8147,471.02,8882,71118
10000,77,8758.0,2759,169.25,1242,8758
2,78,2.0,1,0.05,0,2
3,78,3.0,2,0.14,0,3
100,78,83.0,64,4.33,17,83
200,78,169.0,133,8.83,31,169
2000,78,1739.0,1033,66.14,261,1739
10000,78,8803.0,3364,201.13,1197,8803
20000,78,17648.0,5328,322.21,2352,17648
40000,78,35476.0,7169,422.26,4524,35476
60000,78,53371.0,8271,484.35,6629,53371
80000,78,71217.0,9512,546.99,8783,71217
10000,78,8803.0,3364,201.13,1197,8803
2,79,2.0,1,0.05,0,2
3,79,2.0,2,0.14,1,2
100,79,85.0,61,4.04,15,85
200,79,173.0,117,7.61,27,173
2000,79,1713.0,1015,64.78,287,1713
10000,79,8734.0,3389,212.95,1266,8734
20000,79,17633.0,4577,282.51,2367,17633
40000,79,35451.0,6246,382.92,4549,35451
60000,79,53337.0,7481,454.65,6663,53337
80000,79,71170.0,8174,493.48,8830,71170
10000,79,8734.0,3389,212.95,1266,8734
2,80,2.0,1,0.05,0,2
3,80,3.0,2,0.14,0,3
100,80,76.0,69,5.0,24,76
200,80,162.0,135,9.57,38,162
2000,80,1725.0,1066,72.82,275,1725
10000,80,8740.0,3517,224.11,1260,8740
20000,80,17614.0,5173,318.74,2386,17614
40000,80,35413.0,7633,443.19,4587,35413
60000,80,53261.0,8936,509.82,6739,53261
80000,80,71143.0,9695,548.63,8857,71143
10000,80,8740.0,3517,224.11,1260,8740
2,81,2.0,1,0.05,0,2
3,81,3.0,2,0.14,0,3
100,81,80.0,68,4.56,20,80
200,81,169.0,129,8.65,31,169
2000,81,1731.0,939,60.26,269,1731
10000,81,8780.0,2931,177.04,1220,8780
20000,81,17578.0,4492,270.19,2422,17578
40000,81,35467.0,6080,357.1,4533,35467
60000,81,53240.0,7742,441.69,6760,53240
80000,81,71095.0,8387,474.92,8905,71095
10000,81,8780.0,2931,177.04,1220,8780
2,82,2.0,1,0.05,0,2
3,82,2.0,2,0.14,1,2
100,82,89.0,62,4.24,11,89
200,82,178.0,123,8.58,22,178
2000,82,1731.0,860,57.55,269,1731
10000,82,8768.0,3177,190.11,1232,8768
20000,82,17669.0,4329,253.55,2331,17669
40000,82,35488.0,6080,354.6,4512,35488
60000,82,53267.0,7127,410.82,6733,53267
80000,82,71112.0,8515,494.78,8888,71112
10000,82,8768.0,3177,190.11,1232,8768
2,83,1.0,1,0.05,1,1
3,83,2.0,2,0.14,1,2
100,83,90.0,63,4.63,10,90
200,83,172.0,127,8.86,28,172
2000,83,1723.0,1069,73.66,277,1723
10000,83,8729.0,3324,224.93,1271,8729
20000,83,17483.0,6013,374.84,2517,17483
40000,83,35294.0,8334,504.93,4706,35294
60000,83,53072.0,9569,570.46,6928,53072
80000,83,71006.0,10220,602.95,8994,71006
10000,83,8729.0,3324,224.93,1271,8729
2,84,1.0,1,0.05,1,1
3,84,1.0,2,0.14,2,1
100,84,81.0,64,4.58,19,81
200,84,166.0,122,8.89,34,166
2000,84,1688.0,1046,67.57,312,1688
10000,84,8717.0,3374,203.58,1283,8717
20000,84,17575.0,5074,306.48,2425,17575
40000,84,35384.0,7652,441.39,4616,35384
60000,84,53270.0,8887,508.07,6730,53270
80000,84,71101.0,9850,557.75,8899,71101
10000,84,8717.0,3374,203.58,1283,8717
2,85,2.0,1,0.05,0,2
3,85,3.0,2,0.14,0,3
100,85,82.0,66,4.62,18,82
200,85,166.0,133,8.88,34,166
2000,85,1728.0,1030,62.85,272,1728
10000,85,8769.0,2863,165.98,1231,8769
20000,85,17620.0,4297,245.71,2380,17620
40000,85,35369.0,6412,361.09,4631,35369
60000,85,53182.0,7547,419.07,6818,53182
80000,85,71136.0,7931,440.15,8864,71136
10000,85,8769.0,2863,165.98,1231,8769
2,86,2.0,1,0.05,0,2
3,86,3.0,2,0.14,0,3
100,86,87.0,65,4.47,13,87
200,86,175.0,127,8.56,25,175
2000,86,1708.0,1044,69.78,292,1708
10000,86,8682.0,3534,224.78,1318,8682
20000,86,17506.0,4833,302.33,2494,17506
40000,86,35350.0,6085,367.93,4650,35350
60000,86,53150.0,7243,434.69,6850,53150
80000,86,70999.0,8248,487.71,9001,70999
10000,86,8682.0,3534,224.78,1318,8682
2,87,2.0,1,0.05,0,2
3,87,3.0,2,0.14,0,3
100,87,88.0,64,4.48,12,88
200,87,168.0,128,9.16,32,168
2000,87,1717.0,1103,74.29,283,1717
10000,87,8751.0,3781,240.34,1249,8751
20000,87,17620.0,5292,327.74,2380,17620
40000,87,35286.0,8082,481.09,4714,35286
60000,87,53106.0,9612,564.79,6894,53106
80000,87,71007.0,10128,595.76,8993,71007
10000,87,8751.0,3781,240.34,1249,8751
2,88,2.0,1,0.05,0,2
3,88,3.0,2,0.14,0,3
100,88,90.0,64,4.48,10,90
200,88,172.0,123,8.33,28,172
2000,88,1714.0,1049,67.56,286,1714
10000,88,8761.0,3340,204.9,1239,8761
20000,88,17619.0,5125,307.07,2381,17619
40000,88,35501.0,7354,424.43,4499,35501
60000,88,53344.0,8277,477.07,6656,53344
80000,88,71154.0,9321,531.4,8846,71154
10000,88,8761.0,3340,204.9,1239,8761
2,89,2.0,1,0.05,0,2
3,89,3.0,2,0.14,0,3
100,89,80.0,61,4.39,20,80
200,89,162.0,119,8.4,38,162
2000,89,1722.0,1011,64.0,278,1722
10000,89,8756.0,3269,195.9,1244,8756
20000,89,17631.0,5052,287.24,2369,17631
40000,89,35397.0,6600,366.65,4603,35397
60000,89,53161.0,7857,438.12,6839,53161
80000,89,71096.0,8275,460.78,8904,71096
10000,89,8756.0,3269,195.9,1244,8756
2,90,1.0,1,0.05,1,1
3,90,1.0,2,0.14,2,1
100,90,82.0,59,4.0,18,82
200,90,167.0,122,8.24,33,167
2000,90,1732.0,1145,72.23,268,1732
10000,90,8682.0,3750,224.5,1318,8682
20000,90,17481.0,5115,301.62,2519,17481
40000,90,35293.0,7130,401.85,4707,35293
60000,90,53174.0,7815,439.03,6826,53174
80000,90,71089.0,8469,476.06,8911,71089
10000,90,8682.0,3750,224.5,1318,8682
2,91,2.0,1,0.05,0,2
3,91,2.0,2,0.14,1,2
100,91,88.0,69,4.95,12,88
200,91,171.0,128,9.06,29,171
2000,91,1724.0,1075,72.88,276,1724
10000,91,8765.0,3655,225.22,1235,8765
20000,91,17612.0,4884,302.83,2388,17612
40000,91,35406.0,6735,408.58,4594,35406
60000,91,53296.0,7881,465.8,6704,53296
80000,91,71123.0,9117,540.02,8877,71123
10000,91,8765.0,3655,225.22,1235,8765
2,92,2.0,1,0.05,0,2
3,92,2.0,2,0.14,1,2
100,92,82.0,65,4.47,18,82
200,92,163.0,133,9.03,37,163
2000,92,1743.0,1006,65.07,257,1743
10000,92,8734.0,3078,190.81,1266,8734
20000,92,17592.0,4321,260.94,2408,17592
40000,92,35401.0,6063,373.24,4599,35401
60000,92,53350.0,6991,421.95,6650,53350
80000,92,71270.0,7786,463.87,8730,71270
10000,92,8734.0,3078,190.81,1266,8734
2,93,1.0,1,0.05,1,1
3,93,2.0,2,0.14,1,2
100,93,83.0,60,4.15,17,83
200,93,168.0,117,8.16,32,168
2000,93,1738.0,1016,66.72,262,1738
10000,93,8768.0,3202,202.99,1232,8768
20000,93,17576.0,4657,282.81,2424,17576
40000,93,35411.0,6549,385.86,4589,35411
60000,93,53288.0,7479,446.11,6712,53288
80000,93,71131.0,8102,477.14,8869,71131
10000,93,8768.0,3202,202.99,1232,8768
2,94,2.0,1,0.05,0,2
3,94,3.0,2,0.14,0,3
100,94,87.0,62,4.49,13,87
200,94,175.0,132,9.49,25,175
2000,94,1702.0,1111,78.15,298,1702
10000,94,8770.0,3069,195.5,1230,8770
20000,94,17603.0,4647,281.36,2397,17603
40000,94,35426.0,6230,372.6,4574,35426
60000,94,53260.0,7242,427.34,6740,53260
80000,94,71115.0,7913,462.69,8885,71115
10000,94,8770.0,3069,195.5,1230,8770
2,95,2.0,1,0.05,0,2
3,95,3.0,2,0.14,0,3
100,95,87.0,62,4.39,13,87
200,95,176.0,128,8.86,24,176
2000,95,1728.0,1151,78.8,272,1728
10000,95,8746.0,3266,204.92,1254,8746
20000,95,17674.0,5097,311.01,2326,17674
40000,95,35513.0,6926,419.22,4487,35513
60000,95,53297.0,8537,522.87,6703,53297
80000,95,71143.0,9211,563.95,8857,71143
10000,95,8746.0,3266,204.92,1254,8746
2,96,2.0,1,0.05,0,2
3,96,3.0,2,0.14,0,3
100,96,88.0,64,4.28,12,88
200,96,176.0,124,8.13,24,176
2000,96,1724.0,980,61.5,276,1724
10000,96,8691.0,3656,218.57,1309,8691
20000,96,17586.0,4960,300.0,2414,17586
40000,96,35350.0,7524,439.88,4650,35350
60000,96,53168.0,9368,535.46,6832,53168
80000,96,71008.0,10025,572.48,8992,71008
10000,96,8691.0,3656,218.57,1309,8691
2,97,2.0,1,0.05,0,2
3,97,3.0,2,0.14,0,3
100,97,87.0,66,4.57,13,87
200,97,177.0,131,8.99,23,177
2000,97,1732.0,1072,68.84,268,1732
10000,97,8781.0,3301,194.44,1219,8781
20000,97,17613.0,5350,312.6,2387,17613
40000,97,35429.0,7151,415.0,4571,35429
60000,97,53144.0,9293,519.74,6856,53144
80000,97,70985.0,10450,586.95,9015,70985
10000,97,8781.0,3301,194.44,1219,8781
2,98,2.0,1,0.05,0,2
3,98,3.0,2,0.14,0,3
100,98,88.0,63,4.28,12,88
200,98,178.0,126,8.57,22,178
2000,98,1697.0,949,57.86,303,1697
10000,98,8769.0,3315,196.82,1231,8769
20000,98,17625.0,4891,281.19,2375,17625
40000,98,35400.0,7505,411.98,4600,35400
60000,98,53263.0,8501,472.6,6737,53263
80000,98,71178.0,9473,527.99,8822,71178
10000,98,8769.0,3315,196.82,1231,8769
2,99,2.0,1,0.05,0,2
3,99,3.0,2,0.14,0,3
100,99,87.0,62,4.29,13,87
200,99,178.0,124,8.43,22,178
2000,99,1737.0,983,64.79,263,1737
10000,99,8763.0,3213,196.08,1237,8763
20000,99,17623.0,4903,299.03,2377,17623
40000,99,35417.0,6594,391.43,4583,35417
60000,99,53160.0,8009,476.61,6840,53160
80000,99,70987.0,8942,524.04,9013,70987
10000,99,8763.0,3213,196.08,1237,8763
2,100,2.0,1,0.05,0,2
3,100,3.0,2,0.14,0,3
100,100,88.0,67,4.61,12,88
200,100,171.0,134,9.13,29,171
2000,100,1737.0,1193,75.79,263,1737
10000,100,8756.0,4103,256.13,1244,8756
20000,100,17598.0,6012,364.29,2402,17598
40000,100,35211.0,8731,515.85,4789,35211
60000,100,53047.0,9977,584.92,6953,53047
80000,100,70890.0,10794,626.73,9110,70890
10000,100,8756.0,4103,256.13,1244,8756
