Timestep,Iteration,Total Reward,Suboptimal Arms,Total Regret,Zeros Count,Ones Count
2,1,2.0,1,0.05,0,2
3,1,3.0,2,0.14,0,3
100,1,82.0,65,4.37,18,82
200,1,169.0,129,8.6,31,169
2000,1,1707.0,1087,66.12,293,1707
10000,1,8769.0,2845,168.52,1231,8769
20000,1,17598.0,4526,255.37,2402,17598
40000,1,35485.0,5267,301.21,4515,35485
60000,1,53373.0,6246,348.57,6627,53373
80000,1,71232.0,6961,382.35,8768,71232
10000,1,8769.0,2845,168.52,1231,8769
2,2,2.0,1,0.05,0,2
3,2,3.0,2,0.14,0,3
100,2,85.0,65,4.47,15,85
200,2,170.0,126,8.47,30,170
2000,2,1756.0,1042,67.39,244,1756
10000,2,8760.0,3346,204.97,1240,8760
20000,2,17582.0,5209,304.0,2418,17582
40000,2,35294.0,7407,423.72,4706,35294
60000,2,53202.0,8350,474.5,6798,53202
80000,2,71047.0,9091,514.4,8953,71047
10000,2,8760.0,3346,204.97,1240,8760
2,3,2.0,1,0.05,0,2
3,3,3.0,2,0.14,0,3
100,3,84.0,64,4.58,16,84
200,3,171.0,126,8.92,29,171
2000,3,1703.0,1066,68.77,297,1703
10000,3,8728.0,3094,189.38,1272,8728
20000,3,17563.0,4419,266.8,2437,17563
40000,3,35324.0,6791,395.4,4676,35324
60000,3,53201.0,7552,439.79,6799,53201
80000,3,71071.0,8092,466.29,8929,71071
10000,3,8728.0,3094,189.38,1272,8728
2,4,2.0,1,0.05,0,2
3,4,3.0,2,0.14,0,3
100,4,84.0,66,4.57,16,84
200,4,165.0,125,8.82,35,165
2000,4,1716.0,939,60.91,284,1716
10000,4,8737.0,3186,202.27,1263,8737
20000,4,17601.0,4772,298.24,2399,17601
40000,4,35432.0,6299,385.46,4568,35432
60000,4,53199.0,7821,467.2,6801,53199
80000,4,71084.0,8397,501.77,8916,71084
10000,4,8737.0,3186,202.27,1263,8737
2,5,1.0,1,0.05,1,1
3,5,2.0,2,0.14,1,2
100,5,81.0,65,4.62,19,81
200,5,168.0,132,9.29,32,168
2000,5,1704.0,1266,80.12,296,1704
10000,5,8720.0,4011,235.64,1280,8720
20000,5,17613.0,5924,338.23,2387,17613
40000,5,35329.0,9047,514.17,4671,35329
60000,5,53210.0,9949,566.06,6790,53210
80000,5,70991.0,11210,634.25,9009,70991
10000,5,8720.0,4011,235.64,1280,8720
2,6,2.0,1,0.05,0,2
3,6,3.0,2,0.14,0,3
100,6,83.0,66,4.57,17,83
200,6,172.0,129,8.7,28,172
2000,6,1727.0,1024,66.88,273,1727
10000,6,8779.0,3019,191.45,1221,8779
20000,6,17658.0,4424,268.23,2342,17658
40000,6,35458.0,6324,377.88,4542,35458
60000,6,53252.0,7392,435.04,6748,53252
80000,6,71097.0,8058,470.16,8903,71097
10000,6,8779.0,3019,191.45,1221,8779
2,7,2.0,1,0.05,0,2
3,7,3.0,2,0.14,0,3
100,7,89.0,67,4.56,11,89
200,7,173.0,136,9.27,27,173
2000,7,1720.0,1067,74.37,280,1720
10000,7,8731.0,3371,214.24,1269,8731
20000,7,17625.0,5140,317.45,2375,17625
40000,7,35468.0,6898,419.26,4532,35468
60000,7,53269.0,8488,500.06,6731,53269
80000,7,71160.0,8930,524.45,8840,71160
10000,7,8731.0,3371,214.24,1269,8731
2,8,2.0,1,0.05,0,2
3,8,3.0,2,0.14,0,3
100,8,85.0,62,4.34,15,85
200,8,171.0,125,8.72,29,171
2000,8,1707.0,1029,68.26,293,1707
10000,8,8705.0,3556,218.37,1295,8705
20000,8,17519.0,5526,338.97,2481,17519
40000,8,35278.0,7483,442.64,4722,35278
60000,8,53165.0,8597,497.77,6835,53165
80000,8,71008.0,9268,531.96,8992,71008
10000,8,8705.0,3556,218.37,1295,8705
2,9,1.0,1,0.05,1,1
3,9,2.0,2,0.14,1,2
100,9,84.0,62,4.19,16,84
200,9,170.0,121,8.04,30,170
2000,9,1762.0,867,51.92,238,1762
10000,9,8820.0,2986,182.27,1180,8820
20000,9,17695.0,5110,290.05,2305,17695
40000,9,35446.0,7754,435.88,4554,35446
60000,9,53282.0,9039,507.01,6718,53282
80000,9,71044.0,9677,542.82,8956,71044
10000,9,8820.0,2986,182.27,1180,8820
2,10,2.0,1,0.05,0,2
3,10,3.0,2,0.14,0,3
100,10,84.0,67,4.51,16,84
200,10,168.0,127,8.81,32,168
2000,10,1727.0,1043,64.59,273,1727
10000,10,8757.0,3429,202.45,1243,8757
20000,10,17655.0,5059,295.7,2345,17655
40000,10,35489.0,7604,424.48,4511,35489
60000,10,53303.0,9207,509.22,6697,53303
80000,10,71164.0,9799,543.51,8836,71164
10000,10,8757.0,3429,202.45,1243,8757
2,11,1.0,1,0.05,1,1
3,11,2.0,2,0.14,1,2
100,11,86.0,62,4.24,14,86
200,11,174.0,126,8.57,26,174
2000,11,1713.0,991,62.5,287,1713
10000,11,8743.0,2951,179.59,1257,8743
20000,11,17597.0,4487,270.31,2403,17597
40000,11,35336.0,6485,376.18,4664,35336
60000,11,53237.0,7074,406.33,6763,53237
80000,11,71087.0,7570,432.9,8913,71087
10000,11,8743.0,2951,179.59,1257,8743
2,12,2.0,1,0.05,0,2
3,12,3.0,2,0.14,0,3
100,12,78.0,60,4.25,22,78
200,12,162.0,123,8.58,38,162
2000,12,1692.0,1028,65.76,308,1692
10000,12,8761.0,2832,169.19,1239,8761
20000,12,17572.0,4800,273.05,2428,17572
40000,12,35221.0,6502,368.74,4779,35221
60000,12,53102.0,7663,435.79,6898,53102
80000,12,71022.0,8019,458.81,8978,71022
10000,12,8761.0,2832,169.19,1239,8761
2,13,2.0,1,0.05,0,2
3,13,3.0,2,0.14,0,3
100,13,86.0,66,4.52,14,86
200,13,174.0,129,8.8,26,174
2000,13,1684.0,996,62.12,316,1684
10000,13,8735.0,3254,208.28,1265,8735
20000,13,17536.0,4825,300.07,2464,17536
40000,13,35255.0,6999,417.91,4745,35255
60000,13,53107.0,7783,466.74,6893,53107
80000,13,70912.0,8504,503.68,9088,70912
10000,13,8735.0,3254,208.28,1265,8735
2,14,2.0,1,0.05,0,2
3,14,3.0,2,0.14,0,3
100,14,83.0,65,4.47,17,83
200,14,165.0,121,8.09,35,165
2000,14,1727.0,1103,68.94,273,1727
10000,14,8773.0,3155,192.02,1227,8773
20000,14,17583.0,4561,268.04,2417,17583
40000,14,35388.0,6329,364.26,4612,35388
60000,14,53216.0,8060,457.9,6784,53216
80000,14,71131.0,8804,497.93,8869,71131
10000,14,8773.0,3155,192.02,1227,8773
2,15,2.0,1,0.05,0,2
3,15,3.0,2,0.14,0,3
100,15,81.0,65,4.57,19,81
200,15,167.0,120,8.1,33,167
2000,15,1688.0,1062,67.29,312,1688
10000,15,8696.0,3768,220.11,1304,8696
20000,15,17562.0,4979,289.85,2438,17562
40000,15,35374.0,6358,362.91,4626,35374
60000,15,53161.0,7872,446.99,6839,53161
80000,15,71036.0,8336,477.62,8964,71036
10000,15,8696.0,3768,220.11,1304,8696
2,16,2.0,1,0.05,0,2
3,16,3.0,2,0.14,0,3
100,16,86.0,63,4.33,14,86
200,16,173.0,124,8.63,27,173
2000,16,1717.0,1038,63.56,283,1717
10000,16,8711.0,3538,202.01,1289,8711
20000,16,17503.0,5132,296.14,2497,17503
40000,16,35388.0,6227,361.27,4612,35388
60000,16,53183.0,7416,431.12,6817,53183
80000,16,71049.0,7898,456.66,8951,71049
10000,16,8711.0,3538,202.01,1289,8711
2,17,2.0,1,0.05,0,2
3,17,2.0,2,0.14,1,2
100,17,86.0,65,4.52,14,86
200,17,171.0,128,8.71,29,171
2000,17,1690.0,960,62.3,310,1690
10000,17,8751.0,3459,202.7,1249,8751
20000,17,17687.0,4994,283.03,2313,17687
40000,17,35491.0,6419,370.26,4509,35491
60000,17,53297.0,7343,420.14,6703,53297
80000,17,71117.0,8335,473.13,8883,71117
10000,17,8751.0,3459,202.7,1249,8751
2,18,2.0,1,0.05,0,2
3,18,3.0,2,0.14,0,3
100,18,91.0,63,4.33,9,91
200,18,178.0,125,8.47,22,178
2000,18,1722.0,1114,76.18,278,1722
10000,18,8808.0,3544,218.23,1192,8808
20000,18,17784.0,4987,299.16,2216,17784
40000,18,35514.0,7250,421.05,4486,35514
60000,18,53376.0,8456,485.62,6624,53376
80000,18,71180.0,9336,540.27,8820,71180
10000,18,8808.0,3544,218.23,1192,8808
2,19,2.0,1,0.05,0,2
3,19,3.0,2,0.14,0,3
100,19,85.0,65,4.52,15,85
200,19,169.0,128,8.61,31,169
2000,19,1716.0,1018,64.41,284,1716
10000,19,8781.0,3044,188.08,1219,8781
20000,19,17686.0,4540,268.0,2314,17686
40000,19,35437.0,6417,371.62,4563,35437
60000,19,53327.0,8084,453.28,6673,53327
80000,19,71123.0,8777,489.87,8877,71123
10000,19,8781.0,3044,188.08,1219,8781
2,20,1.0,1,0.05,1,1
3,20,2.0,2,0.14,1,2
100,20,87.0,65,4.52,13,87
200,20,174.0,128,8.81,26,174
2000,20,1752.0,1118,71.06,248,1752
10000,20,8751.0,3792,235.59,1249,8751
20000,20,17613.0,5416,332.47,2387,17613
40000,20,35286.0,7895,473.58,4714,35286
60000,20,53105.0,9165,544.03,6895,53105
80000,20,70996.0,9722,575.69,9004,70996
10000,20,8751.0,3792,235.59,1249,8751
2,21,2.0,1,0.05,0,2
3,21,3.0,2,0.14,0,3
100,21,85.0,65,4.67,15,85
200,21,168.0,131,9.14,32,168
2000,21,1712.0,1112,71.39,288,1712
10000,21,8757.0,2712,169.99,1243,8757
20000,21,17648.0,3624,226.23,2352,17648
40000,21,35490.0,5341,324.45,4510,35490
60000,21,53342.0,6234,376.13,6658,53342
80000,21,71100.0,7291,436.4,8900,71100
10000,21,8757.0,2712,169.99,1243,8757
2,22,1.0,1,0.05,1,1
3,22,2.0,2,0.14,1,2
100,22,82.0,63,4.53,18,82
200,22,170.0,126,8.82,30,170
2000,22,1715.0,1011,62.7,285,1715
10000,22,8716.0,3374,198.78,1284,8716
20000,22,17561.0,5191,293.24,2439,17561
40000,22,35416.0,6876,380.52,4584,35416
60000,22,53264.0,7936,437.02,6736,53264
80000,22,71102.0,8648,477.16,8898,71102
10000,22,8716.0,3374,198.78,1284,8716
2,23,0.0,1,0.05,2,0
3,23,1.0,2,0.14,2,1
100,23,87.0,64,4.48,13,87
200,23,173.0,132,9.09,27,173
2000,23,1742.0,973,60.94,258,1742
10000,23,8820.0,2661,159.74,1180,8820
20000,23,17664.0,4415,273.52,2336,17664
40000,23,35365.0,6431,385.55,4635,35365
60000,23,53127.0,7790,465.1,6873,53127
80000,23,71031.0,8561,514.55,8969,71031
10000,23,8820.0,2661,159.74,1180,8820
2,24,2.0,1,0.05,0,2
3,24,3.0,2,0.14,0,3
100,24,90.0,65,4.42,10,90
200,24,174.0,135,9.42,26,174
2000,24,1747.0,887,60.42,253,1747
10000,24,8753.0,3123,209.43,1247,8753
20000,24,17580.0,4951,317.0,2420,17580
40000,24,35394.0,6325,401.48,4606,35394
60000,24,53180.0,7144,447.78,6820,53180
80000,24,71025.0,7698,479.26,8975,71025
10000,24,8753.0,3123,209.43,1247,8753
2,25,1.0,1,0.05,1,1
3,25,2.0,2,0.14,1,2
100,25,82.0,65,4.67,18,82
200,25,164.0,122,8.64,36,164
2000,25,1744.0,1020,68.05,256,1744
10000,25,8804.0,3262,203.89,1196,8804
20000,25,17615.0,5240,309.95,2385,17615
40000,25,35370.0,7387,425.57,4630,35370
60000,25,53267.0,8408,478.66,6733,53267
80000,25,71084.0,9078,514.86,8916,71084
10000,25,8804.0,3262,203.89,1196,8804
2,26,2.0,1,0.05,0,2
3,26,3.0,2,0.14,0,3
100,26,89.0,66,4.67,11,89
200,26,178.0,129,9.2,22,178
2000,26,1717.0,1012,68.09,283,1717
10000,26,8726.0,2891,190.39,1274,8726
20000,26,17606.0,4250,270.25,2394,17606
40000,26,35440.0,6103,383.54,4560,35440
60000,26,53275.0,6968,434.96,6725,53275
80000,26,71228.0,7536,468.57,8772,71228
10000,26,8726.0,2891,190.39,1274,8726
2,27,1.0,1,0.05,1,1
3,27,2.0,2,0.14,1,2
100,27,84.0,59,4.2,16,84
200,27,164.0,121,8.54,36,164
2000,27,1748.0,988,65.61,252,1748
10000,27,8789.0,3196,212.82,1211,8789
20000,27,17617.0,4907,321.02,2383,17617
40000,27,35415.0,6208,400.51,4585,35415
60000,27,53354.0,6720,429.25,6646,53354
80000,27,71170.0,7204,460.93,8830,71170
10000,27,8789.0,3196,212.82,1211,8789
2,28,2.0,1,0.05,0,2
3,28,3.0,2,0.14,0,3
100,28,87.0,64,4.48,13,87
200,28,168.0,134,9.13,32,168
2000,28,1718.0,977,64.72,282,1718
10000,28,8711.0,3360,213.7,1289,8711
20000,28,17537.0,4927,305.96,2463,17537
40000,28,35322.0,7123,416.39,4678,35322
60000,28,53087.0,9373,530.74,6913,53087
80000,28,71028.0,9954,562.33,8972,71028
10000,28,8711.0,3360,213.7,1289,8711
2,29,2.0,1,0.05,0,2
3,29,3.0,2,0.14,0,3
100,29,86.0,64,4.33,14,86
200,29,176.0,124,8.43,24,176
2000,29,1695.0,1044,66.83,305,1695
10000,29,8691.0,3393,204.88,1309,8691
20000,29,17572.0,4764,287.13,2428,17572
40000,29,35457.0,5941,353.8,4543,35457
60000,29,53354.0,7601,449.15,6646,53354
80000,29,71138.0,9098,527.21,8862,71138
10000,29,8691.0,3393,204.88,1309,8691
2,30,2.0,1,0.05,0,2
3,30,3.0,2,0.14,0,3
100,30,84.0,62,4.29,16,84
200,30,169.0,119,8.2,31,169
2000,30,1720.0,1118,69.51,280,1720
10000,30,8677.0,3936,232.22,1323,8677
20000,30,17544.0,5467,315.41,2456,17544
40000,30,35314.0,7459,421.51,4686,35314
60000,30,53150.0,8405,485.13,6850,53150
80000,30,71051.0,9454,539.03,8949,71051
10000,30,8677.0,3936,232.22,1323,8677
2,31,2.0,1,0.05,0,2
3,31,3.0,2,0.14,0,3
100,31,86.0,61,4.39,14,86
200,31,173.0,115,8.12,27,173
2000,31,1702.0,1107,76.12,298,1702
10000,31,8737.0,3646,229.87,1263,8737
20000,31,17585.0,5487,332.82,2415,17585
40000,31,35403.0,7066,425.52,4597,35403
60000,31,53318.0,8000,476.3,6682,53318
80000,31,71154.0,8886,523.02,8846,71154
10000,31,8737.0,3646,229.87,1263,8737
2,32,2.0,1,0.05,0,2
3,32,3.0,2,0.14,0,3
100,32,79.0,62,4.34,21,79
200,32,162.0,123,8.58,38,162
2000,32,1716.0,1124,70.28,284,1716
10000,32,8715.0,3648,230.91,1285,8715
20000,32,17542.0,5652,350.49,2458,17542
40000,32,35409.0,7933,476.94,4591,35409
60000,32,53300.0,9120,543.0,6700,53300
80000,32,71071.0,10082,598.49,8929,71071
10000,32,8715.0,3648,230.91,1285,8715
2,33,2.0,1,0.05,0,2
3,33,2.0,2,0.14,1,2
100,33,90.0,64,4.38,10,90
200,33,170.0,132,8.79,30,170
2000,33,1720.0,1022,66.79,280,1720
10000,33,8727.0,3726,228.32,1273,8727
20000,33,17608.0,5019,305.6,2392,17608
40000,33,35332.0,7030,414.15,4668,35332
60000,33,53180.0,7910,470.25,6820,53180
80000,33,71060.0,8432,500.99,8940,71060
10000,33,8727.0,3726,228.32,1273,8727
2,34,2.0,1,0.05,0,2
3,34,3.0,2,0.14,0,3
100,34,78.0,66,4.67,22,78
200,34,160.0,138,9.26,40,160
2000,34,1716.0,1066,68.37,284,1716
10000,34,8747.0,3499,212.3,1253,8747
20000,34,17581.0,5446,312.72,2419,17581
40000,34,35334.0,7454,420.33,4666,35334
60000,34,53176.0,8380,470.4,6824,53176
80000,34,71082.0,9116,516.22,8918,71082
10000,34,8747.0,3499,212.3,1253,8747
2,35,1.0,1,0.05,1,1
3,35,1.0,2,0.14,2,1
100,35,89.0,64,4.43,11,89
200,35,175.0,129,9.0,25,175
2000,35,1726.0,1030,68.05,274,1726
10000,35,8724.0,3371,206.64,1276,8724
20000,35,17589.0,4411,272.14,2411,17589
40000,35,35359.0,5727,348.32,4641,35359
60000,35,53256.0,6535,391.93,6744,53256
80000,35,71102.0,8258,475.96,8898,71102
10000,35,8724.0,3371,206.64,1276,8724
2,36,1.0,1,0.05,1,1
3,36,2.0,2,0.14,1,2
100,36,83.0,62,4.24,17,83
200,36,168.0,130,8.75,32,168
2000,36,1725.0,955,60.03,275,1725
10000,36,8692.0,2917,184.81,1308,8692
20000,36,17630.0,4330,264.0,2370,17630
40000,36,35513.0,5766,348.22,4487,35513
60000,36,53327.0,7137,435.12,6673,53327
80000,36,71247.0,8062,489.29,8753,71247
10000,36,8692.0,2917,184.81,1308,8692
2,37,2.0,1,0.05,0,2
3,37,2.0,2,0.14,1,2
100,37,91.0,62,4.39,9,91
200,37,171.0,124,8.83,29,171
2000,37,1723.0,1008,67.06,277,1723
10000,37,8744.0,3276,203.67,1256,8744
20000,37,17652.0,5144,316.48,2348,17652
40000,37,35447.0,7225,428.43,4553,35447
60000,37,53296.0,9088,522.51,6704,53296
80000,37,71166.0,10733,605.89,8834,71166
10000,37,8744.0,3276,203.67,1256,8744
2,38,2.0,1,0.05,0,2
3,38,3.0,2,0.14,0,3
100,38,83.0,64,4.33,17,83
200,38,165.0,120,8.05,35,165
2000,38,1721.0,948,61.96,279,1721
10000,38,8746.0,3290,211.4,1254,8746
20000,38,17647.0,4768,289.21,2353,17647
40000,38,35423.0,7091,412.6,4577,35423
60000,38,53187.0,8238,476.21,6813,53187
80000,38,71031.0,9540,542.55,8969,71031
10000,38,8746.0,3290,211.4,1254,8746
2,39,2.0,1,0.05,0,2
3,39,3.0,2,0.14,0,3
100,39,88.0,63,4.23,12,88
200,39,178.0,124,8.53,22,178
2000,39,1755.0,956,60.47,245,1755
10000,39,8760.0,3617,216.96,1240,8760
20000,39,17686.0,5263,315.74,2314,17686
40000,39,35498.0,6961,420.65,4502,35498
60000,39,53287.0,8522,517.04,6713,53287
80000,39,71204.0,9165,552.58,8796,71204
10000,39,8760.0,3617,216.96,1240,8760
2,40,2.0,1,0.05,0,2
3,40,3.0,2,0.14,0,3
100,40,86.0,60,4.1,14,86
200,40,170.0,114,7.68,30,170
2000,40,1718.0,1028,65.91,282,1718
10000,40,8756.0,3198,201.21,1244,8756
20000,40,17639.0,4415,276.12,2361,17639
40000,40,35425.0,5878,363.66,4575,35425
60000,40,53306.0,6621,407.5,6694,53306
80000,40,71178.0,7379,455.46,8822,71178
10000,40,8756.0,3198,201.21,1244,8756
2,41,1.0,1,0.05,1,1
3,41,2.0,2,0.14,1,2
100,41,81.0,68,4.71,19,81
200,41,170.0,126,8.47,30,170
2000,41,1700.0,1060,70.45,300,1700
10000,41,8721.0,3414,210.58,1279,8721
20000,41,17534.0,5029,298.1,2466,17534
40000,41,35330.0,7223,413.74,4670,35330
60000,41,53139.0,8482,476.69,6861,53139
80000,41,71017.0,9787,543.17,8983,71017
10000,41,8721.0,3414,210.58,1279,8721
2,42,2.0,1,0.05,0,2
3,42,3.0,2,0.14,0,3
100,42,92.0,64,4.33,8,92
200,42,174.0,128,8.51,26,174
2000,42,1744.0,1042,66.69,256,1744
10000,42,8754.0,3167,191.91,1246,8754
20000,42,17609.0,4379,263.05,2391,17609
40000,42,35398.0,5622,335.79,4602,35398
60000,42,53225.0,6857,399.27,6775,53225
80000,42,71101.0,7740,445.6,8899,71101
10000,42,8754.0,3167,191.91,1246,8754
2,43,1.0,1,0.05,1,1
3,43,2.0,2,0.14,1,2
100,43,81.0,58,4.21,19,81
200,43,171.0,124,9.03,29,171
2000,43,1710.0,1031,67.7,290,1710
10000,43,8735.0,3076,190.22,1265,8735
20000,43,17623.0,4742,275.54,2377,17623
40000,43,35458.0,6732,377.69,4542,35458
60000,43,53282.0,7815,435.18,6718,53282
80000,43,71065.0,8819,483.86,8935,71065
10000,43,8735.0,3076,190.22,1265,8735
2,44,2.0,1,0.05,0,2
3,44,3.0,2,0.14,0,3
100,44,88.0,65,4.37,12,88
200,44,170.0,121,8.34,30,170
2000,44,1731.0,972,62.79,269,1731
10000,44,8761.0,3774,222.03,1239,8761
20000,44,17607.0,5447,321.42,2393,17607
40000,44,35400.0,6849,399.76,4600,35400
60000,44,53236.0,8135,464.53,6764,53236
80000,44,71160.0,8590,488.4,8840,71160
10000,44,8761.0,3774,222.03,1239,8761
2,45,2.0,1,0.05,0,2
3,45,3.0,2,0.14,0,3
100,45,84.0,66,4.47,16,84
200,45,167.0,127,8.66,33,167
2000,45,1715.0,1005,66.78,285,1715
10000,45,8715.0,3566,223.37,1285,8715
20000,45,17570.0,5643,334.89,2430,17570
40000,45,35326.0,8022,466.79,4674,35326
60000,45,53165.0,9174,525.13,6835,53165
80000,45,70927.0,9895,564.38,9073,70927
10000,45,8715.0,3566,223.37,1285,8715
2,46,1.0,1,0.05,1,1
3,46,1.0,2,0.14,2,1
100,46,85.0,68,4.71,15,85
200,46,169.0,129,8.7,31,169
2000,46,1732.0,1126,71.87,268,1732
10000,46,8715.0,4295,256.67,1285,8715
20000,46,17607.0,5800,342.55,2393,17607
40000,46,35400.0,7577,447.17,4600,35400
60000,46,53219.0,8668,506.31,6781,53219
80000,46,71037.0,9524,554.38,8963,71037
10000,46,8715.0,4295,256.67,1285,8715
2,47,2.0,1,0.05,0,2
3,47,3.0,2,0.14,0,3
100,47,83.0,65,4.47,17,83
200,47,169.0,129,8.85,31,169
2000,47,1728.0,1161,72.9,272,1728
10000,47,8788.0,3516,211.57,1212,8788
20000,47,17640.0,5481,315.54,2360,17640
40000,47,35360.0,7788,446.26,4640,35360
60000,47,53238.0,8662,497.14,6762,53238
80000,47,71160.0,9662,550.84,8840,71160
10000,47,8788.0,3516,211.57,1212,8788
2,48,1.0,1,0.05,1,1
3,48,2.0,2,0.14,1,2
100,48,89.0,68,4.61,11,89
200,48,177.0,131,8.69,23,177
2000,48,1748.0,947,61.32,252,1748
10000,48,8777.0,3046,188.02,1223,8777
20000,48,17662.0,4245,258.82,2338,17662
40000,48,35471.0,6021,352.85,4529,35471
60000,48,53301.0,6825,395.68,6699,53301
80000,48,71179.0,7956,456.82,8821,71179
10000,48,8777.0,3046,188.02,1223,8777
2,49,1.0,1,0.05,1,1
3,49,2.0,2,0.14,1,2
100,49,84.0,65,4.42,16,84
200,49,172.0,126,8.62,28,172
2000,49,1709.0,1053,67.29,291,1709
10000,49,8755.0,3513,216.58,1245,8755
20000,49,17610.0,5082,306.24,2390,17610
40000,49,35423.0,6840,400.1,4577,35423
60000,49,53243.0,7897,455.62,6757,53243
80000,49,71066.0,8931,505.65,8934,71066
10000,49,8755.0,3513,216.58,1245,8755
2,50,1.0,1,0.05,1,1
3,50,2.0,2,0.14,1,2
100,50,83.0,64,4.48,17,83
200,50,162.0,128,9.01,38,162
2000,50,1731.0,1031,63.6,269,1731
10000,50,8724.0,3281,212.04,1276,8724
20000,50,17578.0,4755,303.52,2422,17578
40000,50,35404.0,6548,398.81,4596,35404
60000,50,53281.0,8208,496.91,6719,53281
80000,50,71108.0,9590,572.85,8892,71108
10000,50,8724.0,3281,212.04,1276,8724
2,51,2.0,1,0.05,0,2
3,51,3.0,2,0.14,0,3
100,51,83.0,64,4.53,17,83
200,51,168.0,123,8.83,32,168
2000,51,1723.0,1104,71.73,277,1723
10000,51,8737.0,3483,202.68,1263,8737
20000,51,17555.0,5074,296.53,2445,17555
40000,51,35268.0,7412,421.64,4732,35268
60000,51,53138.0,8180,460.5,6862,53138
80000,51,70970.0,8989,504.21,9030,70970
10000,51,8737.0,3483,202.68,1263,8737
2,52,1.0,1,0.05,1,1
3,52,1.0,2,0.14,2,1
100,52,80.0,61,4.04,20,80
200,52,162.0,120,7.8,38,162
2000,52,1724.0,986,62.32,276,1724
10000,52,8740.0,3169,193.45,1260,8740
20000,52,17582.0,5090,298.25,2418,17582
40000,52,35376.0,7099,406.51,4624,35376
60000,52,53139.0,8208,463.16,6861,53139
80000,52,70913.0,9049,514.01,9087,70913
10000,52,8740.0,3169,193.45,1260,8740
2,53,2.0,1,0.05,0,2
3,53,3.0,2,0.14,0,3
100,53,78.0,66,4.77,22,78
200,53,164.0,131,9.34,36,164
2000,53,1700.0,996,67.42,300,1700
10000,53,8727.0,3837,231.11,1273,8727
20000,53,17591.0,5832,345.54,2409,17591
40000,53,35384.0,8141,469.55,4616,35384
60000,53,53152.0,9445,534.53,6848,53152
80000,53,70991.0,9835,555.93,9009,70991
10000,53,8727.0,3837,231.11,1273,8727
2,54,1.0,1,0.05,1,1
3,54,2.0,2,0.14,1,2
100,54,82.0,67,4.71,18,82
200,54,168.0,126,9.07,32,168
2000,54,1734.0,1039,70.81,266,1734
10000,54,8786.0,3308,200.01,1214,8786
20000,54,17624.0,5632,321.19,2376,17624
40000,54,35336.0,8105,457.28,4664,35336
60000,54,53140.0,10111,561.15,6860,53140
80000,54,70916.0,11303,623.98,9084,70916
10000,54,8786.0,3308,200.01,1214,8786
2,55,2.0,1,0.05,0,2
3,55,3.0,2,0.14,0,3
100,55,89.0,64,4.53,11,89
200,55,173.0,124,8.43,27,173
2000,55,1722.0,1013,62.54,278,1722
10000,55,8741.0,3729,205.75,1259,8741
20000,55,17558.0,5896,317.47,2442,17558
40000,55,35205.0,8240,446.8,4795,35205
60000,55,53002.0,9316,508.07,6998,53002
80000,55,70898.0,9566,523.97,9102,70898
10000,55,8741.0,3729,205.75,1259,8741
2,56,2.0,1,0.05,0,2
3,56,3.0,2,0.14,0,3
100,56,81.0,61,3.99,19,81
200,56,166.0,117,7.91,34,166
2000,56,1704.0,1019,67.71,296,1704
10000,56,8773.0,3102,185.84,1227,8773
20000,56,17566.0,5079,303.2,2434,17566
40000,56,35410.0,6805,409.28,4590,35410
60000,56,53234.0,7547,449.37,6766,53234
80000,56,71046.0,8713,505.49,8954,71046
10000,56,8773.0,3102,185.84,1227,8773
2,57,2.0,1,0.05,0,2
3,57,3.0,2,0.14,0,3
100,57,88.0,63,4.48,12,88
200,57,161.0,131,9.14,39,161
2000,57,1721.0,931,60.15,279,1721
10000,57,8733.0,3348,202.11,1267,8733
20000,57,17620.0,4795,281.02,2380,17620
40000,57,35425.0,6969,411.36,4575,35425
60000,57,53258.0,8243,478.24,6742,53258
80000,57,71083.0,9572,549.04,8917,71083
10000,57,8733.0,3348,202.11,1267,8733
2,58,2.0,1,0.05,0,2
3,58,3.0,2,0.14,0,3
100,58,80.0,70,4.65,20,80
200,58,171.0,133,8.88,29,171
2000,58,1717.0,1109,70.56,283,1717
10000,58,8755.0,3545,213.32,1245,8755
20000,58,17535.0,5702,342.14,2465,17535
40000,58,35346.0,7379,431.26,4654,35346
60000,58,53244.0,8983,517.24,6756,53244
80000,58,71083.0,9500,544.75,8917,71083
10000,58,8755.0,3545,213.32,1245,8755
2,59,2.0,1,0.05,0,2
3,59,3.0,2,0.14,0,3
100,59,82.0,64,4.63,18,82
200,59,169.0,126,8.67,31,169
2000,59,1740.0,1073,69.84,260,1740
10000,59,8765.0,3694,232.18,1235,8765
20000,59,17658.0,5427,328.37,2342,17658
40000,59,35430.0,7426,447.97,4570,35430
60000,59,53373.0,8194,487.83,6627,53373
80000,59,71288.0,8783,522.54,8712,71288
10000,59,8765.0,3694,232.18,1235,8765
2,60,2.0,1,0.05,0,2
3,60,3.0,2,0.14,0,3
100,60,90.0,70,4.85,10,90
200,60,174.0,135,9.42,26,174
2000,60,1723.0,1071,73.8,277,1723
10000,60,8724.0,3571,212.74,1276,8724
20000,60,17655.0,4831,288.59,2345,17655
40000,60,35431.0,7693,455.49,4569,35431
60000,60,53231.0,8843,522.09,6769,53231
80000,60,71140.0,9620,566.95,8860,71140
10000,60,8724.0,3571,212.74,1276,8724
2,61,1.0,1,0.05,1,1
3,61,2.0,2,0.14,1,2
100,61,85.0,65,4.62,15,85
200,61,172.0,129,9.2,28,172
2000,61,1719.0,890,60.35,281,1719
10000,61,8749.0,2952,183.19,1251,8749
20000,61,17603.0,4712,285.74,2397,17603
40000,61,35436.0,6588,390.01,4564,35436
60000,61,53261.0,7593,445.49,6739,53261
80000,61,71050.0,8801,510.35,8950,71050
10000,61,8749.0,2952,183.19,1251,8749
2,62,2.0,1,0.05,0,2
3,62,3.0,2,0.14,0,3
100,62,88.0,65,4.62,12,88
200,62,177.0,135,9.37,23,177
2000,62,1728.0,1059,70.71,272,1728
10000,62,8786.0,2896,185.17,1214,8786
20000,62,17663.0,4244,263.33,2337,17663
40000,62,35451.0,5906,355.42,4549,35451
60000,62,53306.0,7340,425.25,6694,53306
80000,62,71227.0,8241,471.3,8773,71227
10000,62,8786.0,2896,185.17,1214,8786
2,63,2.0,1,0.05,0,2
3,63,2.0,2,0.14,1,2
100,63,84.0,64,4.33,16,84
200,63,173.0,130,8.65,27,173
2000,63,1718.0,1160,73.85,282,1718
10000,63,8737.0,3514,217.63,1263,8737
20000,63,17593.0,5111,316.7,2407,17593
40000,63,35320.0,7151,439.9,4680,35320
60000,63,53140.0,8112,498.69,6860,53140
80000,63,71023.0,8778,533.66,8977,71023
10000,63,8737.0,3514,217.63,1263,8737
2,64,2.0,1,0.05,0,2
3,64,3.0,2,0.14,0,3
100,64,84.0,66,4.77,16,84
200,64,170.0,129,9.3,30,170
2000,64,1739.0,1120,71.2,261,1739
10000,64,8777.0,3210,198.8,1223,8777
20000,64,17711.0,4869,284.55,2289,17711
40000,64,35492.0,7069,400.96,4508,35492
60000,64,53414.0,8537,471.72,6586,53414
80000,64,71323.0,9402,519.34,8677,71323
10000,64,8777.0,3210,198.8,1223,8777
2,65,2.0,1,0.05,0,2
3,65,3.0,2,0.14,0,3
100,65,93.0,66,4.57,7,93
200,65,176.0,134,8.93,24,176
2000,65,1728.0,1019,65.26,272,1728
10000,65,8750.0,3628,214.86,1250,8750
20000,65,17525.0,5639,340.11,2475,17525
40000,65,35364.0,7456,441.97,4636,35364
60000,65,53241.0,8066,474.02,6759,53241
80000,65,71137.0,9059,533.11,8863,71137
10000,65,8750.0,3628,214.86,1250,8750
2,66,1.0,1,0.05,1,1
3,66,2.0,2,0.14,1,2
100,66,87.0,66,4.47,13,87
200,66,171.0,130,8.7,29,171
2000,66,1724.0,1061,70.75,276,1724
10000,66,8815.0,3420,213.9,1185,8815
20000,66,17629.0,5151,309.89,2371,17629
40000,66,35493.0,6864,398.63,4507,35493
60000,66,53309.0,8338,473.11,6691,53309
80000,66,71225.0,9240,522.15,8775,71225
10000,66,8815.0,3420,213.9,1185,8815
2,67,2.0,1,0.05,0,2
3,67,3.0,2,0.14,0,3
100,67,89.0,62,4.34,11,89
200,67,174.0,122,8.29,26,174
2000,67,1749.0,980,62.15,251,1749
10000,67,8736.0,3848,235.16,1264,8736
20000,67,17550.0,5506,335.87,2450,17550
40000,67,35382.0,7140,429.05,4618,35382
60000,67,53180.0,8327,495.62,6820,53180
80000,67,71015.0,9507,553.77,8985,71015
10000,67,8736.0,3848,235.16,1264,8736
2,68,2.0,1,0.05,0,2
3,68,3.0,2,0.14,0,3
100,68,85.0,64,4.53,15,85
200,68,174.0,125,8.72,26,174
2000,68,1742.0,1006,66.22,258,1742
10000,68,8780.0,3472,226.94,1220,8780
20000,68,17647.0,4975,319.53,2353,17647
40000,68,35353.0,7797,477.97,4647,35353
60000,68,53279.0,8886,544.02,6721,53279
80000,68,71151.0,9570,579.55,8849,71151
10000,68,8780.0,3472,226.94,1220,8780
2,69,2.0,1,0.05,0,2
3,69,3.0,2,0.14,0,3
100,69,82.0,63,4.38,18,82
200,69,170.0,127,8.71,30,170
2000,69,1686.0,938,62.91,314,1686
10000,69,8699.0,2985,185.17,1301,8699
20000,69,17568.0,4167,263.81,2432,17568
40000,69,35387.0,5548,345.41,4613,35387
60000,69,53270.0,6416,392.92,6730,53270
80000,69,71075.0,7512,453.59,8925,71075
10000,69,8699.0,2985,185.17,1301,8699
2,70,2.0,1,0.05,0,2
3,70,3.0,2,0.14,0,3
100,70,89.0,64,4.43,11,89
200,70,173.0,128,8.71,27,173
2000,70,1728.0,945,58.43,272,1728
10000,70,8784.0,2896,178.42,1216,8784
20000,70,17665.0,4788,284.31,2335,17665
40000,70,35416.0,6600,392.6,4584,35416
60000,70,53241.0,8140,478.4,6759,53241
80000,70,71167.0,8695,508.48,8833,71167
10000,70,8784.0,2896,178.42,1216,8784
2,71,2.0,1,0.05,0,2
3,71,3.0,2,0.14,0,3
100,71,90.0,63,4.53,10,90
200,71,171.0,128,9.06,29,171
2000,71,1726.0,1041,66.25,274,1726
10000,71,8679.0,3535,215.22,1321,8679
20000,71,17514.0,5005,303.67,2486,17514
40000,71,35346.0,6826,408.57,4654,35346
60000,71,53098.0,8433,493.14,6902,53098
80000,71,70956.0,8987,521.22,9044,70956
10000,71,8679.0,3535,215.22,1321,8679
2,72,2.0,1,0.05,0,2
3,72,3.0,2,0.14,0,3
100,72,86.0,62,4.29,14,86
200,72,171.0,118,8.06,29,171
2000,72,1719.0,1101,69.45,281,1719
10000,72,8761.0,3047,192.21,1239,8761
20000,72,17609.0,4513,273.03,2391,17609
40000,72,35466.0,6586,396.12,4534,35466
60000,72,53333.0,7558,450.91,6667,53333
80000,72,71149.0,8370,499.15,8851,71149
10000,72,8761.0,3047,192.21,1239,8761
2,73,1.0,1,0.05,1,1
3,73,2.0,2,0.14,1,2
100,73,80.0,63,4.23,20,80
200,73,166.0,121,8.04,34,166
2000,73,1698.0,1101,71.0,302,1698
10000,73,8695.0,3453,212.53,1305,8695
20000,73,17561.0,4631,281.14,2439,17561
40000,73,35420.0,5915,362.68,4580,35420
60000,73,53304.0,6779,412.51,6696,53304
80000,73,71188.0,7556,459.82,8812,71188
10000,73,8695.0,3453,212.53,1305,8695
2,74,1.0,1,0.05,1,1
3,74,2.0,2,0.14,1,2
100,74,89.0,67,4.71,11,89
200,74,177.0,131,9.24,23,177
2000,74,1733.0,1108,72.41,267,1733
10000,74,8697.0,4022,244.14,1303,8697
20000,74,17515.0,6125,357.48,2485,17515
40000,74,35372.0,7660,435.75,4628,35372
60000,74,53185.0,8796,497.77,6815,53185
80000,74,70991.0,9613,539.44,9009,70991
10000,74,8697.0,4022,244.14,1303,8697
2,75,2.0,1,0.05,0,2
3,75,3.0,2,0.14,0,3
100,75,88.0,64,4.43,12,88
200,75,175.0,129,9.2,25,175
2000,75,1740.0,971,64.75,260,1740
10000,75,8743.0,3635,222.57,1257,8743
20000,75,17631.0,5275,315.63,2369,17631
40000,75,35417.0,6888,415.66,4583,35417
60000,75,53205.0,8359,511.51,6795,53205
80000,75,71008.0,9041,551.3,8992,71008
10000,75,8743.0,3635,222.57,1257,8743
2,76,2.0,1,0.05,0,2
3,76,3.0,2,0.14,0,3
100,76,87.0,64,4.28,13,87
200,76,172.0,132,8.84,28,172
2000,76,1723.0,1072,66.39,277,1723
10000,76,8791.0,3227,190.61,1209,8791
20000,76,17578.0,4605,265.52,2422,17578
40000,76,35406.0,6112,346.64,4594,35406
60000,76,53188.0,7693,446.89,6812,53188
80000,76,71101.0,8177,473.97,8899,71101
10000,76,8791.0,3227,190.61,1209,8791
2,77,2.0,1,0.05,0,2
3,77,2.0,2,0.14,1,2
100,77,85.0,62,4.44,15,85
200,77,174.0,125,8.72,26,174
2000,77,1720.0,1070,68.15,280,1720
10000,77,8742.0,3929,237.75,1258,8742
20000,77,17712.0,5461,327.2,2288,17712
40000,77,35641.0,7393,444.19,4359,35641
60000,77,53527.0,8571,511.85,6473,53527
80000,77,71358.0,9490,564.0,8642,71358
10000,77,8742.0,3929,237.75,1258,8742
2,78,2.0,1,0.05,0,2
3,78,3.0,2,0.14,0,3
100,78,85.0,61,4.19,15,85
200,78,169.0,120,8.05,31,169
2000,78,1721.0,951,61.65,279,1721
10000,78,8762.0,3138,190.06,1238,8762
20000,78,17604.0,4568,268.76,2396,17604
40000,78,35375.0,7200,401.05,4625,35375
60000,78,53166.0,8231,453.35,6834,53166
80000,78,70962.0,9081,498.5,9038,70962
10000,78,8762.0,3138,190.06,1238,8762
2,79,2.0,1,0.05,0,2
3,79,3.0,2,0.14,0,3
100,79,88.0,68,4.61,12,88
200,79,173.0,131,8.64,27,173
2000,79,1729.0,1060,67.55,271,1729
10000,79,8783.0,3178,194.96,1217,8783
20000,79,17661.0,4637,279.56,2339,17661
40000,79,35466.0,6498,390.81,4534,35466
60000,79,53279.0,7713,466.29,6721,53279
80000,79,71098.0,8733,519.19,8902,71098
10000,79,8783.0,3178,194.96,1217,8783
2,80,2.0,1,0.05,0,2
3,80,3.0,2,0.14,0,3
100,80,81.0,63,4.43,19,81
200,80,164.0,119,8.7,36,164
2000,80,1712.0,966,63.82,288,1712
10000,80,8739.0,2785,171.32,1261,8739
20000,80,17586.0,3882,241.99,2414,17586
40000,80,35333.0,5440,330.25,4667,35333
60000,80,53083.0,6513,393.24,6917,53083
80000,80,70954.0,7329,434.56,9046,70954
10000,80,8739.0,2785,171.32,1261,8739
2,81,2.0,1,0.05,0,2
3,81,3.0,2,0.14,0,3
100,81,85.0,67,4.56,15,85
200,81,173.0,128,8.56,27,173
2000,81,1732.0,990,65.15,268,1732
10000,81,8704.0,3947,232.21,1296,8704
20000,81,17592.0,5456,308.77,2408,17592
40000,81,35305.0,8274,455.98,4695,35305
60000,81,53168.0,9103,501.89,6832,53168
80000,81,71117.0,9901,541.3,8883,71117
10000,81,8704.0,3947,232.21,1296,8704
2,82,1.0,1,0.05,1,1
3,82,2.0,2,0.14,1,2
100,82,90.0,64,4.33,10,90
200,82,175.0,132,8.99,25,175
2000,82,1740.0,1070,68.55,260,1740
10000,82,8741.0,3270,195.85,1259,8741
20000,82,17580.0,5036,290.22,2420,17580
40000,82,35328.0,6916,389.77,4672,35328
60000,82,53141.0,7991,450.05,6859,53141
80000,82,71055.0,8562,481.64,8945,71055
10000,82,8741.0,3270,195.85,1259,8741
2,83,1.0,1,0.05,1,1
3,83,2.0,2,0.14,1,2
100,83,86.0,66,4.62,14,86
200,83,173.0,133,9.28,27,173
2000,83,1717.0,1080,72.65,283,1717
10000,83,8740.0,3352,207.99,1260,8740
20000,83,17627.0,4896,296.87,2373,17627
40000,83,35429.0,6350,385.75,4571,35429
60000,83,53293.0,7427,439.37,6707,53293
80000,83,71174.0,8381,488.75,8826,71174
10000,83,8740.0,3352,207.99,1260,8740
2,84,2.0,1,0.05,0,2
3,84,2.0,2,0.14,1,2
100,84,83.0,64,4.53,17,83
200,84,162.0,123,8.83,38,162
2000,84,1698.0,1074,70.68,302,1698
10000,84,8725.0,3220,207.45,1275,8725
20000,84,17606.0,4437,280.26,2394,17606
40000,84,35513.0,5838,355.01,4487,35513
60000,84,53349.0,6825,411.38,6651,53349
80000,84,71247.0,7455,441.63,8753,71247
10000,84,8725.0,3220,207.45,1275,8725
2,85,2.0,1,0.05,0,2
3,85,3.0,2,0.14,0,3
100,85,86.0,68,4.66,14,86
200,85,173.0,140,9.65,27,173
2000,85,1713.0,1141,72.25,287,1713
10000,85,8741.0,3802,221.99,1259,8741
20000,85,17627.0,5517,324.57,2373,17627
40000,85,35404.0,7810,448.4,4596,35404
60000,85,53274.0,8762,499.69,6726,53274
80000,85,71095.0,9429,535.01,8905,71095
10000,85,8741.0,3802,221.99,1259,8741
2,86,2.0,1,0.05,0,2
3,86,3.0,2,0.14,0,3
100,86,87.0,66,4.57,13,87
200,86,169.0,125,8.67,31,169
2000,86,1733.0,975,64.73,267,1733
10000,86,8751.0,3204,197.63,1249,8751
20000,86,17609.0,4793,283.93,2391,17609
40000,86,35436.0,7199,435.51,4564,35436
60000,86,53287.0,8636,509.67,6713,53287
80000,86,71125.0,9376,546.92,8875,71125
10000,86,8751.0,3204,197.63,1249,8751
2,87,2.0,1,0.05,0,2
3,87,3.0,2,0.14,0,3
100,87,82.0,65,4.47,18,82
200,87,167.0,132,8.84,33,167
2000,87,1733.0,1030,66.05,267,1733
10000,87,8766.0,3361,204.34,1234,8766
20000,87,17577.0,5515,335.08,2423,17577
40000,87,35346.0,7614,447.28,4654,35346
60000,87,53184.0,8514,497.33,6816,53184
80000,87,71066.0,9057,528.77,8934,71066
10000,87,8766.0,3361,204.34,1234,8766
2,88,2.0,1,0.05,0,2
3,88,3.0,2,0.14,0,3
100,88,82.0,61,4.19,18,82
200,88,168.0,118,7.96,32,168
2000,88,1720.0,936,64.47,280,1720
10000,88,8800.0,3018,191.76,1200,8800
20000,88,17699.0,4124,259.23,2301,17699
40000,88,35443.0,5628,342.41,4557,35443
60000,88,53175.0,7153,421.69,6825,53175
80000,88,71021.0,8015,470.33,8979,71021
10000,88,8800.0,3018,191.76,1200,8800
2,89,1.0,1,0.05,1,1
3,89,2.0,2,0.14,1,2
100,89,83.0,65,4.62,17,83
200,89,169.0,130,9.0,31,169
2000,89,1689.0,1107,70.77,311,1689
10000,89,8724.0,3717,220.11,1276,8724
20000,89,17577.0,6036,339.07,2423,17577
40000,89,35346.0,8853,476.99,4654,35346
60000,89,53137.0,10508,565.46,6863,53137
80000,89,71014.0,11236,615.37,8986,71014
10000,89,8724.0,3717,220.11,1276,8724
2,90,2.0,1,0.05,0,2
3,90,3.0,2,0.14,0,3
100,90,85.0,64,4.33,15,85
200,90,171.0,122,8.04,29,171
2000,90,1731.0,920,62.1,269,1731
10000,90,8767.0,3519,216.6,1233,8767
20000,90,17623.0,5493,322.59,2377,17623
40000,90,35359.0,7859,448.26,4641,35359
60000,90,53195.0,9415,526.98,6805,53195
80000,90,71078.0,10148,568.41,8922,71078
10000,90,8767.0,3519,216.6,1233,8767
2,91,2.0,1,0.05,0,2
3,91,3.0,2,0.14,0,3
100,91,88.0,66,4.62,12,88
200,91,174.0,129,8.85,26,174
2000,91,1713.0,1071,64.55,287,1713
10000,91,8725.0,3459,204.75,1275,8725
20000,91,17582.0,4777,277.36,2418,17582
40000,91,35400.0,6705,391.63,4600,35400
60000,91,53275.0,8556,484.42,6725,53275
80000,91,71146.0,9752,545.74,8854,71146
10000,91,8725.0,3459,204.75,1275,8725
2,92,1.0,1,0.05,1,1
3,92,2.0,2,0.14,1,2
100,92,88.0,67,4.71,12,88
200,92,173.0,130,9.3,27,173
2000,92,1737.0,1067,68.92,263,1737
10000,92,8744.0,3916,235.02,1256,8744
20000,92,17555.0,5688,331.56,2445,17555
40000,92,35334.0,7530,438.55,4666,35334
60000,92,53076.0,9664,543.93,6924,53076
80000,92,70858.0,10591,597.85,9142,70858
10000,92,8744.0,3916,235.02,1256,8744
2,93,1.0,1,0.05,1,1
3,93,2.0,2,0.14,1,2
100,93,83.0,70,4.75,17,83
200,93,170.0,137,9.36,30,170
2000,93,1720.0,969,63.41,280,1720
10000,93,8746.0,3563,226.68,1254,8746
20000,93,17637.0,5017,303.81,2363,17637
40000,93,35438.0,7027,431.12,4562,35438
60000,93,53214.0,7978,483.76,6786,53214
80000,93,71115.0,8526,510.67,8885,71115
10000,93,8746.0,3563,226.68,1254,8746
2,94,2.0,1,0.05,0,2
3,94,3.0,2,0.14,0,3
100,94,90.0,63,4.38,10,90
200,94,174.0,134,9.28,26,174
2000,94,1719.0,1080,78.8,281,1719
10000,94,8704.0,3529,232.35,1296,8704
20000,94,17681.0,4897,303.96,2319,17681
40000,94,35440.0,6576,402.97,4560,35440
60000,94,53301.0,7666,467.77,6699,53301
80000,94,71105.0,9398,563.36,8895,71105
10000,94,8704.0,3529,232.35,1296,8704
2,95,2.0,1,0.05,0,2
3,95,3.0,2,0.14,0,3
100,95,91.0,65,4.52,9,91
200,95,175.0,127,9.06,25,175
2000,95,1722.0,937,62.97,278,1722
10000,95,8776.0,3005,185.37,1224,8776
20000,95,17603.0,4247,255.41,2397,17603
40000,95,35346.0,6340,383.3,4654,35346
60000,95,53197.0,7652,457.79,6803,53197
80000,95,71024.0,8114,483.68,8976,71024
10000,95,8776.0,3005,185.37,1224,8776
2,96,2.0,1,0.05,0,2
3,96,2.0,2,0.14,1,2
100,96,86.0,62,4.24,14,86
200,96,175.0,123,8.33,25,175
2000,96,1759.0,1008,66.51,241,1759
10000,96,8769.0,3421,210.94,1231,8769
20000,96,17662.0,5509,338.16,2338,17662
40000,96,35388.0,8332,487.69,4612,35388
60000,96,53276.0,9709,565.96,6724,53276
80000,96,71110.0,11228,644.26,8890,71110
10000,96,8769.0,3421,210.94,1231,8769
2,97,1.0,1,0.05,1,1
3,97,2.0,2,0.14,1,2
100,97,86.0,66,4.57,14,86
200,97,173.0,133,9.18,27,173
2000,97,1723.0,1248,78.76,277,1723
10000,97,8739.0,3861,233.74,1261,8739
20000,97,17576.0,5782,341.79,2424,17576
40000,97,35488.0,7416,437.22,4512,35488
60000,97,53260.0,8890,520.1,6740,53260
80000,97,71072.0,10233,587.14,8928,71072
10000,97,8739.0,3861,233.74,1261,8739
2,98,2.0,1,0.05,0,2
3,98,3.0,2,0.14,0,3
100,98,88.0,66,4.72,12,88
200,98,176.0,136,9.77,24,176
2000,98,1719.0,1191,75.6,281,1719
10000,98,8727.0,4040,248.2,1273,8727
20000,98,17596.0,5672,343.84,2404,17596
40000,98,35353.0,8285,482.23,4647,35353
60000,98,53242.0,9925,568.08,6758,53242
80000,98,71018.0,11518,658.51,8982,71018
10000,98,8727.0,4040,248.2,1273,8727
2,99,1.0,1,0.05,1,1
3,99,2.0,2,0.14,1,2
100,99,87.0,65,4.52,13,87
200,99,176.0,127,8.71,24,176
2000,99,1730.0,1063,72.94,270,1730
10000,99,8722.0,3397,217.51,1278,8722
20000,99,17544.0,5158,323.41,2456,17544
40000,99,35271.0,6573,406.24,4729,35271
60000,99,53096.0,7706,467.02,6904,53096
80000,99,71030.0,8483,506.34,8970,71030
10000,99,8722.0,3397,217.51,1278,8722
2,100,1.0,1,0.05,1,1
3,100,1.0,2,0.14,2,1
100,100,85.0,65,4.52,15,85
200,100,175.0,129,8.85,25,175
2000,100,1740.0,1055,68.83,260,1740
10000,100,8705.0,3495,220.27,1295,8705
20000,100,17569.0,4938,308.71,2431,17569
40000,100,35460.0,6307,386.27,4540,35460
60000,100,53369.0,7081,431.7,6631,53369
80000,100,71260.0,7892,472.04,8740,71260
10000,100,8705.0,3495,220.27,1295,8705
