Timestep,Iteration,Total Reward,Suboptimal Arms,Total Regret,Zeros Count,Ones Count
2,1,2.0,1,0.04,0,2
3,1,2.0,2,0.13,1,2
100,1,88.0,67,4.18,12,88
200,1,174.0,131,8.04,26,174
2000,1,1710.0,1142,67.58,290,1710
10000,1,8712.0,3623,198.87,1288,8712
20000,1,17549.0,5330,289.9,2451,17549
40000,1,35233.0,7891,420.54,4767,35233
60000,1,53036.0,8932,471.98,6964,53036
80000,1,70747.0,10114,527.76,9253,70747
10000,1,8712.0,3623,198.87,1288,8712
2,2,2.0,1,0.04,0,2
3,2,3.0,2,0.13,0,3
100,2,83.0,64,4.16,17,83
200,2,172.0,132,8.48,28,172
2000,2,1678.0,1042,63.03,322,1678
10000,2,8639.0,3216,187.79,1361,8639
20000,2,17416.0,5187,287.78,2584,17416
40000,2,35218.0,6706,377.24,4782,35218
60000,2,52922.0,8270,450.4,7078,52922
80000,2,70582.0,9042,491.93,9418,70582
10000,2,8639.0,3216,187.79,1361,8639
2,3,1.0,1,0.04,1,1
3,3,1.0,2,0.13,2,1
100,3,84.0,70,4.5,16,84
200,3,166.0,136,9.04,34,166
2000,3,1715.0,1127,75.68,285,1715
10000,3,8683.0,3539,216.16,1317,8683
20000,3,17569.0,5304,304.71,2431,17569
40000,3,35223.0,7436,422.59,4777,35223
60000,3,52966.0,8508,473.47,7034,52966
80000,3,70659.0,9910,538.5,9341,70659
10000,3,8683.0,3539,216.16,1317,8683
2,4,2.0,1,0.04,0,2
3,4,3.0,2,0.13,0,3
100,4,86.0,69,4.46,14,86
200,4,172.0,136,8.84,28,172
2000,4,1713.0,1051,62.69,287,1713
10000,4,8780.0,3328,183.27,1220,8780
20000,4,17623.0,5250,275.55,2377,17623
40000,4,35326.0,7001,363.59,4674,35326
60000,4,53002.0,9539,470.81,6998,53002
80000,4,70782.0,10456,521.29,9218,70782
10000,4,8780.0,3328,183.27,1220,8780
2,5,2.0,1,0.04,0,2
3,5,3.0,2,0.13,0,3
100,5,84.0,60,3.8,16,84
200,5,163.0,114,7.16,37,163
2000,5,1709.0,879,54.61,291,1709
10000,5,8627.0,3699,213.06,1373,8627
20000,5,17495.0,5956,327.84,2505,17495
40000,5,35180.0,8224,449.56,4820,35180
60000,5,52878.0,10181,545.34,7122,52878
80000,5,70607.0,11136,593.69,9393,70607
10000,5,8627.0,3699,213.06,1373,8627
2,6,2.0,1,0.04,0,2
3,6,3.0,2,0.13,0,3
100,6,86.0,60,3.85,14,86
200,6,174.0,123,7.82,26,174
2000,6,1743.0,1009,61.61,257,1743
10000,6,8701.0,3264,187.91,1299,8701
20000,6,17464.0,4926,273.29,2536,17464
40000,6,35174.0,7036,371.84,4826,35174
60000,6,52952.0,8985,464.95,7048,52952
80000,6,70668.0,10246,525.94,9332,70668
10000,6,8701.0,3264,187.91,1299,8701
2,7,1.0,1,0.04,1,1
3,7,2.0,2,0.13,1,2
100,7,81.0,68,4.52,19,81
200,7,168.0,128,8.52,32,168
2000,7,1712.0,1060,69.05,288,1712
10000,7,8702.0,3616,205.94,1298,8702
20000,7,17599.0,5142,287.38,2401,17599
40000,7,35195.0,7656,412.14,4805,35195
60000,7,52852.0,9625,504.0,7148,52852
80000,7,70599.0,10416,543.49,9401,70599
10000,7,8702.0,3616,205.94,1298,8702
2,8,2.0,1,0.04,0,2
3,8,3.0,2,0.13,0,3
100,8,85.0,61,3.94,15,85
200,8,171.0,122,7.58,29,171
2000,8,1710.0,1029,61.41,290,1710
10000,8,8703.0,3184,172.46,1297,8703
20000,8,17517.0,4944,271.21,2483,17517
40000,8,35195.0,6583,356.02,4805,35195
60000,8,52905.0,8901,463.49,7095,52905
80000,8,70660.0,9785,508.6,9340,70660
10000,8,8703.0,3184,172.46,1297,8703
2,9,2.0,1,0.04,0,2
3,9,2.0,2,0.13,1,2
100,9,86.0,67,4.33,14,86
200,9,170.0,125,8.15,30,170
2000,9,1706.0,1016,64.24,294,1706
10000,9,8672.0,3580,214.4,1328,8672
20000,9,17522.0,6087,330.08,2478,17522
40000,9,35166.0,9562,494.53,4834,35166
60000,9,52890.0,11262,584.48,7110,52890
80000,9,70672.0,11953,623.52,9328,70672
10000,9,8672.0,3580,214.4,1328,8672
2,10,2.0,1,0.04,0,2
3,10,3.0,2,0.13,0,3
100,10,86.0,64,4.11,14,86
200,10,172.0,129,8.06,28,172
2000,10,1726.0,1107,64.38,274,1726
10000,10,8708.0,3843,215.42,1292,8708
20000,10,17486.0,5972,333.63,2514,17486
40000,10,35252.0,8088,439.92,4748,35252
60000,10,52972.0,9293,496.92,7028,52972
80000,10,70688.0,10042,536.43,9312,70688
10000,10,8708.0,3843,215.42,1292,8708
2,11,1.0,1,0.04,1,1
3,11,2.0,2,0.13,1,2
100,11,81.0,64,4.06,19,81
200,11,170.0,126,8.09,30,170
2000,11,1722.0,1195,71.9,278,1722
10000,11,8671.0,3528,199.22,1329,8671
20000,11,17500.0,4978,271.97,2500,17500
40000,11,35204.0,6650,360.45,4796,35204
60000,11,52932.0,7930,428.0,7068,52932
80000,11,70706.0,8772,467.63,9294,70706
10000,11,8671.0,3528,199.22,1329,8671
2,12,2.0,1,0.04,0,2
3,12,3.0,2,0.13,0,3
100,12,87.0,63,3.97,13,87
200,12,175.0,129,8.06,25,175
2000,12,1709.0,1001,59.29,291,1709
10000,12,8647.0,3441,191.59,1353,8647
20000,12,17489.0,4650,259.95,2511,17489
40000,12,35175.0,7601,398.14,4825,35175
60000,12,52993.0,8888,467.92,7007,52993
80000,12,70679.0,10005,528.05,9321,70679
10000,12,8647.0,3441,191.59,1353,8647
2,13,2.0,1,0.04,0,2
3,13,3.0,2,0.13,0,3
100,13,81.0,66,4.24,19,81
200,13,167.0,129,8.11,33,167
2000,13,1693.0,1119,68.06,307,1693
10000,13,8632.0,3787,216.43,1368,8632
20000,13,17465.0,5753,307.77,2535,17465
40000,13,35166.0,7832,411.18,4834,35166
60000,13,52945.0,9138,473.12,7055,52945
80000,13,70611.0,10989,553.06,9389,70611
10000,13,8632.0,3787,216.43,1368,8632
2,14,2.0,1,0.04,0,2
3,14,3.0,2,0.13,0,3
100,14,83.0,60,3.7,17,83
200,14,163.0,130,8.1,37,163
2000,14,1747.0,1133,63.47,253,1747
10000,14,8669.0,3679,207.46,1331,8669
20000,14,17405.0,5881,328.74,2595,17405
40000,14,35073.0,7424,412.16,4927,35073
60000,14,52781.0,8730,486.05,7219,52781
80000,14,70585.0,9657,531.33,9415,70585
10000,14,8669.0,3679,207.46,1331,8669
2,15,2.0,1,0.04,0,2
3,15,3.0,2,0.13,0,3
100,15,89.0,64,4.21,11,89
200,15,174.0,126,8.14,26,174
2000,15,1722.0,893,57.17,278,1722
10000,15,8701.0,3107,174.38,1299,8701
20000,15,17559.0,4666,259.34,2441,17559
40000,15,35276.0,6305,350.35,4724,35276
60000,15,53009.0,7845,417.75,6991,53009
80000,15,70667.0,9152,487.58,9333,70667
10000,15,8701.0,3107,174.38,1299,8701
2,16,2.0,1,0.04,0,2
3,16,2.0,2,0.13,1,2
100,16,83.0,60,3.75,17,83
200,16,177.0,125,7.85,23,177
2000,16,1753.0,1015,58.0,247,1753
10000,16,8765.0,3724,212.06,1235,8765
20000,16,17525.0,6300,345.05,2475,17525
40000,16,35149.0,8886,471.29,4851,35149
60000,16,52892.0,11661,602.04,7108,52892
80000,16,70662.0,13051,663.54,9338,70662
10000,16,8765.0,3724,212.06,1235,8765
2,17,1.0,1,0.04,1,1
3,17,2.0,2,0.13,1,2
100,17,81.0,64,4.06,19,81
200,17,163.0,124,8.16,37,163
2000,17,1693.0,1038,64.42,307,1693
10000,17,8666.0,3894,225.21,1334,8666
20000,17,17423.0,5784,323.91,2577,17423
40000,17,35037.0,8189,451.71,4963,35037
60000,17,52759.0,9375,513.8,7241,52759
80000,17,70466.0,10203,562.27,9534,70466
10000,17,8666.0,3894,225.21,1334,8666
2,18,1.0,1,0.04,1,1
3,18,2.0,2,0.13,1,2
100,18,83.0,64,4.11,17,83
200,18,172.0,119,7.66,28,172
2000,18,1716.0,988,61.52,284,1716
10000,18,8663.0,3998,223.92,1337,8663
20000,18,17391.0,6158,339.77,2609,17391
40000,18,35050.0,8255,439.0,4950,35050
60000,18,52639.0,9949,520.86,7361,52639
80000,18,70387.0,10624,555.11,9613,70387
10000,18,8663.0,3998,223.92,1337,8663
2,19,2.0,1,0.04,0,2
3,19,3.0,2,0.13,0,3
100,19,88.0,68,4.37,12,88
200,19,169.0,133,8.47,31,169
2000,19,1701.0,1246,72.29,299,1701
10000,19,8672.0,4543,228.37,1328,8672
20000,19,17445.0,6467,316.53,2555,17445
40000,19,35122.0,8223,397.37,4878,35122
60000,19,52741.0,10952,512.13,7259,52741
80000,19,70418.0,11881,560.24,9582,70418
10000,19,8672.0,4543,228.37,1328,8672
2,20,1.0,1,0.04,1,1
3,20,1.0,2,0.13,2,1
100,20,85.0,67,4.33,15,85
200,20,172.0,136,8.34,28,172
2000,20,1722.0,925,56.2,278,1722
10000,20,8760.0,3141,176.84,1240,8760
20000,20,17609.0,5213,280.62,2391,17609
40000,20,35268.0,7422,399.13,4732,35268
60000,20,52992.0,8482,452.33,7008,52992
80000,20,70718.0,9206,487.14,9282,70718
10000,20,8760.0,3141,176.84,1240,8760
2,21,2.0,1,0.04,0,2
3,21,3.0,2,0.13,0,3
100,21,84.0,65,4.15,16,84
200,21,167.0,129,8.66,33,167
2000,21,1712.0,1114,71.71,288,1712
10000,21,8625.0,4303,252.87,1375,8625
20000,21,17467.0,5495,319.25,2533,17467
40000,21,35176.0,7316,411.64,4824,35176
60000,21,52796.0,8645,476.95,7204,52796
80000,21,70486.0,9493,520.92,9514,70486
10000,21,8625.0,4303,252.87,1375,8625
2,22,2.0,1,0.04,0,2
3,22,3.0,2,0.13,0,3
100,22,82.0,63,4.12,18,82
200,22,170.0,116,7.44,30,170
2000,22,1731.0,1079,63.71,269,1731
10000,22,8749.0,3694,199.21,1251,8749
20000,22,17520.0,5545,294.15,2480,17520
40000,22,35198.0,8259,425.31,4802,35198
60000,22,53041.0,9119,470.56,6959,53041
80000,22,70835.0,9688,499.22,9165,70835
10000,22,8749.0,3694,199.21,1251,8749
2,23,2.0,1,0.04,0,2
3,23,2.0,2,0.13,1,2
100,23,86.0,65,4.15,14,86
200,23,173.0,134,8.11,27,173
2000,23,1718.0,1047,59.68,282,1718
10000,23,8684.0,3539,196.56,1316,8684
20000,23,17495.0,5434,294.46,2505,17495
40000,23,35183.0,7765,416.85,4817,35183
60000,23,52874.0,9509,497.36,7126,52874
80000,23,70550.0,11162,574.53,9450,70550
10000,23,8684.0,3539,196.56,1316,8684
2,24,2.0,1,0.04,0,2
3,24,3.0,2,0.13,0,3
100,24,86.0,64,4.16,14,86
200,24,167.0,126,7.84,33,167
2000,24,1705.0,909,53.31,295,1705
10000,24,8628.0,4242,230.48,1372,8628
20000,24,17437.0,6668,347.47,2563,17437
40000,24,35177.0,8725,447.8,4823,35177
60000,24,52856.0,10400,534.65,7144,52856
80000,24,70595.0,11461,588.54,9405,70595
10000,24,8628.0,4242,230.48,1372,8628
2,25,2.0,1,0.04,0,2
3,25,3.0,2,0.13,0,3
100,25,88.0,65,4.35,12,88
200,25,172.0,126,8.29,28,172
2000,25,1727.0,1041,65.74,273,1727
10000,25,8742.0,3435,207.25,1258,8742
20000,25,17554.0,5342,309.83,2446,17554
40000,25,35229.0,7150,409.95,4771,35229
60000,25,52962.0,8162,461.13,7038,52962
80000,25,70745.0,8989,501.56,9255,70745
10000,25,8742.0,3435,207.25,1258,8742
2,26,2.0,1,0.04,0,2
3,26,3.0,2,0.13,0,3
100,26,81.0,64,4.16,19,81
200,26,166.0,132,8.28,34,166
2000,26,1693.0,996,61.59,307,1693
10000,26,8630.0,3627,205.63,1370,8630
20000,26,17423.0,5588,301.77,2577,17423
40000,26,35170.0,7477,398.53,4830,35170
60000,26,53026.0,8156,437.39,6974,53026
80000,26,70908.0,8745,472.2,9092,70908
10000,26,8630.0,3627,205.63,1370,8630
2,27,2.0,1,0.04,0,2
3,27,3.0,2,0.13,0,3
100,27,77.0,63,3.92,23,77
200,27,163.0,126,7.74,37,163
2000,27,1704.0,1007,60.68,296,1704
10000,27,8672.0,3636,210.49,1328,8672
20000,27,17458.0,6082,331.03,2542,17458
40000,27,35107.0,8307,434.83,4893,35107
60000,27,52726.0,10696,541.34,7274,52726
80000,27,70445.0,12045,601.2,9555,70445
10000,27,8672.0,3636,210.49,1328,8672
2,28,1.0,1,0.04,1,1
3,28,2.0,2,0.13,1,2
100,28,88.0,65,4.2,12,88
200,28,179.0,127,8.23,21,179
2000,28,1733.0,1077,67.98,267,1733
10000,28,8648.0,3782,219.33,1352,8648
20000,28,17474.0,5117,291.33,2526,17474
40000,28,35218.0,7026,383.94,4782,35218
60000,28,52835.0,8576,461.54,7165,52835
80000,28,70692.0,9090,486.9,9308,70692
10000,28,8648.0,3782,219.33,1352,8648
2,29,2.0,1,0.04,0,2
3,29,3.0,2,0.13,0,3
100,29,90.0,68,4.27,10,90
200,29,178.0,139,8.56,22,178
2000,29,1719.0,1132,66.38,281,1719
10000,29,8696.0,3140,179.9,1304,8696
20000,29,17510.0,4896,264.64,2490,17510
40000,29,35149.0,7078,379.12,4851,35149
60000,29,52880.0,8426,445.99,7120,52880
80000,29,70546.0,9387,491.28,9454,70546
10000,29,8696.0,3140,179.9,1304,8696
2,30,2.0,1,0.04,0,2
3,30,3.0,2,0.13,0,3
100,30,86.0,66,4.29,14,86
200,30,175.0,126,8.09,25,175
2000,30,1729.0,1129,68.96,271,1729
10000,30,8741.0,3937,222.33,1259,8741
20000,30,17592.0,5487,300.98,2408,17592
40000,30,35298.0,7857,414.98,4702,35298
60000,30,52964.0,9212,486.23,7036,52964
80000,30,70716.0,9973,523.32,9284,70716
10000,30,8741.0,3937,222.33,1259,8741
2,31,2.0,1,0.04,0,2
3,31,3.0,2,0.13,0,3
100,31,81.0,64,4.01,19,81
200,31,164.0,126,7.94,36,164
2000,31,1709.0,985,62.25,291,1709
10000,31,8720.0,3380,203.6,1280,8720
20000,31,17521.0,5474,310.31,2479,17521
40000,31,35288.0,7067,397.38,4712,35288
60000,31,53002.0,8206,453.09,6998,53002
80000,31,70743.0,9269,510.11,9257,70743
10000,31,8720.0,3380,203.6,1280,8720
2,32,1.0,1,0.04,1,1
3,32,2.0,2,0.13,1,2
100,32,83.0,64,4.21,17,83
200,32,171.0,128,8.22,29,171
2000,32,1694.0,1105,67.7,306,1694
10000,32,8681.0,3710,214.7,1319,8681
20000,32,17516.0,4836,278.89,2484,17516
40000,32,35217.0,6449,372.11,4783,35217
60000,32,52955.0,8000,447.75,7045,52955
80000,32,70760.0,8677,482.23,9240,70760
10000,32,8681.0,3710,214.7,1319,8681
2,33,1.0,1,0.04,1,1
3,33,2.0,2,0.13,1,2
100,33,87.0,68,4.42,13,87
200,33,169.0,132,8.73,31,169
2000,33,1724.0,1091,67.69,276,1724
10000,33,8661.0,4263,234.62,1339,8661
20000,33,17520.0,6075,326.65,2480,17520
40000,33,35252.0,8148,448.17,4748,35252
60000,33,52955.0,9697,529.03,7045,52955
80000,33,70711.0,11629,615.76,9289,70711
10000,33,8661.0,4263,234.62,1339,8661
2,34,2.0,1,0.04,0,2
3,34,3.0,2,0.13,0,3
100,34,79.0,62,3.93,21,79
200,34,162.0,120,7.35,38,162
2000,34,1727.0,1011,60.84,273,1727
10000,34,8667.0,3082,183.43,1333,8667
20000,34,17456.0,4775,274.8,2544,17456
40000,34,35198.0,5990,354.85,4802,35198
60000,34,52959.0,7257,410.18,7041,52959
80000,34,70675.0,9213,505.67,9325,70675
10000,34,8667.0,3082,183.43,1333,8667
2,35,2.0,1,0.04,0,2
3,35,3.0,2,0.13,0,3
100,35,88.0,61,3.94,12,88
200,35,174.0,122,7.68,26,174
2000,35,1716.0,1083,66.87,284,1716
10000,35,8761.0,3636,215.59,1239,8761
20000,35,17613.0,5441,302.69,2387,17613
40000,35,35307.0,7587,416.88,4693,35307
60000,35,53096.0,8841,475.24,6904,53096
80000,35,70826.0,9809,522.06,9174,70826
10000,35,8761.0,3636,215.59,1239,8761
2,36,1.0,1,0.04,1,1
3,36,2.0,2,0.13,1,2
100,36,84.0,65,4.25,16,84
200,36,166.0,130,8.35,34,166
2000,36,1713.0,1135,71.65,287,1713
10000,36,8654.0,3774,223.71,1346,8654
20000,36,17479.0,5764,328.81,2521,17479
40000,36,35114.0,8956,491.04,4886,35114
60000,36,52813.0,10515,573.85,7187,52813
80000,36,70533.0,11976,651.69,9467,70533
10000,36,8654.0,3774,223.71,1346,8654
2,37,2.0,1,0.04,0,2
3,37,3.0,2,0.13,0,3
100,37,83.0,64,4.11,17,83
200,37,170.0,123,8.07,30,170
2000,37,1730.0,995,59.65,270,1730
10000,37,8758.0,3480,184.3,1242,8758
20000,37,17570.0,5195,275.1,2430,17570
40000,37,35358.0,6606,349.84,4642,35358
60000,37,53089.0,8188,423.37,6911,53089
80000,37,70783.0,10570,537.6,9217,70783
10000,37,8758.0,3480,184.3,1242,8758
2,38,1.0,1,0.04,1,1
3,38,2.0,2,0.13,1,2
100,38,90.0,66,4.24,10,90
200,38,172.0,124,7.81,28,172
2000,38,1744.0,1219,72.61,256,1744
10000,38,8653.0,3928,224.42,1347,8653
20000,38,17402.0,5933,318.77,2598,17402
40000,38,35211.0,7612,400.83,4789,35211
60000,38,52924.0,9122,473.68,7076,52924
80000,38,70671.0,10239,524.11,9329,70671
10000,38,8653.0,3928,224.42,1347,8653
2,39,1.0,1,0.04,1,1
3,39,2.0,2,0.13,1,2
100,39,83.0,62,3.83,17,83
200,39,167.0,123,7.57,33,167
2000,39,1720.0,1029,62.51,280,1720
10000,39,8721.0,3545,203.75,1279,8721
20000,39,17558.0,5472,307.93,2442,17558
40000,39,35254.0,8376,449.59,4746,35254
60000,39,52902.0,10063,527.12,7098,52902
80000,39,70721.0,10737,560.08,9279,70721
10000,39,8721.0,3545,203.75,1279,8721
2,40,1.0,1,0.04,1,1
3,40,1.0,2,0.13,2,1
100,40,80.0,63,4.17,20,80
200,40,165.0,128,8.32,35,165
2000,40,1694.0,1126,69.44,306,1694
10000,40,8698.0,4046,242.29,1302,8698
20000,40,17494.0,6307,355.88,2506,17494
40000,40,35210.0,8918,484.57,4790,35210
60000,40,52953.0,10354,553.21,7047,52953
80000,40,70674.0,12082,633.28,9326,70674
10000,40,8698.0,4046,242.29,1302,8698
2,41,2.0,1,0.04,0,2
3,41,3.0,2,0.13,0,3
100,41,83.0,67,4.33,17,83
200,41,161.0,126,8.29,39,161
2000,41,1698.0,1108,67.57,302,1698
10000,41,8696.0,3578,197.67,1304,8696
20000,41,17450.0,5682,313.38,2550,17450
40000,41,35138.0,7525,403.4,4862,35138
60000,41,52902.0,9031,473.84,7098,52902
80000,41,70642.0,10119,523.91,9358,70642
10000,41,8696.0,3578,197.67,1304,8696
2,42,1.0,1,0.04,1,1
3,42,2.0,2,0.13,1,2
100,42,86.0,66,4.29,14,86
200,42,172.0,127,8.08,28,172
2000,42,1734.0,1032,66.53,266,1734
10000,42,8751.0,3383,202.82,1249,8751
20000,42,17587.0,4812,281.73,2413,17587
40000,42,35314.0,6734,375.76,4686,35314
60000,42,53031.0,8497,457.08,6969,53031
80000,42,70705.0,9508,505.27,9295,70705
10000,42,8751.0,3383,202.82,1249,8751
2,43,1.0,1,0.04,1,1
3,43,2.0,2,0.13,1,2
100,43,81.0,65,4.25,19,81
200,43,165.0,120,7.8,35,165
2000,43,1703.0,1027,66.28,297,1703
10000,43,8605.0,3523,215.77,1395,8605
20000,43,17495.0,5132,296.23,2505,17495
40000,43,35116.0,7827,429.78,4884,35116
60000,43,52857.0,9026,486.24,7143,52857
80000,43,70668.0,10125,539.1,9332,70668
10000,43,8605.0,3523,215.77,1395,8605
2,44,1.0,1,0.04,1,1
3,44,2.0,2,0.13,1,2
100,44,87.0,62,4.08,13,87
200,44,169.0,129,8.56,31,169
2000,44,1704.0,1050,63.15,296,1704
10000,44,8682.0,3249,175.81,1318,8682
20000,44,17536.0,4526,240.44,2464,17536
40000,44,35208.0,6397,338.18,4792,35208
60000,44,53004.0,8176,416.34,6996,53004
80000,44,70689.0,9321,469.29,9311,70689
10000,44,8682.0,3249,175.81,1318,8682
2,45,2.0,1,0.04,0,2
3,45,3.0,2,0.13,0,3
100,45,83.0,64,4.06,17,83
200,45,165.0,124,7.96,35,165
2000,45,1711.0,1154,64.41,289,1711
10000,45,8707.0,3774,190.91,1293,8707
20000,45,17480.0,5827,286.83,2520,17480
40000,45,35117.0,8649,424.71,4883,35117
60000,45,52800.0,10211,507.49,7200,52800
80000,45,70495.0,11602,585.18,9505,70495
10000,45,8707.0,3774,190.91,1293,8707
2,46,2.0,1,0.04,0,2
3,46,3.0,2,0.13,0,3
100,46,86.0,66,4.34,14,86
200,46,166.0,128,8.12,34,166
2000,46,1717.0,987,59.13,283,1717
10000,46,8657.0,3828,203.82,1343,8657
20000,46,17505.0,5290,286.2,2495,17505
40000,46,35214.0,7686,398.19,4786,35214
60000,46,52934.0,9301,469.54,7066,52934
80000,46,70640.0,10419,519.41,9360,70640
10000,46,8657.0,3828,203.82,1343,8657
2,47,2.0,1,0.04,0,2
3,47,3.0,2,0.13,0,3
100,47,82.0,69,4.41,18,82
200,47,167.0,128,8.17,33,167
2000,47,1722.0,1143,69.57,278,1722
10000,47,8682.0,4045,222.15,1318,8682
20000,47,17463.0,6001,334.24,2537,17463
40000,47,35164.0,7983,428.82,4836,35164
60000,47,52941.0,9272,491.43,7059,52941
80000,47,70642.0,10570,552.3,9358,70642
10000,47,8682.0,4045,222.15,1318,8682
2,48,2.0,1,0.04,0,2
3,48,3.0,2,0.13,0,3
100,48,89.0,66,4.29,11,89
200,48,175.0,123,7.97,25,175
2000,48,1716.0,1148,70.97,284,1716
10000,48,8715.0,3635,210.65,1285,8715
20000,48,17511.0,5429,301.76,2489,17511
40000,48,35250.0,7086,386.99,4750,35250
60000,48,52968.0,8271,449.24,7032,52968
80000,48,70692.0,9155,490.25,9308,70692
10000,48,8715.0,3635,210.65,1285,8715
2,49,2.0,1,0.04,0,2
3,49,3.0,2,0.13,0,3
100,49,83.0,68,4.27,17,83
200,49,165.0,127,7.98,35,165
2000,49,1686.0,1121,66.84,314,1686
10000,49,8638.0,3750,198.1,1362,8638
20000,49,17436.0,5635,290.2,2564,17436
40000,49,35113.0,7340,369.25,4887,35113
60000,49,52868.0,8808,436.52,7132,52868
80000,49,70627.0,9677,479.18,9373,70627
10000,49,8638.0,3750,198.1,1362,8638
2,50,2.0,1,0.04,0,2
3,50,3.0,2,0.13,0,3
100,50,79.0,66,4.29,21,79
200,50,162.0,131,8.69,38,162
2000,50,1679.0,1005,63.65,321,1679
10000,50,8709.0,3135,182.85,1291,8709
20000,50,17574.0,4315,245.45,2426,17574
40000,50,35246.0,6336,338.54,4754,35246
60000,50,52924.0,7690,412.45,7076,52924
80000,50,70677.0,8063,432.82,9323,70677
10000,50,8709.0,3135,182.85,1291,8709
2,51,1.0,1,0.04,1,1
3,51,2.0,2,0.13,1,2
100,51,92.0,63,4.02,8,92
200,51,177.0,127,8.03,23,177
2000,51,1715.0,1057,65.73,285,1715
10000,51,8702.0,3481,201.19,1298,8702
20000,51,17526.0,5009,284.81,2474,17526
40000,51,35255.0,7322,404.93,4745,35255
60000,51,53013.0,9040,485.05,6987,53013
80000,51,70755.0,9881,529.04,9245,70755
10000,51,8702.0,3481,201.19,1298,8702
2,52,2.0,1,0.04,0,2
3,52,3.0,2,0.13,0,3
100,52,87.0,66,4.14,13,87
200,52,166.0,133,8.62,34,166
2000,52,1697.0,1105,67.65,303,1697
10000,52,8720.0,4545,242.35,1280,8720
20000,52,17465.0,7173,369.92,2535,17465
40000,52,35076.0,10326,513.59,4924,35076
60000,52,52897.0,11374,561.41,7103,52897
80000,52,70732.0,12049,593.41,9268,70732
10000,52,8720.0,4545,242.35,1280,8720
2,53,2.0,1,0.04,0,2
3,53,3.0,2,0.13,0,3
100,53,86.0,65,4.3,14,86
200,53,172.0,127,8.43,28,172
2000,53,1706.0,993,63.52,294,1706
10000,53,8683.0,3423,201.87,1317,8683
20000,53,17412.0,5228,299.47,2588,17412
40000,53,35097.0,7102,393.73,4903,35097
60000,53,52835.0,7787,432.28,7165,52835
80000,53,70568.0,8251,459.04,9432,70568
10000,53,8683.0,3423,201.87,1317,8683
2,54,2.0,1,0.04,0,2
3,54,2.0,2,0.13,1,2
100,54,87.0,67,4.28,13,87
200,54,171.0,131,8.19,29,171
2000,54,1714.0,1004,60.26,286,1714
10000,54,8733.0,3709,201.91,1267,8733
20000,54,17556.0,5979,307.66,2444,17556
40000,54,35163.0,9315,473.9,4837,35163
60000,54,52904.0,11147,559.98,7096,52904
80000,54,70699.0,11988,598.17,9301,70699
10000,54,8733.0,3709,201.91,1267,8733
2,55,2.0,1,0.04,0,2
3,55,2.0,2,0.13,1,2
100,55,84.0,66,4.14,16,84
200,55,171.0,126,8.09,29,171
2000,55,1729.0,1048,66.47,271,1729
10000,55,8733.0,3590,206.0,1267,8733
20000,55,17530.0,5054,282.21,2470,17530
40000,55,35168.0,7609,403.71,4832,35168
60000,55,52920.0,8767,466.43,7080,52920
80000,55,70638.0,9650,512.25,9362,70638
10000,55,8733.0,3590,206.0,1267,8733
2,56,1.0,1,0.04,1,1
3,56,2.0,2,0.13,1,2
100,56,86.0,61,3.94,14,86
200,56,177.0,122,8.18,23,177
2000,56,1721.0,979,59.31,279,1721
10000,56,8767.0,3682,200.63,1233,8767
20000,56,17594.0,5379,286.61,2406,17594
40000,56,35280.0,7645,393.2,4720,35280
60000,56,52970.0,9283,478.02,7030,52970
80000,56,70724.0,10350,528.25,9276,70724
10000,56,8767.0,3682,200.63,1233,8767
2,57,2.0,1,0.04,0,2
3,57,3.0,2,0.13,0,3
100,57,94.0,66,4.24,6,94
200,57,187.0,131,8.44,13,187
2000,57,1722.0,1158,72.07,278,1722
10000,57,8612.0,4358,247.12,1388,8612
20000,57,17451.0,6420,352.9,2549,17451
40000,57,35110.0,8688,464.57,4890,35110
60000,57,52914.0,9330,501.9,7086,52914
80000,57,70594.0,10496,554.84,9406,70594
10000,57,8612.0,4358,247.12,1388,8612
2,58,2.0,1,0.04,0,2
3,58,2.0,2,0.13,1,2
100,58,85.0,67,4.28,15,85
200,58,170.0,131,8.34,30,170
2000,58,1697.0,1077,63.63,303,1697
10000,58,8669.0,4019,222.81,1331,8669
20000,58,17442.0,6177,331.68,2558,17442
40000,58,35200.0,8199,441.01,4800,35200
60000,58,52871.0,9588,506.37,7129,52871
80000,58,70537.0,11139,580.71,9463,70537
10000,58,8669.0,4019,222.81,1331,8669
2,59,1.0,1,0.04,1,1
3,59,2.0,2,0.13,1,2
100,59,89.0,66,4.34,11,89
200,59,172.0,125,8.2,28,172
2000,59,1750.0,1122,65.43,250,1750
10000,59,8770.0,4010,217.3,1230,8770
20000,59,17526.0,6373,336.77,2474,17526
40000,59,35228.0,8688,462.37,4772,35228
60000,59,52996.0,10487,545.73,7004,52996
80000,59,70685.0,11743,606.62,9315,70685
10000,59,8770.0,4010,217.3,1230,8770
2,60,2.0,1,0.04,0,2
3,60,2.0,2,0.13,1,2
100,60,87.0,68,4.32,13,87
200,60,174.0,131,8.34,26,174
2000,60,1715.0,1008,60.07,285,1715
10000,60,8696.0,3186,182.14,1304,8696
20000,60,17554.0,4675,256.4,2446,17554
40000,60,35228.0,6297,342.18,4772,35228
60000,60,52988.0,7608,405.52,7012,52988
80000,60,70739.0,8369,443.91,9261,70739
10000,60,8696.0,3186,182.14,1304,8696
2,61,2.0,1,0.04,0,2
3,61,2.0,2,0.13,1,2
100,61,85.0,65,4.2,15,85
200,61,171.0,127,7.93,29,171
2000,61,1718.0,1110,62.7,282,1718
10000,61,8775.0,3550,193.9,1225,8775
20000,61,17610.0,5048,274.72,2390,17610
40000,61,35249.0,7559,395.56,4751,35249
60000,61,53054.0,9272,489.73,6946,53054
80000,61,70767.0,10543,543.52,9233,70767
10000,61,8775.0,3550,193.9,1225,8775
2,62,2.0,1,0.04,0,2
3,62,3.0,2,0.13,0,3
100,62,88.0,65,4.25,12,88
200,62,168.0,127,8.18,32,168
2000,62,1704.0,1123,69.22,296,1704
10000,62,8680.0,3878,222.27,1320,8680
20000,62,17421.0,6074,336.66,2579,17421
40000,62,35101.0,8123,441.07,4899,35101
60000,62,52852.0,10056,545.44,7148,52852
80000,62,70552.0,11569,614.56,9448,70552
10000,62,8680.0,3878,222.27,1320,8680
2,63,1.0,1,0.04,1,1
3,63,2.0,2,0.13,1,2
100,63,80.0,60,3.8,20,80
200,63,157.0,121,7.54,43,157
2000,63,1718.0,1097,61.53,282,1718
10000,63,8700.0,3647,197.03,1300,8700
20000,63,17446.0,6507,348.83,2554,17446
40000,63,35155.0,9723,495.62,4845,35155
60000,63,52930.0,10641,544.59,7070,52930
80000,63,70722.0,11777,602.13,9278,70722
10000,63,8700.0,3647,197.03,1300,8700
2,64,2.0,1,0.04,0,2
3,64,3.0,2,0.13,0,3
100,64,88.0,65,4.2,12,88
200,64,177.0,128,8.07,23,177
2000,64,1711.0,1035,63.25,289,1711
10000,64,8715.0,3117,180.43,1285,8715
20000,64,17491.0,4507,257.23,2509,17491
40000,64,35089.0,6825,370.95,4911,35089
60000,64,52784.0,7912,423.63,7216,52784
80000,64,70533.0,9000,480.95,9467,70533
10000,64,8715.0,3117,180.43,1285,8715
2,65,2.0,1,0.04,0,2
3,65,3.0,2,0.13,0,3
100,65,91.0,65,4.1,9,91
200,65,177.0,128,7.92,23,177
2000,65,1726.0,1050,68.1,274,1726
10000,65,8719.0,3991,224.09,1281,8719
20000,65,17513.0,6077,335.48,2487,17513
40000,65,35236.0,8035,437.7,4764,35236
60000,65,52928.0,9317,502.78,7072,52928
80000,65,70612.0,10464,560.01,9388,70612
10000,65,8719.0,3991,224.09,1281,8719
2,66,2.0,1,0.04,0,2
3,66,3.0,2,0.13,0,3
100,66,86.0,62,3.93,14,86
200,66,166.0,118,7.57,34,166
2000,66,1733.0,943,56.22,267,1733
10000,66,8704.0,3889,209.11,1296,8704
20000,66,17468.0,5508,298.92,2532,17468
40000,66,35210.0,7542,397.98,4790,35210
60000,66,53030.0,8022,421.78,6970,53030
80000,66,70783.0,8869,458.66,9217,70783
10000,66,8704.0,3889,209.11,1296,8704
2,67,2.0,1,0.04,0,2
3,67,2.0,2,0.13,1,2
100,67,85.0,66,4.29,15,85
200,67,167.0,118,7.62,33,167
2000,67,1679.0,1019,64.01,321,1679
10000,67,8695.0,3233,191.62,1305,8695
20000,67,17530.0,4831,278.39,2470,17530
40000,67,35297.0,6457,371.38,4703,35297
60000,67,52949.0,7858,437.77,7051,52949
80000,67,70661.0,8819,483.21,9339,70661
10000,67,8695.0,3233,191.62,1305,8695
2,68,1.0,1,0.04,1,1
3,68,2.0,2,0.13,1,2
100,68,85.0,67,4.28,15,85
200,68,164.0,133,8.37,36,164
2000,68,1663.0,1023,61.12,337,1663
10000,68,8623.0,4042,225.78,1377,8623
20000,68,17511.0,5604,311.71,2489,17511
40000,68,35249.0,7795,420.2,4751,35249
60000,68,52980.0,8797,470.28,7020,52980
80000,68,70672.0,9478,502.02,9328,70672
10000,68,8623.0,4042,225.78,1377,8623
2,69,2.0,1,0.04,0,2
3,69,3.0,2,0.13,0,3
100,69,82.0,63,3.97,18,82
200,69,166.0,119,7.36,34,166
2000,69,1719.0,1011,63.64,281,1719
10000,69,8736.0,3696,210.14,1264,8736
20000,69,17497.0,5700,313.8,2503,17497
40000,69,35213.0,8183,438.02,4787,35213
60000,69,52960.0,9485,500.2,7040,52960
80000,69,70625.0,11211,587.99,9375,70625
10000,69,8736.0,3696,210.14,1264,8736
2,70,2.0,1,0.04,0,2
3,70,3.0,2,0.13,0,3
100,70,87.0,68,4.42,13,87
200,70,172.0,133,8.52,28,172
2000,70,1730.0,1121,66.69,270,1730
10000,70,8689.0,3746,214.74,1311,8689
20000,70,17529.0,5778,325.72,2471,17529
40000,70,35304.0,7517,410.18,4696,35304
60000,70,52979.0,8828,483.37,7021,52979
80000,70,70677.0,9870,535.4,9323,70677
10000,70,8689.0,3746,214.74,1311,8689
2,71,2.0,1,0.04,0,2
3,71,2.0,2,0.13,1,2
100,71,87.0,65,4.1,13,87
200,71,172.0,122,7.58,28,172
2000,71,1709.0,980,60.7,291,1709
10000,71,8633.0,4005,231.5,1367,8633
20000,71,17474.0,5367,313.48,2526,17474
40000,71,35202.0,6896,404.49,4798,35202
60000,71,52989.0,7627,446.98,7011,52989
80000,71,70660.0,8953,517.02,9340,70660
10000,71,8633.0,4005,231.5,1367,8633
2,72,2.0,1,0.04,0,2
3,72,2.0,2,0.13,1,2
100,72,80.0,61,3.84,20,80
200,72,170.0,120,7.45,30,170
2000,72,1710.0,984,59.01,290,1710
10000,72,8693.0,3203,182.87,1307,8693
20000,72,17486.0,5441,293.84,2514,17486
40000,72,35149.0,7855,409.25,4851,35149
60000,72,52942.0,8838,456.02,7058,52942
80000,72,70599.0,9877,508.38,9401,70599
10000,72,8693.0,3203,182.87,1307,8693
2,73,2.0,1,0.04,0,2
3,73,3.0,2,0.13,0,3
100,73,83.0,65,4.05,17,83
200,73,169.0,139,8.76,31,169
2000,73,1689.0,1101,63.79,311,1689
10000,73,8676.0,3889,210.41,1324,8676
20000,73,17543.0,5648,300.27,2457,17543
40000,73,35272.0,8077,414.73,4728,35272
60000,73,52967.0,9808,496.17,7033,52967
80000,73,70748.0,11089,557.61,9252,70748
10000,73,8676.0,3889,210.41,1324,8676
2,74,1.0,1,0.04,1,1
3,74,1.0,2,0.13,2,1
100,74,81.0,68,4.42,19,81
200,74,171.0,131,8.34,29,171
2000,74,1729.0,1086,66.94,271,1729
10000,74,8738.0,3987,216.28,1262,8738
20000,74,17623.0,5379,284.46,2377,17623
40000,74,35305.0,7724,396.16,4695,35305
60000,74,53024.0,9268,469.32,6976,53024
80000,74,70769.0,9855,504.6,9231,70769
10000,74,8738.0,3987,216.28,1262,8738
2,75,2.0,1,0.04,0,2
3,75,3.0,2,0.13,0,3
100,75,91.0,63,4.07,9,91
200,75,175.0,129,8.36,25,175
2000,75,1721.0,1066,68.09,279,1721
10000,75,8664.0,3607,206.23,1336,8664
20000,75,17429.0,5897,335.28,2571,17429
40000,75,35121.0,7928,438.87,4879,35121
60000,75,52857.0,9371,513.34,7143,52857
80000,75,70598.0,10462,568.73,9402,70598
10000,75,8664.0,3607,206.23,1336,8664
2,76,1.0,1,0.04,1,1
3,76,2.0,2,0.13,1,2
100,76,85.0,65,4.25,15,85
200,76,174.0,126,8.44,26,174
2000,76,1729.0,1021,65.34,271,1729
10000,76,8717.0,3439,189.36,1283,8717
20000,76,17497.0,4962,269.23,2503,17497
40000,76,35116.0,6933,373.32,4884,35116
60000,76,52807.0,7725,417.3,7193,52807
80000,76,70570.0,8602,457.53,9430,70570
10000,76,8717.0,3439,189.36,1283,8717
2,77,2.0,1,0.04,0,2
3,77,3.0,2,0.13,0,3
100,77,82.0,64,4.21,18,82
200,77,168.0,124,8.06,32,168
2000,77,1725.0,1016,59.39,275,1725
10000,77,8698.0,3630,195.3,1302,8698
20000,77,17462.0,5333,294.22,2538,17462
40000,77,35104.0,7844,416.71,4896,35104
60000,77,52964.0,8615,457.55,7036,52964
80000,77,70782.0,9556,497.79,9218,70782
10000,77,8698.0,3630,195.3,1302,8698
2,78,2.0,1,0.04,0,2
3,78,2.0,2,0.13,1,2
100,78,88.0,63,4.02,12,88
200,78,178.0,123,7.82,22,178
2000,78,1692.0,1069,63.91,308,1692
10000,78,8667.0,3864,202.51,1333,8667
20000,78,17480.0,6041,309.44,2520,17480
40000,78,35140.0,8625,434.4,4860,35140
60000,78,52899.0,10121,503.24,7101,52899
80000,78,70809.0,10531,521.84,9191,70809
10000,78,8667.0,3864,202.51,1333,8667
2,79,2.0,1,0.04,0,2
3,79,3.0,2,0.13,0,3
100,79,87.0,70,4.5,13,87
200,79,169.0,140,8.7,31,169
2000,79,1696.0,1056,60.09,304,1696
10000,79,8681.0,3961,208.74,1319,8681
20000,79,17473.0,5713,295.12,2527,17473
40000,79,35101.0,8553,424.92,4899,35101
60000,79,52805.0,10375,502.65,7195,52805
80000,79,70550.0,11463,551.57,9450,70550
10000,79,8681.0,3961,208.74,1319,8681
2,80,2.0,1,0.04,0,2
3,80,2.0,2,0.13,1,2
100,80,80.0,63,3.92,20,80
200,80,161.0,124,7.36,39,161
2000,80,1690.0,975,56.6,310,1690
10000,80,8661.0,3719,205.71,1339,8661
20000,80,17522.0,5592,306.28,2478,17522
40000,80,35157.0,8477,456.83,4843,35157
60000,80,52787.0,11500,587.9,7213,52787
80000,80,70494.0,12721,644.39,9506,70494
10000,80,8661.0,3719,205.71,1339,8661
2,81,2.0,1,0.04,0,2
3,81,3.0,2,0.13,0,3
100,81,87.0,65,4.1,13,87
200,81,173.0,133,8.17,27,173
2000,81,1728.0,1102,66.88,272,1728
10000,81,8700.0,3918,220.92,1300,8700
20000,81,17471.0,5712,319.53,2529,17471
40000,81,35226.0,7378,400.27,4774,35226
60000,81,52918.0,8863,472.37,7082,52918
80000,81,70656.0,10165,537.65,9344,70656
10000,81,8700.0,3918,220.92,1300,8700
2,82,2.0,1,0.04,0,2
3,82,3.0,2,0.13,0,3
100,82,88.0,63,4.07,12,88
200,82,168.0,126,7.94,32,168
2000,82,1707.0,1198,73.12,293,1707
10000,82,8647.0,4038,219.92,1353,8647
20000,82,17451.0,5420,302.2,2549,17451
40000,82,35174.0,7568,407.42,4826,35174
60000,82,53025.0,8762,465.33,6975,53025
80000,82,70751.0,10619,568.51,9249,70751
10000,82,8647.0,4038,219.92,1353,8647
2,83,2.0,1,0.04,0,2
3,83,2.0,2,0.13,1,2
100,83,86.0,62,3.73,14,86
200,83,176.0,124,7.51,24,176
2000,83,1727.0,930,54.2,273,1727
10000,83,8739.0,3879,204.81,1261,8739
20000,83,17541.0,5904,300.56,2459,17541
40000,83,35185.0,8622,437.48,4815,35185
60000,83,52887.0,9427,485.48,7113,52887
80000,83,70667.0,10452,538.23,9333,70667
10000,83,8739.0,3879,204.81,1261,8739
2,84,2.0,1,0.04,0,2
3,84,3.0,2,0.13,0,3
100,84,86.0,62,3.93,14,86
200,84,171.0,121,7.64,29,171
2000,84,1712.0,960,62.5,288,1712
10000,84,8683.0,3484,202.71,1317,8683
20000,84,17483.0,4717,271.73,2517,17483
40000,84,35169.0,7033,383.12,4831,35169
60000,84,53001.0,7725,417.5,6999,53001
80000,84,70756.0,8783,468.32,9244,70756
10000,84,8683.0,3484,202.71,1317,8683
2,85,2.0,1,0.04,0,2
3,85,3.0,2,0.13,0,3
100,85,88.0,65,3.9,12,88
200,85,176.0,127,7.58,24,176
2000,85,1726.0,1047,63.83,274,1726
10000,85,8722.0,3983,217.07,1278,8722
20000,85,17531.0,6421,339.39,2469,17531
40000,85,35153.0,9780,489.0,4847,35153
60000,85,52779.0,11679,572.61,7221,52779
80000,85,70569.0,12363,603.82,9431,70569
10000,85,8722.0,3983,217.07,1278,8722
2,86,2.0,1,0.04,0,2
3,86,3.0,2,0.13,0,3
100,86,81.0,62,4.23,19,81
200,86,163.0,118,7.87,37,163
2000,86,1694.0,1136,70.99,306,1694
10000,86,8677.0,4356,249.94,1323,8677
20000,86,17420.0,7206,394.64,2580,17420
40000,86,35118.0,9408,503.67,4882,35118
60000,86,52845.0,10628,560.97,7155,52845
80000,86,70560.0,13480,690.1,9440,70560
10000,86,8677.0,4356,249.94,1323,8677
2,87,2.0,1,0.04,0,2
3,87,3.0,2,0.13,0,3
100,87,84.0,65,4.1,16,84
200,87,167.0,130,8.15,33,167
2000,87,1715.0,1142,69.38,285,1715
10000,87,8704.0,3539,211.11,1296,8704
20000,87,17565.0,5037,298.48,2435,17565
40000,87,35251.0,6909,395.61,4749,35251
60000,87,52935.0,7948,452.47,7065,52935
80000,87,70621.0,8813,496.17,9379,70621
10000,87,8704.0,3539,211.11,1296,8704
2,88,2.0,1,0.04,0,2
3,88,3.0,2,0.13,0,3
100,88,88.0,65,4.25,12,88
200,88,179.0,128,8.32,21,179
2000,88,1697.0,988,62.02,303,1697
10000,88,8607.0,3877,226.43,1393,8607
20000,88,17472.0,5405,308.75,2528,17472
40000,88,35139.0,7526,411.39,4861,35139
60000,88,52843.0,9044,479.31,7157,52843
80000,88,70554.0,9675,511.0,9446,70554
10000,88,8607.0,3877,226.43,1393,8607
2,89,2.0,1,0.04,0,2
3,89,2.0,2,0.13,1,2
100,89,87.0,66,4.24,13,87
200,89,171.0,131,8.34,29,171
2000,89,1718.0,1071,69.44,282,1718
10000,89,8710.0,3474,216.36,1290,8710
20000,89,17546.0,5670,326.3,2454,17546
40000,89,35119.0,7935,458.15,4881,35119
60000,89,52926.0,8473,488.22,7074,52926
80000,89,70681.0,9630,544.05,9319,70681
10000,89,8710.0,3474,216.36,1290,8710
2,90,2.0,1,0.04,0,2
3,90,3.0,2,0.13,0,3
100,90,87.0,64,4.26,13,87
200,90,168.0,123,7.87,32,168
2000,90,1722.0,948,55.07,278,1722
10000,90,8692.0,3315,171.7,1308,8692
20000,90,17425.0,5900,307.15,2575,17425
40000,90,35075.0,8633,434.97,4925,35075
60000,90,52827.0,9497,484.48,7173,52827
80000,90,70535.0,10351,527.79,9465,70535
10000,90,8692.0,3315,171.7,1308,8692
2,91,2.0,1,0.04,0,2
3,91,3.0,2,0.13,0,3
100,91,86.0,68,4.42,14,86
200,91,173.0,134,8.61,27,173
2000,91,1732.0,917,59.23,268,1732
10000,91,8707.0,3657,217.53,1293,8707
20000,91,17553.0,5458,308.17,2447,17553
40000,91,35188.0,7047,395.28,4812,35188
60000,91,52981.0,7756,434.64,7019,52981
80000,91,70694.0,9377,506.78,9306,70694
10000,91,8707.0,3657,217.53,1293,8707
2,92,2.0,1,0.04,0,2
3,92,3.0,2,0.13,0,3
100,92,87.0,64,4.26,13,87
200,92,178.0,126,8.09,22,178
2000,92,1725.0,1175,74.55,275,1725
10000,92,8686.0,3624,215.01,1314,8686
20000,92,17421.0,5787,323.58,2579,17421
40000,92,35127.0,7440,422.7,4873,35127
60000,92,52867.0,9910,528.15,7133,52867
80000,92,70623.0,12129,633.61,9377,70623
10000,92,8686.0,3624,215.01,1314,8686
2,93,1.0,1,0.04,1,1
3,93,1.0,2,0.13,2,1
100,93,79.0,63,4.17,21,79
200,93,164.0,131,8.69,36,164
2000,93,1714.0,1054,66.31,286,1714
10000,93,8704.0,3283,189.22,1296,8704
20000,93,17515.0,4959,273.61,2485,17515
40000,93,35136.0,7195,392.7,4864,35136
60000,93,52937.0,7776,419.09,7063,52937
80000,93,70755.0,8169,441.16,9245,70755
10000,93,8704.0,3283,189.22,1296,8704
2,94,2.0,1,0.04,0,2
3,94,3.0,2,0.13,0,3
100,94,83.0,64,4.01,17,83
200,94,169.0,126,7.94,31,169
2000,94,1725.0,1130,69.35,275,1725
10000,94,8696.0,3775,224.15,1304,8696
20000,94,17505.0,5698,324.42,2495,17505
40000,94,35124.0,7840,441.3,4876,35124
60000,94,52946.0,8789,485.86,7054,52946
80000,94,70656.0,9724,538.31,9344,70656
10000,94,8696.0,3775,224.15,1304,8696
2,95,1.0,1,0.04,1,1
3,95,2.0,2,0.13,1,2
100,95,83.0,60,3.95,17,83
200,95,171.0,114,7.31,29,171
2000,95,1684.0,1060,64.45,316,1684
10000,95,8688.0,3169,172.01,1312,8688
20000,95,17509.0,4842,260.38,2491,17509
40000,95,35227.0,6811,363.09,4773,35227
60000,95,52908.0,8267,446.08,7092,52908
80000,95,70599.0,9973,519.87,9401,70599
10000,95,8688.0,3169,172.01,1312,8688
2,96,2.0,1,0.04,0,2
3,96,3.0,2,0.13,0,3
100,96,87.0,64,4.06,13,87
200,96,172.0,124,8.16,28,172
2000,96,1710.0,1037,65.93,290,1710
10000,96,8668.0,3592,206.18,1332,8668
20000,96,17432.0,5622,313.13,2568,17432
40000,96,35164.0,7705,417.3,4836,35164
60000,96,52903.0,9087,477.58,7097,52903
80000,96,70636.0,10239,529.66,9364,70636
10000,96,8668.0,3592,206.18,1332,8668
2,97,2.0,1,0.04,0,2
3,97,3.0,2,0.13,0,3
100,97,87.0,63,4.07,13,87
200,97,172.0,126,8.09,28,172
2000,97,1697.0,1108,70.72,303,1697
10000,97,8677.0,3492,199.93,1323,8677
20000,97,17487.0,4939,283.86,2513,17487
40000,97,35153.0,6694,369.21,4847,35153
60000,97,52808.0,8464,448.31,7192,52808
80000,97,70581.0,9126,482.44,9419,70581
10000,97,8677.0,3492,199.93,1323,8677
2,98,1.0,1,0.04,1,1
3,98,2.0,2,0.13,1,2
100,98,84.0,64,4.06,16,84
200,98,175.0,129,7.91,25,175
2000,98,1725.0,983,61.57,275,1725
10000,98,8713.0,3926,230.19,1287,8713
20000,98,17512.0,5870,332.35,2488,17512
40000,98,35216.0,8125,443.15,4784,35216
60000,98,52924.0,10254,542.41,7076,52924
80000,98,70697.0,11443,598.02,9303,70697
10000,98,8713.0,3926,230.19,1287,8713
2,99,2.0,1,0.04,0,2
3,99,3.0,2,0.13,0,3
100,99,86.0,67,4.13,14,86
200,99,177.0,134,8.31,23,177
2000,99,1715.0,1136,68.74,285,1715
10000,99,8703.0,4250,233.85,1297,8703
20000,99,17543.0,5836,314.74,2457,17543
40000,99,35220.0,8364,436.61,4780,35220
60000,99,52899.0,10332,528.53,7101,52899
80000,99,70699.0,11106,571.64,9301,70699
10000,99,8703.0,4250,233.85,1297,8703
2,100,1.0,1,0.04,1,1
3,100,2.0,2,0.13,1,2
100,100,85.0,67,4.28,15,85
200,100,168.0,131,8.14,32,168
2000,100,1695.0,1022,59.58,305,1695
10000,100,8621.0,3416,194.04,1379,8621
20000,100,17422.0,5311,282.84,2578,17422
40000,100,35127.0,6857,365.38,4873,35127
60000,100,52924.0,7481,396.34,7076,52924
80000,100,70729.0,8653,453.62,9271,70729
10000,100,8621.0,3416,194.04,1379,8621
