Timestep,Iteration,Total Reward,Suboptimal Arms,Total Regret,Zeros Count,Ones Count
2,1,2.0,2,0.18,0,2
3,1,3.0,2,0.18,0,3
100,1,89.0,64,5.76,11,89
200,1,175.0,125,11.25,25,175
2000,1,1726.0,968,87.12,274,1726
10000,1,8698.0,2548,229.32,1302,8698
20000,1,17528.0,3330,299.7,2472,17528
40000,1,35200.0,4185,376.65,4800,35200
60000,1,52999.0,4815,433.35,7001,52999
80000,1,70712.0,5445,490.05,9288,70712
10000,1,8698.0,2548,229.32,1302,8698
2,2,2.0,2,0.18,0,2
3,2,3.0,2,0.18,0,3
100,2,85.0,67,6.03,15,85
200,2,170.0,127,11.43,30,170
2000,2,1700.0,968,87.12,300,1700
10000,2,8695.0,2605,234.45,1305,8695
20000,2,17490.0,3537,318.33,2510,17490
40000,2,35236.0,4408,396.72,4764,35236
60000,2,53056.0,4881,439.29,6944,53056
80000,2,70858.0,5098,458.82,9142,70858
10000,2,8695.0,2605,234.45,1305,8695
2,3,1.0,2,0.18,1,1
3,3,2.0,2,0.18,1,2
100,3,87.0,62,5.58,13,87
200,3,172.0,126,11.34,28,172
2000,3,1705.0,921,82.89,295,1705
10000,3,8689.0,2369,213.21,1311,8689
20000,3,17521.0,3022,271.98,2479,17521
40000,3,35262.0,3679,331.11,4738,35262
60000,3,52971.0,4260,383.4,7029,52971
80000,3,70759.0,4478,403.02,9241,70759
10000,3,8689.0,2369,213.21,1311,8689
2,4,2.0,2,0.18,0,2
3,4,3.0,2,0.18,0,3
100,4,86.0,61,5.49,14,86
200,4,173.0,120,10.8,27,173
2000,4,1717.0,916,82.44,283,1717
10000,4,8709.0,2506,225.54,1291,8709
20000,4,17537.0,3237,291.33,2463,17537
40000,4,35286.0,3966,356.94,4714,35286
60000,4,53102.0,4383,394.47,6898,53102
80000,4,70856.0,4810,432.9,9144,70856
10000,4,8709.0,2506,225.54,1291,8709
2,5,2.0,2,0.18,0,2
3,5,3.0,2,0.18,0,3
100,5,84.0,65,5.85,16,84
200,5,171.0,132,11.88,29,171
2000,5,1686.0,979,88.11,314,1686
10000,5,8684.0,2316,208.44,1316,8684
20000,5,17520.0,3091,278.19,2480,17520
40000,5,35306.0,4011,360.99,4694,35306
60000,5,53105.0,4279,385.11,6895,53105
80000,5,70919.0,4549,409.41,9081,70919
10000,5,8684.0,2316,208.44,1316,8684
2,6,2.0,2,0.18,0,2
3,6,2.0,2,0.18,1,2
100,6,86.0,66,5.94,14,86
200,6,164.0,127,11.43,36,164
2000,6,1674.0,980,88.2,326,1674
10000,6,8585.0,2689,242.01,1415,8585
20000,6,17404.0,3642,327.78,2596,17404
40000,6,35123.0,4158,374.22,4877,35123
60000,6,52858.0,4856,437.04,7142,52858
80000,6,70643.0,5195,467.55,9357,70643
10000,6,8585.0,2689,242.01,1415,8585
2,7,2.0,2,0.18,0,2
3,7,3.0,2,0.18,0,3
100,7,88.0,65,5.85,12,88
200,7,170.0,123,11.07,30,170
2000,7,1691.0,1054,94.86,309,1691
10000,7,8648.0,2432,218.88,1352,8648
20000,7,17483.0,3152,283.68,2517,17483
40000,7,35261.0,3661,329.49,4739,35261
60000,7,52968.0,4320,388.8,7032,52968
80000,7,70764.0,4615,415.35,9236,70764
10000,7,8648.0,2432,218.88,1352,8648
2,8,2.0,2,0.18,0,2
3,8,3.0,2,0.18,0,3
100,8,82.0,68,6.12,18,82
200,8,165.0,132,11.88,35,165
2000,8,1715.0,963,86.67,285,1715
10000,8,8696.0,2793,251.37,1304,8696
20000,8,17553.0,3665,329.85,2447,17553
40000,8,35219.0,4559,410.31,4781,35219
60000,8,52880.0,5159,464.31,7120,52880
80000,8,70715.0,5375,483.75,9285,70715
10000,8,8696.0,2793,251.37,1304,8696
2,9,2.0,2,0.18,0,2
3,9,3.0,2,0.18,0,3
100,9,84.0,66,5.94,16,84
200,9,167.0,119,10.71,33,167
2000,9,1699.0,932,83.88,301,1699
10000,9,8699.0,2783,250.47,1301,8699
20000,9,17498.0,3859,347.31,2502,17498
40000,9,35180.0,4753,427.77,4820,35180
60000,9,52866.0,5609,504.81,7134,52866
80000,9,70623.0,5948,535.32,9377,70623
10000,9,8699.0,2783,250.47,1301,8699
2,10,1.0,2,0.18,1,1
3,10,2.0,2,0.18,1,2
100,10,76.0,65,5.85,24,76
200,10,156.0,124,11.16,44,156
2000,10,1657.0,1024,92.16,343,1657
10000,10,8596.0,2605,234.45,1404,8596
20000,10,17427.0,3110,279.9,2573,17427
40000,10,35203.0,3942,354.78,4797,35203
60000,10,52982.0,4302,387.18,7018,52982
80000,10,70838.0,4518,406.62,9162,70838
10000,10,8596.0,2605,234.45,1404,8596
2,11,0.0,2,0.18,2,0
3,11,1.0,2,0.18,2,1
100,11,79.0,62,5.58,21,79
200,11,160.0,129,11.61,40,160
2000,11,1690.0,1007,90.63,310,1690
10000,11,8691.0,2502,225.18,1309,8691
20000,11,17467.0,3577,321.93,2533,17467
40000,11,35233.0,4170,375.3,4767,35233
60000,11,53035.0,4866,437.94,6965,53035
80000,11,70805.0,5177,465.93,9195,70805
10000,11,8691.0,2502,225.18,1309,8691
2,12,1.0,2,0.18,1,1
3,12,2.0,2,0.18,1,2
100,12,85.0,59,5.31,15,85
200,12,164.0,121,10.89,36,164
2000,12,1723.0,860,77.4,277,1723
10000,12,8703.0,2455,220.95,1297,8703
20000,12,17464.0,3547,319.23,2536,17464
40000,12,35079.0,4757,428.13,4921,35079
60000,12,52818.0,5145,463.05,7182,52818
80000,12,70546.0,5537,498.33,9454,70546
10000,12,8703.0,2455,220.95,1297,8703
2,13,1.0,2,0.18,1,1
3,13,2.0,2,0.18,1,2
100,13,85.0,64,5.76,15,85
200,13,164.0,120,10.8,36,164
2000,13,1666.0,1021,91.89,334,1666
10000,13,8688.0,2261,203.49,1312,8688
20000,13,17581.0,2905,261.45,2419,17581
40000,13,35355.0,3592,323.28,4645,35355
60000,13,53103.0,4163,374.67,6897,53103
80000,13,70892.0,4444,399.96,9108,70892
10000,13,8688.0,2261,203.49,1312,8688
2,14,1.0,2,0.18,1,1
3,14,2.0,2,0.18,1,2
100,14,81.0,63,5.67,19,81
200,14,164.0,124,11.16,36,164
2000,14,1681.0,906,81.54,319,1681
10000,14,8657.0,2537,228.33,1343,8657
20000,14,17509.0,3320,298.8,2491,17509
40000,14,35202.0,3959,356.31,4798,35202
60000,14,52939.0,4599,413.91,7061,52939
80000,14,70753.0,4954,445.86,9247,70753
10000,14,8657.0,2537,228.33,1343,8657
2,15,2.0,2,0.18,0,2
3,15,3.0,2,0.18,0,3
100,15,81.0,64,5.76,19,81
200,15,168.0,120,10.8,32,168
2000,15,1693.0,949,85.41,307,1693
10000,15,8627.0,2722,244.98,1373,8627
20000,15,17499.0,3486,313.74,2501,17499
40000,15,35190.0,4100,369.0,4810,35190
60000,15,52974.0,4718,424.62,7026,52974
80000,15,70724.0,4980,448.2,9276,70724
10000,15,8627.0,2722,244.98,1373,8627
2,16,1.0,2,0.18,1,1
3,16,1.0,2,0.18,2,1
100,16,83.0,64,5.76,17,83
200,16,164.0,124,11.16,36,164
2000,16,1681.0,790,71.1,319,1681
10000,16,8697.0,2103,189.27,1303,8697
20000,16,17454.0,3125,281.25,2546,17454
40000,16,35143.0,3986,358.74,4857,35143
60000,16,52910.0,4353,391.77,7090,52910
80000,16,70619.0,4699,422.91,9381,70619
10000,16,8697.0,2103,189.27,1303,8697
2,17,2.0,2,0.18,0,2
3,17,3.0,2,0.18,0,3
100,17,82.0,63,5.67,18,82
200,17,164.0,126,11.34,36,164
2000,17,1711.0,951,85.59,289,1711
10000,17,8701.0,2759,248.31,1299,8701
20000,17,17440.0,3880,349.2,2560,17440
40000,17,35157.0,5063,455.67,4843,35157
60000,17,52957.0,5553,499.77,7043,52957
80000,17,70776.0,5830,524.7,9224,70776
10000,17,8701.0,2759,248.31,1299,8701
2,18,0.0,2,0.18,2,0
3,18,1.0,2,0.18,2,1
100,18,81.0,62,5.58,19,81
200,18,163.0,119,10.71,37,163
2000,18,1690.0,828,74.52,310,1690
10000,18,8698.0,2145,193.05,1302,8698
20000,18,17500.0,3171,285.39,2500,17500
40000,18,35190.0,4105,369.45,4810,35190
60000,18,52948.0,4481,403.29,7052,52948
80000,18,70744.0,4829,434.61,9256,70744
10000,18,8698.0,2145,193.05,1302,8698
2,19,2.0,2,0.18,0,2
3,19,3.0,2,0.18,0,3
100,19,85.0,64,5.76,15,85
200,19,173.0,117,10.53,27,173
2000,19,1724.0,781,70.29,276,1724
10000,19,8754.0,1968,177.12,1246,8754
20000,19,17573.0,2671,240.39,2427,17573
40000,19,35289.0,3460,311.4,4711,35289
60000,19,53008.0,4127,371.43,6992,53008
80000,19,70773.0,4399,395.91,9227,70773
10000,19,8754.0,1968,177.12,1246,8754
2,20,2.0,2,0.18,0,2
3,20,3.0,2,0.18,0,3
100,20,86.0,65,5.85,14,86
200,20,173.0,124,11.16,27,173
2000,20,1725.0,910,81.9,275,1725
10000,20,8727.0,2273,204.57,1273,8727
20000,20,17597.0,2830,254.7,2403,17597
40000,20,35319.0,3555,319.95,4681,35319
60000,20,53107.0,4132,371.88,6893,53107
80000,20,70872.0,4475,402.75,9128,70872
10000,20,8727.0,2273,204.57,1273,8727
2,21,2.0,2,0.18,0,2
3,21,3.0,2,0.18,0,3
100,21,82.0,58,5.22,18,82
200,21,167.0,117,10.53,33,167
2000,21,1670.0,961,86.49,330,1670
10000,21,8680.0,2717,244.53,1320,8680
20000,21,17500.0,3534,318.06,2500,17500
40000,21,35177.0,4678,421.02,4823,35177
60000,21,52904.0,5281,475.29,7096,52904
80000,21,70654.0,5674,510.66,9346,70654
10000,21,8680.0,2717,244.53,1320,8680
2,22,1.0,2,0.18,1,1
3,22,2.0,2,0.18,1,2
100,22,81.0,62,5.58,19,81
200,22,165.0,121,10.89,35,165
2000,22,1696.0,879,79.11,304,1696
10000,22,8709.0,2505,225.45,1291,8709
20000,22,17614.0,3072,276.48,2386,17614
40000,22,35330.0,3926,353.34,4670,35330
60000,22,53080.0,4375,393.75,6920,53080
80000,22,70849.0,4638,417.42,9151,70849
10000,22,8709.0,2505,225.45,1291,8709
2,23,1.0,2,0.18,1,1
3,23,1.0,2,0.18,2,1
100,23,79.0,60,5.4,21,79
200,23,168.0,117,10.53,32,168
2000,23,1705.0,832,74.88,295,1705
10000,23,8701.0,2376,213.84,1299,8701
20000,23,17517.0,3136,282.24,2483,17517
40000,23,35283.0,3963,356.67,4717,35283
60000,23,53070.0,4565,410.85,6930,53070
80000,23,70857.0,4873,438.57,9143,70857
10000,23,8701.0,2376,213.84,1299,8701
2,24,2.0,2,0.18,0,2
3,24,3.0,2,0.18,0,3
100,24,84.0,66,5.94,16,84
200,24,173.0,131,11.79,27,173
2000,24,1721.0,898,80.82,279,1721
10000,24,8690.0,2697,242.73,1310,8690
20000,24,17517.0,3658,329.22,2483,17517
40000,24,35134.0,4782,430.38,4866,35134
60000,24,52890.0,5320,478.8,7110,52890
80000,24,70665.0,5630,506.7,9335,70665
10000,24,8690.0,2697,242.73,1310,8690
2,25,1.0,2,0.18,1,1
3,25,2.0,2,0.18,1,2
100,25,86.0,64,5.76,14,86
200,25,174.0,125,11.25,26,174
2000,25,1701.0,978,88.02,299,1701
10000,25,8645.0,2673,240.57,1355,8645
20000,25,17451.0,3809,342.81,2549,17451
40000,25,35125.0,4871,438.39,4875,35125
60000,25,52851.0,5277,474.93,7149,52851
80000,25,70666.0,5456,491.04,9334,70666
10000,25,8645.0,2673,240.57,1355,8645
2,26,2.0,2,0.18,0,2
3,26,3.0,2,0.18,0,3
100,26,87.0,63,5.67,13,87
200,26,165.0,124,11.16,35,165
2000,26,1675.0,863,77.67,325,1675
10000,26,8591.0,2609,234.81,1409,8591
20000,26,17330.0,3402,306.18,2670,17330
40000,26,35213.0,3764,338.76,4787,35213
60000,26,52906.0,4387,394.83,7094,52906
80000,26,70674.0,4814,433.26,9326,70674
10000,26,8591.0,2609,234.81,1409,8591
2,27,2.0,2,0.18,0,2
3,27,3.0,2,0.18,0,3
100,27,87.0,63,5.67,13,87
200,27,168.0,125,11.25,32,168
2000,27,1706.0,955,85.95,294,1706
10000,27,8699.0,2536,228.24,1301,8699
20000,27,17574.0,3416,307.44,2426,17574
40000,27,35272.0,4690,422.1,4728,35272
60000,27,52970.0,5317,478.53,7030,52970
80000,27,70689.0,5899,530.91,9311,70689
10000,27,8699.0,2536,228.24,1301,8699
2,28,1.0,2,0.18,1,1
3,28,2.0,2,0.18,1,2
100,28,81.0,63,5.67,19,81
200,28,159.0,125,11.25,41,159
2000,28,1674.0,970,87.3,326,1674
10000,28,8649.0,2795,251.55,1351,8649
20000,28,17502.0,3624,326.16,2498,17502
40000,28,35316.0,4225,380.25,4684,35316
60000,28,53119.0,4559,410.31,6881,53119
80000,28,70885.0,4927,443.43,9115,70885
10000,28,8649.0,2795,251.55,1351,8649
2,29,1.0,2,0.18,1,1
3,29,2.0,2,0.18,1,2
100,29,87.0,64,5.76,13,87
200,29,173.0,130,11.7,27,173
2000,29,1703.0,944,84.96,297,1703
10000,29,8672.0,2579,232.11,1328,8672
20000,29,17517.0,3368,303.12,2483,17517
40000,29,35188.0,4478,403.02,4812,35188
60000,29,52956.0,4831,434.79,7044,52956
80000,29,70724.0,5100,459.0,9276,70724
10000,29,8672.0,2579,232.11,1328,8672
2,30,1.0,2,0.18,1,1
3,30,1.0,2,0.18,2,1
100,30,85.0,63,5.67,15,85
200,30,172.0,126,11.34,28,172
2000,30,1685.0,941,84.69,315,1685
10000,30,8653.0,2549,229.41,1347,8653
20000,30,17548.0,3054,274.86,2452,17548
40000,30,35223.0,3830,344.7,4777,35223
60000,30,52990.0,4202,378.18,7010,52990
80000,30,70818.0,4467,402.03,9182,70818
10000,30,8653.0,2549,229.41,1347,8653
2,31,2.0,2,0.18,0,2
3,31,3.0,2,0.18,0,3
100,31,84.0,65,5.85,16,84
200,31,168.0,129,11.61,32,168
2000,31,1682.0,1009,90.81,318,1682
10000,31,8628.0,2523,227.07,1372,8628
20000,31,17481.0,3165,284.85,2519,17481
40000,31,35269.0,3845,346.05,4731,35269
60000,31,52955.0,4411,396.99,7045,52955
80000,31,70715.0,4833,434.97,9285,70715
10000,31,8628.0,2523,227.07,1372,8628
2,32,2.0,2,0.18,0,2
3,32,3.0,2,0.18,0,3
100,32,82.0,66,5.94,18,82
200,32,162.0,130,11.7,38,162
2000,32,1714.0,845,76.05,286,1714
10000,32,8648.0,2528,227.52,1352,8648
20000,32,17565.0,2887,259.83,2435,17565
40000,32,35319.0,3584,322.56,4681,35319
60000,32,53115.0,3983,358.47,6885,53115
80000,32,70854.0,4402,396.18,9146,70854
10000,32,8648.0,2528,227.52,1352,8648
2,33,2.0,2,0.18,0,2
3,33,2.0,2,0.18,1,2
100,33,77.0,64,5.76,23,77
200,33,162.0,125,11.25,38,162
2000,33,1668.0,1025,92.25,332,1668
10000,33,8633.0,2695,242.55,1367,8633
20000,33,17508.0,3368,303.12,2492,17508
40000,33,35232.0,4345,391.05,4768,35232
60000,33,52935.0,5018,451.62,7065,52935
80000,33,70765.0,5246,472.14,9235,70765
10000,33,8633.0,2695,242.55,1367,8633
2,34,0.0,2,0.18,2,0
3,34,1.0,2,0.18,2,1
100,34,83.0,62,5.58,17,83
200,34,167.0,118,10.62,33,167
2000,34,1684.0,1067,96.03,316,1684
10000,34,8693.0,2559,230.31,1307,8693
20000,34,17555.0,3399,305.91,2445,17555
40000,34,35220.0,4145,373.05,4780,35220
60000,34,52949.0,4818,433.62,7051,52949
80000,34,70734.0,5214,469.26,9266,70734
10000,34,8693.0,2559,230.31,1307,8693
2,35,1.0,2,0.18,1,1
3,35,2.0,2,0.18,1,2
100,35,86.0,64,5.76,14,86
200,35,164.0,126,11.34,36,164
2000,35,1656.0,1010,90.9,344,1656
10000,35,8639.0,2408,216.72,1361,8639
20000,35,17462.0,3053,274.77,2538,17462
40000,35,35219.0,3583,322.47,4781,35219
60000,35,52953.0,3950,355.5,7047,52953
80000,35,70670.0,4124,371.16,9330,70670
10000,35,8639.0,2408,216.72,1361,8639
2,36,0.0,2,0.18,2,0
3,36,1.0,2,0.18,2,1
100,36,82.0,66,5.94,18,82
200,36,170.0,127,11.43,30,170
2000,36,1702.0,932,83.88,298,1702
10000,36,8669.0,2450,220.5,1331,8669
20000,36,17520.0,3115,280.35,2480,17520
40000,36,35190.0,3779,340.11,4810,35190
60000,36,52991.0,4167,375.03,7009,52991
80000,36,70802.0,4386,394.74,9198,70802
10000,36,8669.0,2450,220.5,1331,8669
2,37,1.0,2,0.18,1,1
3,37,2.0,2,0.18,1,2
100,37,86.0,64,5.76,14,86
200,37,170.0,120,10.8,30,170
2000,37,1705.0,939,84.51,295,1705
10000,37,8677.0,2699,242.91,1323,8677
20000,37,17517.0,3685,331.65,2483,17517
40000,37,35236.0,4561,410.49,4764,35236
60000,37,53025.0,4945,445.05,6975,53025
80000,37,70741.0,5374,483.66,9259,70741
10000,37,8677.0,2699,242.91,1323,8677
2,38,2.0,2,0.18,0,2
3,38,3.0,2,0.18,0,3
100,38,86.0,68,6.12,14,86
200,38,168.0,131,11.79,32,168
2000,38,1698.0,950,85.5,302,1698
10000,38,8693.0,2277,204.93,1307,8693
20000,38,17583.0,2778,250.02,2417,17583
40000,38,35274.0,3646,328.14,4726,35274
60000,38,52996.0,4167,375.03,7004,52996
80000,38,70731.0,4677,420.93,9269,70731
10000,38,8693.0,2277,204.93,1307,8693
2,39,1.0,2,0.18,1,1
3,39,2.0,2,0.18,1,2
100,39,79.0,59,5.31,21,79
200,39,157.0,116,10.44,43,157
2000,39,1690.0,794,71.46,310,1690
10000,39,8683.0,2456,221.04,1317,8683
20000,39,17454.0,3258,293.22,2546,17454
40000,39,35255.0,3999,359.91,4745,35255
60000,39,52953.0,4957,446.13,7047,52953
80000,39,70696.0,5292,476.28,9304,70696
10000,39,8683.0,2456,221.04,1317,8683
2,40,1.0,2,0.18,1,1
3,40,2.0,2,0.18,1,2
100,40,81.0,66,5.94,19,81
200,40,165.0,127,11.43,35,165
2000,40,1687.0,887,79.83,313,1687
10000,40,8627.0,2527,227.43,1373,8627
20000,40,17450.0,3391,305.19,2550,17450
40000,40,35145.0,4296,386.64,4855,35145
60000,40,52915.0,4607,414.63,7085,52915
80000,40,70639.0,4915,442.35,9361,70639
10000,40,8627.0,2527,227.43,1373,8627
2,41,2.0,2,0.18,0,2
3,41,3.0,2,0.18,0,3
100,41,83.0,64,5.76,17,83
200,41,164.0,118,10.62,36,164
2000,41,1711.0,874,78.66,289,1711
10000,41,8674.0,2950,265.5,1326,8674
20000,41,17471.0,3890,350.1,2529,17471
40000,41,35227.0,5135,462.15,4773,35227
60000,41,52932.0,5921,532.89,7068,52932
80000,41,70767.0,6054,544.86,9233,70767
10000,41,8674.0,2950,265.5,1326,8674
2,42,1.0,2,0.18,1,1
3,42,2.0,2,0.18,1,2
100,42,86.0,62,5.58,14,86
200,42,165.0,122,10.98,35,165
2000,42,1650.0,894,80.46,350,1650
10000,42,8582.0,2487,223.83,1418,8582
20000,42,17414.0,3300,297.0,2586,17414
40000,42,35199.0,4041,363.69,4801,35199
60000,42,52999.0,4544,408.96,7001,52999
80000,42,70768.0,4935,444.15,9232,70768
10000,42,8582.0,2487,223.83,1418,8582
2,43,2.0,2,0.18,0,2
3,43,3.0,2,0.18,0,3
100,43,77.0,61,5.49,23,77
200,43,167.0,122,10.98,33,167
2000,43,1693.0,873,78.57,307,1693
10000,43,8681.0,2328,209.52,1319,8681
20000,43,17499.0,2886,259.74,2501,17499
40000,43,35210.0,3512,316.08,4790,35210
60000,43,52952.0,3940,354.6,7048,52952
80000,43,70706.0,4275,384.75,9294,70706
10000,43,8681.0,2328,209.52,1319,8681
2,44,2.0,2,0.18,0,2
3,44,3.0,2,0.18,0,3
100,44,87.0,63,5.67,13,87
200,44,169.0,125,11.25,31,169
2000,44,1703.0,1017,91.53,297,1703
10000,44,8678.0,2705,243.45,1322,8678
20000,44,17552.0,3580,322.2,2448,17552
40000,44,35236.0,4798,431.82,4764,35236
60000,44,53000.0,5122,460.98,7000,53000
80000,44,70879.0,5382,484.38,9121,70879
10000,44,8678.0,2705,243.45,1322,8678
2,45,2.0,2,0.18,0,2
3,45,3.0,2,0.18,0,3
100,45,84.0,66,5.94,16,84
200,45,169.0,129,11.61,31,169
2000,45,1713.0,909,81.81,287,1713
10000,45,8746.0,2412,217.08,1254,8746
20000,45,17564.0,3473,312.57,2436,17564
40000,45,35250.0,4352,391.68,4750,35250
60000,45,53024.0,4871,438.39,6976,53024
80000,45,70915.0,5098,458.82,9085,70915
10000,45,8746.0,2412,217.08,1254,8746
2,46,2.0,2,0.18,0,2
3,46,3.0,2,0.18,0,3
100,46,79.0,63,5.67,21,79
200,46,164.0,118,10.62,36,164
2000,46,1697.0,944,84.96,303,1697
10000,46,8656.0,2425,218.25,1344,8656
20000,46,17469.0,3364,302.76,2531,17469
40000,46,35228.0,3944,354.96,4772,35228
60000,46,52987.0,4485,403.65,7013,52987
80000,46,70736.0,4937,444.33,9264,70736
10000,46,8656.0,2425,218.25,1344,8656
2,47,2.0,2,0.18,0,2
3,47,3.0,2,0.18,0,3
100,47,83.0,64,5.76,17,83
200,47,173.0,128,11.52,27,173
2000,47,1722.0,1007,90.63,278,1722
10000,47,8715.0,2699,242.91,1285,8715
20000,47,17551.0,3677,330.93,2449,17551
40000,47,35208.0,4963,446.67,4792,35208
60000,47,52902.0,5495,494.55,7098,52902
80000,47,70688.0,5930,533.7,9312,70688
10000,47,8715.0,2699,242.91,1285,8715
2,48,1.0,2,0.18,1,1
3,48,2.0,2,0.18,1,2
100,48,83.0,63,5.67,17,83
200,48,165.0,116,10.44,35,165
2000,48,1702.0,985,88.65,298,1702
10000,48,8642.0,2597,233.73,1358,8642
20000,48,17513.0,3353,301.77,2487,17513
40000,48,35188.0,4413,397.17,4812,35188
60000,48,53014.0,4707,423.63,6986,53014
80000,48,70741.0,5143,462.87,9259,70741
10000,48,8642.0,2597,233.73,1358,8642
2,49,2.0,2,0.18,0,2
3,49,3.0,2,0.18,0,3
100,49,79.0,65,5.85,21,79
200,49,158.0,125,11.25,42,158
2000,49,1701.0,933,83.97,299,1701
10000,49,8645.0,2441,219.69,1355,8645
20000,49,17455.0,3441,309.69,2545,17455
40000,49,35165.0,4181,376.29,4835,35165
60000,49,52994.0,4436,399.24,7006,52994
80000,49,70752.0,4886,439.74,9248,70752
10000,49,8645.0,2441,219.69,1355,8645
2,50,2.0,2,0.18,0,2
3,50,3.0,2,0.18,0,3
100,50,91.0,67,6.03,9,91
200,50,178.0,130,11.7,22,178
2000,50,1696.0,958,86.22,304,1696
10000,50,8611.0,2687,241.83,1389,8611
20000,50,17423.0,3547,319.23,2577,17423
40000,50,35203.0,4286,385.74,4797,35203
60000,50,52890.0,4865,437.85,7110,52890
80000,50,70646.0,5166,464.94,9354,70646
10000,50,8611.0,2687,241.83,1389,8611
2,51,2.0,2,0.18,0,2
3,51,3.0,2,0.18,0,3
100,51,87.0,67,6.03,13,87
200,51,166.0,121,10.89,34,166
2000,51,1694.0,856,77.04,306,1694
10000,51,8710.0,2205,198.45,1290,8710
20000,51,17525.0,3041,273.69,2475,17525
40000,51,35245.0,3894,350.46,4755,35245
60000,51,53052.0,4245,382.05,6948,53052
80000,51,70814.0,4539,408.51,9186,70814
10000,51,8710.0,2205,198.45,1290,8710
2,52,2.0,2,0.18,0,2
3,52,3.0,2,0.18,0,3
100,52,82.0,65,5.85,18,82
200,52,161.0,130,11.7,39,161
2000,52,1699.0,881,79.29,301,1699
10000,52,8696.0,2415,217.35,1304,8696
20000,52,17533.0,3095,278.55,2467,17533
40000,52,35238.0,3949,355.41,4762,35238
60000,52,52931.0,4369,393.21,7069,52931
80000,52,70789.0,4517,406.53,9211,70789
10000,52,8696.0,2415,217.35,1304,8696
2,53,1.0,2,0.18,1,1
3,53,2.0,2,0.18,1,2
100,53,83.0,60,5.4,17,83
200,53,165.0,112,10.08,35,165
2000,53,1707.0,872,78.48,293,1707
10000,53,8712.0,2454,220.86,1288,8712
20000,53,17514.0,3485,313.65,2486,17514
40000,53,35217.0,4574,411.66,4783,35217
60000,53,53090.0,4793,431.37,6910,53090
80000,53,70760.0,5306,477.54,9240,70760
10000,53,8712.0,2454,220.86,1288,8712
2,54,2.0,2,0.18,0,2
3,54,3.0,2,0.18,0,3
100,54,83.0,64,5.76,17,83
200,54,169.0,119,10.71,31,169
2000,54,1687.0,769,69.21,313,1687
10000,54,8656.0,2167,195.03,1344,8656
20000,54,17566.0,2729,245.61,2434,17566
40000,54,35234.0,3991,359.19,4766,35234
60000,54,52890.0,4625,416.25,7110,52890
80000,54,70681.0,5104,459.36,9319,70681
10000,54,8656.0,2167,195.03,1344,8656
2,55,2.0,2,0.18,0,2
3,55,3.0,2,0.18,0,3
100,55,86.0,64,5.76,14,86
200,55,171.0,128,11.52,29,171
2000,55,1694.0,899,80.91,306,1694
10000,55,8685.0,2710,243.9,1315,8685
20000,55,17481.0,3949,355.41,2519,17481
40000,55,35241.0,4654,418.86,4759,35241
60000,55,52977.0,5130,461.7,7023,52977
80000,55,70724.0,5381,484.29,9276,70724
10000,55,8685.0,2710,243.9,1315,8685
2,56,2.0,2,0.18,0,2
3,56,3.0,2,0.18,0,3
100,56,87.0,65,5.85,13,87
200,56,165.0,128,11.52,35,165
2000,56,1702.0,817,73.53,298,1702
10000,56,8660.0,2505,225.45,1340,8660
20000,56,17486.0,3580,322.2,2514,17486
40000,56,35211.0,4554,409.86,4789,35211
60000,56,52989.0,5051,454.59,7011,52989
80000,56,70793.0,5421,487.89,9207,70793
10000,56,8660.0,2505,225.45,1340,8660
2,57,1.0,2,0.18,1,1
3,57,2.0,2,0.18,1,2
100,57,85.0,63,5.67,15,85
200,57,171.0,121,10.89,29,171
2000,57,1695.0,914,82.26,305,1695
10000,57,8651.0,2552,229.68,1349,8651
20000,57,17484.0,3465,311.85,2516,17484
40000,57,35196.0,4087,367.83,4804,35196
60000,57,52928.0,4548,409.32,7072,52928
80000,57,70636.0,4837,435.33,9364,70636
10000,57,8651.0,2552,229.68,1349,8651
2,58,2.0,2,0.18,0,2
3,58,3.0,2,0.18,0,3
100,58,84.0,66,5.94,16,84
200,58,163.0,125,11.25,37,163
2000,58,1691.0,881,79.29,309,1691
10000,58,8623.0,2750,247.5,1377,8623
20000,58,17432.0,3828,344.52,2568,17432
40000,58,35152.0,4320,388.8,4848,35152
60000,58,52916.0,4828,434.52,7084,52916
80000,58,70702.0,5092,458.28,9298,70702
10000,58,8623.0,2750,247.5,1377,8623
2,59,2.0,2,0.18,0,2
3,59,3.0,2,0.18,0,3
100,59,90.0,63,5.67,10,90
200,59,176.0,121,10.89,24,176
2000,59,1732.0,859,77.31,268,1732
10000,59,8692.0,2536,228.24,1308,8692
20000,59,17487.0,3506,315.54,2513,17487
40000,59,35166.0,4446,400.14,4834,35166
60000,59,52932.0,4930,443.7,7068,52932
80000,59,70636.0,5384,484.56,9364,70636
10000,59,8692.0,2536,228.24,1308,8692
2,60,2.0,2,0.18,0,2
3,60,3.0,2,0.18,0,3
100,60,81.0,60,5.4,19,81
200,60,166.0,119,10.71,34,166
2000,60,1690.0,906,81.54,310,1690
10000,60,8645.0,2585,232.65,1355,8645
20000,60,17454.0,3501,315.09,2546,17454
40000,60,35234.0,4327,389.43,4766,35234
60000,60,52998.0,5035,453.15,7002,52998
80000,60,70709.0,5360,482.4,9291,70709
10000,60,8645.0,2585,232.65,1355,8645
2,61,1.0,2,0.18,1,1
3,61,2.0,2,0.18,1,2
100,61,81.0,59,5.31,19,81
200,61,164.0,115,10.35,36,164
2000,61,1683.0,841,75.69,317,1683
10000,61,8675.0,2088,187.92,1325,8675
20000,61,17599.0,2603,234.27,2401,17599
40000,61,35402.0,3429,308.61,4598,35402
60000,61,53214.0,4288,385.92,6786,53214
80000,61,70950.0,4708,423.72,9050,70950
10000,61,8675.0,2088,187.92,1325,8675
2,62,2.0,2,0.18,0,2
3,62,3.0,2,0.18,0,3
100,62,81.0,66,5.94,19,81
200,62,161.0,129,11.61,39,161
2000,62,1693.0,925,83.25,307,1693
10000,62,8692.0,2122,190.98,1308,8692
20000,62,17507.0,2903,261.27,2493,17507
40000,62,35215.0,3744,336.96,4785,35215
60000,62,53044.0,4174,375.66,6956,53044
80000,62,70867.0,4452,400.68,9133,70867
10000,62,8692.0,2122,190.98,1308,8692
2,63,2.0,2,0.18,0,2
3,63,3.0,2,0.18,0,3
100,63,82.0,67,6.03,18,82
200,63,166.0,127,11.43,34,166
2000,63,1696.0,943,84.87,304,1696
10000,63,8666.0,2891,260.19,1334,8666
20000,63,17445.0,4111,369.99,2555,17445
40000,63,35238.0,4813,433.17,4762,35238
60000,63,52950.0,5342,480.78,7050,52950
80000,63,70666.0,5886,529.74,9334,70666
10000,63,8666.0,2891,260.19,1334,8666
2,64,2.0,2,0.18,0,2
3,64,3.0,2,0.18,0,3
100,64,80.0,60,5.4,20,80
200,64,159.0,118,10.62,41,159
2000,64,1695.0,851,76.59,305,1695
10000,64,8697.0,2553,229.77,1303,8697
20000,64,17579.0,3323,299.07,2421,17579
40000,64,35216.0,4291,386.19,4784,35216
60000,64,52984.0,4657,419.13,7016,52984
80000,64,70642.0,5373,483.57,9358,70642
10000,64,8697.0,2553,229.77,1303,8697
2,65,1.0,2,0.18,1,1
3,65,2.0,2,0.18,1,2
100,65,84.0,60,5.4,16,84
200,65,170.0,116,10.44,30,170
2000,65,1718.0,931,83.79,282,1718
10000,65,8708.0,2549,229.41,1292,8708
20000,65,17456.0,3511,315.99,2544,17456
40000,65,35145.0,4484,403.56,4855,35145
60000,65,52842.0,4984,448.56,7158,52842
80000,65,70577.0,5150,463.5,9423,70577
10000,65,8708.0,2549,229.41,1292,8708
2,66,1.0,2,0.18,1,1
3,66,2.0,2,0.18,1,2
100,66,82.0,64,5.76,18,82
200,66,161.0,130,11.7,39,161
2000,66,1668.0,981,88.29,332,1668
10000,66,8663.0,2359,212.31,1337,8663
20000,66,17457.0,3140,282.6,2543,17457
40000,66,35145.0,3912,352.08,4855,35145
60000,66,52838.0,4418,397.62,7162,52838
80000,66,70567.0,4792,431.28,9433,70567
10000,66,8663.0,2359,212.31,1337,8663
2,67,2.0,2,0.18,0,2
3,67,2.0,2,0.18,1,2
100,67,82.0,65,5.85,18,82
200,67,166.0,123,11.07,34,166
2000,67,1652.0,935,84.15,348,1652
10000,67,8636.0,2568,231.12,1364,8636
20000,67,17435.0,3449,310.41,2565,17435
40000,67,35087.0,4195,377.55,4913,35087
60000,67,52778.0,4750,427.5,7222,52778
80000,67,70598.0,5035,453.15,9402,70598
10000,67,8636.0,2568,231.12,1364,8636
2,68,2.0,2,0.18,0,2
3,68,3.0,2,0.18,0,3
100,68,84.0,63,5.67,16,84
200,68,168.0,131,11.79,32,168
2000,68,1676.0,1047,94.23,324,1676
10000,68,8655.0,2720,244.8,1345,8655
20000,68,17414.0,3653,328.77,2586,17414
40000,68,35093.0,4627,416.43,4907,35093
60000,68,52949.0,5050,454.5,7051,52949
80000,68,70731.0,5226,470.34,9269,70731
10000,68,8655.0,2720,244.8,1345,8655
2,69,1.0,2,0.18,1,1
3,69,2.0,2,0.18,1,2
100,69,83.0,60,5.4,17,83
200,69,167.0,117,10.53,33,167
2000,69,1723.0,932,83.88,277,1723
10000,69,8707.0,2819,253.71,1293,8707
20000,69,17531.0,3698,332.82,2469,17531
40000,69,35288.0,4582,412.38,4712,35288
60000,69,53082.0,5053,454.77,6918,53082
80000,69,70864.0,5454,490.86,9136,70864
10000,69,8707.0,2819,253.71,1293,8707
2,70,2.0,2,0.18,0,2
3,70,3.0,2,0.18,0,3
100,70,87.0,66,5.94,13,87
200,70,172.0,133,11.97,28,172
2000,70,1681.0,999,89.91,319,1681
10000,70,8622.0,2908,261.72,1378,8622
20000,70,17393.0,4193,377.37,2607,17393
40000,70,35092.0,5730,515.7,4908,35092
60000,70,52892.0,6099,548.91,7108,52892
80000,70,70764.0,6276,564.84,9236,70764
10000,70,8622.0,2908,261.72,1378,8622
2,71,1.0,2,0.18,1,1
3,71,1.0,2,0.18,2,1
100,71,87.0,64,5.76,13,87
200,71,170.0,126,11.34,30,170
2000,71,1709.0,989,89.01,291,1709
10000,71,8700.0,2869,258.21,1300,8700
20000,71,17505.0,3850,346.5,2495,17505
40000,71,35224.0,4596,413.64,4776,35224
60000,71,52963.0,4915,442.35,7037,52963
80000,71,70714.0,5309,477.81,9286,70714
10000,71,8700.0,2869,258.21,1300,8700
2,72,2.0,2,0.18,0,2
3,72,3.0,2,0.18,0,3
100,72,83.0,66,5.94,17,83
200,72,169.0,118,10.62,31,169
2000,72,1694.0,866,77.94,306,1694
10000,72,8633.0,2628,236.52,1367,8633
20000,72,17447.0,3553,319.77,2553,17447
40000,72,35180.0,4546,409.14,4820,35180
60000,72,52888.0,5169,465.21,7112,52888
80000,72,70772.0,5325,479.25,9228,70772
10000,72,8633.0,2628,236.52,1367,8633
2,73,1.0,2,0.18,1,1
3,73,2.0,2,0.18,1,2
100,73,85.0,63,5.67,15,85
200,73,163.0,129,11.61,37,163
2000,73,1699.0,1102,99.18,301,1699
10000,73,8707.0,3000,270.0,1293,8707
20000,73,17389.0,4287,385.83,2611,17389
40000,73,35141.0,5038,453.42,4859,35141
60000,73,52964.0,5701,513.09,7036,52964
80000,73,70776.0,5969,537.21,9224,70776
10000,73,8707.0,3000,270.0,1293,8707
2,74,2.0,2,0.18,0,2
3,74,3.0,2,0.18,0,3
100,74,83.0,64,5.76,17,83
200,74,169.0,115,10.35,31,169
2000,74,1709.0,923,83.07,291,1709
10000,74,8684.0,2594,233.46,1316,8684
20000,74,17518.0,3398,305.82,2482,17518
40000,74,35178.0,4417,397.53,4822,35178
60000,74,52851.0,5155,463.95,7149,52851
80000,74,70640.0,5286,475.74,9360,70640
10000,74,8684.0,2594,233.46,1316,8684
2,75,1.0,2,0.18,1,1
3,75,1.0,2,0.18,2,1
100,75,79.0,62,5.58,21,79
200,75,167.0,117,10.53,33,167
2000,75,1692.0,879,79.11,308,1692
10000,75,8682.0,2655,238.95,1318,8682
20000,75,17560.0,3530,317.7,2440,17560
40000,75,35288.0,4522,406.98,4712,35288
60000,75,53048.0,5052,454.68,6952,53048
80000,75,70800.0,5663,509.67,9200,70800
10000,75,8682.0,2655,238.95,1318,8682
2,76,2.0,2,0.18,0,2
3,76,3.0,2,0.18,0,3
100,76,75.0,64,5.76,25,75
200,76,163.0,127,11.43,37,163
2000,76,1691.0,967,87.03,309,1691
10000,76,8684.0,2437,219.33,1316,8684
20000,76,17452.0,3592,323.28,2548,17452
40000,76,35105.0,4303,387.27,4895,35105
60000,76,52883.0,4619,415.71,7117,52883
80000,76,70689.0,4949,445.41,9311,70689
10000,76,8684.0,2437,219.33,1316,8684
2,77,2.0,2,0.18,0,2
3,77,3.0,2,0.18,0,3
100,77,86.0,66,5.94,14,86
200,77,167.0,126,11.34,33,167
2000,77,1674.0,925,83.25,326,1674
10000,77,8659.0,2430,218.7,1341,8659
20000,77,17519.0,3197,287.73,2481,17519
40000,77,35274.0,3675,330.75,4726,35274
60000,77,52994.0,4179,376.11,7006,52994
80000,77,70938.0,4311,387.99,9062,70938
10000,77,8659.0,2430,218.7,1341,8659
2,78,1.0,2,0.18,1,1
3,78,2.0,2,0.18,1,2
100,78,85.0,65,5.85,15,85
200,78,175.0,128,11.52,25,175
2000,78,1704.0,1064,95.76,296,1704
10000,78,8706.0,2446,220.14,1294,8706
20000,78,17459.0,3174,285.66,2541,17459
40000,78,35250.0,3863,347.67,4750,35250
60000,78,53034.0,4255,382.95,6966,53034
80000,78,70746.0,4513,406.17,9254,70746
10000,78,8706.0,2446,220.14,1294,8706
2,79,2.0,2,0.18,0,2
3,79,3.0,2,0.18,0,3
100,79,82.0,64,5.76,18,82
200,79,164.0,123,11.07,36,164
2000,79,1705.0,982,88.38,295,1705
10000,79,8679.0,2545,229.05,1321,8679
20000,79,17537.0,3330,299.7,2463,17537
40000,79,35294.0,4189,377.01,4706,35294
60000,79,53100.0,4546,409.14,6900,53100
80000,79,70830.0,5042,453.78,9170,70830
10000,79,8679.0,2545,229.05,1321,8679
2,80,2.0,2,0.18,0,2
3,80,3.0,2,0.18,0,3
100,80,88.0,65,5.85,12,88
200,80,177.0,126,11.34,23,177
2000,80,1713.0,836,75.24,287,1713
10000,80,8721.0,2458,221.22,1279,8721
20000,80,17514.0,3440,309.6,2486,17514
40000,80,35261.0,4254,382.86,4739,35261
60000,80,53075.0,4702,423.18,6925,53075
80000,80,70766.0,5139,462.51,9234,70766
10000,80,8721.0,2458,221.22,1279,8721
2,81,1.0,2,0.18,1,1
3,81,1.0,2,0.18,2,1
100,81,78.0,66,5.94,22,78
200,81,168.0,131,11.79,32,168
2000,81,1699.0,894,80.46,301,1699
10000,81,8671.0,2796,251.64,1329,8671
20000,81,17437.0,3937,354.33,2563,17437
40000,81,35183.0,4881,439.29,4817,35183
60000,81,52931.0,5357,482.13,7069,52931
80000,81,70798.0,5622,505.98,9202,70798
10000,81,8671.0,2796,251.64,1329,8671
2,82,1.0,2,0.18,1,1
3,82,1.0,2,0.18,2,1
100,82,85.0,61,5.49,15,85
200,82,161.0,124,11.16,39,161
2000,82,1701.0,846,76.14,299,1701
10000,82,8651.0,2474,222.66,1349,8651
20000,82,17485.0,3145,283.05,2515,17485
40000,82,35123.0,4206,378.54,4877,35123
60000,82,52821.0,4978,448.02,7179,52821
80000,82,70677.0,5273,474.57,9323,70677
10000,82,8651.0,2474,222.66,1349,8651
2,83,2.0,2,0.18,0,2
3,83,3.0,2,0.18,0,3
100,83,88.0,63,5.67,12,88
200,83,175.0,128,11.52,25,175
2000,83,1690.0,1093,98.37,310,1690
10000,83,8643.0,2994,269.46,1357,8643
20000,83,17486.0,3963,356.67,2514,17486
40000,83,35148.0,5066,455.94,4852,35148
60000,83,52863.0,5696,512.64,7137,52863
80000,83,70666.0,6048,544.32,9334,70666
10000,83,8643.0,2994,269.46,1357,8643
2,84,2.0,2,0.18,0,2
3,84,3.0,2,0.18,0,3
100,84,81.0,66,5.94,19,81
200,84,164.0,115,10.35,36,164
2000,84,1698.0,1000,90.0,302,1698
10000,84,8703.0,2425,218.25,1297,8703
20000,84,17521.0,3102,279.18,2479,17521
40000,84,35152.0,4256,383.04,4848,35152
60000,84,52834.0,4895,440.55,7166,52834
80000,84,70529.0,5185,466.65,9471,70529
10000,84,8703.0,2425,218.25,1297,8703
2,85,2.0,2,0.18,0,2
3,85,3.0,2,0.18,0,3
100,85,79.0,65,5.85,21,79
200,85,165.0,121,10.89,35,165
2000,85,1697.0,904,81.36,303,1697
10000,85,8718.0,2804,252.36,1282,8718
20000,85,17467.0,4023,362.07,2533,17467
40000,85,35178.0,4908,441.72,4822,35178
60000,85,52938.0,5405,486.45,7062,52938
80000,85,70640.0,5954,535.86,9360,70640
10000,85,8718.0,2804,252.36,1282,8718
2,86,2.0,2,0.18,0,2
3,86,2.0,2,0.18,1,2
100,86,86.0,64,5.76,14,86
200,86,161.0,125,11.25,39,161
2000,86,1705.0,803,72.27,295,1705
10000,86,8703.0,2005,180.45,1297,8703
20000,86,17555.0,2681,241.29,2445,17555
40000,86,35271.0,3496,314.64,4729,35271
60000,86,52959.0,3935,354.15,7041,52959
80000,86,70853.0,3995,359.55,9147,70853
10000,86,8703.0,2005,180.45,1297,8703
2,87,2.0,2,0.18,0,2
3,87,3.0,2,0.18,0,3
100,87,84.0,63,5.67,16,84
200,87,168.0,118,10.62,32,168
2000,87,1693.0,918,82.62,307,1693
10000,87,8643.0,2686,241.74,1357,8643
20000,87,17453.0,3663,329.67,2547,17453
40000,87,35145.0,4478,403.02,4855,35145
60000,87,53007.0,4682,421.38,6993,53007
80000,87,70712.0,4990,449.1,9288,70712
10000,87,8643.0,2686,241.74,1357,8643
2,88,2.0,2,0.18,0,2
3,88,3.0,2,0.18,0,3
100,88,83.0,62,5.58,17,83
200,88,169.0,122,10.98,31,169
2000,88,1711.0,897,80.73,289,1711
10000,88,8716.0,2396,215.64,1284,8716
20000,88,17544.0,3316,298.44,2456,17544
40000,88,35314.0,4114,370.26,4686,35314
60000,88,53036.0,4565,410.85,6964,53036
80000,88,70823.0,5152,463.68,9177,70823
10000,88,8716.0,2396,215.64,1284,8716
2,89,2.0,2,0.18,0,2
3,89,3.0,2,0.18,0,3
100,89,82.0,65,5.85,18,82
200,89,164.0,131,11.79,36,164
2000,89,1726.0,885,79.65,274,1726
10000,89,8718.0,2217,199.53,1282,8718
20000,89,17606.0,3321,298.89,2394,17606
40000,89,35311.0,4143,372.87,4689,35311
60000,89,53017.0,4896,440.64,6983,53017
80000,89,70781.0,5136,462.24,9219,70781
10000,89,8718.0,2217,199.53,1282,8718
2,90,1.0,2,0.18,1,1
3,90,2.0,2,0.18,1,2
100,90,81.0,60,5.4,19,81
200,90,167.0,120,10.8,33,167
2000,90,1688.0,866,77.94,312,1688
10000,90,8672.0,2025,182.25,1328,8672
20000,90,17501.0,2845,256.05,2499,17501
40000,90,35205.0,3643,327.87,4795,35205
60000,90,53041.0,3872,348.48,6959,53041
80000,90,70727.0,4169,375.21,9273,70727
10000,90,8672.0,2025,182.25,1328,8672
2,91,1.0,2,0.18,1,1
3,91,2.0,2,0.18,1,2
100,91,85.0,67,6.03,15,85
200,91,165.0,128,11.52,35,165
2000,91,1669.0,981,88.29,331,1669
10000,91,8705.0,2679,241.11,1295,8705
20000,91,17604.0,3220,289.8,2396,17604
40000,91,35435.0,4181,376.29,4565,35435
60000,91,53178.0,4745,427.05,6822,53178
80000,91,70938.0,5026,452.34,9062,70938
10000,91,8705.0,2679,241.11,1295,8705
2,92,1.0,2,0.18,1,1
3,92,2.0,2,0.18,1,2
100,92,82.0,63,5.67,18,82
200,92,168.0,126,11.34,32,168
2000,92,1698.0,974,87.66,302,1698
10000,92,8752.0,2287,205.83,1248,8752
20000,92,17521.0,3428,308.52,2479,17521
40000,92,35320.0,4515,406.35,4680,35320
60000,92,53166.0,5097,458.73,6834,53166
80000,92,70940.0,5606,504.54,9060,70940
10000,92,8752.0,2287,205.83,1248,8752
2,93,2.0,2,0.18,0,2
3,93,3.0,2,0.18,0,3
100,93,77.0,65,5.85,23,77
200,93,163.0,122,10.98,37,163
2000,93,1705.0,841,75.69,295,1705
10000,93,8612.0,2600,234.0,1388,8612
20000,93,17472.0,3046,274.14,2528,17472
40000,93,35185.0,3848,346.32,4815,35185
60000,93,52986.0,4426,398.34,7014,52986
80000,93,70796.0,4585,412.65,9204,70796
10000,93,8612.0,2600,234.0,1388,8612
2,94,1.0,2,0.18,1,1
3,94,2.0,2,0.18,1,2
100,94,82.0,64,5.76,18,82
200,94,165.0,127,11.43,35,165
2000,94,1687.0,859,77.31,313,1687
10000,94,8621.0,2645,238.05,1379,8621
20000,94,17490.0,3277,294.93,2510,17490
40000,94,35157.0,4467,402.03,4843,35157
60000,94,52852.0,5075,456.75,7148,52852
80000,94,70613.0,5387,484.83,9387,70613
10000,94,8621.0,2645,238.05,1379,8621
2,95,1.0,2,0.18,1,1
3,95,2.0,2,0.18,1,2
100,95,89.0,64,5.76,11,89
200,95,173.0,127,11.43,27,173
2000,95,1690.0,908,81.72,310,1690
10000,95,8634.0,2481,223.29,1366,8634
20000,95,17486.0,3029,272.61,2514,17486
40000,95,35206.0,3737,336.33,4794,35206
60000,95,53006.0,4180,376.2,6994,53006
80000,95,70740.0,4425,398.25,9260,70740
10000,95,8634.0,2481,223.29,1366,8634
2,96,1.0,2,0.18,1,1
3,96,2.0,2,0.18,1,2
100,96,80.0,62,5.58,20,80
200,96,161.0,125,11.25,39,161
2000,96,1721.0,806,72.54,279,1721
10000,96,8696.0,2248,202.32,1304,8696
20000,96,17517.0,3249,292.41,2483,17517
40000,96,35120.0,4285,385.65,4880,35120
60000,96,52892.0,4627,416.43,7108,52892
80000,96,70654.0,4806,432.54,9346,70654
10000,96,8696.0,2248,202.32,1304,8696
2,97,2.0,2,0.18,0,2
3,97,3.0,2,0.18,0,3
100,97,87.0,66,5.94,13,87
200,97,168.0,125,11.25,32,168
2000,97,1684.0,917,82.53,316,1684
10000,97,8683.0,2249,202.41,1317,8683
20000,97,17499.0,3086,277.74,2501,17499
40000,97,35189.0,3859,347.31,4811,35189
60000,97,53027.0,4050,364.5,6973,53027
80000,97,70837.0,4243,381.87,9163,70837
10000,97,8683.0,2249,202.41,1317,8683
2,98,2.0,2,0.18,0,2
3,98,3.0,2,0.18,0,3
100,98,80.0,64,5.76,20,80
200,98,169.0,125,11.25,31,169
2000,98,1691.0,938,84.42,309,1691
10000,98,8629.0,2710,243.9,1371,8629
20000,98,17409.0,3621,325.89,2591,17409
40000,98,35133.0,4334,390.06,4867,35133
60000,98,52890.0,4567,411.03,7110,52890
80000,98,70688.0,4767,429.03,9312,70688
10000,98,8629.0,2710,243.9,1371,8629
2,99,1.0,2,0.18,1,1
3,99,2.0,2,0.18,1,2
100,99,82.0,61,5.49,18,82
200,99,168.0,121,10.89,32,168
2000,99,1701.0,911,81.99,299,1701
10000,99,8647.0,2633,236.97,1353,8647
20000,99,17529.0,3248,292.32,2471,17529
40000,99,35285.0,4214,379.26,4715,35285
60000,99,52950.0,5152,463.68,7050,52950
80000,99,70847.0,5331,479.79,9153,70847
10000,99,8647.0,2633,236.97,1353,8647
2,100,1.0,2,0.18,1,1
3,100,2.0,2,0.18,1,2
100,100,76.0,62,5.58,24,76
200,100,162.0,119,10.71,38,162
2000,100,1682.0,836,75.24,318,1682
10000,100,8646.0,2015,181.35,1354,8646
20000,100,17524.0,2720,244.8,2476,17524
40000,100,35252.0,3670,330.3,4748,35252
60000,100,53028.0,4115,370.35,6972,53028
80000,100,70785.0,4255,382.95,9215,70785
10000,100,8646.0,2015,181.35,1354,8646
