Timestep,Iteration,Total Reward,Suboptimal Arms,Total Regret,Zeros Count,Ones Count
2,1,2.0,2,0.2,0,2
3,1,3.0,2,0.2,0,3
100,1,83.0,66,6.6,17,83
200,1,169.0,122,12.2,31,169
2000,1,1703.0,877,87.7,297,1703
10000,1,8766.0,2339,233.9,1234,8766
20000,1,17641.0,3061,306.1,2359,17641
40000,1,35481.0,3692,369.2,4519,35481
60000,1,53448.0,3883,388.3,6552,53448
80000,1,71413.0,4111,411.1,8587,71413
10000,1,8766.0,2339,233.9,1234,8766
2,2,2.0,2,0.2,0,2
3,2,3.0,2,0.2,0,3
100,2,83.0,62,6.2,17,83
200,2,166.0,119,11.9,34,166
2000,2,1695.0,888,88.8,305,1695
10000,2,8815.0,2292,229.2,1185,8815
20000,2,17788.0,3185,318.5,2212,17788
40000,2,35750.0,4039,403.9,4250,35750
60000,2,53747.0,4407,440.7,6253,53747
80000,2,71727.0,4633,463.3,8273,71727
10000,2,8815.0,2292,229.2,1185,8815
2,3,1.0,2,0.2,1,1
3,3,2.0,2,0.2,1,2
100,3,86.0,60,6.0,14,86
200,3,178.0,123,12.3,22,178
2000,3,1741.0,892,89.2,259,1741
10000,3,8772.0,2396,239.6,1228,8772
20000,3,17736.0,3018,301.8,2264,17736
40000,3,35687.0,3731,373.1,4313,35687
60000,3,53670.0,4309,430.9,6330,53670
80000,3,71682.0,4800,480.0,8318,71682
10000,3,8772.0,2396,239.6,1228,8772
2,4,2.0,2,0.2,0,2
3,4,3.0,2,0.2,0,3
100,4,89.0,64,6.4,11,89
200,4,177.0,125,12.5,23,177
2000,4,1694.0,969,96.9,306,1694
10000,4,8699.0,2425,242.5,1301,8699
20000,4,17631.0,3063,306.3,2369,17631
40000,4,35538.0,3955,395.5,4462,35538
60000,4,53493.0,4487,448.7,6507,53493
80000,4,71532.0,4775,477.5,8468,71532
10000,4,8699.0,2425,242.5,1301,8699
2,5,2.0,2,0.2,0,2
3,5,3.0,2,0.2,0,3
100,5,89.0,66,6.6,11,89
200,5,176.0,131,13.1,24,176
2000,5,1731.0,954,95.4,269,1731
10000,5,8780.0,2594,259.4,1220,8780
20000,5,17713.0,3183,318.3,2287,17713
40000,5,35702.0,3806,380.6,4298,35702
60000,5,53630.0,4050,405.0,6370,53630
80000,5,71642.0,4386,438.6,8358,71642
10000,5,8780.0,2594,259.4,1220,8780
2,6,1.0,2,0.2,1,1
3,6,2.0,2,0.2,1,2
100,6,83.0,62,6.2,17,83
200,6,174.0,125,12.5,26,174
2000,6,1706.0,973,97.3,294,1706
10000,6,8778.0,2291,229.1,1222,8778
20000,6,17769.0,2792,279.2,2231,17769
40000,6,35758.0,3296,329.6,4242,35758
60000,6,53595.0,3984,398.4,6405,53595
80000,6,71592.0,4424,442.4,8408,71592
10000,6,8778.0,2291,229.1,1222,8778
2,7,2.0,2,0.2,0,2
3,7,3.0,2,0.2,0,3
100,7,81.0,60,6.0,19,81
200,7,162.0,111,11.1,38,162
2000,7,1709.0,872,87.2,291,1709
10000,7,8741.0,2226,222.6,1259,8741
20000,7,17704.0,2637,263.7,2296,17704
40000,7,35684.0,3349,334.9,4316,35684
60000,7,53626.0,3678,367.8,6374,53626
80000,7,71523.0,4131,413.1,8477,71523
10000,7,8741.0,2226,222.6,1259,8741
2,8,2.0,2,0.2,0,2
3,8,2.0,2,0.2,1,2
100,8,89.0,71,7.1,11,89
200,8,174.0,131,13.1,26,174
2000,8,1733.0,938,93.8,267,1733
10000,8,8786.0,2219,221.9,1214,8786
20000,8,17662.0,3071,307.1,2338,17662
40000,8,35644.0,3546,354.6,4356,35644
60000,8,53647.0,3836,383.6,6353,53647
80000,8,71652.0,3986,398.6,8348,71652
10000,8,8786.0,2219,221.9,1214,8786
2,9,1.0,2,0.2,1,1
3,9,2.0,2,0.2,1,2
100,9,82.0,62,6.2,18,82
200,9,163.0,118,11.8,37,163
2000,9,1706.0,851,85.1,294,1706
10000,9,8756.0,1909,190.9,1244,8756
20000,9,17678.0,2518,251.8,2322,17678
40000,9,35650.0,2989,298.9,4350,35650
60000,9,53613.0,3269,326.9,6387,53613
80000,9,71612.0,3557,355.7,8388,71612
10000,9,8756.0,1909,190.9,1244,8756
2,10,2.0,2,0.2,0,2
3,10,3.0,2,0.2,0,3
100,10,88.0,62,6.2,12,88
200,10,176.0,116,11.6,24,176
2000,10,1692.0,821,82.1,308,1692
10000,10,8762.0,1925,192.5,1238,8762
20000,10,17664.0,2707,270.7,2336,17664
40000,10,35632.0,3354,335.4,4368,35632
60000,10,53634.0,3578,357.8,6366,53634
80000,10,71615.0,3852,385.2,8385,71615
10000,10,8762.0,1925,192.5,1238,8762
2,11,2.0,2,0.2,0,2
3,11,3.0,2,0.2,0,3
100,11,86.0,67,6.7,14,86
200,11,167.0,130,13.0,33,167
2000,11,1727.0,764,76.4,273,1727
10000,11,8792.0,2010,201.0,1208,8792
20000,11,17671.0,2800,280.0,2329,17671
40000,11,35587.0,3417,341.7,4413,35587
60000,11,53482.0,3712,371.2,6518,53482
80000,11,71525.0,3851,385.1,8475,71525
10000,11,8792.0,2010,201.0,1208,8792
2,12,2.0,2,0.2,0,2
3,12,3.0,2,0.2,0,3
100,12,82.0,66,6.6,18,82
200,12,161.0,123,12.3,39,161
2000,12,1705.0,905,90.5,295,1705
10000,12,8778.0,2463,246.3,1222,8778
20000,12,17697.0,3067,306.7,2303,17697
40000,12,35563.0,3784,378.4,4437,35563
60000,12,53488.0,4351,435.1,6512,53488
80000,12,71493.0,4551,455.1,8507,71493
10000,12,8778.0,2463,246.3,1222,8778
2,13,2.0,2,0.2,0,2
3,13,2.0,2,0.2,1,2
100,13,83.0,66,6.6,17,83
200,13,164.0,123,12.3,36,164
2000,13,1717.0,876,87.6,283,1717
10000,13,8754.0,2423,242.3,1246,8754
20000,13,17681.0,3129,312.9,2319,17681
40000,13,35653.0,3909,390.9,4347,35653
60000,13,53604.0,4239,423.9,6396,53604
80000,13,71485.0,4662,466.2,8515,71485
10000,13,8754.0,2423,242.3,1246,8754
2,14,1.0,2,0.2,1,1
3,14,2.0,2,0.2,1,2
100,14,76.0,63,6.3,24,76
200,14,167.0,120,12.0,33,167
2000,14,1721.0,926,92.6,279,1721
10000,14,8741.0,2523,252.3,1259,8741
20000,14,17729.0,3076,307.6,2271,17729
40000,14,35625.0,3833,383.3,4375,35625
60000,14,53547.0,4422,442.2,6453,53547
80000,14,71533.0,4720,472.0,8467,71533
10000,14,8741.0,2523,252.3,1259,8741
2,15,0.0,2,0.2,2,0
3,15,1.0,2,0.2,2,1
100,15,82.0,63,6.3,18,82
200,15,161.0,125,12.5,39,161
2000,15,1713.0,925,92.5,287,1713
10000,15,8784.0,2510,251.0,1216,8784
20000,15,17724.0,3042,304.2,2276,17724
40000,15,35637.0,3889,388.9,4363,35637
60000,15,53582.0,4524,452.4,6418,53582
80000,15,71494.0,4836,483.6,8506,71494
10000,15,8784.0,2510,251.0,1216,8784
2,16,2.0,2,0.2,0,2
3,16,3.0,2,0.2,0,3
100,16,87.0,63,6.3,13,87
200,16,171.0,125,12.5,29,171
2000,16,1725.0,835,83.5,275,1725
10000,16,8722.0,2475,247.5,1278,8722
20000,16,17663.0,3210,321.0,2337,17663
40000,16,35621.0,4131,413.1,4379,35621
60000,16,53611.0,4434,443.4,6389,53611
80000,16,71623.0,4682,468.2,8377,71623
10000,16,8722.0,2475,247.5,1278,8722
2,17,2.0,2,0.2,0,2
3,17,3.0,2,0.2,0,3
100,17,85.0,65,6.5,15,85
200,17,164.0,121,12.1,36,164
2000,17,1716.0,921,92.1,284,1716
10000,17,8719.0,2447,244.7,1281,8719
20000,17,17711.0,3060,306.0,2289,17711
40000,17,35676.0,3926,392.6,4324,35676
60000,17,53646.0,4281,428.1,6354,53646
80000,17,71695.0,4572,457.2,8305,71695
10000,17,8719.0,2447,244.7,1281,8719
2,18,1.0,2,0.2,1,1
3,18,2.0,2,0.2,1,2
100,18,81.0,59,5.9,19,81
200,18,159.0,113,11.3,41,159
2000,18,1667.0,977,97.7,333,1667
10000,18,8758.0,2253,225.3,1242,8758
20000,18,17752.0,3002,300.2,2248,17752
40000,18,35606.0,3937,393.7,4394,35606
60000,18,53488.0,4415,441.5,6512,53488
80000,18,71518.0,4667,466.7,8482,71518
10000,18,8758.0,2253,225.3,1242,8758
2,19,2.0,2,0.2,0,2
3,19,3.0,2,0.2,0,3
100,19,84.0,65,6.5,16,84
200,19,164.0,126,12.6,36,164
2000,19,1710.0,873,87.3,290,1710
10000,19,8778.0,2212,221.2,1222,8778
20000,19,17696.0,2788,278.8,2304,17696
40000,19,35543.0,3495,349.5,4457,35543
60000,19,53479.0,3958,395.8,6521,53479
80000,19,71417.0,4180,418.0,8583,71417
10000,19,8778.0,2212,221.2,1222,8778
2,20,1.0,2,0.2,1,1
3,20,2.0,2,0.2,1,2
100,20,85.0,67,6.7,15,85
200,20,168.0,122,12.2,32,168
2000,20,1730.0,900,90.0,270,1730
10000,20,8762.0,2629,262.9,1238,8762
20000,20,17668.0,3500,350.0,2332,17668
40000,20,35624.0,4173,417.3,4376,35624
60000,20,53600.0,4591,459.1,6400,53600
80000,20,71491.0,5080,508.0,8509,71491
10000,20,8762.0,2629,262.9,1238,8762
2,21,2.0,2,0.2,0,2
3,21,3.0,2,0.2,0,3
100,21,89.0,63,6.3,11,89
200,21,173.0,118,11.8,27,173
2000,21,1704.0,829,82.9,296,1704
10000,21,8827.0,2299,229.9,1173,8827
20000,21,17711.0,3149,314.9,2289,17711
40000,21,35670.0,3754,375.4,4330,35670
60000,21,53705.0,3924,392.4,6295,53705
80000,21,71630.0,4271,427.1,8370,71630
10000,21,8827.0,2299,229.9,1173,8827
2,22,2.0,2,0.2,0,2
3,22,3.0,2,0.2,0,3
100,22,84.0,64,6.4,16,84
200,22,167.0,120,12.0,33,167
2000,22,1709.0,924,92.4,291,1709
10000,22,8736.0,2182,218.2,1264,8736
20000,22,17671.0,2766,276.6,2329,17671
40000,22,35618.0,3589,358.9,4382,35618
60000,22,53642.0,3856,385.6,6358,53642
80000,22,71594.0,4145,414.5,8406,71594
10000,22,8736.0,2182,218.2,1264,8736
2,23,0.0,2,0.2,2,0
3,23,1.0,2,0.2,2,1
100,23,84.0,60,6.0,16,84
200,23,163.0,105,10.5,37,163
2000,23,1713.0,804,80.4,287,1713
10000,23,8756.0,1921,192.1,1244,8756
20000,23,17765.0,2596,259.6,2235,17765
40000,23,35611.0,3355,335.5,4389,35611
60000,23,53507.0,4065,406.5,6493,53507
80000,23,71365.0,4323,432.3,8635,71365
10000,23,8756.0,1921,192.1,1244,8756
2,24,1.0,2,0.2,1,1
3,24,2.0,2,0.2,1,2
100,24,78.0,61,6.1,22,78
200,24,157.0,123,12.3,43,157
2000,24,1676.0,999,99.9,324,1676
10000,24,8723.0,2341,234.1,1277,8723
20000,24,17672.0,3038,303.8,2328,17672
40000,24,35653.0,3668,366.8,4347,35653
60000,24,53653.0,3957,395.7,6347,53653
80000,24,71642.0,4120,412.0,8358,71642
10000,24,8723.0,2341,234.1,1277,8723
2,25,2.0,2,0.2,0,2
3,25,3.0,2,0.2,0,3
100,25,81.0,58,5.8,19,81
200,25,167.0,113,11.3,33,167
2000,25,1708.0,877,87.7,292,1708
10000,25,8758.0,2184,218.4,1242,8758
20000,25,17671.0,2895,289.5,2329,17671
40000,25,35594.0,3543,354.3,4406,35594
60000,25,53595.0,3802,380.2,6405,53595
80000,25,71568.0,4127,412.7,8432,71568
10000,25,8758.0,2184,218.4,1242,8758
2,26,2.0,2,0.2,0,2
3,26,3.0,2,0.2,0,3
100,26,84.0,67,6.7,16,84
200,26,163.0,133,13.3,37,163
2000,26,1688.0,981,98.1,312,1688
10000,26,8765.0,2136,213.6,1235,8765
20000,26,17686.0,2804,280.4,2314,17686
40000,26,35627.0,3623,362.3,4373,35627
60000,26,53570.0,4056,405.6,6430,53570
80000,26,71524.0,4338,433.8,8476,71524
10000,26,8765.0,2136,213.6,1235,8765
2,27,1.0,2,0.2,1,1
3,27,2.0,2,0.2,1,2
100,27,80.0,66,6.6,20,80
200,27,162.0,120,12.0,38,162
2000,27,1699.0,824,82.4,301,1699
10000,27,8734.0,2075,207.5,1266,8734
20000,27,17617.0,2972,297.2,2383,17617
40000,27,35561.0,3514,351.4,4439,35561
60000,27,53585.0,3862,386.2,6415,53585
80000,27,71602.0,4035,403.5,8398,71602
10000,27,8734.0,2075,207.5,1266,8734
2,28,2.0,2,0.2,0,2
3,28,3.0,2,0.2,0,3
100,28,77.0,56,5.6,23,77
200,28,164.0,118,11.8,36,164
2000,28,1699.0,808,80.8,301,1699
10000,28,8711.0,2259,225.9,1289,8711
20000,28,17620.0,3127,312.7,2380,17620
40000,28,35576.0,3570,357.0,4424,35576
60000,28,53521.0,4010,401.0,6479,53521
80000,28,71547.0,4141,414.1,8453,71547
10000,28,8711.0,2259,225.9,1289,8711
2,29,1.0,2,0.2,1,1
3,29,2.0,2,0.2,1,2
100,29,85.0,63,6.3,15,85
200,29,168.0,127,12.7,32,168
2000,29,1684.0,914,91.4,316,1684
10000,29,8741.0,2210,221.0,1259,8741
20000,29,17680.0,2858,285.8,2320,17680
40000,29,35568.0,3398,339.8,4432,35568
60000,29,53579.0,3701,370.1,6421,53579
80000,29,71566.0,3821,382.1,8434,71566
10000,29,8741.0,2210,221.0,1259,8741
2,30,2.0,2,0.2,0,2
3,30,3.0,2,0.2,0,3
100,30,85.0,61,6.1,15,85
200,30,170.0,119,11.9,30,170
2000,30,1728.0,814,81.4,272,1728
10000,30,8752.0,2251,225.1,1248,8752
20000,30,17684.0,2979,297.9,2316,17684
40000,30,35578.0,3871,387.1,4422,35578
60000,30,53565.0,4173,417.3,6435,53565
80000,30,71622.0,4327,432.7,8378,71622
10000,30,8752.0,2251,225.1,1248,8752
2,31,2.0,2,0.2,0,2
3,31,3.0,2,0.2,0,3
100,31,84.0,63,6.3,16,84
200,31,174.0,118,11.8,26,174
2000,31,1715.0,815,81.5,285,1715
10000,31,8761.0,2113,211.3,1239,8761
20000,31,17669.0,2963,296.3,2331,17669
40000,31,35611.0,3537,353.7,4389,35611
60000,31,53463.0,4230,423.0,6537,53463
80000,31,71380.0,4481,448.1,8620,71380
10000,31,8761.0,2113,211.3,1239,8761
2,32,2.0,2,0.2,0,2
3,32,3.0,2,0.2,0,3
100,32,83.0,64,6.4,17,83
200,32,167.0,126,12.6,33,167
2000,32,1713.0,886,88.6,287,1713
10000,32,8708.0,2567,256.7,1292,8708
20000,32,17613.0,3172,317.2,2387,17613
40000,32,35502.0,4142,414.2,4498,35502
60000,32,53444.0,4420,442.0,6556,53444
80000,32,71407.0,4860,486.0,8593,71407
10000,32,8708.0,2567,256.7,1292,8708
2,33,1.0,2,0.2,1,1
3,33,2.0,2,0.2,1,2
100,33,86.0,64,6.4,14,86
200,33,167.0,119,11.9,33,167
2000,33,1729.0,843,84.3,271,1729
10000,33,8772.0,2274,227.4,1228,8772
20000,33,17667.0,3410,341.0,2333,17667
40000,33,35607.0,4208,420.8,4393,35607
60000,33,53580.0,4512,451.2,6420,53580
80000,33,71601.0,4830,483.0,8399,71601
10000,33,8772.0,2274,227.4,1228,8772
2,34,2.0,2,0.2,0,2
3,34,3.0,2,0.2,0,3
100,34,85.0,60,6.0,15,85
200,34,168.0,115,11.5,32,168
2000,34,1714.0,759,75.9,286,1714
10000,34,8775.0,2231,223.1,1225,8775
20000,34,17663.0,2889,288.9,2337,17663
40000,34,35669.0,3585,358.5,4331,35669
60000,34,53624.0,3864,386.4,6376,53624
80000,34,71612.0,4225,422.5,8388,71612
10000,34,8775.0,2231,223.1,1225,8775
2,35,2.0,2,0.2,0,2
3,35,3.0,2,0.2,0,3
100,35,86.0,64,6.4,14,86
200,35,173.0,120,12.0,27,173
2000,35,1704.0,867,86.7,296,1704
10000,35,8825.0,2060,206.0,1175,8825
20000,35,17797.0,2818,281.8,2203,17797
40000,35,35801.0,3340,334.0,4199,35801
60000,35,53774.0,3774,377.4,6226,53774
80000,35,71785.0,3856,385.6,8215,71785
10000,35,8825.0,2060,206.0,1175,8825
2,36,1.0,2,0.2,1,1
3,36,2.0,2,0.2,1,2
100,36,78.0,62,6.2,22,78
200,36,160.0,125,12.5,40,160
2000,36,1705.0,901,90.1,295,1705
10000,36,8759.0,2090,209.0,1241,8759
20000,36,17705.0,2793,279.3,2295,17705
40000,36,35643.0,3468,346.8,4357,35643
60000,36,53555.0,3813,381.3,6445,53555
80000,36,71545.0,3997,399.7,8455,71545
10000,36,8759.0,2090,209.0,1241,8759
2,37,1.0,2,0.2,1,1
3,37,2.0,2,0.2,1,2
100,37,87.0,59,5.9,13,87
200,37,173.0,119,11.9,27,173
2000,37,1729.0,875,87.5,271,1729
10000,37,8800.0,2137,213.7,1200,8800
20000,37,17730.0,3019,301.9,2270,17730
40000,37,35695.0,3749,374.9,4305,35695
60000,37,53644.0,4408,440.8,6356,53644
80000,37,71597.0,4866,486.6,8403,71597
10000,37,8800.0,2137,213.7,1200,8800
2,38,2.0,2,0.2,0,2
3,38,3.0,2,0.2,0,3
100,38,83.0,64,6.4,17,83
200,38,169.0,123,12.3,31,169
2000,38,1729.0,901,90.1,271,1729
10000,38,8793.0,2264,226.4,1207,8793
20000,38,17707.0,2955,295.5,2293,17707
40000,38,35660.0,3771,377.1,4340,35660
60000,38,53581.0,4062,406.2,6419,53581
80000,38,71608.0,4181,418.1,8392,71608
10000,38,8793.0,2264,226.4,1207,8793
2,39,2.0,2,0.2,0,2
3,39,3.0,2,0.2,0,3
100,39,87.0,61,6.1,13,87
200,39,172.0,116,11.6,28,172
2000,39,1719.0,896,89.6,281,1719
10000,39,8753.0,2164,216.4,1247,8753
20000,39,17696.0,2847,284.7,2304,17696
40000,39,35663.0,3528,352.8,4337,35663
60000,39,53586.0,3808,380.8,6414,53586
80000,39,71489.0,4406,440.6,8511,71489
10000,39,8753.0,2164,216.4,1247,8753
2,40,2.0,2,0.2,0,2
3,40,3.0,2,0.2,0,3
100,40,82.0,65,6.5,18,82
200,40,164.0,133,13.3,36,164
2000,40,1714.0,901,90.1,286,1714
10000,40,8805.0,2348,234.8,1195,8805
20000,40,17697.0,3236,323.6,2303,17697
40000,40,35742.0,3844,384.4,4258,35742
60000,40,53740.0,4158,415.8,6260,53740
80000,40,71776.0,4416,441.6,8224,71776
10000,40,8805.0,2348,234.8,1195,8805
2,41,2.0,2,0.2,0,2
3,41,3.0,2,0.2,0,3
100,41,92.0,65,6.5,8,92
200,41,173.0,131,13.1,27,173
2000,41,1699.0,882,88.2,301,1699
10000,41,8775.0,2089,208.9,1225,8775
20000,41,17635.0,2615,261.5,2365,17635
40000,41,35566.0,3398,339.8,4434,35566
60000,41,53506.0,3733,373.3,6494,53506
80000,41,71426.0,3916,391.6,8574,71426
10000,41,8775.0,2089,208.9,1225,8775
2,42,2.0,2,0.2,0,2
3,42,3.0,2,0.2,0,3
100,42,80.0,61,6.1,20,80
200,42,164.0,120,12.0,36,164
2000,42,1697.0,886,88.6,303,1697
10000,42,8735.0,2364,236.4,1265,8735
20000,42,17656.0,2922,292.2,2344,17656
40000,42,35603.0,3402,340.2,4397,35603
60000,42,53514.0,3875,387.5,6486,53514
80000,42,71437.0,4065,406.5,8563,71437
10000,42,8735.0,2364,236.4,1265,8735
2,43,2.0,2,0.2,0,2
3,43,3.0,2,0.2,0,3
100,43,87.0,65,6.5,13,87
200,43,170.0,120,12.0,30,170
2000,43,1739.0,956,95.6,261,1739
10000,43,8802.0,2406,240.6,1198,8802
20000,43,17830.0,3054,305.4,2170,17830
40000,43,35815.0,3639,363.9,4185,35815
60000,43,53800.0,4023,402.3,6200,53800
80000,43,71730.0,4314,431.4,8270,71730
10000,43,8802.0,2406,240.6,1198,8802
2,44,2.0,2,0.2,0,2
3,44,3.0,2,0.2,0,3
100,44,82.0,59,5.9,18,82
200,44,169.0,120,12.0,31,169
2000,44,1699.0,917,91.7,301,1699
10000,44,8717.0,2316,231.6,1283,8717
20000,44,17627.0,2928,292.8,2373,17627
40000,44,35603.0,3356,335.6,4397,35603
60000,44,53566.0,3843,384.3,6434,53566
80000,44,71572.0,4122,412.2,8428,71572
10000,44,8717.0,2316,231.6,1283,8717
2,45,1.0,2,0.2,1,1
3,45,2.0,2,0.2,1,2
100,45,82.0,63,6.3,18,82
200,45,161.0,119,11.9,39,161
2000,45,1711.0,855,85.5,289,1711
10000,45,8756.0,2290,229.0,1244,8756
20000,45,17725.0,2982,298.2,2275,17725
40000,45,35619.0,4128,412.8,4381,35619
60000,45,53654.0,4322,432.2,6346,53654
80000,45,71543.0,4554,455.4,8457,71543
10000,45,8756.0,2290,229.0,1244,8756
2,46,1.0,2,0.2,1,1
3,46,1.0,2,0.2,2,1
100,46,77.0,63,6.3,23,77
200,46,162.0,135,13.5,38,162
2000,46,1722.0,844,84.4,278,1722
10000,46,8782.0,2263,226.3,1218,8782
20000,46,17767.0,2820,282.0,2233,17767
40000,46,35722.0,3548,354.8,4278,35722
60000,46,53685.0,3863,386.3,6315,53685
80000,46,71661.0,4058,405.8,8339,71661
10000,46,8782.0,2263,226.3,1218,8782
2,47,1.0,2,0.2,1,1
3,47,2.0,2,0.2,1,2
100,47,83.0,64,6.4,17,83
200,47,162.0,112,11.2,38,162
2000,47,1714.0,803,80.3,286,1714
10000,47,8795.0,1991,199.1,1205,8795
20000,47,17777.0,2466,246.6,2223,17777
40000,47,35705.0,3144,314.4,4295,35705
60000,47,53670.0,3469,346.9,6330,53670
80000,47,71665.0,3609,360.9,8335,71665
10000,47,8795.0,1991,199.1,1205,8795
2,48,1.0,2,0.2,1,1
3,48,2.0,2,0.2,1,2
100,48,87.0,66,6.6,13,87
200,48,174.0,123,12.3,26,174
2000,48,1703.0,931,93.1,297,1703
10000,48,8756.0,2353,235.3,1244,8756
20000,48,17690.0,3207,320.7,2310,17690
40000,48,35592.0,3963,396.3,4408,35592
60000,48,53581.0,4370,437.0,6419,53581
80000,48,71487.0,4568,456.8,8513,71487
10000,48,8756.0,2353,235.3,1244,8756
2,49,1.0,2,0.2,1,1
3,49,2.0,2,0.2,1,2
100,49,83.0,62,6.2,17,83
200,49,166.0,119,11.9,34,166
2000,49,1716.0,909,90.9,284,1716
10000,49,8747.0,2457,245.7,1253,8747
20000,49,17687.0,3027,302.7,2313,17687
40000,49,35668.0,3568,356.8,4332,35668
60000,49,53641.0,3933,393.3,6359,53641
80000,49,71633.0,4075,407.5,8367,71633
10000,49,8747.0,2457,245.7,1253,8747
2,50,2.0,2,0.2,0,2
3,50,3.0,2,0.2,0,3
100,50,89.0,62,6.2,11,89
200,50,167.0,114,11.4,33,167
2000,50,1714.0,812,81.2,286,1714
10000,50,8782.0,1968,196.8,1218,8782
20000,50,17748.0,2530,253.0,2252,17748
40000,50,35603.0,3699,369.9,4397,35603
60000,50,53535.0,4112,411.2,6465,53535
80000,50,71577.0,4269,426.9,8423,71577
10000,50,8782.0,1968,196.8,1218,8782
2,51,2.0,2,0.2,0,2
3,51,3.0,2,0.2,0,3
100,51,91.0,67,6.7,9,91
200,51,177.0,130,13.0,23,177
2000,51,1744.0,869,86.9,256,1744
10000,51,8806.0,2357,235.7,1194,8806
20000,51,17733.0,2934,293.4,2267,17733
40000,51,35678.0,3600,360.0,4322,35678
60000,51,53568.0,3987,398.7,6432,53568
80000,51,71575.0,4407,440.7,8425,71575
10000,51,8806.0,2357,235.7,1194,8806
2,52,2.0,2,0.2,0,2
3,52,3.0,2,0.2,0,3
100,52,83.0,62,6.2,17,83
200,52,170.0,125,12.5,30,170
2000,52,1701.0,842,84.2,299,1701
10000,52,8749.0,2399,239.9,1251,8749
20000,52,17726.0,3124,312.4,2274,17726
40000,52,35652.0,4062,406.2,4348,35652
60000,52,53573.0,4526,452.6,6427,53573
80000,52,71513.0,4906,490.6,8487,71513
10000,52,8749.0,2399,239.9,1251,8749
2,53,0.0,2,0.2,2,0
3,53,1.0,2,0.2,2,1
100,53,92.0,67,6.7,8,92
200,53,177.0,127,12.7,23,177
2000,53,1721.0,855,85.5,279,1721
10000,53,8809.0,1984,198.4,1191,8809
20000,53,17685.0,2803,280.3,2315,17685
40000,53,35647.0,3358,335.8,4353,35647
60000,53,53570.0,3661,366.1,6430,53570
80000,53,71552.0,3802,380.2,8448,71552
10000,53,8809.0,1984,198.4,1191,8809
2,54,2.0,2,0.2,0,2
3,54,3.0,2,0.2,0,3
100,54,83.0,64,6.4,17,83
200,54,167.0,120,12.0,33,167
2000,54,1721.0,830,83.0,279,1721
10000,54,8781.0,2521,252.1,1219,8781
20000,54,17730.0,3094,309.4,2270,17730
40000,54,35702.0,3687,368.7,4298,35702
60000,54,53685.0,4061,406.1,6315,53685
80000,54,71672.0,4402,440.2,8328,71672
10000,54,8781.0,2521,252.1,1219,8781
2,55,2.0,2,0.2,0,2
3,55,3.0,2,0.2,0,3
100,55,83.0,62,6.2,17,83
200,55,167.0,120,12.0,33,167
2000,55,1721.0,896,89.6,279,1721
10000,55,8817.0,2473,247.3,1183,8817
20000,55,17695.0,3464,346.4,2305,17695
40000,55,35655.0,4017,401.7,4345,35655
60000,55,53555.0,4465,446.5,6445,53555
80000,55,71539.0,4702,470.2,8461,71539
10000,55,8817.0,2473,247.3,1183,8817
2,56,1.0,2,0.2,1,1
3,56,2.0,2,0.2,1,2
100,56,88.0,64,6.4,12,88
200,56,167.0,116,11.6,33,167
2000,56,1712.0,864,86.4,288,1712
10000,56,8836.0,2276,227.6,1164,8836
20000,56,17786.0,2856,285.6,2214,17786
40000,56,35738.0,3450,345.0,4262,35738
60000,56,53635.0,4062,406.2,6365,53635
80000,56,71595.0,4336,433.6,8405,71595
10000,56,8836.0,2276,227.6,1164,8836
2,57,0.0,2,0.2,2,0
3,57,1.0,2,0.2,2,1
100,57,79.0,62,6.2,21,79
200,57,165.0,124,12.4,35,165
2000,57,1719.0,907,90.7,281,1719
10000,57,8784.0,2510,251.0,1216,8784
20000,57,17730.0,3149,314.9,2270,17730
40000,57,35682.0,3663,366.3,4318,35682
60000,57,53648.0,4035,403.5,6352,53648
80000,57,71657.0,4234,423.4,8343,71657
10000,57,8784.0,2510,251.0,1216,8784
2,58,0.0,2,0.2,2,0
3,58,1.0,2,0.2,2,1
100,58,84.0,61,6.1,16,84
200,58,171.0,124,12.4,29,171
2000,58,1714.0,931,93.1,286,1714
10000,58,8742.0,2621,262.1,1258,8742
20000,58,17691.0,3263,326.3,2309,17691
40000,58,35518.0,4434,443.4,4482,35518
60000,58,53469.0,4719,471.9,6531,53469
80000,58,71392.0,5003,500.3,8608,71392
10000,58,8742.0,2621,262.1,1258,8742
2,59,2.0,2,0.2,0,2
3,59,3.0,2,0.2,0,3
100,59,84.0,65,6.5,16,84
200,59,167.0,122,12.2,33,167
2000,59,1702.0,943,94.3,298,1702
10000,59,8798.0,2009,200.9,1202,8798
20000,59,17774.0,2502,250.2,2226,17774
40000,59,35680.0,3212,321.2,4320,35680
60000,59,53664.0,3548,354.8,6336,53664
80000,59,71601.0,3713,371.3,8399,71601
10000,59,8798.0,2009,200.9,1202,8798
2,60,2.0,2,0.2,0,2
3,60,3.0,2,0.2,0,3
100,60,86.0,64,6.4,14,86
200,60,164.0,124,12.4,36,164
2000,60,1679.0,856,85.6,321,1679
10000,60,8828.0,2028,202.8,1172,8828
20000,60,17800.0,2623,262.3,2200,17800
40000,60,35690.0,3208,320.8,4310,35690
60000,60,53648.0,3430,343.0,6352,53648
80000,60,71583.0,3712,371.2,8417,71583
10000,60,8828.0,2028,202.8,1172,8828
2,61,2.0,2,0.2,0,2
3,61,3.0,2,0.2,0,3
100,61,79.0,64,6.4,21,79
200,61,158.0,126,12.6,42,158
2000,61,1713.0,782,78.2,287,1713
10000,61,8781.0,1978,197.8,1219,8781
20000,61,17661.0,2811,281.1,2339,17661
40000,61,35645.0,3461,346.1,4355,35645
60000,61,53626.0,3665,366.5,6374,53626
80000,61,71655.0,3769,376.9,8345,71655
10000,61,8781.0,1978,197.8,1219,8781
2,62,2.0,2,0.2,0,2
3,62,3.0,2,0.2,0,3
100,62,87.0,67,6.7,13,87
200,62,172.0,131,13.1,28,172
2000,62,1700.0,952,95.2,300,1700
10000,62,8810.0,2064,206.4,1190,8810
20000,62,17731.0,2690,269.0,2269,17731
40000,62,35710.0,3117,311.7,4290,35710
60000,62,53675.0,3462,346.2,6325,53675
80000,62,71721.0,3633,363.3,8279,71721
10000,62,8810.0,2064,206.4,1190,8810
2,63,2.0,2,0.2,0,2
3,63,3.0,2,0.2,0,3
100,63,88.0,66,6.6,12,88
200,63,174.0,129,12.9,26,174
2000,63,1722.0,971,97.1,278,1722
10000,63,8777.0,2415,241.5,1223,8777
20000,63,17666.0,3156,315.6,2334,17666
40000,63,35599.0,3657,365.7,4401,35599
60000,63,53617.0,3927,392.7,6383,53617
80000,63,71560.0,4320,432.0,8440,71560
10000,63,8777.0,2415,241.5,1223,8777
2,64,1.0,2,0.2,1,1
3,64,2.0,2,0.2,1,2
100,64,84.0,58,5.8,16,84
200,64,170.0,121,12.1,30,170
2000,64,1734.0,922,92.2,266,1734
10000,64,8761.0,2237,223.7,1239,8761
20000,64,17691.0,2880,288.0,2309,17691
40000,64,35606.0,3446,344.6,4394,35606
60000,64,53580.0,3735,373.5,6420,53580
80000,64,71443.0,4067,406.7,8557,71443
10000,64,8761.0,2237,223.7,1239,8761
2,65,1.0,2,0.2,1,1
3,65,2.0,2,0.2,1,2
100,65,85.0,65,6.5,15,85
200,65,167.0,124,12.4,33,167
2000,65,1724.0,860,86.0,276,1724
10000,65,8729.0,2424,242.4,1271,8729
20000,65,17668.0,2930,293.0,2332,17668
40000,65,35603.0,3646,364.6,4397,35603
60000,65,53589.0,3913,391.3,6411,53589
80000,65,71539.0,4358,435.8,8461,71539
10000,65,8729.0,2424,242.4,1271,8729
2,66,2.0,2,0.2,0,2
3,66,3.0,2,0.2,0,3
100,66,90.0,67,6.7,10,90
200,66,177.0,128,12.8,23,177
2000,66,1695.0,975,97.5,305,1695
10000,66,8707.0,2607,260.7,1293,8707
20000,66,17635.0,3262,326.2,2365,17635
40000,66,35557.0,3978,397.8,4443,35557
60000,66,53522.0,4347,434.7,6478,53522
80000,66,71473.0,4582,458.2,8527,71473
10000,66,8707.0,2607,260.7,1293,8707
2,67,2.0,2,0.2,0,2
3,67,3.0,2,0.2,0,3
100,67,90.0,63,6.3,10,90
200,67,173.0,125,12.5,27,173
2000,67,1725.0,881,88.1,275,1725
10000,67,8750.0,2281,228.1,1250,8750
20000,67,17644.0,3043,304.3,2356,17644
40000,67,35610.0,3638,363.8,4390,35610
60000,67,53498.0,4006,400.6,6502,53498
80000,67,71480.0,4273,427.3,8520,71480
10000,67,8750.0,2281,228.1,1250,8750
2,68,2.0,2,0.2,0,2
3,68,2.0,2,0.2,1,2
100,68,79.0,63,6.3,21,79
200,68,167.0,120,12.0,33,167
2000,68,1700.0,856,85.6,300,1700
10000,68,8761.0,2493,249.3,1239,8761
20000,68,17697.0,3486,348.6,2303,17697
40000,68,35578.0,4277,427.7,4422,35578
60000,68,53472.0,4711,471.1,6528,53472
80000,68,71450.0,4905,490.5,8550,71450
10000,68,8761.0,2493,249.3,1239,8761
2,69,1.0,2,0.2,1,1
3,69,2.0,2,0.2,1,2
100,69,93.0,64,6.4,7,93
200,69,183.0,129,12.9,17,183
2000,69,1741.0,959,95.9,259,1741
10000,69,8870.0,2543,254.3,1130,8870
20000,69,17834.0,3134,313.4,2166,17834
40000,69,35699.0,3812,381.2,4301,35699
60000,69,53633.0,4358,435.8,6367,53633
80000,69,71559.0,4691,469.1,8441,71559
10000,69,8870.0,2543,254.3,1130,8870
2,70,2.0,2,0.2,0,2
3,70,3.0,2,0.2,0,3
100,70,85.0,64,6.4,15,85
200,70,170.0,123,12.3,30,170
2000,70,1710.0,758,75.8,290,1710
10000,70,8795.0,1882,188.2,1205,8795
20000,70,17721.0,2570,257.0,2279,17721
40000,70,35651.0,3027,302.7,4349,35651
60000,70,53576.0,3588,358.8,6424,53576
80000,70,71647.0,3700,370.0,8353,71647
10000,70,8795.0,1882,188.2,1205,8795
2,71,0.0,2,0.2,2,0
3,71,1.0,2,0.2,2,1
100,71,79.0,60,6.0,21,79
200,71,164.0,114,11.4,36,164
2000,71,1684.0,927,92.7,316,1684
10000,71,8769.0,2081,208.1,1231,8769
20000,71,17664.0,2832,283.2,2336,17664
40000,71,35645.0,3415,341.5,4355,35645
60000,71,53594.0,3848,384.8,6406,53594
80000,71,71508.0,4236,423.6,8492,71508
10000,71,8769.0,2081,208.1,1231,8769
2,72,1.0,2,0.2,1,1
3,72,2.0,2,0.2,1,2
100,72,91.0,65,6.5,9,91
200,72,176.0,130,13.0,24,176
2000,72,1734.0,913,91.3,266,1734
10000,72,8784.0,2437,243.7,1216,8784
20000,72,17747.0,3213,321.3,2253,17747
40000,72,35641.0,3819,381.9,4359,35641
60000,72,53582.0,4325,432.5,6418,53582
80000,72,71558.0,4873,487.3,8442,71558
10000,72,8784.0,2437,243.7,1216,8784
2,73,2.0,2,0.2,0,2
3,73,3.0,2,0.2,0,3
100,73,77.0,63,6.3,23,77
200,73,163.0,116,11.6,37,163
2000,73,1694.0,761,76.1,306,1694
10000,73,8813.0,1699,169.9,1187,8813
20000,73,17778.0,2219,221.9,2222,17778
40000,73,35702.0,2744,274.4,4298,35702
60000,73,53667.0,3093,309.3,6333,53667
80000,73,71589.0,3454,345.4,8411,71589
10000,73,8813.0,1699,169.9,1187,8813
2,74,2.0,2,0.2,0,2
3,74,3.0,2,0.2,0,3
100,74,82.0,61,6.1,18,82
200,74,160.0,119,11.9,40,160
2000,74,1721.0,738,73.8,279,1721
10000,74,8712.0,2065,206.5,1288,8712
20000,74,17652.0,2593,259.3,2348,17652
40000,74,35675.0,3142,314.2,4325,35675
60000,74,53669.0,3570,357.0,6331,53669
80000,74,71642.0,3897,389.7,8358,71642
10000,74,8712.0,2065,206.5,1288,8712
2,75,2.0,2,0.2,0,2
3,75,3.0,2,0.2,0,3
100,75,85.0,63,6.3,15,85
200,75,168.0,120,12.0,32,168
2000,75,1712.0,807,80.7,288,1712
10000,75,8809.0,2021,202.1,1191,8809
20000,75,17704.0,2921,292.1,2296,17704
40000,75,35641.0,3654,365.4,4359,35641
60000,75,53617.0,4315,431.5,6383,53617
80000,75,71597.0,4601,460.1,8403,71597
10000,75,8809.0,2021,202.1,1191,8809
2,76,1.0,2,0.2,1,1
3,76,2.0,2,0.2,1,2
100,76,82.0,58,5.8,18,82
200,76,166.0,110,11.0,34,166
2000,76,1690.0,971,97.1,310,1690
10000,76,8749.0,2452,245.2,1251,8749
20000,76,17658.0,3272,327.2,2342,17658
40000,76,35582.0,4028,402.8,4418,35582
60000,76,53531.0,4300,430.0,6469,53531
80000,76,71514.0,4681,468.1,8486,71514
10000,76,8749.0,2452,245.2,1251,8749
2,77,0.0,2,0.2,2,0
3,77,1.0,2,0.2,2,1
100,77,87.0,65,6.5,13,87
200,77,174.0,131,13.1,26,174
2000,77,1712.0,988,98.8,288,1712
10000,77,8803.0,2291,229.1,1197,8803
20000,77,17710.0,3069,306.9,2290,17710
40000,77,35649.0,3847,384.7,4351,35649
60000,77,53632.0,4188,418.8,6368,53632
80000,77,71600.0,4460,446.0,8400,71600
10000,77,8803.0,2291,229.1,1197,8803
2,78,2.0,2,0.2,0,2
3,78,3.0,2,0.2,0,3
100,78,84.0,66,6.6,16,84
200,78,169.0,119,11.9,31,169
2000,78,1691.0,850,85.0,309,1691
10000,78,8816.0,1992,199.2,1184,8816
20000,78,17767.0,2596,259.6,2233,17767
40000,78,35699.0,3071,307.1,4301,35699
60000,78,53603.0,3679,367.9,6397,53603
80000,78,71550.0,3926,392.6,8450,71550
10000,78,8816.0,1992,199.2,1184,8816
2,79,2.0,2,0.2,0,2
3,79,3.0,2,0.2,0,3
100,79,82.0,62,6.2,18,82
200,79,169.0,115,11.5,31,169
2000,79,1702.0,825,82.5,298,1702
10000,79,8749.0,2227,222.7,1251,8749
20000,79,17718.0,2736,273.6,2282,17718
40000,79,35650.0,3730,373.0,4350,35650
60000,79,53582.0,4138,413.8,6418,53582
80000,79,71535.0,4425,442.5,8465,71535
10000,79,8749.0,2227,222.7,1251,8749
2,80,1.0,2,0.2,1,1
3,80,2.0,2,0.2,1,2
100,80,86.0,62,6.2,14,86
200,80,169.0,118,11.8,31,169
2000,80,1712.0,897,89.7,288,1712
10000,80,8728.0,2377,237.7,1272,8728
20000,80,17659.0,2925,292.5,2341,17659
40000,80,35641.0,3341,334.1,4359,35641
60000,80,53593.0,3623,362.3,6407,53593
80000,80,71535.0,3924,392.4,8465,71535
10000,80,8728.0,2377,237.7,1272,8728
2,81,1.0,2,0.2,1,1
3,81,2.0,2,0.2,1,2
100,81,79.0,67,6.7,21,79
200,81,157.0,133,13.3,43,157
2000,81,1698.0,853,85.3,302,1698
10000,81,8739.0,2091,209.1,1261,8739
20000,81,17713.0,2592,259.2,2287,17713
40000,81,35650.0,3318,331.8,4350,35650
60000,81,53615.0,3486,348.6,6385,53615
80000,81,71657.0,3657,365.7,8343,71657
10000,81,8739.0,2091,209.1,1261,8739
2,82,0.0,2,0.2,2,0
3,82,1.0,2,0.2,2,1
100,82,81.0,58,5.8,19,81
200,82,162.0,110,11.0,38,162
2000,82,1705.0,808,80.8,295,1705
10000,82,8764.0,1972,197.2,1236,8764
20000,82,17716.0,2554,255.4,2284,17716
40000,82,35665.0,3119,311.9,4335,35665
60000,82,53565.0,3498,349.8,6435,53565
80000,82,71503.0,3780,378.0,8497,71503
10000,82,8764.0,1972,197.2,1236,8764
2,83,2.0,2,0.2,0,2
3,83,3.0,2,0.2,0,3
100,83,90.0,64,6.4,10,90
200,83,180.0,129,12.9,20,180
2000,83,1721.0,967,96.7,279,1721
10000,83,8771.0,2312,231.2,1229,8771
20000,83,17696.0,3045,304.5,2304,17696
40000,83,35611.0,3845,384.5,4389,35611
60000,83,53484.0,4272,427.2,6516,53484
80000,83,71541.0,4401,440.1,8459,71541
10000,83,8771.0,2312,231.2,1229,8771
2,84,2.0,2,0.2,0,2
3,84,3.0,2,0.2,0,3
100,84,81.0,61,6.1,19,81
200,84,169.0,116,11.6,31,169
2000,84,1716.0,799,79.9,284,1716
10000,84,8758.0,2257,225.7,1242,8758
20000,84,17755.0,2831,283.1,2245,17755
40000,84,35666.0,3662,366.2,4334,35666
60000,84,53617.0,4101,410.1,6383,53617
80000,84,71475.0,4574,457.4,8525,71475
10000,84,8758.0,2257,225.7,1242,8758
2,85,1.0,2,0.2,1,1
3,85,1.0,2,0.2,2,1
100,85,82.0,65,6.5,18,82
200,85,169.0,120,12.0,31,169
2000,85,1719.0,855,85.5,281,1719
10000,85,8721.0,2534,253.4,1279,8721
20000,85,17632.0,3220,322.0,2368,17632
40000,85,35630.0,3630,363.0,4370,35630
60000,85,53652.0,3768,376.8,6348,53652
80000,85,71568.0,4424,442.4,8432,71568
10000,85,8721.0,2534,253.4,1279,8721
2,86,1.0,2,0.2,1,1
3,86,2.0,2,0.2,1,2
100,86,88.0,62,6.2,12,88
200,86,169.0,124,12.4,31,169
2000,86,1718.0,725,72.5,282,1718
10000,86,8765.0,1834,183.4,1235,8765
20000,86,17681.0,2276,227.6,2319,17681
40000,86,35566.0,2959,295.9,4434,35566
60000,86,53435.0,3195,319.5,6565,53435
80000,86,71379.0,3298,329.8,8621,71379
10000,86,8765.0,1834,183.4,1235,8765
2,87,2.0,2,0.2,0,2
3,87,3.0,2,0.2,0,3
100,87,83.0,62,6.2,17,83
200,87,163.0,120,12.0,37,163
2000,87,1735.0,889,88.9,265,1735
10000,87,8837.0,2538,253.8,1163,8837
20000,87,17753.0,3303,330.3,2247,17753
40000,87,35632.0,4231,423.1,4368,35632
60000,87,53512.0,4603,460.3,6488,53512
80000,87,71484.0,4935,493.5,8516,71484
10000,87,8837.0,2538,253.8,1163,8837
2,88,1.0,2,0.2,1,1
3,88,1.0,2,0.2,2,1
100,88,82.0,64,6.4,18,82
200,88,165.0,122,12.2,35,165
2000,88,1691.0,992,99.2,309,1691
10000,88,8721.0,2281,228.1,1279,8721
20000,88,17708.0,2805,280.5,2292,17708
40000,88,35721.0,3464,346.4,4279,35721
60000,88,53610.0,3844,384.4,6390,53610
80000,88,71638.0,4128,412.8,8362,71638
10000,88,8721.0,2281,228.1,1279,8721
2,89,1.0,2,0.2,1,1
3,89,2.0,2,0.2,1,2
100,89,83.0,64,6.4,17,83
200,89,174.0,125,12.5,26,174
2000,89,1730.0,949,94.9,270,1730
10000,89,8762.0,2346,234.6,1238,8762
20000,89,17637.0,3181,318.1,2363,17637
40000,89,35519.0,4058,405.8,4481,35519
60000,89,53409.0,4573,457.3,6591,53409
80000,89,71296.0,4869,486.9,8704,71296
10000,89,8762.0,2346,234.6,1238,8762
2,90,1.0,2,0.2,1,1
3,90,2.0,2,0.2,1,2
100,90,77.0,61,6.1,23,77
200,90,162.0,116,11.6,38,162
2000,90,1705.0,745,74.5,295,1705
10000,90,8789.0,1696,169.6,1211,8789
20000,90,17755.0,2086,208.6,2245,17755
40000,90,35728.0,2412,241.2,4272,35728
60000,90,53642.0,2829,282.9,6358,53642
80000,90,71665.0,2993,299.3,8335,71665
10000,90,8789.0,1696,169.6,1211,8789
2,91,2.0,2,0.2,0,2
3,91,3.0,2,0.2,0,3
100,91,84.0,60,6.0,16,84
200,91,170.0,118,11.8,30,170
2000,91,1747.0,865,86.5,253,1747
10000,91,8799.0,2112,211.2,1201,8799
20000,91,17738.0,2809,280.9,2262,17738
40000,91,35682.0,3617,361.7,4318,35682
60000,91,53701.0,3907,390.7,6299,53701
80000,91,71742.0,4080,408.0,8258,71742
10000,91,8799.0,2112,211.2,1201,8799
2,92,2.0,2,0.2,0,2
3,92,3.0,2,0.2,0,3
100,92,87.0,66,6.6,13,87
200,92,166.0,134,13.4,34,166
2000,92,1710.0,940,94.0,290,1710
10000,92,8771.0,2524,252.4,1229,8771
20000,92,17720.0,3252,325.2,2280,17720
40000,92,35666.0,4069,406.9,4334,35666
60000,92,53677.0,4465,446.5,6323,53677
80000,92,71641.0,4725,472.5,8359,71641
10000,92,8771.0,2524,252.4,1229,8771
2,93,2.0,2,0.2,0,2
3,93,3.0,2,0.2,0,3
100,93,83.0,62,6.2,17,83
200,93,170.0,116,11.6,30,170
2000,93,1707.0,886,88.6,293,1707
10000,93,8750.0,2264,226.4,1250,8750
20000,93,17715.0,2807,280.7,2285,17715
40000,93,35618.0,3422,342.2,4382,35618
60000,93,53658.0,3756,375.6,6342,53658
80000,93,71702.0,3889,388.9,8298,71702
10000,93,8750.0,2264,226.4,1250,8750
2,94,2.0,2,0.2,0,2
3,94,3.0,2,0.2,0,3
100,94,85.0,67,6.7,15,85
200,94,167.0,125,12.5,33,167
2000,94,1698.0,932,93.2,302,1698
10000,94,8776.0,2249,224.9,1224,8776
20000,94,17654.0,2898,289.8,2346,17654
40000,94,35572.0,3707,370.7,4428,35572
60000,94,53508.0,4020,402.0,6492,53508
80000,94,71496.0,4253,425.3,8504,71496
10000,94,8776.0,2249,224.9,1224,8776
2,95,2.0,2,0.2,0,2
3,95,3.0,2,0.2,0,3
100,95,81.0,64,6.4,19,81
200,95,164.0,122,12.2,36,164
2000,95,1714.0,844,84.4,286,1714
10000,95,8748.0,2455,245.5,1252,8748
20000,95,17592.0,3283,328.3,2408,17592
40000,95,35494.0,3967,396.7,4506,35494
60000,95,53504.0,4195,419.5,6496,53504
80000,95,71499.0,4383,438.3,8501,71499
10000,95,8748.0,2455,245.5,1252,8748
2,96,2.0,2,0.2,0,2
3,96,3.0,2,0.2,0,3
100,96,88.0,65,6.5,12,88
200,96,172.0,116,11.6,28,172
2000,96,1727.0,821,82.1,273,1727
10000,96,8750.0,2293,229.3,1250,8750
20000,96,17652.0,2993,299.3,2348,17652
40000,96,35540.0,3967,396.7,4460,35540
60000,96,53560.0,4156,415.6,6440,53560
80000,96,71542.0,4300,430.0,8458,71542
10000,96,8750.0,2293,229.3,1250,8750
2,97,2.0,2,0.2,0,2
3,97,3.0,2,0.2,0,3
100,97,81.0,65,6.5,19,81
200,97,172.0,126,12.6,28,172
2000,97,1723.0,849,84.9,277,1723
10000,97,8786.0,2225,222.5,1214,8786
20000,97,17686.0,2866,286.6,2314,17686
40000,97,35601.0,3507,350.7,4399,35601
60000,97,53585.0,3953,395.3,6415,53585
80000,97,71485.0,4335,433.5,8515,71485
10000,97,8786.0,2225,222.5,1214,8786
2,98,1.0,2,0.2,1,1
3,98,2.0,2,0.2,1,2
100,98,84.0,64,6.4,16,84
200,98,161.0,125,12.5,39,161
2000,98,1707.0,771,77.1,293,1707
10000,98,8779.0,2035,203.5,1221,8779
20000,98,17735.0,2785,278.5,2265,17735
40000,98,35775.0,3330,333.0,4225,35775
60000,98,53724.0,3651,365.1,6276,53724
80000,98,71676.0,3986,398.6,8324,71676
10000,98,8779.0,2035,203.5,1221,8779
2,99,2.0,2,0.2,0,2
3,99,3.0,2,0.2,0,3
100,99,84.0,62,6.2,16,84
200,99,158.0,119,11.9,42,158
2000,99,1691.0,939,93.9,309,1691
10000,99,8748.0,2411,241.1,1252,8748
20000,99,17653.0,3085,308.5,2347,17653
40000,99,35554.0,3642,364.2,4446,35554
60000,99,53609.0,3825,382.5,6391,53609
80000,99,71563.0,4049,404.9,8437,71563
10000,99,8748.0,2411,241.1,1252,8748
2,100,2.0,2,0.2,0,2
3,100,3.0,2,0.2,0,3
100,100,85.0,63,6.3,15,85
200,100,169.0,121,12.1,31,169
2000,100,1720.0,908,90.8,280,1720
10000,100,8829.0,2301,230.1,1171,8829
20000,100,17745.0,3231,323.1,2255,17745
40000,100,35650.0,3827,382.7,4350,35650
60000,100,53677.0,4203,420.3,6323,53677
80000,100,71648.0,4469,446.9,8352,71648
10000,100,8829.0,2301,230.1,1171,8829
