Timestep,Iteration,Total Reward,Suboptimal Arms,Total Regret,Zeros Count,Ones Count
2,1,2.0,1,0.0,0,2
3,1,3.0,2,0.09,0,3
100,1,83.0,66,2.88,17,83
200,1,165.0,129,5.31,35,165
2000,1,1738.0,1234,36.72,262,1738
10000,1,8808.0,5196,68.67,1192,8808
20000,1,17698.0,9455,79.38,2302,17698
40000,1,35456.0,20023,84.78,4544,35456
60000,1,53230.0,32566,89.01,6770,53230
80000,1,71133.0,42344,95.67,8867,71133
100000,1,88990.0,47058,96.57,11010,88990
200000,1,177723.0,75876,105.12,22277,177723
400000,1,355616.0,224155,121.59,44384,355616
600000,1,533596.0,326788,121.77,66404,533596
800000,1,711637.0,467721,121.86,88363,711637
1000000,1,889719.0,485751,121.86,110281,889719
2,2,2.0,1,0.0,0,2
3,2,3.0,2,0.09,0,3
100,2,83.0,66,2.88,17,83
200,2,174.0,130,5.49,26,174
2000,2,1741.0,1179,33.48,259,1741
10000,2,8830.0,4778,63.09,1170,8830
20000,2,17742.0,8475,78.21,2258,17742
40000,2,35559.0,15615,85.5,4441,35559
60000,2,53396.0,23119,88.47,6604,53396
80000,2,71195.0,35174,94.23,8805,71195
100000,2,89048.0,43299,94.68,10952,89048
200000,2,178013.0,86863,98.37,21987,178013
400000,2,356115.0,170873,103.77,43885,356115
600000,2,533953.0,256145,105.39,66047,533953
800000,2,712011.0,366166,105.75,87989,712011
1000000,2,890524.0,366166,105.75,109476,890524
2,3,2.0,1,0.0,0,2
3,3,3.0,2,0.09,0,3
100,3,86.0,66,2.88,14,86
200,3,172.0,131,5.49,28,172
2000,3,1715.0,1237,34.11,285,1715
10000,3,8833.0,5638,65.16,1167,8833
20000,3,17729.0,10851,75.15,2271,17729
40000,3,35494.0,19252,90.45,4506,35494
60000,3,53325.0,30033,91.89,6675,53325
80000,3,71092.0,46547,93.33,8908,71092
100000,3,88914.0,55746,93.42,11086,88914
200000,3,178037.0,75458,94.23,21963,178037
400000,3,356099.0,122619,96.93,43901,356099
600000,3,534126.0,175353,97.11,65874,534126
800000,3,712099.0,265617,97.29,87901,712099
1000000,3,890083.0,303736,99.0,109917,890083
2,4,2.0,1,0.0,0,2
3,4,3.0,2,0.09,0,3
100,4,88.0,66,2.88,12,88
200,4,179.0,130,5.4,21,179
2000,4,1758.0,1149,29.16,242,1758
10000,4,8849.0,5783,54.9,1151,8849
20000,4,17736.0,11174,62.37,2264,17736
40000,4,35507.0,20080,76.86,4493,35507
60000,4,53258.0,27019,85.05,6742,53258
80000,4,71113.0,37122,85.23,8887,71113
100000,4,88928.0,47389,86.4,11072,88928
200000,4,177987.0,114346,98.1,22013,177987
400000,4,355970.0,167404,99.36,44030,355970
600000,4,534104.0,197046,99.54,65896,534104
800000,4,711889.0,233937,100.89,88111,711889
1000000,4,890072.0,419840,100.89,109928,890072
2,5,0.0,1,0.0,2,0
3,5,1.0,2,0.09,2,1
100,5,86.0,66,2.88,14,86
200,5,169.0,130,5.49,31,169
2000,5,1758.0,1252,35.82,242,1758
10000,5,8801.0,4905,81.36,1199,8801
20000,5,17758.0,8696,94.32,2242,17758
40000,5,35600.0,18313,106.47,4400,35600
60000,5,53356.0,29458,108.63,6644,53356
80000,5,71055.0,42244,110.97,8945,71055
100000,5,88832.0,51935,112.86,11168,88832
200000,5,177825.0,108481,119.88,22175,177825
400000,5,355863.0,253106,120.87,44137,355863
600000,5,533772.0,415844,124.65,66228,533772
800000,5,711573.0,573963,125.64,88427,711573
1000000,5,889801.0,716462,125.64,110199,889801
2,6,2.0,1,0.0,0,2
3,6,3.0,2,0.09,0,3
100,6,90.0,66,2.97,10,90
200,6,177.0,130,5.4,23,177
2000,6,1724.0,1334,35.1,276,1724
10000,6,8786.0,5957,59.85,1214,8786
20000,6,17678.0,10968,66.6,2322,17678
40000,6,35450.0,22631,76.23,4550,35450
60000,6,53212.0,29366,77.76,6788,53212
80000,6,71025.0,37359,84.96,8975,71025
100000,6,88776.0,44771,86.67,11224,88776
200000,6,177768.0,98648,89.82,22232,177768
400000,6,355876.0,228517,90.81,44124,355876
600000,6,533921.0,277311,92.79,66079,533921
800000,6,711972.0,346902,92.88,88028,711972
1000000,6,890295.0,409247,92.88,109705,890295
2,7,2.0,1,0.0,0,2
3,7,3.0,2,0.09,0,3
100,7,84.0,66,2.88,16,84
200,7,163.0,133,5.76,37,163
2000,7,1738.0,1191,43.65,262,1738
10000,7,8850.0,5056,87.93,1150,8850
20000,7,17776.0,8241,100.35,2224,17776
40000,7,35617.0,15900,109.53,4383,35617
60000,7,53316.0,24091,113.85,6684,53316
80000,7,71102.0,35278,116.46,8898,71102
100000,7,88936.0,43500,121.05,11064,88936
200000,7,177833.0,99212,124.47,22167,177833
400000,7,355782.0,197276,127.53,44218,355782
600000,7,533854.0,347517,129.06,66146,533854
800000,7,711884.0,439855,129.24,88116,711884
1000000,7,889822.0,512861,131.4,110178,889822
2,8,2.0,1,0.0,0,2
3,8,2.0,2,0.09,1,2
100,8,81.0,67,2.97,19,81
200,8,158.0,134,5.67,42,158
2000,8,1758.0,1104,33.66,242,1758
10000,8,8838.0,6411,62.28,1162,8838
20000,8,17686.0,11673,72.99,2314,17686
40000,8,35440.0,22181,79.02,4560,35440
60000,8,53188.0,34812,85.86,6812,53188
80000,8,70944.0,46259,86.22,9056,70944
100000,8,88778.0,48813,86.22,11222,88778
200000,8,177724.0,93307,88.83,22276,177724
400000,8,355730.0,260526,90.45,44270,355730
600000,8,533636.0,368471,90.63,66364,533636
800000,8,711321.0,520437,91.17,88679,711321
1000000,8,889443.0,627771,91.17,110557,889443
2,9,2.0,1,0.0,0,2
3,9,3.0,2,0.09,0,3
100,9,86.0,66,2.88,14,86
200,9,171.0,130,5.22,29,171
2000,9,1771.0,1222,32.85,229,1771
10000,9,8866.0,5766,78.93,1134,8866
20000,9,17783.0,11690,92.25,2217,17783
40000,9,35594.0,26447,101.52,4406,35594
60000,9,53415.0,40577,106.74,6585,53415
80000,9,71180.0,50475,112.32,8820,71180
100000,9,88995.0,55915,113.76,11005,88995
200000,9,177825.0,114092,117.0,22175,177825
400000,9,356020.0,146166,117.27,43980,356020
600000,9,533994.0,234912,121.05,66006,533994
800000,9,712065.0,296687,121.95,87935,712065
1000000,9,889920.0,335895,122.04,110080,889920
2,10,2.0,1,0.0,0,2
3,10,2.0,2,0.09,1,2
100,10,83.0,66,2.88,17,83
200,10,165.0,130,5.67,35,165
2000,10,1720.0,1251,42.75,280,1720
10000,10,8806.0,5178,67.68,1194,8806
20000,10,17676.0,9743,75.6,2324,17676
40000,10,35430.0,21264,79.83,4570,35430
60000,10,53172.0,29416,81.63,6828,53172
80000,10,70954.0,32775,83.34,9046,70954
100000,10,88765.0,44153,83.52,11235,88765
200000,10,177755.0,107771,84.42,22245,177755
400000,10,355580.0,264638,86.22,44420,355580
600000,10,533709.0,389535,86.31,66291,533709
800000,10,711847.0,500864,86.31,88153,711847
1000000,10,889835.0,570611,86.31,110165,889835
2,11,1.0,1,0.0,1,1
3,11,2.0,2,0.09,1,2
100,11,90.0,67,2.97,10,90
200,11,172.0,133,5.85,28,172
2000,11,1752.0,1166,36.45,248,1752
10000,11,8857.0,4506,70.02,1143,8857
20000,11,17775.0,7963,79.29,2225,17775
40000,11,35589.0,18997,87.3,4411,35589
60000,11,53292.0,28035,95.22,6708,53292
80000,11,71135.0,33608,95.49,8865,71135
100000,11,88841.0,44933,96.75,11159,88841
200000,11,177925.0,109890,99.27,22075,177925
400000,11,355933.0,208714,101.52,44067,355933
600000,11,533670.0,326331,108.45,66330,533670
800000,11,711643.0,389800,109.8,88357,711643
1000000,11,889792.0,560294,109.8,110208,889792
2,12,2.0,1,0.0,0,2
3,12,3.0,2,0.09,0,3
100,12,91.0,66,2.97,9,91
200,12,173.0,131,5.4,27,173
2000,12,1746.0,1093,27.99,254,1746
10000,12,8837.0,4917,61.83,1163,8837
20000,12,17729.0,10612,72.99,2271,17729
40000,12,35532.0,20430,81.45,4468,35532
60000,12,53356.0,33294,82.8,6644,53356
80000,12,71184.0,49618,83.34,8816,71184
100000,12,88929.0,56574,85.14,11071,88929
200000,12,177918.0,127164,88.47,22082,177918
400000,12,356023.0,224025,90.09,43977,356023
600000,12,533975.0,351299,90.36,66025,533975
800000,12,711936.0,470413,90.63,88064,711936
1000000,12,889924.0,560590,100.35,110076,889924
2,13,2.0,1,0.0,0,2
3,13,3.0,2,0.09,0,3
100,13,83.0,66,2.79,17,83
200,13,168.0,128,5.13,32,168
2000,13,1746.0,1126,26.28,254,1746
10000,13,8780.0,4243,60.75,1220,8780
20000,13,17684.0,7211,70.56,2316,17684
40000,13,35395.0,15271,76.32,4605,35395
60000,13,53282.0,26392,76.5,6718,53282
80000,13,71026.0,36936,77.4,8974,71026
100000,13,88749.0,43575,77.49,11251,88749
200000,13,177774.0,89476,81.9,22226,177774
400000,13,355820.0,186764,88.47,44180,355820
600000,13,534151.0,218735,88.47,65849,534151
800000,13,711808.0,307096,89.73,88192,711808
1000000,13,889823.0,443785,90.18,110177,889823
2,14,2.0,1,0.0,0,2
3,14,3.0,2,0.09,0,3
100,14,91.0,67,2.97,9,91
200,14,173.0,130,5.67,27,173
2000,14,1746.0,1087,29.97,254,1746
10000,14,8849.0,5384,64.17,1151,8849
20000,14,17767.0,10738,75.69,2233,17767
40000,14,35585.0,19298,83.07,4415,35585
60000,14,53369.0,31285,98.64,6631,53369
80000,14,71151.0,40687,99.0,8849,71151
100000,14,88941.0,53936,101.61,11059,88941
200000,14,178053.0,127274,103.5,21947,178053
400000,14,356005.0,279011,104.58,43995,356005
600000,14,534418.0,423440,104.58,65582,534418
800000,14,712173.0,573862,104.94,87827,712173
1000000,14,890205.0,714139,104.94,109795,890205
2,15,2.0,1,0.0,0,2
3,15,2.0,2,0.09,1,2
100,15,87.0,67,2.97,13,87
200,15,172.0,130,5.58,28,172
2000,15,1729.0,1121,29.43,271,1729
10000,15,8805.0,6142,54.99,1195,8805
20000,15,17693.0,12224,67.86,2307,17693
40000,15,35523.0,24368,81.36,4477,35523
60000,15,53222.0,37635,86.85,6778,53222
80000,15,71017.0,48024,88.29,8983,71017
100000,15,88842.0,60075,88.74,11158,88842
200000,15,177814.0,133491,92.79,22186,177814
400000,15,355897.0,294385,102.15,44103,355897
600000,15,533660.0,415460,102.6,66340,533660
800000,15,711462.0,522136,102.6,88538,711462
1000000,15,889883.0,710059,103.59,110117,889883
2,16,2.0,1,0.0,0,2
3,16,3.0,2,0.09,0,3
100,16,80.0,66,2.88,20,80
200,16,164.0,133,5.58,36,164
2000,16,1741.0,1135,31.59,259,1741
10000,16,8882.0,5353,64.17,1118,8882
20000,16,17777.0,12375,78.93,2223,17777
40000,16,35649.0,22790,88.02,4351,35649
60000,16,53422.0,32033,91.62,6578,53422
80000,16,71238.0,37054,98.64,8762,71238
100000,16,89067.0,46932,99.36,10933,89067
200000,16,177982.0,92913,105.39,22018,177982
400000,16,356176.0,173924,107.1,43824,356176
600000,16,534026.0,242299,107.55,65974,534026
800000,16,711953.0,293137,108.9,88047,711953
1000000,16,889861.0,357861,109.08,110139,889861
2,17,2.0,1,0.0,0,2
3,17,2.0,2,0.09,1,2
100,17,84.0,67,2.97,16,84
200,17,167.0,134,5.58,33,167
2000,17,1734.0,1216,37.53,266,1734
10000,17,8808.0,6729,75.24,1192,8808
20000,17,17757.0,13804,82.44,2243,17757
40000,17,35545.0,26802,89.55,4455,35545
60000,17,53362.0,35848,92.16,6638,53362
80000,17,71170.0,47165,92.79,8830,71170
100000,17,88933.0,61591,93.15,11067,88933
200000,17,177811.0,128147,96.66,22189,177811
400000,17,355821.0,261759,97.38,44179,355821
600000,17,533736.0,381677,98.55,66264,533736
800000,17,711623.0,535558,98.73,88377,711623
1000000,17,889735.0,679251,99.0,110265,889735
2,18,2.0,1,0.0,0,2
3,18,3.0,2,0.09,0,3
100,18,86.0,66,2.97,14,86
200,18,168.0,128,5.58,32,168
2000,18,1740.0,1124,30.87,260,1740
10000,18,8815.0,5336,57.78,1185,8815
20000,18,17766.0,9214,60.57,2234,17766
40000,18,35575.0,23248,64.26,4425,35575
60000,18,53433.0,27896,66.96,6567,53433
80000,18,71188.0,37595,71.37,8812,71188
100000,18,89058.0,41583,71.55,10942,89058
200000,18,178028.0,94878,76.68,21972,178028
400000,18,356100.0,227066,81.81,43900,356100
600000,18,534257.0,283184,82.26,65743,534257
800000,18,712170.0,409847,82.44,87830,712170
1000000,18,889995.0,502416,82.71,110005,889995
2,19,1.0,1,0.0,1,1
3,19,2.0,2,0.09,1,2
100,19,90.0,67,3.06,10,90
200,19,181.0,134,5.94,19,181
2000,19,1728.0,1190,33.57,272,1728
10000,19,8833.0,4653,54.36,1167,8833
20000,19,17757.0,8431,67.23,2243,17757
40000,19,35569.0,16301,73.89,4431,35569
60000,19,53362.0,26976,79.2,6638,53362
80000,19,71162.0,39661,80.91,8838,71162
100000,19,88976.0,54769,81.63,11024,88976
200000,19,177971.0,131008,83.97,22029,177971
400000,19,356058.0,239136,87.93,43942,356058
600000,19,534196.0,304977,89.91,65804,534196
800000,19,712382.0,459541,90.09,87618,712382
1000000,19,890274.0,507325,90.27,109726,890274
2,20,1.0,1,0.0,1,1
3,20,2.0,2,0.09,1,2
100,20,88.0,66,2.97,12,88
200,20,167.0,132,5.85,33,167
2000,20,1739.0,1145,30.69,261,1739
10000,20,8826.0,5785,66.15,1174,8826
20000,20,17662.0,12063,77.85,2338,17662
40000,20,35405.0,19347,87.12,4595,35405
60000,20,53100.0,26343,93.6,6900,53100
80000,20,70906.0,32043,93.87,9094,70906
100000,20,88633.0,41706,94.05,11367,88633
200000,20,177736.0,97965,97.92,22264,177736
400000,20,355697.0,195339,99.81,44303,355697
600000,20,533766.0,296557,99.99,66234,533766
800000,20,711793.0,347381,105.21,88207,711793
1000000,20,890000.0,417006,105.21,110000,890000
2,21,1.0,1,0.0,1,1
3,21,2.0,2,0.09,1,2
100,21,93.0,70,3.15,7,93
200,21,176.0,129,5.22,24,176
2000,21,1752.0,1158,30.69,248,1752
10000,21,8856.0,4752,61.65,1144,8856
20000,21,17726.0,8447,75.87,2274,17726
40000,21,35574.0,19058,79.92,4426,35574
60000,21,53331.0,26744,91.26,6669,53331
80000,21,71111.0,35930,97.74,8889,71111
100000,21,88969.0,40785,98.19,11031,88969
200000,21,177971.0,78941,106.2,22029,177971
400000,21,356140.0,213423,110.43,43860,356140
600000,21,534053.0,348990,112.77,65947,534053
800000,21,712135.0,427785,114.39,87865,712135
1000000,21,890165.0,485248,114.66,109835,890165
2,22,1.0,1,0.0,1,1
3,22,1.0,2,0.09,2,1
100,22,88.0,67,2.97,12,88
200,22,174.0,131,5.67,26,174
2000,22,1752.0,1249,39.78,248,1752
10000,22,8759.0,4396,79.02,1241,8759
20000,22,17663.0,9101,95.76,2337,17663
40000,22,35460.0,16244,102.15,4540,35460
60000,22,53236.0,26274,105.84,6764,53236
80000,22,71005.0,34694,113.85,8995,71005
100000,22,88828.0,52323,116.37,11172,88828
200000,22,177672.0,112886,134.37,22328,177672
400000,22,355810.0,260522,139.59,44190,355810
600000,22,533656.0,373906,139.86,66344,533656
800000,22,711710.0,513375,139.86,88290,711710
1000000,22,889499.0,634492,141.66,110501,889499
2,23,2.0,1,0.0,0,2
3,23,3.0,2,0.09,0,3
100,23,85.0,67,2.97,15,85
200,23,173.0,135,6.03,27,173
2000,23,1750.0,1268,37.35,250,1750
10000,23,8850.0,5553,67.14,1150,8850
20000,23,17711.0,10967,77.13,2289,17711
40000,23,35541.0,22367,84.51,4459,35541
60000,23,53349.0,33335,87.48,6651,53349
80000,23,71185.0,40014,87.84,8815,71185
100000,23,89090.0,52693,89.01,10910,89090
200000,23,178020.0,109244,98.28,21980,178020
400000,23,355865.0,192616,108.54,44135,355865
600000,23,533875.0,320651,108.81,66125,533875
800000,23,711726.0,457916,108.9,88274,711726
1000000,23,890116.0,519985,108.99,109884,890116
2,24,2.0,1,0.0,0,2
3,24,3.0,2,0.09,0,3
100,24,87.0,67,3.06,13,87
200,24,171.0,132,5.94,29,171
2000,24,1727.0,1202,36.72,273,1727
10000,24,8817.0,4332,64.98,1183,8817
20000,24,17708.0,9790,70.02,2292,17708
40000,24,35476.0,19680,73.35,4524,35476
60000,24,53265.0,31855,77.13,6735,53265
80000,24,71089.0,48242,77.67,8911,71089
100000,24,88820.0,59768,83.16,11180,88820
200000,24,177876.0,107015,85.95,22124,177876
400000,24,355763.0,208407,89.28,44237,355763
600000,24,533908.0,252733,89.46,66092,533908
800000,24,711722.0,329767,89.64,88278,711722
1000000,24,889704.0,479046,90.72,110296,889704
2,25,2.0,1,0.0,0,2
3,25,3.0,2,0.09,0,3
100,25,87.0,66,2.88,13,87
200,25,171.0,131,5.49,29,171
2000,25,1758.0,1163,32.13,242,1758
10000,25,8829.0,5852,72.72,1171,8829
20000,25,17666.0,13019,84.15,2334,17666
40000,25,35438.0,25875,88.65,4562,35438
60000,25,53200.0,35436,93.24,6800,53200
80000,25,71020.0,44302,96.66,8980,71020
100000,25,88771.0,53883,97.65,11229,88771
200000,25,177715.0,111376,99.36,22285,177715
400000,25,355625.0,245993,100.17,44375,355625
600000,25,533741.0,383997,100.53,66259,533741
800000,25,711641.0,457813,100.71,88359,711641
1000000,25,889561.0,546906,101.16,110439,889561
2,26,2.0,1,0.0,0,2
3,26,3.0,2,0.09,0,3
100,26,86.0,66,2.97,14,86
200,26,171.0,134,5.85,29,171
2000,26,1748.0,1199,34.29,252,1748
10000,26,8806.0,5170,72.18,1194,8806
20000,26,17738.0,8817,81.36,2262,17738
40000,26,35551.0,19121,87.12,4449,35551
60000,26,53322.0,25049,90.18,6678,53322
80000,26,71135.0,39059,93.06,8865,71135
100000,26,88949.0,43280,99.72,11051,88949
200000,26,178150.0,98387,102.96,21850,178150
400000,26,356268.0,167341,110.7,43732,356268
600000,26,534393.0,247236,110.79,65607,534393
800000,26,712349.0,379516,111.42,87651,712349
1000000,26,890472.0,502266,111.78,109528,890472
2,27,1.0,1,0.0,1,1
3,27,2.0,2,0.09,1,2
100,27,87.0,66,2.97,13,87
200,27,180.0,132,5.94,20,180
2000,27,1772.0,1109,39.33,228,1772
10000,27,8857.0,5583,80.19,1143,8857
20000,27,17744.0,10988,94.5,2256,17744
40000,27,35541.0,18942,102.15,4459,35541
60000,27,53298.0,29136,104.67,6702,53298
80000,27,71067.0,39143,106.11,8933,71067
100000,27,88873.0,47351,106.2,11127,88873
200000,27,177754.0,97242,126.9,22246,177754
400000,27,355555.0,198355,128.07,44445,355555
600000,27,533526.0,326626,128.79,66474,533526
800000,27,711749.0,444204,128.79,88251,711749
1000000,27,889759.0,504659,129.15,110241,889759
2,28,2.0,1,0.0,0,2
3,28,3.0,2,0.09,0,3
100,28,89.0,67,2.97,11,89
200,28,180.0,134,5.94,20,180
2000,28,1751.0,1256,35.1,249,1751
10000,28,8817.0,5483,84.06,1183,8817
20000,28,17759.0,10282,88.65,2241,17759
40000,28,35546.0,20172,101.43,4454,35546
60000,28,53391.0,29906,107.55,6609,53391
80000,28,71160.0,38885,109.53,8840,71160
100000,28,88929.0,41413,113.76,11071,88929
200000,28,177930.0,88031,116.82,22070,177930
400000,28,356054.0,184710,118.8,43946,356054
600000,28,534051.0,268551,120.51,65949,534051
800000,28,712108.0,337862,120.96,87892,712108
1000000,28,890019.0,436543,121.5,109981,890019
2,29,2.0,1,0.0,0,2
3,29,3.0,2,0.09,0,3
100,29,89.0,66,2.97,11,89
200,29,178.0,130,5.49,22,178
2000,29,1780.0,1044,28.98,220,1780
10000,29,8852.0,5287,65.61,1148,8852
20000,29,17751.0,9481,77.67,2249,17751
40000,29,35501.0,15983,84.87,4499,35501
60000,29,53335.0,28677,88.2,6665,53335
80000,29,71149.0,37190,91.8,8851,71149
100000,29,88918.0,50807,92.34,11082,88918
200000,29,177954.0,107603,96.03,22046,177954
400000,29,355865.0,213971,97.56,44135,355865
600000,29,533643.0,271776,106.29,66357,533643
800000,29,711487.0,342096,106.65,88513,711487
1000000,29,889512.0,478263,106.74,110488,889512
2,30,2.0,1,0.0,0,2
3,30,2.0,2,0.09,1,2
100,30,83.0,66,2.88,17,83
200,30,170.0,128,5.49,30,170
2000,30,1737.0,1053,34.11,263,1737
10000,30,8851.0,5807,73.26,1149,8851
20000,30,17764.0,11945,87.21,2236,17764
40000,30,35560.0,22489,102.24,4440,35560
60000,30,53395.0,33196,114.3,6605,53395
80000,30,71193.0,44150,120.87,8807,71193
100000,30,89081.0,52501,121.5,10919,89081
200000,30,178275.0,100220,124.92,21725,178275
400000,30,356270.0,214228,132.93,43730,356270
600000,30,534299.0,304619,134.46,65701,534299
800000,30,712221.0,435072,135.0,87779,712221
1000000,30,890228.0,578614,142.11,109772,890228
2,31,2.0,1,0.0,0,2
3,31,3.0,2,0.09,0,3
100,31,84.0,66,2.88,16,84
200,31,173.0,133,5.76,27,173
2000,31,1753.0,1226,36.72,247,1753
10000,31,8865.0,5240,75.24,1135,8865
20000,31,17758.0,8981,82.89,2242,17758
40000,31,35602.0,17714,87.75,4398,35602
60000,31,53398.0,26636,91.98,6602,53398
80000,31,71146.0,35817,93.96,8854,71146
100000,31,88804.0,43898,119.52,11196,88804
200000,31,177667.0,94118,134.37,22333,177667
400000,31,355755.0,231843,139.32,44245,355755
600000,31,533566.0,280917,141.3,66434,533566
800000,31,711646.0,343505,141.39,88354,711646
1000000,31,889505.0,433773,141.48,110495,889505
2,32,2.0,1,0.0,0,2
3,32,3.0,2,0.09,0,3
100,32,80.0,67,2.88,20,80
200,32,171.0,136,5.76,29,171
2000,32,1765.0,1232,35.1,235,1765
10000,32,8865.0,5317,63.99,1135,8865
20000,32,17744.0,9544,71.91,2256,17744
40000,32,35567.0,12272,80.1,4433,35567
60000,32,53388.0,19638,81.09,6612,53388
80000,32,71178.0,27436,81.63,8822,71178
100000,32,88955.0,30363,82.35,11045,88955
200000,32,177989.0,57395,87.75,22011,177989
400000,32,356029.0,98795,88.92,43971,356029
600000,32,534089.0,187401,90.27,65911,534089
800000,32,712338.0,288147,90.27,87662,712338
1000000,32,890327.0,368713,92.61,109673,890327
2,33,1.0,1,0.0,1,1
3,33,1.0,2,0.09,2,1
100,33,84.0,67,2.97,16,84
200,33,174.0,133,5.85,26,174
2000,33,1742.0,1227,38.97,258,1742
10000,33,8772.0,5759,75.6,1228,8772
20000,33,17615.0,11792,91.98,2385,17615
40000,33,35425.0,28015,100.8,4575,35425
60000,33,53249.0,46483,101.43,6751,53249
80000,33,71036.0,63652,103.5,8964,71036
100000,33,88823.0,72172,104.22,11177,88823
200000,33,177744.0,117470,113.76,22256,177744
400000,33,355841.0,280585,114.66,44159,355841
600000,33,533910.0,351012,114.75,66090,533910
800000,33,711921.0,465185,114.84,88079,711921
1000000,33,890035.0,554814,114.84,109965,890035
2,34,2.0,1,0.0,0,2
3,34,3.0,2,0.09,0,3
100,34,88.0,66,2.97,12,88
200,34,171.0,132,5.94,29,171
2000,34,1726.0,1274,41.94,274,1726
10000,34,8793.0,5136,82.71,1207,8793
20000,34,17622.0,8787,109.44,2378,17622
40000,34,35404.0,19231,113.31,4596,35404
60000,34,53107.0,26994,115.11,6893,53107
80000,34,70951.0,43409,116.01,9049,70951
100000,34,88797.0,51129,116.46,11203,88797
200000,34,177683.0,103740,118.35,22317,177683
400000,34,355758.0,184948,118.53,44242,355758
600000,34,533858.0,249274,118.8,66142,533858
800000,34,711687.0,358687,119.43,88313,711687
1000000,34,889660.0,477233,119.7,110340,889660
2,35,2.0,1,0.0,0,2
3,35,3.0,2,0.09,0,3
100,35,78.0,66,2.88,22,78
200,35,161.0,129,5.31,39,161
2000,35,1728.0,1258,36.72,272,1728
10000,35,8810.0,5024,75.42,1190,8810
20000,35,17715.0,9993,97.74,2285,17715
40000,35,35488.0,19843,109.8,4512,35488
60000,35,53253.0,28417,113.13,6747,53253
80000,35,71123.0,42746,113.31,8877,71123
100000,35,88905.0,49783,114.39,11095,88905
200000,35,177853.0,110496,118.17,22147,177853
400000,35,355811.0,243179,121.32,44189,355811
600000,35,533858.0,381910,121.5,66142,533858
800000,35,711917.0,440653,122.85,88083,711917
1000000,35,890021.0,543748,122.85,109979,890021
2,36,1.0,1,0.0,1,1
3,36,2.0,2,0.09,1,2
100,36,81.0,66,2.79,19,81
200,36,163.0,129,5.22,37,163
2000,36,1743.0,1118,34.83,257,1743
10000,36,8874.0,4246,61.47,1126,8874
20000,36,17800.0,7949,71.82,2200,17800
40000,36,35628.0,18632,76.59,4372,35628
60000,36,53396.0,27690,78.57,6604,53396
80000,36,71172.0,37792,79.74,8828,71172
100000,36,89037.0,41761,79.83,10963,89037
200000,36,178015.0,91770,89.91,21985,178015
400000,36,356051.0,144885,98.37,43949,356051
600000,36,534057.0,187951,102.33,65943,534057
800000,36,712051.0,297855,103.23,87949,712051
1000000,36,890380.0,361374,104.76,109620,890380
2,37,2.0,1,0.0,0,2
3,37,2.0,2,0.09,1,2
100,37,89.0,67,2.97,11,89
200,37,174.0,129,5.31,26,174
2000,37,1719.0,1182,31.14,281,1719
10000,37,8781.0,5874,60.3,1219,8781
20000,37,17596.0,11701,68.04,2404,17596
40000,37,35389.0,23253,75.42,4611,35389
60000,37,53206.0,33584,80.55,6794,53206
80000,37,71009.0,40574,80.91,8991,71009
100000,37,88781.0,48859,81.9,11219,88781
200000,37,177782.0,106251,84.42,22218,177782
400000,37,355723.0,212842,86.49,44277,355723
600000,37,533897.0,346881,86.67,66103,533897
800000,37,711822.0,495463,86.67,88178,711822
1000000,37,889782.0,635689,86.76,110218,889782
2,38,2.0,1,0.0,0,2
3,38,2.0,2,0.09,1,2
100,38,85.0,66,2.79,15,85
200,38,174.0,129,5.4,26,174
2000,38,1754.0,1117,27.27,246,1754
10000,38,8867.0,4942,62.37,1133,8867
20000,38,17738.0,8965,73.26,2262,17738
40000,38,35505.0,16750,76.41,4495,35505
60000,38,53285.0,24396,78.93,6715,53285
80000,38,71004.0,38246,79.74,8996,71004
100000,38,88765.0,48217,80.19,11235,88765
200000,38,177646.0,88065,82.71,22354,177646
400000,38,355601.0,213425,84.51,44399,355601
600000,38,533646.0,365449,85.41,66354,533646
800000,38,711912.0,542277,85.41,88088,711912
1000000,38,889922.0,663010,85.68,110078,889922
2,39,2.0,1,0.0,0,2
3,39,3.0,2,0.09,0,3
100,39,85.0,67,2.97,15,85
200,39,169.0,132,5.76,31,169
2000,39,1714.0,1057,33.48,286,1714
10000,39,8869.0,4361,62.37,1131,8869
20000,39,17718.0,9028,74.61,2282,17718
40000,39,35475.0,18907,89.1,4525,35475
60000,39,53189.0,24275,90.72,6811,53189
80000,39,70954.0,37551,95.67,9046,70954
100000,39,88713.0,49595,98.46,11287,88713
200000,39,177768.0,121341,99.27,22232,177768
400000,39,355800.0,228299,99.99,44200,355800
600000,39,533497.0,315572,103.23,66503,533497
800000,39,711531.0,451969,103.23,88469,711531
1000000,39,889555.0,627098,104.31,110445,889555
2,40,2.0,1,0.0,0,2
3,40,2.0,2,0.09,1,2
100,40,83.0,66,2.88,17,83
200,40,169.0,133,5.4,31,169
2000,40,1760.0,1220,31.41,240,1760
10000,40,8857.0,5800,68.94,1143,8857
20000,40,17730.0,11853,91.98,2270,17730
40000,40,35521.0,18746,106.02,4479,35521
60000,40,53307.0,30358,108.72,6693,53307
80000,40,71106.0,38162,110.34,8894,71106
100000,40,88945.0,56367,110.7,11055,88945
200000,40,177837.0,122823,112.86,22163,177837
400000,40,355908.0,237563,114.03,44092,355908
600000,40,533946.0,375657,116.01,66054,533946
800000,40,711919.0,474849,116.82,88081,711919
1000000,40,889820.0,614343,117.18,110180,889820
2,41,2.0,1,0.0,0,2
3,41,2.0,2,0.09,1,2
100,41,82.0,64,2.52,18,82
200,41,169.0,127,5.04,31,169
2000,41,1759.0,1037,28.62,241,1759
10000,41,8824.0,4643,54.81,1176,8824
20000,41,17679.0,10943,66.15,2321,17679
40000,41,35398.0,17520,75.87,4602,35398
60000,41,53193.0,28589,80.73,6807,53193
80000,41,70919.0,43110,81.63,9081,70919
100000,41,88682.0,48459,83.34,11318,88682
200000,41,177482.0,78074,91.53,22518,177482
400000,41,355311.0,129608,92.43,44689,355311
600000,41,533373.0,142751,92.52,66627,533373
800000,41,711146.0,170158,92.7,88854,711146
1000000,41,889188.0,187322,92.7,110812,889188
2,42,0.0,1,0.0,2,0
3,42,1.0,2,0.09,2,1
100,42,86.0,66,2.97,14,86
200,42,165.0,131,5.85,35,165
2000,42,1743.0,1061,34.11,257,1743
10000,42,8815.0,5418,61.29,1185,8815
20000,42,17721.0,11561,66.51,2279,17721
40000,42,35515.0,18818,73.62,4485,35515
60000,42,53399.0,33510,75.06,6601,53399
80000,42,71214.0,50250,77.22,8786,71214
100000,42,88945.0,62001,77.94,11055,88945
200000,42,177811.0,108548,82.8,22189,177811
400000,42,355848.0,201545,84.87,44152,355848
600000,42,533913.0,368645,85.05,66087,533913
800000,42,711988.0,443591,85.14,88012,711988
1000000,42,890018.0,577499,85.14,109982,890018
2,43,1.0,1,0.0,1,1
3,43,2.0,2,0.09,1,2
100,43,87.0,66,2.97,13,87
200,43,171.0,131,5.4,29,171
2000,43,1778.0,1291,30.6,222,1778
10000,43,8850.0,5768,70.29,1150,8850
20000,43,17720.0,11933,85.41,2280,17720
40000,43,35458.0,22470,94.32,4542,35458
60000,43,53266.0,36592,95.04,6734,53266
80000,43,71070.0,46626,98.46,8930,71070
100000,43,88851.0,61653,99.9,11149,88851
200000,43,177903.0,109521,106.92,22097,177903
400000,43,355812.0,265032,110.7,44188,355812
600000,43,534034.0,397742,116.19,65966,534034
800000,43,712229.0,528819,116.28,87771,712229
1000000,43,890316.0,638653,116.28,109684,890316
2,44,2.0,1,0.0,0,2
3,44,3.0,2,0.09,0,3
100,44,86.0,66,2.88,14,86
200,44,171.0,130,5.31,29,171
2000,44,1745.0,1305,32.67,255,1745
10000,44,8859.0,6090,72.81,1141,8859
20000,44,17743.0,12196,91.17,2257,17743
40000,44,35520.0,23544,102.33,4480,35520
60000,44,53298.0,35671,107.55,6702,53298
80000,44,71040.0,43932,109.08,8960,71040
100000,44,88889.0,49175,109.17,11111,88889
200000,44,178020.0,69536,111.15,21980,178020
400000,44,356085.0,134974,113.31,43915,356085
600000,44,533958.0,193794,115.47,66042,533958
800000,44,712048.0,345431,123.75,87952,712048
1000000,44,890178.0,492128,123.75,109822,890178
2,45,2.0,1,0.0,0,2
3,45,3.0,2,0.09,0,3
100,45,86.0,66,2.88,14,86
200,45,167.0,131,5.4,33,167
2000,45,1753.0,1102,34.56,247,1753
10000,45,8807.0,4237,65.52,1193,8807
20000,45,17670.0,8211,82.53,2330,17670
40000,45,35496.0,17275,89.19,4504,35496
60000,45,53337.0,30150,91.98,6663,53337
80000,45,71147.0,35627,92.43,8853,71147
100000,45,88906.0,43052,94.05,11094,88906
200000,45,177769.0,95497,97.2,22231,177769
400000,45,355868.0,240603,97.47,44132,355868
600000,45,533709.0,384693,98.1,66291,533709
800000,45,711625.0,528487,98.1,88375,711625
1000000,45,889606.0,680471,100.35,110394,889606
2,46,2.0,1,0.0,0,2
3,46,3.0,2,0.09,0,3
100,46,88.0,66,2.97,12,88
200,46,179.0,134,5.94,21,179
2000,46,1734.0,1230,42.48,266,1734
10000,46,8761.0,5391,77.58,1239,8761
20000,46,17681.0,10883,91.62,2319,17681
40000,46,35504.0,16019,100.35,4496,35504
60000,46,53327.0,20903,102.51,6673,53327
80000,46,71047.0,32943,106.11,8953,71047
100000,46,88890.0,35914,108.0,11110,88890
200000,46,177865.0,77475,113.22,22135,177865
400000,46,355649.0,162659,115.11,44351,355649
600000,46,533477.0,208915,116.1,66523,533477
800000,46,711604.0,321933,116.37,88396,711604
1000000,46,889697.0,460001,116.37,110303,889697
2,47,2.0,1,0.0,0,2
3,47,3.0,2,0.09,0,3
100,47,88.0,66,2.97,12,88
200,47,177.0,133,5.85,23,177
2000,47,1751.0,1140,38.61,249,1751
10000,47,8847.0,5217,59.94,1153,8847
20000,47,17736.0,10315,68.67,2264,17736
40000,47,35458.0,22823,74.34,4542,35458
60000,47,53226.0,38243,80.82,6774,53226
80000,47,70997.0,55426,81.36,9003,70997
100000,47,88784.0,70373,81.54,11216,88784
200000,47,177712.0,149171,84.6,22288,177712
400000,47,355690.0,314948,85.59,44310,355690
600000,47,533651.0,471971,85.95,66349,533651
800000,47,711441.0,618987,88.56,88559,711441
1000000,47,889374.0,750284,88.56,110626,889374
2,48,1.0,1,0.0,1,1
3,48,1.0,2,0.09,2,1
100,48,82.0,65,2.79,18,82
200,48,167.0,132,5.49,33,167
2000,48,1751.0,1259,44.28,249,1751
10000,48,8825.0,5549,86.85,1175,8825
20000,48,17778.0,9087,94.59,2222,17778
40000,48,35574.0,14641,100.26,4426,35574
60000,48,53344.0,28166,103.95,6656,53344
80000,48,71170.0,44456,105.39,8830,71170
100000,48,89008.0,54114,106.56,10992,89008
200000,48,178043.0,114261,112.77,21957,178043
400000,48,356128.0,168970,117.63,43872,356128
600000,48,534367.0,238035,118.71,65633,534367
800000,48,712248.0,309665,119.16,87752,712248
1000000,48,890168.0,395878,119.25,109832,890168
2,49,2.0,1,0.0,0,2
3,49,3.0,2,0.09,0,3
100,49,92.0,66,2.97,8,92
200,49,176.0,131,5.67,24,176
2000,49,1752.0,1178,39.96,248,1752
10000,49,8766.0,5227,73.89,1234,8766
20000,49,17646.0,8647,89.28,2354,17646
40000,49,35503.0,17698,98.91,4497,35503
60000,49,53329.0,27842,99.72,6671,53329
80000,49,71156.0,31567,101.52,8844,71156
100000,49,89024.0,42166,101.97,10976,89024
200000,49,178067.0,96313,105.39,21933,178067
400000,49,356137.0,173701,109.71,43863,356137
600000,49,534202.0,274062,111.06,65798,534202
800000,49,712348.0,436560,111.33,87652,712348
1000000,49,890393.0,608918,111.6,109607,890393
2,50,2.0,1,0.0,0,2
3,50,3.0,2,0.09,0,3
100,50,84.0,66,2.88,16,84
200,50,171.0,132,5.85,29,171
2000,50,1732.0,1318,30.42,268,1732
10000,50,8864.0,5200,48.33,1136,8864
20000,50,17749.0,9685,59.22,2251,17749
40000,50,35471.0,20217,67.59,4529,35471
60000,50,53306.0,33427,70.47,6694,53306
80000,50,71089.0,48218,70.92,8911,71089
100000,50,88903.0,64681,71.37,11097,88903
200000,50,177950.0,126291,73.44,22050,177950
400000,50,356087.0,287262,74.61,43913,356087
600000,50,534190.0,435801,75.06,65810,534190
800000,50,712245.0,577691,75.15,87755,712245
1000000,50,890438.0,678168,75.15,109562,890438
2,51,2.0,1,0.0,0,2
3,51,2.0,2,0.09,1,2
100,51,80.0,67,2.88,20,80
200,51,169.0,133,5.4,31,169
2000,51,1739.0,1238,37.89,261,1739
10000,51,8795.0,5150,82.8,1205,8795
20000,51,17694.0,11361,91.62,2306,17694
40000,51,35453.0,19401,101.7,4547,35453
60000,51,53250.0,24006,103.95,6750,53250
80000,51,71082.0,25645,104.49,8918,71082
100000,51,88794.0,31346,105.12,11206,88794
200000,51,177806.0,87121,106.38,22194,177806
400000,51,355959.0,154449,106.74,44041,355959
600000,51,534002.0,214109,106.92,65998,534002
800000,51,712239.0,363628,107.28,87761,712239
1000000,51,890202.0,409045,107.37,109798,890202
2,52,1.0,1,0.0,1,1
3,52,2.0,2,0.09,1,2
100,52,86.0,66,2.97,14,86
200,52,170.0,133,5.76,30,170
2000,52,1741.0,1082,30.6,259,1741
10000,52,8837.0,4468,54.0,1163,8837
20000,52,17661.0,8374,63.9,2339,17661
40000,52,35427.0,15812,66.42,4573,35427
60000,52,53180.0,21367,70.02,6820,53180
80000,52,71031.0,25123,70.11,8969,71031
100000,52,88870.0,43594,70.11,11130,88870
200000,52,177808.0,103138,72.18,22192,177808
400000,52,356012.0,236108,72.27,43988,356012
600000,52,533737.0,369057,73.08,66263,533737
800000,52,711961.0,521515,73.08,88039,711961
1000000,52,889699.0,659121,73.44,110301,889699
2,53,2.0,1,0.0,0,2
3,53,3.0,2,0.09,0,3
100,53,86.0,67,2.97,14,86
200,53,170.0,133,5.49,30,170
2000,53,1734.0,1058,23.49,266,1734
10000,53,8796.0,5869,52.2,1204,8796
20000,53,17664.0,9323,63.54,2336,17664
40000,53,35385.0,16597,73.53,4615,35385
60000,53,53219.0,28748,73.98,6781,53219
80000,53,70963.0,33433,75.6,9037,70963
100000,53,88836.0,39091,75.6,11164,88836
200000,53,177856.0,95527,81.45,22144,177856
400000,53,355669.0,192362,88.38,44331,355669
600000,53,533674.0,310868,89.91,66326,533674
800000,53,711710.0,400447,91.26,88290,711710
1000000,53,889780.0,471628,91.26,110220,889780
2,54,2.0,1,0.0,0,2
3,54,3.0,2,0.09,0,3
100,54,82.0,66,2.88,18,82
200,54,168.0,129,5.49,32,168
2000,54,1770.0,1215,34.56,230,1770
10000,54,8841.0,5803,66.42,1159,8841
20000,54,17732.0,13387,73.44,2268,17732
40000,54,35516.0,24107,88.11,4484,35516
60000,54,53239.0,38489,92.7,6761,53239
80000,54,71045.0,55998,95.04,8955,71045
100000,54,88876.0,71556,95.04,11124,88876
200000,54,177893.0,125834,108.0,22107,177893
400000,54,355793.0,266280,109.8,44207,355793
600000,54,533636.0,343226,113.76,66364,533636
800000,54,711747.0,502696,120.87,88253,711747
1000000,54,889499.0,660695,120.96,110501,889499
2,55,2.0,1,0.0,0,2
3,55,3.0,2,0.09,0,3
100,55,89.0,67,2.97,11,89
200,55,181.0,132,5.85,19,181
2000,55,1752.0,1166,34.2,248,1752
10000,55,8807.0,5110,62.01,1193,8807
20000,55,17693.0,8594,80.46,2307,17693
40000,55,35447.0,15566,84.69,4553,35447
60000,55,53239.0,26407,98.28,6761,53239
80000,55,71087.0,31565,100.89,8913,71087
100000,55,88857.0,37018,102.87,11143,88857
200000,55,177892.0,93244,106.02,22108,177892
400000,55,355884.0,159263,106.65,44116,355884
600000,55,534072.0,298120,107.1,65928,534072
800000,55,711991.0,430312,107.73,88009,711991
1000000,55,890232.0,493979,138.6,109768,890232
2,56,2.0,1,0.0,0,2
3,56,3.0,2,0.09,0,3
100,56,79.0,67,3.06,21,79
200,56,165.0,132,6.12,35,165
2000,56,1736.0,1200,37.8,264,1736
10000,56,8769.0,4841,71.37,1231,8769
20000,56,17672.0,8214,78.03,2328,17672
40000,56,35463.0,14865,82.35,4537,35463
60000,56,53248.0,18515,88.2,6752,53248
80000,56,71081.0,27450,88.47,8919,71081
100000,56,88882.0,37944,89.28,11118,88882
200000,56,177943.0,50391,92.16,22057,177943
400000,56,355887.0,134581,95.4,44113,355887
600000,56,534018.0,187122,95.49,65982,534018
800000,56,712095.0,331916,95.58,87905,712095
1000000,56,890012.0,434643,95.58,109988,890012
2,57,2.0,1,0.0,0,2
3,57,3.0,2,0.09,0,3
100,57,83.0,66,2.88,17,83
200,57,159.0,128,5.4,41,159
2000,57,1761.0,1174,30.24,239,1761
10000,57,8832.0,6400,59.76,1168,8832
20000,57,17791.0,13894,62.28,2209,17791
40000,57,35578.0,25170,73.08,4422,35578
60000,57,53367.0,39882,85.14,6633,53367
80000,57,71217.0,47796,90.72,8783,71217
100000,57,89026.0,55149,90.81,10974,89026
200000,57,177916.0,97772,95.04,22084,177916
400000,57,355778.0,168768,97.38,44222,355778
600000,57,533838.0,246505,97.38,66162,533838
800000,57,711971.0,304288,97.65,88029,711971
1000000,57,889880.0,402579,97.74,110120,889880
2,58,2.0,1,0.0,0,2
3,58,3.0,2,0.09,0,3
100,58,89.0,67,2.97,11,89
200,58,172.0,130,5.4,28,172
2000,58,1735.0,1208,34.83,265,1735
10000,58,8839.0,5185,63.54,1161,8839
20000,58,17688.0,9668,83.61,2312,17688
40000,58,35500.0,15288,90.27,4500,35500
60000,58,53340.0,30809,92.34,6660,53340
80000,58,71121.0,44702,94.14,8879,71121
100000,58,88933.0,51416,94.77,11067,88933
200000,58,177930.0,90167,95.76,22070,177930
400000,58,355999.0,162368,98.28,44001,355999
600000,58,534174.0,223134,98.46,65826,534174
800000,58,712197.0,356043,98.73,87803,712197
1000000,58,889903.0,431689,99.09,110097,889903
2,59,2.0,1,0.0,0,2
3,59,3.0,2,0.09,0,3
100,59,87.0,66,2.88,13,87
200,59,171.0,130,5.58,29,171
2000,59,1765.0,1096,35.1,235,1765
10000,59,8850.0,5487,91.44,1150,8850
20000,59,17784.0,11825,100.71,2216,17784
40000,59,35592.0,20116,114.75,4408,35592
60000,59,53387.0,24110,121.77,6613,53387
80000,59,71155.0,33255,130.05,8845,71155
100000,59,89001.0,51843,138.33,10999,89001
200000,59,177977.0,89913,143.1,22023,177977
400000,59,355927.0,164883,148.86,44073,355927
600000,59,534102.0,225050,149.04,65898,534102
800000,59,712053.0,340098,150.03,87947,712053
1000000,59,890049.0,467279,160.38,109951,890049
2,60,2.0,1,0.0,0,2
3,60,3.0,2,0.09,0,3
100,60,84.0,66,3.06,16,84
200,60,170.0,131,5.85,30,170
2000,60,1729.0,1130,39.06,271,1729
10000,60,8826.0,5323,68.49,1174,8826
20000,60,17748.0,8741,75.87,2252,17748
40000,60,35452.0,17745,89.28,4548,35452
60000,60,53185.0,24389,94.41,6815,53185
80000,60,70956.0,31067,96.84,9044,70956
100000,60,88786.0,43207,96.93,11214,88786
200000,60,177760.0,107905,97.83,22240,177760
400000,60,355737.0,225496,98.28,44263,355737
600000,60,533935.0,360601,98.37,66065,533935
800000,60,711910.0,503857,98.37,88090,711910
1000000,60,889972.0,666510,100.8,110028,889972
2,61,2.0,1,0.0,0,2
3,61,2.0,2,0.09,1,2
100,61,84.0,66,2.88,16,84
200,61,170.0,129,5.76,30,170
2000,61,1723.0,1216,32.94,277,1723
10000,61,8780.0,5638,68.94,1220,8780
20000,61,17721.0,9748,75.6,2279,17721
40000,61,35497.0,19107,88.11,4503,35497
60000,61,53311.0,21933,92.07,6689,53311
80000,61,71144.0,29884,93.15,8856,71144
100000,61,88964.0,44983,93.78,11036,88964
200000,61,177901.0,83663,95.58,22099,177901
400000,61,355806.0,185410,103.32,44194,355806
600000,61,533751.0,281066,104.49,66249,533751
800000,61,711700.0,353837,110.07,88300,711700
1000000,61,889661.0,433847,111.06,110339,889661
2,62,2.0,1,0.0,0,2
3,62,3.0,2,0.09,0,3
100,62,89.0,66,2.97,11,89
200,62,176.0,133,5.67,24,176
2000,62,1744.0,1406,30.69,256,1744
10000,62,8848.0,7589,54.45,1152,8848
20000,62,17771.0,14733,57.42,2229,17771
40000,62,35572.0,31537,71.1,4428,35572
60000,62,53264.0,45964,77.67,6736,53264
80000,62,71104.0,62207,81.54,8896,71104
100000,62,88916.0,77254,82.71,11084,88916
200000,62,177862.0,118410,94.95,22138,177862
400000,62,355827.0,176390,102.06,44173,355827
600000,62,533624.0,308000,104.22,66376,533624
800000,62,711555.0,450989,104.4,88445,711555
1000000,62,889554.0,501708,104.4,110446,889554
2,63,2.0,1,0.0,0,2
3,63,3.0,2,0.09,0,3
100,63,84.0,66,2.88,16,84
200,63,174.0,130,5.4,26,174
2000,63,1727.0,1199,31.14,273,1727
10000,63,8769.0,4485,52.74,1231,8769
20000,63,17692.0,8691,62.73,2308,17692
40000,63,35551.0,15728,68.13,4449,35551
60000,63,53298.0,29604,73.17,6702,53298
80000,63,71061.0,35510,73.8,8939,71061
100000,63,88936.0,37643,73.98,11064,88936
200000,63,177942.0,76446,74.7,22058,177942
400000,63,355965.0,140300,87.12,44035,355965
600000,63,533670.0,224930,89.82,66330,533670
800000,63,711334.0,350821,97.92,88666,711334
1000000,63,889188.0,511467,100.08,110812,889188
2,64,2.0,1,0.0,0,2
3,64,3.0,2,0.09,0,3
100,64,87.0,66,3.15,13,87
200,64,177.0,136,6.03,23,177
2000,64,1746.0,1200,29.7,254,1746
10000,64,8828.0,6229,55.8,1172,8828
20000,64,17768.0,9755,61.92,2232,17768
40000,64,35583.0,19163,73.8,4417,35583
60000,64,53348.0,31460,75.96,6652,53348
80000,64,71003.0,40275,77.58,8997,71003
100000,64,88798.0,54006,80.91,11202,88798
200000,64,177819.0,128840,81.45,22181,177819
400000,64,355935.0,215457,82.8,44065,355935
600000,64,533871.0,353447,83.16,66129,533871
800000,64,711843.0,501330,85.86,88157,711843
1000000,64,889823.0,638705,85.95,110177,889823
2,65,2.0,1,0.0,0,2
3,65,2.0,2,0.09,1,2
100,65,81.0,66,2.97,19,81
200,65,162.0,132,5.94,38,162
2000,65,1731.0,1103,37.62,269,1731
10000,65,8804.0,5570,60.3,1196,8804
20000,65,17659.0,11343,65.7,2341,17659
40000,65,35466.0,15419,71.1,4534,35466
60000,65,53307.0,20208,72.72,6693,53307
80000,65,71100.0,23323,74.97,8900,71100
100000,65,88877.0,34052,75.33,11123,88877
200000,65,178058.0,69463,76.14,21942,178058
400000,65,356131.0,125192,86.76,43869,356131
600000,65,534056.0,223551,86.94,65944,534056
800000,65,711775.0,252627,87.03,88225,711775
1000000,65,889808.0,321574,87.03,110192,889808
2,66,2.0,1,0.0,0,2
3,66,3.0,2,0.09,0,3
100,66,89.0,66,2.97,11,89
200,66,181.0,132,5.76,19,181
2000,66,1770.0,1091,29.34,230,1770
10000,66,8853.0,4975,54.81,1147,8853
20000,66,17779.0,9282,71.19,2221,17779
40000,66,35614.0,22258,80.46,4386,35614
60000,66,53386.0,31454,84.24,6614,53386
80000,66,71196.0,45719,87.39,8804,71196
100000,66,88923.0,54812,91.17,11077,88923
200000,66,177912.0,110302,92.79,22088,177912
400000,66,355777.0,244788,96.66,44223,355777
600000,66,533701.0,336853,99.0,66299,533701
800000,66,711566.0,434833,99.99,88434,711566
1000000,66,889737.0,566449,99.99,110263,889737
2,67,1.0,1,0.0,1,1
3,67,2.0,2,0.09,1,2
100,67,87.0,67,2.97,13,87
200,67,181.0,134,5.94,19,181
2000,67,1745.0,1170,43.38,255,1745
10000,67,8752.0,5642,93.6,1248,8752
20000,67,17627.0,11257,99.09,2373,17627
40000,67,35460.0,19507,103.86,4540,35460
60000,67,53361.0,33999,104.76,6639,53361
80000,67,71066.0,43792,114.75,8934,71066
100000,67,88867.0,53643,116.55,11133,88867
200000,67,177764.0,98265,118.98,22236,177764
400000,67,355693.0,206580,121.14,44307,355693
600000,67,533688.0,334596,121.23,66312,533688
800000,67,711614.0,396020,121.32,88386,711614
1000000,67,889687.0,565500,121.59,110313,889687
2,68,2.0,1,0.0,0,2
3,68,2.0,2,0.09,1,2
100,68,85.0,66,2.88,15,85
200,68,163.0,130,5.58,37,163
2000,68,1736.0,1294,30.06,264,1736
10000,68,8807.0,5201,63.63,1193,8807
20000,68,17696.0,11066,87.48,2304,17696
40000,68,35548.0,22820,91.89,4452,35548
60000,68,53264.0,31633,100.08,6736,53264
80000,68,71029.0,41619,105.93,8971,71029
100000,68,88792.0,56426,109.62,11208,88792
200000,68,177683.0,129336,115.02,22317,177683
400000,68,355753.0,274960,124.74,44247,355753
600000,68,533656.0,345014,126.54,66344,533656
800000,68,711671.0,466071,126.63,88329,711671
1000000,68,889614.0,542875,127.53,110386,889614
2,69,1.0,1,0.0,1,1
3,69,2.0,2,0.09,1,2
100,69,82.0,66,3.06,18,82
200,69,167.0,133,5.85,33,167
2000,69,1723.0,1125,38.97,277,1723
10000,69,8822.0,5029,73.62,1178,8822
20000,69,17718.0,9826,82.71,2282,17718
40000,69,35504.0,20160,85.41,4496,35504
60000,69,53223.0,34412,91.26,6777,53223
80000,69,71057.0,46294,91.71,8943,71057
100000,69,88863.0,52573,92.79,11137,88863
200000,69,177774.0,100290,98.55,22226,177774
400000,69,355831.0,210845,100.62,44169,355831
600000,69,533627.0,304581,101.07,66373,533627
800000,69,711645.0,357981,101.25,88355,711645
1000000,69,889895.0,424560,101.25,110105,889895
2,70,2.0,1,0.0,0,2
3,70,2.0,2,0.09,1,2
100,70,89.0,66,2.97,11,89
200,70,176.0,131,5.58,24,176
2000,70,1756.0,1140,39.33,244,1756
10000,70,8828.0,5104,74.97,1172,8828
20000,70,17745.0,11276,83.07,2255,17745
40000,70,35571.0,23687,93.15,4429,35571
60000,70,53305.0,29856,100.17,6695,53305
80000,70,71088.0,37974,103.95,8912,71088
100000,70,88886.0,52652,104.58,11114,88886
200000,70,177856.0,120185,110.61,22144,177856
400000,70,355995.0,244315,111.06,44005,355995
600000,70,534074.0,342023,111.78,65926,534074
800000,70,712123.0,478881,113.85,87877,712123
1000000,70,890129.0,610537,114.03,109871,890129
2,71,2.0,1,0.0,0,2
3,71,3.0,2,0.09,0,3
100,71,89.0,67,2.97,11,89
200,71,178.0,134,6.12,22,178
2000,71,1746.0,1129,38.43,254,1746
10000,71,8880.0,4247,69.84,1120,8880
20000,71,17799.0,9199,78.3,2201,17799
40000,71,35588.0,18880,91.26,4412,35588
60000,71,53313.0,30553,99.18,6687,53313
80000,71,71060.0,43184,101.43,8940,71060
100000,71,88802.0,54853,107.1,11198,88802
200000,71,177717.0,85144,109.17,22283,177717
400000,71,355804.0,141476,111.42,44196,355804
600000,71,533828.0,212383,111.69,66172,533828
800000,71,711898.0,239239,111.69,88102,711898
1000000,71,890158.0,253897,112.05,109842,890158
2,72,2.0,1,0.0,0,2
3,72,3.0,2,0.09,0,3
100,72,88.0,67,2.97,12,88
200,72,167.0,130,5.67,33,167
2000,72,1765.0,1164,29.97,235,1765
10000,72,8875.0,5736,77.58,1125,8875
20000,72,17766.0,12934,90.45,2234,17766
40000,72,35541.0,22935,101.16,4459,35541
60000,72,53318.0,32891,105.03,6682,53318
80000,72,71100.0,47467,106.11,8900,71100
100000,72,88905.0,57073,106.47,11095,88905
200000,72,177854.0,108827,109.8,22146,177854
400000,72,355820.0,190519,111.87,44180,355820
600000,72,533891.0,295045,112.41,66109,533891
800000,72,712008.0,408476,112.41,87992,712008
1000000,72,890023.0,431511,112.59,109977,890023
2,73,2.0,1,0.0,0,2
3,73,3.0,2,0.09,0,3
100,73,82.0,66,2.88,18,82
200,73,168.0,129,5.58,32,168
2000,73,1751.0,1120,32.76,249,1751
10000,73,8862.0,5170,58.77,1138,8862
20000,73,17766.0,8097,67.77,2234,17766
40000,73,35525.0,18699,82.35,4475,35525
60000,73,53333.0,29425,83.7,6667,53333
80000,73,71098.0,36358,85.32,8902,71098
100000,73,88981.0,38732,89.1,11019,88981
200000,73,177890.0,86475,99.0,22110,177890
400000,73,355943.0,173780,100.35,44057,355943
600000,73,534099.0,254548,102.42,65901,534099
800000,73,712188.0,360139,105.12,87812,712188
1000000,73,890225.0,524186,105.57,109775,890225
2,74,2.0,1,0.0,0,2
3,74,2.0,2,0.09,1,2
100,74,83.0,63,2.88,17,83
200,74,165.0,131,5.04,35,165
2000,74,1714.0,1280,37.44,286,1714
10000,74,8798.0,4528,53.37,1202,8798
20000,74,17668.0,9474,64.62,2332,17668
40000,74,35477.0,22334,69.21,4523,35477
60000,74,53213.0,29820,75.33,6787,53213
80000,74,71086.0,32497,76.05,8914,71086
100000,74,88901.0,37881,77.49,11099,88901
200000,74,177888.0,59287,79.74,22112,177888
400000,74,355927.0,145175,87.03,44073,355927
600000,74,533940.0,181559,87.12,66060,533940
800000,74,711890.0,222761,87.3,88110,711890
1000000,74,889488.0,286352,88.74,110512,889488
2,75,2.0,1,0.0,0,2
3,75,3.0,2,0.09,0,3
100,75,89.0,65,3.06,11,89
200,75,171.0,135,5.76,29,171
2000,75,1749.0,1187,34.56,251,1749
10000,75,8787.0,5189,60.84,1213,8787
20000,75,17634.0,7662,88.11,2366,17634
40000,75,35527.0,11952,89.73,4473,35527
60000,75,53266.0,18733,93.69,6734,53266
80000,75,71014.0,22852,102.87,8986,71014
100000,75,88757.0,25944,105.21,11243,88757
200000,75,177964.0,26867,105.57,22036,177964
400000,75,356118.0,127572,106.56,43882,356118
600000,75,534172.0,265235,107.91,65828,534172
800000,75,712144.0,376355,108.54,87856,712144
1000000,75,890160.0,429995,109.62,109840,890160
2,76,2.0,1,0.0,0,2
3,76,3.0,2,0.09,0,3
100,76,82.0,65,2.7,18,82
200,76,164.0,127,4.95,36,164
2000,76,1725.0,1257,27.0,275,1725
10000,76,8763.0,5392,62.46,1237,8763
20000,76,17652.0,11361,71.64,2348,17652
40000,76,35398.0,18690,75.87,4602,35398
60000,76,53200.0,23787,76.77,6800,53200
80000,76,71027.0,30672,79.47,8973,71027
100000,76,88841.0,41721,80.73,11159,88841
200000,76,177765.0,71118,83.16,22235,177765
400000,76,355982.0,139224,83.25,44018,355982
600000,76,533867.0,258352,85.68,66133,533867
800000,76,712032.0,364351,86.04,87968,712032
1000000,76,889850.0,461529,86.76,110150,889850
2,77,2.0,1,0.0,0,2
3,77,3.0,2,0.09,0,3
100,77,85.0,67,3.06,15,85
200,77,164.0,133,5.85,36,164
2000,77,1746.0,1123,33.93,254,1746
10000,77,8800.0,4943,77.13,1200,8800
20000,77,17715.0,9671,89.1,2285,17715
40000,77,35471.0,20145,96.84,4529,35471
60000,77,53292.0,29576,100.44,6708,53292
80000,77,71030.0,37645,103.41,8970,71030
100000,77,88764.0,49385,105.66,11236,88764
200000,77,177727.0,92672,107.82,22273,177727
400000,77,355914.0,193891,108.27,44086,355914
600000,77,534025.0,302246,109.26,65975,534025
800000,77,711759.0,365254,110.16,88241,711759
1000000,77,889780.0,433808,110.52,110220,889780
2,78,2.0,1,0.0,0,2
3,78,3.0,2,0.09,0,3
100,78,93.0,65,3.15,7,93
200,78,173.0,130,5.58,27,173
2000,78,1755.0,1004,31.14,245,1755
10000,78,8827.0,4493,58.32,1173,8827
20000,78,17668.0,8036,75.33,2332,17668
40000,78,35420.0,14166,88.29,4580,35420
60000,78,53270.0,14656,90.72,6730,53270
80000,78,70973.0,22510,92.43,9027,70973
100000,78,88789.0,25216,92.52,11211,88789
200000,78,177547.0,73856,94.23,22453,177547
400000,78,355495.0,228366,105.39,44505,355495
600000,78,533390.0,329409,108.0,66610,533390
800000,78,711353.0,489104,108.45,88647,711353
1000000,78,889496.0,509355,108.63,110504,889496
2,79,2.0,1,0.0,0,2
3,79,2.0,2,0.09,1,2
100,79,90.0,66,2.97,10,90
200,79,180.0,131,5.67,20,180
2000,79,1753.0,1206,38.25,247,1753
10000,79,8797.0,5857,78.3,1203,8797
20000,79,17666.0,13145,89.37,2334,17666
40000,79,35449.0,25786,97.65,4551,35449
60000,79,53235.0,34705,101.88,6765,53235
80000,79,71024.0,41348,104.49,8976,71024
100000,79,88797.0,49852,106.56,11203,88797
200000,79,177758.0,122758,108.99,22242,177758
400000,79,355640.0,250687,110.25,44360,355640
600000,79,533601.0,339113,110.34,66399,533601
800000,79,711525.0,404875,110.52,88475,711525
1000000,79,889458.0,570542,110.7,110542,889458
2,80,0.0,1,0.0,2,0
3,80,1.0,2,0.09,2,1
100,80,77.0,66,2.97,23,77
200,80,162.0,132,6.12,38,162
2000,80,1728.0,1253,36.54,272,1728
10000,80,8786.0,4936,84.33,1214,8786
20000,80,17643.0,8076,90.36,2357,17643
40000,80,35496.0,13370,91.8,4504,35496
60000,80,53364.0,21193,93.6,6636,53364
80000,80,71144.0,26811,94.41,8856,71144
100000,80,88948.0,36623,99.81,11052,88948
200000,80,178002.0,94967,107.01,21998,178002
400000,80,356057.0,214142,108.54,43943,356057
600000,80,534013.0,320978,110.88,65987,534013
800000,80,711868.0,434499,110.97,88132,711868
1000000,80,889839.0,569330,111.15,110161,889839
2,81,2.0,1,0.0,0,2
3,81,3.0,2,0.09,0,3
100,81,92.0,68,3.06,8,92
200,81,179.0,133,5.94,21,179
2000,81,1749.0,1045,37.44,251,1749
10000,81,8818.0,5043,76.14,1182,8818
20000,81,17682.0,11654,104.13,2318,17682
40000,81,35433.0,22613,109.8,4567,35433
60000,81,53204.0,31755,114.93,6796,53204
80000,81,70983.0,38239,121.05,9017,70983
100000,81,88760.0,45897,122.67,11240,88760
200000,81,177656.0,93949,124.74,22344,177656
400000,81,355662.0,158499,129.51,44338,355662
600000,81,533347.0,207692,132.84,66653,533347
800000,81,711412.0,248091,135.54,88588,711412
1000000,81,889703.0,448091,135.54,110297,889703
2,82,2.0,1,0.0,0,2
3,82,3.0,2,0.09,0,3
100,82,82.0,66,2.79,18,82
200,82,163.0,129,5.13,37,163
2000,82,1755.0,1155,28.8,245,1755
10000,82,8873.0,6301,54.0,1127,8873
20000,82,17765.0,12232,70.65,2235,17765
40000,82,35523.0,28449,77.04,4477,35523
60000,82,53294.0,42881,79.38,6706,53294
80000,82,71101.0,52266,79.74,8899,71101
100000,82,88875.0,59438,80.1,11125,88875
200000,82,177870.0,110577,81.63,22130,177870
400000,82,356042.0,169827,82.26,43958,356042
600000,82,533938.0,244884,82.53,66062,533938
800000,82,711796.0,351657,82.8,88204,711796
1000000,82,889992.0,486187,83.25,110008,889992
2,83,2.0,1,0.0,0,2
3,83,2.0,2,0.09,1,2
100,83,86.0,66,2.88,14,86
200,83,176.0,131,5.76,24,176
2000,83,1732.0,1139,38.25,268,1732
10000,83,8835.0,5500,74.16,1165,8835
20000,83,17694.0,9821,79.92,2306,17694
40000,83,35494.0,20505,84.51,4506,35494
60000,83,53231.0,33549,86.31,6769,53231
80000,83,70977.0,40757,95.67,9023,70977
100000,83,88799.0,48096,96.66,11201,88799
200000,83,177727.0,116626,99.18,22273,177727
400000,83,355581.0,241109,104.76,44419,355581
600000,83,533488.0,353104,105.57,66512,533488
800000,83,711611.0,367520,105.93,88389,711611
1000000,83,889500.0,429083,106.11,110500,889500
2,84,1.0,1,0.0,1,1
3,84,1.0,2,0.09,2,1
100,84,85.0,66,2.88,15,85
200,84,171.0,132,5.49,29,171
2000,84,1750.0,1148,33.66,250,1750
10000,84,8893.0,4802,48.33,1107,8893
20000,84,17758.0,7966,64.44,2242,17758
40000,84,35471.0,18331,79.02,4529,35471
60000,84,53313.0,36355,83.79,6687,53313
80000,84,71079.0,52093,91.8,8921,71079
100000,84,88800.0,60543,97.2,11200,88800
200000,84,177642.0,113522,99.36,22358,177642
400000,84,355945.0,172537,99.45,44055,355945
600000,84,533917.0,208276,99.9,66083,533917
800000,84,711912.0,311390,101.61,88088,711912
1000000,84,889851.0,393214,102.42,110149,889851
2,85,2.0,1,0.0,0,2
3,85,3.0,2,0.09,0,3
100,85,87.0,66,2.97,13,87
200,85,176.0,133,5.67,24,176
2000,85,1742.0,1225,33.48,258,1742
10000,85,8820.0,6097,64.35,1180,8820
20000,85,17757.0,13405,73.35,2243,17757
40000,85,35603.0,26504,78.21,4397,35603
60000,85,53408.0,41110,81.72,6592,53408
80000,85,71162.0,52608,85.05,8838,71162
100000,85,89033.0,67109,89.73,10967,89033
200000,85,178005.0,147184,93.42,21995,178005
400000,85,356195.0,257122,94.77,43805,356195
600000,85,534200.0,331440,96.66,65800,534200
800000,85,711928.0,428552,101.16,88072,711928
1000000,85,889953.0,565381,101.25,110047,889953
2,86,1.0,1,0.0,1,1
3,86,2.0,2,0.09,1,2
100,86,84.0,65,2.79,16,84
200,86,170.0,129,5.31,30,170
2000,86,1758.0,1273,29.7,242,1758
10000,86,8876.0,5863,51.57,1124,8876
20000,86,17789.0,12566,60.57,2211,17789
40000,86,35593.0,24542,64.17,4407,35593
60000,86,53435.0,34534,66.33,6565,53435
80000,86,71198.0,49342,66.69,8802,71198
100000,86,89026.0,61539,66.78,10974,89026
200000,86,178118.0,127529,75.96,21882,178118
400000,86,356207.0,186158,77.94,43793,356207
600000,86,534297.0,255210,78.93,65703,534297
800000,86,712360.0,372956,79.11,87640,712360
1000000,86,890109.0,488534,79.2,109891,890109
2,87,1.0,1,0.0,1,1
3,87,2.0,2,0.09,1,2
100,87,82.0,66,2.88,18,82
200,87,170.0,129,5.49,30,170
2000,87,1749.0,1165,30.24,251,1749
10000,87,8848.0,5811,60.21,1152,8848
20000,87,17784.0,12285,69.03,2216,17784
40000,87,35570.0,21112,73.44,4430,35570
60000,87,53361.0,32487,76.59,6639,53361
80000,87,71218.0,38047,77.4,8782,71218
100000,87,88974.0,48932,80.1,11026,88974
200000,87,178010.0,95477,83.97,21990,178010
400000,87,355928.0,220410,84.33,44072,355928
600000,87,533899.0,282149,84.42,66101,533899
800000,87,711790.0,387395,85.86,88210,711790
1000000,87,889818.0,511778,86.04,110182,889818
2,88,1.0,1,0.0,1,1
3,88,1.0,2,0.09,2,1
100,88,79.0,65,2.97,21,79
200,88,163.0,128,5.94,37,163
2000,88,1745.0,1270,40.32,255,1745
10000,88,8853.0,6262,83.79,1147,8853
20000,88,17767.0,12709,96.03,2233,17767
40000,88,35557.0,28605,103.68,4443,35557
60000,88,53426.0,41416,105.93,6574,53426
80000,88,71224.0,52085,109.26,8776,71224
100000,88,89037.0,62881,112.86,10963,89037
200000,88,178029.0,124724,126.0,21971,178029
400000,88,355928.0,230722,128.07,44072,355928
600000,88,533657.0,307538,131.04,66343,533657
800000,88,711838.0,377726,131.04,88162,711838
1000000,88,889979.0,454624,131.58,110021,889979
2,89,2.0,1,0.0,0,2
3,89,2.0,2,0.09,1,2
100,89,84.0,68,3.06,16,84
200,89,170.0,134,5.76,30,170
2000,89,1737.0,1136,38.88,263,1737
10000,89,8825.0,5424,68.94,1175,8825
20000,89,17710.0,10179,79.11,2290,17710
40000,89,35501.0,18420,86.67,4499,35501
60000,89,53219.0,28834,94.23,6781,53219
80000,89,71104.0,29749,94.23,8896,71104
100000,89,88860.0,38122,96.12,11140,88860
200000,89,177791.0,61423,98.55,22209,177791
400000,89,355770.0,185150,99.09,44230,355770
600000,89,533880.0,207885,99.36,66120,533880
800000,89,711574.0,281225,99.99,88426,711574
1000000,89,889558.0,309767,100.26,110442,889558
2,90,2.0,1,0.0,0,2
3,90,2.0,2,0.09,1,2
100,90,87.0,66,2.97,13,87
200,90,177.0,133,5.94,23,177
2000,90,1759.0,1239,38.52,241,1759
10000,90,8877.0,5882,76.32,1123,8877
20000,90,17797.0,12921,92.7,2203,17797
40000,90,35621.0,27015,100.17,4379,35621
60000,90,53440.0,42568,101.79,6560,53440
80000,90,71338.0,61648,102.78,8662,71338
100000,90,89183.0,69574,103.59,10817,89183
200000,90,178281.0,126104,105.66,21719,178281
400000,90,356360.0,265720,111.33,43640,356360
600000,90,534392.0,369891,112.95,65608,534392
800000,90,712573.0,506748,113.58,87427,712573
1000000,90,890487.0,660274,113.67,109513,890487
2,91,2.0,1,0.0,0,2
3,91,3.0,2,0.09,0,3
100,91,85.0,66,2.88,15,85
200,91,176.0,130,5.49,24,176
2000,91,1739.0,1189,37.62,261,1739
10000,91,8831.0,5563,69.84,1169,8831
20000,91,17734.0,11013,77.58,2266,17734
40000,91,35525.0,22675,84.78,4475,35525
60000,91,53402.0,38138,85.5,6598,53402
80000,91,71150.0,50003,87.3,8850,71150
100000,91,88919.0,60671,87.93,11081,88919
200000,91,177698.0,123313,93.69,22302,177698
400000,91,355695.0,216638,94.23,44305,355695
600000,91,533495.0,336950,96.12,66505,533495
800000,91,711540.0,389690,96.12,88460,711540
1000000,91,889491.0,497642,96.21,110509,889491
2,92,2.0,1,0.0,0,2
3,92,2.0,2,0.09,1,2
100,92,84.0,66,2.88,16,84
200,92,173.0,130,5.67,27,173
2000,92,1748.0,1039,36.54,252,1748
10000,92,8831.0,4840,68.13,1169,8831
20000,92,17783.0,10159,72.27,2217,17783
40000,92,35586.0,22194,86.4,4414,35586
60000,92,53407.0,34953,89.1,6593,53407
80000,92,71179.0,43585,90.9,8821,71179
100000,92,89028.0,57047,91.26,10972,89028
200000,92,177953.0,104521,93.96,22047,177953
400000,92,355860.0,241083,97.83,44140,355860
600000,92,533615.0,335517,98.37,66385,533615
800000,92,711801.0,384271,98.37,88199,711801
1000000,92,889902.0,401934,99.18,110098,889902
2,93,2.0,1,0.0,0,2
3,93,3.0,2,0.09,0,3
100,93,88.0,66,2.97,12,88
200,93,171.0,136,5.94,29,171
2000,93,1728.0,1367,33.39,272,1728
10000,93,8784.0,7300,68.85,1216,8784
20000,93,17632.0,12147,80.73,2368,17632
40000,93,35401.0,23863,84.78,4599,35401
60000,93,53222.0,35262,85.32,6778,53222
80000,93,71063.0,37146,85.5,8937,71063
100000,93,88802.0,47183,86.85,11198,88802
200000,93,177724.0,104839,90.45,22276,177724
400000,93,355693.0,166400,92.16,44307,355693
600000,93,533804.0,308815,92.16,66196,533804
800000,93,711602.0,418677,92.25,88398,711602
1000000,93,889692.0,604881,92.43,110308,889692
2,94,2.0,1,0.0,0,2
3,94,3.0,2,0.09,0,3
100,94,87.0,67,2.97,13,87
200,94,175.0,133,5.85,25,175
2000,94,1754.0,1124,37.53,246,1754
10000,94,8801.0,4408,81.81,1199,8801
20000,94,17703.0,10146,87.21,2297,17703
40000,94,35487.0,20444,102.24,4513,35487
60000,94,53304.0,33373,109.17,6696,53304
80000,94,71157.0,38981,109.35,8843,71157
100000,94,88991.0,48835,112.59,11009,88991
200000,94,178023.0,121526,124.47,21977,178023
400000,94,355980.0,206484,126.72,44020,355980
600000,94,534153.0,319555,132.21,65847,534153
800000,94,712128.0,426997,132.48,87872,712128
1000000,94,890024.0,508337,135.81,109976,890024
2,95,2.0,1,0.0,0,2
3,95,3.0,2,0.09,0,3
100,95,94.0,67,3.06,6,94
200,95,180.0,133,5.85,20,180
2000,95,1770.0,1273,32.04,230,1770
10000,95,8851.0,5506,69.3,1149,8851
20000,95,17760.0,9922,78.66,2240,17760
40000,95,35580.0,19480,87.57,4420,35580
60000,95,53370.0,26495,93.6,6630,53370
80000,95,71210.0,37642,93.96,8790,71210
100000,95,89024.0,41428,97.29,10976,89024
200000,95,177946.0,88588,104.58,22054,177946
400000,95,356050.0,171691,107.82,43950,356050
600000,95,534219.0,274674,107.91,65781,534219
800000,95,712131.0,401431,109.08,87869,712131
1000000,95,890092.0,492971,110.52,109908,890092
2,96,2.0,1,0.0,0,2
3,96,3.0,2,0.09,0,3
100,96,81.0,65,2.7,19,81
200,96,168.0,128,5.13,32,168
2000,96,1750.0,1083,27.18,250,1750
10000,96,8820.0,4373,60.12,1180,8820
20000,96,17737.0,10486,63.27,2263,17737
40000,96,35488.0,19078,69.03,4512,35488
60000,96,53316.0,32606,69.57,6684,53316
80000,96,71181.0,38071,73.89,8819,71181
100000,96,88956.0,44185,73.98,11044,88956
200000,96,177971.0,88868,75.87,22029,177971
400000,96,355884.0,153149,80.46,44116,355884
600000,96,533961.0,222702,81.0,66039,533961
800000,96,711901.0,358366,81.18,88099,711901
1000000,96,890021.0,428748,81.18,109979,890021
2,97,2.0,1,0.0,0,2
3,97,3.0,2,0.09,0,3
100,97,90.0,66,2.97,10,90
200,97,171.0,131,5.49,29,171
2000,97,1737.0,1263,32.85,263,1737
10000,97,8802.0,4931,73.89,1198,8802
20000,97,17722.0,9386,86.04,2278,17722
40000,97,35453.0,16811,96.93,4547,35453
60000,97,53153.0,27757,121.14,6847,53153
80000,97,70964.0,37668,123.75,9036,70964
100000,97,88807.0,52449,123.75,11193,88807
200000,97,177812.0,80243,138.33,22188,177812
400000,97,355904.0,219757,145.71,44096,355904
600000,97,533830.0,313452,145.98,66170,533830
800000,97,712081.0,398928,146.25,87919,712081
1000000,97,890345.0,597380,146.25,109655,890345
2,98,2.0,1,0.0,0,2
3,98,3.0,2,0.09,0,3
100,98,82.0,65,2.7,18,82
200,98,166.0,127,5.13,34,166
2000,98,1724.0,1188,35.46,276,1724
10000,98,8791.0,5227,57.69,1209,8791
20000,98,17628.0,10439,61.74,2372,17628
40000,98,35451.0,19951,64.8,4549,35451
60000,98,53195.0,32022,69.03,6805,53195
80000,98,70998.0,38928,71.01,9002,70998
100000,98,88836.0,43826,71.1,11164,88836
200000,98,177865.0,117003,74.07,22135,177865
400000,98,355782.0,236200,83.97,44218,355782
600000,98,533845.0,341535,85.32,66155,533845
800000,98,711590.0,451524,85.41,88410,711590
1000000,98,889479.0,608799,85.41,110521,889479
2,99,1.0,1,0.0,1,1
3,99,2.0,2,0.09,1,2
100,99,82.0,66,2.97,18,82
200,99,171.0,135,6.03,29,171
2000,99,1761.0,1183,43.56,239,1761
10000,99,8856.0,5695,87.3,1144,8856
20000,99,17779.0,9312,112.05,2221,17779
40000,99,35577.0,15517,117.0,4423,35577
60000,99,53402.0,27245,117.99,6598,53402
80000,99,71237.0,35499,122.58,8763,71237
100000,99,88979.0,46737,124.11,11021,88979
200000,99,178064.0,74272,130.23,21936,178064
400000,99,356290.0,216194,132.03,43710,356290
600000,99,534273.0,362802,135.09,65727,534273
800000,99,712192.0,464754,135.54,87808,712192
1000000,99,890162.0,535466,135.81,109838,890162
2,100,2.0,1,0.0,0,2
3,100,2.0,2,0.09,1,2
100,100,87.0,66,2.88,13,87
200,100,172.0,129,5.49,28,172
2000,100,1747.0,1102,33.66,253,1747
10000,100,8854.0,4801,68.31,1146,8854
20000,100,17714.0,8635,81.36,2286,17714
40000,100,35523.0,12019,92.07,4477,35523
60000,100,53293.0,20490,94.59,6707,53293
80000,100,71099.0,28450,95.4,8901,71099
100000,100,88917.0,32414,97.11,11083,88917
200000,100,177821.0,76556,103.95,22179,177821
400000,100,355766.0,151334,104.49,44234,355766
600000,100,533852.0,169387,104.58,66148,533852
800000,100,711948.0,279500,105.12,88052,711948
1000000,100,889950.0,404534,105.21,110050,889950
