Timestep,Iteration,Total Reward,Suboptimal Arms,Total Regret,Zeros Count,Ones Count
2,1,2.0,1,0.1,0,2
3,1,3.0,2,0.2,0,3
100,1,88.0,67,6.7,12,88
200,1,173.0,132,13.2,27,173
2000,1,1732.0,759,75.9,268,1732
10000,1,8895.0,1407,140.7,1105,8895
20000,1,17931.0,1542,154.2,2069,17931
40000,1,35904.0,1637,163.7,4096,35904
60000,1,53917.0,1698,169.8,6083,53917
80000,1,71910.0,1713,171.3,8090,71910
100000,1,89904.0,1723,172.3,10096,89904
200000,1,179907.0,1805,180.5,20093,179907
400000,1,359733.0,1943,194.3,40267,359733
600000,1,539793.0,1960,196.0,60207,539793
800000,1,719703.0,1991,199.1,80297,719703
1000000,1,899521.0,1999,199.9,100479,899521
2,2,2.0,1,0.1,0,2
3,2,3.0,2,0.2,0,3
100,2,84.0,66,6.6,16,84
200,2,163.0,126,12.6,37,163
2000,2,1729.0,797,79.7,271,1729
10000,2,8871.0,1300,130.0,1129,8871
20000,2,17876.0,1422,142.2,2124,17876
40000,2,35820.0,1553,155.3,4180,35820
60000,2,53835.0,1606,160.6,6165,53835
80000,2,71793.0,1622,162.2,8207,71793
100000,2,89743.0,1657,165.7,10257,89743
200000,2,179580.0,1726,172.6,20420,179580
400000,2,359500.0,1759,175.9,40500,359500
600000,2,539400.0,1770,177.0,60600,539400
800000,2,719435.0,1771,177.1,80565,719435
1000000,2,899476.0,1771,177.1,100524,899476
2,3,2.0,1,0.1,0,2
3,3,2.0,2,0.2,1,2
100,3,84.0,66,6.6,16,84
200,3,162.0,126,12.6,38,162
2000,3,1719.0,828,82.8,281,1719
10000,3,8810.0,1464,146.4,1190,8810
20000,3,17796.0,1636,163.6,2204,17796
40000,3,35768.0,1708,170.8,4232,35768
60000,3,53785.0,1735,173.5,6215,53785
80000,3,71722.0,1785,178.5,8278,71722
100000,3,89732.0,1785,178.5,10268,89732
200000,3,179635.0,1821,182.1,20365,179635
400000,3,359621.0,1871,187.1,40379,359621
600000,3,539632.0,1873,187.3,60368,539632
800000,3,719718.0,1873,187.3,80282,719718
1000000,3,899792.0,1873,187.3,100208,899792
2,4,2.0,1,0.1,0,2
3,4,3.0,2,0.2,0,3
100,4,77.0,66,6.6,23,77
200,4,161.0,136,13.6,39,161
2000,4,1732.0,908,90.8,268,1732
10000,4,8887.0,1582,158.2,1113,8887
20000,4,17846.0,1777,177.7,2154,17846
40000,4,35746.0,1866,186.6,4254,35746
60000,4,53809.0,1900,190.0,6191,53809
80000,4,71799.0,1903,190.3,8201,71799
100000,4,89745.0,1975,197.5,10255,89745
200000,4,179756.0,2068,206.8,20244,179756
400000,4,359675.0,2096,209.6,40325,359675
600000,4,539628.0,2193,219.3,60372,539628
800000,4,719777.0,2193,219.3,80223,719777
1000000,4,899840.0,2193,219.3,100160,899840
2,5,2.0,1,0.1,0,2
3,5,2.0,2,0.2,1,2
100,5,80.0,66,6.6,20,80
200,5,172.0,129,12.9,28,172
2000,5,1713.0,848,84.8,287,1713
10000,5,8826.0,1651,165.1,1174,8826
20000,5,17816.0,1969,196.9,2184,17816
40000,5,35780.0,2128,212.8,4220,35780
60000,5,53836.0,2143,214.3,6164,53836
80000,5,71796.0,2178,217.8,8204,71796
100000,5,89844.0,2191,219.1,10156,89844
200000,5,179701.0,2263,226.3,20299,179701
400000,5,359382.0,2301,230.1,40618,359382
600000,5,539429.0,2302,230.2,60571,539429
800000,5,719508.0,2302,230.2,80492,719508
1000000,5,899288.0,2302,230.2,100712,899288
2,6,1.0,1,0.1,1,1
3,6,2.0,2,0.2,1,2
100,6,88.0,69,6.9,12,88
200,6,174.0,130,13.0,26,174
2000,6,1724.0,858,85.8,276,1724
10000,6,8861.0,1639,163.9,1139,8861
20000,6,17846.0,1799,179.9,2154,17846
40000,6,35811.0,1954,195.4,4189,35811
60000,6,53789.0,2003,200.3,6211,53789
80000,6,71818.0,2072,207.2,8182,71818
100000,6,89845.0,2103,210.3,10155,89845
200000,6,179968.0,2172,217.2,20032,179968
400000,6,359947.0,2225,222.5,40053,359947
600000,6,539840.0,2227,222.7,60160,539840
800000,6,719821.0,2282,228.2,80179,719821
1000000,6,899831.0,2319,231.9,100169,899831
2,7,2.0,1,0.1,0,2
3,7,2.0,2,0.2,1,2
100,7,80.0,67,6.7,20,80
200,7,163.0,129,12.9,37,163
2000,7,1676.0,931,93.1,324,1676
10000,7,8801.0,1547,154.7,1199,8801
20000,7,17800.0,1697,169.7,2200,17800
40000,7,35868.0,1751,175.1,4132,35868
60000,7,53873.0,1788,178.8,6127,53873
80000,7,71877.0,1814,181.4,8123,71877
100000,7,89898.0,1815,181.5,10102,89898
200000,7,179712.0,1863,186.3,20288,179712
400000,7,359627.0,1880,188.0,40373,359627
600000,7,539316.0,1894,189.4,60684,539316
800000,7,719398.0,1900,190.0,80602,719398
1000000,7,899154.0,1900,190.0,100846,899154
2,8,2.0,1,0.1,0,2
3,8,3.0,2,0.2,0,3
100,8,85.0,66,6.6,15,85
200,8,170.0,128,12.8,30,170
2000,8,1712.0,789,78.9,288,1712
10000,8,8847.0,1351,135.1,1153,8847
20000,8,17863.0,1479,147.9,2137,17863
40000,8,35896.0,1647,164.7,4104,35896
60000,8,53854.0,1694,169.4,6146,53854
80000,8,71917.0,1696,169.6,8083,71917
100000,8,89911.0,1777,177.7,10089,89911
200000,8,179841.0,1808,180.8,20159,179841
400000,8,359829.0,1912,191.2,40171,359829
600000,8,539858.0,1921,192.1,60142,539858
800000,8,719589.0,1932,193.2,80411,719589
1000000,8,899770.0,1932,193.2,100230,899770
2,9,2.0,1,0.1,0,2
3,9,3.0,2,0.2,0,3
100,9,92.0,68,6.8,8,92
200,9,172.0,131,13.1,28,172
2000,9,1703.0,891,89.1,297,1703
10000,9,8812.0,1528,152.8,1188,8812
20000,9,17817.0,1674,167.4,2183,17817
40000,9,35892.0,1748,174.8,4108,35892
60000,9,53848.0,1858,185.8,6152,53848
80000,9,71796.0,1882,188.2,8204,71796
100000,9,89829.0,1882,188.2,10171,89829
200000,9,179664.0,2145,214.5,20336,179664
400000,9,359605.0,2151,215.1,40395,359605
600000,9,539592.0,2153,215.3,60408,539592
800000,9,719599.0,2161,216.1,80401,719599
1000000,9,899583.0,2161,216.1,100417,899583
2,10,2.0,1,0.1,0,2
3,10,3.0,2,0.2,0,3
100,10,80.0,66,6.6,20,80
200,10,169.0,129,12.9,31,169
2000,10,1733.0,891,89.1,267,1733
10000,10,8863.0,1574,157.4,1137,8863
20000,10,17875.0,1791,179.1,2125,17875
40000,10,35824.0,2086,208.6,4176,35824
60000,10,53782.0,2150,215.0,6218,53782
80000,10,71765.0,2175,217.5,8235,71765
100000,10,89766.0,2204,220.4,10234,89766
200000,10,179679.0,2255,225.5,20321,179679
400000,10,359571.0,2292,229.2,40429,359571
600000,10,539595.0,2294,229.4,60405,539595
800000,10,719637.0,2294,229.4,80363,719637
1000000,10,899719.0,2296,229.6,100281,899719
2,11,2.0,1,0.1,0,2
3,11,2.0,2,0.2,1,2
100,11,85.0,66,6.6,15,85
200,11,167.0,128,12.8,33,167
2000,11,1717.0,866,86.6,283,1717
10000,11,8896.0,1414,141.4,1104,8896
20000,11,17880.0,1534,153.4,2120,17880
40000,11,35865.0,1756,175.6,4135,35865
60000,11,53861.0,1784,178.4,6139,53861
80000,11,71828.0,1798,179.8,8172,71828
100000,11,89838.0,1802,180.2,10162,89838
200000,11,180018.0,1828,182.8,19982,180018
400000,11,360273.0,1982,198.2,39727,360273
600000,11,540375.0,2021,202.1,59625,540375
800000,11,720361.0,2122,212.2,79639,720361
1000000,11,900365.0,2134,213.4,99635,900365
2,12,1.0,1,0.1,1,1
3,12,1.0,2,0.2,2,1
100,12,89.0,67,6.7,11,89
200,12,163.0,126,12.6,37,163
2000,12,1700.0,822,82.2,300,1700
10000,12,8841.0,1360,136.0,1159,8841
20000,12,17871.0,1454,145.4,2129,17871
40000,12,35924.0,1509,150.9,4076,35924
60000,12,53944.0,1567,156.7,6056,53944
80000,12,71938.0,1601,160.1,8062,71938
100000,12,89892.0,1614,161.4,10108,89892
200000,12,179712.0,1712,171.2,20288,179712
400000,12,359900.0,1759,175.9,40100,359900
600000,12,540122.0,1762,176.2,59878,540122
800000,12,720463.0,1762,176.2,79537,720463
1000000,12,900541.0,1762,176.2,99459,900541
2,13,2.0,1,0.1,0,2
3,13,3.0,2,0.2,0,3
100,13,87.0,66,6.6,13,87
200,13,173.0,130,13.0,27,173
2000,13,1740.0,857,85.7,260,1740
10000,13,8878.0,1576,157.6,1122,8878
20000,13,17773.0,1824,182.4,2227,17773
40000,13,35755.0,1904,190.4,4245,35755
60000,13,53823.0,1918,191.8,6177,53823
80000,13,71814.0,1928,192.8,8186,71814
100000,13,89797.0,1942,194.2,10203,89797
200000,13,179732.0,1985,198.5,20268,179732
400000,13,359767.0,2019,201.9,40233,359767
600000,13,539702.0,2024,202.4,60298,539702
800000,13,719745.0,2034,203.4,80255,719745
1000000,13,899784.0,2038,203.8,100216,899784
2,14,2.0,1,0.1,0,2
3,14,3.0,2,0.2,0,3
100,14,86.0,66,6.6,14,86
200,14,175.0,132,13.2,25,175
2000,14,1739.0,872,87.2,261,1739
10000,14,8893.0,1668,166.8,1107,8893
20000,14,17858.0,1918,191.8,2142,17858
40000,14,35814.0,2050,205.0,4186,35814
60000,14,53809.0,2130,213.0,6191,53809
80000,14,71779.0,2168,216.8,8221,71779
100000,14,89830.0,2168,216.8,10170,89830
200000,14,179761.0,2228,222.8,20239,179761
400000,14,359704.0,2259,225.9,40296,359704
600000,14,539481.0,2314,231.4,60519,539481
800000,14,719524.0,2314,231.4,80476,719524
1000000,14,899521.0,2314,231.4,100479,899521
2,15,1.0,1,0.1,1,1
3,15,1.0,2,0.2,2,1
100,15,76.0,63,6.3,24,76
200,15,161.0,126,12.6,39,161
2000,15,1712.0,741,74.1,288,1712
10000,15,8855.0,1367,136.7,1145,8855
20000,15,17836.0,1598,159.8,2164,17836
40000,15,35831.0,1683,168.3,4169,35831
60000,15,53898.0,1696,169.6,6102,53898
80000,15,71917.0,1716,171.6,8083,71917
100000,15,89896.0,1743,174.3,10104,89896
200000,15,179939.0,1919,191.9,20061,179939
400000,15,360102.0,1975,197.5,39898,360102
600000,15,539992.0,1996,199.6,60008,539992
800000,15,720075.0,1996,199.6,79925,720075
1000000,15,900318.0,1996,199.6,99682,900318
2,16,0.0,1,0.1,2,0
3,16,1.0,2,0.2,2,1
100,16,81.0,66,6.6,19,81
200,16,168.0,128,12.8,32,168
2000,16,1727.0,928,92.8,273,1727
10000,16,8858.0,1740,174.0,1142,8858
20000,16,17836.0,1946,194.6,2164,17836
40000,16,35821.0,2081,208.1,4179,35821
60000,16,53827.0,2184,218.4,6173,53827
80000,16,71889.0,2185,218.5,8111,71889
100000,16,89847.0,2235,223.5,10153,89847
200000,16,179950.0,2290,229.0,20050,179950
400000,16,359921.0,2320,232.0,40079,359921
600000,16,539801.0,2325,232.5,60199,539801
800000,16,719742.0,2330,233.0,80258,719742
1000000,16,899630.0,2357,235.7,100370,899630
2,17,2.0,1,0.1,0,2
3,17,3.0,2,0.2,0,3
100,17,85.0,66,6.6,15,85
200,17,165.0,128,12.8,35,165
2000,17,1733.0,871,87.1,267,1733
10000,17,8840.0,1697,169.7,1160,8840
20000,17,17808.0,1933,193.3,2192,17808
40000,17,35818.0,2178,217.8,4182,35818
60000,17,53780.0,2219,221.9,6220,53780
80000,17,71690.0,2257,225.7,8310,71690
100000,17,89695.0,2268,226.8,10305,89695
200000,17,179683.0,2316,231.6,20317,179683
400000,17,359563.0,2357,235.7,40437,359563
600000,17,539698.0,2360,236.0,60302,539698
800000,17,719739.0,2362,236.2,80261,719739
1000000,17,899998.0,2362,236.2,100002,899998
2,18,2.0,1,0.1,0,2
3,18,3.0,2,0.2,0,3
100,18,83.0,66,6.6,17,83
200,18,172.0,130,13.0,28,172
2000,18,1695.0,891,89.1,305,1695
10000,18,8844.0,1512,151.2,1156,8844
20000,18,17818.0,1769,176.9,2182,17818
40000,18,35839.0,1884,188.4,4161,35839
60000,18,53911.0,1924,192.4,6089,53911
80000,18,71843.0,1974,197.4,8157,71843
100000,18,89764.0,2025,202.5,10236,89764
200000,18,179764.0,2044,204.4,20236,179764
400000,18,359659.0,2087,208.7,40341,359659
600000,18,539699.0,2129,212.9,60301,539699
800000,18,719800.0,2130,213.0,80200,719800
1000000,18,899750.0,2143,214.3,100250,899750
2,19,2.0,1,0.1,0,2
3,19,3.0,2,0.2,0,3
100,19,92.0,67,6.7,8,92
200,19,175.0,131,13.1,25,175
2000,19,1719.0,866,86.6,281,1719
10000,19,8890.0,1424,142.4,1110,8890
20000,19,17905.0,1552,155.2,2095,17905
40000,19,35869.0,1710,171.0,4131,35869
60000,19,53857.0,1734,173.4,6143,53857
80000,19,71880.0,1764,176.4,8120,71880
100000,19,89870.0,1804,180.4,10130,89870
200000,19,179843.0,1821,182.1,20157,179843
400000,19,359934.0,1834,183.4,40066,359934
600000,19,539793.0,1840,184.0,60207,539793
800000,19,719747.0,1841,184.1,80253,719747
1000000,19,899707.0,1842,184.2,100293,899707
2,20,2.0,1,0.1,0,2
3,20,3.0,2,0.2,0,3
100,20,88.0,70,7.0,12,88
200,20,169.0,128,12.8,31,169
2000,20,1698.0,760,76.0,302,1698
10000,20,8816.0,1301,130.1,1184,8816
20000,20,17800.0,1397,139.7,2200,17800
40000,20,35828.0,1442,144.2,4172,35828
60000,20,53890.0,1556,155.6,6110,53890
80000,20,71968.0,1556,155.6,8032,71968
100000,20,89898.0,1587,158.7,10102,89898
200000,20,179935.0,1665,166.5,20065,179935
400000,20,359838.0,1690,169.0,40162,359838
600000,20,539788.0,1707,170.7,60212,539788
800000,20,719960.0,1707,170.7,80040,719960
1000000,20,900038.0,1707,170.7,99962,900038
2,21,2.0,1,0.1,0,2
3,21,3.0,2,0.2,0,3
100,21,84.0,66,6.6,16,84
200,21,172.0,129,12.9,28,172
2000,21,1698.0,954,95.4,302,1698
10000,21,8884.0,1428,142.8,1116,8884
20000,21,17918.0,1547,154.7,2082,17918
40000,21,35911.0,1691,169.1,4089,35911
60000,21,53896.0,1755,175.5,6104,53896
80000,21,71973.0,1761,176.1,8027,71973
100000,21,89952.0,1785,178.5,10048,89952
200000,21,179895.0,1951,195.1,20105,179895
400000,21,359836.0,1978,197.8,40164,359836
600000,21,540038.0,2038,203.8,59962,540038
800000,21,720289.0,2046,204.6,79711,720289
1000000,21,900317.0,2047,204.7,99683,900317
2,22,2.0,1,0.1,0,2
3,22,3.0,2,0.2,0,3
100,22,79.0,64,6.4,21,79
200,22,166.0,125,12.5,34,166
2000,22,1707.0,894,89.4,293,1707
10000,22,8810.0,1755,175.5,1190,8810
20000,22,17768.0,1898,189.8,2232,17768
40000,22,35729.0,1960,196.0,4271,35729
60000,22,53742.0,2108,210.8,6258,53742
80000,22,71724.0,2135,213.5,8276,71724
100000,22,89812.0,2135,213.5,10188,89812
200000,22,179874.0,2188,218.8,20126,179874
400000,22,359910.0,2242,224.2,40090,359910
600000,22,539967.0,2250,225.0,60033,539967
800000,22,720144.0,2250,225.0,79856,720144
1000000,22,900080.0,2281,228.1,99920,900080
2,23,2.0,1,0.1,0,2
3,23,2.0,2,0.2,1,2
100,23,90.0,66,6.6,10,90
200,23,172.0,130,13.0,28,172
2000,23,1708.0,752,75.2,292,1708
10000,23,8859.0,1400,140.0,1141,8859
20000,23,17875.0,1591,159.1,2125,17875
40000,23,35883.0,1663,166.3,4117,35883
60000,23,53945.0,1733,173.3,6055,53945
80000,23,71933.0,1742,174.2,8067,71933
100000,23,90007.0,1745,174.5,9993,90007
200000,23,180011.0,1840,184.0,19989,180011
400000,23,359921.0,1872,187.2,40079,359921
600000,23,539988.0,1913,191.3,60012,539988
800000,23,720220.0,1915,191.5,79780,720220
1000000,23,900214.0,1915,191.5,99786,900214
2,24,1.0,1,0.1,1,1
3,24,1.0,2,0.2,2,1
100,24,76.0,65,6.5,24,76
200,24,159.0,129,12.9,41,159
2000,24,1698.0,870,87.0,302,1698
10000,24,8810.0,1684,168.4,1190,8810
20000,24,17787.0,1897,189.7,2213,17787
40000,24,35756.0,2081,208.1,4244,35756
60000,24,53743.0,2110,211.0,6257,53743
80000,24,71695.0,2186,218.6,8305,71695
100000,24,89643.0,2239,223.9,10357,89643
200000,24,179701.0,2290,229.0,20299,179701
400000,24,359635.0,2333,233.3,40365,359635
600000,24,539671.0,2349,234.9,60329,539671
800000,24,719755.0,2358,235.8,80245,719755
1000000,24,899847.0,2368,236.8,100153,899847
2,25,2.0,1,0.1,0,2
3,25,3.0,2,0.2,0,3
100,25,91.0,69,6.9,9,91
200,25,176.0,131,13.1,24,176
2000,25,1701.0,878,87.8,299,1701
10000,25,8744.0,1883,188.3,1256,8744
20000,25,17786.0,1977,197.7,2214,17786
40000,25,35788.0,2160,216.0,4212,35788
60000,25,53754.0,2228,222.8,6246,53754
80000,25,71780.0,2260,226.0,8220,71780
100000,25,89785.0,2264,226.4,10215,89785
200000,25,179860.0,2298,229.8,20140,179860
400000,25,359547.0,2329,232.9,40453,359547
600000,25,539700.0,2329,232.9,60300,539700
800000,25,719610.0,2339,233.9,80390,719610
1000000,25,899604.0,2382,238.2,100396,899604
2,26,1.0,1,0.1,1,1
3,26,2.0,2,0.2,1,2
100,26,78.0,65,6.5,22,78
200,26,165.0,126,12.6,35,165
2000,26,1681.0,899,89.9,319,1681
10000,26,8837.0,1642,164.2,1163,8837
20000,26,17792.0,1828,182.8,2208,17792
40000,26,35827.0,2052,205.2,4173,35827
60000,26,53758.0,2114,211.4,6242,53758
80000,26,71735.0,2145,214.5,8265,71735
100000,26,89764.0,2157,215.7,10236,89764
200000,26,179726.0,2217,221.7,20274,179726
400000,26,359754.0,2251,225.1,40246,359754
600000,26,539693.0,2273,227.3,60307,539693
800000,26,719669.0,2276,227.6,80331,719669
1000000,26,899639.0,2277,227.7,100361,899639
2,27,2.0,1,0.1,0,2
3,27,3.0,2,0.2,0,3
100,27,83.0,66,6.6,17,83
200,27,166.0,129,12.9,34,166
2000,27,1700.0,875,87.5,300,1700
10000,27,8853.0,1384,138.4,1147,8853
20000,27,17812.0,1612,161.2,2188,17812
40000,27,35754.0,1684,168.4,4246,35754
60000,27,53761.0,1706,170.6,6239,53761
80000,27,71755.0,1733,173.3,8245,71755
100000,27,89814.0,1740,174.0,10186,89814
200000,27,179757.0,1747,174.7,20243,179757
400000,27,359904.0,1755,175.5,40096,359904
600000,27,539940.0,1761,176.1,60060,539940
800000,27,719875.0,1771,177.1,80125,719875
1000000,27,899866.0,1771,177.1,100134,899866
2,28,2.0,1,0.1,0,2
3,28,2.0,2,0.2,1,2
100,28,84.0,66,6.6,16,84
200,28,169.0,128,12.8,31,169
2000,28,1743.0,824,82.4,257,1743
10000,28,8894.0,1664,166.4,1106,8894
20000,28,17878.0,1823,182.3,2122,17878
40000,28,35828.0,1901,190.1,4172,35828
60000,28,53784.0,2079,207.9,6216,53784
80000,28,71733.0,2086,208.6,8267,71733
100000,28,89693.0,2095,209.5,10307,89693
200000,28,179641.0,2115,211.5,20359,179641
400000,28,359650.0,2131,213.1,40350,359650
600000,28,539677.0,2134,213.4,60323,539677
800000,28,719709.0,2136,213.6,80291,719709
1000000,28,899667.0,2137,213.7,100333,899667
2,29,2.0,1,0.1,0,2
3,29,3.0,2,0.2,0,3
100,29,84.0,66,6.6,16,84
200,29,173.0,131,13.1,27,173
2000,29,1728.0,840,84.0,272,1728
10000,29,8952.0,1444,144.4,1048,8952
20000,29,17915.0,1621,162.1,2085,17915
40000,29,35888.0,1777,177.7,4112,35888
60000,29,53854.0,1965,196.5,6146,53854
80000,29,71826.0,2008,200.8,8174,71826
100000,29,89788.0,2072,207.2,10212,89788
200000,29,179618.0,2161,216.1,20382,179618
400000,29,359455.0,2190,219.0,40545,359455
600000,29,539372.0,2198,219.8,60628,539372
800000,29,719496.0,2198,219.8,80504,719496
1000000,29,899363.0,2225,222.5,100637,899363
2,30,2.0,1,0.1,0,2
3,30,2.0,2,0.2,1,2
100,30,84.0,66,6.6,16,84
200,30,169.0,127,12.7,31,169
2000,30,1718.0,916,91.6,282,1718
10000,30,8898.0,1613,161.3,1102,8898
20000,30,17838.0,1842,184.2,2162,17838
40000,30,35805.0,1945,194.5,4195,35805
60000,30,53843.0,2025,202.5,6157,53843
80000,30,71766.0,2074,207.4,8234,71766
100000,30,89808.0,2082,208.2,10192,89808
200000,30,179826.0,2117,211.7,20174,179826
400000,30,359830.0,2168,216.8,40170,359830
600000,30,539768.0,2179,217.9,60232,539768
800000,30,719943.0,2179,217.9,80057,719943
1000000,30,899645.0,2199,219.9,100355,899645
2,31,2.0,1,0.1,0,2
3,31,3.0,2,0.2,0,3
100,31,93.0,70,7.0,7,93
200,31,172.0,130,13.0,28,172
2000,31,1695.0,805,80.5,305,1695
10000,31,8854.0,1178,117.8,1146,8854
20000,31,17826.0,1278,127.8,2174,17826
40000,31,35815.0,1329,132.9,4185,35815
60000,31,53881.0,1345,134.5,6119,53881
80000,31,71871.0,1390,139.0,8129,71871
100000,31,89824.0,1408,140.8,10176,89824
200000,31,179669.0,1429,142.9,20331,179669
400000,31,359382.0,1467,146.7,40618,359382
600000,31,539451.0,1475,147.5,60549,539451
800000,31,719478.0,1475,147.5,80522,719478
1000000,31,899415.0,1477,147.7,100585,899415
2,32,2.0,1,0.1,0,2
3,32,3.0,2,0.2,0,3
100,32,77.0,63,6.3,23,77
200,32,158.0,121,12.1,42,158
2000,32,1717.0,804,80.4,283,1717
10000,32,8885.0,1294,129.4,1115,8885
20000,32,17855.0,1414,141.4,2145,17855
40000,32,35818.0,1714,171.4,4182,35818
60000,32,53850.0,1722,172.2,6150,53850
80000,32,71728.0,1828,182.8,8272,71728
100000,32,89746.0,1840,184.0,10254,89746
200000,32,179636.0,1985,198.5,20364,179636
400000,32,359681.0,2007,200.7,40319,359681
600000,32,539619.0,2017,201.7,60381,539619
800000,32,719649.0,2022,202.2,80351,719649
1000000,32,899839.0,2022,202.2,100161,899839
2,33,2.0,1,0.1,0,2
3,33,3.0,2,0.2,0,3
100,33,88.0,67,6.7,12,88
200,33,167.0,131,13.1,33,167
2000,33,1700.0,857,85.7,300,1700
10000,33,8854.0,1705,170.5,1146,8854
20000,33,17837.0,1896,189.6,2163,17837
40000,33,35822.0,2026,202.6,4178,35822
60000,33,53823.0,2089,208.9,6177,53823
80000,33,71872.0,2213,221.3,8128,71872
100000,33,89912.0,2218,221.8,10088,89912
200000,33,179809.0,2294,229.4,20191,179809
400000,33,359741.0,2376,237.6,40259,359741
600000,33,539639.0,2395,239.5,60361,539639
800000,33,719769.0,2395,239.5,80231,719769
1000000,33,899875.0,2416,241.6,100125,899875
2,34,2.0,1,0.1,0,2
3,34,3.0,2,0.2,0,3
100,34,85.0,66,6.6,15,85
200,34,169.0,132,13.2,31,169
2000,34,1700.0,756,75.6,300,1700
10000,34,8855.0,1259,125.9,1145,8855
20000,34,17886.0,1356,135.6,2114,17886
40000,34,35907.0,1432,143.2,4093,35907
60000,34,53891.0,1460,146.0,6109,53891
80000,34,71901.0,1470,147.0,8099,71901
100000,34,89876.0,1473,147.3,10124,89876
200000,34,179835.0,1500,150.0,20165,179835
400000,34,359798.0,1586,158.6,40202,359798
600000,34,539826.0,1611,161.1,60174,539826
800000,34,719722.0,1612,161.2,80278,719722
1000000,34,899935.0,1612,161.2,100065,899935
2,35,1.0,1,0.1,1,1
3,35,2.0,2,0.2,1,2
100,35,81.0,68,6.8,19,81
200,35,164.0,125,12.5,36,164
2000,35,1723.0,845,84.5,277,1723
10000,35,8866.0,1501,150.1,1134,8866
20000,35,17857.0,1752,175.2,2143,17857
40000,35,35834.0,1913,191.3,4166,35834
60000,35,53772.0,2078,207.8,6228,53772
80000,35,71776.0,2097,209.7,8224,71776
100000,35,89750.0,2111,211.1,10250,89750
200000,35,179709.0,2132,213.2,20291,179709
400000,35,359869.0,2138,213.8,40131,359869
600000,35,539800.0,2152,215.2,60200,539800
800000,35,719325.0,2179,217.9,80675,719325
1000000,35,899161.0,2179,217.9,100839,899161
2,36,1.0,1,0.1,1,1
3,36,2.0,2,0.2,1,2
100,36,86.0,66,6.6,14,86
200,36,169.0,128,12.8,31,169
2000,36,1725.0,810,81.0,275,1725
10000,36,8841.0,1471,147.1,1159,8841
20000,36,17786.0,1760,176.0,2214,17786
40000,36,35754.0,1944,194.4,4246,35754
60000,36,53759.0,1980,198.0,6241,53759
80000,36,71723.0,2005,200.5,8277,71723
100000,36,89754.0,2018,201.8,10246,89754
200000,36,179818.0,2043,204.3,20182,179818
400000,36,359843.0,2059,205.9,40157,359843
600000,36,539887.0,2065,206.5,60113,539887
800000,36,720232.0,2065,206.5,79768,720232
1000000,36,900390.0,2077,207.7,99610,900390
2,37,1.0,1,0.1,1,1
3,37,2.0,2,0.2,1,2
100,37,83.0,66,6.6,17,83
200,37,169.0,130,13.0,31,169
2000,37,1730.0,845,84.5,270,1730
10000,37,8853.0,1853,185.3,1147,8853
20000,37,17820.0,2127,212.7,2180,17820
40000,37,35808.0,2285,228.5,4192,35808
60000,37,53738.0,2391,239.1,6262,53738
80000,37,71760.0,2433,243.3,8240,71760
100000,37,89758.0,2441,244.1,10242,89758
200000,37,179849.0,2451,245.1,20151,179849
400000,37,359925.0,2497,249.7,40075,359925
600000,37,539765.0,2525,252.5,60235,539765
800000,37,719787.0,2525,252.5,80213,719787
1000000,37,899675.0,2529,252.9,100325,899675
2,38,2.0,1,0.1,0,2
3,38,3.0,2,0.2,0,3
100,38,79.0,67,6.7,21,79
200,38,163.0,133,13.3,37,163
2000,38,1710.0,870,87.0,290,1710
10000,38,8905.0,1389,138.9,1095,8905
20000,38,17878.0,1580,158.0,2122,17878
40000,38,35939.0,1657,165.7,4061,35939
60000,38,53944.0,1701,170.1,6056,53944
80000,38,71971.0,1752,175.2,8029,71971
100000,38,89966.0,1762,176.2,10034,89966
200000,38,180102.0,1805,180.5,19898,180102
400000,38,360164.0,1839,183.9,39836,360164
600000,38,540046.0,1855,185.5,59954,540046
800000,38,720133.0,1855,185.5,79867,720133
1000000,38,900306.0,1855,185.5,99694,900306
2,39,1.0,1,0.1,1,1
3,39,2.0,2,0.2,1,2
100,39,87.0,67,6.7,13,87
200,39,166.0,133,13.3,34,166
2000,39,1718.0,885,88.5,282,1718
10000,39,8874.0,1541,154.1,1126,8874
20000,39,17874.0,1755,175.5,2126,17874
40000,39,35795.0,1999,199.9,4205,35795
60000,39,53812.0,2047,204.7,6188,53812
80000,39,71830.0,2073,207.3,8170,71830
100000,39,89863.0,2077,207.7,10137,89863
200000,39,179980.0,2178,217.8,20020,179980
400000,39,359834.0,2240,224.0,40166,359834
600000,39,539947.0,2240,224.0,60053,539947
800000,39,719930.0,2281,228.1,80070,719930
1000000,39,899823.0,2286,228.6,100177,899823
2,40,2.0,1,0.1,0,2
3,40,3.0,2,0.2,0,3
100,40,84.0,66,6.6,16,84
200,40,171.0,135,13.5,29,171
2000,40,1695.0,1057,105.7,305,1695
10000,40,8874.0,1791,179.1,1126,8874
20000,40,17890.0,2069,206.9,2110,17890
40000,40,35755.0,2369,236.9,4245,35755
60000,40,53750.0,2427,242.7,6250,53750
80000,40,71827.0,2455,245.5,8173,71827
100000,40,89733.0,2483,248.3,10267,89733
200000,40,179719.0,2649,264.9,20281,179719
400000,40,359536.0,2725,272.5,40464,359536
600000,40,539476.0,2727,272.7,60524,539476
800000,40,719531.0,2727,272.7,80469,719531
1000000,40,899751.0,2727,272.7,100249,899751
2,41,2.0,1,0.1,0,2
3,41,3.0,2,0.2,0,3
100,41,82.0,65,6.5,18,82
200,41,167.0,127,12.7,33,167
2000,41,1698.0,742,74.2,302,1698
10000,41,8889.0,1146,114.6,1111,8889
20000,41,17874.0,1304,130.4,2126,17874
40000,41,35848.0,1367,136.7,4152,35848
60000,41,53874.0,1401,140.1,6126,53874
80000,41,71873.0,1412,141.2,8127,71873
100000,41,89865.0,1440,144.0,10135,89865
200000,41,180023.0,1571,157.1,19977,180023
400000,41,359988.0,1588,158.8,40012,359988
600000,41,540005.0,1614,161.4,59995,540005
800000,41,719964.0,1616,161.6,80036,719964
1000000,41,899910.0,1621,162.1,100090,899910
2,42,1.0,1,0.1,1,1
3,42,2.0,2,0.2,1,2
100,42,91.0,67,6.7,9,91
200,42,180.0,132,13.2,20,180
2000,42,1718.0,911,91.1,282,1718
10000,42,8889.0,1724,172.4,1111,8889
20000,42,17857.0,1888,188.8,2143,17857
40000,42,35903.0,2166,216.6,4097,35903
60000,42,53871.0,2323,232.3,6129,53871
80000,42,71930.0,2352,235.2,8070,71930
100000,42,89894.0,2361,236.1,10106,89894
200000,42,179905.0,2430,243.0,20095,179905
400000,42,359895.0,2485,248.5,40105,359895
600000,42,539834.0,2487,248.7,60166,539834
800000,42,719668.0,2502,250.2,80332,719668
1000000,42,899701.0,2505,250.5,100299,899701
2,43,2.0,1,0.1,0,2
3,43,3.0,2,0.2,0,3
100,43,87.0,66,6.6,13,87
200,43,172.0,129,12.9,28,172
2000,43,1740.0,835,83.5,260,1740
10000,43,8854.0,1702,170.2,1146,8854
20000,43,17817.0,1873,187.3,2183,17817
40000,43,35842.0,2036,203.6,4158,35842
60000,43,53716.0,2125,212.5,6284,53716
80000,43,71673.0,2135,213.5,8327,71673
100000,43,89660.0,2137,213.7,10340,89660
200000,43,179525.0,2206,220.6,20475,179525
400000,43,359356.0,2301,230.1,40644,359356
600000,43,539092.0,2324,232.4,60908,539092
800000,43,719164.0,2348,234.8,80836,719164
1000000,43,899065.0,2348,234.8,100935,899065
2,44,2.0,1,0.1,0,2
3,44,3.0,2,0.2,0,3
100,44,87.0,66,6.6,13,87
200,44,174.0,130,13.0,26,174
2000,44,1716.0,888,88.8,284,1716
10000,44,8860.0,1729,172.9,1140,8860
20000,44,17856.0,1938,193.8,2144,17856
40000,44,35824.0,2056,205.6,4176,35824
60000,44,53894.0,2081,208.1,6106,53894
80000,44,71925.0,2099,209.9,8075,71925
100000,44,89859.0,2106,210.6,10141,89859
200000,44,179890.0,2143,214.3,20110,179890
400000,44,359974.0,2194,219.4,40026,359974
600000,44,539682.0,2230,223.0,60318,539682
800000,44,719640.0,2238,223.8,80360,719640
1000000,44,899343.0,2253,225.3,100657,899343
2,45,2.0,1,0.1,0,2
3,45,3.0,2,0.2,0,3
100,45,82.0,65,6.5,18,82
200,45,172.0,128,12.8,28,172
2000,45,1724.0,853,85.3,276,1724
10000,45,8849.0,1513,151.3,1151,8849
20000,45,17822.0,1781,178.1,2178,17822
40000,45,35859.0,1885,188.5,4141,35859
60000,45,53823.0,1945,194.5,6177,53823
80000,45,71880.0,1950,195.0,8120,71880
100000,45,89892.0,1955,195.5,10108,89892
200000,45,179996.0,1988,198.8,20004,179996
400000,45,360048.0,2028,202.8,39952,360048
600000,45,539807.0,2047,204.7,60193,539807
800000,45,719822.0,2047,204.7,80178,719822
1000000,45,899826.0,2048,204.8,100174,899826
2,46,2.0,1,0.1,0,2
3,46,3.0,2,0.2,0,3
100,46,87.0,66,6.6,13,87
200,46,167.0,130,13.0,33,167
2000,46,1702.0,991,99.1,298,1702
10000,46,8810.0,1785,178.5,1190,8810
20000,46,17817.0,1859,185.9,2183,17817
40000,46,35801.0,1966,196.6,4199,35801
60000,46,53854.0,1995,199.5,6146,53854
80000,46,71846.0,2043,204.3,8154,71846
100000,46,89858.0,2056,205.6,10142,89858
200000,46,179959.0,2143,214.3,20041,179959
400000,46,359718.0,2199,219.9,40282,359718
600000,46,540239.0,2199,219.9,59761,540239
800000,46,720243.0,2199,219.9,79757,720243
1000000,46,900477.0,2223,222.3,99523,900477
2,47,2.0,1,0.1,0,2
3,47,3.0,2,0.2,0,3
100,47,82.0,65,6.5,18,82
200,47,166.0,128,12.8,34,166
2000,47,1745.0,895,89.5,255,1745
10000,47,8860.0,1634,163.4,1140,8860
20000,47,17789.0,1913,191.3,2211,17789
40000,47,35751.0,2086,208.6,4249,35751
60000,47,53677.0,2114,211.4,6323,53677
80000,47,71587.0,2151,215.1,8413,71587
100000,47,89546.0,2202,220.2,10454,89546
200000,47,179579.0,2211,221.1,20421,179579
400000,47,359584.0,2230,223.0,40416,359584
600000,47,539335.0,2279,227.9,60665,539335
800000,47,719307.0,2331,233.1,80693,719307
1000000,47,899479.0,2331,233.1,100521,899479
2,48,2.0,1,0.1,0,2
3,48,3.0,2,0.2,0,3
100,48,85.0,66,6.6,15,85
200,48,171.0,129,12.9,29,171
2000,48,1720.0,861,86.1,280,1720
10000,48,8874.0,1579,157.9,1126,8874
20000,48,17911.0,1778,177.8,2089,17911
40000,48,35873.0,1943,194.3,4127,35873
60000,48,53899.0,1958,195.8,6101,53899
80000,48,71896.0,1973,197.3,8104,71896
100000,48,89892.0,1990,199.0,10108,89892
200000,48,179944.0,2046,204.6,20056,179944
400000,48,359690.0,2125,212.5,40310,359690
600000,48,539855.0,2125,212.5,60145,539855
800000,48,719811.0,2135,213.5,80189,719811
1000000,48,900044.0,2135,213.5,99956,900044
2,49,1.0,1,0.1,1,1
3,49,1.0,2,0.2,2,1
100,49,87.0,66,6.6,13,87
200,49,172.0,133,13.3,28,172
2000,49,1711.0,879,87.9,289,1711
10000,49,8840.0,1580,158.0,1160,8840
20000,49,17813.0,1684,168.4,2187,17813
40000,49,35730.0,1867,186.7,4270,35730
60000,49,53724.0,1881,188.1,6276,53724
80000,49,71673.0,1904,190.4,8327,71673
100000,49,89717.0,1904,190.4,10283,89717
200000,49,179535.0,1943,194.3,20465,179535
400000,49,359554.0,1974,197.4,40446,359554
600000,49,539516.0,1974,197.4,60484,539516
800000,49,719510.0,1986,198.6,80490,719510
1000000,49,899569.0,1986,198.6,100431,899569
2,50,2.0,1,0.1,0,2
3,50,2.0,2,0.2,1,2
100,50,85.0,66,6.6,15,85
200,50,166.0,128,12.8,34,166
2000,50,1715.0,867,86.7,285,1715
10000,50,8853.0,1571,157.1,1147,8853
20000,50,17872.0,1738,173.8,2128,17872
40000,50,35864.0,1927,192.7,4136,35864
60000,50,53846.0,2000,200.0,6154,53846
80000,50,71846.0,2008,200.8,8154,71846
100000,50,89929.0,2009,200.9,10071,89929
200000,50,179866.0,2079,207.9,20134,179866
400000,50,359872.0,2127,212.7,40128,359872
600000,50,539785.0,2133,213.3,60215,539785
800000,50,719785.0,2145,214.5,80215,719785
1000000,50,899876.0,2145,214.5,100124,899876
2,51,2.0,1,0.1,0,2
3,51,2.0,2,0.2,1,2
100,51,80.0,66,6.6,20,80
200,51,168.0,129,12.9,32,168
2000,51,1712.0,864,86.4,288,1712
10000,51,8847.0,1479,147.9,1153,8847
20000,51,17813.0,1760,176.0,2187,17813
40000,51,35786.0,1820,182.0,4214,35786
60000,51,53723.0,1868,186.8,6277,53723
80000,51,71723.0,1888,188.8,8277,71723
100000,51,89748.0,1892,189.2,10252,89748
200000,51,179736.0,1930,193.0,20264,179736
400000,51,359827.0,1938,193.8,40173,359827
600000,51,539920.0,1946,194.6,60080,539920
800000,51,719750.0,1956,195.6,80250,719750
1000000,51,899814.0,1959,195.9,100186,899814
2,52,2.0,1,0.1,0,2
3,52,3.0,2,0.2,0,3
100,52,85.0,66,6.6,15,85
200,52,167.0,127,12.7,33,167
2000,52,1702.0,913,91.3,298,1702
10000,52,8803.0,1746,174.6,1197,8803
20000,52,17819.0,1885,188.5,2181,17819
40000,52,35756.0,2054,205.4,4244,35756
60000,52,53731.0,2084,208.4,6269,53731
80000,52,71801.0,2084,208.4,8199,71801
100000,52,89763.0,2121,212.1,10237,89763
200000,52,179765.0,2182,218.2,20235,179765
400000,52,359737.0,2221,222.1,40263,359737
600000,52,539752.0,2239,223.9,60248,539752
800000,52,719609.0,2243,224.3,80391,719609
1000000,52,899559.0,2247,224.7,100441,899559
2,53,2.0,1,0.1,0,2
3,53,2.0,2,0.2,1,2
100,53,81.0,65,6.5,19,81
200,53,161.0,124,12.4,39,161
2000,53,1734.0,745,74.5,266,1734
10000,53,8924.0,1323,132.3,1076,8924
20000,53,17952.0,1509,150.9,2048,17952
40000,53,35880.0,1706,170.6,4120,35880
60000,53,53835.0,1760,176.0,6165,53835
80000,53,71799.0,1795,179.5,8201,71799
100000,53,89900.0,1795,179.5,10100,89900
200000,53,179946.0,1872,187.2,20054,179946
400000,53,359896.0,1905,190.5,40104,359896
600000,53,540010.0,1910,191.0,59990,540010
800000,53,719892.0,1911,191.1,80108,719892
1000000,53,899918.0,1911,191.1,100082,899918
2,54,1.0,1,0.1,1,1
3,54,2.0,2,0.2,1,2
100,54,79.0,66,6.6,21,79
200,54,165.0,129,12.9,35,165
2000,54,1728.0,944,94.4,272,1728
10000,54,8849.0,1703,170.3,1151,8849
20000,54,17818.0,1928,192.8,2182,17818
40000,54,35831.0,2033,203.3,4169,35831
60000,54,53752.0,2145,214.5,6248,53752
80000,54,71676.0,2161,216.1,8324,71676
100000,54,89700.0,2161,216.1,10300,89700
200000,54,179630.0,2231,223.1,20370,179630
400000,54,359851.0,2276,227.6,40149,359851
600000,54,539837.0,2276,227.6,60163,539837
800000,54,719710.0,2286,228.6,80290,719710
1000000,54,899730.0,2287,228.7,100270,899730
2,55,1.0,1,0.1,1,1
3,55,2.0,2,0.2,1,2
100,55,78.0,64,6.4,22,78
200,55,155.0,122,12.2,45,155
2000,55,1713.0,817,81.7,287,1713
10000,55,8863.0,1411,141.1,1137,8863
20000,55,17828.0,1554,155.4,2172,17828
40000,55,35803.0,1748,174.8,4197,35803
60000,55,53757.0,1775,177.5,6243,53757
80000,55,71625.0,1816,181.6,8375,71625
100000,55,89722.0,1816,181.6,10278,89722
200000,55,179755.0,1820,182.0,20245,179755
400000,55,359736.0,1837,183.7,40264,359736
600000,55,539976.0,1837,183.7,60024,539976
800000,55,720063.0,1850,185.0,79937,720063
1000000,55,899993.0,1859,185.9,100007,899993
2,56,2.0,1,0.1,0,2
3,56,3.0,2,0.2,0,3
100,56,82.0,67,6.7,18,82
200,56,162.0,129,12.9,38,162
2000,56,1696.0,786,78.6,304,1696
10000,56,8806.0,1205,120.5,1194,8806
20000,56,17855.0,1250,125.0,2145,17855
40000,56,35782.0,1415,141.5,4218,35782
60000,56,53802.0,1492,149.2,6198,53802
80000,56,71851.0,1499,149.9,8149,71851
100000,56,89845.0,1506,150.6,10155,89845
200000,56,179943.0,1528,152.8,20057,179943
400000,56,359936.0,1547,154.7,40064,359936
600000,56,539896.0,1568,156.8,60104,539896
800000,56,719766.0,1592,159.2,80234,719766
1000000,56,899713.0,1594,159.4,100287,899713
2,57,2.0,1,0.1,0,2
3,57,3.0,2,0.2,0,3
100,57,89.0,66,6.6,11,89
200,57,172.0,132,13.2,28,172
2000,57,1725.0,972,97.2,275,1725
10000,57,8829.0,1695,169.5,1171,8829
20000,57,17750.0,1913,191.3,2250,17750
40000,57,35785.0,1938,193.8,4215,35785
60000,57,53800.0,2004,200.4,6200,53800
80000,57,71838.0,2009,200.9,8162,71838
100000,57,89863.0,2019,201.9,10137,89863
200000,57,179974.0,2046,204.6,20026,179974
400000,57,359957.0,2141,214.1,40043,359957
600000,57,540232.0,2142,214.2,59768,540232
800000,57,720347.0,2145,214.5,79653,720347
1000000,57,900357.0,2161,216.1,99643,900357
2,58,1.0,1,0.1,1,1
3,58,2.0,2,0.2,1,2
100,58,83.0,67,6.7,17,83
200,58,159.0,130,13.0,41,159
2000,58,1694.0,867,86.7,306,1694
10000,58,8744.0,1598,159.8,1256,8744
20000,58,17773.0,1712,171.2,2227,17773
40000,58,35734.0,1803,180.3,4266,35734
60000,58,53724.0,1832,183.2,6276,53724
80000,58,71841.0,1832,183.2,8159,71841
100000,58,89766.0,1842,184.2,10234,89766
200000,58,179868.0,1890,189.0,20132,179868
400000,58,359933.0,1967,196.7,40067,359933
600000,58,540067.0,1973,197.3,59933,540067
800000,58,719932.0,2032,203.2,80068,719932
1000000,58,899859.0,2033,203.3,100141,899859
2,59,2.0,1,0.1,0,2
3,59,2.0,2,0.2,1,2
100,59,79.0,65,6.5,21,79
200,59,152.0,126,12.6,48,152
2000,59,1701.0,726,72.6,299,1701
10000,59,8853.0,1148,114.8,1147,8853
20000,59,17850.0,1212,121.2,2150,17850
40000,59,35856.0,1271,127.1,4144,35856
60000,59,53843.0,1286,128.6,6157,53843
80000,59,71763.0,1350,135.0,8237,71763
100000,59,89818.0,1350,135.0,10182,89818
200000,59,179855.0,1360,136.0,20145,179855
400000,59,359867.0,1371,137.1,40133,359867
600000,59,540063.0,1371,137.1,59937,540063
800000,59,719871.0,1374,137.4,80129,719871
1000000,59,899951.0,1374,137.4,100049,899951
2,60,2.0,1,0.1,0,2
3,60,3.0,2,0.2,0,3
100,60,85.0,66,6.6,15,85
200,60,172.0,130,13.0,28,172
2000,60,1705.0,864,86.4,295,1705
10000,60,8801.0,1428,142.8,1199,8801
20000,60,17785.0,1521,152.1,2215,17785
40000,60,35764.0,1625,162.5,4236,35764
60000,60,53672.0,1804,180.4,6328,53672
80000,60,71632.0,1809,180.9,8368,71632
100000,60,89737.0,1809,180.9,10263,89737
200000,60,179706.0,1818,181.8,20294,179706
400000,60,359738.0,1831,183.1,40262,359738
600000,60,539870.0,1831,183.1,60130,539870
800000,60,719681.0,1860,186.0,80319,719681
1000000,60,899681.0,1860,186.0,100319,899681
2,61,2.0,1,0.1,0,2
3,61,3.0,2,0.2,0,3
100,61,83.0,66,6.6,17,83
200,61,159.0,126,12.6,41,159
2000,61,1713.0,851,85.1,287,1713
10000,61,8800.0,1588,158.8,1200,8800
20000,61,17764.0,1743,174.3,2236,17764
40000,61,35704.0,1934,193.4,4296,35704
60000,61,53693.0,1938,193.8,6307,53693
80000,61,71715.0,1957,195.7,8285,71715
100000,61,89706.0,1957,195.7,10294,89706
200000,61,179636.0,1977,197.7,20364,179636
400000,61,359990.0,1977,197.7,40010,359990
600000,61,539954.0,1987,198.7,60046,539954
800000,61,720026.0,2000,200.0,79974,720026
1000000,61,899983.0,2000,200.0,100017,899983
2,62,0.0,1,0.1,2,0
3,62,1.0,2,0.2,2,1
100,62,80.0,66,6.6,20,80
200,62,168.0,130,13.0,32,168
2000,62,1729.0,884,88.4,271,1729
10000,62,8828.0,1843,184.3,1172,8828
20000,62,17818.0,2001,200.1,2182,17818
40000,62,35842.0,2025,202.5,4158,35842
60000,62,53822.0,2113,211.3,6178,53822
80000,62,71847.0,2142,214.2,8153,71847
100000,62,89811.0,2198,219.8,10189,89811
200000,62,179907.0,2207,220.7,20093,179907
400000,62,359990.0,2219,221.9,40010,359990
600000,62,539957.0,2253,225.3,60043,539957
800000,62,719688.0,2262,226.2,80312,719688
1000000,62,899723.0,2281,228.1,100277,899723
2,63,2.0,1,0.1,0,2
3,63,3.0,2,0.2,0,3
100,63,86.0,66,6.6,14,86
200,63,169.0,132,13.2,31,169
2000,63,1699.0,847,84.7,301,1699
10000,63,8832.0,1501,150.1,1168,8832
20000,63,17799.0,1809,180.9,2201,17799
40000,63,35734.0,1947,194.7,4266,35734
60000,63,53757.0,1958,195.8,6243,53757
80000,63,71732.0,1991,199.1,8268,71732
100000,63,89675.0,2034,203.4,10325,89675
200000,63,179605.0,2078,207.8,20395,179605
400000,63,359626.0,2099,209.9,40374,359626
600000,63,539581.0,2112,211.2,60419,539581
800000,63,719662.0,2112,211.2,80338,719662
1000000,63,899773.0,2154,215.4,100227,899773
2,64,2.0,1,0.1,0,2
3,64,2.0,2,0.2,1,2
100,64,81.0,65,6.5,19,81
200,64,167.0,127,12.7,33,167
2000,64,1697.0,900,90.0,303,1697
10000,64,8816.0,1503,150.3,1184,8816
20000,64,17807.0,1601,160.1,2193,17807
40000,64,35809.0,1811,181.1,4191,35809
60000,64,53843.0,1823,182.3,6157,53843
80000,64,71789.0,1944,194.4,8211,71789
100000,64,89791.0,1972,197.2,10209,89791
200000,64,179868.0,2061,206.1,20132,179868
400000,64,359932.0,2078,207.8,40068,359932
600000,64,540125.0,2092,209.2,59875,540125
800000,64,719871.0,2096,209.6,80129,719871
1000000,64,899909.0,2108,210.8,100091,899909
2,65,2.0,1,0.1,0,2
3,65,3.0,2,0.2,0,3
100,65,82.0,66,6.6,18,82
200,65,168.0,129,12.9,32,168
2000,65,1711.0,805,80.5,289,1711
10000,65,8810.0,1476,147.6,1190,8810
20000,65,17761.0,1610,161.0,2239,17761
40000,65,35731.0,1673,167.3,4269,35731
60000,65,53708.0,1691,169.1,6292,53708
80000,65,71754.0,1703,170.3,8246,71754
100000,65,89791.0,1703,170.3,10209,89791
200000,65,179956.0,1707,170.7,20044,179956
400000,65,359908.0,1714,171.4,40092,359908
600000,65,539949.0,1717,171.7,60051,539949
800000,65,720111.0,1725,172.5,79889,720111
1000000,65,900356.0,1725,172.5,99644,900356
2,66,1.0,1,0.1,1,1
3,66,2.0,2,0.2,1,2
100,66,84.0,66,6.6,16,84
200,66,166.0,130,13.0,34,166
2000,66,1701.0,833,83.3,299,1701
10000,66,8843.0,1425,142.5,1157,8843
20000,66,17886.0,1507,150.7,2114,17886
40000,66,35844.0,1709,170.9,4156,35844
60000,66,53868.0,1758,175.8,6132,53868
80000,66,71863.0,1769,176.9,8137,71863
100000,66,89841.0,1812,181.2,10159,89841
200000,66,179688.0,1828,182.8,20312,179688
400000,66,359665.0,1884,188.4,40335,359665
600000,66,539540.0,1908,190.8,60460,539540
800000,66,719264.0,1915,191.5,80736,719264
1000000,66,899263.0,1915,191.5,100737,899263
2,67,1.0,1,0.1,1,1
3,67,2.0,2,0.2,1,2
100,67,87.0,67,6.7,13,87
200,67,167.0,132,13.2,33,167
2000,67,1725.0,793,79.3,275,1725
10000,67,8863.0,1369,136.9,1137,8863
20000,67,17831.0,1464,146.4,2169,17831
40000,67,35815.0,1574,157.4,4185,35815
60000,67,53857.0,1620,162.0,6143,53857
80000,67,71840.0,1689,168.9,8160,71840
100000,67,89824.0,1708,170.8,10176,89824
200000,67,179780.0,1737,173.7,20220,179780
400000,67,359692.0,1765,176.5,40308,359692
600000,67,539653.0,1767,176.7,60347,539653
800000,67,719772.0,1770,177.0,80228,719772
1000000,67,899822.0,1770,177.0,100178,899822
2,68,2.0,1,0.1,0,2
3,68,3.0,2,0.2,0,3
100,68,78.0,66,6.6,22,78
200,68,163.0,129,12.9,37,163
2000,68,1720.0,769,76.9,280,1720
10000,68,8899.0,1332,133.2,1101,8899
20000,68,17887.0,1494,149.4,2113,17887
40000,68,35925.0,1545,154.5,4075,35925
60000,68,53963.0,1570,157.0,6037,53963
80000,68,71932.0,1590,159.0,8068,71932
100000,68,90000.0,1605,160.5,10000,90000
200000,68,179673.0,1631,163.1,20327,179673
400000,68,359780.0,1641,164.1,40220,359780
600000,68,539892.0,1649,164.9,60108,539892
800000,68,720046.0,1649,164.9,79954,720046
1000000,68,899967.0,1649,164.9,100033,899967
2,69,2.0,1,0.1,0,2
3,69,3.0,2,0.2,0,3
100,69,90.0,67,6.7,10,90
200,69,179.0,131,13.1,21,179
2000,69,1693.0,918,91.8,307,1693
10000,69,8859.0,1417,141.7,1141,8859
20000,69,17840.0,1582,158.2,2160,17840
40000,69,35827.0,1664,166.4,4173,35827
60000,69,53777.0,1703,170.3,6223,53777
80000,69,71796.0,1706,170.6,8204,71796
100000,69,89815.0,1785,178.5,10185,89815
200000,69,179662.0,1866,186.6,20338,179662
400000,69,359379.0,1954,195.4,40621,359379
600000,69,539413.0,1963,196.3,60587,539413
800000,69,719584.0,1963,196.3,80416,719584
1000000,69,899560.0,1963,196.3,100440,899560
2,70,2.0,1,0.1,0,2
3,70,3.0,2,0.2,0,3
100,70,81.0,65,6.5,19,81
200,70,167.0,128,12.8,33,167
2000,70,1733.0,823,82.3,267,1733
10000,70,8873.0,1494,149.4,1127,8873
20000,70,17881.0,1619,161.9,2119,17881
40000,70,35848.0,1790,179.0,4152,35848
60000,70,53928.0,1818,181.8,6072,53928
80000,70,71924.0,1843,184.3,8076,71924
100000,70,89944.0,1882,188.2,10056,89944
200000,70,179816.0,1957,195.7,20184,179816
400000,70,359746.0,1975,197.5,40254,359746
600000,70,539755.0,1993,199.3,60245,539755
800000,70,719831.0,1995,199.5,80169,719831
1000000,70,900036.0,1995,199.5,99964,900036
2,71,1.0,1,0.1,1,1
3,71,2.0,2,0.2,1,2
100,71,81.0,65,6.5,19,81
200,71,162.0,125,12.5,38,162
2000,71,1716.0,779,77.9,284,1716
10000,71,8880.0,1385,138.5,1120,8880
20000,71,17889.0,1510,151.0,2111,17889
40000,71,35923.0,1677,167.7,4077,35923
60000,71,53908.0,1753,175.3,6092,53908
80000,71,71877.0,1772,177.2,8123,71877
100000,71,89825.0,1796,179.6,10175,89825
200000,71,179691.0,1830,183.0,20309,179691
400000,71,359806.0,1832,183.2,40194,359806
600000,71,539715.0,1847,184.7,60285,539715
800000,71,719804.0,1858,185.8,80196,719804
1000000,71,899781.0,1872,187.2,100219,899781
2,72,2.0,1,0.1,0,2
3,72,2.0,2,0.2,1,2
100,72,86.0,67,6.7,14,86
200,72,173.0,130,13.0,27,173
2000,72,1719.0,838,83.8,281,1719
10000,72,8876.0,1504,150.4,1124,8876
20000,72,17821.0,1634,163.4,2179,17821
40000,72,35825.0,1674,167.4,4175,35825
60000,72,53786.0,1766,176.6,6214,53786
80000,72,71880.0,1766,176.6,8120,71880
100000,72,89827.0,1788,178.8,10173,89827
200000,72,179822.0,1847,184.7,20178,179822
400000,72,359813.0,1900,190.0,40187,359813
600000,72,539637.0,1914,191.4,60363,539637
800000,72,719830.0,1916,191.6,80170,719830
1000000,72,899859.0,1916,191.6,100141,899859
2,73,2.0,1,0.1,0,2
3,73,3.0,2,0.2,0,3
100,73,82.0,65,6.5,18,82
200,73,165.0,126,12.6,35,165
2000,73,1687.0,836,83.6,313,1687
10000,73,8860.0,1292,129.2,1140,8860
20000,73,17810.0,1497,149.7,2190,17810
40000,73,35857.0,1549,154.9,4143,35857
60000,73,53869.0,1639,163.9,6131,53869
80000,73,71802.0,1687,168.7,8198,71802
100000,73,89793.0,1694,169.4,10207,89793
200000,73,179760.0,1735,173.5,20240,179760
400000,73,359612.0,1768,176.8,40388,359612
600000,73,539807.0,1769,176.9,60193,539807
800000,73,719941.0,1772,177.2,80059,719941
1000000,73,899791.0,1772,177.2,100209,899791
2,74,2.0,1,0.1,0,2
3,74,3.0,2,0.2,0,3
100,74,82.0,65,6.5,18,82
200,74,163.0,126,12.6,37,163
2000,74,1703.0,741,74.1,297,1703
10000,74,8863.0,1272,127.2,1137,8863
20000,74,17824.0,1384,138.4,2176,17824
40000,74,35765.0,1542,154.2,4235,35765
60000,74,53761.0,1657,165.7,6239,53761
80000,74,71739.0,1666,166.6,8261,71739
100000,74,89598.0,1761,176.1,10402,89598
200000,74,179560.0,1774,177.4,20440,179560
400000,74,359725.0,1777,177.7,40275,359725
600000,74,539431.0,1790,179.0,60569,539431
800000,74,719345.0,1793,179.3,80655,719345
1000000,74,899163.0,1793,179.3,100837,899163
2,75,2.0,1,0.1,0,2
3,75,3.0,2,0.2,0,3
100,75,83.0,67,6.7,17,83
200,75,162.0,131,13.1,38,162
2000,75,1684.0,947,94.7,316,1684
10000,75,8773.0,1525,152.5,1227,8773
20000,75,17739.0,1618,161.8,2261,17739
40000,75,35753.0,1668,166.8,4247,35753
60000,75,53743.0,1723,172.3,6257,53743
80000,75,71686.0,1791,179.1,8314,71686
100000,75,89725.0,1796,179.6,10275,89725
200000,75,179757.0,1817,181.7,20243,179757
400000,75,359654.0,1829,182.9,40346,359654
600000,75,539791.0,1886,188.6,60209,539791
800000,75,719913.0,1886,188.6,80087,719913
1000000,75,899899.0,1886,188.6,100101,899899
2,76,2.0,1,0.1,0,2
3,76,2.0,2,0.2,1,2
100,76,80.0,65,6.5,20,80
200,76,162.0,128,12.8,38,162
2000,76,1712.0,866,86.6,288,1712
10000,76,8876.0,1432,143.2,1124,8876
20000,76,17855.0,1606,160.6,2145,17855
40000,76,35885.0,1699,169.9,4115,35885
60000,76,53932.0,1739,173.9,6068,53932
80000,76,72015.0,1791,179.1,7985,72015
100000,76,89973.0,1822,182.2,10027,89973
200000,76,180037.0,1858,185.8,19963,180037
400000,76,360241.0,1864,186.4,39759,360241
600000,76,540410.0,1881,188.1,59590,540410
800000,76,720424.0,1901,190.1,79576,720424
1000000,76,900186.0,1903,190.3,99814,900186
2,77,1.0,1,0.1,1,1
3,77,2.0,2,0.2,1,2
100,77,85.0,66,6.6,15,85
200,77,168.0,126,12.6,32,168
2000,77,1710.0,806,80.6,290,1710
10000,77,8899.0,1352,135.2,1101,8899
20000,77,17867.0,1599,159.9,2133,17867
40000,77,35889.0,1664,166.4,4111,35889
60000,77,53799.0,1716,171.6,6201,53799
80000,77,71805.0,1745,174.5,8195,71805
100000,77,89739.0,1758,175.8,10261,89739
200000,77,179795.0,1791,179.1,20205,179795
400000,77,359570.0,1800,180.0,40430,359570
600000,77,539451.0,1862,186.2,60549,539451
800000,77,719409.0,1865,186.5,80591,719409
1000000,77,899399.0,1865,186.5,100601,899399
2,78,1.0,1,0.1,1,1
3,78,2.0,2,0.2,1,2
100,78,82.0,65,6.5,18,82
200,78,165.0,129,12.9,35,165
2000,78,1715.0,819,81.9,285,1715
10000,78,8884.0,1261,126.1,1116,8884
20000,78,17900.0,1342,134.2,2100,17900
40000,78,35826.0,1512,151.2,4174,35826
60000,78,53861.0,1632,163.2,6139,53861
80000,78,71807.0,1654,165.4,8193,71807
100000,78,89783.0,1665,166.5,10217,89783
200000,78,179857.0,1726,172.6,20143,179857
400000,78,359884.0,1746,174.6,40116,359884
600000,78,539926.0,1755,175.5,60074,539926
800000,78,719893.0,1897,189.7,80107,719893
1000000,78,899750.0,1900,190.0,100250,899750
2,79,2.0,1,0.1,0,2
3,79,3.0,2,0.2,0,3
100,79,87.0,67,6.7,13,87
200,79,172.0,130,13.0,28,172
2000,79,1714.0,870,87.0,286,1714
10000,79,8829.0,1563,156.3,1171,8829
20000,79,17882.0,1603,160.3,2118,17882
40000,79,35837.0,1719,171.9,4163,35837
60000,79,53851.0,1773,177.3,6149,53851
80000,79,71875.0,1815,181.5,8125,71875
100000,79,89898.0,1834,183.4,10102,89898
200000,79,179776.0,1887,188.7,20224,179776
400000,79,359874.0,1913,191.3,40126,359874
600000,79,539827.0,1930,193.0,60173,539827
800000,79,719604.0,1943,194.3,80396,719604
1000000,79,899462.0,1943,194.3,100538,899462
2,80,2.0,1,0.1,0,2
3,80,3.0,2,0.2,0,3
100,80,84.0,66,6.6,16,84
200,80,167.0,128,12.8,33,167
2000,80,1688.0,796,79.6,312,1688
10000,80,8864.0,1274,127.4,1136,8864
20000,80,17830.0,1446,144.6,2170,17830
40000,80,35790.0,1499,149.9,4210,35790
60000,80,53830.0,1509,150.9,6170,53830
80000,80,71836.0,1597,159.7,8164,71836
100000,80,89826.0,1629,162.9,10174,89826
200000,80,179851.0,1731,173.1,20149,179851
400000,80,360014.0,1849,184.9,39986,360014
600000,80,539912.0,1857,185.7,60088,539912
800000,80,719854.0,1859,185.9,80146,719854
1000000,80,899746.0,1862,186.2,100254,899746
2,81,1.0,1,0.1,1,1
3,81,2.0,2,0.2,1,2
100,81,82.0,66,6.6,18,82
200,81,171.0,132,13.2,29,171
2000,81,1722.0,906,90.6,278,1722
10000,81,8830.0,1561,156.1,1170,8830
20000,81,17849.0,1765,176.5,2151,17849
40000,81,35800.0,1892,189.2,4200,35800
60000,81,53854.0,1904,190.4,6146,53854
80000,81,71862.0,1981,198.1,8138,71862
100000,81,89869.0,1990,199.0,10131,89869
200000,81,179822.0,2071,207.1,20178,179822
400000,81,359638.0,2087,208.7,40362,359638
600000,81,539433.0,2130,213.0,60567,539433
800000,81,719427.0,2135,213.5,80573,719427
1000000,81,899585.0,2135,213.5,100415,899585
2,82,2.0,1,0.1,0,2
3,82,3.0,2,0.2,0,3
100,82,85.0,66,6.6,15,85
200,82,162.0,133,13.3,38,162
2000,82,1720.0,870,87.0,280,1720
10000,82,8817.0,1662,166.2,1183,8817
20000,82,17829.0,1752,175.2,2171,17829
40000,82,35832.0,1875,187.5,4168,35832
60000,82,53850.0,1946,194.6,6150,53850
80000,82,71783.0,2111,211.1,8217,71783
100000,82,89725.0,2197,219.7,10275,89725
200000,82,179489.0,2292,229.2,20511,179489
400000,82,359556.0,2292,229.2,40444,359556
600000,82,539599.0,2297,229.7,60401,539599
800000,82,719392.0,2300,230.0,80608,719392
1000000,82,899313.0,2316,231.6,100687,899313
2,83,2.0,1,0.1,0,2
3,83,3.0,2,0.2,0,3
100,83,85.0,66,6.6,15,85
200,83,176.0,130,13.0,24,176
2000,83,1717.0,994,99.4,283,1717
10000,83,8769.0,1766,176.6,1231,8769
20000,83,17768.0,1848,184.8,2232,17768
40000,83,35726.0,2030,203.0,4274,35726
60000,83,53677.0,2094,209.4,6323,53677
80000,83,71711.0,2095,209.5,8289,71711
100000,83,89739.0,2096,209.6,10261,89739
200000,83,179614.0,2112,211.2,20386,179614
400000,83,359635.0,2127,212.7,40365,359635
600000,83,539626.0,2128,212.8,60374,539626
800000,83,719510.0,2129,212.9,80490,719510
1000000,83,899528.0,2130,213.0,100472,899528
2,84,2.0,1,0.1,0,2
3,84,3.0,2,0.2,0,3
100,84,86.0,69,6.9,14,86
200,84,174.0,130,13.0,26,174
2000,84,1710.0,866,86.6,290,1710
10000,84,8898.0,1572,157.2,1102,8898
20000,84,17888.0,1737,173.7,2112,17888
40000,84,35809.0,1997,199.7,4191,35809
60000,84,53784.0,2108,210.8,6216,53784
80000,84,71826.0,2113,211.3,8174,71826
100000,84,89851.0,2115,211.5,10149,89851
200000,84,179850.0,2161,216.1,20150,179850
400000,84,360233.0,2194,219.4,39767,360233
600000,84,540156.0,2223,222.3,59844,540156
800000,84,720423.0,2226,222.6,79577,720423
1000000,84,900495.0,2271,227.1,99505,900495
2,85,2.0,1,0.1,0,2
3,85,3.0,2,0.2,0,3
100,85,78.0,65,6.5,22,78
200,85,165.0,125,12.5,35,165
2000,85,1732.0,801,80.1,268,1732
10000,85,8900.0,1420,142.0,1100,8900
20000,85,17924.0,1519,151.9,2076,17924
40000,85,35930.0,1734,173.4,4070,35930
60000,85,53888.0,1772,177.2,6112,53888
80000,85,71910.0,1779,177.9,8090,71910
100000,85,89891.0,1806,180.6,10109,89891
200000,85,179875.0,1884,188.4,20125,179875
400000,85,359960.0,1952,195.2,40040,359960
600000,85,539951.0,1957,195.7,60049,539951
800000,85,719868.0,1971,197.1,80132,719868
1000000,85,899868.0,1975,197.5,100132,899868
2,86,2.0,1,0.1,0,2
3,86,2.0,2,0.2,1,2
100,86,86.0,66,6.6,14,86
200,86,167.0,128,12.8,33,167
2000,86,1723.0,910,91.0,277,1723
10000,86,8868.0,1685,168.5,1132,8868
20000,86,17885.0,1863,186.3,2115,17885
40000,86,35890.0,2075,207.5,4110,35890
60000,86,53846.0,2193,219.3,6154,53846
80000,86,71902.0,2198,219.8,8098,71902
100000,86,89898.0,2237,223.7,10102,89898
200000,86,179967.0,2255,225.5,20033,179967
400000,86,359851.0,2337,233.7,40149,359851
600000,86,539804.0,2366,236.6,60196,539804
800000,86,719975.0,2381,238.1,80025,719975
1000000,86,900010.0,2382,238.2,99990,900010
2,87,2.0,1,0.1,0,2
3,87,2.0,2,0.2,1,2
100,87,80.0,66,6.6,20,80
200,87,166.0,131,13.1,34,166
2000,87,1710.0,863,86.3,290,1710
10000,87,8837.0,1557,155.7,1163,8837
20000,87,17845.0,1648,164.8,2155,17845
40000,87,35900.0,1765,176.5,4100,35900
60000,87,53899.0,1839,183.9,6101,53899
80000,87,71906.0,1867,186.7,8094,71906
100000,87,89841.0,1929,192.9,10159,89841
200000,87,179596.0,2096,209.6,20404,179596
400000,87,359550.0,2123,212.3,40450,359550
600000,87,539552.0,2123,212.3,60448,539552
800000,87,719546.0,2180,218.0,80454,719546
1000000,87,899579.0,2189,218.9,100421,899579
2,88,2.0,1,0.1,0,2
3,88,3.0,2,0.2,0,3
100,88,84.0,66,6.6,16,84
200,88,166.0,132,13.2,34,166
2000,88,1716.0,789,78.9,284,1716
10000,88,8836.0,1393,139.3,1164,8836
20000,88,17806.0,1748,174.8,2194,17806
40000,88,35829.0,1805,180.5,4171,35829
60000,88,53795.0,1866,186.6,6205,53795
80000,88,71772.0,1887,188.7,8228,71772
100000,88,89777.0,1891,189.1,10223,89777
200000,88,179824.0,1901,190.1,20176,179824
400000,88,360049.0,2008,200.8,39951,360049
600000,88,540103.0,2031,203.1,59897,540103
800000,88,720066.0,2032,203.2,79934,720066
1000000,88,900005.0,2052,205.2,99995,900005
2,89,1.0,1,0.1,1,1
3,89,2.0,2,0.2,1,2
100,89,87.0,66,6.6,13,87
200,89,167.0,130,13.0,33,167
2000,89,1719.0,971,97.1,281,1719
10000,89,8817.0,1897,189.7,1183,8817
20000,89,17783.0,2225,222.5,2217,17783
40000,89,35760.0,2278,227.8,4240,35760
60000,89,53748.0,2378,237.8,6252,53748
80000,89,71769.0,2390,239.0,8231,71769
100000,89,89726.0,2430,243.0,10274,89726
200000,89,179798.0,2465,246.5,20202,179798
400000,89,360114.0,2474,247.4,39886,360114
600000,89,540209.0,2506,250.6,59791,540209
800000,89,720343.0,2506,250.6,79657,720343
1000000,89,900378.0,2509,250.9,99622,900378
2,90,1.0,1,0.1,1,1
3,90,2.0,2,0.2,1,2
100,90,80.0,66,6.6,20,80
200,90,163.0,130,13.0,37,163
2000,90,1686.0,881,88.1,314,1686
10000,90,8769.0,1661,166.1,1231,8769
20000,90,17764.0,1749,174.9,2236,17764
40000,90,35847.0,1773,177.3,4153,35847
60000,90,53814.0,1821,182.1,6186,53814
80000,90,71825.0,1836,183.6,8175,71825
100000,90,89841.0,1867,186.7,10159,89841
200000,90,179763.0,1917,191.7,20237,179763
400000,90,360001.0,1982,198.2,39999,360001
600000,90,539888.0,2001,200.1,60112,539888
800000,90,719905.0,2003,200.3,80095,719905
1000000,90,899781.0,2006,200.6,100219,899781
2,91,2.0,1,0.1,0,2
3,91,3.0,2,0.2,0,3
100,91,83.0,66,6.6,17,83
200,91,165.0,128,12.8,35,165
2000,91,1686.0,906,90.6,314,1686
10000,91,8806.0,1507,150.7,1194,8806
20000,91,17731.0,1667,166.7,2269,17731
40000,91,35780.0,1673,167.3,4220,35780
60000,91,53784.0,1688,168.8,6216,53784
80000,91,71796.0,1691,169.1,8204,71796
100000,91,89758.0,1709,170.9,10242,89758
200000,91,179770.0,1758,175.8,20230,179770
400000,91,359707.0,1773,177.3,40293,359707
600000,91,539537.0,1779,177.9,60463,539537
800000,91,719698.0,1779,177.9,80302,719698
1000000,91,899619.0,1779,177.9,100381,899619
2,92,2.0,1,0.1,0,2
3,92,3.0,2,0.2,0,3
100,92,85.0,66,6.6,15,85
200,92,168.0,130,13.0,32,168
2000,92,1718.0,849,84.9,282,1718
10000,92,8852.0,1399,139.9,1148,8852
20000,92,17861.0,1524,152.4,2139,17861
40000,92,35792.0,1666,166.6,4208,35792
60000,92,53766.0,1686,168.6,6234,53766
80000,92,71752.0,1689,168.9,8248,71752
100000,92,89827.0,1693,169.3,10173,89827
200000,92,179916.0,1701,170.1,20084,179916
400000,92,359721.0,1765,176.5,40279,359721
600000,92,539619.0,1768,176.8,60381,539619
800000,92,719519.0,1798,179.8,80481,719519
1000000,92,899647.0,1798,179.8,100353,899647
2,93,2.0,1,0.1,0,2
3,93,3.0,2,0.2,0,3
100,93,82.0,65,6.5,18,82
200,93,169.0,128,12.8,31,169
2000,93,1688.0,781,78.1,312,1688
10000,93,8814.0,1493,149.3,1186,8814
20000,93,17754.0,1648,164.8,2246,17754
40000,93,35775.0,1678,167.8,4225,35775
60000,93,53758.0,1818,181.8,6242,53758
80000,93,71747.0,1852,185.2,8253,71747
100000,93,89796.0,1855,185.5,10204,89796
200000,93,179648.0,1955,195.5,20352,179648
400000,93,359724.0,2103,210.3,40276,359724
600000,93,539658.0,2173,217.3,60342,539658
800000,93,719655.0,2173,217.3,80345,719655
1000000,93,899726.0,2175,217.5,100274,899726
2,94,1.0,1,0.1,1,1
3,94,2.0,2,0.2,1,2
100,94,84.0,66,6.6,16,84
200,94,169.0,132,13.2,31,169
2000,94,1713.0,861,86.1,287,1713
10000,94,8813.0,1665,166.5,1187,8813
20000,94,17768.0,1870,187.0,2232,17768
40000,94,35724.0,1954,195.4,4276,35724
60000,94,53790.0,1973,197.3,6210,53790
80000,94,71819.0,1976,197.6,8181,71819
100000,94,89834.0,1977,197.7,10166,89834
200000,94,179970.0,1987,198.7,20030,179970
400000,94,359904.0,2197,219.7,40096,359904
600000,94,539989.0,2219,221.9,60011,539989
800000,94,719829.0,2224,222.4,80171,719829
1000000,94,899771.0,2224,222.4,100229,899771
2,95,2.0,1,0.1,0,2
3,95,3.0,2,0.2,0,3
100,95,81.0,66,6.6,19,81
200,95,162.0,131,13.1,38,162
2000,95,1719.0,945,94.5,281,1719
10000,95,8850.0,1716,171.6,1150,8850
20000,95,17803.0,1939,193.9,2197,17803
40000,95,35829.0,2101,210.1,4171,35829
60000,95,53795.0,2197,219.7,6205,53795
80000,95,71822.0,2234,223.4,8178,71822
100000,95,89903.0,2234,223.4,10097,89903
200000,95,179994.0,2281,228.1,20006,179994
400000,95,359973.0,2358,235.8,40027,359973
600000,95,540135.0,2374,237.4,59865,540135
800000,95,719885.0,2387,238.7,80115,719885
1000000,95,900095.0,2387,238.7,99905,900095
2,96,2.0,1,0.1,0,2
3,96,3.0,2,0.2,0,3
100,96,89.0,67,6.7,11,89
200,96,167.0,127,12.7,33,167
2000,96,1717.0,851,85.1,283,1717
10000,96,8829.0,1594,159.4,1171,8829
20000,96,17821.0,1677,167.7,2179,17821
40000,96,35793.0,1760,176.0,4207,35793
60000,96,53818.0,1817,181.7,6182,53818
80000,96,71692.0,1919,191.9,8308,71692
100000,96,89755.0,1919,191.9,10245,89755
200000,96,179843.0,1921,192.1,20157,179843
400000,96,359784.0,2066,206.6,40216,359784
600000,96,539819.0,2069,206.9,60181,539819
800000,96,719848.0,2075,207.5,80152,719848
1000000,96,899594.0,2079,207.9,100406,899594
2,97,1.0,1,0.1,1,1
3,97,2.0,2,0.2,1,2
100,97,83.0,66,6.6,17,83
200,97,167.0,130,13.0,33,167
2000,97,1715.0,983,98.3,285,1715
10000,97,8849.0,1707,170.7,1151,8849
20000,97,17847.0,1904,190.4,2153,17847
40000,97,35822.0,1997,199.7,4178,35822
60000,97,53773.0,2125,212.5,6227,53773
80000,97,71822.0,2130,213.0,8178,71822
100000,97,89747.0,2143,214.3,10253,89747
200000,97,179654.0,2187,218.7,20346,179654
400000,97,359564.0,2230,223.0,40436,359564
600000,97,539656.0,2248,224.8,60344,539656
800000,97,719764.0,2248,224.8,80236,719764
1000000,97,899911.0,2248,224.8,100089,899911
2,98,2.0,1,0.1,0,2
3,98,3.0,2,0.2,0,3
100,98,87.0,67,6.7,13,87
200,98,167.0,130,13.0,33,167
2000,98,1702.0,843,84.3,298,1702
10000,98,8834.0,1557,155.7,1166,8834
20000,98,17858.0,1631,163.1,2142,17858
40000,98,35911.0,1666,166.6,4089,35911
60000,98,53895.0,1715,171.5,6105,53895
80000,98,71813.0,1830,183.0,8187,71813
100000,98,89856.0,1831,183.1,10144,89856
200000,98,179930.0,1843,184.3,20070,179930
400000,98,359843.0,1891,189.1,40157,359843
600000,98,539572.0,1929,192.9,60428,539572
800000,98,719544.0,1938,193.8,80456,719544
1000000,98,899474.0,2014,201.4,100526,899474
2,99,2.0,1,0.1,0,2
3,99,3.0,2,0.2,0,3
100,99,78.0,67,6.7,22,78
200,99,162.0,130,13.0,38,162
2000,99,1712.0,901,90.1,288,1712
10000,99,8849.0,1734,173.4,1151,8849
20000,99,17879.0,1820,182.0,2121,17879
40000,99,35801.0,1948,194.8,4199,35801
60000,99,53806.0,1978,197.8,6194,53806
80000,99,71811.0,2070,207.0,8189,71811
100000,99,89744.0,2080,208.0,10256,89744
200000,99,179808.0,2147,214.7,20192,179808
400000,99,359969.0,2181,218.1,40031,359969
600000,99,540135.0,2182,218.2,59865,540135
800000,99,720009.0,2185,218.5,79991,720009
1000000,99,899824.0,2195,219.5,100176,899824
2,100,1.0,1,0.1,1,1
3,100,2.0,2,0.2,1,2
100,100,83.0,66,6.6,17,83
200,100,161.0,130,13.0,39,161
2000,100,1706.0,748,74.8,294,1706
10000,100,8850.0,1364,136.4,1150,8850
20000,100,17761.0,1595,159.5,2239,17761
40000,100,35654.0,1671,167.1,4346,35654
60000,100,53670.0,1677,167.7,6330,53670
80000,100,71647.0,1678,167.8,8353,71647
100000,100,89673.0,1678,167.8,10327,89673
200000,100,179645.0,1697,169.7,20355,179645
400000,100,359912.0,1700,170.0,40088,359912
600000,100,539838.0,1710,171.0,60162,539838
800000,100,719950.0,1847,184.7,80050,719950
1000000,100,900100.0,1847,184.7,99900,900100
