Timestep,Iteration,Total Reward,Suboptimal Arms,Total Regret,Zeros Count,Ones Count
2,1,2.0,1,0.05,0,2
3,1,3.0,2,0.1,0,3
100,1,81.0,49,2.45,19,81
200,1,159.0,97,4.85,41,159
2000,1,1631.0,647,32.35,369,1631
10000,1,8405.0,1349,67.45,1595,8405
20000,1,16890.0,1748,87.4,3110,16890
40000,1,33882.0,2047,102.35,6118,33882
60000,1,50937.0,2129,106.45,9063,50937
80000,1,67981.0,2200,110.0,12019,67981
100000,1,84987.0,2208,110.4,15013,84987
200000,1,169923.0,2462,123.1,30077,169923
400000,1,339888.0,2712,135.6,60112,339888
600000,1,509676.0,2807,140.35,90324,509676
800000,1,679898.0,2807,140.35,120102,679898
1000000,1,850156.0,2807,140.35,149844,850156
2,2,1.0,1,0.05,1,1
3,2,2.0,1,0.05,1,2
100,2,91.0,50,2.5,9,91
200,2,180.0,99,4.95,20,180
2000,2,1686.0,728,36.4,314,1686
10000,2,8487.0,1671,83.55,1513,8487
20000,2,16985.0,1875,93.75,3015,16985
40000,2,33932.0,2113,105.65,6068,33932
60000,2,51049.0,2139,106.95,8951,51049
80000,2,68088.0,2151,107.55,11912,68088
100000,2,85061.0,2172,108.6,14939,85061
200000,2,170221.0,2380,119.0,29779,170221
400000,2,340482.0,2425,121.25,59518,340482
600000,2,510460.0,2482,124.1,89540,510460
800000,2,680376.0,2489,124.45,119624,680376
1000000,2,850109.0,2496,124.8,149891,850109
2,3,2.0,1,0.05,0,2
3,3,2.0,2,0.1,1,2
100,3,81.0,46,2.3,19,81
200,3,163.0,85,4.25,37,163
2000,3,1660.0,682,34.1,340,1660
10000,3,8478.0,1417,70.85,1522,8478
20000,3,17031.0,1691,84.55,2969,17031
40000,3,34022.0,1814,90.7,5978,34022
60000,3,50988.0,1944,97.2,9012,50988
80000,3,67954.0,2029,101.45,12046,67954
100000,3,84959.0,2057,102.85,15041,84959
200000,3,169914.0,2158,107.9,30086,169914
400000,3,339554.0,2375,118.75,60446,339554
600000,3,509656.0,2377,118.85,90344,509656
800000,3,679470.0,2460,123.0,120530,679470
1000000,3,849278.0,2538,126.9,150722,849278
2,4,2.0,1,0.05,0,2
3,4,3.0,2,0.1,0,3
100,4,87.0,49,2.45,13,87
200,4,172.0,95,4.75,28,172
2000,4,1664.0,682,34.1,336,1664
10000,4,8488.0,1941,97.05,1512,8488
20000,4,16991.0,2227,111.35,3009,16991
40000,4,34044.0,2593,129.65,5956,34044
60000,4,51062.0,2991,149.55,8938,51062
80000,4,68064.0,3087,154.35,11936,68064
100000,4,85030.0,3296,164.8,14970,85030
200000,4,170080.0,4089,204.45,29920,170080
400000,4,340050.0,4210,210.5,59950,340050
600000,4,510027.0,4280,214.0,89973,510027
800000,4,679802.0,4518,225.9,120198,679802
1000000,4,849374.0,4626,231.3,150626,849374
2,5,2.0,1,0.05,0,2
3,5,3.0,2,0.1,0,3
100,5,83.0,52,2.6,17,83
200,5,162.0,100,5.0,38,162
2000,5,1652.0,624,31.2,348,1652
10000,5,8377.0,1848,92.4,1623,8377
20000,5,16819.0,2308,115.4,3181,16819
40000,5,33904.0,2492,124.6,6096,33904
60000,5,50841.0,2585,129.25,9159,50841
80000,5,67734.0,2708,135.4,12266,67734
100000,5,84846.0,2708,135.4,15154,84846
200000,5,169654.0,2900,145.0,30346,169654
400000,5,339567.0,2936,146.8,60433,339567
600000,5,509835.0,2936,146.8,90165,509835
800000,5,680052.0,2936,146.8,119948,680052
1000000,5,850047.0,2937,146.85,149953,850047
2,6,2.0,1,0.05,0,2
3,6,3.0,2,0.1,0,3
100,6,84.0,49,2.45,16,84
200,6,166.0,94,4.7,34,166
2000,6,1646.0,642,32.1,354,1646
10000,6,8507.0,1045,52.25,1493,8507
20000,6,16936.0,1947,97.35,3064,16936
40000,6,34001.0,2225,111.25,5999,34001
60000,6,51022.0,2266,113.3,8978,51022
80000,6,68090.0,2289,114.45,11910,68090
100000,6,85199.0,2351,117.55,14801,85199
200000,6,170096.0,2538,126.9,29904,170096
400000,6,340133.0,2625,131.25,59867,340133
600000,6,510035.0,2645,132.25,89965,510035
800000,6,679821.0,2689,134.45,120179,679821
1000000,6,850023.0,2689,134.45,149977,850023
2,7,1.0,1,0.05,1,1
3,7,2.0,1,0.05,1,2
100,7,80.0,47,2.35,20,80
200,7,160.0,97,4.85,40,160
2000,7,1659.0,592,29.6,341,1659
10000,7,8455.0,1560,78.0,1545,8455
20000,7,16932.0,1692,84.6,3068,16932
40000,7,34024.0,1873,93.65,5976,34024
60000,7,50926.0,2077,103.85,9074,50926
80000,7,67882.0,2119,105.95,12118,67882
100000,7,84900.0,2251,112.55,15100,84900
200000,7,169986.0,2333,116.65,30014,169986
400000,7,339897.0,2838,141.9,60103,339897
600000,7,510044.0,2847,142.35,89956,510044
800000,7,679825.0,2929,146.45,120175,679825
1000000,7,849855.0,2937,146.85,150145,849855
2,8,1.0,1,0.05,1,1
3,8,1.0,1,0.05,2,1
100,8,79.0,49,2.45,21,79
200,8,162.0,100,5.0,38,162
2000,8,1667.0,754,37.7,333,1667
10000,8,8418.0,2186,109.3,1582,8418
20000,8,16877.0,2648,132.4,3123,16877
40000,8,33843.0,2877,143.85,6157,33843
60000,8,50850.0,3170,158.5,9150,50850
80000,8,67865.0,3185,159.25,12135,67865
100000,8,84880.0,3230,161.5,15120,84880
200000,8,169781.0,3448,172.4,30219,169781
400000,8,339749.0,3540,177.0,60251,339749
600000,8,509780.0,3625,181.25,90220,509780
800000,8,679744.0,3629,181.45,120256,679744
1000000,8,849650.0,3638,181.9,150350,849650
2,9,2.0,1,0.05,0,2
3,9,2.0,2,0.1,1,2
100,9,85.0,50,2.5,15,85
200,9,165.0,101,5.05,35,165
2000,9,1646.0,588,29.4,354,1646
10000,9,8507.0,1088,54.4,1493,8507
20000,9,17011.0,1601,80.05,2989,17011
40000,9,34018.0,1929,96.45,5982,34018
60000,9,51047.0,2021,101.05,8953,51047
80000,9,68025.0,2188,109.4,11975,68025
100000,9,85062.0,2205,110.25,14938,85062
200000,9,170019.0,2471,123.55,29981,170019
400000,9,339883.0,2746,137.3,60117,339883
600000,9,510095.0,2747,137.35,89905,510095
800000,9,679917.0,2813,140.65,120083,679917
1000000,9,849956.0,2813,140.65,150044,849956
2,10,2.0,1,0.05,0,2
3,10,3.0,2,0.1,0,3
100,10,79.0,48,2.4,21,79
200,10,162.0,95,4.75,38,162
2000,10,1647.0,562,28.1,353,1647
10000,10,8401.0,1594,79.7,1599,8401
20000,10,16866.0,1950,97.5,3134,16866
40000,10,33797.0,2613,130.65,6203,33797
60000,10,50744.0,2809,140.45,9256,50744
80000,10,67651.0,2948,147.4,12349,67651
100000,10,84590.0,3000,150.0,15410,84590
200000,10,169586.0,3020,151.0,30414,169586
400000,10,339629.0,3034,151.7,60371,339629
600000,10,509893.0,3059,152.95,90107,509893
800000,10,679762.0,3076,153.8,120238,679762
1000000,10,849623.0,3086,154.3,150377,849623
2,11,1.0,1,0.05,1,1
3,11,2.0,1,0.05,1,2
100,11,85.0,50,2.5,15,85
200,11,171.0,99,4.95,29,171
2000,11,1680.0,739,36.95,320,1680
10000,11,8445.0,2070,103.5,1555,8445
20000,11,16892.0,2807,140.35,3108,16892
40000,11,33834.0,3291,164.55,6166,33834
60000,11,50837.0,3342,167.1,9163,50837
80000,11,67926.0,3390,169.5,12074,67926
100000,11,84958.0,3398,169.9,15042,84958
200000,11,169657.0,3834,191.7,30343,169657
400000,11,339723.0,3971,198.55,60277,339723
600000,11,509670.0,4363,218.15,90330,509670
800000,11,679710.0,4364,218.2,120290,679710
1000000,11,849912.0,4364,218.2,150088,849912
2,12,2.0,1,0.05,0,2
3,12,3.0,2,0.1,0,3
100,12,81.0,51,2.55,19,81
200,12,160.0,97,4.85,40,160
2000,12,1675.0,599,29.95,325,1675
10000,12,8346.0,1577,78.85,1654,8346
20000,12,16831.0,2060,103.0,3169,16831
40000,12,33850.0,2111,105.55,6150,33850
60000,12,50811.0,2161,108.05,9189,50811
80000,12,67786.0,2250,112.5,12214,67786
100000,12,84758.0,2332,116.6,15242,84758
200000,12,169853.0,2412,120.6,30147,169853
400000,12,340005.0,2431,121.55,59995,340005
600000,12,510014.0,2483,124.15,89986,510014
800000,12,680090.0,2568,128.4,119910,680090
1000000,12,850006.0,2576,128.8,149994,850006
2,13,2.0,1,0.05,0,2
3,13,3.0,2,0.1,0,3
100,13,86.0,48,2.4,14,86
200,13,172.0,95,4.75,28,172
2000,13,1662.0,654,32.7,338,1662
10000,13,8408.0,1414,70.7,1592,8408
20000,13,16918.0,1788,89.4,3082,16918
40000,13,33902.0,2055,102.75,6098,33902
60000,13,50901.0,2079,103.95,9099,50901
80000,13,67910.0,2091,104.55,12090,67910
100000,13,84927.0,2125,106.25,15073,84927
200000,13,170084.0,2135,106.75,29916,170084
400000,13,340037.0,2169,108.45,59963,340037
600000,13,510067.0,2205,110.25,89933,510067
800000,13,680053.0,2211,110.55,119947,680053
1000000,13,850245.0,2212,110.6,149755,850245
2,14,1.0,1,0.05,1,1
3,14,2.0,2,0.1,1,2
100,14,77.0,49,2.45,23,77
200,14,154.0,87,4.35,46,154
2000,14,1662.0,759,37.95,338,1662
10000,14,8424.0,1692,84.6,1576,8424
20000,14,16858.0,2291,114.55,3142,16858
40000,14,33867.0,2694,134.7,6133,33867
60000,14,50879.0,2770,138.5,9121,50879
80000,14,67839.0,2809,140.45,12161,67839
100000,14,84878.0,2839,141.95,15122,84878
200000,14,169725.0,3219,160.95,30275,169725
400000,14,340027.0,3231,161.55,59973,340027
600000,14,509890.0,3251,162.55,90110,509890
800000,14,680087.0,3259,162.95,119913,680087
1000000,14,850057.0,3260,163.0,149943,850057
2,15,1.0,1,0.05,1,1
3,15,2.0,1,0.05,1,2
100,15,80.0,47,2.35,20,80
200,15,162.0,97,4.85,38,162
2000,15,1649.0,653,32.65,351,1649
10000,15,8465.0,1004,50.2,1535,8465
20000,15,16942.0,1103,55.15,3058,16942
40000,15,33904.0,1267,63.35,6096,33904
60000,15,50940.0,1436,71.8,9060,50940
80000,15,67917.0,1459,72.95,12083,67917
100000,15,85016.0,1459,72.95,14984,85016
200000,15,170134.0,1486,74.3,29866,170134
400000,15,339937.0,1705,85.25,60063,339937
600000,15,509898.0,1713,85.65,90102,509898
800000,15,679654.0,2035,101.75,120346,679654
1000000,15,849668.0,2042,102.1,150332,849668
2,16,2.0,1,0.05,0,2
3,16,2.0,2,0.1,1,2
100,16,88.0,50,2.5,12,88
200,16,171.0,101,5.05,29,171
2000,16,1689.0,732,36.6,311,1689
10000,16,8483.0,1558,77.9,1517,8483
20000,16,16956.0,2251,112.55,3044,16956
40000,16,33920.0,2523,126.15,6080,33920
60000,16,50935.0,2577,128.85,9065,50935
80000,16,67938.0,2719,135.95,12062,67938
100000,16,84884.0,2762,138.1,15116,84884
200000,16,169935.0,2909,145.45,30065,169935
400000,16,339816.0,3320,166.0,60184,339816
600000,16,509924.0,3393,169.65,90076,509924
800000,16,680077.0,3395,169.75,119923,680077
1000000,16,850031.0,3426,171.3,149969,850031
2,17,1.0,1,0.05,1,1
3,17,1.0,1,0.05,2,1
100,17,80.0,47,2.35,20,80
200,17,163.0,86,4.3,37,163
2000,17,1657.0,754,37.7,343,1657
10000,17,8373.0,2195,109.75,1627,8373
20000,17,16818.0,2440,122.0,3182,16818
40000,17,33779.0,2567,128.35,6221,33779
60000,17,50819.0,2645,132.25,9181,50819
80000,17,67809.0,2651,132.55,12191,67809
100000,17,84830.0,2673,133.65,15170,84830
200000,17,169887.0,2812,140.6,30113,169887
400000,17,339911.0,3035,151.75,60089,339911
600000,17,509836.0,3090,154.5,90164,509836
800000,17,679849.0,3148,157.4,120151,679849
1000000,17,849788.0,3199,159.95,150212,849788
2,18,2.0,1,0.05,0,2
3,18,3.0,2,0.1,0,3
100,18,81.0,51,2.55,19,81
200,18,165.0,104,5.2,35,165
2000,18,1672.0,747,37.35,328,1672
10000,18,8393.0,1823,91.15,1607,8393
20000,18,16896.0,2434,121.7,3104,16896
40000,18,33885.0,3073,153.65,6115,33885
60000,18,50985.0,3122,156.1,9015,50985
80000,18,67984.0,3254,162.7,12016,67984
100000,18,85050.0,3322,166.1,14950,85050
200000,18,170143.0,3442,172.1,29857,170143
400000,18,339856.0,3790,189.5,60144,339856
600000,18,510005.0,3979,198.95,89995,510005
800000,18,679847.0,3995,199.75,120153,679847
1000000,18,849937.0,4000,200.0,150063,849937
2,19,2.0,1,0.05,0,2
3,19,3.0,2,0.1,0,3
100,19,76.0,48,2.4,24,76
200,19,164.0,95,4.75,36,164
2000,19,1664.0,723,36.15,336,1664
10000,19,8417.0,1609,80.45,1583,8417
20000,19,16879.0,2068,103.4,3121,16879
40000,19,33850.0,2391,119.55,6150,33850
60000,19,50776.0,2562,128.1,9224,50776
80000,19,67803.0,2596,129.8,12197,67803
100000,19,84806.0,2625,131.25,15194,84806
200000,19,169835.0,2686,134.3,30165,169835
400000,19,339856.0,2932,146.6,60144,339856
600000,19,509840.0,3040,152.0,90160,509840
800000,19,679609.0,3115,155.75,120391,679609
1000000,19,849835.0,3269,163.45,150165,849835
2,20,2.0,1,0.05,0,2
3,20,3.0,2,0.1,0,3
100,20,83.0,48,2.4,17,83
200,20,160.0,92,4.6,40,160
2000,20,1661.0,709,35.45,339,1661
10000,20,8456.0,1578,78.9,1544,8456
20000,20,16880.0,1921,96.05,3120,16880
40000,20,33814.0,2148,107.4,6186,33814
60000,20,50798.0,2189,109.45,9202,50798
80000,20,67880.0,2195,109.75,12120,67880
100000,20,84913.0,2199,109.95,15087,84913
200000,20,169968.0,2423,121.15,30032,169968
400000,20,340156.0,2462,123.1,59844,340156
600000,20,510412.0,2490,124.5,89588,510412
800000,20,680551.0,2504,125.2,119449,680551
1000000,20,850446.0,2616,130.8,149554,850446
2,21,1.0,1,0.05,1,1
3,21,2.0,1,0.05,1,2
100,21,80.0,51,2.55,20,80
200,21,160.0,102,5.1,40,160
2000,21,1693.0,538,26.9,307,1693
10000,21,8434.0,1085,54.25,1566,8434
20000,21,16947.0,1138,56.9,3053,16947
40000,21,33920.0,1317,65.85,6080,33920
60000,21,50997.0,1365,68.25,9003,50997
80000,21,68006.0,1381,69.05,11994,68006
100000,21,85014.0,1413,70.65,14986,85014
200000,21,169880.0,2279,113.95,30120,169880
400000,21,339971.0,2283,114.15,60029,339971
600000,21,510018.0,2297,114.85,89982,510018
800000,21,680120.0,2320,116.0,119880,680120
1000000,21,850319.0,2320,116.0,149681,850319
2,22,1.0,1,0.05,1,1
3,22,2.0,1,0.05,1,2
100,22,89.0,50,2.5,11,89
200,22,171.0,98,4.9,29,171
2000,22,1672.0,642,32.1,328,1672
10000,22,8431.0,1619,80.95,1569,8431
20000,22,16891.0,1886,94.3,3109,16891
40000,22,33902.0,1978,98.9,6098,33902
60000,22,50909.0,2238,111.9,9091,50909
80000,22,67900.0,2280,114.0,12100,67900
100000,22,84859.0,3130,156.5,15141,84859
200000,22,169906.0,3185,159.25,30094,169906
400000,22,340106.0,3233,161.65,59894,340106
600000,22,509791.0,3638,181.9,90209,509791
800000,22,679710.0,3658,182.9,120290,679710
1000000,22,849823.0,3659,182.95,150177,849823
2,23,2.0,1,0.05,0,2
3,23,3.0,2,0.1,0,3
100,23,89.0,49,2.45,11,89
200,23,166.0,91,4.55,34,166
2000,23,1664.0,622,31.1,336,1664
10000,23,8471.0,1039,51.95,1529,8471
20000,23,16906.0,1188,59.4,3094,16906
40000,23,33796.0,1509,75.45,6204,33796
60000,23,50834.0,1534,76.7,9166,50834
80000,23,67797.0,1728,86.4,12203,67797
100000,23,84820.0,1729,86.45,15180,84820
200000,23,169746.0,1756,87.8,30254,169746
400000,23,339861.0,1781,89.05,60139,339861
600000,23,509987.0,1831,91.55,90013,509987
800000,23,679807.0,1875,93.75,120193,679807
1000000,23,849692.0,1877,93.85,150308,849692
2,24,0.0,1,0.05,2,0
3,24,0.0,2,0.1,3,0
100,24,85.0,50,2.5,15,85
200,24,170.0,98,4.9,30,170
2000,24,1653.0,713,35.65,347,1653
10000,24,8344.0,1616,80.8,1656,8344
20000,24,16797.0,1923,96.15,3203,16797
40000,24,33709.0,2239,111.95,6291,33709
60000,24,50637.0,2626,131.3,9363,50637
80000,24,67605.0,2649,132.45,12395,67605
100000,24,84616.0,2651,132.55,15384,84616
200000,24,169600.0,2732,136.6,30400,169600
400000,24,339518.0,2741,137.05,60482,339518
600000,24,509715.0,2751,137.55,90285,509715
800000,24,679722.0,2759,137.95,120278,679722
1000000,24,849812.0,2760,138.0,150188,849812
2,25,1.0,1,0.05,1,1
3,25,2.0,1,0.05,1,2
100,25,76.0,52,2.6,24,76
200,25,162.0,105,5.25,38,162
2000,25,1682.0,669,33.45,318,1682
10000,25,8437.0,1630,81.5,1563,8437
20000,25,16961.0,1763,88.15,3039,16961
40000,25,33943.0,2273,113.65,6057,33943
60000,25,50916.0,2383,119.15,9084,50916
80000,25,67914.0,2541,127.05,12086,67914
100000,25,84956.0,2637,131.85,15044,84956
200000,25,170014.0,3167,158.35,29986,170014
400000,25,340052.0,3206,160.3,59948,340052
600000,25,510228.0,3242,162.1,89772,510228
800000,25,680041.0,3304,165.2,119959,680041
1000000,25,850071.0,3312,165.6,149929,850071
2,26,2.0,1,0.05,0,2
3,26,3.0,2,0.1,0,3
100,26,82.0,48,2.4,18,82
200,26,157.0,95,4.75,43,157
2000,26,1651.0,604,30.2,349,1651
10000,26,8407.0,1816,90.8,1593,8407
20000,26,16881.0,2023,101.15,3119,16881
40000,26,33904.0,2140,107.0,6096,33904
60000,26,50940.0,2156,107.8,9060,50940
80000,26,67895.0,2235,111.75,12105,67895
100000,26,84790.0,2335,116.75,15210,84790
200000,26,169833.0,2588,129.4,30167,169833
400000,26,339961.0,2675,133.75,60039,339961
600000,26,509969.0,2696,134.8,90031,509969
800000,26,679818.0,2844,142.2,120182,679818
1000000,26,849715.0,2845,142.25,150285,849715
2,27,2.0,1,0.05,0,2
3,27,3.0,2,0.1,0,3
100,27,90.0,50,2.5,10,90
200,27,176.0,100,5.0,24,176
2000,27,1679.0,609,30.45,321,1679
10000,27,8387.0,1631,81.55,1613,8387
20000,27,16868.0,2034,101.7,3132,16868
40000,27,33826.0,2704,135.2,6174,33826
60000,27,50813.0,2747,137.35,9187,50813
80000,27,67884.0,2753,137.65,12116,67884
100000,27,84825.0,2808,140.4,15175,84825
200000,27,170013.0,3033,151.65,29987,170013
400000,27,339979.0,3218,160.9,60021,339979
600000,27,510124.0,3225,161.25,89876,510124
800000,27,680281.0,3230,161.5,119719,680281
1000000,27,850053.0,3276,163.8,149947,850053
2,28,2.0,1,0.05,0,2
3,28,2.0,2,0.1,1,2
100,28,80.0,46,2.3,20,80
200,28,164.0,86,4.3,36,164
2000,28,1696.0,470,23.5,304,1696
10000,28,8467.0,1521,76.05,1533,8467
20000,28,16974.0,1843,92.15,3026,16974
40000,28,33996.0,1923,96.15,6004,33996
60000,28,50984.0,2180,109.0,9016,50984
80000,28,67994.0,2323,116.15,12006,67994
100000,28,85070.0,2423,121.15,14930,85070
200000,28,169999.0,2542,127.1,30001,169999
400000,28,339758.0,2679,133.95,60242,339758
600000,28,509968.0,2680,134.0,90032,509968
800000,28,679600.0,2911,145.55,120400,679600
1000000,28,849295.0,3004,150.2,150705,849295
2,29,2.0,1,0.05,0,2
3,29,3.0,2,0.1,0,3
100,29,80.0,47,2.35,20,80
200,29,161.0,81,4.05,39,161
2000,29,1647.0,629,31.45,353,1647
10000,29,8376.0,1553,77.65,1624,8376
20000,29,16925.0,1801,90.05,3075,16925
40000,29,33831.0,2352,117.6,6169,33831
60000,29,50781.0,2470,123.5,9219,50781
80000,29,67817.0,2488,124.4,12183,67817
100000,29,84832.0,2503,125.15,15168,84832
200000,29,169928.0,2937,146.85,30072,169928
400000,29,340045.0,2959,147.95,59955,340045
600000,29,509840.0,3023,151.15,90160,509840
800000,29,679645.0,3032,151.6,120355,679645
1000000,29,849728.0,3058,152.9,150272,849728
2,30,2.0,1,0.05,0,2
3,30,3.0,2,0.1,0,3
100,30,79.0,45,2.25,21,79
200,30,162.0,90,4.5,38,162
2000,30,1672.0,562,28.1,328,1672
10000,30,8457.0,1228,61.4,1543,8457
20000,30,16894.0,1615,80.75,3106,16894
40000,30,33801.0,3044,152.2,6199,33801
60000,30,50848.0,3061,153.05,9152,50848
80000,30,67890.0,3140,157.0,12110,67890
100000,30,84857.0,3233,161.65,15143,84857
200000,30,169958.0,3266,163.3,30042,169958
400000,30,340177.0,3372,168.6,59823,340177
600000,30,510191.0,3430,171.5,89809,510191
800000,30,679987.0,3503,175.15,120013,679987
1000000,30,849739.0,3629,181.45,150261,849739
2,31,2.0,1,0.05,0,2
3,31,3.0,2,0.1,0,3
100,31,88.0,51,2.55,12,88
200,31,174.0,96,4.8,26,174
2000,31,1657.0,620,31.0,343,1657
10000,31,8436.0,1257,62.85,1564,8436
20000,31,16937.0,1401,70.05,3063,16937
40000,31,33944.0,1603,80.15,6056,33944
60000,31,50993.0,1633,81.65,9007,50993
80000,31,67966.0,1683,84.15,12034,67966
100000,31,84933.0,1735,86.75,15067,84933
200000,31,169989.0,1771,88.55,30011,169989
400000,31,339893.0,1893,94.65,60107,339893
600000,31,509911.0,1927,96.35,90089,509911
800000,31,679901.0,2019,100.95,120099,679901
1000000,31,850073.0,2019,100.95,149927,850073
2,32,2.0,1,0.05,0,2
3,32,3.0,2,0.1,0,3
100,32,84.0,51,2.55,16,84
200,32,165.0,101,5.05,35,165
2000,32,1670.0,706,35.3,330,1670
10000,32,8432.0,1489,74.45,1568,8432
20000,32,16911.0,1881,94.05,3089,16911
40000,32,33870.0,2371,118.55,6130,33870
60000,32,50761.0,2728,136.4,9239,50761
80000,32,67662.0,2772,138.6,12338,67662
100000,32,84600.0,2809,140.45,15400,84600
200000,32,169409.0,2878,143.9,30591,169409
400000,32,339425.0,2884,144.2,60575,339425
600000,32,509399.0,2904,145.2,90601,509399
800000,32,679593.0,2907,145.35,120407,679593
1000000,32,849640.0,2907,145.35,150360,849640
2,33,2.0,1,0.05,0,2
3,33,3.0,2,0.1,0,3
100,33,80.0,52,2.6,20,80
200,33,164.0,100,5.0,36,164
2000,33,1643.0,645,32.25,357,1643
10000,33,8424.0,1447,72.35,1576,8424
20000,33,16889.0,1761,88.05,3111,16889
40000,33,33775.0,2116,105.8,6225,33775
60000,33,50728.0,2292,114.6,9272,50728
80000,33,67710.0,2344,117.2,12290,67710
100000,33,84629.0,2379,118.95,15371,84629
200000,33,169617.0,2418,120.9,30383,169617
400000,33,339757.0,2427,121.35,60243,339757
600000,33,509384.0,2582,129.1,90616,509384
800000,33,679299.0,2583,129.15,120701,679299
1000000,33,849438.0,2583,129.15,150562,849438
2,34,1.0,1,0.05,1,1
3,34,2.0,2,0.1,1,2
100,34,81.0,52,2.6,19,81
200,34,161.0,102,5.1,39,161
2000,34,1671.0,767,38.35,329,1671
10000,34,8375.0,2187,109.35,1625,8375
20000,34,16878.0,2379,118.95,3122,16878
40000,34,33848.0,2652,132.6,6152,33848
60000,34,50761.0,3359,167.95,9239,50761
80000,34,67755.0,3376,168.8,12245,67755
100000,34,84821.0,3376,168.8,15179,84821
200000,34,169876.0,3396,169.8,30124,169876
400000,34,339845.0,3917,195.85,60155,339845
600000,34,510152.0,3980,199.0,89848,510152
800000,34,680146.0,4009,200.45,119854,680146
1000000,34,850200.0,4012,200.6,149800,850200
2,35,2.0,1,0.05,0,2
3,35,3.0,2,0.1,0,3
100,35,84.0,48,2.4,16,84
200,35,172.0,91,4.55,28,172
2000,35,1665.0,694,34.7,335,1665
10000,35,8393.0,1593,79.65,1607,8393
20000,35,16882.0,2108,105.4,3118,16882
40000,35,33883.0,2269,113.45,6117,33883
60000,35,50878.0,2389,119.45,9122,50878
80000,35,67943.0,2422,121.1,12057,67943
100000,35,84842.0,2522,126.1,15158,84842
200000,35,169713.0,2862,143.1,30287,169713
400000,35,339713.0,2884,144.2,60287,339713
600000,35,509439.0,3121,156.05,90561,509439
800000,35,679509.0,3122,156.1,120491,679509
1000000,35,849821.0,3122,156.1,150179,849821
2,36,2.0,1,0.05,0,2
3,36,3.0,2,0.1,0,3
100,36,82.0,50,2.5,18,82
200,36,161.0,98,4.9,39,161
2000,36,1641.0,797,39.85,359,1641
10000,36,8420.0,1647,82.35,1580,8420
20000,36,16907.0,1949,97.45,3093,16907
40000,36,33931.0,2614,130.7,6069,33931
60000,36,50975.0,2742,137.1,9025,50975
80000,36,68032.0,2751,137.55,11968,68032
100000,36,85005.0,2790,139.5,14995,85005
200000,36,169879.0,3063,153.15,30121,169879
400000,36,340140.0,3081,154.05,59860,340140
600000,36,510228.0,3145,157.25,89772,510228
800000,36,679758.0,3280,164.0,120242,679758
1000000,36,849975.0,3282,164.1,150025,849975
2,37,2.0,1,0.05,0,2
3,37,3.0,2,0.1,0,3
100,37,77.0,46,2.3,23,77
200,37,166.0,92,4.6,34,166
2000,37,1686.0,741,37.05,314,1686
10000,37,8468.0,1885,94.25,1532,8468
20000,37,17013.0,2374,118.7,2987,17013
40000,37,33978.0,3045,152.25,6022,33978
60000,37,50838.0,3491,174.55,9162,50838
80000,37,67881.0,3586,179.3,12119,67881
100000,37,84729.0,3662,183.1,15271,84729
200000,37,169624.0,3760,188.0,30376,169624
400000,37,339621.0,3799,189.95,60379,339621
600000,37,509516.0,3812,190.6,90484,509516
800000,37,679629.0,3812,190.6,120371,679629
1000000,37,849827.0,3814,190.7,150173,849827
2,38,1.0,1,0.05,1,1
3,38,2.0,1,0.05,1,2
100,38,84.0,47,2.35,16,84
200,38,165.0,90,4.5,35,165
2000,38,1681.0,544,27.2,319,1681
10000,38,8384.0,1301,65.05,1616,8384
20000,38,16891.0,1362,68.1,3109,16891
40000,38,33718.0,1676,83.8,6282,33718
60000,38,50685.0,1707,85.35,9315,50685
80000,38,67703.0,1946,97.3,12297,67703
100000,38,84669.0,1946,97.3,15331,84669
200000,38,169584.0,1981,99.05,30416,169584
400000,38,339371.0,2049,102.45,60629,339371
600000,38,509435.0,2051,102.55,90565,509435
800000,38,679383.0,2051,102.55,120617,679383
1000000,38,849449.0,2051,102.55,150551,849449
2,39,1.0,1,0.05,1,1
3,39,2.0,1,0.05,1,2
100,39,76.0,52,2.6,24,76
200,39,166.0,99,4.95,34,166
2000,39,1675.0,792,39.6,325,1675
10000,39,8409.0,2064,103.2,1591,8409
20000,39,16841.0,2420,121.0,3159,16841
40000,39,33800.0,2765,138.25,6200,33800
60000,39,50777.0,2887,144.35,9223,50777
80000,39,67680.0,2953,147.65,12320,67680
100000,39,84746.0,2955,147.75,15254,84746
200000,39,169768.0,3010,150.5,30232,169768
400000,39,339907.0,3018,150.9,60093,339907
600000,39,509754.0,3033,151.65,90246,509754
800000,39,679695.0,3045,152.25,120305,679695
1000000,39,850000.0,3045,152.25,150000,850000
2,40,1.0,1,0.05,1,1
3,40,2.0,1,0.05,1,2
100,40,83.0,48,2.4,17,83
200,40,165.0,93,4.65,35,165
2000,40,1650.0,598,29.9,350,1650
10000,40,8486.0,946,47.3,1514,8486
20000,40,16894.0,1124,56.2,3106,16894
40000,40,33909.0,1171,58.55,6091,33909
60000,40,50818.0,1231,61.55,9182,50818
80000,40,67775.0,1242,62.1,12225,67775
100000,40,84762.0,1247,62.35,15238,84762
200000,40,169874.0,1296,64.8,30126,169874
400000,40,339934.0,1348,67.4,60066,339934
600000,40,509848.0,1353,67.65,90152,509848
800000,40,680029.0,1355,67.75,119971,680029
1000000,40,850344.0,1355,67.75,149656,850344
2,41,2.0,1,0.05,0,2
3,41,3.0,2,0.1,0,3
100,41,87.0,50,2.5,13,87
200,41,176.0,105,5.25,24,176
2000,41,1698.0,770,38.5,302,1698
10000,41,8442.0,1925,96.25,1558,8442
20000,41,16965.0,2443,122.15,3035,16965
40000,41,33953.0,2702,135.1,6047,33953
60000,41,51029.0,2945,147.25,8971,51029
80000,41,68015.0,3098,154.9,11985,68015
100000,41,85131.0,3099,154.95,14869,85131
200000,41,169991.0,3521,176.05,30009,169991
400000,41,339992.0,3616,180.8,60008,339992
600000,41,509916.0,3667,183.35,90084,509916
800000,41,679892.0,3674,183.7,120108,679892
1000000,41,849856.0,3697,184.85,150144,849856
2,42,2.0,1,0.05,0,2
3,42,3.0,2,0.1,0,3
100,42,83.0,50,2.5,17,83
200,42,172.0,100,5.0,28,172
2000,42,1623.0,857,42.85,377,1623
10000,42,8323.0,1577,78.85,1677,8323
20000,42,16833.0,1758,87.9,3167,16833
40000,42,33816.0,1901,95.05,6184,33816
60000,42,50800.0,1946,97.3,9200,50800
80000,42,67895.0,1979,98.95,12105,67895
100000,42,84842.0,2043,102.15,15158,84842
200000,42,169932.0,2059,102.95,30068,169932
400000,42,339678.0,2194,109.7,60322,339678
600000,42,509708.0,2256,112.8,90292,509708
800000,42,679930.0,2256,112.8,120070,679930
1000000,42,849862.0,2307,115.35,150138,849862
2,43,2.0,1,0.05,0,2
3,43,3.0,2,0.1,0,3
100,43,84.0,49,2.45,16,84
200,43,163.0,97,4.85,37,163
2000,43,1673.0,653,32.65,327,1673
10000,43,8425.0,1392,69.6,1575,8425
20000,43,16894.0,1761,88.05,3106,16894
40000,43,33894.0,1898,94.9,6106,33894
60000,43,50966.0,1926,96.3,9034,50966
80000,43,67974.0,1980,99.0,12026,67974
100000,43,84906.0,2052,102.6,15094,84906
200000,43,169907.0,2369,118.45,30093,169907
400000,43,340164.0,2381,119.05,59836,340164
600000,43,510168.0,2392,119.6,89832,510168
800000,43,680091.0,2668,133.4,119909,680091
1000000,43,850010.0,2718,135.9,149990,850010
2,44,2.0,1,0.05,0,2
3,44,3.0,2,0.1,0,3
100,44,88.0,49,2.45,12,88
200,44,169.0,92,4.6,31,169
2000,44,1665.0,590,29.5,335,1665
10000,44,8429.0,1369,68.45,1571,8429
20000,44,16984.0,1600,80.0,3016,16984
40000,44,33987.0,2027,101.35,6013,33987
60000,44,50960.0,2125,106.25,9040,50960
80000,44,67931.0,2139,106.95,12069,67931
100000,44,84908.0,2186,109.3,15092,84908
200000,44,169991.0,2342,117.1,30009,169991
400000,44,339871.0,2399,119.95,60129,339871
600000,44,510179.0,2401,120.05,89821,510179
800000,44,680277.0,2402,120.1,119723,680277
1000000,44,850189.0,2413,120.65,149811,850189
2,45,1.0,1,0.05,1,1
3,45,2.0,2,0.1,1,2
100,45,82.0,50,2.5,18,82
200,45,164.0,93,4.65,36,164
2000,45,1682.0,615,30.75,318,1682
10000,45,8473.0,1959,97.95,1527,8473
20000,45,16967.0,2444,122.2,3033,16967
40000,45,33892.0,3289,164.45,6108,33892
60000,45,50869.0,3462,173.1,9131,50869
80000,45,67790.0,3857,192.85,12210,67790
100000,45,84911.0,3857,192.85,15089,84911
200000,45,170052.0,4047,202.35,29948,170052
400000,45,340239.0,4143,207.15,59761,340239
600000,45,510368.0,4200,210.0,89632,510368
800000,45,680313.0,4227,211.35,119687,680313
1000000,45,850368.0,4281,214.05,149632,850368
2,46,1.0,1,0.05,1,1
3,46,1.0,2,0.1,2,1
100,46,78.0,47,2.35,22,78
200,46,164.0,91,4.55,36,164
2000,46,1653.0,806,40.3,347,1653
10000,46,8446.0,1835,91.75,1554,8446
20000,46,16955.0,2273,113.65,3045,16955
40000,46,33987.0,2569,128.45,6013,33987
60000,46,50939.0,2666,133.3,9061,50939
80000,46,67959.0,2846,142.3,12041,67959
100000,46,84906.0,2906,145.3,15094,84906
200000,46,169954.0,3116,155.8,30046,169954
400000,46,340011.0,3209,160.45,59989,340011
600000,46,509995.0,3221,161.05,90005,509995
800000,46,679796.0,3569,178.45,120204,679796
1000000,46,849978.0,3580,179.0,150022,849978
2,47,2.0,1,0.05,0,2
3,47,3.0,2,0.1,0,3
100,47,85.0,52,2.6,15,85
200,47,167.0,101,5.05,33,167
2000,47,1660.0,737,36.85,340,1660
10000,47,8368.0,1890,94.5,1632,8368
20000,47,16878.0,2290,114.5,3122,16878
40000,47,33863.0,2530,126.5,6137,33863
60000,47,50912.0,2635,131.75,9088,50912
80000,47,67867.0,2763,138.15,12133,67867
100000,47,84901.0,2778,138.9,15099,84901
200000,47,169950.0,2828,141.4,30050,169950
400000,47,339754.0,3324,166.2,60246,339754
600000,47,509827.0,3465,173.25,90173,509827
800000,47,679898.0,3495,174.75,120102,679898
1000000,47,849835.0,3542,177.1,150165,849835
2,48,2.0,1,0.05,0,2
3,48,3.0,2,0.1,0,3
100,48,83.0,47,2.35,17,83
200,48,162.0,90,4.5,38,162
2000,48,1683.0,567,28.35,317,1683
10000,48,8471.0,928,46.4,1529,8471
20000,48,17012.0,1098,54.9,2988,17012
40000,48,34008.0,1445,72.25,5992,34008
60000,48,51035.0,1498,74.9,8965,51035
80000,48,68028.0,2108,105.4,11972,68028
100000,48,85086.0,2121,106.05,14914,85086
200000,48,169993.0,2694,134.7,30007,169993
400000,48,339953.0,2781,139.05,60047,339953
600000,48,510101.0,2787,139.35,89899,510101
800000,48,680129.0,2939,146.95,119871,680129
1000000,48,850118.0,2992,149.6,149882,850118
2,49,1.0,1,0.05,1,1
3,49,2.0,1,0.05,1,2
100,49,82.0,49,2.45,18,82
200,49,165.0,94,4.7,35,165
2000,49,1683.0,634,31.7,317,1683
10000,49,8479.0,1089,54.45,1521,8479
20000,49,17025.0,1376,68.8,2975,17025
40000,49,34050.0,1566,78.3,5950,34050
60000,49,51068.0,1939,96.95,8932,51068
80000,49,68139.0,2025,101.25,11861,68139
100000,49,85159.0,2031,101.55,14841,85159
200000,49,170350.0,2135,106.75,29650,170350
400000,49,340436.0,2230,111.5,59564,340436
600000,49,510617.0,2259,112.95,89383,510617
800000,49,680708.0,2291,114.55,119292,680708
1000000,49,850744.0,2292,114.6,149256,850744
2,50,2.0,1,0.05,0,2
3,50,2.0,2,0.1,1,2
100,50,81.0,47,2.35,19,81
200,50,165.0,92,4.6,35,165
2000,50,1649.0,700,35.0,351,1649
10000,50,8349.0,2726,136.3,1651,8349
20000,50,16819.0,3074,153.7,3181,16819
40000,50,33776.0,3604,180.2,6224,33776
60000,50,50741.0,3790,189.5,9259,50741
80000,50,67753.0,3992,199.6,12247,67753
100000,50,84750.0,3998,199.9,15250,84750
200000,50,169611.0,4179,208.95,30389,169611
400000,50,339808.0,4217,210.85,60192,339808
600000,50,509788.0,4247,212.35,90212,509788
800000,50,679996.0,4247,212.35,120004,679996
1000000,50,850015.0,4324,216.2,149985,850015
2,51,2.0,1,0.05,0,2
3,51,3.0,2,0.1,0,3
100,51,87.0,52,2.6,13,87
200,51,172.0,109,5.45,28,172
2000,51,1669.0,739,36.95,331,1669
10000,51,8374.0,1840,92.0,1626,8374
20000,51,16832.0,2111,105.55,3168,16832
40000,51,33846.0,2232,111.6,6154,33846
60000,51,50782.0,2282,114.1,9218,50782
80000,51,67675.0,2501,125.05,12325,67675
100000,51,84674.0,2559,127.95,15326,84674
200000,51,169637.0,2580,129.0,30363,169637
400000,51,339796.0,2596,129.8,60204,339796
600000,51,510063.0,2596,129.8,89937,510063
800000,51,679973.0,2759,137.95,120027,679973
1000000,51,850108.0,2784,139.2,149892,850108
2,52,2.0,1,0.05,0,2
3,52,3.0,2,0.1,0,3
100,52,87.0,50,2.5,13,87
200,52,169.0,101,5.05,31,169
2000,52,1664.0,782,39.1,336,1664
10000,52,8434.0,1484,74.2,1566,8434
20000,52,16909.0,2167,108.35,3091,16909
40000,52,33812.0,2642,132.1,6188,33812
60000,52,50927.0,2642,132.1,9073,50927
80000,52,68001.0,2662,133.1,11999,68001
100000,52,84928.0,2826,141.3,15072,84928
200000,52,170083.0,2880,144.0,29917,170083
400000,52,340098.0,3349,167.45,59902,340098
600000,52,510042.0,3429,171.45,89958,510042
800000,52,680252.0,3447,172.35,119748,680252
1000000,52,850459.0,3451,172.55,149541,850459
2,53,1.0,1,0.05,1,1
3,53,2.0,1,0.05,1,2
100,53,85.0,50,2.5,15,85
200,53,168.0,94,4.7,32,168
2000,53,1665.0,697,34.85,335,1665
10000,53,8424.0,1522,76.1,1576,8424
20000,53,16921.0,1660,83.0,3079,16921
40000,53,33889.0,1921,96.05,6111,33889
60000,53,50840.0,2296,114.8,9160,50840
80000,53,67887.0,2338,116.9,12113,67887
100000,53,84886.0,2345,117.25,15114,84886
200000,53,169885.0,2394,119.7,30115,169885
400000,53,340120.0,2414,120.7,59880,340120
600000,53,510226.0,2512,125.6,89774,510226
800000,53,680367.0,2524,126.2,119633,680367
1000000,53,850390.0,2639,131.95,149610,850390
2,54,1.0,1,0.05,1,1
3,54,2.0,1,0.05,1,2
100,54,76.0,50,2.5,24,76
200,54,159.0,95,4.75,41,159
2000,54,1653.0,694,34.7,347,1653
10000,54,8368.0,1872,93.6,1632,8368
20000,54,16825.0,2196,109.8,3175,16825
40000,54,33776.0,2464,123.2,6224,33776
60000,54,50639.0,2719,135.95,9361,50639
80000,54,67513.0,3422,171.1,12487,67513
100000,54,84545.0,3422,171.1,15455,84545
200000,54,169506.0,3436,171.8,30494,169506
400000,54,339218.0,3662,183.1,60782,339218
600000,54,509003.0,3675,183.75,90997,509003
800000,54,679326.0,3677,183.85,120674,679326
1000000,54,849391.0,3677,183.85,150609,849391
2,55,2.0,1,0.05,0,2
3,55,3.0,2,0.1,0,3
100,55,80.0,49,2.45,20,80
200,55,164.0,100,5.0,36,164
2000,55,1666.0,759,37.95,334,1666
10000,55,8367.0,1904,95.2,1633,8367
20000,55,16841.0,2100,105.0,3159,16841
40000,55,33954.0,2109,105.45,6046,33954
60000,55,50949.0,2299,114.95,9051,50949
80000,55,68008.0,2390,119.5,11992,68008
100000,55,84956.0,2411,120.55,15044,84956
200000,55,169989.0,2530,126.5,30011,169989
400000,55,340132.0,2950,147.5,59868,340132
600000,55,510326.0,2991,149.55,89674,510326
800000,55,680526.0,3009,150.45,119474,680526
1000000,55,850608.0,3064,153.2,149392,850608
2,56,1.0,1,0.05,1,1
3,56,2.0,2,0.1,1,2
100,56,87.0,50,2.5,13,87
200,56,176.0,103,5.15,24,176
2000,56,1658.0,859,42.95,342,1658
10000,56,8443.0,1950,97.5,1557,8443
20000,56,16838.0,3166,158.3,3162,16838
40000,56,33892.0,3275,163.75,6108,33892
60000,56,50959.0,3320,166.0,9041,50959
80000,56,67939.0,3469,173.45,12061,67939
100000,56,84917.0,3534,176.7,15083,84917
200000,56,169988.0,3634,181.7,30012,169988
400000,56,339988.0,4019,200.95,60012,339988
600000,56,509972.0,4152,207.6,90028,509972
800000,56,680082.0,4199,209.95,119918,680082
1000000,56,850324.0,4199,209.95,149676,850324
2,57,1.0,1,0.05,1,1
3,57,2.0,1,0.05,1,2
100,57,79.0,49,2.45,21,79
200,57,157.0,98,4.9,43,157
2000,57,1657.0,646,32.3,343,1657
10000,57,8430.0,1135,56.75,1570,8430
20000,57,17012.0,1203,60.15,2988,17012
40000,57,33910.0,1336,66.8,6090,33910
60000,57,50900.0,1524,76.2,9100,50900
80000,57,67975.0,1527,76.35,12025,67975
100000,57,85112.0,1527,76.35,14888,85112
200000,57,170020.0,1854,92.7,29980,170020
400000,57,340173.0,1945,97.25,59827,340173
600000,57,510297.0,1946,97.3,89703,510297
800000,57,680133.0,1948,97.4,119867,680133
1000000,57,850254.0,1951,97.55,149746,850254
2,58,2.0,1,0.05,0,2
3,58,3.0,2,0.1,0,3
100,58,79.0,51,2.55,21,79
200,58,155.0,98,4.9,45,155
2000,58,1675.0,868,43.4,325,1675
10000,58,8451.0,1797,89.85,1549,8451
20000,58,16983.0,2066,103.3,3017,16983
40000,58,34030.0,2407,120.35,5970,34030
60000,58,51073.0,2638,131.9,8927,51073
80000,58,68114.0,3099,154.95,11886,68114
100000,58,85188.0,3125,156.25,14812,85188
200000,58,170389.0,3421,171.05,29611,170389
400000,58,340510.0,3700,185.0,59490,340510
600000,58,510288.0,3754,187.7,89712,510288
800000,58,680325.0,3762,188.1,119675,680325
1000000,58,850515.0,3774,188.7,149485,850515
2,59,1.0,1,0.05,1,1
3,59,1.0,1,0.05,2,1
100,59,83.0,49,2.45,17,83
200,59,168.0,97,4.85,32,168
2000,59,1685.0,568,28.4,315,1685
10000,59,8419.0,1524,76.2,1581,8419
20000,59,16912.0,1836,91.8,3088,16912
40000,59,33924.0,2254,112.7,6076,33924
60000,59,50909.0,2385,119.25,9091,50909
80000,59,67894.0,2439,121.95,12106,67894
100000,59,84852.0,2448,122.4,15148,84852
200000,59,169905.0,2476,123.8,30095,169905
400000,59,339881.0,2568,128.4,60119,339881
600000,59,510008.0,2571,128.55,89992,510008
800000,59,680296.0,2572,128.6,119704,680296
1000000,59,850385.0,2573,128.65,149615,850385
2,60,2.0,1,0.05,0,2
3,60,3.0,2,0.1,0,3
100,60,74.0,42,2.1,26,74
200,60,161.0,78,3.9,39,161
2000,60,1654.0,539,26.95,346,1654
10000,60,8479.0,1232,61.6,1521,8479
20000,60,16950.0,1492,74.6,3050,16950
40000,60,33937.0,1627,81.35,6063,33937
60000,60,51044.0,1646,82.3,8956,51044
80000,60,67990.0,1691,84.55,12010,67990
100000,60,85015.0,1715,85.75,14985,85015
200000,60,169815.0,1952,97.6,30185,169815
400000,60,340186.0,1957,97.85,59814,340186
600000,60,510279.0,1962,98.1,89721,510279
800000,60,680715.0,1962,98.1,119285,680715
1000000,60,850911.0,1965,98.25,149089,850911
2,61,2.0,1,0.05,0,2
3,61,2.0,2,0.1,1,2
100,61,84.0,50,2.5,16,84
200,61,167.0,99,4.95,33,167
2000,61,1649.0,724,36.2,351,1649
10000,61,8462.0,1297,64.85,1538,8462
20000,61,16947.0,2036,101.8,3053,16947
40000,61,33989.0,2464,123.2,6011,33989
60000,61,50919.0,2834,141.7,9081,50919
80000,61,67911.0,2944,147.2,12089,67911
100000,61,84830.0,3012,150.6,15170,84830
200000,61,169742.0,3161,158.05,30258,169742
400000,61,339862.0,3460,173.0,60138,339862
600000,61,509704.0,3521,176.05,90296,509704
800000,61,679646.0,3547,177.35,120354,679646
1000000,61,849723.0,3549,177.45,150277,849723
2,62,2.0,1,0.05,0,2
3,62,2.0,2,0.1,1,2
100,62,84.0,50,2.5,16,84
200,62,170.0,95,4.75,30,170
2000,62,1678.0,655,32.75,322,1678
10000,62,8452.0,1787,89.35,1548,8452
20000,62,16901.0,2317,115.85,3099,16901
40000,62,33893.0,2649,132.45,6107,33893
60000,62,50954.0,2665,133.25,9046,50954
80000,62,67911.0,2748,137.4,12089,67911
100000,62,84898.0,2755,137.75,15102,84898
200000,62,169906.0,2840,142.0,30094,169906
400000,62,339671.0,2863,143.15,60329,339671
600000,62,509749.0,2884,144.2,90251,509749
800000,62,679936.0,3025,151.25,120064,679936
1000000,62,850004.0,3028,151.4,149996,850004
2,63,2.0,1,0.05,0,2
3,63,2.0,2,0.1,1,2
100,63,86.0,48,2.4,14,86
200,63,172.0,89,4.45,28,172
2000,63,1688.0,531,26.55,312,1688
10000,63,8364.0,2030,101.5,1636,8364
20000,63,16895.0,2371,118.55,3105,16895
40000,63,33853.0,3474,173.7,6147,33853
60000,63,50725.0,3690,184.5,9275,50725
80000,63,67749.0,3712,185.6,12251,67749
100000,63,84773.0,3724,186.2,15227,84773
200000,63,169698.0,3808,190.4,30302,169698
400000,63,339577.0,4013,200.65,60423,339577
600000,63,509716.0,4059,202.95,90284,509716
800000,63,679583.0,4066,203.3,120417,679583
1000000,63,849466.0,4080,204.0,150534,849466
2,64,1.0,1,0.05,1,1
3,64,1.0,1,0.05,2,1
100,64,82.0,52,2.6,18,82
200,64,164.0,94,4.7,36,164
2000,64,1692.0,568,28.4,308,1692
10000,64,8426.0,1955,97.75,1574,8426
20000,64,16890.0,2261,113.05,3110,16890
40000,64,33829.0,2809,140.45,6171,33829
60000,64,50785.0,2945,147.25,9215,50785
80000,64,67730.0,3112,155.6,12270,67730
100000,64,84745.0,3159,157.95,15255,84745
200000,64,169697.0,3382,169.1,30303,169697
400000,64,339628.0,3450,172.5,60372,339628
600000,64,509423.0,3552,177.6,90577,509423
800000,64,679424.0,3576,178.8,120576,679424
1000000,64,849265.0,3615,180.75,150735,849265
2,65,2.0,1,0.05,0,2
3,65,3.0,2,0.1,0,3
100,65,85.0,49,2.45,15,85
200,65,174.0,100,5.0,26,174
2000,65,1645.0,814,40.7,355,1645
10000,65,8389.0,2008,100.4,1611,8389
20000,65,16842.0,2261,113.05,3158,16842
40000,65,33814.0,2791,139.55,6186,33814
60000,65,50805.0,2831,141.55,9195,50805
80000,65,67887.0,2931,146.55,12113,67887
100000,65,84961.0,2931,146.55,15039,84961
200000,65,169991.0,2992,149.6,30009,169991
400000,65,340006.0,3008,150.4,59994,340006
600000,65,510081.0,3015,150.75,89919,510081
800000,65,679863.0,3027,151.35,120137,679863
1000000,65,850030.0,3027,151.35,149970,850030
2,66,2.0,1,0.05,0,2
3,66,3.0,2,0.1,0,3
100,66,82.0,49,2.45,18,82
200,66,168.0,89,4.45,32,168
2000,66,1674.0,580,29.0,326,1674
10000,66,8456.0,1442,72.1,1544,8456
20000,66,16869.0,2275,113.75,3131,16869
40000,66,33868.0,2393,119.65,6132,33868
60000,66,50912.0,2557,127.85,9088,50912
80000,66,67884.0,2655,132.75,12116,67884
100000,66,84931.0,2657,132.85,15069,84931
200000,66,169954.0,3419,170.95,30046,169954
400000,66,339895.0,3482,174.1,60105,339895
600000,66,509816.0,3559,177.95,90184,509816
800000,66,679865.0,3572,178.6,120135,679865
1000000,66,849844.0,3574,178.7,150156,849844
2,67,2.0,1,0.05,0,2
3,67,3.0,2,0.1,0,3
100,67,84.0,51,2.55,16,84
200,67,168.0,111,5.55,32,168
2000,67,1670.0,891,44.55,330,1670
10000,67,8466.0,2067,103.35,1534,8466
20000,67,16954.0,2488,124.4,3046,16954
40000,67,33975.0,3011,150.55,6025,33975
60000,67,50948.0,3121,156.05,9052,50948
80000,67,67998.0,3170,158.5,12002,67998
100000,67,84890.0,3458,172.9,15110,84890
200000,67,169869.0,3601,180.05,30131,169869
400000,67,339874.0,3665,183.25,60126,339874
600000,67,509725.0,3967,198.35,90275,509725
800000,67,679946.0,3967,198.35,120054,679946
1000000,67,849839.0,3976,198.8,150161,849839
2,68,2.0,1,0.05,0,2
3,68,3.0,2,0.1,0,3
100,68,84.0,48,2.4,16,84
200,68,165.0,99,4.95,35,165
2000,68,1677.0,647,32.35,323,1677
10000,68,8425.0,1789,89.45,1575,8425
20000,68,16803.0,2746,137.3,3197,16803
40000,68,33823.0,3009,150.45,6177,33823
60000,68,50724.0,3292,164.6,9276,50724
80000,68,67854.0,3327,166.35,12146,67854
100000,68,84888.0,3327,166.35,15112,84888
200000,68,169749.0,3669,183.45,30251,169749
400000,68,339637.0,3729,186.45,60363,339637
600000,68,509434.0,3768,188.4,90566,509434
800000,68,679839.0,3768,188.4,120161,679839
1000000,68,850006.0,3768,188.4,149994,850006
2,69,2.0,1,0.05,0,2
3,69,3.0,2,0.1,0,3
100,69,88.0,51,2.55,12,88
200,69,173.0,103,5.15,27,173
2000,69,1674.0,814,40.7,326,1674
10000,69,8394.0,1966,98.3,1606,8394
20000,69,16889.0,2272,113.6,3111,16889
40000,69,33814.0,3113,155.65,6186,33814
60000,69,50859.0,3405,170.25,9141,50859
80000,69,67942.0,3408,170.4,12058,67942
100000,69,85022.0,3439,171.95,14978,85022
200000,69,170145.0,3642,182.1,29855,170145
400000,69,340195.0,3800,190.0,59805,340195
600000,69,510190.0,4162,208.1,89810,510190
800000,69,680114.0,4199,209.95,119886,680114
1000000,69,850132.0,4203,210.15,149868,850132
2,70,1.0,1,0.05,1,1
3,70,2.0,1,0.05,1,2
100,70,79.0,51,2.55,21,79
200,70,162.0,100,5.0,38,162
2000,70,1669.0,685,34.25,331,1669
10000,70,8379.0,1539,76.95,1621,8379
20000,70,16870.0,1740,87.0,3130,16870
40000,70,33822.0,2169,108.45,6178,33822
60000,70,50827.0,2253,112.65,9173,50827
80000,70,67869.0,2316,115.8,12131,67869
100000,70,84869.0,2337,116.85,15131,84869
200000,70,169715.0,2410,120.5,30285,169715
400000,70,339736.0,2448,122.4,60264,339736
600000,70,509803.0,2706,135.3,90197,509803
800000,70,679975.0,2708,135.4,120025,679975
1000000,70,849697.0,2724,136.2,150303,849697
2,71,2.0,1,0.05,0,2
3,71,2.0,2,0.1,1,2
100,71,78.0,51,2.55,22,78
200,71,154.0,102,5.1,46,154
2000,71,1659.0,644,32.2,341,1659
10000,71,8407.0,1589,79.45,1593,8407
20000,71,16907.0,1854,92.7,3093,16907
40000,71,33970.0,1892,94.6,6030,33970
60000,71,50852.0,2121,106.05,9148,50852
80000,71,67897.0,2136,106.8,12103,67897
100000,71,84911.0,2154,107.7,15089,84911
200000,71,169808.0,2538,126.9,30192,169808
400000,71,339941.0,2551,127.55,60059,339941
600000,71,510072.0,2558,127.9,89928,510072
800000,71,680267.0,2558,127.9,119733,680267
1000000,71,850287.0,2590,129.5,149713,850287
2,72,2.0,1,0.05,0,2
3,72,3.0,2,0.1,0,3
100,72,81.0,48,2.4,19,81
200,72,166.0,92,4.6,34,166
2000,72,1689.0,683,34.15,311,1689
10000,72,8420.0,1785,89.25,1580,8420
20000,72,16893.0,2152,107.6,3107,16893
40000,72,33937.0,2352,117.6,6063,33937
60000,72,50917.0,2496,124.8,9083,50917
80000,72,67963.0,2509,125.45,12037,67963
100000,72,84954.0,2725,136.25,15046,84954
200000,72,170185.0,3116,155.8,29815,170185
400000,72,340123.0,3210,160.5,59877,340123
600000,72,510073.0,3276,163.8,89927,510073
800000,72,679898.0,3295,164.75,120102,679898
1000000,72,849764.0,3298,164.9,150236,849764
2,73,2.0,1,0.05,0,2
3,73,2.0,2,0.1,1,2
100,73,80.0,47,2.35,20,80
200,73,162.0,83,4.15,38,162
2000,73,1650.0,639,31.95,350,1650
10000,73,8443.0,1136,56.8,1557,8443
20000,73,17000.0,1176,58.8,3000,17000
40000,73,34022.0,1372,68.6,5978,34022
60000,73,51016.0,1467,73.35,8984,51016
80000,73,67930.0,1503,75.15,12070,67930
100000,73,84943.0,1530,76.5,15057,84943
200000,73,169967.0,1984,99.2,30033,169967
400000,73,339922.0,2042,102.1,60078,339922
600000,73,510088.0,2053,102.65,89912,510088
800000,73,680153.0,2054,102.7,119847,680153
1000000,73,849968.0,2076,103.8,150032,849968
2,74,1.0,1,0.05,1,1
3,74,2.0,2,0.1,1,2
100,74,85.0,51,2.55,15,85
200,74,168.0,101,5.05,32,168
2000,74,1655.0,793,39.65,345,1655
10000,74,8451.0,1670,83.5,1549,8451
20000,74,16882.0,2407,120.35,3118,16882
40000,74,33811.0,3063,153.15,6189,33811
60000,74,50851.0,3077,153.85,9149,50851
80000,74,67826.0,3125,156.25,12174,67826
100000,74,84734.0,3358,167.9,15266,84734
200000,74,169600.0,3792,189.6,30400,169600
400000,74,339692.0,3865,193.25,60308,339692
600000,74,509925.0,3868,193.4,90075,509925
800000,74,679875.0,3881,194.05,120125,679875
1000000,74,849433.0,4054,202.7,150567,849433
2,75,2.0,1,0.05,0,2
3,75,3.0,2,0.1,0,3
100,75,87.0,50,2.5,13,87
200,75,174.0,96,4.8,26,174
2000,75,1678.0,766,38.3,322,1678
10000,75,8436.0,1800,90.0,1564,8436
20000,75,16976.0,2044,102.2,3024,16976
40000,75,33927.0,2338,116.9,6073,33927
60000,75,50947.0,2391,119.55,9053,50947
80000,75,67967.0,2444,122.2,12033,67967
100000,75,84923.0,2459,122.95,15077,84923
200000,75,169887.0,2960,148.0,30113,169887
400000,75,340077.0,3007,150.35,59923,340077
600000,75,510404.0,3008,150.4,89596,510404
800000,75,680392.0,3021,151.05,119608,680392
1000000,75,850511.0,3031,151.55,149489,850511
2,76,1.0,1,0.05,1,1
3,76,2.0,1,0.05,1,2
100,76,77.0,46,2.3,23,77
200,76,157.0,92,4.6,43,157
2000,76,1665.0,837,41.85,335,1665
10000,76,8417.0,1523,76.15,1583,8417
20000,76,16914.0,1904,95.2,3086,16914
40000,76,34005.0,1997,99.85,5995,34005
60000,76,51020.0,2087,104.35,8980,51020
80000,76,68052.0,2152,107.6,11948,68052
100000,76,85090.0,2202,110.1,14910,85090
200000,76,170176.0,2345,117.25,29824,170176
400000,76,340253.0,2488,124.4,59747,340253
600000,76,509901.0,2549,127.45,90099,509901
800000,76,679949.0,2570,128.5,120051,679949
1000000,76,849919.0,2600,130.0,150081,849919
2,77,2.0,1,0.05,0,2
3,77,3.0,2,0.1,0,3
100,77,90.0,49,2.45,10,90
200,77,181.0,98,4.9,19,181
2000,77,1690.0,806,40.3,310,1690
10000,77,8481.0,1611,80.55,1519,8481
20000,77,16912.0,2170,108.5,3088,16912
40000,77,33733.0,3050,152.5,6267,33733
60000,77,50768.0,3094,154.7,9232,50768
80000,77,67716.0,3100,155.0,12284,67716
100000,77,84721.0,3190,159.5,15279,84721
200000,77,169746.0,3210,160.5,30254,169746
400000,77,340042.0,3217,160.85,59958,340042
600000,77,510215.0,3237,161.85,89785,510215
800000,77,680152.0,3278,163.9,119848,680152
1000000,77,849910.0,3301,165.05,150090,849910
2,78,2.0,1,0.05,0,2
3,78,2.0,2,0.1,1,2
100,78,78.0,49,2.45,22,78
200,78,163.0,95,4.75,37,163
2000,78,1655.0,623,31.15,345,1655
10000,78,8436.0,1568,78.4,1564,8436
20000,78,16936.0,1892,94.6,3064,16936
40000,78,34066.0,2057,102.85,5934,34066
60000,78,51039.0,2663,133.15,8961,51039
80000,78,68041.0,2878,143.9,11959,68041
100000,78,85068.0,2910,145.5,14932,85068
200000,78,170168.0,3499,174.95,29832,170168
400000,78,340398.0,3578,178.9,59602,340398
600000,78,510410.0,3646,182.3,89590,510410
800000,78,680214.0,3856,192.8,119786,680214
1000000,78,850258.0,3939,196.95,149742,850258
2,79,2.0,1,0.05,0,2
3,79,3.0,2,0.1,0,3
100,79,86.0,50,2.5,14,86
200,79,169.0,96,4.8,31,169
2000,79,1663.0,636,31.8,337,1663
10000,79,8414.0,1854,92.7,1586,8414
20000,79,16930.0,2088,104.4,3070,16930
40000,79,33913.0,2484,124.2,6087,33913
60000,79,50826.0,2827,141.35,9174,50826
80000,79,67766.0,2927,146.35,12234,67766
100000,79,84690.0,3084,154.2,15310,84690
200000,79,169817.0,3319,165.95,30183,169817
400000,79,339712.0,3402,170.1,60288,339712
600000,79,509601.0,3420,171.0,90399,509601
800000,79,679661.0,3463,173.15,120339,679661
1000000,79,849924.0,3463,173.15,150076,849924
2,80,1.0,1,0.05,1,1
3,80,2.0,2,0.1,1,2
100,80,77.0,51,2.55,23,77
200,80,161.0,99,4.95,39,161
2000,80,1667.0,826,41.3,333,1667
10000,80,8480.0,1542,77.1,1520,8480
20000,80,16957.0,2393,119.65,3043,16957
40000,80,33909.0,2642,132.1,6091,33909
60000,80,50888.0,2989,149.45,9112,50888
80000,80,67849.0,3143,157.15,12151,67849
100000,80,84745.0,3370,168.5,15255,84745
200000,80,169826.0,3490,174.5,30174,169826
400000,80,340034.0,3546,177.3,59966,340034
600000,80,510031.0,3605,180.25,89969,510031
800000,80,680144.0,3641,182.05,119856,680144
1000000,80,850146.0,3676,183.8,149854,850146
2,81,2.0,1,0.05,0,2
3,81,3.0,2,0.1,0,3
100,81,81.0,47,2.35,19,81
200,81,168.0,95,4.75,32,168
2000,81,1650.0,694,34.7,350,1650
10000,81,8411.0,1604,80.2,1589,8411
20000,81,16867.0,1959,97.95,3133,16867
40000,81,33869.0,2206,110.3,6131,33869
60000,81,50923.0,2260,113.0,9077,50923
80000,81,67877.0,2321,116.05,12123,67877
100000,81,84887.0,2395,119.75,15113,84887
200000,81,169970.0,2493,124.65,30030,169970
400000,81,340375.0,2504,125.2,59625,340375
600000,81,510358.0,2627,131.35,89642,510358
800000,81,679909.0,2638,131.9,120091,679909
1000000,81,850005.0,2646,132.3,149995,850005
2,82,2.0,1,0.05,0,2
3,82,2.0,2,0.1,1,2
100,82,84.0,47,2.35,16,84
200,82,162.0,80,4.0,38,162
2000,82,1642.0,514,25.7,358,1642
10000,82,8417.0,1060,53.0,1583,8417
20000,82,16892.0,1203,60.15,3108,16892
40000,82,33944.0,1275,63.75,6056,33944
60000,82,50900.0,1362,68.1,9100,50900
80000,82,67932.0,1365,68.25,12068,67932
100000,82,84938.0,1367,68.35,15062,84938
200000,82,170168.0,1414,70.7,29832,170168
400000,82,340077.0,1565,78.25,59923,340077
600000,82,510220.0,1587,79.35,89780,510220
800000,82,680325.0,1876,93.8,119675,680325
1000000,82,850503.0,1892,94.6,149497,850503
2,83,2.0,1,0.05,0,2
3,83,3.0,2,0.1,0,3
100,83,85.0,52,2.6,15,85
200,83,160.0,105,5.25,40,160
2000,83,1675.0,804,40.2,325,1675
10000,83,8402.0,1752,87.6,1598,8402
20000,83,16888.0,2195,109.75,3112,16888
40000,83,33823.0,2725,136.25,6177,33823
60000,83,50965.0,2725,136.25,9035,50965
80000,83,67879.0,3048,152.4,12121,67879
100000,83,84861.0,3066,153.3,15139,84861
200000,83,169683.0,3345,167.25,30317,169683
400000,83,339874.0,3430,171.5,60126,339874
600000,83,510005.0,3436,171.8,89995,510005
800000,83,680188.0,3646,182.3,119812,680188
1000000,83,850341.0,3814,190.7,149659,850341
2,84,2.0,1,0.05,0,2
3,84,2.0,2,0.1,1,2
100,84,81.0,52,2.6,19,81
200,84,167.0,106,5.3,33,167
2000,84,1666.0,707,35.35,334,1666
10000,84,8378.0,1680,84.0,1622,8378
20000,84,16849.0,1836,91.8,3151,16849
40000,84,33787.0,1980,99.0,6213,33787
60000,84,50741.0,2426,121.3,9259,50741
80000,84,67765.0,2428,121.4,12235,67765
100000,84,84734.0,2449,122.45,15266,84734
200000,84,169714.0,2489,124.45,30286,169714
400000,84,339865.0,2554,127.7,60135,339865
600000,84,509794.0,2613,130.65,90206,509794
800000,84,679694.0,2628,131.4,120306,679694
1000000,84,849551.0,2629,131.45,150449,849551
2,85,2.0,1,0.05,0,2
3,85,2.0,2,0.1,1,2
100,85,85.0,49,2.45,15,85
200,85,168.0,95,4.75,32,168
2000,85,1671.0,692,34.6,329,1671
10000,85,8407.0,1581,79.05,1593,8407
20000,85,16917.0,2085,104.25,3083,16917
40000,85,33842.0,2427,121.35,6158,33842
60000,85,50863.0,2613,130.65,9137,50863
80000,85,67917.0,2700,135.0,12083,67917
100000,85,84858.0,2791,139.55,15142,84858
200000,85,170051.0,2876,143.8,29949,170051
400000,85,340203.0,2921,146.05,59797,340203
600000,85,510062.0,2942,147.1,89938,510062
800000,85,680050.0,2954,147.7,119950,680050
1000000,85,850077.0,2961,148.05,149923,850077
2,86,2.0,1,0.05,0,2
3,86,3.0,2,0.1,0,3
100,86,81.0,52,2.6,19,81
200,86,165.0,99,4.95,35,165
2000,86,1680.0,629,31.45,320,1680
10000,86,8402.0,1832,91.6,1598,8402
20000,86,16888.0,2157,107.85,3112,16888
40000,86,33980.0,2320,116.0,6020,33980
60000,86,50900.0,2535,126.75,9100,50900
80000,86,67903.0,2712,135.6,12097,67903
100000,86,84785.0,2871,143.55,15215,84785
200000,86,169705.0,2932,146.6,30295,169705
400000,86,339850.0,2962,148.1,60150,339850
600000,86,509717.0,2975,148.75,90283,509717
800000,86,679877.0,3002,150.1,120123,679877
1000000,86,849876.0,3008,150.4,150124,849876
2,87,2.0,1,0.05,0,2
3,87,3.0,2,0.1,0,3
100,87,87.0,47,2.35,13,87
200,87,174.0,94,4.7,26,174
2000,87,1689.0,690,34.5,311,1689
10000,87,8444.0,1657,82.85,1556,8444
20000,87,16936.0,2301,115.05,3064,16936
40000,87,33982.0,2383,119.15,6018,33982
60000,87,51070.0,2545,127.25,8930,51070
80000,87,68088.0,2581,129.05,11912,68088
100000,87,85124.0,2623,131.15,14876,85124
200000,87,169988.0,2998,149.9,30012,169988
400000,87,339820.0,3056,152.8,60180,339820
600000,87,510133.0,3117,155.85,89867,510133
800000,87,680476.0,3118,155.9,119524,680476
1000000,87,850252.0,3187,159.35,149748,850252
2,88,1.0,1,0.05,1,1
3,88,2.0,1,0.05,1,2
100,88,79.0,48,2.4,21,79
200,88,162.0,98,4.9,38,162
2000,88,1634.0,693,34.65,366,1634
10000,88,8344.0,2045,102.25,1656,8344
20000,88,16879.0,2147,107.35,3121,16879
40000,88,33941.0,2379,118.95,6059,33941
60000,88,50967.0,2793,139.65,9033,50967
80000,88,68075.0,2793,139.65,11925,68075
100000,88,85087.0,3188,159.4,14913,85087
200000,88,170042.0,3334,166.7,29958,170042
400000,88,339868.0,3890,194.5,60132,339868
600000,88,509960.0,3900,195.0,90040,509960
800000,88,680062.0,3978,198.9,119938,680062
1000000,88,850041.0,4075,203.75,149959,850041
2,89,2.0,1,0.05,0,2
3,89,2.0,2,0.1,1,2
100,89,82.0,47,2.35,18,82
200,89,167.0,96,4.8,33,167
2000,89,1676.0,651,32.55,324,1676
10000,89,8516.0,1527,76.35,1484,8516
20000,89,17008.0,1884,94.2,2992,17008
40000,89,33917.0,2184,109.2,6083,33917
60000,89,50877.0,2503,125.15,9123,50877
80000,89,67887.0,2632,131.6,12113,67887
100000,89,84934.0,2653,132.65,15066,84934
200000,89,169807.0,2755,137.75,30193,169807
400000,89,339876.0,2800,140.0,60124,339876
600000,89,509750.0,2862,143.1,90250,509750
800000,89,679816.0,2939,146.95,120184,679816
1000000,89,849732.0,2940,147.0,150268,849732
2,90,2.0,1,0.05,0,2
3,90,3.0,2,0.1,0,3
100,90,84.0,49,2.45,16,84
200,90,166.0,92,4.6,34,166
2000,90,1677.0,747,37.35,323,1677
10000,90,8484.0,1435,71.75,1516,8484
20000,90,16972.0,1646,82.3,3028,16972
40000,90,34001.0,1877,93.85,5999,34001
60000,90,50907.0,2015,100.75,9093,50907
80000,90,67866.0,2074,103.7,12134,67866
100000,90,84837.0,2090,104.5,15163,84837
200000,90,169874.0,2135,106.75,30126,169874
400000,90,339775.0,2214,110.7,60225,339775
600000,90,509698.0,2222,111.1,90302,509698
800000,90,679833.0,2223,111.15,120167,679833
1000000,90,849921.0,2223,111.15,150079,849921
2,91,2.0,1,0.05,0,2
3,91,3.0,2,0.1,0,3
100,91,78.0,49,2.45,22,78
200,91,160.0,95,4.75,40,160
2000,91,1667.0,664,33.2,333,1667
10000,91,8378.0,1945,97.25,1622,8378
20000,91,16885.0,2133,106.65,3115,16885
40000,91,33804.0,2637,131.85,6196,33804
60000,91,50805.0,2703,135.15,9195,50805
80000,91,67814.0,2736,136.8,12186,67814
100000,91,84936.0,2736,136.8,15064,84936
200000,91,169939.0,2795,139.75,30061,169939
400000,91,339944.0,2871,143.55,60056,339944
600000,91,509999.0,2899,144.95,90001,509999
800000,91,680371.0,2903,145.15,119629,680371
1000000,91,850149.0,2916,145.8,149851,850149
2,92,2.0,1,0.05,0,2
3,92,3.0,2,0.1,0,3
100,92,90.0,50,2.5,10,90
200,92,172.0,98,4.9,28,172
2000,92,1658.0,593,29.65,342,1658
10000,92,8432.0,1259,62.95,1568,8432
20000,92,16872.0,1455,72.75,3128,16872
40000,92,33917.0,1545,77.25,6083,33917
60000,92,50921.0,1581,79.05,9079,50921
80000,92,67910.0,1619,80.95,12090,67910
100000,92,84958.0,1625,81.25,15042,84958
200000,92,169955.0,1863,93.15,30045,169955
400000,92,340161.0,1942,97.1,59839,340161
600000,92,510100.0,2066,103.3,89900,510100
800000,92,680246.0,2074,103.7,119754,680246
1000000,92,850256.0,2087,104.35,149744,850256
2,93,1.0,1,0.05,1,1
3,93,2.0,1,0.05,1,2
100,93,84.0,48,2.4,16,84
200,93,173.0,92,4.6,27,173
2000,93,1668.0,767,38.35,332,1668
10000,93,8433.0,1582,79.1,1567,8433
20000,93,16918.0,2004,100.2,3082,16918
40000,93,33909.0,2511,125.55,6091,33909
60000,93,50880.0,2767,138.35,9120,50880
80000,93,67789.0,2815,140.75,12211,67789
100000,93,84843.0,2956,147.8,15157,84843
200000,93,169723.0,3100,155.0,30277,169723
400000,93,339855.0,3122,156.1,60145,339855
600000,93,510030.0,3152,157.6,89970,510030
800000,93,679916.0,3218,160.9,120084,679916
1000000,93,849869.0,3293,164.65,150131,849869
2,94,2.0,1,0.05,0,2
3,94,3.0,2,0.1,0,3
100,94,87.0,49,2.45,13,87
200,94,170.0,93,4.65,30,170
2000,94,1695.0,698,34.9,305,1695
10000,94,8480.0,1614,80.7,1520,8480
20000,94,16978.0,2023,101.15,3022,16978
40000,94,33950.0,2206,110.3,6050,33950
60000,94,51015.0,2365,118.25,8985,51015
80000,94,68033.0,2649,132.45,11967,68033
100000,94,85012.0,3080,154.0,14988,85012
200000,94,169908.0,3254,162.7,30092,169908
400000,94,340100.0,3336,166.8,59900,340100
600000,94,510256.0,3358,167.9,89744,510256
800000,94,680043.0,3389,169.45,119957,680043
1000000,94,849959.0,3405,170.25,150041,849959
2,95,2.0,1,0.05,0,2
3,95,3.0,2,0.1,0,3
100,95,88.0,50,2.5,12,88
200,95,171.0,96,4.8,29,171
2000,95,1630.0,651,32.55,370,1630
10000,95,8422.0,1581,79.05,1578,8422
20000,95,16860.0,1880,94.0,3140,16860
40000,95,33847.0,2152,107.6,6153,33847
60000,95,50773.0,2489,124.45,9227,50773
80000,95,67790.0,2493,124.65,12210,67790
100000,95,84733.0,2534,126.7,15267,84733
200000,95,169762.0,2607,130.35,30238,169762
400000,95,339502.0,2659,132.95,60498,339502
600000,95,509645.0,2661,133.05,90355,509645
800000,95,679683.0,2663,133.15,120317,679683
1000000,95,849753.0,2708,135.4,150247,849753
2,96,1.0,1,0.05,1,1
3,96,1.0,2,0.1,2,1
100,96,80.0,50,2.5,20,80
200,96,162.0,97,4.85,38,162
2000,96,1677.0,621,31.05,323,1677
10000,96,8428.0,1734,86.7,1572,8428
20000,96,16896.0,2116,105.8,3104,16896
40000,96,33933.0,2555,127.75,6067,33933
60000,96,50921.0,2662,133.1,9079,50921
80000,96,67873.0,3087,154.35,12127,67873
100000,96,84856.0,3190,159.5,15144,84856
200000,96,169867.0,3262,163.1,30133,169867
400000,96,339900.0,3479,173.95,60100,339900
600000,96,509940.0,3490,174.5,90060,509940
800000,96,680058.0,3501,175.05,119942,680058
1000000,96,850058.0,3504,175.2,149942,850058
2,97,2.0,1,0.05,0,2
3,97,3.0,2,0.1,0,3
100,97,82.0,48,2.4,18,82
200,97,165.0,99,4.95,35,165
2000,97,1670.0,692,34.6,330,1670
10000,97,8444.0,1554,77.7,1556,8444
20000,97,16907.0,1879,93.95,3093,16907
40000,97,33846.0,2160,108.0,6154,33846
60000,97,50789.0,2240,112.0,9211,50789
80000,97,67789.0,2254,112.7,12211,67789
100000,97,84845.0,2261,113.05,15155,84845
200000,97,169810.0,2271,113.55,30190,169810
400000,97,339611.0,2602,130.1,60389,339611
600000,97,509189.0,2792,139.6,90811,509189
800000,97,679091.0,2794,139.7,120909,679091
1000000,97,849018.0,2802,140.1,150982,849018
2,98,2.0,1,0.05,0,2
3,98,3.0,2,0.1,0,3
100,98,83.0,47,2.35,17,83
200,98,160.0,95,4.75,40,160
2000,98,1657.0,722,36.1,343,1657
10000,98,8420.0,1394,69.7,1580,8420
20000,98,16880.0,1692,84.6,3120,16880
40000,98,33887.0,1777,88.85,6113,33887
60000,98,50804.0,2593,129.65,9196,50804
80000,98,67765.0,2735,136.75,12235,67765
100000,98,84803.0,2735,136.75,15197,84803
200000,98,170062.0,2750,137.5,29938,170062
400000,98,340028.0,2807,140.35,59972,340028
600000,98,510075.0,2834,141.7,89925,510075
800000,98,680188.0,2843,142.15,119812,680188
1000000,98,850325.0,2843,142.15,149675,850325
2,99,1.0,1,0.05,1,1
3,99,2.0,1,0.05,1,2
100,99,79.0,51,2.55,21,79
200,99,153.0,102,5.1,47,153
2000,99,1627.0,791,39.55,373,1627
10000,99,8435.0,1307,65.35,1565,8435
20000,99,16905.0,2071,103.55,3095,16905
40000,99,34016.0,2192,109.6,5984,34016
60000,99,51030.0,2282,114.1,8970,51030
80000,99,68063.0,2314,115.7,11937,68063
100000,99,85130.0,2332,116.6,14870,85130
200000,99,170105.0,2409,120.45,29895,170105
400000,99,340060.0,2421,121.05,59940,340060
600000,99,509985.0,2483,124.15,90015,509985
800000,99,679897.0,2527,126.35,120103,679897
1000000,99,849789.0,2533,126.65,150211,849789
2,100,2.0,1,0.05,0,2
3,100,2.0,2,0.1,1,2
100,100,82.0,49,2.45,18,82
200,100,169.0,102,5.1,31,169
2000,100,1667.0,738,36.9,333,1667
10000,100,8420.0,1939,96.95,1580,8420
20000,100,16918.0,2389,119.45,3082,16918
40000,100,33790.0,3446,172.3,6210,33790
60000,100,50757.0,3507,175.35,9243,50757
80000,100,67763.0,3511,175.55,12237,67763
100000,100,84765.0,3537,176.85,15235,84765
200000,100,169776.0,3764,188.2,30224,169776
400000,100,339916.0,3783,189.15,60084,339916
600000,100,509970.0,3803,190.15,90030,509970
800000,100,680127.0,3823,191.15,119873,680127
1000000,100,850074.0,3842,192.1,149926,850074
