Timestep,Iteration,Total Reward,Suboptimal Arms,Total Regret,Zeros Count,Ones Count
2,1,1.0,1,0.04,1,1
3,1,2.0,2,0.08,1,2
100,1,86.0,66,2.64,14,86
200,1,166.0,133,5.32,34,166
2000,1,1751.0,1272,50.88,249,1751
10000,1,8732.0,3912,156.48,1268,8732
20000,1,17567.0,5515,220.6,2433,17567
40000,1,35365.0,6624,264.96,4635,35365
60000,1,53101.0,7751,310.04,6899,53101
80000,1,70873.0,7996,319.84,9127,70873
100000,1,88671.0,8082,323.28,11329,88671
200000,1,177647.0,8352,334.08,22353,177647
400000,1,355766.0,8858,354.32,44234,355766
600000,1,533837.0,8893,355.72,66163,533837
800000,1,711890.0,8924,356.96,88110,711890
1000000,1,889736.0,9174,366.96,110264,889736
2,2,2.0,1,0.04,0,2
3,2,3.0,2,0.08,0,3
100,2,86.0,66,2.64,14,86
200,2,172.0,131,5.24,28,172
2000,2,1729.0,1082,43.28,271,1729
10000,2,8774.0,3191,127.64,1226,8774
20000,2,17572.0,4634,185.36,2428,17572
40000,2,35289.0,5979,239.16,4711,35289
60000,2,53145.0,6024,240.96,6855,53145
80000,2,70986.0,6097,243.88,9014,70986
100000,2,88808.0,6297,251.88,11192,88808
200000,2,177831.0,7039,281.56,22169,177831
400000,2,355562.0,7495,299.8,44438,355562
600000,2,533449.0,7547,301.88,66551,533449
800000,2,711482.0,7576,303.04,88518,711482
1000000,2,889638.0,7577,303.08,110362,889638
2,3,2.0,1,0.04,0,2
3,3,3.0,2,0.08,0,3
100,3,86.0,66,2.64,14,86
200,3,169.0,131,5.24,31,169
2000,3,1738.0,1172,46.88,262,1738
10000,3,8764.0,3167,126.68,1236,8764
20000,3,17637.0,4097,163.88,2363,17637
40000,3,35432.0,5282,211.28,4568,35432
60000,3,53281.0,5395,215.8,6719,53281
80000,3,71072.0,5585,223.4,8928,71072
100000,3,88854.0,5729,229.16,11146,88854
200000,3,177548.0,6252,250.08,22452,177548
400000,3,355266.0,8095,323.8,44734,355266
600000,3,533283.0,8099,323.96,66717,533283
800000,3,711287.0,8099,323.96,88713,711287
1000000,3,889384.0,8142,325.68,110616,889384
2,4,2.0,1,0.04,0,2
3,4,3.0,2,0.08,0,3
100,4,84.0,66,2.64,16,84
200,4,171.0,132,5.28,29,171
2000,4,1723.0,1100,44.0,277,1723
10000,4,8777.0,3133,125.32,1223,8777
20000,4,17605.0,4215,168.6,2395,17605
40000,4,35356.0,4747,189.88,4644,35356
60000,4,53097.0,5026,201.04,6903,53097
80000,4,70800.0,5882,235.28,9200,70800
100000,4,88578.0,5950,238.0,11422,88578
200000,4,177737.0,5997,239.88,22263,177737
400000,4,355638.0,6555,262.2,44362,355638
600000,4,533713.0,7176,287.04,66287,533713
800000,4,711655.0,7195,287.8,88345,711655
1000000,4,889774.0,7198,287.92,110226,889774
2,5,2.0,1,0.04,0,2
3,5,3.0,2,0.08,0,3
100,5,87.0,66,2.64,13,87
200,5,172.0,130,5.2,28,172
2000,5,1721.0,1150,46.0,279,1721
10000,5,8748.0,3300,132.0,1252,8748
20000,5,17607.0,5094,203.76,2393,17607
40000,5,35379.0,6025,241.0,4621,35379
60000,5,53152.0,7044,281.76,6848,53152
80000,5,70937.0,7814,312.56,9063,70937
100000,5,88659.0,8101,324.04,11341,88659
200000,5,177669.0,8619,344.76,22331,177669
400000,5,355681.0,8927,357.08,44319,355681
600000,5,533615.0,9383,375.32,66385,533615
800000,5,711766.0,9383,375.32,88234,711766
1000000,5,889907.0,9390,375.6,110093,889907
2,6,1.0,1,0.04,1,1
3,6,1.0,2,0.08,2,1
100,6,83.0,65,2.6,17,83
200,6,170.0,128,5.12,30,170
2000,6,1706.0,1117,44.68,294,1706
10000,6,8805.0,2773,110.92,1195,8805
20000,6,17685.0,3538,141.52,2315,17685
40000,6,35435.0,4678,187.12,4565,35435
60000,6,53218.0,5305,212.2,6782,53218
80000,6,71034.0,5734,229.36,8966,71034
100000,6,88840.0,5808,232.32,11160,88840
200000,6,177875.0,6248,249.92,22125,177875
400000,6,355972.0,6376,255.04,44028,355972
600000,6,534008.0,6643,265.72,65992,534008
800000,6,712169.0,6740,269.6,87831,712169
1000000,6,890040.0,7249,289.96,109960,890040
2,7,2.0,1,0.04,0,2
3,7,3.0,2,0.08,0,3
100,7,82.0,66,2.64,18,82
200,7,164.0,134,5.36,36,164
2000,7,1724.0,1063,42.52,276,1724
10000,7,8744.0,4080,163.2,1256,8744
20000,7,17593.0,5118,204.72,2407,17593
40000,7,35395.0,6025,241.0,4605,35395
60000,7,53133.0,6879,275.16,6867,53133
80000,7,70932.0,7059,282.36,9068,70932
100000,7,88727.0,7654,306.16,11273,88727
200000,7,177714.0,8079,323.16,22286,177714
400000,7,355657.0,8742,349.68,44343,355657
600000,7,533797.0,9023,360.92,66203,533797
800000,7,711806.0,9084,363.36,88194,711806
1000000,7,889882.0,9105,364.2,110118,889882
2,8,2.0,1,0.04,0,2
3,8,2.0,2,0.08,1,2
100,8,90.0,66,2.64,10,90
200,8,179.0,132,5.28,21,179
2000,8,1735.0,1048,41.92,265,1735
10000,8,8738.0,3360,134.4,1262,8738
20000,8,17623.0,4916,196.64,2377,17623
40000,8,35466.0,5412,216.48,4534,35466
60000,8,53250.0,6132,245.28,6750,53250
80000,8,71102.0,6359,254.36,8898,71102
100000,8,88885.0,6590,263.6,11115,88885
200000,8,177982.0,7374,294.96,22018,177982
400000,8,356149.0,7659,306.36,43851,356149
600000,8,534122.0,7736,309.44,65878,534122
800000,8,712063.0,7926,317.04,87937,712063
1000000,8,890269.0,7929,317.16,109731,890269
2,9,1.0,1,0.04,1,1
3,9,2.0,2,0.08,1,2
100,9,82.0,67,2.68,18,82
200,9,169.0,133,5.32,31,169
2000,9,1728.0,1219,48.76,272,1728
10000,9,8765.0,3749,149.96,1235,8765
20000,9,17575.0,4775,191.0,2425,17575
40000,9,35395.0,5370,214.8,4605,35395
60000,9,53231.0,5496,219.84,6769,53231
80000,9,71055.0,5905,236.2,8945,71055
100000,9,88918.0,5914,236.56,11082,88918
200000,9,177968.0,6521,260.84,22032,177968
400000,9,356007.0,7120,284.8,43993,356007
600000,9,534150.0,7245,289.8,65850,534150
800000,9,712217.0,7332,293.28,87783,712217
1000000,9,890107.0,7706,308.24,109893,890107
2,10,2.0,1,0.04,0,2
3,10,3.0,2,0.08,0,3
100,10,89.0,66,2.64,11,89
200,10,174.0,131,5.24,26,174
2000,10,1760.0,1139,45.56,240,1760
10000,10,8710.0,3886,155.44,1290,8710
20000,10,17550.0,4646,185.84,2450,17550
40000,10,35357.0,5501,220.04,4643,35357
60000,10,53156.0,5901,236.04,6844,53156
80000,10,70945.0,6116,244.64,9055,70945
100000,10,88743.0,6149,245.96,11257,88743
200000,10,177513.0,7553,302.12,22487,177513
400000,10,355475.0,7739,309.56,44525,355475
600000,10,533477.0,7881,315.24,66523,533477
800000,10,711390.0,7897,315.88,88610,711390
1000000,10,889227.0,7918,316.72,110773,889227
2,11,2.0,1,0.04,0,2
3,11,3.0,2,0.08,0,3
100,11,84.0,66,2.64,16,84
200,11,173.0,132,5.28,27,173
2000,11,1723.0,1076,43.04,277,1723
10000,11,8772.0,3421,136.84,1228,8772
20000,11,17634.0,4572,182.88,2366,17634
40000,11,35487.0,5317,212.68,4513,35487
60000,11,53288.0,6063,242.52,6712,53288
80000,11,71048.0,6195,247.8,8952,71048
100000,11,88841.0,6410,256.4,11159,88841
200000,11,177703.0,7287,291.48,22297,177703
400000,11,355570.0,7670,306.8,44430,355570
600000,11,533744.0,7728,309.12,66256,533744
800000,11,711419.0,8157,326.28,88581,711419
1000000,11,889478.0,8200,328.0,110522,889478
2,12,2.0,1,0.04,0,2
3,12,3.0,2,0.08,0,3
100,12,94.0,66,2.64,6,94
200,12,183.0,133,5.32,17,183
2000,12,1757.0,1192,47.68,243,1757
10000,12,8791.0,3318,132.72,1209,8791
20000,12,17648.0,4177,167.08,2352,17648
40000,12,35369.0,5462,218.48,4631,35369
60000,12,53157.0,6172,246.88,6843,53157
80000,12,70945.0,6477,259.08,9055,70945
100000,12,88668.0,7050,282.0,11332,88668
200000,12,177657.0,7479,299.16,22343,177657
400000,12,355865.0,8333,333.32,44135,355865
600000,12,533588.0,9249,369.96,66412,533588
800000,12,711553.0,9624,384.96,88447,711553
1000000,12,889598.0,9709,388.36,110402,889598
2,13,0.0,1,0.04,2,0
3,13,0.0,2,0.08,3,0
100,13,81.0,66,2.64,19,81
200,13,162.0,131,5.24,38,162
2000,13,1723.0,1026,41.04,277,1723
10000,13,8731.0,3685,147.4,1269,8731
20000,13,17550.0,5063,202.52,2450,17550
40000,13,35292.0,5961,238.44,4708,35292
60000,13,53100.0,6217,248.68,6900,53100
80000,13,70788.0,6958,278.32,9212,70788
100000,13,88573.0,7513,300.52,11427,88573
200000,13,177645.0,7640,305.6,22355,177645
400000,13,355664.0,7949,317.96,44336,355664
600000,13,533616.0,8168,326.72,66384,533616
800000,13,711720.0,8206,328.24,88280,711720
1000000,13,890055.0,8206,328.24,109945,890055
2,14,2.0,1,0.04,0,2
3,14,3.0,2,0.08,0,3
100,14,92.0,66,2.64,8,92
200,14,171.0,131,5.24,29,171
2000,14,1735.0,1003,40.12,265,1735
10000,14,8757.0,3280,131.2,1243,8757
20000,14,17652.0,3974,158.96,2348,17652
40000,14,35329.0,5210,208.4,4671,35329
60000,14,53161.0,5283,211.32,6839,53161
80000,14,71047.0,5283,211.32,8953,71047
100000,14,88870.0,5307,212.28,11130,88870
200000,14,177856.0,5801,232.04,22144,177856
400000,14,355847.0,5874,234.96,44153,355847
600000,14,533915.0,5898,235.92,66085,533915
800000,14,711910.0,6323,252.92,88090,711910
1000000,14,889571.0,6458,258.32,110429,889571
2,15,1.0,1,0.04,1,1
3,15,2.0,2,0.08,1,2
100,15,87.0,66,2.64,13,87
200,15,172.0,128,5.12,28,172
2000,15,1748.0,1099,43.96,252,1748
10000,15,8739.0,3221,128.84,1261,8739
20000,15,17630.0,3958,158.32,2370,17630
40000,15,35401.0,5398,215.92,4599,35401
60000,15,53162.0,6341,253.64,6838,53162
80000,15,70887.0,7097,283.88,9113,70887
100000,15,88660.0,7314,292.56,11340,88660
200000,15,177716.0,8397,335.88,22284,177716
400000,15,355450.0,9167,366.68,44550,355450
600000,15,533652.0,9183,367.32,66348,533652
800000,15,711746.0,9189,367.56,88254,711746
1000000,15,889568.0,9521,380.84,110432,889568
2,16,2.0,1,0.04,0,2
3,16,3.0,2,0.08,0,3
100,16,88.0,67,2.68,12,88
200,16,174.0,132,5.28,26,174
2000,16,1704.0,1069,42.76,296,1704
10000,16,8655.0,3344,133.76,1345,8655
20000,16,17525.0,4090,163.6,2475,17525
40000,16,35234.0,4970,198.8,4766,35234
60000,16,53016.0,5744,229.76,6984,53016
80000,16,70784.0,5913,236.52,9216,70784
100000,16,88584.0,6200,248.0,11416,88584
200000,16,177671.0,6316,252.64,22329,177671
400000,16,355169.0,6834,273.36,44831,355169
600000,16,533091.0,6866,274.64,66909,533091
800000,16,711134.0,6872,274.88,88866,711134
1000000,16,889003.0,6980,279.2,110997,889003
2,17,2.0,1,0.04,0,2
3,17,3.0,2,0.08,0,3
100,17,90.0,66,2.64,10,90
200,17,180.0,134,5.36,20,180
2000,17,1708.0,1124,44.96,292,1708
10000,17,8685.0,3190,127.6,1315,8685
20000,17,17556.0,3852,154.08,2444,17556
40000,17,35316.0,4745,189.8,4684,35316
60000,17,53133.0,4877,195.08,6867,53133
80000,17,70951.0,4966,198.64,9049,70951
100000,17,88723.0,5086,203.44,11277,88723
200000,17,177908.0,5161,206.44,22092,177908
400000,17,356069.0,5279,211.16,43931,356069
600000,17,534011.0,5582,223.28,65989,534011
800000,17,711905.0,5673,226.92,88095,711905
1000000,17,889759.0,5761,230.44,110241,889759
2,18,1.0,1,0.04,1,1
3,18,2.0,2,0.08,1,2
100,18,86.0,67,2.68,14,86
200,18,176.0,133,5.32,24,176
2000,18,1729.0,1228,49.12,271,1729
10000,18,8723.0,4067,162.68,1277,8723
20000,18,17604.0,4956,198.24,2396,17604
40000,18,35404.0,5563,222.52,4596,35404
60000,18,53185.0,5978,239.12,6815,53185
80000,18,71009.0,6067,242.68,8991,71009
100000,18,88834.0,6335,253.4,11166,88834
200000,18,177913.0,6545,261.8,22087,177913
400000,18,355836.0,7688,307.52,44164,355836
600000,18,533694.0,7844,313.76,66306,533694
800000,18,711811.0,7949,317.96,88189,711811
1000000,18,889823.0,8036,321.44,110177,889823
2,19,2.0,1,0.04,0,2
3,19,3.0,2,0.08,0,3
100,19,93.0,67,2.68,7,93
200,19,178.0,133,5.32,22,178
2000,19,1744.0,1179,47.16,256,1744
10000,19,8754.0,3872,154.88,1246,8754
20000,19,17535.0,5572,222.88,2465,17535
40000,19,35253.0,6258,250.32,4747,35253
60000,19,52996.0,6963,278.52,7004,52996
80000,19,70801.0,7106,284.24,9199,70801
100000,19,88659.0,7106,284.24,11341,88659
200000,19,177508.0,7995,319.8,22492,177508
400000,19,355587.0,8461,338.44,44413,355587
600000,19,533602.0,8481,339.24,66398,533602
800000,19,711510.0,8554,342.16,88490,711510
1000000,19,889502.0,8782,351.28,110498,889502
2,20,2.0,1,0.04,0,2
3,20,3.0,2,0.08,0,3
100,20,89.0,66,2.64,11,89
200,20,180.0,132,5.28,20,180
2000,20,1736.0,1180,47.2,264,1736
10000,20,8690.0,3442,137.68,1310,8690
20000,20,17558.0,4091,163.64,2442,17558
40000,20,35412.0,4316,172.64,4588,35412
60000,20,53271.0,4439,177.56,6729,53271
80000,20,70976.0,4905,196.2,9024,70976
100000,20,88772.0,5029,201.16,11228,88772
200000,20,177834.0,5240,209.6,22166,177834
400000,20,355540.0,5536,221.44,44460,355540
600000,20,533626.0,5548,221.92,66374,533626
800000,20,711526.0,5589,223.56,88474,711526
1000000,20,889289.0,5667,226.68,110711,889289
2,21,1.0,1,0.04,1,1
3,21,2.0,2,0.08,1,2
100,21,85.0,67,2.68,15,85
200,21,170.0,134,5.36,30,170
2000,21,1720.0,1102,44.08,280,1720
10000,21,8770.0,3402,136.08,1230,8770
20000,21,17587.0,4751,190.04,2413,17587
40000,21,35257.0,5652,226.08,4743,35257
60000,21,53044.0,6064,242.56,6956,53044
80000,21,70897.0,6137,245.48,9103,70897
100000,21,88745.0,6148,245.92,11255,88745
200000,21,177713.0,6438,257.52,22287,177713
400000,21,355966.0,6561,262.44,44034,355966
600000,21,533878.0,6721,268.84,66122,533878
800000,21,711857.0,6893,275.72,88143,711857
1000000,21,889805.0,6984,279.36,110195,889805
2,22,2.0,1,0.04,0,2
3,22,3.0,2,0.08,0,3
100,22,89.0,67,2.68,11,89
200,22,173.0,132,5.28,27,173
2000,22,1729.0,1237,49.48,271,1729
10000,22,8779.0,3402,136.08,1221,8779
20000,22,17632.0,4645,185.8,2368,17632
40000,22,35333.0,6212,248.48,4667,35333
60000,22,53086.0,6559,262.36,6914,53086
80000,22,70871.0,6989,279.56,9129,70871
100000,22,88665.0,7031,281.24,11335,88665
200000,22,177675.0,7717,308.68,22325,177675
400000,22,355716.0,7795,311.8,44284,355716
600000,22,533877.0,7854,314.16,66123,533877
800000,22,711822.0,8547,341.88,88178,711822
1000000,22,889913.0,8581,343.24,110087,889913
2,23,1.0,1,0.04,1,1
3,23,2.0,2,0.08,1,2
100,23,88.0,67,2.68,12,88
200,23,180.0,133,5.32,20,180
2000,23,1744.0,1111,44.44,256,1744
10000,23,8769.0,3547,141.88,1231,8769
20000,23,17579.0,5344,213.76,2421,17579
40000,23,35261.0,6136,245.44,4739,35261
60000,23,52962.0,7053,282.12,7038,52962
80000,23,70792.0,7061,282.44,9208,70792
100000,23,88530.0,7185,287.4,11470,88530
200000,23,177694.0,7205,288.2,22306,177694
400000,23,355800.0,7387,295.48,44200,355800
600000,23,533524.0,7662,306.48,66476,533524
800000,23,711660.0,7700,308.0,88340,711660
1000000,23,889720.0,7712,308.48,110280,889720
2,24,2.0,1,0.04,0,2
3,24,3.0,2,0.08,0,3
100,24,84.0,66,2.64,16,84
200,24,171.0,131,5.24,29,171
2000,24,1743.0,1189,47.56,257,1743
10000,24,8786.0,3304,132.16,1214,8786
20000,24,17640.0,4464,178.56,2360,17640
40000,24,35411.0,4946,197.84,4589,35411
60000,24,53316.0,5121,204.84,6684,53316
80000,24,71120.0,5285,211.4,8880,71120
100000,24,88888.0,5557,222.28,11112,88888
200000,24,177833.0,5850,234.0,22167,177833
400000,24,355756.0,6743,269.72,44244,355756
600000,24,533848.0,6785,271.4,66152,533848
800000,24,711986.0,6789,271.56,88014,711986
1000000,24,890056.0,6818,272.72,109944,890056
2,25,2.0,1,0.04,0,2
3,25,3.0,2,0.08,0,3
100,25,88.0,67,2.68,12,88
200,25,167.0,136,5.44,33,167
2000,25,1730.0,1231,49.24,270,1730
10000,25,8745.0,3308,132.32,1255,8745
20000,25,17645.0,4153,166.12,2355,17645
40000,25,35360.0,5177,207.08,4640,35360
60000,25,53208.0,5410,216.4,6792,53208
80000,25,70974.0,5656,226.24,9026,70974
100000,25,88813.0,5813,232.52,11187,88813
200000,25,177778.0,6347,253.88,22222,177778
400000,25,355490.0,7154,286.16,44510,355490
600000,25,533607.0,7203,288.12,66393,533607
800000,25,711884.0,7219,288.76,88116,711884
1000000,25,889792.0,7236,289.44,110208,889792
2,26,2.0,1,0.04,0,2
3,26,3.0,2,0.08,0,3
100,26,90.0,67,2.68,10,90
200,26,172.0,131,5.24,28,172
2000,26,1709.0,1158,46.32,291,1709
10000,26,8753.0,3876,155.04,1247,8753
20000,26,17596.0,6037,241.48,2404,17596
40000,26,35385.0,6963,278.52,4615,35385
60000,26,53090.0,8582,343.28,6910,53090
80000,26,70740.0,9483,379.32,9260,70740
100000,26,88519.0,9656,386.24,11481,88519
200000,26,177656.0,9689,387.56,22344,177656
400000,26,355592.0,9846,393.84,44408,355592
600000,26,533492.0,10754,430.16,66508,533492
800000,26,711676.0,10754,430.16,88324,711676
1000000,26,889609.0,10876,435.04,110391,889609
2,27,2.0,1,0.04,0,2
3,27,3.0,2,0.08,0,3
100,27,90.0,66,2.64,10,90
200,27,174.0,134,5.36,26,174
2000,27,1739.0,1204,48.16,261,1739
10000,27,8722.0,4406,176.24,1278,8722
20000,27,17605.0,5319,212.76,2395,17605
40000,27,35371.0,6018,240.72,4629,35371
60000,27,53168.0,6487,259.48,6832,53168
80000,27,71004.0,6648,265.92,8996,71004
100000,27,88802.0,6816,272.64,11198,88802
200000,27,177882.0,7205,288.2,22118,177882
400000,27,355621.0,7853,314.12,44379,355621
600000,27,533622.0,7965,318.6,66378,533622
800000,27,711720.0,7990,319.6,88280,711720
1000000,27,889700.0,8219,328.76,110300,889700
2,28,2.0,1,0.04,0,2
3,28,2.0,2,0.08,1,2
100,28,92.0,67,2.68,8,92
200,28,174.0,135,5.4,26,174
2000,28,1747.0,1162,46.48,253,1747
10000,28,8774.0,3864,154.56,1226,8774
20000,28,17639.0,5034,201.36,2361,17639
40000,28,35505.0,5382,215.28,4495,35505
60000,28,53338.0,5682,227.28,6662,53338
80000,28,71113.0,6010,240.4,8887,71113
100000,28,88881.0,6385,255.4,11119,88881
200000,28,177815.0,7108,284.32,22185,177815
400000,28,355644.0,7603,304.12,44356,355644
600000,28,533579.0,7731,309.24,66421,533579
800000,28,711525.0,7797,311.88,88475,711525
1000000,28,889583.0,7803,312.12,110417,889583
2,29,1.0,1,0.04,1,1
3,29,2.0,2,0.08,1,2
100,29,87.0,66,2.64,13,87
200,29,173.0,130,5.2,27,173
2000,29,1750.0,1096,43.84,250,1750
10000,29,8754.0,3377,135.08,1246,8754
20000,29,17651.0,4091,163.64,2349,17651
40000,29,35508.0,4859,194.36,4492,35508
60000,29,53330.0,5258,210.32,6670,53330
80000,29,71166.0,5422,216.88,8834,71166
100000,29,88935.0,5839,233.56,11065,88935
200000,29,177930.0,6237,249.48,22070,177930
400000,29,355503.0,7474,298.96,44497,355503
600000,29,533351.0,7524,300.96,66649,533351
800000,29,711172.0,7646,305.84,88828,711172
1000000,29,889194.0,7673,306.92,110806,889194
2,30,2.0,1,0.04,0,2
3,30,3.0,2,0.08,0,3
100,30,85.0,66,2.64,15,85
200,30,174.0,131,5.24,26,174
2000,30,1728.0,1074,42.96,272,1728
10000,30,8738.0,3486,139.44,1262,8738
20000,30,17582.0,5088,203.52,2418,17582
40000,30,35366.0,5934,237.36,4634,35366
60000,30,53089.0,6630,265.2,6911,53089
80000,30,70953.0,6709,268.36,9047,70953
100000,30,88765.0,6727,269.08,11235,88765
200000,30,177618.0,7818,312.72,22382,177618
400000,30,355484.0,8688,347.52,44516,355484
600000,30,533653.0,8688,347.52,66347,533653
800000,30,711761.0,8759,350.36,88239,711761
1000000,30,889796.0,8769,350.76,110204,889796
2,31,2.0,1,0.04,0,2
3,31,3.0,2,0.08,0,3
100,31,86.0,66,2.64,14,86
200,31,173.0,133,5.32,27,173
2000,31,1711.0,1236,49.44,289,1711
10000,31,8745.0,2881,115.24,1255,8745
20000,31,17628.0,3626,145.04,2372,17628
40000,31,35456.0,4409,176.36,4544,35456
60000,31,53204.0,4739,189.56,6796,53204
80000,31,70993.0,4895,195.8,9007,70993
100000,31,88846.0,4934,197.36,11154,88846
200000,31,177926.0,5431,217.24,22074,177926
400000,31,355871.0,5884,235.36,44129,355871
600000,31,533710.0,6378,255.12,66290,533710
800000,31,711612.0,6564,262.56,88388,711612
1000000,31,889303.0,6592,263.68,110697,889303
2,32,2.0,1,0.04,0,2
3,32,3.0,2,0.08,0,3
100,32,87.0,67,2.68,13,87
200,32,170.0,130,5.2,30,170
2000,32,1729.0,1080,43.2,271,1729
10000,32,8753.0,3263,130.52,1247,8753
20000,32,17611.0,4739,189.56,2389,17611
40000,32,35447.0,4953,198.12,4553,35447
60000,32,53253.0,5658,226.32,6747,53253
80000,32,71102.0,5842,233.68,8898,71102
100000,32,88937.0,5863,234.52,11063,88937
200000,32,177774.0,6189,247.56,22226,177774
400000,32,355697.0,6712,268.48,44303,355697
600000,32,533489.0,6865,274.6,66511,533489
800000,32,711307.0,6994,279.76,88693,711307
1000000,32,889251.0,7034,281.36,110749,889251
2,33,2.0,1,0.04,0,2
3,33,2.0,2,0.08,1,2
100,33,83.0,66,2.64,17,83
200,33,168.0,127,5.08,32,168
2000,33,1734.0,1029,41.16,266,1734
10000,33,8731.0,2807,112.28,1269,8731
20000,33,17497.0,3839,153.56,2503,17497
40000,33,35249.0,4895,195.8,4751,35249
60000,33,52986.0,4958,198.32,7014,52986
80000,33,70742.0,5768,230.72,9258,70742
100000,33,88572.0,5768,230.72,11428,88572
200000,33,177602.0,5887,235.48,22398,177602
400000,33,355628.0,6006,240.24,44372,355628
600000,33,533446.0,6022,240.88,66554,533446
800000,33,711760.0,6022,240.88,88240,711760
1000000,33,889927.0,6022,240.88,110073,889927
2,34,1.0,1,0.04,1,1
3,34,2.0,2,0.08,1,2
100,34,83.0,66,2.64,17,83
200,34,170.0,130,5.2,30,170
2000,34,1735.0,1071,42.84,265,1735
10000,34,8745.0,3328,133.12,1255,8745
20000,34,17595.0,4270,170.8,2405,17595
40000,34,35283.0,5420,216.8,4717,35283
60000,34,53105.0,5920,236.8,6895,53105
80000,34,70908.0,5963,238.52,9092,70908
100000,34,88683.0,6647,265.88,11317,88683
200000,34,177625.0,7008,280.32,22375,177625
400000,34,355562.0,7133,285.32,44438,355562
600000,34,533600.0,7334,293.36,66400,533600
800000,34,711356.0,7421,296.84,88644,711356
1000000,34,889530.0,7423,296.92,110470,889530
2,35,2.0,1,0.04,0,2
3,35,2.0,2,0.08,1,2
100,35,88.0,67,2.68,12,88
200,35,172.0,133,5.32,28,172
2000,35,1742.0,1015,40.6,258,1742
10000,35,8762.0,3577,143.08,1238,8762
20000,35,17619.0,4406,176.24,2381,17619
40000,35,35416.0,4809,192.36,4584,35416
60000,35,53240.0,5872,234.88,6760,53240
80000,35,70927.0,6606,264.24,9073,70927
100000,35,88740.0,6731,269.24,11260,88740
200000,35,177708.0,7202,288.08,22292,177708
400000,35,355817.0,7569,302.76,44183,355817
600000,35,533837.0,7680,307.2,66163,533837
800000,35,711723.0,7758,310.32,88277,711723
1000000,35,889734.0,7764,310.56,110266,889734
2,36,2.0,1,0.04,0,2
3,36,2.0,2,0.08,1,2
100,36,79.0,66,2.64,21,79
200,36,166.0,129,5.16,34,166
2000,36,1737.0,1229,49.16,263,1737
10000,36,8756.0,3847,153.88,1244,8756
20000,36,17653.0,4650,186.0,2347,17653
40000,36,35413.0,5573,222.92,4587,35413
60000,36,53188.0,6343,253.72,6812,53188
80000,36,70925.0,6998,279.92,9075,70925
100000,36,88694.0,7165,286.6,11306,88694
200000,36,177577.0,7712,308.48,22423,177577
400000,36,355622.0,7831,313.24,44378,355622
600000,36,533619.0,7870,314.8,66381,533619
800000,36,711592.0,7928,317.12,88408,711592
1000000,36,889373.0,8034,321.36,110627,889373
2,37,1.0,1,0.04,1,1
3,37,2.0,2,0.08,1,2
100,37,78.0,64,2.56,22,78
200,37,164.0,127,5.08,36,164
2000,37,1725.0,1032,41.28,275,1725
10000,37,8791.0,3171,126.84,1209,8791
20000,37,17586.0,4054,162.16,2414,17586
40000,37,35370.0,4818,192.72,4630,35370
60000,37,53185.0,5553,222.12,6815,53185
80000,37,71031.0,5605,224.2,8969,71031
100000,37,88800.0,6041,241.64,11200,88800
200000,37,177888.0,6272,250.88,22112,177888
400000,37,355527.0,6773,270.92,44473,355527
600000,37,533613.0,6901,276.04,66387,533613
800000,37,711587.0,6921,276.84,88413,711587
1000000,37,889513.0,6930,277.2,110487,889513
2,38,2.0,1,0.04,0,2
3,38,3.0,2,0.08,0,3
100,38,91.0,67,2.68,9,91
200,38,171.0,129,5.16,29,171
2000,38,1708.0,981,39.24,292,1708
10000,38,8761.0,2983,119.32,1239,8761
20000,38,17655.0,3703,148.12,2345,17655
40000,38,35340.0,5397,215.88,4660,35340
60000,38,53189.0,5464,218.56,6811,53189
80000,38,71055.0,5562,222.48,8945,71055
100000,38,88803.0,5742,229.68,11197,88803
200000,38,177689.0,6036,241.44,22311,177689
400000,38,355641.0,6399,255.96,44359,355641
600000,38,533554.0,6662,266.48,66446,533554
800000,38,711555.0,6917,276.68,88445,711555
1000000,38,889480.0,6959,278.36,110520,889480
2,39,2.0,1,0.04,0,2
3,39,2.0,2,0.08,1,2
100,39,95.0,69,2.76,5,95
200,39,186.0,133,5.32,14,186
2000,39,1742.0,1230,49.2,258,1742
10000,39,8758.0,3806,152.24,1242,8758
20000,39,17498.0,5797,231.88,2502,17498
40000,39,35288.0,6421,256.84,4712,35288
60000,39,53087.0,6868,274.72,6913,53087
80000,39,70866.0,7091,283.64,9134,70866
100000,39,88613.0,7391,295.64,11387,88613
200000,39,177686.0,7553,302.12,22314,177686
400000,39,355500.0,7985,319.4,44500,355500
600000,39,533593.0,8037,321.48,66407,533593
800000,39,711394.0,8100,324.0,88606,711394
1000000,39,889402.0,8153,326.12,110598,889402
2,40,2.0,1,0.04,0,2
3,40,3.0,2,0.08,0,3
100,40,88.0,66,2.64,12,88
200,40,175.0,130,5.2,25,175
2000,40,1733.0,1140,45.6,267,1733
10000,40,8729.0,4088,163.52,1271,8729
20000,40,17546.0,5133,205.32,2454,17546
40000,40,35352.0,6236,249.44,4648,35352
60000,40,53121.0,6977,279.08,6879,53121
80000,40,70879.0,7363,294.52,9121,70879
100000,40,88668.0,7467,298.68,11332,88668
200000,40,177622.0,7709,308.36,22378,177622
400000,40,355779.0,7969,318.76,44221,355779
600000,40,533944.0,7999,319.96,66056,533944
800000,40,711836.0,8025,321.0,88164,711836
1000000,40,889824.0,8065,322.6,110176,889824
2,41,1.0,1,0.04,1,1
3,41,2.0,2,0.08,1,2
100,41,94.0,65,2.6,6,94
200,41,182.0,133,5.32,18,182
2000,41,1735.0,1185,47.4,265,1735
10000,41,8741.0,4164,166.56,1259,8741
20000,41,17561.0,5347,213.88,2439,17561
40000,41,35318.0,6193,247.72,4682,35318
60000,41,53174.0,6262,250.48,6826,53174
80000,41,70927.0,6938,277.52,9073,70927
100000,41,88740.0,7035,281.4,11260,88740
200000,41,177641.0,7377,295.08,22359,177641
400000,41,355432.0,8940,357.6,44568,355432
600000,41,533402.0,8971,358.84,66598,533402
800000,41,711117.0,9007,360.28,88883,711117
1000000,41,889077.0,9026,361.04,110923,889077
2,42,1.0,1,0.04,1,1
3,42,2.0,2,0.08,1,2
100,42,84.0,66,2.64,16,84
200,42,170.0,129,5.16,30,170
2000,42,1741.0,986,39.44,259,1741
10000,42,8766.0,2665,106.6,1234,8766
20000,42,17645.0,3227,129.08,2355,17645
40000,42,35338.0,3792,151.68,4662,35338
60000,42,53109.0,4348,173.92,6891,53109
80000,42,70893.0,4370,174.8,9107,70893
100000,42,88630.0,5095,203.8,11370,88630
200000,42,177575.0,5209,208.36,22425,177575
400000,42,355532.0,5300,212.0,44468,355532
600000,42,533520.0,5340,213.6,66480,533520
800000,42,711586.0,5340,213.6,88414,711586
1000000,42,889718.0,5344,213.76,110282,889718
2,43,2.0,1,0.04,0,2
3,43,3.0,2,0.08,0,3
100,43,95.0,67,2.68,5,95
200,43,187.0,133,5.32,13,187
2000,43,1779.0,1215,48.6,221,1779
10000,43,8798.0,4374,174.96,1202,8798
20000,43,17638.0,6134,245.36,2362,17638
40000,43,35360.0,7724,308.96,4640,35360
60000,43,53137.0,8486,339.44,6863,53137
80000,43,70969.0,8671,346.84,9031,70969
100000,43,88744.0,8937,357.48,11256,88744
200000,43,177665.0,10302,412.08,22335,177665
400000,43,355525.0,10650,426.0,44475,355525
600000,43,533480.0,10787,431.48,66520,533480
800000,43,711548.0,10812,432.48,88452,711548
1000000,43,889529.0,11074,442.96,110471,889529
2,44,2.0,1,0.04,0,2
3,44,2.0,2,0.08,1,2
100,44,90.0,67,2.68,10,90
200,44,172.0,129,5.16,28,172
2000,44,1734.0,1117,44.68,266,1734
10000,44,8789.0,2975,119.0,1211,8789
20000,44,17675.0,4310,172.4,2325,17675
40000,44,35441.0,5214,208.56,4559,35441
60000,44,53227.0,5828,233.12,6773,53227
80000,44,71013.0,6044,241.76,8987,71013
100000,44,88781.0,6217,248.68,11219,88781
200000,44,177615.0,6827,273.08,22385,177615
400000,44,355481.0,6978,279.12,44519,355481
600000,44,533446.0,7063,282.52,66554,533446
800000,44,711384.0,7157,286.28,88616,711384
1000000,44,889296.0,7179,287.16,110704,889296
2,45,2.0,1,0.04,0,2
3,45,3.0,2,0.08,0,3
100,45,86.0,66,2.64,14,86
200,45,177.0,130,5.2,23,177
2000,45,1765.0,1186,47.44,235,1765
10000,45,8766.0,4109,164.36,1234,8766
20000,45,17554.0,5368,214.72,2446,17554
40000,45,35337.0,6416,256.64,4663,35337
60000,45,53067.0,6833,273.32,6933,53067
80000,45,70866.0,7363,294.52,9134,70866
100000,45,88587.0,7935,317.4,11413,88587
200000,45,177435.0,8619,344.76,22565,177435
400000,45,355572.0,8663,346.52,44428,355572
600000,45,533482.0,8968,358.72,66518,533482
800000,45,711409.0,9031,361.24,88591,711409
1000000,45,889344.0,9062,362.48,110656,889344
2,46,1.0,1,0.04,1,1
3,46,1.0,2,0.08,2,1
100,46,86.0,66,2.64,14,86
200,46,169.0,131,5.24,31,169
2000,46,1723.0,1269,50.76,277,1723
10000,46,8736.0,3361,134.44,1264,8736
20000,46,17589.0,4521,180.84,2411,17589
40000,46,35382.0,5482,219.28,4618,35382
60000,46,53234.0,5745,229.8,6766,53234
80000,46,71037.0,5924,236.96,8963,71037
100000,46,88893.0,5944,237.76,11107,88893
200000,46,177780.0,6837,273.48,22220,177780
400000,46,355666.0,7130,285.2,44334,355666
600000,46,533630.0,7274,290.96,66370,533630
800000,46,711813.0,7506,300.24,88187,711813
1000000,46,889984.0,7511,300.44,110016,889984
2,47,2.0,1,0.04,0,2
3,47,3.0,2,0.08,0,3
100,47,87.0,66,2.64,13,87
200,47,177.0,132,5.28,23,177
2000,47,1743.0,1242,49.68,257,1743
10000,47,8716.0,4699,187.96,1284,8716
20000,47,17518.0,6775,271.0,2482,17518
40000,47,35374.0,7349,293.96,4626,35374
60000,47,53163.0,8709,348.36,6837,53163
80000,47,70961.0,9550,382.0,9039,70961
100000,47,88713.0,9866,394.64,11287,88713
200000,47,177806.0,11550,462.0,22194,177806
400000,47,355516.0,12064,482.56,44484,355516
600000,47,533593.0,12330,493.2,66407,533593
800000,47,711567.0,12356,494.24,88433,711567
1000000,47,889540.0,12365,494.6,110460,889540
2,48,2.0,1,0.04,0,2
3,48,3.0,2,0.08,0,3
100,48,86.0,67,2.68,14,86
200,48,173.0,133,5.32,27,173
2000,48,1731.0,1199,47.96,269,1731
10000,48,8732.0,3635,145.4,1268,8732
20000,48,17589.0,4546,181.84,2411,17589
40000,48,35294.0,6491,259.64,4706,35294
60000,48,53067.0,7240,289.6,6933,53067
80000,48,70925.0,7294,291.76,9075,70925
100000,48,88729.0,7491,299.64,11271,88729
200000,48,177830.0,8037,321.48,22170,177830
400000,48,355820.0,8370,334.8,44180,355820
600000,48,533454.0,8558,342.32,66546,533454
800000,48,711299.0,8783,351.32,88701,711299
1000000,48,889199.0,8807,352.28,110801,889199
2,49,2.0,1,0.04,0,2
3,49,3.0,2,0.08,0,3
100,49,86.0,67,2.68,14,86
200,49,177.0,132,5.28,23,177
2000,49,1749.0,1067,42.68,251,1749
10000,49,8779.0,3645,145.8,1221,8779
20000,49,17586.0,5049,201.96,2414,17586
40000,49,35358.0,5911,236.44,4642,35358
60000,49,53189.0,6290,251.6,6811,53189
80000,49,71072.0,6364,254.56,8928,71072
100000,49,88938.0,6440,257.6,11062,88938
200000,49,177845.0,7140,285.6,22155,177845
400000,49,355959.0,7923,316.92,44041,355959
600000,49,533950.0,9212,368.48,66050,533950
800000,49,712019.0,9382,375.28,87981,712019
1000000,49,889912.0,9564,382.56,110088,889912
2,50,2.0,1,0.04,0,2
3,50,3.0,2,0.08,0,3
100,50,80.0,66,2.64,20,80
200,50,167.0,131,5.24,33,167
2000,50,1722.0,988,39.52,278,1722
10000,50,8727.0,2863,114.52,1273,8727
20000,50,17621.0,3584,143.36,2379,17621
40000,50,35419.0,4012,160.48,4581,35419
60000,50,53177.0,4246,169.84,6823,53177
80000,50,71010.0,5679,227.16,8990,71010
100000,50,88898.0,5679,227.16,11102,88898
200000,50,177903.0,6400,256.0,22097,177903
400000,50,356115.0,6652,266.08,43885,356115
600000,50,534229.0,6794,271.76,65771,534229
800000,50,712262.0,6825,273.0,87738,712262
1000000,50,890231.0,6929,277.16,109769,890231
2,51,2.0,1,0.04,0,2
3,51,3.0,2,0.08,0,3
100,51,88.0,66,2.64,12,88
200,51,183.0,133,5.32,17,183
2000,51,1733.0,1179,47.16,267,1733
10000,51,8810.0,3279,131.16,1190,8810
20000,51,17685.0,4692,187.68,2315,17685
40000,51,35401.0,6725,269.0,4599,35401
60000,51,53102.0,7195,287.8,6898,53102
80000,51,70911.0,7562,302.48,9089,70911
100000,51,88804.0,7601,304.04,11196,88804
200000,51,177748.0,7951,318.04,22252,177748
400000,51,355880.0,7985,319.4,44120,355880
600000,51,533949.0,8124,324.96,66051,533949
800000,51,712214.0,8130,325.2,87786,712214
1000000,51,890259.0,8201,328.04,109741,890259
2,52,2.0,1,0.04,0,2
3,52,3.0,2,0.08,0,3
100,52,89.0,67,2.68,11,89
200,52,171.0,134,5.36,29,171
2000,52,1738.0,1272,50.88,262,1738
10000,52,8754.0,3138,125.52,1246,8754
20000,52,17607.0,4029,161.16,2393,17607
40000,52,35271.0,4935,197.4,4729,35271
60000,52,53024.0,5490,219.6,6976,53024
80000,52,70807.0,5595,223.8,9193,70807
100000,52,88609.0,5607,224.28,11391,88609
200000,52,177565.0,5722,228.88,22435,177565
400000,52,355436.0,6125,245.0,44564,355436
600000,52,533277.0,6150,246.0,66723,533277
800000,52,711142.0,6165,246.6,88858,711142
1000000,52,888970.0,6270,250.8,111030,888970
2,53,1.0,1,0.04,1,1
3,53,2.0,2,0.08,1,2
100,53,84.0,67,2.68,16,84
200,53,176.0,133,5.32,24,176
2000,53,1746.0,1128,45.12,254,1746
10000,53,8771.0,3383,135.32,1229,8771
20000,53,17610.0,4595,183.8,2390,17610
40000,53,35354.0,6132,245.28,4646,35354
60000,53,53197.0,6290,251.6,6803,53197
80000,53,70987.0,6524,260.96,9013,70987
100000,53,88716.0,7439,297.56,11284,88716
200000,53,177699.0,7665,306.6,22301,177699
400000,53,355596.0,8279,331.16,44404,355596
600000,53,533838.0,8448,337.92,66162,533838
800000,53,711740.0,8743,349.72,88260,711740
1000000,53,889562.0,8828,353.12,110438,889562
2,54,2.0,1,0.04,0,2
3,54,3.0,2,0.08,0,3
100,54,85.0,66,2.64,15,85
200,54,175.0,130,5.2,25,175
2000,54,1729.0,1058,42.32,271,1729
10000,54,8740.0,3338,133.52,1260,8740
20000,54,17599.0,4182,167.28,2401,17599
40000,54,35442.0,4534,181.36,4558,35442
60000,54,53226.0,4688,187.52,6774,53226
80000,54,70946.0,4906,196.24,9054,70946
100000,54,88751.0,4970,198.8,11249,88751
200000,54,177811.0,5558,222.32,22189,177811
400000,54,356012.0,6233,249.32,43988,356012
600000,54,533900.0,6330,253.2,66100,533900
800000,54,711921.0,6546,261.84,88079,711921
1000000,54,889915.0,6590,263.6,110085,889915
2,55,1.0,1,0.04,1,1
3,55,2.0,2,0.08,1,2
100,55,86.0,67,2.68,14,86
200,55,171.0,132,5.28,29,171
2000,55,1758.0,1137,45.48,242,1758
10000,55,8798.0,3736,149.44,1202,8798
20000,55,17711.0,5047,201.88,2289,17711
40000,55,35435.0,6277,251.08,4565,35435
60000,55,53184.0,7231,289.24,6816,53184
80000,55,70980.0,7511,300.44,9020,70980
100000,55,88753.0,7756,310.24,11247,88753
200000,55,177741.0,8138,325.52,22259,177741
400000,55,356010.0,8382,335.28,43990,356010
600000,55,533999.0,8434,337.36,66001,533999
800000,55,711928.0,8534,341.36,88072,711928
1000000,55,889858.0,8620,344.8,110142,889858
2,56,1.0,1,0.04,1,1
3,56,2.0,2,0.08,1,2
100,56,94.0,67,2.68,6,94
200,56,180.0,133,5.32,20,180
2000,56,1749.0,1310,52.4,251,1749
10000,56,8832.0,3172,126.88,1168,8832
20000,56,17700.0,4247,169.88,2300,17700
40000,56,35435.0,5378,215.12,4565,35435
60000,56,53166.0,6215,248.6,6834,53166
80000,56,70939.0,7018,280.72,9061,70939
100000,56,88661.0,7379,295.16,11339,88661
200000,56,177747.0,7637,305.48,22253,177747
400000,56,355786.0,8786,351.44,44214,355786
600000,56,533775.0,9382,375.28,66225,533775
800000,56,711504.0,9623,384.92,88496,711504
1000000,56,889491.0,9716,388.64,110509,889491
2,57,2.0,1,0.04,0,2
3,57,3.0,2,0.08,0,3
100,57,87.0,66,2.64,13,87
200,57,176.0,132,5.28,24,176
2000,57,1752.0,1100,44.0,248,1752
10000,57,8785.0,3281,131.24,1215,8785
20000,57,17648.0,4030,161.2,2352,17648
40000,57,35403.0,4538,181.52,4597,35403
60000,57,53101.0,4889,195.56,6899,53101
80000,57,70834.0,4982,199.28,9166,70834
100000,57,88596.0,5024,200.96,11404,88596
200000,57,177464.0,5247,209.88,22536,177464
400000,57,355607.0,5262,210.48,44393,355607
600000,57,533484.0,5355,214.2,66516,533484
800000,57,711486.0,5362,214.48,88514,711486
1000000,57,889478.0,5474,218.96,110522,889478
2,58,0.0,1,0.04,2,0
3,58,1.0,2,0.08,2,1
100,58,90.0,66,2.64,10,90
200,58,172.0,131,5.24,28,172
2000,58,1735.0,1142,45.68,265,1735
10000,58,8755.0,3598,143.92,1245,8755
20000,58,17666.0,4195,167.8,2334,17666
40000,58,35503.0,4676,187.04,4497,35503
60000,58,53272.0,5036,201.44,6728,53272
80000,58,71033.0,5201,208.04,8967,71033
100000,58,88886.0,5218,208.72,11114,88886
200000,58,177790.0,6742,269.68,22210,177790
400000,58,355627.0,7414,296.56,44373,355627
600000,58,533691.0,7485,299.4,66309,533691
800000,58,711632.0,7550,302.0,88368,711632
1000000,58,889529.0,7642,305.68,110471,889529
2,59,2.0,1,0.04,0,2
3,59,3.0,2,0.08,0,3
100,59,85.0,66,2.64,15,85
200,59,171.0,129,5.16,29,171
2000,59,1738.0,1123,44.92,262,1738
10000,59,8791.0,3051,122.04,1209,8791
20000,59,17635.0,4414,176.56,2365,17635
40000,59,35464.0,5362,214.48,4536,35464
60000,59,53218.0,5980,239.2,6782,53218
80000,59,71015.0,6315,252.6,8985,71015
100000,59,88779.0,6418,256.72,11221,88779
200000,59,177580.0,6947,277.88,22420,177580
400000,59,355537.0,7127,285.08,44463,355537
600000,59,533475.0,7443,297.72,66525,533475
800000,59,711511.0,7568,302.72,88489,711511
1000000,59,889373.0,7611,304.44,110627,889373
2,60,2.0,1,0.04,0,2
3,60,3.0,2,0.08,0,3
100,60,82.0,65,2.6,18,82
200,60,169.0,131,5.24,31,169
2000,60,1747.0,1232,49.28,253,1747
10000,60,8731.0,3760,150.4,1269,8731
20000,60,17537.0,5167,206.68,2463,17537
40000,60,35307.0,5857,234.28,4693,35307
60000,60,52964.0,6945,277.8,7036,52964
80000,60,70732.0,7412,296.48,9268,70732
100000,60,88628.0,7412,296.48,11372,88628
200000,60,177551.0,7792,311.68,22449,177551
400000,60,355561.0,8257,330.28,44439,355561
600000,60,533557.0,8469,338.76,66443,533557
800000,60,711314.0,8504,340.16,88686,711314
1000000,60,889309.0,8504,340.16,110691,889309
2,61,2.0,1,0.04,0,2
3,61,2.0,2,0.08,1,2
100,61,88.0,67,2.68,12,88
200,61,174.0,130,5.2,26,174
2000,61,1751.0,1163,46.52,249,1751
10000,61,8739.0,3607,144.28,1261,8739
20000,61,17588.0,5117,204.68,2412,17588
40000,61,35293.0,6473,258.92,4707,35293
60000,61,53066.0,6780,271.2,6934,53066
80000,61,70898.0,6922,276.88,9102,70898
100000,61,88728.0,7001,280.04,11272,88728
200000,61,177751.0,8116,324.64,22249,177751
400000,61,355529.0,8508,340.32,44471,355529
600000,61,533601.0,8628,345.12,66399,533601
800000,61,711507.0,8707,348.28,88493,711507
1000000,61,889436.0,8729,349.16,110564,889436
2,62,2.0,1,0.04,0,2
3,62,3.0,2,0.08,0,3
100,62,88.0,66,2.64,12,88
200,62,176.0,133,5.32,24,176
2000,62,1720.0,1074,42.96,280,1720
10000,62,8682.0,4258,170.32,1318,8682
20000,62,17550.0,5230,209.2,2450,17550
40000,62,35330.0,5827,233.08,4670,35330
60000,62,53133.0,6233,249.32,6867,53133
80000,62,70917.0,6603,264.12,9083,70917
100000,62,88645.0,6770,270.8,11355,88645
200000,62,177704.0,6917,276.68,22296,177704
400000,62,355647.0,7159,286.36,44353,355647
600000,62,533683.0,7177,287.08,66317,533683
800000,62,711554.0,7639,305.56,88446,711554
1000000,62,889672.0,7639,305.56,110328,889672
2,63,2.0,1,0.04,0,2
3,63,3.0,2,0.08,0,3
100,63,92.0,65,2.6,8,92
200,63,177.0,132,5.28,23,177
2000,63,1752.0,1172,46.88,248,1752
10000,63,8798.0,3970,158.8,1202,8798
20000,63,17611.0,5522,220.88,2389,17611
40000,63,35338.0,6599,263.96,4662,35338
60000,63,53138.0,6692,267.68,6862,53138
80000,63,70938.0,6915,276.6,9062,70938
100000,63,88692.0,7372,294.88,11308,88692
200000,63,177645.0,8039,321.56,22355,177645
400000,63,355630.0,8393,335.72,44370,355630
600000,63,533526.0,8472,338.88,66474,533526
800000,63,711457.0,9558,382.32,88543,711457
1000000,63,889577.0,9594,383.76,110423,889577
2,64,2.0,1,0.04,0,2
3,64,3.0,2,0.08,0,3
100,64,91.0,66,2.64,9,91
200,64,172.0,133,5.32,28,172
2000,64,1756.0,1169,46.76,244,1756
10000,64,8822.0,2940,117.6,1178,8822
20000,64,17728.0,3972,158.88,2272,17728
40000,64,35506.0,4942,197.68,4494,35506
60000,64,53191.0,5828,233.12,6809,53191
80000,64,70952.0,6627,265.08,9048,70952
100000,64,88738.0,6727,269.08,11262,88738
200000,64,177824.0,7102,284.08,22176,177824
400000,64,355823.0,8653,346.12,44177,355823
600000,64,533676.0,9138,365.52,66324,533676
800000,64,711589.0,9246,369.84,88411,711589
1000000,64,889641.0,9289,371.56,110359,889641
2,65,2.0,1,0.04,0,2
3,65,3.0,2,0.08,0,3
100,65,85.0,67,2.68,15,85
200,65,175.0,134,5.36,25,175
2000,65,1734.0,1226,49.04,266,1734
10000,65,8751.0,3869,154.76,1249,8751
20000,65,17593.0,5163,206.52,2407,17593
40000,65,35381.0,5672,226.88,4619,35381
60000,65,53127.0,6607,264.28,6873,53127
80000,65,70993.0,6754,270.16,9007,70993
100000,65,88701.0,7302,292.08,11299,88701
200000,65,177778.0,8184,327.36,22222,177778
400000,65,355816.0,8978,359.12,44184,355816
600000,65,533642.0,9483,379.32,66358,533642
800000,65,711679.0,9532,381.28,88321,711679
1000000,65,889565.0,9601,384.04,110435,889565
2,66,2.0,1,0.04,0,2
3,66,3.0,2,0.08,0,3
100,66,90.0,67,2.68,10,90
200,66,177.0,131,5.24,23,177
2000,66,1731.0,1036,41.44,269,1731
10000,66,8801.0,3010,120.4,1199,8801
20000,66,17693.0,3787,151.48,2307,17693
40000,66,35513.0,4679,187.16,4487,35513
60000,66,53327.0,4796,191.84,6673,53327
80000,66,71174.0,5040,201.6,8826,71174
100000,66,88957.0,5116,204.64,11043,88957
200000,66,178003.0,5447,217.88,21997,178003
400000,66,355966.0,6010,240.4,44034,355966
600000,66,533836.0,6103,244.12,66164,533836
800000,66,711759.0,6126,245.04,88241,711759
1000000,66,889825.0,6152,246.08,110175,889825
2,67,1.0,1,0.04,1,1
3,67,1.0,2,0.08,2,1
100,67,86.0,67,2.68,14,86
200,67,175.0,131,5.24,25,175
2000,67,1744.0,1168,46.72,256,1744
10000,67,8786.0,3475,139.0,1214,8786
20000,67,17619.0,5259,210.36,2381,17619
40000,67,35426.0,6590,263.6,4574,35426
60000,67,53173.0,7038,281.52,6827,53173
80000,67,70995.0,7180,287.2,9005,70995
100000,67,88801.0,7210,288.4,11199,88801
200000,67,177685.0,7712,308.48,22315,177685
400000,67,355546.0,8527,341.08,44454,355546
600000,67,533523.0,8622,344.88,66477,533523
800000,67,711992.0,8629,345.16,88008,711992
1000000,67,890054.0,8629,345.16,109946,890054
2,68,2.0,1,0.04,0,2
3,68,3.0,2,0.08,0,3
100,68,81.0,67,2.68,19,81
200,68,167.0,132,5.28,33,167
2000,68,1714.0,1184,47.36,286,1714
10000,68,8730.0,3358,134.32,1270,8730
20000,68,17550.0,4732,189.28,2450,17550
40000,68,35337.0,5387,215.48,4663,35337
60000,68,53098.0,5594,223.76,6902,53098
80000,68,70907.0,5668,226.72,9093,70907
100000,68,88702.0,5756,230.24,11298,88702
200000,68,177746.0,6080,243.2,22254,177746
400000,68,355848.0,6833,273.32,44152,355848
600000,68,533808.0,6860,274.4,66192,533808
800000,68,711694.0,6992,279.68,88306,711694
1000000,68,889887.0,7018,280.72,110113,889887
2,69,2.0,1,0.04,0,2
3,69,3.0,2,0.08,0,3
100,69,90.0,67,2.68,10,90
200,69,175.0,130,5.2,25,175
2000,69,1736.0,1130,45.2,264,1736
10000,69,8777.0,3756,150.24,1223,8777
20000,69,17590.0,5313,212.52,2410,17590
40000,69,35336.0,6096,243.84,4664,35336
60000,69,53110.0,6409,256.36,6890,53110
80000,69,70928.0,6786,271.44,9072,70928
100000,69,88643.0,7005,280.2,11357,88643
200000,69,177791.0,7199,287.96,22209,177791
400000,69,355763.0,7345,293.8,44237,355763
600000,69,533687.0,7466,298.64,66313,533687
800000,69,711775.0,7478,299.12,88225,711775
1000000,69,889733.0,7618,304.72,110267,889733
2,70,2.0,1,0.04,0,2
3,70,2.0,2,0.08,1,2
100,70,88.0,67,2.68,12,88
200,70,173.0,132,5.28,27,173
2000,70,1709.0,1106,44.24,291,1709
10000,70,8739.0,3491,139.64,1261,8739
20000,70,17574.0,4259,170.36,2426,17574
40000,70,35404.0,4963,198.52,4596,35404
60000,70,53230.0,5024,200.96,6770,53230
80000,70,70854.0,6344,253.76,9146,70854
100000,70,88693.0,6395,255.8,11307,88693
200000,70,177605.0,6729,269.16,22395,177605
400000,70,355608.0,7498,299.92,44392,355608
600000,70,533858.0,7498,299.92,66142,533858
800000,70,711858.0,7512,300.48,88142,711858
1000000,70,890070.0,7550,302.0,109930,890070
2,71,1.0,1,0.04,1,1
3,71,2.0,2,0.08,1,2
100,71,84.0,66,2.64,16,84
200,71,167.0,130,5.2,33,167
2000,71,1734.0,1136,45.44,266,1734
10000,71,8794.0,3920,156.8,1206,8794
20000,71,17655.0,5237,209.48,2345,17655
40000,71,35362.0,6398,255.92,4638,35362
60000,71,53130.0,6693,267.72,6870,53130
80000,71,70904.0,6840,273.6,9096,70904
100000,71,88689.0,6898,275.92,11311,88689
200000,71,177605.0,7360,294.4,22395,177605
400000,71,355752.0,7866,314.64,44248,355752
600000,71,533715.0,8345,333.8,66285,533715
800000,71,711608.0,8362,334.48,88392,711608
1000000,71,889574.0,8382,335.28,110426,889574
2,72,2.0,1,0.04,0,2
3,72,3.0,2,0.08,0,3
100,72,86.0,66,2.64,14,86
200,72,171.0,130,5.2,29,171
2000,72,1766.0,1062,42.48,234,1766
10000,72,8790.0,3527,141.08,1210,8790
20000,72,17704.0,4500,180.0,2296,17704
40000,72,35461.0,5943,237.72,4539,35461
60000,72,53282.0,6368,254.72,6718,53282
80000,72,71095.0,6476,259.04,8905,71095
100000,72,88907.0,6547,261.88,11093,88907
200000,72,177748.0,6972,278.88,22252,177748
400000,72,355969.0,7847,313.88,44031,355969
600000,72,534050.0,8049,321.96,65950,534050
800000,72,711886.0,8188,327.52,88114,711886
1000000,72,889960.0,8269,330.76,110040,889960
2,73,2.0,1,0.04,0,2
3,73,3.0,2,0.08,0,3
100,73,85.0,67,2.68,15,85
200,73,170.0,138,5.52,30,170
2000,73,1731.0,1141,45.64,269,1731
10000,73,8749.0,4149,165.96,1251,8749
20000,73,17572.0,5065,202.6,2428,17572
40000,73,35378.0,5625,225.0,4622,35378
60000,73,53141.0,5960,238.4,6859,53141
80000,73,70947.0,6214,248.56,9053,70947
100000,73,88712.0,6316,252.64,11288,88712
200000,73,177738.0,6681,267.24,22262,177738
400000,73,355529.0,6907,276.28,44471,355529
600000,73,533388.0,7096,283.84,66612,533388
800000,73,711376.0,7097,283.88,88624,711376
1000000,73,889296.0,7113,284.52,110704,889296
2,74,2.0,1,0.04,0,2
3,74,3.0,2,0.08,0,3
100,74,85.0,66,2.64,15,85
200,74,171.0,129,5.16,29,171
2000,74,1746.0,1094,43.76,254,1746
10000,74,8750.0,3057,122.28,1250,8750
20000,74,17620.0,3934,157.36,2380,17620
40000,74,35458.0,4403,176.12,4542,35458
60000,74,53223.0,5231,209.24,6777,53223
80000,74,71011.0,5374,214.96,8989,71011
100000,74,88847.0,5454,218.16,11153,88847
200000,74,177919.0,5701,228.04,22081,177919
400000,74,355716.0,6649,265.96,44284,355716
600000,74,533790.0,6747,269.88,66210,533790
800000,74,711858.0,6754,270.16,88142,711858
1000000,74,889962.0,6813,272.52,110038,889962
2,75,2.0,1,0.04,0,2
3,75,3.0,2,0.08,0,3
100,75,92.0,67,2.68,8,92
200,75,173.0,132,5.28,27,173
2000,75,1718.0,1079,43.16,282,1718
10000,75,8745.0,3625,145.0,1255,8745
20000,75,17587.0,4538,181.52,2413,17587
40000,75,35320.0,5640,225.6,4680,35320
60000,75,53074.0,5815,232.6,6926,53074
80000,75,70923.0,5854,234.16,9077,70923
100000,75,88808.0,5854,234.16,11192,88808
200000,75,177804.0,6112,244.48,22196,177804
400000,75,355950.0,6385,255.4,44050,355950
600000,75,533925.0,6701,268.04,66075,533925
800000,75,712036.0,6764,270.56,87964,712036
1000000,75,890239.0,6766,270.64,109761,890239
2,76,1.0,1,0.04,1,1
3,76,2.0,2,0.08,1,2
100,76,82.0,65,2.6,18,82
200,76,172.0,128,5.12,28,172
2000,76,1728.0,1159,46.36,272,1728
10000,76,8736.0,3538,141.52,1264,8736
20000,76,17608.0,4585,183.4,2392,17608
40000,76,35394.0,5380,215.2,4606,35394
60000,76,53210.0,6156,246.24,6790,53210
80000,76,71035.0,6309,252.36,8965,71035
100000,76,88798.0,6762,270.48,11202,88798
200000,76,177822.0,7208,288.32,22178,177822
400000,76,355901.0,7561,302.44,44099,355901
600000,76,533991.0,7732,309.28,66009,533991
800000,76,712199.0,7747,309.88,87801,712199
1000000,76,890142.0,7771,310.84,109858,890142
2,77,1.0,1,0.04,1,1
3,77,2.0,2,0.08,1,2
100,77,93.0,65,2.6,7,93
200,77,176.0,134,5.36,24,176
2000,77,1759.0,1230,49.2,241,1759
10000,77,8730.0,3919,156.76,1270,8730
20000,77,17608.0,5051,202.04,2392,17608
40000,77,35424.0,5734,229.36,4576,35424
60000,77,53191.0,6240,249.6,6809,53191
80000,77,71033.0,6330,253.2,8967,71033
100000,77,88799.0,6489,259.56,11201,88799
200000,77,177868.0,6765,270.6,22132,177868
400000,77,355903.0,7123,284.92,44097,355903
600000,77,533849.0,7216,288.64,66151,533849
800000,77,711867.0,7564,302.56,88133,711867
1000000,77,890006.0,7570,302.8,109994,890006
2,78,2.0,1,0.04,0,2
3,78,3.0,2,0.08,0,3
100,78,82.0,67,2.68,18,82
200,78,170.0,135,5.4,30,170
2000,78,1744.0,1056,42.24,256,1744
10000,78,8778.0,3270,130.8,1222,8778
20000,78,17589.0,4457,178.28,2411,17589
40000,78,35388.0,5180,207.2,4612,35388
60000,78,53180.0,6194,247.76,6820,53180
80000,78,71071.0,6225,249.0,8929,71071
100000,78,88857.0,6609,264.36,11143,88857
200000,78,177946.0,6989,279.56,22054,177946
400000,78,355926.0,7671,306.84,44074,355926
600000,78,533979.0,7846,313.84,66021,533979
800000,78,711928.0,7897,315.88,88072,711928
1000000,78,889840.0,8175,327.0,110160,889840
2,79,2.0,1,0.04,0,2
3,79,3.0,2,0.08,0,3
100,79,88.0,66,2.64,12,88
200,79,172.0,133,5.32,28,172
2000,79,1746.0,1291,51.64,254,1746
10000,79,8759.0,3694,147.76,1241,8759
20000,79,17607.0,5403,216.12,2393,17607
40000,79,35379.0,6058,242.32,4621,35379
60000,79,53155.0,7295,291.8,6845,53155
80000,79,70983.0,7425,297.0,9017,70983
100000,79,88817.0,7526,301.04,11183,88817
200000,79,177643.0,8856,354.24,22357,177643
400000,79,355657.0,9173,366.92,44343,355657
600000,79,533459.0,9592,383.68,66541,533459
800000,79,711599.0,9764,390.56,88401,711599
1000000,79,889661.0,9768,390.72,110339,889661
2,80,2.0,1,0.04,0,2
3,80,3.0,2,0.08,0,3
100,80,85.0,66,2.64,15,85
200,80,175.0,131,5.24,25,175
2000,80,1727.0,1055,42.2,273,1727
10000,80,8749.0,3158,126.32,1251,8749
20000,80,17642.0,3767,150.68,2358,17642
40000,80,35402.0,4534,181.36,4598,35402
60000,80,53138.0,5101,204.04,6862,53138
80000,80,70860.0,5200,208.0,9140,70860
100000,80,88711.0,5204,208.16,11289,88711
200000,80,177670.0,5532,221.28,22330,177670
400000,80,355517.0,6688,267.52,44483,355517
600000,80,533405.0,6925,277.0,66595,533405
800000,80,711550.0,6957,278.28,88450,711550
1000000,80,889583.0,6969,278.76,110417,889583
2,81,1.0,1,0.04,1,1
3,81,1.0,2,0.08,2,1
100,81,78.0,64,2.56,22,78
200,81,161.0,124,4.96,39,161
2000,81,1723.0,1107,44.28,277,1723
10000,81,8756.0,3656,146.24,1244,8756
20000,81,17557.0,4963,198.52,2443,17557
40000,81,35258.0,6563,262.52,4742,35258
60000,81,53137.0,6626,265.04,6863,53137
80000,81,70885.0,6739,269.56,9115,70885
100000,81,88613.0,7277,291.08,11387,88613
200000,81,177750.0,7647,305.88,22250,177750
400000,81,355730.0,8042,321.68,44270,355730
600000,81,533594.0,8305,332.2,66406,533594
800000,81,711435.0,8485,339.4,88565,711435
1000000,81,889292.0,8499,339.96,110708,889292
2,82,2.0,1,0.04,0,2
3,82,3.0,2,0.08,0,3
100,82,85.0,66,2.64,15,85
200,82,170.0,130,5.2,30,170
2000,82,1727.0,1202,48.08,273,1727
10000,82,8736.0,3740,149.6,1264,8736
20000,82,17555.0,5499,219.96,2445,17555
40000,82,35105.0,7266,290.64,4895,35105
60000,82,52855.0,7722,308.88,7145,52855
80000,82,70622.0,7993,319.72,9378,70622
100000,82,88435.0,8003,320.12,11565,88435
200000,82,177361.0,8417,336.68,22639,177361
400000,82,355474.0,8422,336.88,44526,355474
600000,82,533400.0,8701,348.04,66600,533400
800000,82,711410.0,8757,350.28,88590,711410
1000000,82,889887.0,8757,350.28,110113,889887
2,83,1.0,1,0.04,1,1
3,83,1.0,2,0.08,2,1
100,83,78.0,66,2.64,22,78
200,83,159.0,132,5.28,41,159
2000,83,1733.0,1244,49.76,267,1733
10000,83,8721.0,3654,146.16,1279,8721
20000,83,17639.0,4070,162.8,2361,17639
40000,83,35389.0,4964,198.56,4611,35389
60000,83,53206.0,5068,202.72,6794,53206
80000,83,70956.0,5237,209.48,9044,70956
100000,83,88810.0,5506,220.24,11190,88810
200000,83,177691.0,5879,235.16,22309,177691
400000,83,355776.0,6308,252.32,44224,355776
600000,83,533735.0,6406,256.24,66265,533735
800000,83,711868.0,6656,266.24,88132,711868
1000000,83,889836.0,6714,268.56,110164,889836
2,84,1.0,1,0.04,1,1
3,84,2.0,2,0.08,1,2
100,84,78.0,66,2.64,22,78
200,84,169.0,134,5.36,31,169
2000,84,1705.0,1214,48.56,295,1705
10000,84,8656.0,3630,145.2,1344,8656
20000,84,17534.0,4119,164.76,2466,17534
40000,84,35327.0,4723,188.92,4673,35327
60000,84,53180.0,5090,203.6,6820,53180
80000,84,71022.0,5120,204.8,8978,71022
100000,84,88846.0,5170,206.8,11154,88846
200000,84,177906.0,5853,234.12,22094,177906
400000,84,356012.0,5997,239.88,43988,356012
600000,84,534065.0,6229,249.16,65935,534065
800000,84,712079.0,6478,259.12,87921,712079
1000000,84,889909.0,6531,261.24,110091,889909
2,85,2.0,1,0.04,0,2
3,85,3.0,2,0.08,0,3
100,85,85.0,66,2.64,15,85
200,85,174.0,129,5.16,26,174
2000,85,1736.0,956,38.24,264,1736
10000,85,8803.0,2599,103.96,1197,8803
20000,85,17647.0,3650,146.0,2353,17647
40000,85,35409.0,4732,189.28,4591,35409
60000,85,53115.0,4989,199.56,6885,53115
80000,85,70866.0,5578,223.12,9134,70866
100000,85,88679.0,5582,223.28,11321,88679
200000,85,177757.0,5853,234.12,22243,177757
400000,85,355614.0,6267,250.68,44386,355614
600000,85,533686.0,6331,253.24,66314,533686
800000,85,711656.0,6380,255.2,88344,711656
1000000,85,889694.0,6553,262.12,110306,889694
2,86,1.0,1,0.04,1,1
3,86,2.0,2,0.08,1,2
100,86,84.0,66,2.64,16,84
200,86,172.0,130,5.2,28,172
2000,86,1747.0,1151,46.04,253,1747
10000,86,8817.0,3325,133.0,1183,8817
20000,86,17697.0,4452,178.08,2303,17697
40000,86,35439.0,5067,202.68,4561,35439
60000,86,53333.0,5168,206.72,6667,53333
80000,86,71101.0,5783,231.32,8899,71101
100000,86,88957.0,5815,232.6,11043,88957
200000,86,177890.0,7108,284.32,22110,177890
400000,86,355676.0,7421,296.84,44324,355676
600000,86,533623.0,7520,300.8,66377,533623
800000,86,711781.0,7534,301.36,88219,711781
1000000,86,889842.0,7573,302.92,110158,889842
2,87,2.0,1,0.04,0,2
3,87,2.0,2,0.08,1,2
100,87,87.0,67,2.68,13,87
200,87,173.0,131,5.24,27,173
2000,87,1739.0,1078,43.12,261,1739
10000,87,8797.0,3133,125.32,1203,8797
20000,87,17655.0,4318,172.72,2345,17655
40000,87,35430.0,5977,239.08,4570,35430
60000,87,53217.0,6398,255.92,6783,53217
80000,87,71058.0,6612,264.48,8942,71058
100000,87,88762.0,6875,275.0,11238,88762
200000,87,177689.0,7633,305.32,22311,177689
400000,87,355589.0,8131,325.24,44411,355589
600000,87,533619.0,8167,326.68,66381,533619
800000,87,711794.0,8182,327.28,88206,711794
1000000,87,889949.0,8192,327.68,110051,889949
2,88,2.0,1,0.04,0,2
3,88,3.0,2,0.08,0,3
100,88,87.0,67,2.68,13,87
200,88,171.0,133,5.32,29,171
2000,88,1752.0,1154,46.16,248,1752
10000,88,8746.0,3770,150.8,1254,8746
20000,88,17627.0,4924,196.96,2373,17627
40000,88,35389.0,5548,221.92,4611,35389
60000,88,53238.0,5722,228.88,6762,53238
80000,88,71060.0,5838,233.52,8940,71060
100000,88,88827.0,6501,260.04,11173,88827
200000,88,177860.0,7099,283.96,22140,177860
400000,88,355883.0,7321,292.84,44117,355883
600000,88,533962.0,7350,294.0,66038,533962
800000,88,711963.0,7354,294.16,88037,711963
1000000,88,890023.0,7367,294.68,109977,890023
2,89,2.0,1,0.04,0,2
3,89,3.0,2,0.08,0,3
100,89,83.0,65,2.6,17,83
200,89,168.0,127,5.08,32,168
2000,89,1713.0,1065,42.6,287,1713
10000,89,8738.0,3373,134.92,1262,8738
20000,89,17664.0,3975,159.0,2336,17664
40000,89,35346.0,5384,215.36,4654,35346
60000,89,53257.0,5446,217.84,6743,53257
80000,89,71026.0,5665,226.6,8974,71026
100000,89,88857.0,5730,229.2,11143,88857
200000,89,177671.0,6728,269.12,22329,177671
400000,89,355771.0,7159,286.36,44229,355771
600000,89,533469.0,7376,295.04,66531,533469
800000,89,711636.0,7402,296.08,88364,711636
1000000,89,889934.0,7402,296.08,110066,889934
2,90,2.0,1,0.04,0,2
3,90,3.0,2,0.08,0,3
100,90,89.0,67,2.68,11,89
200,90,163.0,128,5.12,37,163
2000,90,1742.0,1033,41.32,258,1742
10000,90,8784.0,3177,127.08,1216,8784
20000,90,17604.0,4248,169.92,2396,17604
40000,90,35369.0,5624,224.96,4631,35369
60000,90,53144.0,6475,259.0,6856,53144
80000,90,70913.0,7417,296.68,9087,70913
100000,90,88587.0,7862,314.48,11413,88587
200000,90,177537.0,8073,322.92,22463,177537
400000,90,355355.0,8865,354.6,44645,355355
600000,90,533468.0,8888,355.52,66532,533468
800000,90,711393.0,9027,361.08,88607,711393
1000000,90,889623.0,9027,361.08,110377,889623
2,91,2.0,1,0.04,0,2
3,91,3.0,2,0.08,0,3
100,91,79.0,65,2.6,21,79
200,91,164.0,135,5.4,36,164
2000,91,1708.0,1144,45.76,292,1708
10000,91,8758.0,2774,110.96,1242,8758
20000,91,17592.0,4123,164.92,2408,17592
40000,91,35304.0,5032,201.28,4696,35304
60000,91,53065.0,5264,210.56,6935,53065
80000,91,70866.0,5496,219.84,9134,70866
100000,91,88613.0,5983,239.32,11387,88613
200000,91,177650.0,6324,252.96,22350,177650
400000,91,355626.0,6479,259.16,44374,355626
600000,91,533546.0,6876,275.04,66454,533546
800000,91,711366.0,7388,295.52,88634,711366
1000000,91,889364.0,7487,299.48,110636,889364
2,92,2.0,1,0.04,0,2
3,92,2.0,2,0.08,1,2
100,92,84.0,66,2.64,16,84
200,92,172.0,128,5.12,28,172
2000,92,1716.0,994,39.76,284,1716
10000,92,8730.0,3045,121.8,1270,8730
20000,92,17586.0,3771,150.84,2414,17586
40000,92,35338.0,4744,189.76,4662,35338
60000,92,53139.0,4886,195.44,6861,53139
80000,92,70994.0,4894,195.76,9006,70994
100000,92,88810.0,4972,198.88,11190,88810
200000,92,177723.0,5838,233.52,22277,177723
400000,92,355693.0,6105,244.2,44307,355693
600000,92,533740.0,6147,245.88,66260,533740
800000,92,711696.0,6245,249.8,88304,711696
1000000,92,889738.0,6254,250.16,110262,889738
2,93,2.0,1,0.04,0,2
3,93,2.0,2,0.08,1,2
100,93,83.0,66,2.64,17,83
200,93,165.0,132,5.28,35,165
2000,93,1711.0,1279,51.16,289,1711
10000,93,8716.0,4176,167.04,1284,8716
20000,93,17552.0,5079,203.16,2448,17552
40000,93,35383.0,5603,224.12,4617,35383
60000,93,53125.0,5918,236.72,6875,53125
80000,93,70964.0,5968,238.72,9036,70964
100000,93,88826.0,5987,239.48,11174,88826
200000,93,177858.0,6686,267.44,22142,177858
400000,93,355919.0,6904,276.16,44081,355919
600000,93,534024.0,6966,278.64,65976,534024
800000,93,712015.0,7006,280.24,87985,712015
1000000,93,890095.0,7018,280.72,109905,890095
2,94,2.0,1,0.04,0,2
3,94,3.0,2,0.08,0,3
100,94,88.0,67,2.68,12,88
200,94,172.0,129,5.16,28,172
2000,94,1734.0,1160,46.4,266,1734
10000,94,8772.0,2814,112.56,1228,8772
20000,94,17719.0,3646,145.84,2281,17719
40000,94,35469.0,4988,199.52,4531,35469
60000,94,53281.0,5310,212.4,6719,53281
80000,94,71124.0,5368,214.72,8876,71124
100000,94,88958.0,5485,219.4,11042,88958
200000,94,177905.0,6377,255.08,22095,177905
400000,94,355900.0,6759,270.36,44100,355900
600000,94,534132.0,6797,271.88,65868,534132
800000,94,712384.0,6800,272.0,87616,712384
1000000,94,890296.0,8154,326.16,109704,890296
2,95,1.0,1,0.04,1,1
3,95,2.0,2,0.08,1,2
100,95,82.0,67,2.68,18,82
200,95,173.0,133,5.32,27,173
2000,95,1752.0,997,39.88,248,1752
10000,95,8736.0,2665,106.6,1264,8736
20000,95,17656.0,3322,132.88,2344,17656
40000,95,35480.0,3756,150.24,4520,35480
60000,95,53227.0,3955,158.2,6773,53227
80000,95,71090.0,4018,160.72,8910,71090
100000,95,88843.0,4204,168.16,11157,88843
200000,95,177943.0,4466,178.64,22057,177943
400000,95,355788.0,4787,191.48,44212,355788
600000,95,533840.0,4808,192.32,66160,533840
800000,95,711721.0,5301,212.04,88279,711721
1000000,95,889792.0,5326,213.04,110208,889792
2,96,2.0,1,0.04,0,2
3,96,3.0,2,0.08,0,3
100,96,86.0,66,2.64,14,86
200,96,176.0,131,5.24,24,176
2000,96,1737.0,1244,49.76,263,1737
10000,96,8664.0,3525,141.0,1336,8664
20000,96,17557.0,4224,168.96,2443,17557
40000,96,35397.0,4482,179.28,4603,35397
60000,96,53220.0,4872,194.88,6780,53220
80000,96,71013.0,4993,199.72,8987,71013
100000,96,88886.0,5023,200.92,11114,88886
200000,96,177934.0,5558,222.32,22066,177934
400000,96,355864.0,5981,239.24,44136,355864
600000,96,533723.0,6461,258.44,66277,533723
800000,96,711619.0,6500,260.0,88381,711619
1000000,96,889775.0,6500,260.0,110225,889775
2,97,2.0,1,0.04,0,2
3,97,2.0,2,0.08,1,2
100,97,83.0,67,2.68,17,83
200,97,171.0,134,5.36,29,171
2000,97,1720.0,1103,44.12,280,1720
10000,97,8725.0,3681,147.24,1275,8725
20000,97,17579.0,4715,188.6,2421,17579
40000,97,35421.0,5672,226.88,4579,35421
60000,97,53191.0,6192,247.68,6809,53191
80000,97,70956.0,6573,262.92,9044,70956
100000,97,88761.0,6663,266.52,11239,88761
200000,97,177786.0,7741,309.64,22214,177786
400000,97,355824.0,8140,325.6,44176,355824
600000,97,533781.0,8191,327.64,66219,533781
800000,97,711859.0,8200,328.0,88141,711859
1000000,97,889958.0,8203,328.12,110042,889958
2,98,2.0,1,0.04,0,2
3,98,3.0,2,0.08,0,3
100,98,82.0,66,2.64,18,82
200,98,165.0,128,5.12,35,165
2000,98,1724.0,1127,45.08,276,1724
10000,98,8788.0,2917,116.68,1212,8788
20000,98,17706.0,3538,141.52,2294,17706
40000,98,35426.0,5178,207.12,4574,35426
60000,98,53205.0,5742,229.68,6795,53205
80000,98,71017.0,5845,233.8,8983,71017
100000,98,88801.0,5963,238.52,11199,88801
200000,98,177784.0,6351,254.04,22216,177784
400000,98,355659.0,6832,273.28,44341,355659
600000,98,533730.0,6884,275.36,66270,533730
800000,98,711609.0,6984,279.36,88391,711609
1000000,98,889630.0,7024,280.96,110370,889630
2,99,2.0,1,0.04,0,2
3,99,3.0,2,0.08,0,3
100,99,82.0,66,2.64,18,82
200,99,172.0,132,5.28,28,172
2000,99,1757.0,1249,49.96,243,1757
10000,99,8767.0,4137,165.48,1233,8767
20000,99,17601.0,5883,235.32,2399,17601
40000,99,35368.0,7055,282.2,4632,35368
60000,99,53071.0,7974,318.96,6929,53071
80000,99,70904.0,8240,329.6,9096,70904
100000,99,88759.0,8255,330.2,11241,88759
200000,99,177813.0,8581,343.24,22187,177813
400000,99,355782.0,9230,369.2,44218,355782
600000,99,533771.0,9360,374.4,66229,533771
800000,99,711843.0,9443,377.72,88157,711843
1000000,99,890045.0,9447,377.88,109955,890045
2,100,2.0,1,0.04,0,2
3,100,3.0,2,0.08,0,3
100,100,85.0,68,2.72,15,85
200,100,171.0,132,5.28,29,171
2000,100,1736.0,1168,46.72,264,1736
10000,100,8741.0,3594,143.76,1259,8741
20000,100,17557.0,4644,185.76,2443,17557
40000,100,35371.0,5099,203.96,4629,35371
60000,100,53123.0,5264,210.56,6877,53123
80000,100,70851.0,5570,222.8,9149,70851
100000,100,88689.0,5588,223.52,11311,88689
200000,100,177748.0,6142,245.68,22252,177748
400000,100,355779.0,6489,259.56,44221,355779
600000,100,533595.0,6825,273.0,66405,533595
800000,100,711251.0,7021,280.84,88749,711251
1000000,100,889212.0,7097,283.88,110788,889212
