Timestep,Iteration,Total Reward,Suboptimal Arms,Total Regret,Zeros Count,Ones Count
2,1,2.0,1,0.09,0,2
3,1,3.0,2,0.1,0,3
100,1,89.0,66,3.3,11,89
200,1,176.0,133,6.69,24,176
2000,1,1729.0,1333,66.7,271,1729
10000,1,8648.0,6666,333.3,1352,8648
20000,1,17284.0,13333,666.7,2716,17284
40000,1,34873.0,20000,1000.0,5127,34873
60000,1,52819.0,20000,1000.0,7181,52819
80000,1,70735.0,20000,1000.0,9265,70735
100000,1,88569.0,20000,1000.0,11431,88569
200000,1,178028.0,20000,1000.0,21972,178028
400000,1,357035.0,20000,1000.0,42965,357035
600000,1,535728.0,20000,1000.0,64272,535728
800000,1,714635.0,20000,1000.0,85365,714635
1000000,1,893619.0,20000,1000.0,106381,893619
2,2,2.0,1,0.09,0,2
3,2,3.0,2,0.1,0,3
100,2,89.0,66,3.3,11,89
200,2,174.0,133,6.69,26,174
2000,2,1738.0,1333,66.7,262,1738
10000,2,8642.0,6666,333.3,1358,8642
20000,2,17245.0,13333,666.7,2755,17245
40000,2,34796.0,20000,1000.0,5204,34796
60000,2,52753.0,20000,1000.0,7247,52753
80000,2,70722.0,20000,1000.0,9278,70722
100000,2,88610.0,20000,1000.0,11390,88610
200000,2,178171.0,20000,1000.0,21829,178171
400000,2,357258.0,20000,1000.0,42742,357258
600000,2,536339.0,20000,1000.0,63661,536339
800000,2,715551.0,20000,1000.0,84449,715551
1000000,2,894629.0,20000,1000.0,105371,894629
2,3,2.0,1,0.09,0,2
3,3,3.0,2,0.1,0,3
100,3,87.0,66,3.3,13,87
200,3,178.0,133,6.69,22,178
2000,3,1742.0,1333,66.7,258,1742
10000,3,8652.0,6666,333.3,1348,8652
20000,3,17275.0,13333,666.7,2725,17275
40000,3,34812.0,20000,1000.0,5188,34812
60000,3,52763.0,20000,1000.0,7237,52763
80000,3,70655.0,20000,1000.0,9345,70655
100000,3,88661.0,20000,1000.0,11339,88661
200000,3,178158.0,20000,1000.0,21842,178158
400000,3,357235.0,20000,1000.0,42765,357235
600000,3,536216.0,20000,1000.0,63784,536216
800000,3,715109.0,20000,1000.0,84891,715109
1000000,3,894501.0,20000,1000.0,105499,894501
2,4,2.0,1,0.09,0,2
3,4,3.0,2,0.1,0,3
100,4,82.0,66,3.3,18,82
200,4,168.0,133,6.69,32,168
2000,4,1718.0,1333,66.7,282,1718
10000,4,8672.0,6666,333.3,1328,8672
20000,4,17359.0,13333,666.7,2641,17359
40000,4,34882.0,20000,1000.0,5118,34882
60000,4,52789.0,20000,1000.0,7211,52789
80000,4,70699.0,20000,1000.0,9301,70699
100000,4,88610.0,20000,1000.0,11390,88610
200000,4,178234.0,20000,1000.0,21766,178234
400000,4,357510.0,20000,1000.0,42490,357510
600000,4,536402.0,20000,1000.0,63598,536402
800000,4,715398.0,20000,1000.0,84602,715398
1000000,4,894191.0,20000,1000.0,105809,894191
2,5,2.0,1,0.09,0,2
3,5,3.0,2,0.1,0,3
100,5,84.0,66,3.3,16,84
200,5,165.0,133,6.69,35,165
2000,5,1698.0,1333,66.7,302,1698
10000,5,8580.0,6666,333.3,1420,8580
20000,5,17122.0,13333,666.7,2878,17122
40000,5,34694.0,20000,1000.0,5306,34694
60000,5,52660.0,20000,1000.0,7340,52660
80000,5,70645.0,20000,1000.0,9355,70645
100000,5,88519.0,20000,1000.0,11481,88519
200000,5,178005.0,20000,1000.0,21995,178005
400000,5,356926.0,20000,1000.0,43074,356926
600000,5,536102.0,20000,1000.0,63898,536102
800000,5,715231.0,20000,1000.0,84769,715231
1000000,5,894002.0,20000,1000.0,105998,894002
2,6,2.0,1,0.09,0,2
3,6,3.0,2,0.1,0,3
100,6,78.0,66,3.3,22,78
200,6,166.0,133,6.69,34,166
2000,6,1716.0,1333,66.7,284,1716
10000,6,8637.0,6666,333.3,1363,8637
20000,6,17230.0,13333,666.7,2770,17230
40000,6,34876.0,20000,1000.0,5124,34876
60000,6,52753.0,20000,1000.0,7247,52753
80000,6,70641.0,20000,1000.0,9359,70641
100000,6,88586.0,20000,1000.0,11414,88586
200000,6,178118.0,20000,1000.0,21882,178118
400000,6,357179.0,20000,1000.0,42821,357179
600000,6,536282.0,20000,1000.0,63718,536282
800000,6,714941.0,20000,1000.0,85059,714941
1000000,6,894132.0,20000,1000.0,105868,894132
2,7,2.0,1,0.09,0,2
3,7,3.0,2,0.1,0,3
100,7,87.0,66,3.3,13,87
200,7,177.0,133,6.69,23,177
2000,7,1730.0,1333,66.7,270,1730
10000,7,8617.0,6666,333.3,1383,8617
20000,7,17229.0,13333,666.7,2771,17229
40000,7,34672.0,20000,1000.0,5328,34672
60000,7,52613.0,20000,1000.0,7387,52613
80000,7,70509.0,20000,1000.0,9491,70509
100000,7,88438.0,20000,1000.0,11562,88438
200000,7,177783.0,20000,1000.0,22217,177783
400000,7,356418.0,20000,1000.0,43582,356418
600000,7,535429.0,20000,1000.0,64571,535429
800000,7,714162.0,20000,1000.0,85838,714162
1000000,7,893040.0,20000,1000.0,106960,893040
2,8,2.0,1,0.09,0,2
3,8,3.0,2,0.1,0,3
100,8,87.0,66,3.3,13,87
200,8,174.0,133,6.69,26,174
2000,8,1724.0,1333,66.7,276,1724
10000,8,8574.0,6666,333.3,1426,8574
20000,8,17163.0,13333,666.7,2837,17163
40000,8,34696.0,20000,1000.0,5304,34696
60000,8,52560.0,20000,1000.0,7440,52560
80000,8,70353.0,20000,1000.0,9647,70353
100000,8,88269.0,20000,1000.0,11731,88269
200000,8,177779.0,20000,1000.0,22221,177779
400000,8,356775.0,20000,1000.0,43225,356775
600000,8,535853.0,20000,1000.0,64147,535853
800000,8,715203.0,20000,1000.0,84797,715203
1000000,8,894171.0,20000,1000.0,105829,894171
2,9,2.0,1,0.09,0,2
3,9,3.0,2,0.1,0,3
100,9,83.0,66,3.3,17,83
200,9,173.0,133,6.69,27,173
2000,9,1717.0,1333,66.7,283,1717
10000,9,8599.0,6666,333.3,1401,8599
20000,9,17259.0,13333,666.7,2741,17259
40000,9,34841.0,20000,1000.0,5159,34841
60000,9,52778.0,20000,1000.0,7222,52778
80000,9,70612.0,20000,1000.0,9388,70612
100000,9,88555.0,20000,1000.0,11445,88555
200000,9,177935.0,20000,1000.0,22065,177935
400000,9,356965.0,20000,1000.0,43035,356965
600000,9,536146.0,20000,1000.0,63854,536146
800000,9,715254.0,20000,1000.0,84746,715254
1000000,9,894408.0,20000,1000.0,105592,894408
2,10,2.0,1,0.09,0,2
3,10,3.0,2,0.1,0,3
100,10,84.0,66,3.3,16,84
200,10,164.0,133,6.69,36,164
2000,10,1724.0,1333,66.7,276,1724
10000,10,8595.0,6666,333.3,1405,8595
20000,10,17159.0,13333,666.7,2841,17159
40000,10,34779.0,20000,1000.0,5221,34779
60000,10,52582.0,20000,1000.0,7418,52582
80000,10,70530.0,20000,1000.0,9470,70530
100000,10,88417.0,20000,1000.0,11583,88417
200000,10,178113.0,20000,1000.0,21887,178113
400000,10,357125.0,20000,1000.0,42875,357125
600000,10,536237.0,20000,1000.0,63763,536237
800000,10,715249.0,20000,1000.0,84751,715249
1000000,10,893878.0,20000,1000.0,106122,893878
2,11,2.0,1,0.09,0,2
3,11,3.0,2,0.1,0,3
100,11,86.0,66,3.3,14,86
200,11,168.0,133,6.69,32,168
2000,11,1721.0,1333,66.7,279,1721
10000,11,8608.0,6666,333.3,1392,8608
20000,11,17222.0,13333,666.7,2778,17222
40000,11,34697.0,23990,1019.95,5303,34697
60000,11,52600.0,23990,1019.95,7400,52600
80000,11,70571.0,23990,1019.95,9429,70571
100000,11,88418.0,23990,1019.95,11582,88418
200000,11,177798.0,23990,1019.95,22202,177798
400000,11,356733.0,23990,1019.95,43267,356733
600000,11,535828.0,23990,1019.95,64172,535828
800000,11,714712.0,23990,1019.95,85288,714712
1000000,11,893714.0,23990,1019.95,106286,893714
2,12,2.0,1,0.09,0,2
3,12,3.0,2,0.1,0,3
100,12,90.0,66,3.3,10,90
200,12,179.0,133,6.69,21,179
2000,12,1733.0,1333,66.7,267,1733
10000,12,8572.0,6666,333.3,1428,8572
20000,12,17146.0,13333,666.7,2854,17146
40000,12,34751.0,20000,1000.0,5249,34751
60000,12,52720.0,20000,1000.0,7280,52720
80000,12,70703.0,20000,1000.0,9297,70703
100000,12,88571.0,20000,1000.0,11429,88571
200000,12,178114.0,20000,1000.0,21886,178114
400000,12,356958.0,20000,1000.0,43042,356958
600000,12,535869.0,20000,1000.0,64131,535869
800000,12,714678.0,20000,1000.0,85322,714678
1000000,12,893598.0,20000,1000.0,106402,893598
2,13,2.0,1,0.09,0,2
3,13,3.0,2,0.1,0,3
100,13,95.0,66,3.3,5,95
200,13,183.0,133,6.69,17,183
2000,13,1730.0,1333,66.7,270,1730
10000,13,8650.0,6666,333.3,1350,8650
20000,13,17225.0,13333,666.7,2775,17225
40000,13,34813.0,20000,1000.0,5187,34813
60000,13,52669.0,20000,1000.0,7331,52669
80000,13,70573.0,20000,1000.0,9427,70573
100000,13,88465.0,20000,1000.0,11535,88465
200000,13,178113.0,20000,1000.0,21887,178113
400000,13,357015.0,20000,1000.0,42985,357015
600000,13,536014.0,20000,1000.0,63986,536014
800000,13,715249.0,20000,1000.0,84751,715249
1000000,13,894352.0,20000,1000.0,105648,894352
2,14,2.0,1,0.09,0,2
3,14,3.0,2,0.1,0,3
100,14,88.0,66,3.3,12,88
200,14,174.0,133,6.69,26,174
2000,14,1726.0,1333,66.7,274,1726
10000,14,8601.0,6666,333.3,1399,8601
20000,14,17263.0,13333,666.7,2737,17263
40000,14,34880.0,20000,1000.0,5120,34880
60000,14,52738.0,20000,1000.0,7262,52738
80000,14,70633.0,20000,1000.0,9367,70633
100000,14,88550.0,20000,1000.0,11450,88550
200000,14,178079.0,20000,1000.0,21921,178079
400000,14,357198.0,20000,1000.0,42802,357198
600000,14,536337.0,20000,1000.0,63663,536337
800000,14,715237.0,20000,1000.0,84763,715237
1000000,14,894278.0,20000,1000.0,105722,894278
2,15,1.0,1,0.09,1,1
3,15,2.0,2,0.1,1,2
100,15,90.0,66,3.3,10,90
200,15,173.0,133,6.69,27,173
2000,15,1726.0,1333,66.7,274,1726
10000,15,8626.0,6666,333.3,1374,8626
20000,15,17193.0,13333,666.7,2807,17193
40000,15,34778.0,20000,1000.0,5222,34778
60000,15,52616.0,20000,1000.0,7384,52616
80000,15,70508.0,20000,1000.0,9492,70508
100000,15,88450.0,20000,1000.0,11550,88450
200000,15,177957.0,20000,1000.0,22043,177957
400000,15,357042.0,20000,1000.0,42958,357042
600000,15,535926.0,20000,1000.0,64074,535926
800000,15,714892.0,20000,1000.0,85108,714892
1000000,15,893685.0,20000,1000.0,106315,893685
2,16,1.0,1,0.09,1,1
3,16,2.0,2,0.1,1,2
100,16,90.0,66,3.3,10,90
200,16,180.0,133,6.69,20,180
2000,16,1734.0,1333,66.7,266,1734
10000,16,8649.0,6666,333.3,1351,8649
20000,16,17280.0,13333,666.7,2720,17280
40000,16,34862.0,20000,1000.0,5138,34862
60000,16,52787.0,20000,1000.0,7213,52787
80000,16,70662.0,20000,1000.0,9338,70662
100000,16,88608.0,20000,1000.0,11392,88608
200000,16,178112.0,20000,1000.0,21888,178112
400000,16,357308.0,20000,1000.0,42692,357308
600000,16,536260.0,20000,1000.0,63740,536260
800000,16,714973.0,20000,1000.0,85027,714973
1000000,16,894104.0,20000,1000.0,105896,894104
2,17,1.0,1,0.09,1,1
3,17,2.0,2,0.1,1,2
100,17,87.0,66,3.3,13,87
200,17,179.0,133,6.69,21,179
2000,17,1722.0,1333,66.7,278,1722
10000,17,8614.0,6666,333.3,1386,8614
20000,17,17256.0,13333,666.7,2744,17256
40000,17,34830.0,20000,1000.0,5170,34830
60000,17,52683.0,20000,1000.0,7317,52683
80000,17,70626.0,20000,1000.0,9374,70626
100000,17,88546.0,20000,1000.0,11454,88546
200000,17,178149.0,20000,1000.0,21851,178149
400000,17,357109.0,20000,1000.0,42891,357109
600000,17,535805.0,20000,1000.0,64195,535805
800000,17,714796.0,20000,1000.0,85204,714796
1000000,17,893731.0,20000,1000.0,106269,893731
2,18,2.0,1,0.09,0,2
3,18,3.0,2,0.1,0,3
100,18,87.0,66,3.3,13,87
200,18,173.0,133,6.69,27,173
2000,18,1711.0,1333,66.7,289,1711
10000,18,8594.0,6666,333.3,1406,8594
20000,18,17188.0,13333,666.7,2812,17188
40000,18,34783.0,20000,1000.0,5217,34783
60000,18,52633.0,20000,1000.0,7367,52633
80000,18,70559.0,20000,1000.0,9441,70559
100000,18,88504.0,20000,1000.0,11496,88504
200000,18,177860.0,20000,1000.0,22140,177860
400000,18,356719.0,20000,1000.0,43281,356719
600000,18,535856.0,20000,1000.0,64144,535856
800000,18,714855.0,20000,1000.0,85145,714855
1000000,18,893652.0,20000,1000.0,106348,893652
2,19,1.0,1,0.09,1,1
3,19,1.0,2,0.1,2,1
100,19,82.0,66,3.3,18,82
200,19,172.0,133,6.69,28,172
2000,19,1738.0,1333,66.7,262,1738
10000,19,8693.0,6666,333.3,1307,8693
20000,19,17243.0,13333,666.7,2757,17243
40000,19,34892.0,20000,1000.0,5108,34892
60000,19,52709.0,20000,1000.0,7291,52709
80000,19,70592.0,20000,1000.0,9408,70592
100000,19,88474.0,20000,1000.0,11526,88474
200000,19,178034.0,20000,1000.0,21966,178034
400000,19,357113.0,20000,1000.0,42887,357113
600000,19,536184.0,20000,1000.0,63816,536184
800000,19,715167.0,20000,1000.0,84833,715167
1000000,19,893935.0,20000,1000.0,106065,893935
2,20,2.0,1,0.09,0,2
3,20,3.0,2,0.1,0,3
100,20,85.0,66,3.3,15,85
200,20,176.0,133,6.69,24,176
2000,20,1727.0,1333,66.7,273,1727
10000,20,8642.0,6666,333.3,1358,8642
20000,20,17257.0,13333,666.7,2743,17257
40000,20,34801.0,25415,1027.08,5199,34801
60000,20,52542.0,44771,1123.86,7458,52542
80000,20,70413.0,51280,1156.4,9587,70413
100000,20,88313.0,51280,1156.4,11687,88313
200000,20,177753.0,51280,1156.4,22247,177753
400000,20,356574.0,51280,1156.4,43426,356574
600000,20,535408.0,51280,1156.4,64592,535408
800000,20,714437.0,51280,1156.4,85563,714437
1000000,20,893162.0,51280,1156.4,106838,893162
2,21,1.0,1,0.09,1,1
3,21,2.0,2,0.1,1,2
100,21,83.0,66,3.3,17,83
200,21,169.0,133,6.69,31,169
2000,21,1712.0,1333,66.7,288,1712
10000,21,8642.0,6666,333.3,1358,8642
20000,21,17272.0,13333,666.7,2728,17272
40000,21,34808.0,20000,1000.0,5192,34808
60000,21,52745.0,20000,1000.0,7255,52745
80000,21,70563.0,20000,1000.0,9437,70563
100000,21,88469.0,20000,1000.0,11531,88469
200000,21,177918.0,20000,1000.0,22082,177918
400000,21,356903.0,20000,1000.0,43097,356903
600000,21,535793.0,20000,1000.0,64207,535793
800000,21,714628.0,20000,1000.0,85372,714628
1000000,21,893737.0,20000,1000.0,106263,893737
2,22,2.0,1,0.09,0,2
3,22,3.0,2,0.1,0,3
100,22,90.0,66,3.3,10,90
200,22,174.0,133,6.69,26,174
2000,22,1738.0,1333,66.7,262,1738
10000,22,8632.0,6666,333.3,1368,8632
20000,22,17245.0,13333,666.7,2755,17245
40000,22,34765.0,20000,1000.0,5235,34765
60000,22,52744.0,20000,1000.0,7256,52744
80000,22,70680.0,20000,1000.0,9320,70680
100000,22,88561.0,20000,1000.0,11439,88561
200000,22,178062.0,20000,1000.0,21938,178062
400000,22,357091.0,20000,1000.0,42909,357091
600000,22,535833.0,20000,1000.0,64167,535833
800000,22,715040.0,20000,1000.0,84960,715040
1000000,22,894004.0,20000,1000.0,105996,894004
2,23,1.0,1,0.09,1,1
3,23,2.0,2,0.1,1,2
100,23,82.0,66,3.3,18,82
200,23,165.0,133,6.69,35,165
2000,23,1704.0,1333,66.7,296,1704
10000,23,8559.0,6666,333.3,1441,8559
20000,23,17175.0,13333,666.7,2825,17175
40000,23,34745.0,30000,1050.0,5255,34745
60000,23,52512.0,50000,1150.0,7488,52512
80000,23,70343.0,70000,1250.0,9657,70343
100000,23,88155.0,90000,1350.0,11845,88155
200000,23,176976.0,189962,1849.81,23024,176976
400000,23,355106.0,389962,2849.81,44894,355106
600000,23,532962.0,589962,3849.81,67038,532962
800000,23,710928.0,789962,4849.81,89072,710928
1000000,23,888903.0,989962,5849.81,111097,888903
2,24,0.0,1,0.09,2,0
3,24,1.0,2,0.1,2,1
100,24,85.0,66,3.3,15,85
200,24,171.0,133,6.69,29,171
2000,24,1729.0,1333,66.7,271,1729
10000,24,8605.0,6666,333.3,1395,8605
20000,24,17210.0,13333,666.7,2790,17210
40000,24,34743.0,23204,1016.02,5257,34743
60000,24,52542.0,24436,1022.18,7458,52542
80000,24,70470.0,24436,1022.18,9530,70470
100000,24,88399.0,24436,1022.18,11601,88399
200000,24,178045.0,24436,1022.18,21955,178045
400000,24,356971.0,24436,1022.18,43029,356971
600000,24,535857.0,24436,1022.18,64143,535857
800000,24,714774.0,24436,1022.18,85226,714774
1000000,24,893720.0,24436,1022.18,106280,893720
2,25,2.0,1,0.09,0,2
3,25,3.0,2,0.1,0,3
100,25,92.0,66,3.3,8,92
200,25,172.0,133,6.69,28,172
2000,25,1704.0,1333,66.7,296,1704
10000,25,8598.0,6666,333.3,1402,8598
20000,25,17229.0,13333,666.7,2771,17229
40000,25,34804.0,20000,1000.0,5196,34804
60000,25,52683.0,20000,1000.0,7317,52683
80000,25,70547.0,20000,1000.0,9453,70547
100000,25,88448.0,20000,1000.0,11552,88448
200000,25,177843.0,20000,1000.0,22157,177843
400000,25,356889.0,20000,1000.0,43111,356889
600000,25,535951.0,20000,1000.0,64049,535951
800000,25,714781.0,20000,1000.0,85219,714781
1000000,25,893756.0,20000,1000.0,106244,893756
2,26,2.0,1,0.09,0,2
3,26,3.0,2,0.1,0,3
100,26,91.0,66,3.3,9,91
200,26,178.0,133,6.69,22,178
2000,26,1725.0,1333,66.7,275,1725
10000,26,8581.0,6666,333.3,1419,8581
20000,26,17273.0,13333,666.7,2727,17273
40000,26,34902.0,20000,1000.0,5098,34902
60000,26,52761.0,20000,1000.0,7239,52761
80000,26,70705.0,20000,1000.0,9295,70705
100000,26,88596.0,20000,1000.0,11404,88596
200000,26,178067.0,20000,1000.0,21933,178067
400000,26,357091.0,20000,1000.0,42909,357091
600000,26,536135.0,20000,1000.0,63865,536135
800000,26,714983.0,20000,1000.0,85017,714983
1000000,26,893808.0,20000,1000.0,106192,893808
2,27,1.0,1,0.09,1,1
3,27,2.0,2,0.1,1,2
100,27,86.0,66,3.3,14,86
200,27,168.0,133,6.69,32,168
2000,27,1721.0,1333,66.7,279,1721
10000,27,8583.0,6666,333.3,1417,8583
20000,27,17271.0,13333,666.7,2729,17271
40000,27,34891.0,20000,1000.0,5109,34891
60000,27,52755.0,20000,1000.0,7245,52755
80000,27,70667.0,20000,1000.0,9333,70667
100000,27,88594.0,20000,1000.0,11406,88594
200000,27,178198.0,20000,1000.0,21802,178198
400000,27,357234.0,20000,1000.0,42766,357234
600000,27,536326.0,20000,1000.0,63674,536326
800000,27,715390.0,20000,1000.0,84610,715390
1000000,27,894412.0,20000,1000.0,105588,894412
2,28,2.0,1,0.09,0,2
3,28,3.0,2,0.1,0,3
100,28,78.0,66,3.3,22,78
200,28,162.0,133,6.69,38,162
2000,28,1736.0,1333,66.7,264,1736
10000,28,8637.0,6666,333.3,1363,8637
20000,28,17172.0,13333,666.7,2828,17172
40000,28,34751.0,20000,1000.0,5249,34751
60000,28,52667.0,20000,1000.0,7333,52667
80000,28,70612.0,20000,1000.0,9388,70612
100000,28,88456.0,20000,1000.0,11544,88456
200000,28,177879.0,20000,1000.0,22121,177879
400000,28,356855.0,20000,1000.0,43145,356855
600000,28,535771.0,20000,1000.0,64229,535771
800000,28,714631.0,20000,1000.0,85369,714631
1000000,28,893511.0,20000,1000.0,106489,893511
2,29,1.0,1,0.09,1,1
3,29,2.0,2,0.1,1,2
100,29,84.0,66,3.3,16,84
200,29,171.0,133,6.69,29,171
2000,29,1721.0,1333,66.7,279,1721
10000,29,8596.0,6666,333.3,1404,8596
20000,29,17207.0,13333,666.7,2793,17207
40000,29,34803.0,20000,1000.0,5197,34803
60000,29,52663.0,20000,1000.0,7337,52663
80000,29,70600.0,20000,1000.0,9400,70600
100000,29,88567.0,20000,1000.0,11433,88567
200000,29,178084.0,20000,1000.0,21916,178084
400000,29,356919.0,20000,1000.0,43081,356919
600000,29,535849.0,20000,1000.0,64151,535849
800000,29,714963.0,20000,1000.0,85037,714963
1000000,29,893954.0,20000,1000.0,106046,893954
2,30,2.0,1,0.09,0,2
3,30,3.0,2,0.1,0,3
100,30,89.0,66,3.3,11,89
200,30,171.0,133,6.69,29,171
2000,30,1728.0,1333,66.7,272,1728
10000,30,8652.0,6666,333.3,1348,8652
20000,30,17276.0,13333,666.7,2724,17276
40000,30,34750.0,20000,1000.0,5250,34750
60000,30,52647.0,20000,1000.0,7353,52647
80000,30,70543.0,20000,1000.0,9457,70543
100000,30,88469.0,20000,1000.0,11531,88469
200000,30,178147.0,20000,1000.0,21853,178147
400000,30,357242.0,20000,1000.0,42758,357242
600000,30,536088.0,20000,1000.0,63912,536088
800000,30,714942.0,20000,1000.0,85058,714942
1000000,30,894126.0,20000,1000.0,105874,894126
2,31,2.0,1,0.09,0,2
3,31,3.0,2,0.1,0,3
100,31,88.0,66,3.3,12,88
200,31,171.0,133,6.69,29,171
2000,31,1732.0,1333,66.7,268,1732
10000,31,8599.0,6666,333.3,1401,8599
20000,31,17168.0,13333,666.7,2832,17168
40000,31,34738.0,20000,1000.0,5262,34738
60000,31,52633.0,20000,1000.0,7367,52633
80000,31,70478.0,20000,1000.0,9522,70478
100000,31,88314.0,20000,1000.0,11686,88314
200000,31,177712.0,20000,1000.0,22288,177712
400000,31,356787.0,20000,1000.0,43213,356787
600000,31,535715.0,20000,1000.0,64285,535715
800000,31,714813.0,20000,1000.0,85187,714813
1000000,31,893923.0,20000,1000.0,106077,893923
2,32,2.0,1,0.09,0,2
3,32,3.0,2,0.1,0,3
100,32,87.0,66,3.3,13,87
200,32,172.0,133,6.69,28,172
2000,32,1722.0,1333,66.7,278,1722
10000,32,8579.0,6666,333.3,1421,8579
20000,32,17204.0,13333,666.7,2796,17204
40000,32,34764.0,20000,1000.0,5236,34764
60000,32,52629.0,20000,1000.0,7371,52629
80000,32,70558.0,20000,1000.0,9442,70558
100000,32,88506.0,20000,1000.0,11494,88506
200000,32,177927.0,20000,1000.0,22073,177927
400000,32,357060.0,20000,1000.0,42940,357060
600000,32,535776.0,20000,1000.0,64224,535776
800000,32,715222.0,20000,1000.0,84778,715222
1000000,32,894458.0,20000,1000.0,105542,894458
2,33,2.0,1,0.09,0,2
3,33,3.0,2,0.1,0,3
100,33,88.0,66,3.3,12,88
200,33,176.0,133,6.69,24,176
2000,33,1720.0,1333,66.7,280,1720
10000,33,8585.0,6666,333.3,1415,8585
20000,33,17169.0,13333,666.7,2831,17169
40000,33,34703.0,20000,1000.0,5297,34703
60000,33,52616.0,20000,1000.0,7384,52616
80000,33,70525.0,20000,1000.0,9475,70525
100000,33,88407.0,20000,1000.0,11593,88407
200000,33,177845.0,20000,1000.0,22155,177845
400000,33,356720.0,20000,1000.0,43280,356720
600000,33,535736.0,20000,1000.0,64264,535736
800000,33,714814.0,20000,1000.0,85186,714814
1000000,33,893780.0,20000,1000.0,106220,893780
2,34,2.0,1,0.09,0,2
3,34,3.0,2,0.1,0,3
100,34,85.0,66,3.3,15,85
200,34,170.0,133,6.69,30,170
2000,34,1729.0,1333,66.7,271,1729
10000,34,8652.0,6666,333.3,1348,8652
20000,34,17239.0,13333,666.7,2761,17239
40000,34,34769.0,30000,1050.0,5231,34769
60000,34,52606.0,40623,1103.12,7394,52606
80000,34,70507.0,40623,1103.12,9493,70507
100000,34,88402.0,40623,1103.12,11598,88402
200000,34,177997.0,40623,1103.12,22003,177997
400000,34,357014.0,40623,1103.12,42986,357014
600000,34,535842.0,40623,1103.12,64158,535842
800000,34,714782.0,40623,1103.12,85218,714782
1000000,34,893776.0,40623,1103.12,106224,893776
2,35,1.0,1,0.09,1,1
3,35,2.0,2,0.1,1,2
100,35,86.0,66,3.3,14,86
200,35,177.0,133,6.69,23,177
2000,35,1735.0,1333,66.7,265,1735
10000,35,8631.0,6666,333.3,1369,8631
20000,35,17251.0,13333,666.7,2749,17251
40000,35,34812.0,20000,1000.0,5188,34812
60000,35,52703.0,20000,1000.0,7297,52703
80000,35,70583.0,20000,1000.0,9417,70583
100000,35,88513.0,20000,1000.0,11487,88513
200000,35,177915.0,20000,1000.0,22085,177915
400000,35,356707.0,20000,1000.0,43293,356707
600000,35,535856.0,20000,1000.0,64144,535856
800000,35,714703.0,20000,1000.0,85297,714703
1000000,35,894016.0,20000,1000.0,105984,894016
2,36,1.0,1,0.09,1,1
3,36,2.0,2,0.1,1,2
100,36,93.0,66,3.3,7,93
200,36,183.0,133,6.69,17,183
2000,36,1740.0,1333,66.7,260,1740
10000,36,8631.0,6666,333.3,1369,8631
20000,36,17283.0,13333,666.7,2717,17283
40000,36,34851.0,20000,1000.0,5149,34851
60000,36,52779.0,20000,1000.0,7221,52779
80000,36,70718.0,20000,1000.0,9282,70718
100000,36,88615.0,20000,1000.0,11385,88615
200000,36,178103.0,20000,1000.0,21897,178103
400000,36,357280.0,20000,1000.0,42720,357280
600000,36,536337.0,20000,1000.0,63663,536337
800000,36,715507.0,20000,1000.0,84493,715507
1000000,36,894532.0,20000,1000.0,105468,894532
2,37,2.0,1,0.09,0,2
3,37,3.0,2,0.1,0,3
100,37,86.0,66,3.3,14,86
200,37,167.0,133,6.69,33,167
2000,37,1731.0,1333,66.7,269,1731
10000,37,8671.0,6666,333.3,1329,8671
20000,37,17294.0,13333,666.7,2706,17294
40000,37,34869.0,20000,1000.0,5131,34869
60000,37,52808.0,20000,1000.0,7192,52808
80000,37,70720.0,20000,1000.0,9280,70720
100000,37,88610.0,20000,1000.0,11390,88610
200000,37,177983.0,20000,1000.0,22017,177983
400000,37,356919.0,20000,1000.0,43081,356919
600000,37,535962.0,20000,1000.0,64038,535962
800000,37,714766.0,20000,1000.0,85234,714766
1000000,37,893937.0,20000,1000.0,106063,893937
2,38,2.0,1,0.09,0,2
3,38,3.0,2,0.1,0,3
100,38,85.0,66,3.3,15,85
200,38,170.0,133,6.69,30,170
2000,38,1713.0,1333,66.7,287,1713
10000,38,8621.0,6666,333.3,1379,8621
20000,38,17245.0,13333,666.7,2755,17245
40000,38,34791.0,20000,1000.0,5209,34791
60000,38,52720.0,20000,1000.0,7280,52720
80000,38,70590.0,20000,1000.0,9410,70590
100000,38,88476.0,20000,1000.0,11524,88476
200000,38,177944.0,20000,1000.0,22056,177944
400000,38,357061.0,20000,1000.0,42939,357061
600000,38,536215.0,20000,1000.0,63785,536215
800000,38,715398.0,20000,1000.0,84602,715398
1000000,38,894585.0,20000,1000.0,105415,894585
2,39,2.0,1,0.09,0,2
3,39,3.0,2,0.1,0,3
100,39,86.0,66,3.3,14,86
200,39,174.0,133,6.69,26,174
2000,39,1753.0,1333,66.7,247,1753
10000,39,8615.0,6666,333.3,1385,8615
20000,39,17266.0,13333,666.7,2734,17266
40000,39,34687.0,23503,1017.52,5313,34687
60000,39,52544.0,23503,1017.52,7456,52544
80000,39,70480.0,23503,1017.52,9520,70480
100000,39,88324.0,23503,1017.52,11676,88324
200000,39,177797.0,23503,1017.52,22203,177797
400000,39,356779.0,23503,1017.52,43221,356779
600000,39,535644.0,23503,1017.52,64356,535644
800000,39,714837.0,23503,1017.52,85163,714837
1000000,39,893738.0,23503,1017.52,106262,893738
2,40,1.0,1,0.09,1,1
3,40,2.0,2,0.1,1,2
100,40,86.0,66,3.3,14,86
200,40,173.0,133,6.69,27,173
2000,40,1724.0,1333,66.7,276,1724
10000,40,8570.0,6666,333.3,1430,8570
20000,40,17131.0,13333,666.7,2869,17131
40000,40,34728.0,20000,1000.0,5272,34728
60000,40,52584.0,20000,1000.0,7416,52584
80000,40,70526.0,20000,1000.0,9474,70526
100000,40,88489.0,20000,1000.0,11511,88489
200000,40,177845.0,20000,1000.0,22155,177845
400000,40,356941.0,20000,1000.0,43059,356941
600000,40,535943.0,20000,1000.0,64057,535943
800000,40,714955.0,20000,1000.0,85045,714955
1000000,40,894141.0,20000,1000.0,105859,894141
2,41,2.0,1,0.09,0,2
3,41,3.0,2,0.1,0,3
100,41,93.0,66,3.3,7,93
200,41,177.0,133,6.69,23,177
2000,41,1739.0,1333,66.7,261,1739
10000,41,8614.0,6666,333.3,1386,8614
20000,41,17219.0,13333,666.7,2781,17219
40000,41,34634.0,20000,1000.0,5366,34634
60000,41,52566.0,20000,1000.0,7434,52566
80000,41,70485.0,20000,1000.0,9515,70485
100000,41,88298.0,20000,1000.0,11702,88298
200000,41,177768.0,20000,1000.0,22232,177768
400000,41,356768.0,20000,1000.0,43232,356768
600000,41,535819.0,20000,1000.0,64181,535819
800000,41,714658.0,20000,1000.0,85342,714658
1000000,41,893787.0,20000,1000.0,106213,893787
2,42,1.0,1,0.09,1,1
3,42,2.0,2,0.1,1,2
100,42,87.0,66,3.3,13,87
200,42,177.0,133,6.69,23,177
2000,42,1741.0,1333,66.7,259,1741
10000,42,8587.0,6666,333.3,1413,8587
20000,42,17182.0,13333,666.7,2818,17182
40000,42,34784.0,20000,1000.0,5216,34784
60000,42,52682.0,20000,1000.0,7318,52682
80000,42,70582.0,20000,1000.0,9418,70582
100000,42,88410.0,20000,1000.0,11590,88410
200000,42,177714.0,20000,1000.0,22286,177714
400000,42,356754.0,20000,1000.0,43246,356754
600000,42,535993.0,20000,1000.0,64007,535993
800000,42,715186.0,20000,1000.0,84814,715186
1000000,42,894161.0,20000,1000.0,105839,894161
2,43,1.0,1,0.09,1,1
3,43,2.0,2,0.1,1,2
100,43,85.0,66,3.3,15,85
200,43,175.0,133,6.69,25,175
2000,43,1715.0,1333,66.7,285,1715
10000,43,8618.0,6666,333.3,1382,8618
20000,43,17217.0,13333,666.7,2783,17217
40000,43,34816.0,20000,1000.0,5184,34816
60000,43,52670.0,20000,1000.0,7330,52670
80000,43,70579.0,20000,1000.0,9421,70579
100000,43,88412.0,20000,1000.0,11588,88412
200000,43,177784.0,20000,1000.0,22216,177784
400000,43,356809.0,20000,1000.0,43191,356809
600000,43,535472.0,20000,1000.0,64528,535472
800000,43,714577.0,20000,1000.0,85423,714577
1000000,43,893584.0,20000,1000.0,106416,893584
2,44,2.0,1,0.09,0,2
3,44,3.0,2,0.1,0,3
100,44,87.0,66,3.3,13,87
200,44,175.0,133,6.69,25,175
2000,44,1735.0,1333,66.7,265,1735
10000,44,8579.0,6666,333.3,1421,8579
20000,44,17149.0,13333,666.7,2851,17149
40000,44,34678.0,20000,1000.0,5322,34678
60000,44,52540.0,20000,1000.0,7460,52540
80000,44,70517.0,20000,1000.0,9483,70517
100000,44,88420.0,20000,1000.0,11580,88420
200000,44,178017.0,20000,1000.0,21983,178017
400000,44,356923.0,20000,1000.0,43077,356923
600000,44,536120.0,20000,1000.0,63880,536120
800000,44,714906.0,20000,1000.0,85094,714906
1000000,44,894034.0,20000,1000.0,105966,894034
2,45,2.0,1,0.09,0,2
3,45,3.0,2,0.1,0,3
100,45,90.0,66,3.3,10,90
200,45,172.0,133,6.69,28,172
2000,45,1727.0,1333,66.7,273,1727
10000,45,8638.0,6666,333.3,1362,8638
20000,45,17233.0,13333,666.7,2767,17233
40000,45,34779.0,20000,1000.0,5221,34779
60000,45,52715.0,20000,1000.0,7285,52715
80000,45,70625.0,20000,1000.0,9375,70625
100000,45,88510.0,20000,1000.0,11490,88510
200000,45,177983.0,20000,1000.0,22017,177983
400000,45,357019.0,20000,1000.0,42981,357019
600000,45,535862.0,20000,1000.0,64138,535862
800000,45,714980.0,20000,1000.0,85020,714980
1000000,45,893595.0,20000,1000.0,106405,893595
2,46,2.0,1,0.09,0,2
3,46,3.0,2,0.1,0,3
100,46,92.0,66,3.3,8,92
200,46,177.0,133,6.69,23,177
2000,46,1721.0,1333,66.7,279,1721
10000,46,8592.0,6666,333.3,1408,8592
20000,46,17214.0,13333,666.7,2786,17214
40000,46,34841.0,20000,1000.0,5159,34841
60000,46,52731.0,20000,1000.0,7269,52731
80000,46,70587.0,20000,1000.0,9413,70587
100000,46,88498.0,20000,1000.0,11502,88498
200000,46,177806.0,20000,1000.0,22194,177806
400000,46,357069.0,20000,1000.0,42931,357069
600000,46,535943.0,20000,1000.0,64057,535943
800000,46,714987.0,20000,1000.0,85013,714987
1000000,46,893662.0,20000,1000.0,106338,893662
2,47,2.0,1,0.09,0,2
3,47,3.0,2,0.1,0,3
100,47,88.0,66,3.3,12,88
200,47,176.0,133,6.69,24,176
2000,47,1752.0,1333,66.7,248,1752
10000,47,8661.0,6666,333.3,1339,8661
20000,47,17273.0,13333,666.7,2727,17273
40000,47,34816.0,22468,1012.34,5184,34816
60000,47,52755.0,22468,1012.34,7245,52755
80000,47,70669.0,22468,1012.34,9331,70669
100000,47,88515.0,22468,1012.34,11485,88515
200000,47,178102.0,22468,1012.34,21898,178102
400000,47,357174.0,22468,1012.34,42826,357174
600000,47,536220.0,22468,1012.34,63780,536220
800000,47,715245.0,22468,1012.34,84755,715245
1000000,47,894136.0,22468,1012.34,105864,894136
2,48,2.0,1,0.09,0,2
3,48,3.0,2,0.1,0,3
100,48,86.0,66,3.3,14,86
200,48,171.0,133,6.69,29,171
2000,48,1715.0,1333,66.7,285,1715
10000,48,8574.0,6666,333.3,1426,8574
20000,48,17185.0,13333,666.7,2815,17185
40000,48,34778.0,20000,1000.0,5222,34778
60000,48,52640.0,20000,1000.0,7360,52640
80000,48,70566.0,20000,1000.0,9434,70566
100000,48,88475.0,20000,1000.0,11525,88475
200000,48,178105.0,20000,1000.0,21895,178105
400000,48,357221.0,20000,1000.0,42779,357221
600000,48,536161.0,20000,1000.0,63839,536161
800000,48,715066.0,20000,1000.0,84934,715066
1000000,48,893912.0,20000,1000.0,106088,893912
2,49,2.0,1,0.09,0,2
3,49,3.0,2,0.1,0,3
100,49,85.0,66,3.3,15,85
200,49,171.0,133,6.69,29,171
2000,49,1722.0,1333,66.7,278,1722
10000,49,8594.0,6666,333.3,1406,8594
20000,49,17230.0,13333,666.7,2770,17230
40000,49,34760.0,20000,1000.0,5240,34760
60000,49,52628.0,20000,1000.0,7372,52628
80000,49,70534.0,20000,1000.0,9466,70534
100000,49,88392.0,20000,1000.0,11608,88392
200000,49,177719.0,20000,1000.0,22281,177719
400000,49,356694.0,20000,1000.0,43306,356694
600000,49,535797.0,20000,1000.0,64203,535797
800000,49,714969.0,20000,1000.0,85031,714969
1000000,49,894106.0,20000,1000.0,105894,894106
2,50,2.0,1,0.09,0,2
3,50,3.0,2,0.1,0,3
100,50,91.0,66,3.3,9,91
200,50,170.0,133,6.69,30,170
2000,50,1691.0,1333,66.7,309,1691
10000,50,8621.0,6666,333.3,1379,8621
20000,50,17250.0,13333,666.7,2750,17250
40000,50,34831.0,30000,1050.0,5169,34831
60000,50,52551.0,44653,1123.27,7449,52551
80000,50,70439.0,44653,1123.27,9561,70439
100000,50,88383.0,44653,1123.27,11617,88383
200000,50,177951.0,44653,1123.27,22049,177951
400000,50,356898.0,44653,1123.27,43102,356898
600000,50,536129.0,44653,1123.27,63871,536129
800000,50,715214.0,44653,1123.27,84786,715214
1000000,50,894055.0,44653,1123.27,105945,894055
2,51,1.0,1,0.09,1,1
3,51,2.0,2,0.1,1,2
100,51,87.0,66,3.3,13,87
200,51,180.0,133,6.69,20,180
2000,51,1727.0,1333,66.7,273,1727
10000,51,8533.0,6666,333.3,1467,8533
20000,51,17184.0,13333,666.7,2816,17184
40000,51,34783.0,20000,1000.0,5217,34783
60000,51,52665.0,20000,1000.0,7335,52665
80000,51,70506.0,20000,1000.0,9494,70506
100000,51,88371.0,20000,1000.0,11629,88371
200000,51,177825.0,20000,1000.0,22175,177825
400000,51,356721.0,20000,1000.0,43279,356721
600000,51,535563.0,20000,1000.0,64437,535563
800000,51,714180.0,20000,1000.0,85820,714180
1000000,51,893046.0,20000,1000.0,106954,893046
2,52,2.0,1,0.09,0,2
3,52,3.0,2,0.1,0,3
100,52,85.0,66,3.3,15,85
200,52,175.0,133,6.69,25,175
2000,52,1727.0,1333,66.7,273,1727
10000,52,8598.0,6666,333.3,1402,8598
20000,52,17239.0,13333,666.7,2761,17239
40000,52,34761.0,20000,1000.0,5239,34761
60000,52,52659.0,20000,1000.0,7341,52659
80000,52,70555.0,20000,1000.0,9445,70555
100000,52,88480.0,20000,1000.0,11520,88480
200000,52,178177.0,20000,1000.0,21823,178177
400000,52,357079.0,20000,1000.0,42921,357079
600000,52,535719.0,20000,1000.0,64281,535719
800000,52,714888.0,20000,1000.0,85112,714888
1000000,52,893589.0,20000,1000.0,106411,893589
2,53,2.0,1,0.09,0,2
3,53,3.0,2,0.1,0,3
100,53,88.0,66,3.3,12,88
200,53,172.0,133,6.69,28,172
2000,53,1749.0,1333,66.7,251,1749
10000,53,8637.0,6666,333.3,1363,8637
20000,53,17278.0,13333,666.7,2722,17278
40000,53,34904.0,20000,1000.0,5096,34904
60000,53,52833.0,20000,1000.0,7167,52833
80000,53,70691.0,20000,1000.0,9309,70691
100000,53,88611.0,20000,1000.0,11389,88611
200000,53,178002.0,20000,1000.0,21998,178002
400000,53,357038.0,20000,1000.0,42962,357038
600000,53,536022.0,20000,1000.0,63978,536022
800000,53,714948.0,20000,1000.0,85052,714948
1000000,53,893937.0,20000,1000.0,106063,893937
2,54,2.0,1,0.09,0,2
3,54,3.0,2,0.1,0,3
100,54,86.0,66,3.3,14,86
200,54,171.0,133,6.69,29,171
2000,54,1692.0,1333,66.7,308,1692
10000,54,8550.0,6666,333.3,1450,8550
20000,54,17213.0,13333,666.7,2787,17213
40000,54,34768.0,30000,1050.0,5232,34768
60000,54,52572.0,50000,1150.0,7428,52572
80000,54,70329.0,70000,1250.0,9671,70329
100000,54,88102.0,90000,1350.0,11898,88102
200000,54,177050.0,187453,1837.27,22950,177050
400000,54,354766.0,387453,2837.27,45234,354766
600000,54,532836.0,587431,3837.16,67164,532836
800000,54,710754.0,787431,4837.16,89246,710754
1000000,54,888501.0,987431,5837.16,111499,888501
2,55,2.0,1,0.09,0,2
3,55,3.0,2,0.1,0,3
100,55,89.0,66,3.3,11,89
200,55,174.0,133,6.69,26,174
2000,55,1737.0,1333,66.7,263,1737
10000,55,8631.0,6666,333.3,1369,8631
20000,55,17241.0,13333,666.7,2759,17241
40000,55,34876.0,30000,1050.0,5124,34876
60000,55,52724.0,50000,1150.0,7276,52724
80000,55,70635.0,70000,1250.0,9365,70635
100000,55,88418.0,90000,1350.0,11582,88418
200000,55,177668.0,190000,1850.0,22332,177668
400000,55,355549.0,389889,2849.45,44451,355549
600000,55,534004.0,469992,3249.96,65996,534004
800000,55,713238.0,469992,3249.96,86762,713238
1000000,55,892376.0,469992,3249.96,107624,892376
2,56,2.0,1,0.09,0,2
3,56,3.0,2,0.1,0,3
100,56,87.0,66,3.3,13,87
200,56,177.0,133,6.69,23,177
2000,56,1742.0,1333,66.7,258,1742
10000,56,8675.0,6666,333.3,1325,8675
20000,56,17305.0,13333,666.7,2695,17305
40000,56,34892.0,23248,1016.24,5108,34892
60000,56,52880.0,23248,1016.24,7120,52880
80000,56,70754.0,23248,1016.24,9246,70754
100000,56,88680.0,23248,1016.24,11320,88680
200000,56,178240.0,23248,1016.24,21760,178240
400000,56,357407.0,23248,1016.24,42593,357407
600000,56,536354.0,23248,1016.24,63646,536354
800000,56,715418.0,23248,1016.24,84582,715418
1000000,56,894374.0,23248,1016.24,105626,894374
2,57,1.0,1,0.09,1,1
3,57,1.0,2,0.1,2,1
100,57,86.0,66,3.3,14,86
200,57,173.0,133,6.69,27,173
2000,57,1718.0,1333,66.7,282,1718
10000,57,8605.0,6666,333.3,1395,8605
20000,57,17174.0,13333,666.7,2826,17174
40000,57,34661.0,30000,1050.0,5339,34661
60000,57,52421.0,50000,1150.0,7579,52421
80000,57,70193.0,70000,1250.0,9807,70193
100000,57,87977.0,90000,1350.0,12023,87977
200000,57,176870.0,190000,1850.0,23130,176870
400000,57,355202.0,390000,2850.0,44798,355202
600000,57,533267.0,590000,3850.0,66733,533267
800000,57,711294.0,790000,4850.0,88706,711294
1000000,57,889379.0,990000,5850.0,110621,889379
2,58,1.0,1,0.09,1,1
3,58,2.0,2,0.1,1,2
100,58,87.0,66,3.3,13,87
200,58,175.0,133,6.69,25,175
2000,58,1737.0,1333,66.7,263,1737
10000,58,8638.0,6666,333.3,1362,8638
20000,58,17265.0,13333,666.7,2735,17265
40000,58,34733.0,29907,1049.54,5267,34733
60000,58,52584.0,30884,1054.42,7416,52584
80000,58,70445.0,30884,1054.42,9555,70445
100000,58,88332.0,30884,1054.42,11668,88332
200000,58,177688.0,30884,1054.42,22312,177688
400000,58,356786.0,30884,1054.42,43214,356786
600000,58,535694.0,30884,1054.42,64306,535694
800000,58,714318.0,30884,1054.42,85682,714318
1000000,58,893481.0,30884,1054.42,106519,893481
2,59,2.0,1,0.09,0,2
3,59,3.0,2,0.1,0,3
100,59,86.0,66,3.3,14,86
200,59,180.0,133,6.69,20,180
2000,59,1731.0,1333,66.7,269,1731
10000,59,8615.0,6666,333.3,1385,8615
20000,59,17223.0,13333,666.7,2777,17223
40000,59,34704.0,20000,1000.0,5296,34704
60000,59,52567.0,20000,1000.0,7433,52567
80000,59,70397.0,20000,1000.0,9603,70397
100000,59,88318.0,20000,1000.0,11682,88318
200000,59,178022.0,20000,1000.0,21978,178022
400000,59,356904.0,20000,1000.0,43096,356904
600000,59,535869.0,20000,1000.0,64131,535869
800000,59,714824.0,20000,1000.0,85176,714824
1000000,59,893773.0,20000,1000.0,106227,893773
2,60,2.0,1,0.09,0,2
3,60,2.0,2,0.1,1,2
100,60,88.0,66,3.3,12,88
200,60,172.0,133,6.69,28,172
2000,60,1738.0,1333,66.7,262,1738
10000,60,8617.0,6666,333.3,1383,8617
20000,60,17278.0,13333,666.7,2722,17278
40000,60,34797.0,20277,1001.39,5203,34797
60000,60,52670.0,20277,1001.39,7330,52670
80000,60,70579.0,20277,1001.39,9421,70579
100000,60,88481.0,20277,1001.39,11519,88481
200000,60,177971.0,20277,1001.39,22029,177971
400000,60,356886.0,20277,1001.39,43114,356886
600000,60,535814.0,20277,1001.39,64186,535814
800000,60,714705.0,20277,1001.39,85295,714705
1000000,60,893593.0,20277,1001.39,106407,893593
2,61,1.0,1,0.09,1,1
3,61,2.0,2,0.1,1,2
100,61,87.0,66,3.3,13,87
200,61,172.0,133,6.69,28,172
2000,61,1723.0,1333,66.7,277,1723
10000,61,8623.0,6666,333.3,1377,8623
20000,61,17220.0,13333,666.7,2780,17220
40000,61,34705.0,20000,1000.0,5295,34705
60000,61,52587.0,20000,1000.0,7413,52587
80000,61,70515.0,20000,1000.0,9485,70515
100000,61,88488.0,20000,1000.0,11512,88488
200000,61,178183.0,20000,1000.0,21817,178183
400000,61,357226.0,20000,1000.0,42774,357226
600000,61,536165.0,20000,1000.0,63835,536165
800000,61,715083.0,20000,1000.0,84917,715083
1000000,61,894155.0,20000,1000.0,105845,894155
2,62,1.0,1,0.09,1,1
3,62,2.0,2,0.1,1,2
100,62,88.0,66,3.3,12,88
200,62,177.0,133,6.69,23,177
2000,62,1720.0,1333,66.7,280,1720
10000,62,8639.0,6666,333.3,1361,8639
20000,62,17227.0,13333,666.7,2773,17227
40000,62,34807.0,20000,1000.0,5193,34807
60000,62,52727.0,20000,1000.0,7273,52727
80000,62,70587.0,20000,1000.0,9413,70587
100000,62,88504.0,20000,1000.0,11496,88504
200000,62,177953.0,20000,1000.0,22047,177953
400000,62,356982.0,20000,1000.0,43018,356982
600000,62,536092.0,20000,1000.0,63908,536092
800000,62,715112.0,20000,1000.0,84888,715112
1000000,62,894259.0,20000,1000.0,105741,894259
2,63,1.0,1,0.09,1,1
3,63,2.0,2,0.1,1,2
100,63,87.0,66,3.3,13,87
200,63,175.0,133,6.69,25,175
2000,63,1735.0,1333,66.7,265,1735
10000,63,8605.0,6666,333.3,1395,8605
20000,63,17231.0,13333,666.7,2769,17231
40000,63,34775.0,20000,1000.0,5225,34775
60000,63,52602.0,20000,1000.0,7398,52602
80000,63,70495.0,20000,1000.0,9505,70495
100000,63,88460.0,20000,1000.0,11540,88460
200000,63,177931.0,20000,1000.0,22069,177931
400000,63,356878.0,20000,1000.0,43122,356878
600000,63,535771.0,20000,1000.0,64229,535771
800000,63,714800.0,20000,1000.0,85200,714800
1000000,63,893738.0,20000,1000.0,106262,893738
2,64,1.0,1,0.09,1,1
3,64,2.0,2,0.1,1,2
100,64,91.0,66,3.3,9,91
200,64,180.0,133,6.69,20,180
2000,64,1757.0,1333,66.7,243,1757
10000,64,8681.0,6666,333.3,1319,8681
20000,64,17299.0,13333,666.7,2701,17299
40000,64,34821.0,20369,1001.85,5179,34821
60000,64,52739.0,20369,1001.85,7261,52739
80000,64,70673.0,20369,1001.85,9327,70673
100000,64,88606.0,20369,1001.85,11394,88606
200000,64,178039.0,20369,1001.85,21961,178039
400000,64,357203.0,20369,1001.85,42797,357203
600000,64,536118.0,20369,1001.85,63882,536118
800000,64,715064.0,20369,1001.85,84936,715064
1000000,64,894061.0,20369,1001.85,105939,894061
2,65,2.0,1,0.09,0,2
3,65,3.0,2,0.1,0,3
100,65,89.0,66,3.3,11,89
200,65,178.0,133,6.69,22,178
2000,65,1713.0,1333,66.7,287,1713
10000,65,8621.0,6666,333.3,1379,8621
20000,65,17228.0,13333,666.7,2772,17228
40000,65,34795.0,20000,1000.0,5205,34795
60000,65,52671.0,20000,1000.0,7329,52671
80000,65,70578.0,20000,1000.0,9422,70578
100000,65,88466.0,20000,1000.0,11534,88466
200000,65,177942.0,20000,1000.0,22058,177942
400000,65,356697.0,20000,1000.0,43303,356697
600000,65,535898.0,20000,1000.0,64102,535898
800000,65,714701.0,20000,1000.0,85299,714701
1000000,65,893812.0,20000,1000.0,106188,893812
2,66,2.0,1,0.09,0,2
3,66,3.0,2,0.1,0,3
100,66,86.0,66,3.3,14,86
200,66,172.0,133,6.69,28,172
2000,66,1714.0,1333,66.7,286,1714
10000,66,8595.0,6666,333.3,1405,8595
20000,66,17241.0,13333,666.7,2759,17241
40000,66,34853.0,20000,1000.0,5147,34853
60000,66,52802.0,20000,1000.0,7198,52802
80000,66,70740.0,20000,1000.0,9260,70740
100000,66,88623.0,20000,1000.0,11377,88623
200000,66,178272.0,20000,1000.0,21728,178272
400000,66,357241.0,20000,1000.0,42759,357241
600000,66,536394.0,20000,1000.0,63606,536394
800000,66,715369.0,20000,1000.0,84631,715369
1000000,66,894323.0,20000,1000.0,105677,894323
2,67,1.0,1,0.09,1,1
3,67,2.0,2,0.1,1,2
100,67,87.0,66,3.3,13,87
200,67,167.0,133,6.69,33,167
2000,67,1701.0,1333,66.7,299,1701
10000,67,8644.0,6666,333.3,1356,8644
20000,67,17247.0,13333,666.7,2753,17247
40000,67,34842.0,23852,1019.26,5158,34842
60000,67,52758.0,23852,1019.26,7242,52758
80000,67,70619.0,23852,1019.26,9381,70619
100000,67,88535.0,23852,1019.26,11465,88535
200000,67,177837.0,23852,1019.26,22163,177837
400000,67,356740.0,23852,1019.26,43260,356740
600000,67,535668.0,23852,1019.26,64332,535668
800000,67,714648.0,23852,1019.26,85352,714648
1000000,67,893448.0,23852,1019.26,106552,893448
2,68,2.0,1,0.09,0,2
3,68,3.0,2,0.1,0,3
100,68,85.0,66,3.3,15,85
200,68,166.0,133,6.69,34,166
2000,68,1728.0,1333,66.7,272,1728
10000,68,8610.0,6666,333.3,1390,8610
20000,68,17244.0,13333,666.7,2756,17244
40000,68,34778.0,20000,1000.0,5222,34778
60000,68,52586.0,20000,1000.0,7414,52586
80000,68,70464.0,20000,1000.0,9536,70464
100000,68,88387.0,20000,1000.0,11613,88387
200000,68,177995.0,20000,1000.0,22005,177995
400000,68,356938.0,20000,1000.0,43062,356938
600000,68,535866.0,20000,1000.0,64134,535866
800000,68,714911.0,20000,1000.0,85089,714911
1000000,68,893949.0,20000,1000.0,106051,893949
2,69,2.0,1,0.09,0,2
3,69,3.0,2,0.1,0,3
100,69,93.0,66,3.3,7,93
200,69,181.0,133,6.69,19,181
2000,69,1722.0,1333,66.7,278,1722
10000,69,8635.0,6666,333.3,1365,8635
20000,69,17339.0,13333,666.7,2661,17339
40000,69,34978.0,20000,1000.0,5022,34978
60000,69,52865.0,20000,1000.0,7135,52865
80000,69,70825.0,20000,1000.0,9175,70825
100000,69,88778.0,20000,1000.0,11222,88778
200000,69,178226.0,20000,1000.0,21774,178226
400000,69,357038.0,20000,1000.0,42962,357038
600000,69,536221.0,20000,1000.0,63779,536221
800000,69,715382.0,20000,1000.0,84618,715382
1000000,69,894394.0,20000,1000.0,105606,894394
2,70,2.0,1,0.09,0,2
3,70,3.0,2,0.1,0,3
100,70,80.0,66,3.3,20,80
200,70,161.0,133,6.69,39,161
2000,70,1731.0,1333,66.7,269,1731
10000,70,8609.0,6666,333.3,1391,8609
20000,70,17260.0,13333,666.7,2740,17260
40000,70,34881.0,20000,1000.0,5119,34881
60000,70,52718.0,20037,1000.19,7282,52718
80000,70,70585.0,20363,1001.82,9415,70585
100000,70,88543.0,20363,1001.82,11457,88543
200000,70,178022.0,20363,1001.82,21978,178022
400000,70,357104.0,20363,1001.82,42896,357104
600000,70,536320.0,20363,1001.82,63680,536320
800000,70,715195.0,20363,1001.82,84805,715195
1000000,70,893952.0,20363,1001.82,106048,893952
2,71,2.0,1,0.09,0,2
3,71,3.0,2,0.1,0,3
100,71,88.0,66,3.3,12,88
200,71,173.0,133,6.69,27,173
2000,71,1721.0,1333,66.7,279,1721
10000,71,8660.0,6666,333.3,1340,8660
20000,71,17205.0,13333,666.7,2795,17205
40000,71,34771.0,20000,1000.0,5229,34771
60000,71,52662.0,20000,1000.0,7338,52662
80000,71,70487.0,20000,1000.0,9513,70487
100000,71,88326.0,20000,1000.0,11674,88326
200000,71,177933.0,20000,1000.0,22067,177933
400000,71,357111.0,20000,1000.0,42889,357111
600000,71,536054.0,20000,1000.0,63946,536054
800000,71,714969.0,20000,1000.0,85031,714969
1000000,71,894042.0,20000,1000.0,105958,894042
2,72,2.0,1,0.09,0,2
3,72,3.0,2,0.1,0,3
100,72,85.0,66,3.3,15,85
200,72,167.0,133,6.69,33,167
2000,72,1738.0,1333,66.7,262,1738
10000,72,8616.0,6666,333.3,1384,8616
20000,72,17265.0,13333,666.7,2735,17265
40000,72,34822.0,25278,1026.39,5178,34822
60000,72,52692.0,45278,1126.39,7308,52692
80000,72,70483.0,65278,1226.39,9517,70483
100000,72,88268.0,85263,1326.32,11732,88268
200000,72,177356.0,185216,1826.08,22644,177356
400000,72,355514.0,385216,2826.08,44486,355514
600000,72,533864.0,535649,3578.25,66136,533864
800000,72,712981.0,535649,3578.25,87019,712981
1000000,72,891947.0,535649,3578.25,108053,891947
2,73,2.0,1,0.09,0,2
3,73,3.0,2,0.1,0,3
100,73,86.0,66,3.3,14,86
200,73,170.0,133,6.69,30,170
2000,73,1724.0,1333,66.7,276,1724
10000,73,8559.0,6666,333.3,1441,8559
20000,73,17151.0,13333,666.7,2849,17151
40000,73,34705.0,20000,1000.0,5295,34705
60000,73,52594.0,20000,1000.0,7406,52594
80000,73,70513.0,20000,1000.0,9487,70513
100000,73,88366.0,20000,1000.0,11634,88366
200000,73,177956.0,20000,1000.0,22044,177956
400000,73,357030.0,20000,1000.0,42970,357030
600000,73,536213.0,20000,1000.0,63787,536213
800000,73,714959.0,20000,1000.0,85041,714959
1000000,73,893695.0,20000,1000.0,106305,893695
2,74,2.0,1,0.09,0,2
3,74,3.0,2,0.1,0,3
100,74,86.0,66,3.3,14,86
200,74,169.0,133,6.69,31,169
2000,74,1719.0,1333,66.7,281,1719
10000,74,8682.0,6666,333.3,1318,8682
20000,74,17298.0,13333,666.7,2702,17298
40000,74,34914.0,20000,1000.0,5086,34914
60000,74,52852.0,20000,1000.0,7148,52852
80000,74,70862.0,20000,1000.0,9138,70862
100000,74,88740.0,20000,1000.0,11260,88740
200000,74,178282.0,20000,1000.0,21718,178282
400000,74,357093.0,20000,1000.0,42907,357093
600000,74,535978.0,20000,1000.0,64022,535978
800000,74,714947.0,20000,1000.0,85053,714947
1000000,74,894151.0,20000,1000.0,105849,894151
2,75,2.0,1,0.09,0,2
3,75,3.0,2,0.1,0,3
100,75,86.0,66,3.3,14,86
200,75,175.0,133,6.69,25,175
2000,75,1732.0,1333,66.7,268,1732
10000,75,8638.0,6666,333.3,1362,8638
20000,75,17322.0,13333,666.7,2678,17322
40000,75,34878.0,20000,1000.0,5122,34878
60000,75,52701.0,20000,1000.0,7299,52701
80000,75,70581.0,20000,1000.0,9419,70581
100000,75,88532.0,20000,1000.0,11468,88532
200000,75,178143.0,20000,1000.0,21857,178143
400000,75,357109.0,20000,1000.0,42891,357109
600000,75,536058.0,20000,1000.0,63942,536058
800000,75,715019.0,20000,1000.0,84981,715019
1000000,75,894087.0,20000,1000.0,105913,894087
2,76,2.0,1,0.09,0,2
3,76,3.0,2,0.1,0,3
100,76,88.0,66,3.3,12,88
200,76,172.0,133,6.69,28,172
2000,76,1708.0,1333,66.7,292,1708
10000,76,8601.0,6666,333.3,1399,8601
20000,76,17231.0,13333,666.7,2769,17231
40000,76,34849.0,20000,1000.0,5151,34849
60000,76,52733.0,20000,1000.0,7267,52733
80000,76,70633.0,20000,1000.0,9367,70633
100000,76,88581.0,20000,1000.0,11419,88581
200000,76,178185.0,20000,1000.0,21815,178185
400000,76,357178.0,20000,1000.0,42822,357178
600000,76,536250.0,20000,1000.0,63750,536250
800000,76,715272.0,20000,1000.0,84728,715272
1000000,76,894300.0,20000,1000.0,105700,894300
2,77,2.0,1,0.09,0,2
3,77,3.0,2,0.1,0,3
100,77,86.0,66,3.3,14,86
200,77,175.0,133,6.69,25,175
2000,77,1720.0,1333,66.7,280,1720
10000,77,8589.0,6666,333.3,1411,8589
20000,77,17250.0,13333,666.7,2750,17250
40000,77,34856.0,20000,1000.0,5144,34856
60000,77,52754.0,20000,1000.0,7246,52754
80000,77,70606.0,20000,1000.0,9394,70606
100000,77,88402.0,20000,1000.0,11598,88402
200000,77,177831.0,20000,1000.0,22169,177831
400000,77,356846.0,20000,1000.0,43154,356846
600000,77,535735.0,20000,1000.0,64265,535735
800000,77,715018.0,20000,1000.0,84982,715018
1000000,77,893739.0,20000,1000.0,106261,893739
2,78,2.0,1,0.09,0,2
3,78,3.0,2,0.1,0,3
100,78,94.0,66,3.3,6,94
200,78,175.0,133,6.69,25,175
2000,78,1705.0,1333,66.7,295,1705
10000,78,8628.0,6666,333.3,1372,8628
20000,78,17240.0,13333,666.7,2760,17240
40000,78,34795.0,20000,1000.0,5205,34795
60000,78,52730.0,20000,1000.0,7270,52730
80000,78,70616.0,20000,1000.0,9384,70616
100000,78,88591.0,20000,1000.0,11409,88591
200000,78,178171.0,20000,1000.0,21829,178171
400000,78,357316.0,20000,1000.0,42684,357316
600000,78,536321.0,20000,1000.0,63679,536321
800000,78,715523.0,20000,1000.0,84477,715523
1000000,78,894620.0,20000,1000.0,105380,894620
2,79,2.0,1,0.09,0,2
3,79,3.0,2,0.1,0,3
100,79,89.0,66,3.3,11,89
200,79,174.0,133,6.69,26,174
2000,79,1740.0,1333,66.7,260,1740
10000,79,8617.0,6666,333.3,1383,8617
20000,79,17262.0,13333,666.7,2738,17262
40000,79,34858.0,20000,1000.0,5142,34858
60000,79,52702.0,20000,1000.0,7298,52702
80000,79,70590.0,20000,1000.0,9410,70590
100000,79,88481.0,20000,1000.0,11519,88481
200000,79,177915.0,20000,1000.0,22085,177915
400000,79,357006.0,20000,1000.0,42994,357006
600000,79,536067.0,20000,1000.0,63933,536067
800000,79,715232.0,20000,1000.0,84768,715232
1000000,79,894430.0,20000,1000.0,105570,894430
2,80,2.0,1,0.09,0,2
3,80,3.0,2,0.1,0,3
100,80,88.0,66,3.3,12,88
200,80,171.0,133,6.69,29,171
2000,80,1701.0,1333,66.7,299,1701
10000,80,8591.0,6666,333.3,1409,8591
20000,80,17203.0,13333,666.7,2797,17203
40000,80,34895.0,20000,1000.0,5105,34895
60000,80,52895.0,20000,1000.0,7105,52895
80000,80,70787.0,20000,1000.0,9213,70787
100000,80,88629.0,20000,1000.0,11371,88629
200000,80,178136.0,20000,1000.0,21864,178136
400000,80,357018.0,20000,1000.0,42982,357018
600000,80,535809.0,20000,1000.0,64191,535809
800000,80,715035.0,20000,1000.0,84965,715035
1000000,80,893709.0,20000,1000.0,106291,893709
2,81,2.0,1,0.09,0,2
3,81,3.0,2,0.1,0,3
100,81,85.0,66,3.3,15,85
200,81,176.0,133,6.69,24,176
2000,81,1719.0,1333,66.7,281,1719
10000,81,8619.0,6666,333.3,1381,8619
20000,81,17140.0,13333,666.7,2860,17140
40000,81,34732.0,20000,1000.0,5268,34732
60000,81,52643.0,20000,1000.0,7357,52643
80000,81,70577.0,20000,1000.0,9423,70577
100000,81,88491.0,20000,1000.0,11509,88491
200000,81,178012.0,20000,1000.0,21988,178012
400000,81,356865.0,20000,1000.0,43135,356865
600000,81,536020.0,20000,1000.0,63980,536020
800000,81,715064.0,20000,1000.0,84936,715064
1000000,81,894138.0,20000,1000.0,105862,894138
2,82,2.0,1,0.09,0,2
3,82,3.0,2,0.1,0,3
100,82,90.0,66,3.3,10,90
200,82,177.0,133,6.69,23,177
2000,82,1752.0,1333,66.7,248,1752
10000,82,8652.0,6666,333.3,1348,8652
20000,82,17250.0,13333,666.7,2750,17250
40000,82,34769.0,20000,1000.0,5231,34769
60000,82,52644.0,20000,1000.0,7356,52644
80000,82,70468.0,20000,1000.0,9532,70468
100000,82,88372.0,20000,1000.0,11628,88372
200000,82,178011.0,20000,1000.0,21989,178011
400000,82,356882.0,20000,1000.0,43118,356882
600000,82,535709.0,20000,1000.0,64291,535709
800000,82,714737.0,20000,1000.0,85263,714737
1000000,82,893578.0,20000,1000.0,106422,893578
2,83,2.0,1,0.09,0,2
3,83,3.0,2,0.1,0,3
100,83,81.0,66,3.3,19,81
200,83,170.0,133,6.69,30,170
2000,83,1719.0,1333,66.7,281,1719
10000,83,8556.0,6666,333.3,1444,8556
20000,83,17244.0,13333,666.7,2756,17244
40000,83,34833.0,20099,1000.5,5167,34833
60000,83,52667.0,20099,1000.5,7333,52667
80000,83,70547.0,20099,1000.5,9453,70547
100000,83,88421.0,20099,1000.5,11579,88421
200000,83,177909.0,20099,1000.5,22091,177909
400000,83,356774.0,20099,1000.5,43226,356774
600000,83,535776.0,20099,1000.5,64224,535776
800000,83,714990.0,20099,1000.5,85010,714990
1000000,83,893983.0,20099,1000.5,106017,893983
2,84,2.0,1,0.09,0,2
3,84,3.0,2,0.1,0,3
100,84,89.0,66,3.3,11,89
200,84,175.0,133,6.69,25,175
2000,84,1723.0,1333,66.7,277,1723
10000,84,8613.0,6666,333.3,1387,8613
20000,84,17260.0,13333,666.7,2740,17260
40000,84,34925.0,20000,1000.0,5075,34925
60000,84,52845.0,20000,1000.0,7155,52845
80000,84,70752.0,20000,1000.0,9248,70752
100000,84,88672.0,20000,1000.0,11328,88672
200000,84,178143.0,20000,1000.0,21857,178143
400000,84,357016.0,20000,1000.0,42984,357016
600000,84,535995.0,20000,1000.0,64005,535995
800000,84,715054.0,20000,1000.0,84946,715054
1000000,84,894021.0,20000,1000.0,105979,894021
2,85,1.0,1,0.09,1,1
3,85,2.0,2,0.1,1,2
100,85,86.0,66,3.3,14,86
200,85,173.0,133,6.69,27,173
2000,85,1723.0,1333,66.7,277,1723
10000,85,8633.0,6666,333.3,1367,8633
20000,85,17274.0,13333,666.7,2726,17274
40000,85,34817.0,20000,1000.0,5183,34817
60000,85,52664.0,20000,1000.0,7336,52664
80000,85,70535.0,20000,1000.0,9465,70535
100000,85,88443.0,20000,1000.0,11557,88443
200000,85,178018.0,20000,1000.0,21982,178018
400000,85,356927.0,20000,1000.0,43073,356927
600000,85,535985.0,20000,1000.0,64015,535985
800000,85,715094.0,20000,1000.0,84906,715094
1000000,85,893994.0,20000,1000.0,106006,893994
2,86,2.0,1,0.09,0,2
3,86,3.0,2,0.1,0,3
100,86,91.0,66,3.3,9,91
200,86,176.0,133,6.69,24,176
2000,86,1719.0,1333,66.7,281,1719
10000,86,8609.0,6666,333.3,1391,8609
20000,86,17212.0,13333,666.7,2788,17212
40000,86,34741.0,20000,1000.0,5259,34741
60000,86,52655.0,20000,1000.0,7345,52655
80000,86,70544.0,20000,1000.0,9456,70544
100000,86,88440.0,20000,1000.0,11560,88440
200000,86,177917.0,20000,1000.0,22083,177917
400000,86,357062.0,20000,1000.0,42938,357062
600000,86,536175.0,20000,1000.0,63825,536175
800000,86,715208.0,20000,1000.0,84792,715208
1000000,86,894068.0,20000,1000.0,105932,894068
2,87,0.0,1,0.09,2,0
3,87,1.0,2,0.1,2,1
100,87,89.0,66,3.3,11,89
200,87,174.0,133,6.69,26,174
2000,87,1724.0,1333,66.7,276,1724
10000,87,8611.0,6666,333.3,1389,8611
20000,87,17214.0,13333,666.7,2786,17214
40000,87,34660.0,29696,1048.48,5340,34660
60000,87,52467.0,49624,1148.12,7533,52467
80000,87,70286.0,69624,1248.12,9714,70286
100000,87,88071.0,89624,1348.12,11929,88071
200000,87,177220.0,189624,1848.12,22780,177220
400000,87,355250.0,389624,2848.12,44750,355250
600000,87,533223.0,589624,3848.12,66777,533223
800000,87,711132.0,789624,4848.12,88868,711132
1000000,87,889011.0,989624,5848.12,110989,889011
2,88,2.0,1,0.09,0,2
3,88,3.0,2,0.1,0,3
100,88,91.0,66,3.3,9,91
200,88,179.0,133,6.69,21,179
2000,88,1720.0,1333,66.7,280,1720
10000,88,8649.0,6666,333.3,1351,8649
20000,88,17241.0,13333,666.7,2759,17241
40000,88,34780.0,28062,1040.31,5220,34780
60000,88,52680.0,32515,1062.58,7320,52680
80000,88,70431.0,32515,1062.58,9569,70431
100000,88,88347.0,32515,1062.58,11653,88347
200000,88,177894.0,32515,1062.58,22106,177894
400000,88,356842.0,32515,1062.58,43158,356842
600000,88,535725.0,32515,1062.58,64275,535725
800000,88,714801.0,32515,1062.58,85199,714801
1000000,88,893737.0,32515,1062.58,106263,893737
2,89,2.0,1,0.09,0,2
3,89,3.0,2,0.1,0,3
100,89,93.0,66,3.3,7,93
200,89,175.0,133,6.69,25,175
2000,89,1732.0,1333,66.7,268,1732
10000,89,8600.0,6666,333.3,1400,8600
20000,89,17216.0,13333,666.7,2784,17216
40000,89,34754.0,21045,1005.23,5246,34754
60000,89,52661.0,21045,1005.23,7339,52661
80000,89,70565.0,21045,1005.23,9435,70565
100000,89,88510.0,21045,1005.23,11490,88510
200000,89,177862.0,21045,1005.23,22138,177862
400000,89,356704.0,21045,1005.23,43296,356704
600000,89,535661.0,21045,1005.23,64339,535661
800000,89,714346.0,21045,1005.23,85654,714346
1000000,89,893259.0,21045,1005.23,106741,893259
2,90,1.0,1,0.09,1,1
3,90,1.0,2,0.1,2,1
100,90,85.0,66,3.3,15,85
200,90,169.0,133,6.69,31,169
2000,90,1727.0,1333,66.7,273,1727
10000,90,8704.0,6666,333.3,1296,8704
20000,90,17311.0,13333,666.7,2689,17311
40000,90,34816.0,20000,1000.0,5184,34816
60000,90,52750.0,20000,1000.0,7250,52750
80000,90,70593.0,20000,1000.0,9407,70593
100000,90,88526.0,20000,1000.0,11474,88526
200000,90,178071.0,20000,1000.0,21929,178071
400000,90,356794.0,20000,1000.0,43206,356794
600000,90,535977.0,20000,1000.0,64023,535977
800000,90,715325.0,20000,1000.0,84675,715325
1000000,90,894342.0,20000,1000.0,105658,894342
2,91,2.0,1,0.09,0,2
3,91,3.0,2,0.1,0,3
100,91,89.0,66,3.3,11,89
200,91,168.0,133,6.69,32,168
2000,91,1715.0,1333,66.7,285,1715
10000,91,8557.0,6666,333.3,1443,8557
20000,91,17129.0,13333,666.7,2871,17129
40000,91,34735.0,20000,1000.0,5265,34735
60000,91,52595.0,20000,1000.0,7405,52595
80000,91,70491.0,20000,1000.0,9509,70491
100000,91,88300.0,20000,1000.0,11700,88300
200000,91,177790.0,20000,1000.0,22210,177790
400000,91,356655.0,20000,1000.0,43345,356655
600000,91,535526.0,20000,1000.0,64474,535526
800000,91,714462.0,20000,1000.0,85538,714462
1000000,91,893666.0,20000,1000.0,106334,893666
2,92,2.0,1,0.09,0,2
3,92,3.0,2,0.1,0,3
100,92,83.0,66,3.3,17,83
200,92,167.0,133,6.69,33,167
2000,92,1720.0,1333,66.7,280,1720
10000,92,8544.0,6666,333.3,1456,8544
20000,92,17150.0,13333,666.7,2850,17150
40000,92,34669.0,20000,1000.0,5331,34669
60000,92,52601.0,20000,1000.0,7399,52601
80000,92,70588.0,20000,1000.0,9412,70588
100000,92,88526.0,20000,1000.0,11474,88526
200000,92,177971.0,20000,1000.0,22029,177971
400000,92,356800.0,20000,1000.0,43200,356800
600000,92,535571.0,20000,1000.0,64429,535571
800000,92,714737.0,20000,1000.0,85263,714737
1000000,92,893808.0,20000,1000.0,106192,893808
2,93,1.0,1,0.09,1,1
3,93,2.0,2,0.1,1,2
100,93,84.0,66,3.3,16,84
200,93,168.0,133,6.69,32,168
2000,93,1736.0,1333,66.7,264,1736
10000,93,8586.0,6666,333.3,1414,8586
20000,93,17199.0,13333,666.7,2801,17199
40000,93,34732.0,20000,1000.0,5268,34732
60000,93,52630.0,20000,1000.0,7370,52630
80000,93,70581.0,20000,1000.0,9419,70581
100000,93,88423.0,20000,1000.0,11577,88423
200000,93,178062.0,20000,1000.0,21938,178062
400000,93,357020.0,20000,1000.0,42980,357020
600000,93,536180.0,20000,1000.0,63820,536180
800000,93,715290.0,20000,1000.0,84710,715290
1000000,93,894334.0,20000,1000.0,105666,894334
2,94,2.0,1,0.09,0,2
3,94,3.0,2,0.1,0,3
100,94,84.0,66,3.3,16,84
200,94,167.0,133,6.69,33,167
2000,94,1744.0,1333,66.7,256,1744
10000,94,8627.0,6666,333.3,1373,8627
20000,94,17297.0,13333,666.7,2703,17297
40000,94,34863.0,20000,1000.0,5137,34863
60000,94,52762.0,20000,1000.0,7238,52762
80000,94,70673.0,20000,1000.0,9327,70673
100000,94,88600.0,20000,1000.0,11400,88600
200000,94,178128.0,20000,1000.0,21872,178128
400000,94,356954.0,20000,1000.0,43046,356954
600000,94,535807.0,20000,1000.0,64193,535807
800000,94,714865.0,20000,1000.0,85135,714865
1000000,94,893790.0,20000,1000.0,106210,893790
2,95,2.0,1,0.09,0,2
3,95,3.0,2,0.1,0,3
100,95,93.0,66,3.3,7,93
200,95,179.0,133,6.69,21,179
2000,95,1704.0,1333,66.7,296,1704
10000,95,8596.0,6666,333.3,1404,8596
20000,95,17195.0,13333,666.7,2805,17195
40000,95,34758.0,20000,1000.0,5242,34758
60000,95,52719.0,20000,1000.0,7281,52719
80000,95,70640.0,20000,1000.0,9360,70640
100000,95,88509.0,20000,1000.0,11491,88509
200000,95,178213.0,20000,1000.0,21787,178213
400000,95,357473.0,20000,1000.0,42527,357473
600000,95,536608.0,20000,1000.0,63392,536608
800000,95,715567.0,20000,1000.0,84433,715567
1000000,95,894567.0,20000,1000.0,105433,894567
2,96,2.0,1,0.09,0,2
3,96,3.0,2,0.1,0,3
100,96,83.0,66,3.3,17,83
200,96,172.0,133,6.69,28,172
2000,96,1745.0,1333,66.7,255,1745
10000,96,8660.0,6666,333.3,1340,8660
20000,96,17337.0,13333,666.7,2663,17337
40000,96,34894.0,20688,1003.44,5106,34894
60000,96,52853.0,21163,1005.82,7147,52853
80000,96,70724.0,21163,1005.82,9276,70724
100000,96,88615.0,21163,1005.82,11385,88615
200000,96,178102.0,21163,1005.82,21898,178102
400000,96,357086.0,21163,1005.82,42914,357086
600000,96,536047.0,21163,1005.82,63953,536047
800000,96,715353.0,21163,1005.82,84647,715353
1000000,96,894497.0,21163,1005.82,105503,894497
2,97,1.0,1,0.09,1,1
3,97,2.0,2,0.1,1,2
100,97,79.0,66,3.3,21,79
200,97,162.0,133,6.69,38,162
2000,97,1746.0,1333,66.7,254,1746
10000,97,8630.0,6666,333.3,1370,8630
20000,97,17264.0,13333,666.7,2736,17264
40000,97,34722.0,28491,1042.46,5278,34722
60000,97,52614.0,28491,1042.46,7386,52614
80000,97,70521.0,28491,1042.46,9479,70521
100000,97,88402.0,28491,1042.46,11598,88402
200000,97,177883.0,28491,1042.46,22117,177883
400000,97,356696.0,28491,1042.46,43304,356696
600000,97,536031.0,28491,1042.46,63969,536031
800000,97,715221.0,28491,1042.46,84779,715221
1000000,97,894187.0,28491,1042.46,105813,894187
2,98,2.0,1,0.09,0,2
3,98,3.0,2,0.1,0,3
100,98,90.0,66,3.3,10,90
200,98,179.0,133,6.69,21,179
2000,98,1753.0,1333,66.7,247,1753
10000,98,8640.0,6666,333.3,1360,8640
20000,98,17211.0,13333,666.7,2789,17211
40000,98,34813.0,20000,1000.0,5187,34813
60000,98,52734.0,20000,1000.0,7266,52734
80000,98,70635.0,20000,1000.0,9365,70635
100000,98,88524.0,20000,1000.0,11476,88524
200000,98,178033.0,20000,1000.0,21967,178033
400000,98,357314.0,20000,1000.0,42686,357314
600000,98,536061.0,20000,1000.0,63939,536061
800000,98,714973.0,20000,1000.0,85027,714973
1000000,98,894200.0,20000,1000.0,105800,894200
2,99,2.0,1,0.09,0,2
3,99,2.0,2,0.1,1,2
100,99,88.0,66,3.3,12,88
200,99,171.0,133,6.69,29,171
2000,99,1740.0,1333,66.7,260,1740
10000,99,8646.0,6666,333.3,1354,8646
20000,99,17339.0,13333,666.7,2661,17339
40000,99,34916.0,20000,1000.0,5084,34916
60000,99,52825.0,20000,1000.0,7175,52825
80000,99,70788.0,20000,1000.0,9212,70788
100000,99,88662.0,20000,1000.0,11338,88662
200000,99,178080.0,20000,1000.0,21920,178080
400000,99,357033.0,20000,1000.0,42967,357033
600000,99,536066.0,20000,1000.0,63934,536066
800000,99,714930.0,20000,1000.0,85070,714930
1000000,99,894124.0,20000,1000.0,105876,894124
2,100,2.0,1,0.09,0,2
3,100,3.0,2,0.1,0,3
100,100,90.0,66,3.3,10,90
200,100,175.0,133,6.69,25,175
2000,100,1742.0,1333,66.7,258,1742
10000,100,8640.0,6666,333.3,1360,8640
20000,100,17317.0,13333,666.7,2683,17317
40000,100,34897.0,20000,1000.0,5103,34897
60000,100,52844.0,20000,1000.0,7156,52844
80000,100,70726.0,20000,1000.0,9274,70726
100000,100,88620.0,20000,1000.0,11380,88620
200000,100,178189.0,20000,1000.0,21811,178189
400000,100,357332.0,20000,1000.0,42668,357332
600000,100,536665.0,20000,1000.0,63335,536665
800000,100,715724.0,20000,1000.0,84276,715724
1000000,100,894785.0,20000,1000.0,105215,894785
