Timestep,Iteration,Total Reward,Suboptimal Arms,Total Regret,Zeros Count,Ones Count
2,1,2.0,1,0.05,0,2
3,1,3.0,1,0.05,0,3
100,1,91.0,50,2.5,9,91
200,1,178.0,100,5.0,22,178
2000,1,1756.0,1000,50.0,244,1756
10000,1,8797.0,5000,250.0,1203,8797
20000,1,17520.0,10000,500.0,2480,17520
40000,1,35541.0,10000,500.0,4459,35541
60000,1,53476.0,10000,500.0,6524,53476
80000,1,71462.0,10000,500.0,8538,71462
100000,1,89433.0,10000,500.0,10567,89433
200000,1,179441.0,10000,500.0,20559,179441
400000,1,359486.0,10000,500.0,40514,359486
600000,1,539579.0,10000,500.0,60421,539579
800000,1,719536.0,10000,500.0,80464,719536
1000000,1,899623.0,10000,500.0,100377,899623
2,2,1.0,1,0.05,1,1
3,2,2.0,1,0.05,1,2
100,2,91.0,50,2.5,9,91
200,2,180.0,100,5.0,20,180
2000,2,1751.0,1000,50.0,249,1751
10000,2,8750.0,5000,250.0,1250,8750
20000,2,17534.0,10000,500.0,2466,17534
40000,2,35562.0,10000,500.0,4438,35562
60000,2,53589.0,10000,500.0,6411,53589
80000,2,71611.0,10000,500.0,8389,71611
100000,2,89621.0,10000,500.0,10379,89621
200000,2,179644.0,10000,500.0,20356,179644
400000,2,359468.0,10000,500.0,40532,359468
600000,2,539425.0,10000,500.0,60575,539425
800000,2,719364.0,10000,500.0,80636,719364
1000000,2,899466.0,10000,500.0,100534,899466
2,3,2.0,1,0.05,0,2
3,3,3.0,1,0.05,0,3
100,3,84.0,50,2.5,16,84
200,3,170.0,100,5.0,30,170
2000,3,1729.0,1000,50.0,271,1729
10000,3,8743.0,5000,250.0,1257,8743
20000,3,17484.0,10000,500.0,2516,17484
40000,3,35510.0,10000,500.0,4490,35510
60000,3,53503.0,10000,500.0,6497,53503
80000,3,71484.0,10000,500.0,8516,71484
100000,3,89433.0,10000,500.0,10567,89433
200000,3,179584.0,10000,500.0,20416,179584
400000,3,359786.0,10000,500.0,40214,359786
600000,3,539742.0,10000,500.0,60258,539742
800000,3,719666.0,10000,500.0,80334,719666
1000000,3,899695.0,10000,500.0,100305,899695
2,4,2.0,1,0.05,0,2
3,4,3.0,1,0.05,0,3
100,4,92.0,50,2.5,8,92
200,4,180.0,100,5.0,20,180
2000,4,1749.0,1000,50.0,251,1749
10000,4,8783.0,5000,250.0,1217,8783
20000,4,17502.0,10000,500.0,2498,17502
40000,4,35536.0,10000,500.0,4464,35536
60000,4,53565.0,10000,500.0,6435,53565
80000,4,71559.0,10000,500.0,8441,71559
100000,4,89596.0,10000,500.0,10404,89596
200000,4,179572.0,10000,500.0,20428,179572
400000,4,359289.0,10000,500.0,40711,359289
600000,4,539090.0,10000,500.0,60910,539090
800000,4,718921.0,10000,500.0,81079,718921
1000000,4,898810.0,10000,500.0,101190,898810
2,5,2.0,1,0.05,0,2
3,5,3.0,1,0.05,0,3
100,5,88.0,50,2.5,12,88
200,5,176.0,100,5.0,24,176
2000,5,1759.0,1000,50.0,241,1759
10000,5,8741.0,5000,250.0,1259,8741
20000,5,17468.0,10000,500.0,2532,17468
40000,5,35485.0,10000,500.0,4515,35485
60000,5,53469.0,10000,500.0,6531,53469
80000,5,71543.0,10000,500.0,8457,71543
100000,5,89549.0,10000,500.0,10451,89549
200000,5,179462.0,10000,500.0,20538,179462
400000,5,359359.0,10000,500.0,40641,359359
600000,5,539521.0,10000,500.0,60479,539521
800000,5,719326.0,10000,500.0,80674,719326
1000000,5,899336.0,10000,500.0,100664,899336
2,6,2.0,1,0.05,0,2
3,6,3.0,1,0.05,0,3
100,6,93.0,50,2.5,7,93
200,6,183.0,100,5.0,17,183
2000,6,1767.0,1000,50.0,233,1767
10000,6,8771.0,5000,250.0,1229,8771
20000,6,17554.0,10000,500.0,2446,17554
40000,6,35634.0,10000,500.0,4366,35634
60000,6,53647.0,10000,500.0,6353,53647
80000,6,71626.0,10000,500.0,8374,71626
100000,6,89650.0,10000,500.0,10350,89650
200000,6,179621.0,10000,500.0,20379,179621
400000,6,359573.0,10000,500.0,40427,359573
600000,6,539319.0,10000,500.0,60681,539319
800000,6,719512.0,10000,500.0,80488,719512
1000000,6,899467.0,10000,500.0,100533,899467
2,7,2.0,1,0.05,0,2
3,7,3.0,1,0.05,0,3
100,7,82.0,50,2.5,18,82
200,7,170.0,100,5.0,30,170
2000,7,1769.0,1000,50.0,231,1769
10000,7,8790.0,5000,250.0,1210,8790
20000,7,17456.0,10000,500.0,2544,17456
40000,7,35528.0,10000,500.0,4472,35528
60000,7,53581.0,10000,500.0,6419,53581
80000,7,71562.0,10000,500.0,8438,71562
100000,7,89569.0,10000,500.0,10431,89569
200000,7,179643.0,10000,500.0,20357,179643
400000,7,359516.0,10000,500.0,40484,359516
600000,7,539591.0,10000,500.0,60409,539591
800000,7,719891.0,10000,500.0,80109,719891
1000000,7,900026.0,10000,500.0,99974,900026
2,8,2.0,1,0.05,0,2
3,8,3.0,1,0.05,0,3
100,8,90.0,50,2.5,10,90
200,8,170.0,100,5.0,30,170
2000,8,1762.0,1000,50.0,238,1762
10000,8,8767.0,5000,250.0,1233,8767
20000,8,17623.0,10000,500.0,2377,17623
40000,8,35670.0,10000,500.0,4330,35670
60000,8,53698.0,10000,500.0,6302,53698
80000,8,71692.0,10000,500.0,8308,71692
100000,8,89661.0,10000,500.0,10339,89661
200000,8,179685.0,10000,500.0,20315,179685
400000,8,359578.0,10000,500.0,40422,359578
600000,8,539719.0,10000,500.0,60281,539719
800000,8,719773.0,10000,500.0,80227,719773
1000000,8,899837.0,10000,500.0,100163,899837
2,9,2.0,1,0.05,0,2
3,9,3.0,1,0.05,0,3
100,9,93.0,50,2.5,7,93
200,9,180.0,100,5.0,20,180
2000,9,1765.0,1000,50.0,235,1765
10000,9,8804.0,5000,250.0,1196,8804
20000,9,17508.0,10000,500.0,2492,17508
40000,9,35508.0,10000,500.0,4492,35508
60000,9,53553.0,10000,500.0,6447,53553
80000,9,71557.0,10000,500.0,8443,71557
100000,9,89528.0,10000,500.0,10472,89528
200000,9,179561.0,10000,500.0,20439,179561
400000,9,359487.0,10000,500.0,40513,359487
600000,9,539592.0,10000,500.0,60408,539592
800000,9,719618.0,10000,500.0,80382,719618
1000000,9,899534.0,10000,500.0,100466,899534
2,10,2.0,1,0.05,0,2
3,10,3.0,1,0.05,0,3
100,10,87.0,50,2.5,13,87
200,10,171.0,100,5.0,29,171
2000,10,1724.0,1000,50.0,276,1724
10000,10,8699.0,5000,250.0,1301,8699
20000,10,17410.0,10000,500.0,2590,17410
40000,10,35445.0,10000,500.0,4555,35445
60000,10,53514.0,10000,500.0,6486,53514
80000,10,71533.0,10000,500.0,8467,71533
100000,10,89508.0,10000,500.0,10492,89508
200000,10,179573.0,10000,500.0,20427,179573
400000,10,359576.0,10000,500.0,40424,359576
600000,10,539485.0,10000,500.0,60515,539485
800000,10,719493.0,10000,500.0,80507,719493
1000000,10,899554.0,10000,500.0,100446,899554
2,11,1.0,1,0.05,1,1
3,11,2.0,1,0.05,1,2
100,11,90.0,50,2.5,10,90
200,11,181.0,100,5.0,19,181
2000,11,1755.0,1000,50.0,245,1755
10000,11,8788.0,5000,250.0,1212,8788
20000,11,17554.0,10000,500.0,2446,17554
40000,11,35573.0,10000,500.0,4427,35573
60000,11,53684.0,10000,500.0,6316,53684
80000,11,71745.0,10000,500.0,8255,71745
100000,11,89728.0,10000,500.0,10272,89728
200000,11,179763.0,10000,500.0,20237,179763
400000,11,359854.0,10000,500.0,40146,359854
600000,11,539827.0,10000,500.0,60173,539827
800000,11,720151.0,10000,500.0,79849,720151
1000000,11,900175.0,10000,500.0,99825,900175
2,12,2.0,1,0.05,0,2
3,12,3.0,1,0.05,0,3
100,12,92.0,50,2.5,8,92
200,12,182.0,100,5.0,18,182
2000,12,1755.0,1000,50.0,245,1755
10000,12,8743.0,5000,250.0,1257,8743
20000,12,17442.0,10000,500.0,2558,17442
40000,12,35442.0,10000,500.0,4558,35442
60000,12,53421.0,10000,500.0,6579,53421
80000,12,71424.0,10000,500.0,8576,71424
100000,12,89478.0,10000,500.0,10522,89478
200000,12,179500.0,10000,500.0,20500,179500
400000,12,359530.0,10000,500.0,40470,359530
600000,12,539363.0,10000,500.0,60637,539363
800000,12,719426.0,10000,500.0,80574,719426
1000000,12,899622.0,10000,500.0,100378,899622
2,13,2.0,1,0.05,0,2
3,13,3.0,1,0.05,0,3
100,13,90.0,50,2.5,10,90
200,13,172.0,100,5.0,28,172
2000,13,1742.0,1000,50.0,258,1742
10000,13,8750.0,5000,250.0,1250,8750
20000,13,17523.0,10000,500.0,2477,17523
40000,13,35504.0,10000,500.0,4496,35504
60000,13,53449.0,10000,500.0,6551,53449
80000,13,71466.0,10000,500.0,8534,71466
100000,13,89440.0,10000,500.0,10560,89440
200000,13,179454.0,10000,500.0,20546,179454
400000,13,359285.0,10000,500.0,40715,359285
600000,13,538992.0,10000,500.0,61008,538992
800000,13,719145.0,10000,500.0,80855,719145
1000000,13,899285.0,10000,500.0,100715,899285
2,14,2.0,1,0.05,0,2
3,14,3.0,1,0.05,0,3
100,14,83.0,50,2.5,17,83
200,14,166.0,100,5.0,34,166
2000,14,1739.0,1000,50.0,261,1739
10000,14,8749.0,5000,250.0,1251,8749
20000,14,17486.0,10000,500.0,2514,17486
40000,14,35533.0,10000,500.0,4467,35533
60000,14,53506.0,10000,500.0,6494,53506
80000,14,71521.0,10000,500.0,8479,71521
100000,14,89502.0,10000,500.0,10498,89502
200000,14,179482.0,10000,500.0,20518,179482
400000,14,359331.0,10000,500.0,40669,359331
600000,14,539244.0,10000,500.0,60756,539244
800000,14,719070.0,10000,500.0,80930,719070
1000000,14,899237.0,10000,500.0,100763,899237
2,15,2.0,1,0.05,0,2
3,15,3.0,1,0.05,0,3
100,15,86.0,50,2.5,14,86
200,15,176.0,100,5.0,24,176
2000,15,1755.0,1000,50.0,245,1755
10000,15,8785.0,5000,250.0,1215,8785
20000,15,17511.0,10000,500.0,2489,17511
40000,15,35451.0,10000,500.0,4549,35451
60000,15,53492.0,10000,500.0,6508,53492
80000,15,71504.0,10000,500.0,8496,71504
100000,15,89441.0,10000,500.0,10559,89441
200000,15,179278.0,10000,500.0,20722,179278
400000,15,359171.0,10000,500.0,40829,359171
600000,15,539158.0,10000,500.0,60842,539158
800000,15,719001.0,10000,500.0,80999,719001
1000000,15,899091.0,10000,500.0,100909,899091
2,16,2.0,1,0.05,0,2
3,16,3.0,1,0.05,0,3
100,16,92.0,50,2.5,8,92
200,16,178.0,100,5.0,22,178
2000,16,1739.0,1000,50.0,261,1739
10000,16,8757.0,5000,250.0,1243,8757
20000,16,17519.0,10000,500.0,2481,17519
40000,16,35525.0,10000,500.0,4475,35525
60000,16,53480.0,10000,500.0,6520,53480
80000,16,71425.0,10000,500.0,8575,71425
100000,16,89442.0,10000,500.0,10558,89442
200000,16,179297.0,10000,500.0,20703,179297
400000,16,359290.0,10000,500.0,40710,359290
600000,16,539308.0,10000,500.0,60692,539308
800000,16,719364.0,10000,500.0,80636,719364
1000000,16,899313.0,10000,500.0,100687,899313
2,17,1.0,1,0.05,1,1
3,17,2.0,1,0.05,1,2
100,17,86.0,50,2.5,14,86
200,17,170.0,100,5.0,30,170
2000,17,1754.0,1000,50.0,246,1754
10000,17,8786.0,5000,250.0,1214,8786
20000,17,17553.0,10000,500.0,2447,17553
40000,17,35496.0,10000,500.0,4504,35496
60000,17,53438.0,10000,500.0,6562,53438
80000,17,71382.0,10000,500.0,8618,71382
100000,17,89339.0,10000,500.0,10661,89339
200000,17,179328.0,10000,500.0,20672,179328
400000,17,359244.0,10000,500.0,40756,359244
600000,17,539071.0,10000,500.0,60929,539071
800000,17,719041.0,10000,500.0,80959,719041
1000000,17,899010.0,10000,500.0,100990,899010
2,18,2.0,1,0.05,0,2
3,18,3.0,1,0.05,0,3
100,18,86.0,50,2.5,14,86
200,18,171.0,100,5.0,29,171
2000,18,1731.0,1000,50.0,269,1731
10000,18,8695.0,5000,250.0,1305,8695
20000,18,17379.0,10000,500.0,2621,17379
40000,18,35393.0,10000,500.0,4607,35393
60000,18,53441.0,10000,500.0,6559,53441
80000,18,71428.0,10000,500.0,8572,71428
100000,18,89453.0,10000,500.0,10547,89453
200000,18,179550.0,10000,500.0,20450,179550
400000,18,359798.0,10000,500.0,40202,359798
600000,18,539805.0,10000,500.0,60195,539805
800000,18,720038.0,10000,500.0,79962,720038
1000000,18,900060.0,10000,500.0,99940,900060
2,19,2.0,1,0.05,0,2
3,19,3.0,1,0.05,0,3
100,19,88.0,50,2.5,12,88
200,19,168.0,100,5.0,32,168
2000,19,1757.0,1000,50.0,243,1757
10000,19,8778.0,5000,250.0,1222,8778
20000,19,17517.0,10000,500.0,2483,17517
40000,19,35532.0,10000,500.0,4468,35532
60000,19,53531.0,10000,500.0,6469,53531
80000,19,71526.0,10000,500.0,8474,71526
100000,19,89591.0,10000,500.0,10409,89591
200000,19,179494.0,10000,500.0,20506,179494
400000,19,359482.0,10000,500.0,40518,359482
600000,19,539568.0,10000,500.0,60432,539568
800000,19,719716.0,10000,500.0,80284,719716
1000000,19,899726.0,10000,500.0,100274,899726
2,20,2.0,1,0.05,0,2
3,20,3.0,1,0.05,0,3
100,20,90.0,50,2.5,10,90
200,20,174.0,100,5.0,26,174
2000,20,1737.0,1000,50.0,263,1737
10000,20,8707.0,5000,250.0,1293,8707
20000,20,17422.0,10000,500.0,2578,17422
40000,20,35460.0,10000,500.0,4540,35460
60000,20,53513.0,10000,500.0,6487,53513
80000,20,71460.0,10000,500.0,8540,71460
100000,20,89489.0,10000,500.0,10511,89489
200000,20,179621.0,10000,500.0,20379,179621
400000,20,359794.0,10000,500.0,40206,359794
600000,20,539655.0,10000,500.0,60345,539655
800000,20,719838.0,10000,500.0,80162,719838
1000000,20,899840.0,10000,500.0,100160,899840
2,21,2.0,1,0.05,0,2
3,21,3.0,1,0.05,0,3
100,21,90.0,50,2.5,10,90
200,21,175.0,100,5.0,25,175
2000,21,1763.0,1000,50.0,237,1763
10000,21,8785.0,5000,250.0,1215,8785
20000,21,17563.0,10000,500.0,2437,17563
40000,21,35538.0,10000,500.0,4462,35538
60000,21,53555.0,10000,500.0,6445,53555
80000,21,71610.0,10000,500.0,8390,71610
100000,21,89644.0,10000,500.0,10356,89644
200000,21,179795.0,10000,500.0,20205,179795
400000,21,359721.0,10000,500.0,40279,359721
600000,21,539614.0,10000,500.0,60386,539614
800000,21,719672.0,10000,500.0,80328,719672
1000000,21,899840.0,10000,500.0,100160,899840
2,22,2.0,1,0.05,0,2
3,22,3.0,1,0.05,0,3
100,22,85.0,50,2.5,15,85
200,22,171.0,100,5.0,29,171
2000,22,1729.0,1000,50.0,271,1729
10000,22,8734.0,5000,250.0,1266,8734
20000,22,17465.0,10000,500.0,2535,17465
40000,22,35440.0,10000,500.0,4560,35440
60000,22,53403.0,10000,500.0,6597,53403
80000,22,71361.0,10000,500.0,8639,71361
100000,22,89402.0,10000,500.0,10598,89402
200000,22,179401.0,10000,500.0,20599,179401
400000,22,359369.0,10000,500.0,40631,359369
600000,22,539351.0,10000,500.0,60649,539351
800000,22,719161.0,10000,500.0,80839,719161
1000000,22,898884.0,10000,500.0,101116,898884
2,23,2.0,1,0.05,0,2
3,23,3.0,1,0.05,0,3
100,23,86.0,50,2.5,14,86
200,23,177.0,100,5.0,23,177
2000,23,1768.0,1000,50.0,232,1768
10000,23,8761.0,5000,250.0,1239,8761
20000,23,17531.0,10000,500.0,2469,17531
40000,23,35584.0,10000,500.0,4416,35584
60000,23,53496.0,10000,500.0,6504,53496
80000,23,71494.0,10000,500.0,8506,71494
100000,23,89488.0,10000,500.0,10512,89488
200000,23,179436.0,10000,500.0,20564,179436
400000,23,359482.0,10000,500.0,40518,359482
600000,23,539461.0,10000,500.0,60539,539461
800000,23,719485.0,10000,500.0,80515,719485
1000000,23,899663.0,10000,500.0,100337,899663
2,24,2.0,1,0.05,0,2
3,24,3.0,1,0.05,0,3
100,24,86.0,50,2.5,14,86
200,24,173.0,100,5.0,27,173
2000,24,1725.0,1000,50.0,275,1725
10000,24,8727.0,5000,250.0,1273,8727
20000,24,17542.0,10000,500.0,2458,17542
40000,24,35527.0,10000,500.0,4473,35527
60000,24,53512.0,10000,500.0,6488,53512
80000,24,71538.0,10000,500.0,8462,71538
100000,24,89475.0,10000,500.0,10525,89475
200000,24,179527.0,10000,500.0,20473,179527
400000,24,359271.0,10000,500.0,40729,359271
600000,24,539198.0,10000,500.0,60802,539198
800000,24,719040.0,10000,500.0,80960,719040
1000000,24,898906.0,10000,500.0,101094,898906
2,25,1.0,1,0.05,1,1
3,25,2.0,1,0.05,1,2
100,25,82.0,50,2.5,18,82
200,25,174.0,100,5.0,26,174
2000,25,1734.0,1000,50.0,266,1734
10000,25,8731.0,5000,250.0,1269,8731
20000,25,17563.0,10000,500.0,2437,17563
40000,25,35612.0,10000,500.0,4388,35612
60000,25,53609.0,10000,500.0,6391,53609
80000,25,71664.0,10000,500.0,8336,71664
100000,25,89598.0,10000,500.0,10402,89598
200000,25,179530.0,10000,500.0,20470,179530
400000,25,359453.0,10000,500.0,40547,359453
600000,25,539573.0,10000,500.0,60427,539573
800000,25,719446.0,10000,500.0,80554,719446
1000000,25,899279.0,10000,500.0,100721,899279
2,26,2.0,1,0.05,0,2
3,26,3.0,1,0.05,0,3
100,26,89.0,50,2.5,11,89
200,26,185.0,100,5.0,15,185
2000,26,1775.0,1000,50.0,225,1775
10000,26,8797.0,5000,250.0,1203,8797
20000,26,17585.0,10000,500.0,2415,17585
40000,26,35603.0,10000,500.0,4397,35603
60000,26,53674.0,10000,500.0,6326,53674
80000,26,71750.0,10000,500.0,8250,71750
100000,26,89678.0,10000,500.0,10322,89678
200000,26,179652.0,10000,500.0,20348,179652
400000,26,359802.0,10000,500.0,40198,359802
600000,26,539664.0,10000,500.0,60336,539664
800000,26,719555.0,10000,500.0,80445,719555
1000000,26,899647.0,10000,500.0,100353,899647
2,27,2.0,1,0.05,0,2
3,27,3.0,1,0.05,0,3
100,27,84.0,50,2.5,16,84
200,27,171.0,100,5.0,29,171
2000,27,1719.0,1000,50.0,281,1719
10000,27,8738.0,5000,250.0,1262,8738
20000,27,17445.0,10000,500.0,2555,17445
40000,27,35476.0,10000,500.0,4524,35476
60000,27,53490.0,10000,500.0,6510,53490
80000,27,71434.0,10000,500.0,8566,71434
100000,27,89407.0,10000,500.0,10593,89407
200000,27,179335.0,10000,500.0,20665,179335
400000,27,359287.0,10000,500.0,40713,359287
600000,27,539129.0,10000,500.0,60871,539129
800000,27,719175.0,10000,500.0,80825,719175
1000000,27,898926.0,10000,500.0,101074,898926
2,28,2.0,1,0.05,0,2
3,28,3.0,1,0.05,0,3
100,28,86.0,50,2.5,14,86
200,28,171.0,100,5.0,29,171
2000,28,1743.0,1000,50.0,257,1743
10000,28,8771.0,5000,250.0,1229,8771
20000,28,17538.0,10000,500.0,2462,17538
40000,28,35550.0,10000,500.0,4450,35550
60000,28,53614.0,10000,500.0,6386,53614
80000,28,71623.0,10000,500.0,8377,71623
100000,28,89618.0,10000,500.0,10382,89618
200000,28,179685.0,10000,500.0,20315,179685
400000,28,359804.0,10000,500.0,40196,359804
600000,28,539728.0,10000,500.0,60272,539728
800000,28,719795.0,10000,500.0,80205,719795
1000000,28,899681.0,10000,500.0,100319,899681
2,29,2.0,1,0.05,0,2
3,29,3.0,1,0.05,0,3
100,29,91.0,50,2.5,9,91
200,29,175.0,100,5.0,25,175
2000,29,1773.0,1000,50.0,227,1773
10000,29,8739.0,5000,250.0,1261,8739
20000,29,17426.0,10000,500.0,2574,17426
40000,29,35407.0,10000,500.0,4593,35407
60000,29,53355.0,10000,500.0,6645,53355
80000,29,71390.0,10000,500.0,8610,71390
100000,29,89453.0,10000,500.0,10547,89453
200000,29,179659.0,10000,500.0,20341,179659
400000,29,359817.0,10000,500.0,40183,359817
600000,29,539863.0,10000,500.0,60137,539863
800000,29,719936.0,10000,500.0,80064,719936
1000000,29,899797.0,10000,500.0,100203,899797
2,30,2.0,1,0.05,0,2
3,30,3.0,1,0.05,0,3
100,30,88.0,50,2.5,12,88
200,30,181.0,100,5.0,19,181
2000,30,1761.0,1000,50.0,239,1761
10000,30,8728.0,5000,250.0,1272,8728
20000,30,17502.0,10000,500.0,2498,17502
40000,30,35477.0,10000,500.0,4523,35477
60000,30,53507.0,10000,500.0,6493,53507
80000,30,71495.0,10000,500.0,8505,71495
100000,30,89458.0,10000,500.0,10542,89458
200000,30,179440.0,10000,500.0,20560,179440
400000,30,359642.0,10000,500.0,40358,359642
600000,30,539642.0,10000,500.0,60358,539642
800000,30,719754.0,10000,500.0,80246,719754
1000000,30,899859.0,10000,500.0,100141,899859
2,31,2.0,1,0.05,0,2
3,31,3.0,1,0.05,0,3
100,31,91.0,50,2.5,9,91
200,31,182.0,100,5.0,18,182
2000,31,1751.0,1000,50.0,249,1751
10000,31,8747.0,5000,250.0,1253,8747
20000,31,17551.0,10000,500.0,2449,17551
40000,31,35570.0,10000,500.0,4430,35570
60000,31,53647.0,10000,500.0,6353,53647
80000,31,71678.0,10000,500.0,8322,71678
100000,31,89714.0,10000,500.0,10286,89714
200000,31,179720.0,10000,500.0,20280,179720
400000,31,359623.0,10000,500.0,40377,359623
600000,31,539637.0,10000,500.0,60363,539637
800000,31,719709.0,10000,500.0,80291,719709
1000000,31,899901.0,10000,500.0,100099,899901
2,32,2.0,1,0.05,0,2
3,32,3.0,1,0.05,0,3
100,32,88.0,50,2.5,12,88
200,32,176.0,100,5.0,24,176
2000,32,1753.0,1000,50.0,247,1753
10000,32,8767.0,5000,250.0,1233,8767
20000,32,17453.0,10000,500.0,2547,17453
40000,32,35408.0,10000,500.0,4592,35408
60000,32,53406.0,10000,500.0,6594,53406
80000,32,71339.0,10000,500.0,8661,71339
100000,32,89345.0,10000,500.0,10655,89345
200000,32,179091.0,10000,500.0,20909,179091
400000,32,359093.0,10000,500.0,40907,359093
600000,32,539270.0,10000,500.0,60730,539270
800000,32,719304.0,10000,500.0,80696,719304
1000000,32,899503.0,10000,500.0,100497,899503
2,33,2.0,1,0.05,0,2
3,33,3.0,1,0.05,0,3
100,33,88.0,50,2.5,12,88
200,33,173.0,100,5.0,27,173
2000,33,1745.0,1000,50.0,255,1745
10000,33,8748.0,5000,250.0,1252,8748
20000,33,17472.0,10000,500.0,2528,17472
40000,33,35485.0,10000,500.0,4515,35485
60000,33,53491.0,10000,500.0,6509,53491
80000,33,71511.0,10000,500.0,8489,71511
100000,33,89536.0,10000,500.0,10464,89536
200000,33,179472.0,10000,500.0,20528,179472
400000,33,359433.0,10000,500.0,40567,359433
600000,33,539424.0,10000,500.0,60576,539424
800000,33,719118.0,10000,500.0,80882,719118
1000000,33,899090.0,10000,500.0,100910,899090
2,34,2.0,1,0.05,0,2
3,34,3.0,1,0.05,0,3
100,34,85.0,50,2.5,15,85
200,34,162.0,100,5.0,38,162
2000,34,1742.0,1000,50.0,258,1742
10000,34,8741.0,5000,250.0,1259,8741
20000,34,17503.0,10000,500.0,2497,17503
40000,34,35450.0,10000,500.0,4550,35450
60000,34,53415.0,10000,500.0,6585,53415
80000,34,71384.0,10000,500.0,8616,71384
100000,34,89432.0,10000,500.0,10568,89432
200000,34,179569.0,10000,500.0,20431,179569
400000,34,359483.0,10000,500.0,40517,359483
600000,34,539120.0,10000,500.0,60880,539120
800000,34,719172.0,10000,500.0,80828,719172
1000000,34,899126.0,10000,500.0,100874,899126
2,35,2.0,1,0.05,0,2
3,35,3.0,1,0.05,0,3
100,35,83.0,50,2.5,17,83
200,35,165.0,100,5.0,35,165
2000,35,1744.0,1000,50.0,256,1744
10000,35,8753.0,5000,250.0,1247,8753
20000,35,17477.0,10000,500.0,2523,17477
40000,35,35442.0,10000,500.0,4558,35442
60000,35,53428.0,10000,500.0,6572,53428
80000,35,71447.0,10000,500.0,8553,71447
100000,35,89505.0,10000,500.0,10495,89505
200000,35,179599.0,10000,500.0,20401,179599
400000,35,359902.0,10000,500.0,40098,359902
600000,35,539957.0,10000,500.0,60043,539957
800000,35,719899.0,10000,500.0,80101,719899
1000000,35,899764.0,10000,500.0,100236,899764
2,36,1.0,1,0.05,1,1
3,36,2.0,1,0.05,1,2
100,36,86.0,50,2.5,14,86
200,36,179.0,100,5.0,21,179
2000,36,1729.0,1000,50.0,271,1729
10000,36,8745.0,5000,250.0,1255,8745
20000,36,17485.0,10000,500.0,2515,17485
40000,36,35478.0,10000,500.0,4522,35478
60000,36,53461.0,10000,500.0,6539,53461
80000,36,71418.0,10000,500.0,8582,71418
100000,36,89306.0,10000,500.0,10694,89306
200000,36,179212.0,10000,500.0,20788,179212
400000,36,359161.0,10000,500.0,40839,359161
600000,36,538875.0,10000,500.0,61125,538875
800000,36,718801.0,10000,500.0,81199,718801
1000000,36,899143.0,10000,500.0,100857,899143
2,37,2.0,1,0.05,0,2
3,37,3.0,1,0.05,0,3
100,37,89.0,50,2.5,11,89
200,37,179.0,100,5.0,21,179
2000,37,1744.0,1000,50.0,256,1744
10000,37,8729.0,5000,250.0,1271,8729
20000,37,17438.0,10000,500.0,2562,17438
40000,37,35412.0,10000,500.0,4588,35412
60000,37,53441.0,10000,500.0,6559,53441
80000,37,71466.0,10000,500.0,8534,71466
100000,37,89554.0,10000,500.0,10446,89554
200000,37,179732.0,10000,500.0,20268,179732
400000,37,359731.0,10000,500.0,40269,359731
600000,37,539829.0,10000,500.0,60171,539829
800000,37,719843.0,10000,500.0,80157,719843
1000000,37,899715.0,10000,500.0,100285,899715
2,38,2.0,1,0.05,0,2
3,38,3.0,1,0.05,0,3
100,38,86.0,50,2.5,14,86
200,38,175.0,100,5.0,25,175
2000,38,1739.0,1000,50.0,261,1739
10000,38,8715.0,5000,250.0,1285,8715
20000,38,17459.0,10000,500.0,2541,17459
40000,38,35427.0,10000,500.0,4573,35427
60000,38,53467.0,10000,500.0,6533,53467
80000,38,71462.0,10000,500.0,8538,71462
100000,38,89467.0,10000,500.0,10533,89467
200000,38,179586.0,10000,500.0,20414,179586
400000,38,359601.0,10000,500.0,40399,359601
600000,38,539584.0,10000,500.0,60416,539584
800000,38,719814.0,10000,500.0,80186,719814
1000000,38,899882.0,10000,500.0,100118,899882
2,39,2.0,1,0.05,0,2
3,39,3.0,1,0.05,0,3
100,39,89.0,50,2.5,11,89
200,39,182.0,100,5.0,18,182
2000,39,1758.0,1000,50.0,242,1758
10000,39,8751.0,5000,250.0,1249,8751
20000,39,17505.0,10000,500.0,2495,17505
40000,39,35473.0,10000,500.0,4527,35473
60000,39,53422.0,10000,500.0,6578,53422
80000,39,71504.0,10000,500.0,8496,71504
100000,39,89571.0,10000,500.0,10429,89571
200000,39,179622.0,10000,500.0,20378,179622
400000,39,359889.0,10000,500.0,40111,359889
600000,39,539984.0,10000,500.0,60016,539984
800000,39,719947.0,10000,500.0,80053,719947
1000000,39,900111.0,10000,500.0,99889,900111
2,40,2.0,1,0.05,0,2
3,40,3.0,1,0.05,0,3
100,40,90.0,50,2.5,10,90
200,40,177.0,100,5.0,23,177
2000,40,1739.0,1000,50.0,261,1739
10000,40,8721.0,5000,250.0,1279,8721
20000,40,17463.0,10000,500.0,2537,17463
40000,40,35444.0,10000,500.0,4556,35444
60000,40,53383.0,10000,500.0,6617,53383
80000,40,71327.0,10000,500.0,8673,71327
100000,40,89337.0,10000,500.0,10663,89337
200000,40,179387.0,10000,500.0,20613,179387
400000,40,359364.0,10000,500.0,40636,359364
600000,40,539545.0,10000,500.0,60455,539545
800000,40,719697.0,10000,500.0,80303,719697
1000000,40,899540.0,10000,500.0,100460,899540
2,41,2.0,1,0.05,0,2
3,41,3.0,1,0.05,0,3
100,41,85.0,50,2.5,15,85
200,41,165.0,100,5.0,35,165
2000,41,1776.0,1000,50.0,224,1776
10000,41,8761.0,5000,250.0,1239,8761
20000,41,17499.0,10000,500.0,2501,17499
40000,41,35480.0,10000,500.0,4520,35480
60000,41,53521.0,10000,500.0,6479,53521
80000,41,71534.0,10000,500.0,8466,71534
100000,41,89493.0,10000,500.0,10507,89493
200000,41,179615.0,10000,500.0,20385,179615
400000,41,359654.0,10000,500.0,40346,359654
600000,41,539787.0,10000,500.0,60213,539787
800000,41,719626.0,10000,500.0,80374,719626
1000000,41,899450.0,10000,500.0,100550,899450
2,42,2.0,1,0.05,0,2
3,42,3.0,1,0.05,0,3
100,42,94.0,50,2.5,6,94
200,42,186.0,100,5.0,14,186
2000,42,1771.0,1000,50.0,229,1771
10000,42,8754.0,5000,250.0,1246,8754
20000,42,17537.0,10000,500.0,2463,17537
40000,42,35591.0,10000,500.0,4409,35591
60000,42,53591.0,10000,500.0,6409,53591
80000,42,71589.0,10000,500.0,8411,71589
100000,42,89532.0,10000,500.0,10468,89532
200000,42,179554.0,10000,500.0,20446,179554
400000,42,359434.0,10000,500.0,40566,359434
600000,42,539400.0,10000,500.0,60600,539400
800000,42,719370.0,10000,500.0,80630,719370
1000000,42,899479.0,10000,500.0,100521,899479
2,43,2.0,1,0.05,0,2
3,43,3.0,1,0.05,0,3
100,43,86.0,50,2.5,14,86
200,43,175.0,100,5.0,25,175
2000,43,1739.0,1000,50.0,261,1739
10000,43,8730.0,5000,250.0,1270,8730
20000,43,17479.0,10000,500.0,2521,17479
40000,43,35452.0,10000,500.0,4548,35452
60000,43,53486.0,10000,500.0,6514,53486
80000,43,71546.0,10000,500.0,8454,71546
100000,43,89572.0,10000,500.0,10428,89572
200000,43,179678.0,10000,500.0,20322,179678
400000,43,359722.0,10000,500.0,40278,359722
600000,43,539984.0,10000,500.0,60016,539984
800000,43,719694.0,10000,500.0,80306,719694
1000000,43,899625.0,10000,500.0,100375,899625
2,44,2.0,1,0.05,0,2
3,44,3.0,1,0.05,0,3
100,44,89.0,50,2.5,11,89
200,44,176.0,100,5.0,24,176
2000,44,1750.0,1000,50.0,250,1750
10000,44,8767.0,5000,250.0,1233,8767
20000,44,17498.0,10000,500.0,2502,17498
40000,44,35516.0,10000,500.0,4484,35516
60000,44,53482.0,10000,500.0,6518,53482
80000,44,71433.0,10000,500.0,8567,71433
100000,44,89433.0,10000,500.0,10567,89433
200000,44,179486.0,10000,500.0,20514,179486
400000,44,359339.0,10000,500.0,40661,359339
600000,44,539366.0,10000,500.0,60634,539366
800000,44,719581.0,10000,500.0,80419,719581
1000000,44,899658.0,10000,500.0,100342,899658
2,45,2.0,1,0.05,0,2
3,45,2.0,1,0.05,1,2
100,45,81.0,50,2.5,19,81
200,45,167.0,100,5.0,33,167
2000,45,1747.0,1000,50.0,253,1747
10000,45,8768.0,5000,250.0,1232,8768
20000,45,17521.0,10000,500.0,2479,17521
40000,45,35465.0,10000,500.0,4535,35465
60000,45,53453.0,10000,500.0,6547,53453
80000,45,71474.0,10000,500.0,8526,71474
100000,45,89471.0,10000,500.0,10529,89471
200000,45,179478.0,10000,500.0,20522,179478
400000,45,359503.0,10000,500.0,40497,359503
600000,45,539514.0,10000,500.0,60486,539514
800000,45,719525.0,10000,500.0,80475,719525
1000000,45,899472.0,10000,500.0,100528,899472
2,46,1.0,1,0.05,1,1
3,46,2.0,1,0.05,1,2
100,46,86.0,50,2.5,14,86
200,46,173.0,100,5.0,27,173
2000,46,1756.0,1000,50.0,244,1756
10000,46,8686.0,5000,250.0,1314,8686
20000,46,17446.0,10000,500.0,2554,17446
40000,46,35400.0,10000,500.0,4600,35400
60000,46,53359.0,10000,500.0,6641,53359
80000,46,71389.0,10000,500.0,8611,71389
100000,46,89249.0,10000,500.0,10751,89249
200000,46,179254.0,10000,500.0,20746,179254
400000,46,359348.0,10000,500.0,40652,359348
600000,46,539393.0,10000,500.0,60607,539393
800000,46,719266.0,10000,500.0,80734,719266
1000000,46,899576.0,10000,500.0,100424,899576
2,47,1.0,1,0.05,1,1
3,47,2.0,1,0.05,1,2
100,47,89.0,50,2.5,11,89
200,47,174.0,100,5.0,26,174
2000,47,1763.0,1000,50.0,237,1763
10000,47,8756.0,5000,250.0,1244,8756
20000,47,17451.0,10000,500.0,2549,17451
40000,47,35387.0,10000,500.0,4613,35387
60000,47,53343.0,10000,500.0,6657,53343
80000,47,71277.0,10000,500.0,8723,71277
100000,47,89314.0,10000,500.0,10686,89314
200000,47,179161.0,10000,500.0,20839,179161
400000,47,359272.0,10000,500.0,40728,359272
600000,47,539333.0,10000,500.0,60667,539333
800000,47,719231.0,10000,500.0,80769,719231
1000000,47,899263.0,10000,500.0,100737,899263
2,48,2.0,1,0.05,0,2
3,48,3.0,1,0.05,0,3
100,48,90.0,50,2.5,10,90
200,48,183.0,100,5.0,17,183
2000,48,1781.0,1000,50.0,219,1781
10000,48,8755.0,5000,250.0,1245,8755
20000,48,17563.0,10000,500.0,2437,17563
40000,48,35530.0,10000,500.0,4470,35530
60000,48,53517.0,10000,500.0,6483,53517
80000,48,71521.0,10000,500.0,8479,71521
100000,48,89543.0,10000,500.0,10457,89543
200000,48,179503.0,10000,500.0,20497,179503
400000,48,359558.0,10000,500.0,40442,359558
600000,48,539757.0,10000,500.0,60243,539757
800000,48,719804.0,10000,500.0,80196,719804
1000000,48,899842.0,10000,500.0,100158,899842
2,49,2.0,1,0.05,0,2
3,49,3.0,1,0.05,0,3
100,49,86.0,50,2.5,14,86
200,49,177.0,100,5.0,23,177
2000,49,1763.0,1000,50.0,237,1763
10000,49,8751.0,5000,250.0,1249,8751
20000,49,17427.0,10000,500.0,2573,17427
40000,49,35357.0,10000,500.0,4643,35357
60000,49,53416.0,10000,500.0,6584,53416
80000,49,71338.0,10000,500.0,8662,71338
100000,49,89400.0,10000,500.0,10600,89400
200000,49,179411.0,10000,500.0,20589,179411
400000,49,359154.0,10000,500.0,40846,359154
600000,49,539186.0,10000,500.0,60814,539186
800000,49,719243.0,10000,500.0,80757,719243
1000000,49,899122.0,10000,500.0,100878,899122
2,50,2.0,1,0.05,0,2
3,50,3.0,1,0.05,0,3
100,50,89.0,50,2.5,11,89
200,50,178.0,100,5.0,22,178
2000,50,1752.0,1000,50.0,248,1752
10000,50,8753.0,5000,250.0,1247,8753
20000,50,17491.0,10000,500.0,2509,17491
40000,50,35452.0,10000,500.0,4548,35452
60000,50,53404.0,10000,500.0,6596,53404
80000,50,71418.0,10000,500.0,8582,71418
100000,50,89432.0,10000,500.0,10568,89432
200000,50,179351.0,10000,500.0,20649,179351
400000,50,359283.0,10000,500.0,40717,359283
600000,50,539589.0,10000,500.0,60411,539589
800000,50,719465.0,10000,500.0,80535,719465
1000000,50,899528.0,10000,500.0,100472,899528
2,51,2.0,1,0.05,0,2
3,51,3.0,1,0.05,0,3
100,51,86.0,50,2.5,14,86
200,51,172.0,100,5.0,28,172
2000,51,1760.0,1000,50.0,240,1760
10000,51,8706.0,5000,250.0,1294,8706
20000,51,17472.0,10000,500.0,2528,17472
40000,51,35491.0,10000,500.0,4509,35491
60000,51,53521.0,10000,500.0,6479,53521
80000,51,71543.0,10000,500.0,8457,71543
100000,51,89563.0,10000,500.0,10437,89563
200000,51,179627.0,10000,500.0,20373,179627
400000,51,359443.0,10000,500.0,40557,359443
600000,51,539519.0,10000,500.0,60481,539519
800000,51,719690.0,10000,500.0,80310,719690
1000000,51,899865.0,10000,500.0,100135,899865
2,52,2.0,1,0.05,0,2
3,52,2.0,1,0.05,1,2
100,52,85.0,50,2.5,15,85
200,52,172.0,100,5.0,28,172
2000,52,1757.0,1000,50.0,243,1757
10000,52,8749.0,5000,250.0,1251,8749
20000,52,17508.0,10000,500.0,2492,17508
40000,52,35542.0,10000,500.0,4458,35542
60000,52,53531.0,10000,500.0,6469,53531
80000,52,71504.0,10000,500.0,8496,71504
100000,52,89500.0,10000,500.0,10500,89500
200000,52,179385.0,10000,500.0,20615,179385
400000,52,359361.0,10000,500.0,40639,359361
600000,52,539580.0,10000,500.0,60420,539580
800000,52,719620.0,10000,500.0,80380,719620
1000000,52,899555.0,10000,500.0,100445,899555
2,53,2.0,1,0.05,0,2
3,53,3.0,1,0.05,0,3
100,53,86.0,50,2.5,14,86
200,53,173.0,100,5.0,27,173
2000,53,1744.0,1000,50.0,256,1744
10000,53,8816.0,5000,250.0,1184,8816
20000,53,17518.0,10000,500.0,2482,17518
40000,53,35457.0,10000,500.0,4543,35457
60000,53,53490.0,10000,500.0,6510,53490
80000,53,71566.0,10000,500.0,8434,71566
100000,53,89627.0,10000,500.0,10373,89627
200000,53,179488.0,10000,500.0,20512,179488
400000,53,359539.0,10000,500.0,40461,359539
600000,53,539619.0,10000,500.0,60381,539619
800000,53,719499.0,10000,500.0,80501,719499
1000000,53,899461.0,10000,500.0,100539,899461
2,54,2.0,1,0.05,0,2
3,54,3.0,1,0.05,0,3
100,54,86.0,50,2.5,14,86
200,54,172.0,100,5.0,28,172
2000,54,1738.0,1000,50.0,262,1738
10000,54,8763.0,5000,250.0,1237,8763
20000,54,17505.0,10000,500.0,2495,17505
40000,54,35520.0,10000,500.0,4480,35520
60000,54,53520.0,10000,500.0,6480,53520
80000,54,71519.0,10000,500.0,8481,71519
100000,54,89530.0,10000,500.0,10470,89530
200000,54,179518.0,10000,500.0,20482,179518
400000,54,359425.0,10000,500.0,40575,359425
600000,54,539187.0,10000,500.0,60813,539187
800000,54,719291.0,10000,500.0,80709,719291
1000000,54,899338.0,10000,500.0,100662,899338
2,55,1.0,1,0.05,1,1
3,55,2.0,1,0.05,1,2
100,55,90.0,50,2.5,10,90
200,55,174.0,100,5.0,26,174
2000,55,1774.0,1000,50.0,226,1774
10000,55,8771.0,5000,250.0,1229,8771
20000,55,17504.0,10000,500.0,2496,17504
40000,55,35511.0,10000,500.0,4489,35511
60000,55,53537.0,10000,500.0,6463,53537
80000,55,71581.0,10000,500.0,8419,71581
100000,55,89600.0,10000,500.0,10400,89600
200000,55,179496.0,10000,500.0,20504,179496
400000,55,359574.0,10000,500.0,40426,359574
600000,55,539491.0,10000,500.0,60509,539491
800000,55,719554.0,10000,500.0,80446,719554
1000000,55,899538.0,10000,500.0,100462,899538
2,56,2.0,1,0.05,0,2
3,56,3.0,1,0.05,0,3
100,56,88.0,50,2.5,12,88
200,56,173.0,100,5.0,27,173
2000,56,1721.0,1000,50.0,279,1721
10000,56,8702.0,5000,250.0,1298,8702
20000,56,17446.0,10000,500.0,2554,17446
40000,56,35508.0,10000,500.0,4492,35508
60000,56,53519.0,10000,500.0,6481,53519
80000,56,71490.0,10000,500.0,8510,71490
100000,56,89523.0,10000,500.0,10477,89523
200000,56,179573.0,10000,500.0,20427,179573
400000,56,359582.0,10000,500.0,40418,359582
600000,56,539762.0,10000,500.0,60238,539762
800000,56,719750.0,10000,500.0,80250,719750
1000000,56,899645.0,10000,500.0,100355,899645
2,57,2.0,1,0.05,0,2
3,57,3.0,1,0.05,0,3
100,57,87.0,50,2.5,13,87
200,57,170.0,100,5.0,30,170
2000,57,1726.0,1000,50.0,274,1726
10000,57,8724.0,5000,250.0,1276,8724
20000,57,17461.0,10000,500.0,2539,17461
40000,57,35463.0,10000,500.0,4537,35463
60000,57,53440.0,10000,500.0,6560,53440
80000,57,71423.0,10000,500.0,8577,71423
100000,57,89440.0,10000,500.0,10560,89440
200000,57,179448.0,10000,500.0,20552,179448
400000,57,359451.0,10000,500.0,40549,359451
600000,57,539207.0,10000,500.0,60793,539207
800000,57,719332.0,10000,500.0,80668,719332
1000000,57,899262.0,10000,500.0,100738,899262
2,58,2.0,1,0.05,0,2
3,58,3.0,1,0.05,0,3
100,58,86.0,50,2.5,14,86
200,58,173.0,100,5.0,27,173
2000,58,1745.0,1000,50.0,255,1745
10000,58,8696.0,5000,250.0,1304,8696
20000,58,17451.0,10000,500.0,2549,17451
40000,58,35400.0,10000,500.0,4600,35400
60000,58,53445.0,10000,500.0,6555,53445
80000,58,71473.0,10000,500.0,8527,71473
100000,58,89449.0,10000,500.0,10551,89449
200000,58,179496.0,10000,500.0,20504,179496
400000,58,359513.0,10000,500.0,40487,359513
600000,58,539526.0,10000,500.0,60474,539526
800000,58,719574.0,10000,500.0,80426,719574
1000000,58,899637.0,10000,500.0,100363,899637
2,59,2.0,1,0.05,0,2
3,59,2.0,1,0.05,1,2
100,59,91.0,50,2.5,9,91
200,59,182.0,100,5.0,18,182
2000,59,1767.0,1000,50.0,233,1767
10000,59,8790.0,5000,250.0,1210,8790
20000,59,17542.0,10000,500.0,2458,17542
40000,59,35513.0,10000,500.0,4487,35513
60000,59,53451.0,10000,500.0,6549,53451
80000,59,71472.0,10000,500.0,8528,71472
100000,59,89449.0,10000,500.0,10551,89449
200000,59,179525.0,10000,500.0,20475,179525
400000,59,359596.0,10000,500.0,40404,359596
600000,59,539695.0,10000,500.0,60305,539695
800000,59,719490.0,10000,500.0,80510,719490
1000000,59,899456.0,10000,500.0,100544,899456
2,60,2.0,1,0.05,0,2
3,60,2.0,1,0.05,1,2
100,60,82.0,50,2.5,18,82
200,60,167.0,100,5.0,33,167
2000,60,1736.0,1000,50.0,264,1736
10000,60,8735.0,5000,250.0,1265,8735
20000,60,17525.0,10000,500.0,2475,17525
40000,60,35482.0,10000,500.0,4518,35482
60000,60,53399.0,10000,500.0,6601,53399
80000,60,71378.0,10000,500.0,8622,71378
100000,60,89399.0,10000,500.0,10601,89399
200000,60,179316.0,10000,500.0,20684,179316
400000,60,359416.0,10000,500.0,40584,359416
600000,60,539646.0,10000,500.0,60354,539646
800000,60,719555.0,10000,500.0,80445,719555
1000000,60,899569.0,10000,500.0,100431,899569
2,61,2.0,1,0.05,0,2
3,61,3.0,1,0.05,0,3
100,61,86.0,50,2.5,14,86
200,61,169.0,100,5.0,31,169
2000,61,1758.0,1000,50.0,242,1758
10000,61,8785.0,5000,250.0,1215,8785
20000,61,17487.0,10000,500.0,2513,17487
40000,61,35503.0,10000,500.0,4497,35503
60000,61,53535.0,10000,500.0,6465,53535
80000,61,71521.0,10000,500.0,8479,71521
100000,61,89538.0,10000,500.0,10462,89538
200000,61,179582.0,10000,500.0,20418,179582
400000,61,359709.0,10000,500.0,40291,359709
600000,61,539951.0,10000,500.0,60049,539951
800000,61,719912.0,10000,500.0,80088,719912
1000000,61,899939.0,10000,500.0,100061,899939
2,62,2.0,1,0.05,0,2
3,62,3.0,1,0.05,0,3
100,62,82.0,50,2.5,18,82
200,62,174.0,100,5.0,26,174
2000,62,1753.0,1000,50.0,247,1753
10000,62,8729.0,5000,250.0,1271,8729
20000,62,17470.0,10000,500.0,2530,17470
40000,62,35389.0,10000,500.0,4611,35389
60000,62,53402.0,10000,500.0,6598,53402
80000,62,71431.0,10000,500.0,8569,71431
100000,62,89466.0,10000,500.0,10534,89466
200000,62,179375.0,10000,500.0,20625,179375
400000,62,359655.0,10000,500.0,40345,359655
600000,62,539744.0,10000,500.0,60256,539744
800000,62,719914.0,10000,500.0,80086,719914
1000000,62,899915.0,10000,500.0,100085,899915
2,63,2.0,1,0.05,0,2
3,63,3.0,1,0.05,0,3
100,63,92.0,50,2.5,8,92
200,63,175.0,100,5.0,25,175
2000,63,1750.0,1000,50.0,250,1750
10000,63,8762.0,5000,250.0,1238,8762
20000,63,17475.0,10000,500.0,2525,17475
40000,63,35525.0,10000,500.0,4475,35525
60000,63,53579.0,10000,500.0,6421,53579
80000,63,71562.0,10000,500.0,8438,71562
100000,63,89566.0,10000,500.0,10434,89566
200000,63,179515.0,10000,500.0,20485,179515
400000,63,359761.0,10000,500.0,40239,359761
600000,63,539612.0,10000,500.0,60388,539612
800000,63,719553.0,10000,500.0,80447,719553
1000000,63,899498.0,10000,500.0,100502,899498
2,64,1.0,1,0.05,1,1
3,64,2.0,1,0.05,1,2
100,64,90.0,50,2.5,10,90
200,64,179.0,100,5.0,21,179
2000,64,1743.0,1000,50.0,257,1743
10000,64,8741.0,5000,250.0,1259,8741
20000,64,17487.0,10000,500.0,2513,17487
40000,64,35481.0,10000,500.0,4519,35481
60000,64,53583.0,10000,500.0,6417,53583
80000,64,71570.0,10000,500.0,8430,71570
100000,64,89549.0,10000,500.0,10451,89549
200000,64,179606.0,10000,500.0,20394,179606
400000,64,359628.0,10000,500.0,40372,359628
600000,64,539537.0,10000,500.0,60463,539537
800000,64,719682.0,10000,500.0,80318,719682
1000000,64,899535.0,10000,500.0,100465,899535
2,65,2.0,1,0.05,0,2
3,65,3.0,1,0.05,0,3
100,65,87.0,50,2.5,13,87
200,65,176.0,100,5.0,24,176
2000,65,1727.0,1000,50.0,273,1727
10000,65,8722.0,5000,250.0,1278,8722
20000,65,17415.0,10000,500.0,2585,17415
40000,65,35455.0,10000,500.0,4545,35455
60000,65,53499.0,10000,500.0,6501,53499
80000,65,71442.0,10000,500.0,8558,71442
100000,65,89463.0,10000,500.0,10537,89463
200000,65,179304.0,10000,500.0,20696,179304
400000,65,359471.0,10000,500.0,40529,359471
600000,65,539477.0,10000,500.0,60523,539477
800000,65,719670.0,10000,500.0,80330,719670
1000000,65,899483.0,10000,500.0,100517,899483
2,66,2.0,1,0.05,0,2
3,66,3.0,1,0.05,0,3
100,66,84.0,50,2.5,16,84
200,66,172.0,100,5.0,28,172
2000,66,1763.0,1000,50.0,237,1763
10000,66,8720.0,5000,250.0,1280,8720
20000,66,17502.0,10000,500.0,2498,17502
40000,66,35403.0,10000,500.0,4597,35403
60000,66,53403.0,10000,500.0,6597,53403
80000,66,71415.0,10000,500.0,8585,71415
100000,66,89439.0,10000,500.0,10561,89439
200000,66,179399.0,10000,500.0,20601,179399
400000,66,359492.0,10000,500.0,40508,359492
600000,66,539653.0,10000,500.0,60347,539653
800000,66,719646.0,10000,500.0,80354,719646
1000000,66,899411.0,10000,500.0,100589,899411
2,67,2.0,1,0.05,0,2
3,67,3.0,1,0.05,0,3
100,67,87.0,50,2.5,13,87
200,67,170.0,100,5.0,30,170
2000,67,1730.0,1000,50.0,270,1730
10000,67,8708.0,5000,250.0,1292,8708
20000,67,17464.0,10000,500.0,2536,17464
40000,67,35481.0,10000,500.0,4519,35481
60000,67,53524.0,10000,500.0,6476,53524
80000,67,71552.0,10000,500.0,8448,71552
100000,67,89555.0,10000,500.0,10445,89555
200000,67,179474.0,10000,500.0,20526,179474
400000,67,359319.0,10000,500.0,40681,359319
600000,67,539321.0,10000,500.0,60679,539321
800000,67,719098.0,10000,500.0,80902,719098
1000000,67,899190.0,10000,500.0,100810,899190
2,68,2.0,1,0.05,0,2
3,68,3.0,1,0.05,0,3
100,68,85.0,50,2.5,15,85
200,68,176.0,100,5.0,24,176
2000,68,1759.0,1000,50.0,241,1759
10000,68,8769.0,5000,250.0,1231,8769
20000,68,17538.0,10000,500.0,2462,17538
40000,68,35563.0,10000,500.0,4437,35563
60000,68,53654.0,10000,500.0,6346,53654
80000,68,71667.0,10000,500.0,8333,71667
100000,68,89707.0,10000,500.0,10293,89707
200000,68,179714.0,10000,500.0,20286,179714
400000,68,359673.0,10000,500.0,40327,359673
600000,68,539663.0,10000,500.0,60337,539663
800000,68,719627.0,10000,500.0,80373,719627
1000000,68,899907.0,10000,500.0,100093,899907
2,69,1.0,1,0.05,1,1
3,69,2.0,1,0.05,1,2
100,69,84.0,50,2.5,16,84
200,69,177.0,100,5.0,23,177
2000,69,1766.0,1000,50.0,234,1766
10000,69,8797.0,5000,250.0,1203,8797
20000,69,17499.0,10000,500.0,2501,17499
40000,69,35392.0,10000,500.0,4608,35392
60000,69,53393.0,10000,500.0,6607,53393
80000,69,71389.0,10000,500.0,8611,71389
100000,69,89422.0,10000,500.0,10578,89422
200000,69,179276.0,10000,500.0,20724,179276
400000,69,359241.0,10000,500.0,40759,359241
600000,69,539017.0,10000,500.0,60983,539017
800000,69,718968.0,10000,500.0,81032,718968
1000000,69,898973.0,10000,500.0,101027,898973
2,70,2.0,1,0.05,0,2
3,70,3.0,1,0.05,0,3
100,70,88.0,50,2.5,12,88
200,70,173.0,100,5.0,27,173
2000,70,1764.0,1000,50.0,236,1764
10000,70,8767.0,5000,250.0,1233,8767
20000,70,17547.0,10000,500.0,2453,17547
40000,70,35501.0,10000,500.0,4499,35501
60000,70,53538.0,10000,500.0,6462,53538
80000,70,71616.0,10000,500.0,8384,71616
100000,70,89648.0,10000,500.0,10352,89648
200000,70,179590.0,10000,500.0,20410,179590
400000,70,359765.0,10000,500.0,40235,359765
600000,70,539626.0,10000,500.0,60374,539626
800000,70,719577.0,10000,500.0,80423,719577
1000000,70,899416.0,10000,500.0,100584,899416
2,71,2.0,1,0.05,0,2
3,71,3.0,1,0.05,0,3
100,71,88.0,50,2.5,12,88
200,71,173.0,100,5.0,27,173
2000,71,1725.0,1000,50.0,275,1725
10000,71,8745.0,5000,250.0,1255,8745
20000,71,17535.0,10000,500.0,2465,17535
40000,71,35512.0,10000,500.0,4488,35512
60000,71,53491.0,10000,500.0,6509,53491
80000,71,71530.0,10000,500.0,8470,71530
100000,71,89614.0,10000,500.0,10386,89614
200000,71,179532.0,10000,500.0,20468,179532
400000,71,359432.0,10000,500.0,40568,359432
600000,71,539523.0,10000,500.0,60477,539523
800000,71,719564.0,10000,500.0,80436,719564
1000000,71,899533.0,10000,500.0,100467,899533
2,72,0.0,1,0.05,2,0
3,72,1.0,1,0.05,2,1
100,72,83.0,50,2.5,17,83
200,72,169.0,100,5.0,31,169
2000,72,1760.0,1000,50.0,240,1760
10000,72,8717.0,5000,250.0,1283,8717
20000,72,17460.0,10000,500.0,2540,17460
40000,72,35340.0,10000,500.0,4660,35340
60000,72,53320.0,10000,500.0,6680,53320
80000,72,71278.0,10000,500.0,8722,71278
100000,72,89278.0,10000,500.0,10722,89278
200000,72,179304.0,10000,500.0,20696,179304
400000,72,359414.0,10000,500.0,40586,359414
600000,72,539481.0,10000,500.0,60519,539481
800000,72,719528.0,10000,500.0,80472,719528
1000000,72,899610.0,10000,500.0,100390,899610
2,73,2.0,1,0.05,0,2
3,73,3.0,1,0.05,0,3
100,73,90.0,50,2.5,10,90
200,73,177.0,100,5.0,23,177
2000,73,1762.0,1000,50.0,238,1762
10000,73,8769.0,5000,250.0,1231,8769
20000,73,17574.0,10000,500.0,2426,17574
40000,73,35596.0,10000,500.0,4404,35596
60000,73,53587.0,10000,500.0,6413,53587
80000,73,71562.0,10000,500.0,8438,71562
100000,73,89531.0,10000,500.0,10469,89531
200000,73,179740.0,10000,500.0,20260,179740
400000,73,359740.0,10000,500.0,40260,359740
600000,73,539724.0,10000,500.0,60276,539724
800000,73,719660.0,10000,500.0,80340,719660
1000000,73,899705.0,10000,500.0,100295,899705
2,74,2.0,1,0.05,0,2
3,74,3.0,1,0.05,0,3
100,74,84.0,50,2.5,16,84
200,74,171.0,100,5.0,29,171
2000,74,1750.0,1000,50.0,250,1750
10000,74,8774.0,5000,250.0,1226,8774
20000,74,17510.0,10000,500.0,2490,17510
40000,74,35496.0,10000,500.0,4504,35496
60000,74,53504.0,10000,500.0,6496,53504
80000,74,71497.0,10000,500.0,8503,71497
100000,74,89481.0,10000,500.0,10519,89481
200000,74,179548.0,10000,500.0,20452,179548
400000,74,359580.0,10000,500.0,40420,359580
600000,74,539833.0,10000,500.0,60167,539833
800000,74,719709.0,10000,500.0,80291,719709
1000000,74,899500.0,10000,500.0,100500,899500
2,75,2.0,1,0.05,0,2
3,75,3.0,1,0.05,0,3
100,75,89.0,50,2.5,11,89
200,75,178.0,100,5.0,22,178
2000,75,1772.0,1000,50.0,228,1772
10000,75,8770.0,5000,250.0,1230,8770
20000,75,17505.0,10000,500.0,2495,17505
40000,75,35589.0,10000,500.0,4411,35589
60000,75,53609.0,10000,500.0,6391,53609
80000,75,71649.0,10000,500.0,8351,71649
100000,75,89672.0,10000,500.0,10328,89672
200000,75,179877.0,10000,500.0,20123,179877
400000,75,359771.0,10000,500.0,40229,359771
600000,75,539825.0,10000,500.0,60175,539825
800000,75,719783.0,10000,500.0,80217,719783
1000000,75,899745.0,10000,500.0,100255,899745
2,76,1.0,1,0.05,1,1
3,76,2.0,1,0.05,1,2
100,76,84.0,50,2.5,16,84
200,76,175.0,100,5.0,25,175
2000,76,1743.0,1000,50.0,257,1743
10000,76,8792.0,5000,250.0,1208,8792
20000,76,17580.0,10000,500.0,2420,17580
40000,76,35626.0,10000,500.0,4374,35626
60000,76,53679.0,10000,500.0,6321,53679
80000,76,71626.0,10000,500.0,8374,71626
100000,76,89598.0,10000,500.0,10402,89598
200000,76,179610.0,10000,500.0,20390,179610
400000,76,359584.0,10000,500.0,40416,359584
600000,76,539802.0,10000,500.0,60198,539802
800000,76,719708.0,10000,500.0,80292,719708
1000000,76,899744.0,10000,500.0,100256,899744
2,77,2.0,1,0.05,0,2
3,77,3.0,1,0.05,0,3
100,77,81.0,50,2.5,19,81
200,77,164.0,100,5.0,36,164
2000,77,1757.0,1000,50.0,243,1757
10000,77,8800.0,5000,250.0,1200,8800
20000,77,17551.0,10000,500.0,2449,17551
40000,77,35510.0,10000,500.0,4490,35510
60000,77,53456.0,10000,500.0,6544,53456
80000,77,71469.0,10000,500.0,8531,71469
100000,77,89452.0,10000,500.0,10548,89452
200000,77,179416.0,10000,500.0,20584,179416
400000,77,359715.0,10000,500.0,40285,359715
600000,77,539700.0,10000,500.0,60300,539700
800000,77,719919.0,10000,500.0,80081,719919
1000000,77,899802.0,10000,500.0,100198,899802
2,78,2.0,1,0.05,0,2
3,78,3.0,1,0.05,0,3
100,78,85.0,50,2.5,15,85
200,78,172.0,100,5.0,28,172
2000,78,1753.0,1000,50.0,247,1753
10000,78,8761.0,5000,250.0,1239,8761
20000,78,17482.0,10000,500.0,2518,17482
40000,78,35487.0,10000,500.0,4513,35487
60000,78,53458.0,10000,500.0,6542,53458
80000,78,71497.0,10000,500.0,8503,71497
100000,78,89447.0,10000,500.0,10553,89447
200000,78,179159.0,10000,500.0,20841,179159
400000,78,358983.0,10000,500.0,41017,358983
600000,78,539120.0,10000,500.0,60880,539120
800000,78,718995.0,10000,500.0,81005,718995
1000000,78,899019.0,10000,500.0,100981,899019
2,79,2.0,1,0.05,0,2
3,79,3.0,1,0.05,0,3
100,79,89.0,50,2.5,11,89
200,79,170.0,100,5.0,30,170
2000,79,1732.0,1000,50.0,268,1732
10000,79,8708.0,5000,250.0,1292,8708
20000,79,17510.0,10000,500.0,2490,17510
40000,79,35520.0,10000,500.0,4480,35520
60000,79,53451.0,10000,500.0,6549,53451
80000,79,71460.0,10000,500.0,8540,71460
100000,79,89368.0,10000,500.0,10632,89368
200000,79,179287.0,10000,500.0,20713,179287
400000,79,359147.0,10000,500.0,40853,359147
600000,79,539147.0,10000,500.0,60853,539147
800000,79,719011.0,10000,500.0,80989,719011
1000000,79,898945.0,10000,500.0,101055,898945
2,80,1.0,1,0.05,1,1
3,80,2.0,1,0.05,1,2
100,80,89.0,50,2.5,11,89
200,80,176.0,100,5.0,24,176
2000,80,1743.0,1000,50.0,257,1743
10000,80,8801.0,5000,250.0,1199,8801
20000,80,17471.0,10000,500.0,2529,17471
40000,80,35394.0,10000,500.0,4606,35394
60000,80,53402.0,10000,500.0,6598,53402
80000,80,71339.0,10000,500.0,8661,71339
100000,80,89308.0,10000,500.0,10692,89308
200000,80,179409.0,10000,500.0,20591,179409
400000,80,359515.0,10000,500.0,40485,359515
600000,80,539368.0,10000,500.0,60632,539368
800000,80,719328.0,10000,500.0,80672,719328
1000000,80,899398.0,10000,500.0,100602,899398
2,81,2.0,1,0.05,0,2
3,81,2.0,1,0.05,1,2
100,81,86.0,50,2.5,14,86
200,81,175.0,100,5.0,25,175
2000,81,1758.0,1000,50.0,242,1758
10000,81,8778.0,5000,250.0,1222,8778
20000,81,17539.0,10000,500.0,2461,17539
40000,81,35504.0,10000,500.0,4496,35504
60000,81,53467.0,10000,500.0,6533,53467
80000,81,71404.0,10000,500.0,8596,71404
100000,81,89347.0,10000,500.0,10653,89347
200000,81,179383.0,10000,500.0,20617,179383
400000,81,359472.0,10000,500.0,40528,359472
600000,81,539457.0,10000,500.0,60543,539457
800000,81,719646.0,10000,500.0,80354,719646
1000000,81,899440.0,10000,500.0,100560,899440
2,82,2.0,1,0.05,0,2
3,82,3.0,1,0.05,0,3
100,82,89.0,50,2.5,11,89
200,82,177.0,100,5.0,23,177
2000,82,1752.0,1000,50.0,248,1752
10000,82,8738.0,5000,250.0,1262,8738
20000,82,17518.0,10000,500.0,2482,17518
40000,82,35493.0,10000,500.0,4507,35493
60000,82,53519.0,10000,500.0,6481,53519
80000,82,71573.0,10000,500.0,8427,71573
100000,82,89494.0,10000,500.0,10506,89494
200000,82,179493.0,10000,500.0,20507,179493
400000,82,359431.0,10000,500.0,40569,359431
600000,82,539465.0,10000,500.0,60535,539465
800000,82,719570.0,10000,500.0,80430,719570
1000000,82,899675.0,10000,500.0,100325,899675
2,83,2.0,1,0.05,0,2
3,83,3.0,1,0.05,0,3
100,83,86.0,50,2.5,14,86
200,83,173.0,100,5.0,27,173
2000,83,1758.0,1000,50.0,242,1758
10000,83,8739.0,5000,250.0,1261,8739
20000,83,17487.0,10000,500.0,2513,17487
40000,83,35554.0,10000,500.0,4446,35554
60000,83,53583.0,10000,500.0,6417,53583
80000,83,71596.0,10000,500.0,8404,71596
100000,83,89609.0,10000,500.0,10391,89609
200000,83,179467.0,10000,500.0,20533,179467
400000,83,359562.0,10000,500.0,40438,359562
600000,83,539391.0,10000,500.0,60609,539391
800000,83,719531.0,10000,500.0,80469,719531
1000000,83,899541.0,10000,500.0,100459,899541
2,84,1.0,1,0.05,1,1
3,84,2.0,1,0.05,1,2
100,84,85.0,50,2.5,15,85
200,84,166.0,100,5.0,34,166
2000,84,1734.0,1000,50.0,266,1734
10000,84,8735.0,5000,250.0,1265,8735
20000,84,17490.0,10000,500.0,2510,17490
40000,84,35456.0,10000,500.0,4544,35456
60000,84,53419.0,10000,500.0,6581,53419
80000,84,71403.0,10000,500.0,8597,71403
100000,84,89416.0,10000,500.0,10584,89416
200000,84,179578.0,10000,500.0,20422,179578
400000,84,359676.0,10000,500.0,40324,359676
600000,84,539743.0,10000,500.0,60257,539743
800000,84,719780.0,10000,500.0,80220,719780
1000000,84,899738.0,10000,500.0,100262,899738
2,85,2.0,1,0.05,0,2
3,85,3.0,1,0.05,0,3
100,85,75.0,50,2.5,25,75
200,85,166.0,100,5.0,34,166
2000,85,1748.0,1000,50.0,252,1748
10000,85,8790.0,5000,250.0,1210,8790
20000,85,17452.0,10000,500.0,2548,17452
40000,85,35428.0,10000,500.0,4572,35428
60000,85,53389.0,10000,500.0,6611,53389
80000,85,71465.0,10000,500.0,8535,71465
100000,85,89505.0,10000,500.0,10495,89505
200000,85,179327.0,10000,500.0,20673,179327
400000,85,359321.0,10000,500.0,40679,359321
600000,85,539346.0,10000,500.0,60654,539346
800000,85,719175.0,10000,500.0,80825,719175
1000000,85,899318.0,10000,500.0,100682,899318
2,86,2.0,1,0.05,0,2
3,86,3.0,1,0.05,0,3
100,86,86.0,50,2.5,14,86
200,86,172.0,100,5.0,28,172
2000,86,1765.0,1000,50.0,235,1765
10000,86,8764.0,5000,250.0,1236,8764
20000,86,17477.0,10000,500.0,2523,17477
40000,86,35435.0,10000,500.0,4565,35435
60000,86,53456.0,10000,500.0,6544,53456
80000,86,71463.0,10000,500.0,8537,71463
100000,86,89443.0,10000,500.0,10557,89443
200000,86,179442.0,10000,500.0,20558,179442
400000,86,359307.0,10000,500.0,40693,359307
600000,86,539435.0,10000,500.0,60565,539435
800000,86,719234.0,10000,500.0,80766,719234
1000000,86,899304.0,10000,500.0,100696,899304
2,87,2.0,1,0.05,0,2
3,87,3.0,1,0.05,0,3
100,87,82.0,50,2.5,18,82
200,87,171.0,100,5.0,29,171
2000,87,1753.0,1000,50.0,247,1753
10000,87,8711.0,5000,250.0,1289,8711
20000,87,17468.0,10000,500.0,2532,17468
40000,87,35468.0,10000,500.0,4532,35468
60000,87,53464.0,10000,500.0,6536,53464
80000,87,71429.0,10000,500.0,8571,71429
100000,87,89443.0,10000,500.0,10557,89443
200000,87,179522.0,10000,500.0,20478,179522
400000,87,359635.0,10000,500.0,40365,359635
600000,87,539716.0,10000,500.0,60284,539716
800000,87,719608.0,10000,500.0,80392,719608
1000000,87,899577.0,10000,500.0,100423,899577
2,88,1.0,1,0.05,1,1
3,88,1.0,1,0.05,2,1
100,88,79.0,50,2.5,21,79
200,88,169.0,100,5.0,31,169
2000,88,1760.0,1000,50.0,240,1760
10000,88,8773.0,5000,250.0,1227,8773
20000,88,17489.0,10000,500.0,2511,17489
40000,88,35480.0,10000,500.0,4520,35480
60000,88,53505.0,10000,500.0,6495,53505
80000,88,71509.0,10000,500.0,8491,71509
100000,88,89513.0,10000,500.0,10487,89513
200000,88,179435.0,10000,500.0,20565,179435
400000,88,359573.0,10000,500.0,40427,359573
600000,88,539427.0,10000,500.0,60573,539427
800000,88,719238.0,10000,500.0,80762,719238
1000000,88,899147.0,10000,500.0,100853,899147
2,89,2.0,1,0.05,0,2
3,89,3.0,1,0.05,0,3
100,89,83.0,50,2.5,17,83
200,89,170.0,100,5.0,30,170
2000,89,1751.0,1000,50.0,249,1751
10000,89,8711.0,5000,250.0,1289,8711
20000,89,17470.0,10000,500.0,2530,17470
40000,89,35521.0,10000,500.0,4479,35521
60000,89,53540.0,10000,500.0,6460,53540
80000,89,71551.0,10000,500.0,8449,71551
100000,89,89585.0,10000,500.0,10415,89585
200000,89,179489.0,10000,500.0,20511,179489
400000,89,359702.0,10000,500.0,40298,359702
600000,89,539917.0,10000,500.0,60083,539917
800000,89,720043.0,10000,500.0,79957,720043
1000000,89,900023.0,10000,500.0,99977,900023
2,90,2.0,1,0.05,0,2
3,90,2.0,1,0.05,1,2
100,90,83.0,50,2.5,17,83
200,90,170.0,100,5.0,30,170
2000,90,1742.0,1000,50.0,258,1742
10000,90,8743.0,5000,250.0,1257,8743
20000,90,17504.0,10000,500.0,2496,17504
40000,90,35550.0,10000,500.0,4450,35550
60000,90,53609.0,10000,500.0,6391,53609
80000,90,71633.0,10000,500.0,8367,71633
100000,90,89594.0,10000,500.0,10406,89594
200000,90,179638.0,10000,500.0,20362,179638
400000,90,359786.0,10000,500.0,40214,359786
600000,90,539823.0,10000,500.0,60177,539823
800000,90,719831.0,10000,500.0,80169,719831
1000000,90,899933.0,10000,500.0,100067,899933
2,91,2.0,1,0.05,0,2
3,91,3.0,1,0.05,0,3
100,91,89.0,50,2.5,11,89
200,91,178.0,100,5.0,22,178
2000,91,1777.0,1000,50.0,223,1777
10000,91,8814.0,5000,250.0,1186,8814
20000,91,17605.0,10000,500.0,2395,17605
40000,91,35559.0,10000,500.0,4441,35559
60000,91,53587.0,10000,500.0,6413,53587
80000,91,71549.0,10000,500.0,8451,71549
100000,91,89492.0,10000,500.0,10508,89492
200000,91,179519.0,10000,500.0,20481,179519
400000,91,359562.0,10000,500.0,40438,359562
600000,91,539363.0,10000,500.0,60637,539363
800000,91,719213.0,10000,500.0,80787,719213
1000000,91,899329.0,10000,500.0,100671,899329
2,92,2.0,1,0.05,0,2
3,92,3.0,1,0.05,0,3
100,92,85.0,50,2.5,15,85
200,92,173.0,100,5.0,27,173
2000,92,1722.0,1000,50.0,278,1722
10000,92,8700.0,5000,250.0,1300,8700
20000,92,17443.0,10000,500.0,2557,17443
40000,92,35485.0,10000,500.0,4515,35485
60000,92,53464.0,10000,500.0,6536,53464
80000,92,71404.0,10000,500.0,8596,71404
100000,92,89299.0,10000,500.0,10701,89299
200000,92,179190.0,10000,500.0,20810,179190
400000,92,359324.0,10000,500.0,40676,359324
600000,92,539294.0,10000,500.0,60706,539294
800000,92,719326.0,10000,500.0,80674,719326
1000000,92,899212.0,10000,500.0,100788,899212
2,93,1.0,1,0.05,1,1
3,93,2.0,1,0.05,1,2
100,93,83.0,50,2.5,17,83
200,93,170.0,100,5.0,30,170
2000,93,1737.0,1000,50.0,263,1737
10000,93,8735.0,5000,250.0,1265,8735
20000,93,17492.0,10000,500.0,2508,17492
40000,93,35436.0,10000,500.0,4564,35436
60000,93,53348.0,10000,500.0,6652,53348
80000,93,71387.0,10000,500.0,8613,71387
100000,93,89388.0,10000,500.0,10612,89388
200000,93,179332.0,10000,500.0,20668,179332
400000,93,359237.0,10000,500.0,40763,359237
600000,93,539321.0,10000,500.0,60679,539321
800000,93,719319.0,10000,500.0,80681,719319
1000000,93,899510.0,10000,500.0,100490,899510
2,94,2.0,1,0.05,0,2
3,94,3.0,1,0.05,0,3
100,94,92.0,50,2.5,8,92
200,94,180.0,100,5.0,20,180
2000,94,1739.0,1000,50.0,261,1739
10000,94,8680.0,5000,250.0,1320,8680
20000,94,17432.0,10000,500.0,2568,17432
40000,94,35434.0,10000,500.0,4566,35434
60000,94,53430.0,10000,500.0,6570,53430
80000,94,71447.0,10000,500.0,8553,71447
100000,94,89456.0,10000,500.0,10544,89456
200000,94,179515.0,10000,500.0,20485,179515
400000,94,359593.0,10000,500.0,40407,359593
600000,94,539585.0,10000,500.0,60415,539585
800000,94,719590.0,10000,500.0,80410,719590
1000000,94,899630.0,10000,500.0,100370,899630
2,95,2.0,1,0.05,0,2
3,95,3.0,1,0.05,0,3
100,95,90.0,50,2.5,10,90
200,95,180.0,100,5.0,20,180
2000,95,1790.0,1000,50.0,210,1790
10000,95,8795.0,5000,250.0,1205,8795
20000,95,17546.0,10000,500.0,2454,17546
40000,95,35544.0,10000,500.0,4456,35544
60000,95,53589.0,10000,500.0,6411,53589
80000,95,71647.0,10000,500.0,8353,71647
100000,95,89612.0,10000,500.0,10388,89612
200000,95,179663.0,10000,500.0,20337,179663
400000,95,359537.0,10000,500.0,40463,359537
600000,95,539482.0,10000,500.0,60518,539482
800000,95,719506.0,10000,500.0,80494,719506
1000000,95,899705.0,10000,500.0,100295,899705
2,96,2.0,1,0.05,0,2
3,96,3.0,1,0.05,0,3
100,96,84.0,50,2.5,16,84
200,96,168.0,100,5.0,32,168
2000,96,1710.0,1000,50.0,290,1710
10000,96,8728.0,5000,250.0,1272,8728
20000,96,17483.0,10000,500.0,2517,17483
40000,96,35382.0,10000,500.0,4618,35382
60000,96,53328.0,10000,500.0,6672,53328
80000,96,71298.0,10000,500.0,8702,71298
100000,96,89356.0,10000,500.0,10644,89356
200000,96,179404.0,10000,500.0,20596,179404
400000,96,359587.0,10000,500.0,40413,359587
600000,96,539519.0,10000,500.0,60481,539519
800000,96,719629.0,10000,500.0,80371,719629
1000000,96,899602.0,10000,500.0,100398,899602
2,97,2.0,1,0.05,0,2
3,97,3.0,1,0.05,0,3
100,97,91.0,50,2.5,9,91
200,97,179.0,100,5.0,21,179
2000,97,1776.0,1000,50.0,224,1776
10000,97,8836.0,5000,250.0,1164,8836
20000,97,17606.0,10000,500.0,2394,17606
40000,97,35712.0,10000,500.0,4288,35712
60000,97,53730.0,10000,500.0,6270,53730
80000,97,71721.0,10000,500.0,8279,71721
100000,97,89785.0,10000,500.0,10215,89785
200000,97,179718.0,10000,500.0,20282,179718
400000,97,359741.0,10000,500.0,40259,359741
600000,97,539913.0,10000,500.0,60087,539913
800000,97,720054.0,10000,500.0,79946,720054
1000000,97,900014.0,10000,500.0,99986,900014
2,98,2.0,1,0.05,0,2
3,98,3.0,1,0.05,0,3
100,98,86.0,50,2.5,14,86
200,98,171.0,100,5.0,29,171
2000,98,1767.0,1000,50.0,233,1767
10000,98,8776.0,5000,250.0,1224,8776
20000,98,17549.0,10000,500.0,2451,17549
40000,98,35575.0,10000,500.0,4425,35575
60000,98,53584.0,10000,500.0,6416,53584
80000,98,71531.0,10000,500.0,8469,71531
100000,98,89439.0,10000,500.0,10561,89439
200000,98,179408.0,10000,500.0,20592,179408
400000,98,359614.0,10000,500.0,40386,359614
600000,98,539639.0,10000,500.0,60361,539639
800000,98,719519.0,10000,500.0,80481,719519
1000000,98,899410.0,10000,500.0,100590,899410
2,99,2.0,1,0.05,0,2
3,99,3.0,1,0.05,0,3
100,99,88.0,50,2.5,12,88
200,99,179.0,100,5.0,21,179
2000,99,1750.0,1000,50.0,250,1750
10000,99,8723.0,5000,250.0,1277,8723
20000,99,17446.0,10000,500.0,2554,17446
40000,99,35428.0,10000,500.0,4572,35428
60000,99,53401.0,10000,500.0,6599,53401
80000,99,71437.0,10000,500.0,8563,71437
100000,99,89465.0,10000,500.0,10535,89465
200000,99,179407.0,10000,500.0,20593,179407
400000,99,359457.0,10000,500.0,40543,359457
600000,99,539337.0,10000,500.0,60663,539337
800000,99,719663.0,10000,500.0,80337,719663
1000000,99,899710.0,10000,500.0,100290,899710
2,100,1.0,1,0.05,1,1
3,100,2.0,1,0.05,1,2
100,100,86.0,50,2.5,14,86
200,100,168.0,100,5.0,32,168
2000,100,1750.0,1000,50.0,250,1750
10000,100,8702.0,5000,250.0,1298,8702
20000,100,17445.0,10000,500.0,2555,17445
40000,100,35475.0,10000,500.0,4525,35475
60000,100,53433.0,10000,500.0,6567,53433
80000,100,71413.0,10000,500.0,8587,71413
100000,100,89454.0,10000,500.0,10546,89454
200000,100,179334.0,10000,500.0,20666,179334
400000,100,359444.0,10000,500.0,40556,359444
600000,100,539357.0,10000,500.0,60643,539357
800000,100,719329.0,10000,500.0,80671,719329
1000000,100,899539.0,10000,500.0,100461,899539
