Timestep,Iteration,Total Reward,Suboptimal Arms,Total Regret,Zeros Count,Ones Count
2,1,1.0,1,0.01,1,1
3,1,2.0,2,0.06,1,2
100,1,85.0,66,1.82,15,85
200,1,169.0,133,3.63,31,169
2000,1,1786.0,1333,36.64,214,1786
10000,1,8801.0,6666,183.31,1199,8801
20000,1,17625.0,13333,366.64,2375,17625
40000,1,35401.0,22409,562.04,4599,35401
60000,1,53368.0,22409,562.04,6632,53368
80000,1,71311.0,22409,562.04,8689,71311
100000,1,89372.0,22409,562.04,10628,89372
200000,1,179432.0,22409,562.04,20568,179432
400000,1,359354.0,22409,562.04,40646,359354
600000,1,539384.0,22409,562.04,60616,539384
800000,1,719293.0,22409,562.04,80707,719293
1000000,1,899393.0,22409,562.04,100607,899393
2,2,2.0,1,0.01,0,2
3,2,3.0,2,0.06,0,3
100,2,90.0,66,1.82,10,90
200,2,176.0,133,3.63,24,176
2000,2,1766.0,1333,36.64,234,1766
10000,2,8844.0,6666,183.31,1156,8844
20000,2,17687.0,13333,366.64,2313,17687
40000,2,35503.0,30000,600.0,4497,35503
60000,2,53424.0,38191,640.95,6576,53424
80000,2,71433.0,38191,640.95,8567,71433
100000,2,89469.0,38191,640.95,10531,89469
200000,2,179661.0,38191,640.95,20339,179661
400000,2,359848.0,38191,640.95,40152,359848
600000,2,539826.0,38191,640.95,60174,539826
800000,2,719755.0,38191,640.95,80245,719755
1000000,2,899741.0,38191,640.95,100259,899741
2,3,2.0,1,0.01,0,2
3,3,3.0,2,0.06,0,3
100,3,88.0,66,1.82,12,88
200,3,181.0,133,3.63,19,181
2000,3,1752.0,1333,36.64,248,1752
10000,3,8810.0,6666,183.31,1190,8810
20000,3,17651.0,13333,366.64,2349,17651
40000,3,35465.0,20000,550.0,4535,35465
60000,3,53482.0,20000,550.0,6518,53482
80000,3,71577.0,20000,550.0,8423,71577
100000,3,89593.0,20000,550.0,10407,89593
200000,3,179564.0,20000,550.0,20436,179564
400000,3,359434.0,20000,550.0,40566,359434
600000,3,539599.0,20000,550.0,60401,539599
800000,3,719581.0,20000,550.0,80419,719581
1000000,3,899504.0,20000,550.0,100496,899504
2,4,2.0,1,0.01,0,2
3,4,3.0,2,0.06,0,3
100,4,92.0,66,1.82,8,92
200,4,177.0,133,3.63,23,177
2000,4,1754.0,1333,36.64,246,1754
10000,4,8757.0,6666,183.31,1243,8757
20000,4,17633.0,13333,366.64,2367,17633
40000,4,35462.0,20000,550.0,4538,35462
60000,4,53484.0,20000,550.0,6516,53484
80000,4,71468.0,20000,550.0,8532,71468
100000,4,89458.0,20000,550.0,10542,89458
200000,4,179338.0,20000,550.0,20662,179338
400000,4,359177.0,20000,550.0,40823,359177
600000,4,539117.0,20000,550.0,60883,539117
800000,4,719285.0,20000,550.0,80715,719285
1000000,4,899122.0,20000,550.0,100878,899122
2,5,2.0,1,0.01,0,2
3,5,3.0,2,0.06,0,3
100,5,90.0,66,1.82,10,90
200,5,180.0,133,3.63,20,180
2000,5,1747.0,1333,36.64,253,1747
10000,5,8759.0,6666,183.31,1241,8759
20000,5,17539.0,13333,366.64,2461,17539
40000,5,35425.0,20000,550.0,4575,35425
60000,5,53427.0,20000,550.0,6573,53427
80000,5,71404.0,20000,550.0,8596,71404
100000,5,89432.0,20000,550.0,10568,89432
200000,5,179217.0,20000,550.0,20783,179217
400000,5,359308.0,20000,550.0,40692,359308
600000,5,539375.0,20000,550.0,60625,539375
800000,5,719364.0,20000,550.0,80636,719364
1000000,5,899278.0,20000,550.0,100722,899278
2,6,2.0,1,0.01,0,2
3,6,2.0,2,0.06,1,2
100,6,92.0,66,1.82,8,92
200,6,180.0,133,3.63,20,180
2000,6,1760.0,1333,36.64,240,1760
10000,6,8815.0,6666,183.31,1185,8815
20000,6,17605.0,13333,366.64,2395,17605
40000,6,35515.0,20000,550.0,4485,35515
60000,6,53554.0,20000,550.0,6446,53554
80000,6,71583.0,20000,550.0,8417,71583
100000,6,89617.0,20000,550.0,10383,89617
200000,6,179620.0,20000,550.0,20380,179620
400000,6,359349.0,20000,550.0,40651,359349
600000,6,539504.0,20000,550.0,60496,539504
800000,6,719609.0,20000,550.0,80391,719609
1000000,6,899638.0,20000,550.0,100362,899638
2,7,2.0,1,0.01,0,2
3,7,3.0,2,0.06,0,3
100,7,92.0,66,1.82,8,92
200,7,178.0,133,3.63,22,178
2000,7,1758.0,1333,36.64,242,1758
10000,7,8781.0,6666,183.31,1219,8781
20000,7,17629.0,13333,366.64,2371,17629
40000,7,35436.0,20000,550.0,4564,35436
60000,7,53475.0,20000,550.0,6525,53475
80000,7,71453.0,20000,550.0,8547,71453
100000,7,89463.0,20000,550.0,10537,89463
200000,7,179422.0,20000,550.0,20578,179422
400000,7,359172.0,20000,550.0,40828,359172
600000,7,539269.0,20000,550.0,60731,539269
800000,7,719139.0,20000,550.0,80861,719139
1000000,7,898916.0,20000,550.0,101084,898916
2,8,2.0,1,0.01,0,2
3,8,3.0,2,0.06,0,3
100,8,86.0,66,1.82,14,86
200,8,180.0,133,3.63,20,180
2000,8,1762.0,1333,36.64,238,1762
10000,8,8816.0,6666,183.31,1184,8816
20000,8,17591.0,13333,366.64,2409,17591
40000,8,35326.0,22045,560.22,4674,35326
60000,8,53298.0,27041,585.2,6702,53298
80000,8,71321.0,27041,585.2,8679,71321
100000,8,89340.0,27041,585.2,10660,89340
200000,8,179293.0,27041,585.2,20707,179293
400000,8,359406.0,27041,585.2,40594,359406
600000,8,539664.0,27041,585.2,60336,539664
800000,8,719644.0,27041,585.2,80356,719644
1000000,8,899882.0,27041,585.2,100118,899882
2,9,2.0,1,0.01,0,2
3,9,3.0,2,0.06,0,3
100,9,87.0,66,1.82,13,87
200,9,174.0,133,3.63,26,174
2000,9,1787.0,1333,36.64,213,1787
10000,9,8818.0,6666,183.31,1182,8818
20000,9,17630.0,13333,366.64,2370,17630
40000,9,35467.0,20000,550.0,4533,35467
60000,9,53481.0,20000,550.0,6519,53481
80000,9,71486.0,20000,550.0,8514,71486
100000,9,89389.0,20000,550.0,10611,89389
200000,9,179515.0,20000,550.0,20485,179515
400000,9,359447.0,20000,550.0,40553,359447
600000,9,539508.0,20000,550.0,60492,539508
800000,9,719599.0,20000,550.0,80401,719599
1000000,9,899529.0,20000,550.0,100471,899529
2,10,2.0,1,0.01,0,2
3,10,3.0,2,0.06,0,3
100,10,85.0,66,1.82,15,85
200,10,174.0,133,3.63,26,174
2000,10,1764.0,1333,36.64,236,1764
10000,10,8791.0,6666,183.31,1209,8791
20000,10,17647.0,13333,366.64,2353,17647
40000,10,35494.0,20000,550.0,4506,35494
60000,10,53521.0,20000,550.0,6479,53521
80000,10,71495.0,20000,550.0,8505,71495
100000,10,89422.0,20000,550.0,10578,89422
200000,10,179515.0,20000,550.0,20485,179515
400000,10,359627.0,20000,550.0,40373,359627
600000,10,539621.0,20000,550.0,60379,539621
800000,10,719523.0,20000,550.0,80477,719523
1000000,10,899586.0,20000,550.0,100414,899586
2,11,2.0,1,0.01,0,2
3,11,3.0,2,0.06,0,3
100,11,86.0,66,1.82,14,86
200,11,172.0,133,3.63,28,172
2000,11,1754.0,1333,36.64,246,1754
10000,11,8818.0,6666,183.31,1182,8818
20000,11,17668.0,13333,366.64,2332,17668
40000,11,35434.0,20000,550.0,4566,35434
60000,11,53463.0,20000,550.0,6537,53463
80000,11,71447.0,20000,550.0,8553,71447
100000,11,89420.0,20000,550.0,10580,89420
200000,11,179582.0,20000,550.0,20418,179582
400000,11,359517.0,20000,550.0,40483,359517
600000,11,539748.0,20000,550.0,60252,539748
800000,11,719815.0,20000,550.0,80185,719815
1000000,11,900105.0,20000,550.0,99895,900105
2,12,1.0,1,0.01,1,1
3,12,2.0,2,0.06,1,2
100,12,90.0,66,1.82,10,90
200,12,179.0,133,3.63,21,179
2000,12,1751.0,1333,36.64,249,1751
10000,12,8816.0,6666,183.31,1184,8816
20000,12,17599.0,13333,366.64,2401,17599
40000,12,35368.0,26107,580.53,4632,35368
60000,12,53306.0,46045,680.22,6694,53306
80000,12,71243.0,66045,780.22,8757,71243
100000,12,89207.0,86045,880.22,10793,89207
200000,12,179068.0,136728,1133.64,20932,179068
400000,12,359087.0,136728,1133.64,40913,359087
600000,12,538988.0,136728,1133.64,61012,538988
800000,12,718701.0,136728,1133.64,81299,718701
1000000,12,898504.0,136728,1133.64,101496,898504
2,13,2.0,1,0.01,0,2
3,13,3.0,2,0.06,0,3
100,13,88.0,66,1.82,12,88
200,13,175.0,133,3.63,25,175
2000,13,1754.0,1333,36.64,246,1754
10000,13,8769.0,6666,183.31,1231,8769
20000,13,17571.0,13333,366.64,2429,17571
40000,13,35403.0,20000,550.0,4597,35403
60000,13,53356.0,20000,550.0,6644,53356
80000,13,71383.0,20000,550.0,8617,71383
100000,13,89425.0,20000,550.0,10575,89425
200000,13,179557.0,20000,550.0,20443,179557
400000,13,359717.0,20000,550.0,40283,359717
600000,13,539608.0,20000,550.0,60392,539608
800000,13,719603.0,20000,550.0,80397,719603
1000000,13,899553.0,20000,550.0,100447,899553
2,14,2.0,1,0.01,0,2
3,14,3.0,2,0.06,0,3
100,14,88.0,66,1.82,12,88
200,14,178.0,133,3.63,22,178
2000,14,1757.0,1333,36.64,243,1757
10000,14,8811.0,6666,183.31,1189,8811
20000,14,17597.0,13333,366.64,2403,17597
40000,14,35416.0,20000,550.0,4584,35416
60000,14,53406.0,20000,550.0,6594,53406
80000,14,71406.0,20000,550.0,8594,71406
100000,14,89484.0,20000,550.0,10516,89484
200000,14,179562.0,20000,550.0,20438,179562
400000,14,359311.0,20000,550.0,40689,359311
600000,14,539418.0,20000,550.0,60582,539418
800000,14,719478.0,20000,550.0,80522,719478
1000000,14,899627.0,20000,550.0,100373,899627
2,15,2.0,1,0.01,0,2
3,15,3.0,2,0.06,0,3
100,15,90.0,66,1.82,10,90
200,15,179.0,133,3.63,21,179
2000,15,1751.0,1333,36.64,249,1751
10000,15,8809.0,6666,183.31,1191,8809
20000,15,17612.0,13333,366.64,2388,17612
40000,15,35489.0,20000,550.0,4511,35489
60000,15,53419.0,20000,550.0,6581,53419
80000,15,71479.0,20000,550.0,8521,71479
100000,15,89365.0,20000,550.0,10635,89365
200000,15,179353.0,20000,550.0,20647,179353
400000,15,359426.0,20000,550.0,40574,359426
600000,15,539243.0,20000,550.0,60757,539243
800000,15,718998.0,20000,550.0,81002,718998
1000000,15,899119.0,20000,550.0,100881,899119
2,16,2.0,1,0.01,0,2
3,16,3.0,2,0.06,0,3
100,16,90.0,66,1.82,10,90
200,16,178.0,133,3.63,22,178
2000,16,1802.0,1333,36.64,198,1802
10000,16,8843.0,6666,183.31,1157,8843
20000,16,17653.0,13333,366.64,2347,17653
40000,16,35510.0,20000,550.0,4490,35510
60000,16,53513.0,20000,550.0,6487,53513
80000,16,71532.0,20000,550.0,8468,71532
100000,16,89560.0,20000,550.0,10440,89560
200000,16,179597.0,20000,550.0,20403,179597
400000,16,359888.0,20000,550.0,40112,359888
600000,16,540061.0,20000,550.0,59939,540061
800000,16,720143.0,20000,550.0,79857,720143
1000000,16,900245.0,20000,550.0,99755,900245
2,17,1.0,1,0.01,1,1
3,17,2.0,2,0.06,1,2
100,17,89.0,66,1.82,11,89
200,17,176.0,133,3.63,24,176
2000,17,1764.0,1333,36.64,236,1764
10000,17,8822.0,6666,183.31,1178,8822
20000,17,17697.0,13333,366.64,2303,17697
40000,17,35480.0,20000,550.0,4520,35480
60000,17,53508.0,20000,550.0,6492,53508
80000,17,71413.0,20000,550.0,8587,71413
100000,17,89343.0,20000,550.0,10657,89343
200000,17,179290.0,20002,550.01,20710,179290
400000,17,359242.0,20002,550.01,40758,359242
600000,17,539437.0,20002,550.01,60563,539437
800000,17,719679.0,20002,550.01,80321,719679
1000000,17,899621.0,20002,550.01,100379,899621
2,18,2.0,1,0.01,0,2
3,18,3.0,2,0.06,0,3
100,18,89.0,66,1.82,11,89
200,18,173.0,133,3.63,27,173
2000,18,1735.0,1333,36.64,265,1735
10000,18,8786.0,6666,183.31,1214,8786
20000,18,17617.0,13333,366.64,2383,17617
40000,18,35419.0,20000,550.0,4581,35419
60000,18,53395.0,20000,550.0,6605,53395
80000,18,71323.0,20000,550.0,8677,71323
100000,18,89279.0,20000,550.0,10721,89279
200000,18,179376.0,20000,550.0,20624,179376
400000,18,359416.0,20000,550.0,40584,359416
600000,18,539093.0,20000,550.0,60907,539093
800000,18,719370.0,20000,550.0,80630,719370
1000000,18,899388.0,20000,550.0,100612,899388
2,19,2.0,1,0.01,0,2
3,19,3.0,2,0.06,0,3
100,19,89.0,66,1.82,11,89
200,19,176.0,133,3.63,24,176
2000,19,1752.0,1333,36.64,248,1752
10000,19,8845.0,6666,183.31,1155,8845
20000,19,17686.0,13333,366.64,2314,17686
40000,19,35549.0,20000,550.0,4451,35549
60000,19,53522.0,20000,550.0,6478,53522
80000,19,71525.0,20000,550.0,8475,71525
100000,19,89595.0,20000,550.0,10405,89595
200000,19,179418.0,20000,550.0,20582,179418
400000,19,359393.0,20000,550.0,40607,359393
600000,19,539645.0,20000,550.0,60355,539645
800000,19,719598.0,20000,550.0,80402,719598
1000000,19,899617.0,20000,550.0,100383,899617
2,20,1.0,1,0.01,1,1
3,20,2.0,2,0.06,1,2
100,20,90.0,66,1.82,10,90
200,20,180.0,133,3.63,20,180
2000,20,1763.0,1333,36.64,237,1763
10000,20,8846.0,6666,183.31,1154,8846
20000,20,17648.0,13333,366.64,2352,17648
40000,20,35498.0,20000,550.0,4502,35498
60000,20,53472.0,20000,550.0,6528,53472
80000,20,71493.0,20000,550.0,8507,71493
100000,20,89540.0,20000,550.0,10460,89540
200000,20,179552.0,20000,550.0,20448,179552
400000,20,359545.0,20000,550.0,40455,359545
600000,20,539501.0,20000,550.0,60499,539501
800000,20,719709.0,20000,550.0,80291,719709
1000000,20,899686.0,20000,550.0,100314,899686
2,21,2.0,1,0.01,0,2
3,21,3.0,2,0.06,0,3
100,21,86.0,66,1.82,14,86
200,21,174.0,133,3.63,26,174
2000,21,1740.0,1333,36.64,260,1740
10000,21,8863.0,6666,183.31,1137,8863
20000,21,17657.0,13333,366.64,2343,17657
40000,21,35474.0,20000,550.0,4526,35474
60000,21,53400.0,20000,550.0,6600,53400
80000,21,71441.0,20000,550.0,8559,71441
100000,21,89405.0,20000,550.0,10595,89405
200000,21,179387.0,20000,550.0,20613,179387
400000,21,359411.0,20000,550.0,40589,359411
600000,21,539427.0,20000,550.0,60573,539427
800000,21,719466.0,20000,550.0,80534,719466
1000000,21,899314.0,20000,550.0,100686,899314
2,22,2.0,1,0.01,0,2
3,22,3.0,2,0.06,0,3
100,22,91.0,66,1.82,9,91
200,22,180.0,133,3.63,20,180
2000,22,1766.0,1333,36.64,234,1766
10000,22,8846.0,6666,183.31,1154,8846
20000,22,17649.0,13333,366.64,2351,17649
40000,22,35509.0,20000,550.0,4491,35509
60000,22,53632.0,20000,550.0,6368,53632
80000,22,71743.0,20000,550.0,8257,71743
100000,22,89767.0,20000,550.0,10233,89767
200000,22,179955.0,20000,550.0,20045,179955
400000,22,359915.0,20000,550.0,40085,359915
600000,22,539825.0,20000,550.0,60175,539825
800000,22,719685.0,20000,550.0,80315,719685
1000000,22,899725.0,20000,550.0,100275,899725
2,23,2.0,1,0.01,0,2
3,23,3.0,2,0.06,0,3
100,23,81.0,66,1.82,19,81
200,23,170.0,133,3.63,30,170
2000,23,1765.0,1333,36.64,235,1765
10000,23,8824.0,6666,183.31,1176,8824
20000,23,17620.0,13333,366.64,2380,17620
40000,23,35399.0,20000,550.0,4601,35399
60000,23,53436.0,20000,550.0,6564,53436
80000,23,71396.0,20000,550.0,8604,71396
100000,23,89385.0,20000,550.0,10615,89385
200000,23,179377.0,20000,550.0,20623,179377
400000,23,359426.0,20000,550.0,40574,359426
600000,23,539511.0,20000,550.0,60489,539511
800000,23,719459.0,20000,550.0,80541,719459
1000000,23,899617.0,20000,550.0,100383,899617
2,24,1.0,1,0.01,1,1
3,24,1.0,2,0.06,2,1
100,24,88.0,66,1.82,12,88
200,24,172.0,133,3.63,28,172
2000,24,1767.0,1333,36.64,233,1767
10000,24,8789.0,6666,183.31,1211,8789
20000,24,17655.0,13333,366.64,2345,17655
40000,24,35434.0,20000,550.0,4566,35434
60000,24,53468.0,20000,550.0,6532,53468
80000,24,71502.0,20000,550.0,8498,71502
100000,24,89436.0,20000,550.0,10564,89436
200000,24,179510.0,20000,550.0,20490,179510
400000,24,359550.0,20000,550.0,40450,359550
600000,24,539465.0,20000,550.0,60535,539465
800000,24,719486.0,20000,550.0,80514,719486
1000000,24,899373.0,20000,550.0,100627,899373
2,25,1.0,1,0.01,1,1
3,25,2.0,2,0.06,1,2
100,25,84.0,66,1.82,16,84
200,25,169.0,133,3.63,31,169
2000,25,1738.0,1333,36.64,262,1738
10000,25,8762.0,6666,183.31,1238,8762
20000,25,17549.0,13333,366.64,2451,17549
40000,25,35395.0,20000,550.0,4605,35395
60000,25,53378.0,20000,550.0,6622,53378
80000,25,71479.0,20000,550.0,8521,71479
100000,25,89394.0,20000,550.0,10606,89394
200000,25,179384.0,20000,550.0,20616,179384
400000,25,359303.0,20000,550.0,40697,359303
600000,25,539137.0,20000,550.0,60863,539137
800000,25,719335.0,20000,550.0,80665,719335
1000000,25,899198.0,20000,550.0,100802,899198
2,26,2.0,1,0.01,0,2
3,26,3.0,2,0.06,0,3
100,26,84.0,66,1.82,16,84
200,26,173.0,133,3.63,27,173
2000,26,1750.0,1333,36.64,250,1750
10000,26,8780.0,6666,183.31,1220,8780
20000,26,17550.0,13333,366.64,2450,17550
40000,26,35340.0,20218,551.09,4660,35340
60000,26,53396.0,20218,551.09,6604,53396
80000,26,71299.0,20218,551.09,8701,71299
100000,26,89213.0,20218,551.09,10787,89213
200000,26,179099.0,20218,551.09,20901,179099
400000,26,359164.0,20218,551.09,40836,359164
600000,26,539074.0,20218,551.09,60926,539074
800000,26,718959.0,20218,551.09,81041,718959
1000000,26,899032.0,20218,551.09,100968,899032
2,27,2.0,1,0.01,0,2
3,27,3.0,2,0.06,0,3
100,27,82.0,66,1.82,18,82
200,27,172.0,133,3.63,28,172
2000,27,1775.0,1333,36.64,225,1775
10000,27,8857.0,6666,183.31,1143,8857
20000,27,17648.0,13333,366.64,2352,17648
40000,27,35442.0,20000,550.0,4558,35442
60000,27,53510.0,20000,550.0,6490,53510
80000,27,71543.0,20000,550.0,8457,71543
100000,27,89565.0,20000,550.0,10435,89565
200000,27,179598.0,20000,550.0,20402,179598
400000,27,359647.0,20000,550.0,40353,359647
600000,27,539717.0,20000,550.0,60283,539717
800000,27,719799.0,20000,550.0,80201,719799
1000000,27,899901.0,20000,550.0,100099,899901
2,28,2.0,1,0.01,0,2
3,28,3.0,2,0.06,0,3
100,28,88.0,66,1.82,12,88
200,28,176.0,133,3.63,24,176
2000,28,1770.0,1333,36.64,230,1770
10000,28,8827.0,6666,183.31,1173,8827
20000,28,17628.0,13333,366.64,2372,17628
40000,28,35394.0,20000,550.0,4606,35394
60000,28,53429.0,20000,550.0,6571,53429
80000,28,71395.0,20000,550.0,8605,71395
100000,28,89390.0,20000,550.0,10610,89390
200000,28,179425.0,20000,550.0,20575,179425
400000,28,359427.0,20000,550.0,40573,359427
600000,28,539424.0,20000,550.0,60576,539424
800000,28,719469.0,20000,550.0,80531,719469
1000000,28,899447.0,20000,550.0,100553,899447
2,29,2.0,1,0.01,0,2
3,29,3.0,2,0.06,0,3
100,29,91.0,66,1.82,9,91
200,29,182.0,133,3.63,18,182
2000,29,1780.0,1333,36.64,220,1780
10000,29,8822.0,6666,183.31,1178,8822
20000,29,17658.0,13333,366.64,2342,17658
40000,29,35433.0,20000,550.0,4567,35433
60000,29,53403.0,20000,550.0,6597,53403
80000,29,71407.0,20000,550.0,8593,71407
100000,29,89465.0,20000,550.0,10535,89465
200000,29,179293.0,20000,550.0,20707,179293
400000,29,359141.0,20000,550.0,40859,359141
600000,29,539290.0,20000,550.0,60710,539290
800000,29,719178.0,20000,550.0,80822,719178
1000000,29,899399.0,20000,550.0,100601,899399
2,30,2.0,1,0.01,0,2
3,30,3.0,2,0.06,0,3
100,30,91.0,66,1.82,9,91
200,30,183.0,133,3.63,17,183
2000,30,1754.0,1333,36.64,246,1754
10000,30,8839.0,6666,183.31,1161,8839
20000,30,17627.0,13333,366.64,2373,17627
40000,30,35407.0,20000,550.0,4593,35407
60000,30,53436.0,20000,550.0,6564,53436
80000,30,71464.0,20000,550.0,8536,71464
100000,30,89467.0,20000,550.0,10533,89467
200000,30,179608.0,20000,550.0,20392,179608
400000,30,359496.0,20000,550.0,40504,359496
600000,30,539427.0,20000,550.0,60573,539427
800000,30,719083.0,20000,550.0,80917,719083
1000000,30,898963.0,20000,550.0,101037,898963
2,31,2.0,1,0.01,0,2
3,31,3.0,2,0.06,0,3
100,31,90.0,66,1.82,10,90
200,31,179.0,133,3.63,21,179
2000,31,1776.0,1333,36.64,224,1776
10000,31,8810.0,6666,183.31,1190,8810
20000,31,17623.0,13333,366.64,2377,17623
40000,31,35478.0,20033,550.17,4522,35478
60000,31,53483.0,20060,550.3,6517,53483
80000,31,71465.0,20060,550.3,8535,71465
100000,31,89540.0,20060,550.3,10460,89540
200000,31,179553.0,20060,550.3,20447,179553
400000,31,359519.0,20060,550.3,40481,359519
600000,31,539748.0,20060,550.3,60252,539748
800000,31,719786.0,20060,550.3,80214,719786
1000000,31,899979.0,20060,550.3,100021,899979
2,32,2.0,1,0.01,0,2
3,32,3.0,2,0.06,0,3
100,32,90.0,66,1.82,10,90
200,32,179.0,133,3.63,21,179
2000,32,1769.0,1333,36.64,231,1769
10000,32,8860.0,6666,183.31,1140,8860
20000,32,17724.0,13333,366.64,2276,17724
40000,32,35649.0,20000,550.0,4351,35649
60000,32,53645.0,20000,550.0,6355,53645
80000,32,71650.0,20175,550.88,8350,71650
100000,32,89650.0,20236,551.18,10350,89650
200000,32,179412.0,24193,570.96,20588,179412
400000,32,359277.0,24211,571.05,40723,359277
600000,32,539413.0,24211,571.05,60587,539413
800000,32,719561.0,24211,571.05,80439,719561
1000000,32,899554.0,24211,571.05,100446,899554
2,33,1.0,1,0.01,1,1
3,33,2.0,2,0.06,1,2
100,33,89.0,66,1.82,11,89
200,33,178.0,133,3.63,22,178
2000,33,1766.0,1333,36.64,234,1766
10000,33,8841.0,6666,183.31,1159,8841
20000,33,17625.0,13333,366.64,2375,17625
40000,33,35483.0,20000,550.0,4517,35483
60000,33,53463.0,20000,550.0,6537,53463
80000,33,71488.0,20000,550.0,8512,71488
100000,33,89474.0,20000,550.0,10526,89474
200000,33,179548.0,20000,550.0,20452,179548
400000,33,359341.0,20000,550.0,40659,359341
600000,33,539381.0,20000,550.0,60619,539381
800000,33,719575.0,20000,550.0,80425,719575
1000000,33,899719.0,20000,550.0,100281,899719
2,34,2.0,1,0.01,0,2
3,34,3.0,2,0.06,0,3
100,34,89.0,66,1.82,11,89
200,34,176.0,133,3.63,24,176
2000,34,1799.0,1333,36.64,201,1799
10000,34,8822.0,6666,183.31,1178,8822
20000,34,17580.0,13333,366.64,2420,17580
40000,34,35440.0,20000,550.0,4560,35440
60000,34,53462.0,20000,550.0,6538,53462
80000,34,71507.0,20000,550.0,8493,71507
100000,34,89479.0,20000,550.0,10521,89479
200000,34,179437.0,20000,550.0,20563,179437
400000,34,359574.0,20000,550.0,40426,359574
600000,34,539681.0,20000,550.0,60319,539681
800000,34,719402.0,20000,550.0,80598,719402
1000000,34,899380.0,20000,550.0,100620,899380
2,35,2.0,1,0.01,0,2
3,35,3.0,2,0.06,0,3
100,35,87.0,66,1.82,13,87
200,35,179.0,133,3.63,21,179
2000,35,1760.0,1333,36.64,240,1760
10000,35,8814.0,6666,183.31,1186,8814
20000,35,17647.0,13333,366.64,2353,17647
40000,35,35488.0,20000,550.0,4512,35488
60000,35,53509.0,20000,550.0,6491,53509
80000,35,71489.0,20000,550.0,8511,71489
100000,35,89508.0,20000,550.0,10492,89508
200000,35,179439.0,20000,550.0,20561,179439
400000,35,359497.0,20000,550.0,40503,359497
600000,35,539549.0,20000,550.0,60451,539549
800000,35,719592.0,20000,550.0,80408,719592
1000000,35,899761.0,20000,550.0,100239,899761
2,36,1.0,1,0.01,1,1
3,36,2.0,2,0.06,1,2
100,36,90.0,66,1.82,10,90
200,36,179.0,133,3.63,21,179
2000,36,1772.0,1333,36.64,228,1772
10000,36,8837.0,6666,183.31,1163,8837
20000,36,17666.0,13333,366.64,2334,17666
40000,36,35459.0,20000,550.0,4541,35459
60000,36,53429.0,20000,550.0,6571,53429
80000,36,71429.0,20000,550.0,8571,71429
100000,36,89418.0,20000,550.0,10582,89418
200000,36,179306.0,20000,550.0,20694,179306
400000,36,359431.0,20000,550.0,40569,359431
600000,36,539521.0,20000,550.0,60479,539521
800000,36,719597.0,20000,550.0,80403,719597
1000000,36,899498.0,20000,550.0,100502,899498
2,37,2.0,1,0.01,0,2
3,37,3.0,2,0.06,0,3
100,37,87.0,66,1.82,13,87
200,37,174.0,133,3.63,26,174
2000,37,1755.0,1333,36.64,245,1755
10000,37,8822.0,6666,183.31,1178,8822
20000,37,17648.0,13333,366.64,2352,17648
40000,37,35449.0,20000,550.0,4551,35449
60000,37,53473.0,20007,550.04,6527,53473
80000,37,71475.0,20007,550.04,8525,71475
100000,37,89442.0,20007,550.04,10558,89442
200000,37,179572.0,20007,550.04,20428,179572
400000,37,359419.0,20007,550.04,40581,359419
600000,37,539534.0,20007,550.04,60466,539534
800000,37,719588.0,20007,550.04,80412,719588
1000000,37,899807.0,20007,550.04,100193,899807
2,38,2.0,1,0.01,0,2
3,38,3.0,2,0.06,0,3
100,38,91.0,66,1.82,9,91
200,38,179.0,133,3.63,21,179
2000,38,1752.0,1333,36.64,248,1752
10000,38,8809.0,6666,183.31,1191,8809
20000,38,17647.0,13333,366.64,2353,17647
40000,38,35509.0,20000,550.0,4491,35509
60000,38,53462.0,20000,550.0,6538,53462
80000,38,71458.0,20000,550.0,8542,71458
100000,38,89482.0,20000,550.0,10518,89482
200000,38,179436.0,20000,550.0,20564,179436
400000,38,359450.0,20000,550.0,40550,359450
600000,38,539560.0,20000,550.0,60440,539560
800000,38,719457.0,20000,550.0,80543,719457
1000000,38,899526.0,20000,550.0,100474,899526
2,39,2.0,1,0.01,0,2
3,39,3.0,2,0.06,0,3
100,39,92.0,66,1.82,8,92
200,39,185.0,133,3.63,15,185
2000,39,1760.0,1333,36.64,240,1760
10000,39,8861.0,6666,183.31,1139,8861
20000,39,17701.0,13333,366.64,2299,17701
40000,39,35435.0,30000,600.0,4565,35435
60000,39,53379.0,50000,700.0,6621,53379
80000,39,71263.0,70000,800.0,8737,71263
100000,39,89199.0,90000,900.0,10801,89199
200000,39,178709.0,190000,1400.0,21291,178709
400000,39,357612.0,389742,2398.71,42388,357612
600000,39,536520.0,589310,3396.55,63480,536520
800000,39,715598.0,789310,4396.55,84402,715598
1000000,39,894715.0,989310,5396.55,105285,894715
2,40,2.0,1,0.01,0,2
3,40,3.0,2,0.06,0,3
100,40,93.0,66,1.82,7,93
200,40,183.0,133,3.63,17,183
2000,40,1786.0,1333,36.64,214,1786
10000,40,8861.0,6666,183.31,1139,8861
20000,40,17666.0,13333,366.64,2334,17666
40000,40,35429.0,20000,550.0,4571,35429
60000,40,53434.0,20000,550.0,6566,53434
80000,40,71425.0,20000,550.0,8575,71425
100000,40,89403.0,20000,550.0,10597,89403
200000,40,179503.0,20000,550.0,20497,179503
400000,40,359586.0,20000,550.0,40414,359586
600000,40,539569.0,20000,550.0,60431,539569
800000,40,719747.0,20000,550.0,80253,719747
1000000,40,899746.0,20000,550.0,100254,899746
2,41,2.0,1,0.01,0,2
3,41,3.0,2,0.06,0,3
100,41,91.0,66,1.82,9,91
200,41,178.0,133,3.63,22,178
2000,41,1760.0,1333,36.64,240,1760
10000,41,8750.0,6666,183.31,1250,8750
20000,41,17537.0,13333,366.64,2463,17537
40000,41,35332.0,20000,550.0,4668,35332
60000,41,53297.0,20000,550.0,6703,53297
80000,41,71297.0,20000,550.0,8703,71297
100000,41,89307.0,20000,550.0,10693,89307
200000,41,179437.0,20000,550.0,20563,179437
400000,41,359477.0,20000,550.0,40523,359477
600000,41,539547.0,20000,550.0,60453,539547
800000,41,719602.0,20000,550.0,80398,719602
1000000,41,899754.0,20000,550.0,100246,899754
2,42,2.0,1,0.01,0,2
3,42,3.0,2,0.06,0,3
100,42,88.0,66,1.82,12,88
200,42,177.0,133,3.63,23,177
2000,42,1736.0,1333,36.64,264,1736
10000,42,8771.0,6666,183.31,1229,8771
20000,42,17589.0,13333,366.64,2411,17589
40000,42,35388.0,20000,550.0,4612,35388
60000,42,53413.0,20000,550.0,6587,53413
80000,42,71416.0,20000,550.0,8584,71416
100000,42,89355.0,20000,550.0,10645,89355
200000,42,179277.0,20000,550.0,20723,179277
400000,42,359250.0,20000,550.0,40750,359250
600000,42,539254.0,20000,550.0,60746,539254
800000,42,719323.0,20000,550.0,80677,719323
1000000,42,899377.0,20000,550.0,100623,899377
2,43,2.0,1,0.01,0,2
3,43,3.0,2,0.06,0,3
100,43,87.0,66,1.82,13,87
200,43,172.0,133,3.63,28,172
2000,43,1780.0,1333,36.64,220,1780
10000,43,8900.0,6666,183.31,1100,8900
20000,43,17709.0,13333,366.64,2291,17709
40000,43,35524.0,20000,550.0,4476,35524
60000,43,53518.0,20000,550.0,6482,53518
80000,43,71563.0,20000,550.0,8437,71563
100000,43,89565.0,20000,550.0,10435,89565
200000,43,179562.0,20000,550.0,20438,179562
400000,43,359557.0,20000,550.0,40443,359557
600000,43,539650.0,20000,550.0,60350,539650
800000,43,719740.0,20000,550.0,80260,719740
1000000,43,899788.0,20000,550.0,100212,899788
2,44,2.0,1,0.01,0,2
3,44,2.0,2,0.06,1,2
100,44,91.0,66,1.82,9,91
200,44,186.0,133,3.63,14,186
2000,44,1745.0,1333,36.64,255,1745
10000,44,8781.0,6666,183.31,1219,8781
20000,44,17613.0,13333,366.64,2387,17613
40000,44,35425.0,20000,550.0,4575,35425
60000,44,53416.0,20000,550.0,6584,53416
80000,44,71407.0,20000,550.0,8593,71407
100000,44,89357.0,20000,550.0,10643,89357
200000,44,179339.0,20000,550.0,20661,179339
400000,44,359468.0,20000,550.0,40532,359468
600000,44,539185.0,20000,550.0,60815,539185
800000,44,719120.0,20000,550.0,80880,719120
1000000,44,899313.0,20000,550.0,100687,899313
2,45,2.0,1,0.01,0,2
3,45,3.0,2,0.06,0,3
100,45,91.0,66,1.82,9,91
200,45,173.0,133,3.63,27,173
2000,45,1766.0,1333,36.64,234,1766
10000,45,8805.0,6666,183.31,1195,8805
20000,45,17624.0,13333,366.64,2376,17624
40000,45,35472.0,22188,560.94,4528,35472
60000,45,53530.0,22188,560.94,6470,53530
80000,45,71540.0,22188,560.94,8460,71540
100000,45,89554.0,22188,560.94,10446,89554
200000,45,179552.0,22188,560.94,20448,179552
400000,45,359407.0,22188,560.94,40593,359407
600000,45,539402.0,22188,560.94,60598,539402
800000,45,719437.0,22188,560.94,80563,719437
1000000,45,899447.0,22188,560.94,100553,899447
2,46,1.0,1,0.01,1,1
3,46,2.0,2,0.06,1,2
100,46,81.0,66,1.82,19,81
200,46,168.0,133,3.63,32,168
2000,46,1749.0,1333,36.64,251,1749
10000,46,8798.0,6666,183.31,1202,8798
20000,46,17588.0,13333,366.64,2412,17588
40000,46,35421.0,20000,550.0,4579,35421
60000,46,53432.0,20000,550.0,6568,53432
80000,46,71473.0,20000,550.0,8527,71473
100000,46,89444.0,20000,550.0,10556,89444
200000,46,179581.0,20000,550.0,20419,179581
400000,46,359525.0,20000,550.0,40475,359525
600000,46,539783.0,20000,550.0,60217,539783
800000,46,719796.0,20000,550.0,80204,719796
1000000,46,900177.0,20000,550.0,99823,900177
2,47,1.0,1,0.01,1,1
3,47,1.0,2,0.06,2,1
100,47,79.0,66,1.82,21,79
200,47,168.0,133,3.63,32,168
2000,47,1757.0,1333,36.64,243,1757
10000,47,8828.0,6666,183.31,1172,8828
20000,47,17608.0,13333,366.64,2392,17608
40000,47,35414.0,20000,550.0,4586,35414
60000,47,53429.0,20000,550.0,6571,53429
80000,47,71479.0,20000,550.0,8521,71479
100000,47,89500.0,20000,550.0,10500,89500
200000,47,179572.0,20000,550.0,20428,179572
400000,47,359719.0,20000,550.0,40281,359719
600000,47,539757.0,20000,550.0,60243,539757
800000,47,719863.0,20000,550.0,80137,719863
1000000,47,899688.0,20000,550.0,100312,899688
2,48,1.0,1,0.01,1,1
3,48,2.0,2,0.06,1,2
100,48,86.0,66,1.82,14,86
200,48,177.0,133,3.63,23,177
2000,48,1776.0,1333,36.64,224,1776
10000,48,8858.0,6666,183.31,1142,8858
20000,48,17676.0,13333,366.64,2324,17676
40000,48,35522.0,20000,550.0,4478,35522
60000,48,53549.0,20000,550.0,6451,53549
80000,48,71604.0,20000,550.0,8396,71604
100000,48,89659.0,20000,550.0,10341,89659
200000,48,179680.0,20000,550.0,20320,179680
400000,48,359725.0,20000,550.0,40275,359725
600000,48,539546.0,20000,550.0,60454,539546
800000,48,719446.0,20000,550.0,80554,719446
1000000,48,899415.0,20000,550.0,100585,899415
2,49,2.0,1,0.01,0,2
3,49,3.0,2,0.06,0,3
100,49,88.0,66,1.82,12,88
200,49,175.0,133,3.63,25,175
2000,49,1764.0,1333,36.64,236,1764
10000,49,8792.0,6666,183.31,1208,8792
20000,49,17614.0,13333,366.64,2386,17614
40000,49,35461.0,20000,550.0,4539,35461
60000,49,53412.0,20000,550.0,6588,53412
80000,49,71418.0,20000,550.0,8582,71418
100000,49,89416.0,20000,550.0,10584,89416
200000,49,179482.0,20000,550.0,20518,179482
400000,49,359401.0,20000,550.0,40599,359401
600000,49,539462.0,20000,550.0,60538,539462
800000,49,719530.0,20000,550.0,80470,719530
1000000,49,899418.0,20000,550.0,100582,899418
2,50,2.0,1,0.01,0,2
3,50,3.0,2,0.06,0,3
100,50,83.0,66,1.82,17,83
200,50,171.0,133,3.63,29,171
2000,50,1748.0,1333,36.64,252,1748
10000,50,8787.0,6666,183.31,1213,8787
20000,50,17585.0,13333,366.64,2415,17585
40000,50,35340.0,20000,550.0,4660,35340
60000,50,53300.0,20000,550.0,6700,53300
80000,50,71297.0,20000,550.0,8703,71297
100000,50,89358.0,20000,550.0,10642,89358
200000,50,179374.0,20000,550.0,20626,179374
400000,50,359354.0,20000,550.0,40646,359354
600000,50,539254.0,20000,550.0,60746,539254
800000,50,719073.0,20000,550.0,80927,719073
1000000,50,899203.0,20000,550.0,100797,899203
2,51,2.0,1,0.01,0,2
3,51,3.0,2,0.06,0,3
100,51,89.0,66,1.82,11,89
200,51,179.0,133,3.63,21,179
2000,51,1773.0,1333,36.64,227,1773
10000,51,8793.0,6666,183.31,1207,8793
20000,51,17613.0,13333,366.64,2387,17613
40000,51,35448.0,20000,550.0,4552,35448
60000,51,53439.0,20000,550.0,6561,53439
80000,51,71479.0,20000,550.0,8521,71479
100000,51,89492.0,20000,550.0,10508,89492
200000,51,179245.0,20000,550.0,20755,179245
400000,51,359336.0,20000,550.0,40664,359336
600000,51,539386.0,20000,550.0,60614,539386
800000,51,719477.0,20000,550.0,80523,719477
1000000,51,899590.0,20000,550.0,100410,899590
2,52,2.0,1,0.01,0,2
3,52,3.0,2,0.06,0,3
100,52,91.0,66,1.82,9,91
200,52,180.0,133,3.63,20,180
2000,52,1759.0,1333,36.64,241,1759
10000,52,8788.0,6666,183.31,1212,8788
20000,52,17592.0,13333,366.64,2408,17592
40000,52,35381.0,20000,550.0,4619,35381
60000,52,53364.0,20000,550.0,6636,53364
80000,52,71304.0,20000,550.0,8696,71304
100000,52,89264.0,20000,550.0,10736,89264
200000,52,179204.0,20000,550.0,20796,179204
400000,52,359117.0,20000,550.0,40883,359117
600000,52,539268.0,20000,550.0,60732,539268
800000,52,719349.0,20000,550.0,80651,719349
1000000,52,899381.0,20000,550.0,100619,899381
2,53,2.0,1,0.01,0,2
3,53,3.0,2,0.06,0,3
100,53,93.0,66,1.82,7,93
200,53,184.0,133,3.63,16,184
2000,53,1779.0,1333,36.64,221,1779
10000,53,8869.0,6666,183.31,1131,8869
20000,53,17695.0,13333,366.64,2305,17695
40000,53,35495.0,20000,550.0,4505,35495
60000,53,53433.0,20000,550.0,6567,53433
80000,53,71378.0,20621,553.11,8622,71378
100000,53,89379.0,20621,553.11,10621,89379
200000,53,179361.0,20621,553.11,20639,179361
400000,53,359137.0,20621,553.11,40863,359137
600000,53,539188.0,20621,553.11,60812,539188
800000,53,719041.0,20621,553.11,80959,719041
1000000,53,898903.0,20621,553.11,101097,898903
2,54,2.0,1,0.01,0,2
3,54,3.0,2,0.06,0,3
100,54,86.0,66,1.82,14,86
200,54,175.0,133,3.63,25,175
2000,54,1764.0,1333,36.64,236,1764
10000,54,8784.0,6666,183.31,1216,8784
20000,54,17594.0,13333,366.64,2406,17594
40000,54,35229.0,30000,600.0,4771,35229
60000,54,53238.0,50000,700.0,6762,53238
80000,54,71154.0,70000,800.0,8846,71154
100000,54,89022.0,90000,900.0,10978,89022
200000,54,178645.0,190000,1400.0,21355,178645
400000,54,357757.0,390000,2400.0,42243,357757
600000,54,536898.0,590000,3400.0,63102,536898
800000,54,715861.0,790000,4400.0,84139,715861
1000000,54,894780.0,990000,5400.0,105220,894780
2,55,1.0,1,0.01,1,1
3,55,2.0,2,0.06,1,2
100,55,89.0,66,1.82,11,89
200,55,175.0,133,3.63,25,175
2000,55,1755.0,1333,36.64,245,1755
10000,55,8816.0,6666,183.31,1184,8816
20000,55,17591.0,13333,366.64,2409,17591
40000,55,35400.0,20000,550.0,4600,35400
60000,55,53358.0,20000,550.0,6642,53358
80000,55,71360.0,20000,550.0,8640,71360
100000,55,89396.0,20000,550.0,10604,89396
200000,55,179286.0,20000,550.0,20714,179286
400000,55,359416.0,20000,550.0,40584,359416
600000,55,539555.0,20000,550.0,60445,539555
800000,55,719481.0,20000,550.0,80519,719481
1000000,55,899363.0,20000,550.0,100637,899363
2,56,2.0,1,0.01,0,2
3,56,2.0,2,0.06,1,2
100,56,87.0,66,1.82,13,87
200,56,179.0,133,3.63,21,179
2000,56,1761.0,1333,36.64,239,1761
10000,56,8889.0,6666,183.31,1111,8889
20000,56,17706.0,13333,366.64,2294,17706
40000,56,35455.0,26308,581.54,4545,35455
60000,56,53497.0,26308,581.54,6503,53497
80000,56,71519.0,26308,581.54,8481,71519
100000,56,89556.0,26308,581.54,10444,89556
200000,56,179613.0,26308,581.54,20387,179613
400000,56,359428.0,26308,581.54,40572,359428
600000,56,539435.0,26308,581.54,60565,539435
800000,56,719614.0,26308,581.54,80386,719614
1000000,56,899654.0,26308,581.54,100346,899654
2,57,2.0,1,0.01,0,2
3,57,3.0,2,0.06,0,3
100,57,81.0,66,1.82,19,81
200,57,166.0,133,3.63,34,166
2000,57,1773.0,1333,36.64,227,1773
10000,57,8828.0,6666,183.31,1172,8828
20000,57,17658.0,13333,366.64,2342,17658
40000,57,35450.0,29860,599.3,4550,35450
60000,57,53316.0,49561,697.8,6684,53316
80000,57,71211.0,55138,725.69,8789,71211
100000,57,89201.0,55138,725.69,10799,89201
200000,57,179276.0,55138,725.69,20724,179276
400000,57,359428.0,55138,725.69,40572,359428
600000,57,539347.0,55138,725.69,60653,539347
800000,57,719283.0,55138,725.69,80717,719283
1000000,57,899313.0,55138,725.69,100687,899313
2,58,2.0,1,0.01,0,2
3,58,3.0,2,0.06,0,3
100,58,87.0,66,1.82,13,87
200,58,175.0,133,3.63,25,175
2000,58,1753.0,1333,36.64,247,1753
10000,58,8793.0,6666,183.31,1207,8793
20000,58,17611.0,13333,366.64,2389,17611
40000,58,35472.0,20000,550.0,4528,35472
60000,58,53434.0,20000,550.0,6566,53434
80000,58,71401.0,20000,550.0,8599,71401
100000,58,89402.0,20000,550.0,10598,89402
200000,58,179553.0,20000,550.0,20447,179553
400000,58,359504.0,20000,550.0,40496,359504
600000,58,539333.0,20000,550.0,60667,539333
800000,58,719344.0,20000,550.0,80656,719344
1000000,58,899762.0,20000,550.0,100238,899762
2,59,2.0,1,0.01,0,2
3,59,3.0,2,0.06,0,3
100,59,89.0,66,1.82,11,89
200,59,172.0,133,3.63,28,172
2000,59,1749.0,1333,36.64,251,1749
10000,59,8772.0,6666,183.31,1228,8772
20000,59,17584.0,13333,366.64,2416,17584
40000,59,35351.0,20000,550.0,4649,35351
60000,59,53357.0,20000,550.0,6643,53357
80000,59,71346.0,20000,550.0,8654,71346
100000,59,89467.0,20000,550.0,10533,89467
200000,59,179407.0,20000,550.0,20593,179407
400000,59,359461.0,20000,550.0,40539,359461
600000,59,539680.0,20000,550.0,60320,539680
800000,59,719660.0,20000,550.0,80340,719660
1000000,59,899513.0,20000,550.0,100487,899513
2,60,1.0,1,0.01,1,1
3,60,2.0,2,0.06,1,2
100,60,89.0,66,1.82,11,89
200,60,172.0,133,3.63,28,172
2000,60,1779.0,1333,36.64,221,1779
10000,60,8843.0,6666,183.31,1157,8843
20000,60,17748.0,13333,366.64,2252,17748
40000,60,35628.0,20357,551.79,4372,35628
60000,60,53605.0,20357,551.79,6395,53605
80000,60,71572.0,22654,563.27,8428,71572
100000,60,89498.0,25471,577.35,10502,89498
200000,60,179615.0,25497,577.48,20385,179615
400000,60,359665.0,25497,577.48,40335,359665
600000,60,539810.0,25497,577.48,60190,539810
800000,60,719788.0,25497,577.48,80212,719788
1000000,60,899816.0,25497,577.48,100184,899816
2,61,2.0,1,0.01,0,2
3,61,3.0,2,0.06,0,3
100,61,90.0,66,1.82,10,90
200,61,176.0,133,3.63,24,176
2000,61,1768.0,1333,36.64,232,1768
10000,61,8782.0,6666,183.31,1218,8782
20000,61,17618.0,13333,366.64,2382,17618
40000,61,35323.0,25785,578.92,4677,35323
60000,61,53315.0,27526,587.63,6685,53315
80000,61,71375.0,27526,587.63,8625,71375
100000,61,89408.0,27526,587.63,10592,89408
200000,61,179349.0,27526,587.63,20651,179349
400000,61,359226.0,27526,587.63,40774,359226
600000,61,539284.0,27526,587.63,60716,539284
800000,61,719097.0,27526,587.63,80903,719097
1000000,61,898933.0,27526,587.63,101067,898933
2,62,2.0,1,0.01,0,2
3,62,3.0,2,0.06,0,3
100,62,80.0,66,1.82,20,80
200,62,168.0,133,3.63,32,168
2000,62,1773.0,1333,36.64,227,1773
10000,62,8832.0,6666,183.31,1168,8832
20000,62,17667.0,13333,366.64,2333,17667
40000,62,35443.0,20000,550.0,4557,35443
60000,62,53432.0,20000,550.0,6568,53432
80000,62,71381.0,20000,550.0,8619,71381
100000,62,89372.0,20000,550.0,10628,89372
200000,62,179473.0,20000,550.0,20527,179473
400000,62,359532.0,20000,550.0,40468,359532
600000,62,539348.0,20000,550.0,60652,539348
800000,62,719115.0,20000,550.0,80885,719115
1000000,62,899288.0,20000,550.0,100712,899288
2,63,2.0,1,0.01,0,2
3,63,3.0,2,0.06,0,3
100,63,89.0,66,1.82,11,89
200,63,177.0,133,3.63,23,177
2000,63,1771.0,1333,36.64,229,1771
10000,63,8792.0,6666,183.31,1208,8792
20000,63,17565.0,13333,366.64,2435,17565
40000,63,35402.0,20000,550.0,4598,35402
60000,63,53372.0,20000,550.0,6628,53372
80000,63,71326.0,20000,550.0,8674,71326
100000,63,89358.0,20000,550.0,10642,89358
200000,63,179352.0,20000,550.0,20648,179352
400000,63,359554.0,20000,550.0,40446,359554
600000,63,539560.0,20000,550.0,60440,539560
800000,63,719387.0,20000,550.0,80613,719387
1000000,63,899314.0,20000,550.0,100686,899314
2,64,1.0,1,0.01,1,1
3,64,2.0,2,0.06,1,2
100,64,85.0,66,1.82,15,85
200,64,174.0,133,3.63,26,174
2000,64,1763.0,1333,36.64,237,1763
10000,64,8803.0,6666,183.31,1197,8803
20000,64,17689.0,13333,366.64,2311,17689
40000,64,35517.0,20811,554.06,4483,35517
60000,64,53528.0,20811,554.06,6472,53528
80000,64,71541.0,20811,554.06,8459,71541
100000,64,89557.0,20811,554.06,10443,89557
200000,64,179652.0,20811,554.06,20348,179652
400000,64,359483.0,20811,554.06,40517,359483
600000,64,539634.0,20811,554.06,60366,539634
800000,64,719542.0,20811,554.06,80458,719542
1000000,64,899562.0,20811,554.06,100438,899562
2,65,2.0,1,0.01,0,2
3,65,2.0,2,0.06,1,2
100,65,87.0,66,1.82,13,87
200,65,170.0,133,3.63,30,170
2000,65,1733.0,1333,36.64,267,1733
10000,65,8799.0,6666,183.31,1201,8799
20000,65,17594.0,13333,366.64,2406,17594
40000,65,35438.0,20000,550.0,4562,35438
60000,65,53373.0,20000,550.0,6627,53373
80000,65,71410.0,20000,550.0,8590,71410
100000,65,89386.0,20000,550.0,10614,89386
200000,65,179455.0,20000,550.0,20545,179455
400000,65,359400.0,20000,550.0,40600,359400
600000,65,539396.0,20000,550.0,60604,539396
800000,65,719474.0,20000,550.0,80526,719474
1000000,65,899580.0,20000,550.0,100420,899580
2,66,2.0,1,0.01,0,2
3,66,3.0,2,0.06,0,3
100,66,89.0,66,1.82,11,89
200,66,181.0,133,3.63,19,181
2000,66,1763.0,1333,36.64,237,1763
10000,66,8834.0,6666,183.31,1166,8834
20000,66,17621.0,13333,366.64,2379,17621
40000,66,35491.0,20000,550.0,4509,35491
60000,66,53492.0,20000,550.0,6508,53492
80000,66,71511.0,20000,550.0,8489,71511
100000,66,89515.0,20000,550.0,10485,89515
200000,66,179486.0,20000,550.0,20514,179486
400000,66,359340.0,20000,550.0,40660,359340
600000,66,539308.0,20000,550.0,60692,539308
800000,66,719348.0,20000,550.0,80652,719348
1000000,66,899430.0,20000,550.0,100570,899430
2,67,0.0,1,0.01,2,0
3,67,1.0,2,0.06,2,1
100,67,88.0,66,1.82,12,88
200,67,177.0,133,3.63,23,177
2000,67,1760.0,1333,36.64,240,1760
10000,67,8776.0,6666,183.31,1224,8776
20000,67,17589.0,13333,366.64,2411,17589
40000,67,35391.0,22962,564.81,4609,35391
60000,67,53442.0,22962,564.81,6558,53442
80000,67,71447.0,22962,564.81,8553,71447
100000,67,89404.0,22962,564.81,10596,89404
200000,67,179520.0,22962,564.81,20480,179520
400000,67,359377.0,22962,564.81,40623,359377
600000,67,539640.0,22962,564.81,60360,539640
800000,67,719654.0,22962,564.81,80346,719654
1000000,67,899772.0,22962,564.81,100228,899772
2,68,2.0,1,0.01,0,2
3,68,3.0,2,0.06,0,3
100,68,87.0,66,1.82,13,87
200,68,173.0,133,3.63,27,173
2000,68,1754.0,1333,36.64,246,1754
10000,68,8788.0,6666,183.31,1212,8788
20000,68,17559.0,13333,366.64,2441,17559
40000,68,35363.0,20000,550.0,4637,35363
60000,68,53345.0,20000,550.0,6655,53345
80000,68,71418.0,20000,550.0,8582,71418
100000,68,89452.0,20000,550.0,10548,89452
200000,68,179438.0,20000,550.0,20562,179438
400000,68,359617.0,20000,550.0,40383,359617
600000,68,539468.0,20000,550.0,60532,539468
800000,68,719378.0,20000,550.0,80622,719378
1000000,68,899178.0,20000,550.0,100822,899178
2,69,2.0,1,0.01,0,2
3,69,3.0,2,0.06,0,3
100,69,89.0,66,1.82,11,89
200,69,175.0,133,3.63,25,175
2000,69,1763.0,1333,36.64,237,1763
10000,69,8826.0,6666,183.31,1174,8826
20000,69,17678.0,13333,366.64,2322,17678
40000,69,35468.0,30000,600.0,4532,35468
60000,69,53365.0,50000,700.0,6635,53365
80000,69,71292.0,70000,800.0,8708,71292
100000,69,89202.0,90000,900.0,10798,89202
200000,69,178590.0,189858,1399.29,21410,178590
400000,69,357683.0,389781,2398.91,42317,357683
600000,69,536550.0,589781,3398.91,63450,536550
800000,69,715619.0,789781,4398.91,84381,715619
1000000,69,894594.0,989781,5398.91,105406,894594
2,70,2.0,1,0.01,0,2
3,70,3.0,2,0.06,0,3
100,70,91.0,66,1.82,9,91
200,70,180.0,133,3.63,20,180
2000,70,1779.0,1333,36.64,221,1779
10000,70,8822.0,6666,183.31,1178,8822
20000,70,17647.0,13333,366.64,2353,17647
40000,70,35465.0,20000,550.0,4535,35465
60000,70,53460.0,20000,550.0,6540,53460
80000,70,71482.0,20000,550.0,8518,71482
100000,70,89475.0,20000,550.0,10525,89475
200000,70,179394.0,20000,550.0,20606,179394
400000,70,359486.0,20000,550.0,40514,359486
600000,70,539468.0,20000,550.0,60532,539468
800000,70,719715.0,20000,550.0,80285,719715
1000000,70,899588.0,20000,550.0,100412,899588
2,71,2.0,1,0.01,0,2
3,71,2.0,2,0.06,1,2
100,71,90.0,66,1.82,10,90
200,71,181.0,133,3.63,19,181
2000,71,1778.0,1333,36.64,222,1778
10000,71,8813.0,6666,183.31,1187,8813
20000,71,17621.0,13333,366.64,2379,17621
40000,71,35348.0,20000,550.0,4652,35348
60000,71,53315.0,20000,550.0,6685,53315
80000,71,71210.0,20000,550.0,8790,71210
100000,71,89274.0,20000,550.0,10726,89274
200000,71,179314.0,20000,550.0,20686,179314
400000,71,359367.0,20000,550.0,40633,359367
600000,71,539535.0,20000,550.0,60465,539535
800000,71,719385.0,20000,550.0,80615,719385
1000000,71,899359.0,20000,550.0,100641,899359
2,72,1.0,1,0.01,1,1
3,72,1.0,2,0.06,2,1
100,72,81.0,66,1.82,19,81
200,72,164.0,133,3.63,36,164
2000,72,1749.0,1333,36.64,251,1749
10000,72,8756.0,6666,183.31,1244,8756
20000,72,17599.0,13333,366.64,2401,17599
40000,72,35463.0,21359,556.79,4537,35463
60000,72,53388.0,27994,589.97,6612,53388
80000,72,71383.0,27994,589.97,8617,71383
100000,72,89386.0,27994,589.97,10614,89386
200000,72,179431.0,27994,589.97,20569,179431
400000,72,359443.0,27994,589.97,40557,359443
600000,72,539485.0,27994,589.97,60515,539485
800000,72,719401.0,27994,589.97,80599,719401
1000000,72,899320.0,27994,589.97,100680,899320
2,73,2.0,1,0.01,0,2
3,73,2.0,2,0.06,1,2
100,73,94.0,66,1.82,6,94
200,73,187.0,133,3.63,13,187
2000,73,1786.0,1333,36.64,214,1786
10000,73,8870.0,6666,183.31,1130,8870
20000,73,17723.0,13333,366.64,2277,17723
40000,73,35558.0,20000,550.0,4442,35558
60000,73,53636.0,20000,550.0,6364,53636
80000,73,71628.0,20000,550.0,8372,71628
100000,73,89547.0,20000,550.0,10453,89547
200000,73,179317.0,20000,550.0,20683,179317
400000,73,359380.0,20000,550.0,40620,359380
600000,73,539369.0,20000,550.0,60631,539369
800000,73,719284.0,20000,550.0,80716,719284
1000000,73,899559.0,20000,550.0,100441,899559
2,74,2.0,1,0.01,0,2
3,74,3.0,2,0.06,0,3
100,74,81.0,66,1.82,19,81
200,74,167.0,133,3.63,33,167
2000,74,1746.0,1333,36.64,254,1746
10000,74,8772.0,6666,183.31,1228,8772
20000,74,17614.0,13333,366.64,2386,17614
40000,74,35465.0,20000,550.0,4535,35465
60000,74,53485.0,20000,550.0,6515,53485
80000,74,71499.0,20000,550.0,8501,71499
100000,74,89427.0,20000,550.0,10573,89427
200000,74,179502.0,20000,550.0,20498,179502
400000,74,359450.0,20000,550.0,40550,359450
600000,74,539383.0,20000,550.0,60617,539383
800000,74,719381.0,20000,550.0,80619,719381
1000000,74,899364.0,20000,550.0,100636,899364
2,75,2.0,1,0.01,0,2
3,75,3.0,2,0.06,0,3
100,75,88.0,66,1.82,12,88
200,75,177.0,133,3.63,23,177
2000,75,1759.0,1333,36.64,241,1759
10000,75,8853.0,6666,183.31,1147,8853
20000,75,17692.0,13333,366.64,2308,17692
40000,75,35499.0,20000,550.0,4501,35499
60000,75,53556.0,20000,550.0,6444,53556
80000,75,71532.0,20000,550.0,8468,71532
100000,75,89501.0,20000,550.0,10499,89501
200000,75,179404.0,20000,550.0,20596,179404
400000,75,359117.0,20000,550.0,40883,359117
600000,75,539160.0,20000,550.0,60840,539160
800000,75,719279.0,20000,550.0,80721,719279
1000000,75,899286.0,20000,550.0,100714,899286
2,76,2.0,1,0.01,0,2
3,76,3.0,2,0.06,0,3
100,76,97.0,66,1.82,3,97
200,76,178.0,133,3.63,22,178
2000,76,1752.0,1333,36.64,248,1752
10000,76,8787.0,6666,183.31,1213,8787
20000,76,17596.0,13333,366.64,2404,17596
40000,76,35456.0,20000,550.0,4544,35456
60000,76,53451.0,20000,550.0,6549,53451
80000,76,71459.0,20000,550.0,8541,71459
100000,76,89496.0,20000,550.0,10504,89496
200000,76,179556.0,20000,550.0,20444,179556
400000,76,359461.0,20000,550.0,40539,359461
600000,76,539214.0,20000,550.0,60786,539214
800000,76,719149.0,20000,550.0,80851,719149
1000000,76,899137.0,20000,550.0,100863,899137
2,77,1.0,1,0.01,1,1
3,77,1.0,2,0.06,2,1
100,77,89.0,66,1.82,11,89
200,77,177.0,133,3.63,23,177
2000,77,1768.0,1333,36.64,232,1768
10000,77,8805.0,6666,183.31,1195,8805
20000,77,17588.0,13333,366.64,2412,17588
40000,77,35456.0,30000,600.0,4544,35456
60000,77,53324.0,49930,699.65,6676,53324
80000,77,71262.0,52145,710.72,8738,71262
100000,77,89293.0,52145,710.72,10707,89293
200000,77,179435.0,52145,710.72,20565,179435
400000,77,359620.0,52145,710.72,40380,359620
600000,77,539688.0,52145,710.72,60312,539688
800000,77,719597.0,52145,710.72,80403,719597
1000000,77,899514.0,52145,710.72,100486,899514
2,78,2.0,1,0.01,0,2
3,78,3.0,2,0.06,0,3
100,78,87.0,66,1.82,13,87
200,78,171.0,133,3.63,29,171
2000,78,1748.0,1333,36.64,252,1748
10000,78,8851.0,6666,183.31,1149,8851
20000,78,17679.0,13333,366.64,2321,17679
40000,78,35455.0,30000,600.0,4545,35455
60000,78,53379.0,49298,696.49,6621,53379
80000,78,71296.0,69257,796.28,8704,71296
100000,78,89169.0,81747,858.73,10831,89169
200000,78,179253.0,81747,858.73,20747,179253
400000,78,359015.0,81747,858.73,40985,359015
600000,78,538917.0,81747,858.73,61083,538917
800000,78,719126.0,81747,858.73,80874,719126
1000000,78,899067.0,81747,858.73,100933,899067
2,79,1.0,1,0.01,1,1
3,79,2.0,2,0.06,1,2
100,79,89.0,66,1.82,11,89
200,79,179.0,133,3.63,21,179
2000,79,1772.0,1333,36.64,228,1772
10000,79,8807.0,6666,183.31,1193,8807
20000,79,17648.0,13333,366.64,2352,17648
40000,79,35536.0,20000,550.0,4464,35536
60000,79,53554.0,20000,550.0,6446,53554
80000,79,71585.0,20000,550.0,8415,71585
100000,79,89525.0,20000,550.0,10475,89525
200000,79,179663.0,20000,550.0,20337,179663
400000,79,359667.0,20000,550.0,40333,359667
600000,79,539804.0,20000,550.0,60196,539804
800000,79,719638.0,20000,550.0,80362,719638
1000000,79,899614.0,20000,550.0,100386,899614
2,80,2.0,1,0.01,0,2
3,80,3.0,2,0.06,0,3
100,80,87.0,66,1.82,13,87
200,80,176.0,133,3.63,24,176
2000,80,1757.0,1333,36.64,243,1757
10000,80,8810.0,6666,183.31,1190,8810
20000,80,17636.0,13333,366.64,2364,17636
40000,80,35385.0,20000,550.0,4615,35385
60000,80,53388.0,20000,550.0,6612,53388
80000,80,71379.0,20000,550.0,8621,71379
100000,80,89406.0,20000,550.0,10594,89406
200000,80,179448.0,20000,550.0,20552,179448
400000,80,359472.0,20000,550.0,40528,359472
600000,80,539551.0,20000,550.0,60449,539551
800000,80,719562.0,20000,550.0,80438,719562
1000000,80,899548.0,20000,550.0,100452,899548
2,81,2.0,1,0.01,0,2
3,81,3.0,2,0.06,0,3
100,81,82.0,66,1.82,18,82
200,81,162.0,133,3.63,38,162
2000,81,1722.0,1333,36.64,278,1722
10000,81,8812.0,6666,183.31,1188,8812
20000,81,17614.0,13333,366.64,2386,17614
40000,81,35399.0,20000,550.0,4601,35399
60000,81,53450.0,20000,550.0,6550,53450
80000,81,71384.0,20000,550.0,8616,71384
100000,81,89373.0,20000,550.0,10627,89373
200000,81,179298.0,20000,550.0,20702,179298
400000,81,359494.0,20000,550.0,40506,359494
600000,81,539721.0,20000,550.0,60279,539721
800000,81,719738.0,20000,550.0,80262,719738
1000000,81,899743.0,20000,550.0,100257,899743
2,82,2.0,1,0.01,0,2
3,82,3.0,2,0.06,0,3
100,82,91.0,66,1.82,9,91
200,82,176.0,133,3.63,24,176
2000,82,1771.0,1333,36.64,229,1771
10000,82,8872.0,6666,183.31,1128,8872
20000,82,17715.0,13333,366.64,2285,17715
40000,82,35525.0,20000,550.0,4475,35525
60000,82,53561.0,20000,550.0,6439,53561
80000,82,71548.0,20000,550.0,8452,71548
100000,82,89446.0,20000,550.0,10554,89446
200000,82,179327.0,20082,550.41,20673,179327
400000,82,359432.0,20082,550.41,40568,359432
600000,82,539340.0,20082,550.41,60660,539340
800000,82,719384.0,20082,550.41,80616,719384
1000000,82,899289.0,20082,550.41,100711,899289
2,83,1.0,1,0.01,1,1
3,83,2.0,2,0.06,1,2
100,83,82.0,66,1.82,18,82
200,83,169.0,133,3.63,31,169
2000,83,1738.0,1333,36.64,262,1738
10000,83,8781.0,6666,183.31,1219,8781
20000,83,17580.0,13333,366.64,2420,17580
40000,83,35382.0,20000,550.0,4618,35382
60000,83,53387.0,20000,550.0,6613,53387
80000,83,71369.0,20000,550.0,8631,71369
100000,83,89367.0,20000,550.0,10633,89367
200000,83,179391.0,20000,550.0,20609,179391
400000,83,359422.0,20000,550.0,40578,359422
600000,83,539297.0,20000,550.0,60703,539297
800000,83,719056.0,20000,550.0,80944,719056
1000000,83,899021.0,20000,550.0,100979,899021
2,84,2.0,1,0.01,0,2
3,84,3.0,2,0.06,0,3
100,84,90.0,66,1.82,10,90
200,84,181.0,133,3.63,19,181
2000,84,1760.0,1333,36.64,240,1760
10000,84,8826.0,6666,183.31,1174,8826
20000,84,17648.0,13333,366.64,2352,17648
40000,84,35445.0,20000,550.0,4555,35445
60000,84,53476.0,20000,550.0,6524,53476
80000,84,71468.0,20000,550.0,8532,71468
100000,84,89458.0,20000,550.0,10542,89458
200000,84,179394.0,20000,550.0,20606,179394
400000,84,359421.0,20000,550.0,40579,359421
600000,84,539481.0,20000,550.0,60519,539481
800000,84,719446.0,20000,550.0,80554,719446
1000000,84,899353.0,20000,550.0,100647,899353
2,85,2.0,1,0.01,0,2
3,85,3.0,2,0.06,0,3
100,85,87.0,66,1.82,13,87
200,85,174.0,133,3.63,26,174
2000,85,1751.0,1333,36.64,249,1751
10000,85,8835.0,6666,183.31,1165,8835
20000,85,17651.0,13333,366.64,2349,17651
40000,85,35402.0,29530,597.65,4598,35402
60000,85,53326.0,41664,658.32,6674,53326
80000,85,71305.0,41664,658.32,8695,71305
100000,85,89353.0,41664,658.32,10647,89353
200000,85,179381.0,41664,658.32,20619,179381
400000,85,359121.0,41664,658.32,40879,359121
600000,85,539062.0,41664,658.32,60938,539062
800000,85,718886.0,41664,658.32,81114,718886
1000000,85,898926.0,41664,658.32,101074,898926
2,86,1.0,1,0.01,1,1
3,86,2.0,2,0.06,1,2
100,86,91.0,66,1.82,9,91
200,86,180.0,133,3.63,20,180
2000,86,1778.0,1333,36.64,222,1778
10000,86,8828.0,6666,183.31,1172,8828
20000,86,17690.0,13333,366.64,2310,17690
40000,86,35484.0,23824,569.12,4516,35484
60000,86,53424.0,31641,608.2,6576,53424
80000,86,71524.0,31641,608.2,8476,71524
100000,86,89464.0,31641,608.2,10536,89464
200000,86,179534.0,31641,608.2,20466,179534
400000,86,359567.0,31641,608.2,40433,359567
600000,86,539738.0,31641,608.2,60262,539738
800000,86,719818.0,31641,608.2,80182,719818
1000000,86,899747.0,31641,608.2,100253,899747
2,87,2.0,1,0.01,0,2
3,87,2.0,2,0.06,1,2
100,87,86.0,66,1.82,14,86
200,87,170.0,133,3.63,30,170
2000,87,1788.0,1333,36.64,212,1788
10000,87,8893.0,6666,183.31,1107,8893
20000,87,17756.0,13333,366.64,2244,17756
40000,87,35589.0,20000,550.0,4411,35589
60000,87,53616.0,20000,550.0,6384,53616
80000,87,71597.0,20000,550.0,8403,71597
100000,87,89536.0,20000,550.0,10464,89536
200000,87,179603.0,20000,550.0,20397,179603
400000,87,359715.0,20000,550.0,40285,359715
600000,87,539802.0,20000,550.0,60198,539802
800000,87,719731.0,20000,550.0,80269,719731
1000000,87,899919.0,20000,550.0,100081,899919
2,88,2.0,1,0.01,0,2
3,88,3.0,2,0.06,0,3
100,88,92.0,66,1.82,8,92
200,88,173.0,133,3.63,27,173
2000,88,1758.0,1333,36.64,242,1758
10000,88,8825.0,6666,183.31,1175,8825
20000,88,17663.0,13333,366.64,2337,17663
40000,88,35432.0,20000,550.0,4568,35432
60000,88,53379.0,20158,550.79,6621,53379
80000,88,71354.0,21460,557.3,8646,71354
100000,88,89343.0,21460,557.3,10657,89343
200000,88,179261.0,21460,557.3,20739,179261
400000,88,359087.0,21460,557.3,40913,359087
600000,88,538873.0,21460,557.3,61127,538873
800000,88,718788.0,21460,557.3,81212,718788
1000000,88,899149.0,21460,557.3,100851,899149
2,89,2.0,1,0.01,0,2
3,89,3.0,2,0.06,0,3
100,89,83.0,66,1.82,17,83
200,89,174.0,133,3.63,26,174
2000,89,1766.0,1333,36.64,234,1766
10000,89,8846.0,6666,183.31,1154,8846
20000,89,17649.0,13333,366.64,2351,17649
40000,89,35535.0,20000,550.0,4465,35535
60000,89,53538.0,20000,550.0,6462,53538
80000,89,71606.0,20000,550.0,8394,71606
100000,89,89617.0,20000,550.0,10383,89617
200000,89,179522.0,20000,550.0,20478,179522
400000,89,359427.0,20000,550.0,40573,359427
600000,89,539322.0,20000,550.0,60678,539322
800000,89,719406.0,20000,550.0,80594,719406
1000000,89,899396.0,20000,550.0,100604,899396
2,90,2.0,1,0.01,0,2
3,90,3.0,2,0.06,0,3
100,90,92.0,66,1.82,8,92
200,90,179.0,133,3.63,21,179
2000,90,1751.0,1333,36.64,249,1751
10000,90,8753.0,6666,183.31,1247,8753
20000,90,17568.0,13333,366.64,2432,17568
40000,90,35381.0,20000,550.0,4619,35381
60000,90,53364.0,20000,550.0,6636,53364
80000,90,71377.0,20000,550.0,8623,71377
100000,90,89431.0,20000,550.0,10569,89431
200000,90,179415.0,20000,550.0,20585,179415
400000,90,359666.0,20000,550.0,40334,359666
600000,90,539566.0,20000,550.0,60434,539566
800000,90,719604.0,20000,550.0,80396,719604
1000000,90,899589.0,20000,550.0,100411,899589
2,91,2.0,1,0.01,0,2
3,91,3.0,2,0.06,0,3
100,91,91.0,66,1.82,9,91
200,91,177.0,133,3.63,23,177
2000,91,1769.0,1333,36.64,231,1769
10000,91,8842.0,6666,183.31,1158,8842
20000,91,17654.0,13333,366.64,2346,17654
40000,91,35437.0,20000,550.0,4563,35437
60000,91,53446.0,20000,550.0,6554,53446
80000,91,71484.0,20000,550.0,8516,71484
100000,91,89499.0,20000,550.0,10501,89499
200000,91,179536.0,20000,550.0,20464,179536
400000,91,359489.0,20000,550.0,40511,359489
600000,91,539517.0,20000,550.0,60483,539517
800000,91,719661.0,20000,550.0,80339,719661
1000000,91,899916.0,20000,550.0,100084,899916
2,92,2.0,1,0.01,0,2
3,92,2.0,2,0.06,1,2
100,92,86.0,66,1.82,14,86
200,92,178.0,133,3.63,22,178
2000,92,1741.0,1333,36.64,259,1741
10000,92,8808.0,6666,183.31,1192,8808
20000,92,17642.0,13333,366.64,2358,17642
40000,92,35385.0,20000,550.0,4615,35385
60000,92,53379.0,20000,550.0,6621,53379
80000,92,71355.0,20000,550.0,8645,71355
100000,92,89389.0,20000,550.0,10611,89389
200000,92,179442.0,20000,550.0,20558,179442
400000,92,359338.0,20000,550.0,40662,359338
600000,92,539307.0,20000,550.0,60693,539307
800000,92,719233.0,20000,550.0,80767,719233
1000000,92,899218.0,20000,550.0,100782,899218
2,93,2.0,1,0.01,0,2
3,93,3.0,2,0.06,0,3
100,93,92.0,66,1.82,8,92
200,93,182.0,133,3.63,18,182
2000,93,1775.0,1333,36.64,225,1775
10000,93,8877.0,6666,183.31,1123,8877
20000,93,17739.0,13333,366.64,2261,17739
40000,93,35541.0,20000,550.0,4459,35541
60000,93,53554.0,20000,550.0,6446,53554
80000,93,71544.0,20000,550.0,8456,71544
100000,93,89587.0,20000,550.0,10413,89587
200000,93,179628.0,20000,550.0,20372,179628
400000,93,359792.0,20000,550.0,40208,359792
600000,93,539972.0,20000,550.0,60028,539972
800000,93,719971.0,20000,550.0,80029,719971
1000000,93,900032.0,20000,550.0,99968,900032
2,94,2.0,1,0.01,0,2
3,94,2.0,2,0.06,1,2
100,94,88.0,66,1.82,12,88
200,94,180.0,133,3.63,20,180
2000,94,1760.0,1333,36.64,240,1760
10000,94,8832.0,6666,183.31,1168,8832
20000,94,17653.0,13333,366.64,2347,17653
40000,94,35471.0,20000,550.0,4529,35471
60000,94,53453.0,20000,550.0,6547,53453
80000,94,71425.0,20000,550.0,8575,71425
100000,94,89373.0,20000,550.0,10627,89373
200000,94,179323.0,20000,550.0,20677,179323
400000,94,359379.0,20000,550.0,40621,359379
600000,94,539312.0,20000,550.0,60688,539312
800000,94,719363.0,20000,550.0,80637,719363
1000000,94,899429.0,20000,550.0,100571,899429
2,95,2.0,1,0.01,0,2
3,95,2.0,2,0.06,1,2
100,95,87.0,66,1.82,13,87
200,95,174.0,133,3.63,26,174
2000,95,1775.0,1333,36.64,225,1775
10000,95,8896.0,6666,183.31,1104,8896
20000,95,17729.0,13333,366.64,2271,17729
40000,95,35569.0,20000,550.0,4431,35569
60000,95,53548.0,20000,550.0,6452,53548
80000,95,71624.0,20000,550.0,8376,71624
100000,95,89656.0,20000,550.0,10344,89656
200000,95,179681.0,20000,550.0,20319,179681
400000,95,359766.0,20000,550.0,40234,359766
600000,95,540020.0,20000,550.0,59980,540020
800000,95,720067.0,20000,550.0,79933,720067
1000000,95,900061.0,20000,550.0,99939,900061
2,96,2.0,1,0.01,0,2
3,96,3.0,2,0.06,0,3
100,96,90.0,66,1.82,10,90
200,96,181.0,133,3.63,19,181
2000,96,1770.0,1333,36.64,230,1770
10000,96,8812.0,6666,183.31,1188,8812
20000,96,17616.0,13333,366.64,2384,17616
40000,96,35401.0,20000,550.0,4599,35401
60000,96,53426.0,20000,550.0,6574,53426
80000,96,71435.0,20000,550.0,8565,71435
100000,96,89415.0,20000,550.0,10585,89415
200000,96,179428.0,20000,550.0,20572,179428
400000,96,359133.0,20000,550.0,40867,359133
600000,96,539432.0,20000,550.0,60568,539432
800000,96,719354.0,20000,550.0,80646,719354
1000000,96,899244.0,20000,550.0,100756,899244
2,97,2.0,1,0.01,0,2
3,97,3.0,2,0.06,0,3
100,97,93.0,66,1.82,7,93
200,97,181.0,133,3.63,19,181
2000,97,1759.0,1333,36.64,241,1759
10000,97,8756.0,6666,183.31,1244,8756
20000,97,17585.0,13333,366.64,2415,17585
40000,97,35409.0,20000,550.0,4591,35409
60000,97,53437.0,20000,550.0,6563,53437
80000,97,71388.0,20000,550.0,8612,71388
100000,97,89414.0,20000,550.0,10586,89414
200000,97,179548.0,20000,550.0,20452,179548
400000,97,359579.0,20000,550.0,40421,359579
600000,97,539589.0,20000,550.0,60411,539589
800000,97,719725.0,20000,550.0,80275,719725
1000000,97,899533.0,20000,550.0,100467,899533
2,98,2.0,1,0.01,0,2
3,98,3.0,2,0.06,0,3
100,98,84.0,66,1.82,16,84
200,98,172.0,133,3.63,28,172
2000,98,1761.0,1333,36.64,239,1761
10000,98,8780.0,6666,183.31,1220,8780
20000,98,17581.0,13333,366.64,2419,17581
40000,98,35405.0,20000,550.0,4595,35405
60000,98,53430.0,20000,550.0,6570,53430
80000,98,71385.0,20000,550.0,8615,71385
100000,98,89355.0,20000,550.0,10645,89355
200000,98,179300.0,20000,550.0,20700,179300
400000,98,359277.0,20000,550.0,40723,359277
600000,98,539353.0,20000,550.0,60647,539353
800000,98,719435.0,20000,550.0,80565,719435
1000000,98,899301.0,20000,550.0,100699,899301
2,99,2.0,1,0.01,0,2
3,99,3.0,2,0.06,0,3
100,99,93.0,66,1.82,7,93
200,99,188.0,133,3.63,12,188
2000,99,1765.0,1333,36.64,235,1765
10000,99,8847.0,6666,183.31,1153,8847
20000,99,17596.0,13333,366.64,2404,17596
40000,99,35386.0,20000,550.0,4614,35386
60000,99,53362.0,20000,550.0,6638,53362
80000,99,71380.0,20000,550.0,8620,71380
100000,99,89373.0,20000,550.0,10627,89373
200000,99,179281.0,20000,550.0,20719,179281
400000,99,359248.0,20000,550.0,40752,359248
600000,99,539319.0,20000,550.0,60681,539319
800000,99,719419.0,20000,550.0,80581,719419
1000000,99,899450.0,20000,550.0,100550,899450
2,100,1.0,1,0.01,1,1
3,100,2.0,2,0.06,1,2
100,100,88.0,66,1.82,12,88
200,100,177.0,133,3.63,23,177
2000,100,1749.0,1333,36.64,251,1749
10000,100,8806.0,6666,183.31,1194,8806
20000,100,17633.0,13333,366.64,2367,17633
40000,100,35460.0,20000,550.0,4540,35460
60000,100,53420.0,20000,550.0,6580,53420
80000,100,71475.0,20000,550.0,8525,71475
100000,100,89456.0,20000,550.0,10544,89456
200000,100,179303.0,20000,550.0,20697,179303
400000,100,359288.0,20000,550.0,40712,359288
600000,100,539304.0,20000,550.0,60696,539304
800000,100,719285.0,20000,550.0,80715,719285
1000000,100,898992.0,20000,550.0,101008,898992
