Timestep,Iteration,Total Reward,Suboptimal Arms,Total Regret,Zeros Count,Ones Count
2,1,2.0,1,0.01,0,2
3,1,3.0,1,0.01,0,3
100,1,89.0,50,0.5,11,89
200,1,180.0,100,1.0,20,180
2000,1,1800.0,1000,10.0,200,1800
10000,1,8984.0,5000,50.0,1016,8984
20000,1,17941.0,10000,100.0,2059,17941
40000,1,35934.0,10000,100.0,4066,35934
60000,1,53929.0,10000,100.0,6071,53929
80000,1,71944.0,10000,100.0,8056,71944
100000,1,89851.0,10000,100.0,10149,89851
200000,1,179794.0,10000,100.0,20206,179794
400000,1,359955.0,10000,100.0,40045,359955
600000,1,539859.0,10000,100.0,60141,539859
800000,1,719741.0,10000,100.0,80259,719741
1000000,1,899654.0,10000,100.0,100346,899654
2,2,0.0,1,0.01,2,0
3,2,1.0,1,0.01,2,1
100,2,92.0,50,0.5,8,92
200,2,185.0,100,1.0,15,185
2000,2,1788.0,1000,10.0,212,1788
10000,2,8954.0,5000,50.0,1046,8954
20000,2,17955.0,10000,100.0,2045,17955
40000,2,35870.0,10000,100.0,4130,35870
60000,2,53885.0,10000,100.0,6115,53885
80000,2,71879.0,10000,100.0,8121,71879
100000,2,89878.0,10000,100.0,10122,89878
200000,2,179778.0,10000,100.0,20222,179778
400000,2,359537.0,10000,100.0,40463,359537
600000,2,539735.0,10000,100.0,60265,539735
800000,2,719684.0,10000,100.0,80316,719684
1000000,2,899798.0,10000,100.0,100202,899798
2,3,2.0,1,0.01,0,2
3,3,3.0,1,0.01,0,3
100,3,89.0,50,0.5,11,89
200,3,174.0,100,1.0,26,174
2000,3,1776.0,1000,10.0,224,1776
10000,3,8913.0,5000,50.0,1087,8913
20000,3,17831.0,10000,100.0,2169,17831
40000,3,35834.0,10000,100.0,4166,35834
60000,3,53878.0,10000,100.0,6122,53878
80000,3,71930.0,10000,100.0,8070,71930
100000,3,89922.0,10000,100.0,10078,89922
200000,3,179983.0,10000,100.0,20017,179983
400000,3,359982.0,10000,100.0,40018,359982
600000,3,539913.0,10000,100.0,60087,539913
800000,3,719858.0,10000,100.0,80142,719858
1000000,3,899794.0,10000,100.0,100206,899794
2,4,1.0,1,0.01,1,1
3,4,1.0,1,0.01,2,1
100,4,86.0,50,0.5,14,86
200,4,175.0,100,1.0,25,175
2000,4,1767.0,1000,10.0,233,1767
10000,4,8930.0,5000,50.0,1070,8930
20000,4,17890.0,10000,100.0,2110,17890
40000,4,35830.0,10000,100.0,4170,35830
60000,4,53907.0,10000,100.0,6093,53907
80000,4,71882.0,10000,100.0,8118,71882
100000,4,89886.0,10000,100.0,10114,89886
200000,4,180042.0,10000,100.0,19958,180042
400000,4,360172.0,10000,100.0,39828,360172
600000,4,540189.0,10000,100.0,59811,540189
800000,4,720302.0,10000,100.0,79698,720302
1000000,4,900409.0,10000,100.0,99591,900409
2,5,2.0,1,0.01,0,2
3,5,3.0,1,0.01,0,3
100,5,89.0,50,0.5,11,89
200,5,182.0,100,1.0,18,182
2000,5,1804.0,1000,10.0,196,1804
10000,5,8935.0,5000,50.0,1065,8935
20000,5,17886.0,10000,100.0,2114,17886
40000,5,35868.0,10000,100.0,4132,35868
60000,5,53896.0,10000,100.0,6104,53896
80000,5,71902.0,10000,100.0,8098,71902
100000,5,89878.0,10000,100.0,10122,89878
200000,5,179765.0,10000,100.0,20235,179765
400000,5,359719.0,10000,100.0,40281,359719
600000,5,539818.0,10000,100.0,60182,539818
800000,5,719859.0,10000,100.0,80141,719859
1000000,5,899768.0,10000,100.0,100232,899768
2,6,2.0,1,0.01,0,2
3,6,3.0,1,0.01,0,3
100,6,87.0,50,0.5,13,87
200,6,174.0,100,1.0,26,174
2000,6,1816.0,1000,10.0,184,1816
10000,6,9031.0,5000,50.0,969,9031
20000,6,18063.0,10000,100.0,1937,18063
40000,6,36112.0,10000,100.0,3888,36112
60000,6,54114.0,10000,100.0,5886,54114
80000,6,72089.0,10000,100.0,7911,72089
100000,6,90223.0,10000,100.0,9777,90223
200000,6,180194.0,10000,100.0,19806,180194
400000,6,360341.0,10000,100.0,39659,360341
600000,6,540509.0,10000,100.0,59491,540509
800000,6,720376.0,10000,100.0,79624,720376
1000000,6,900417.0,10000,100.0,99583,900417
2,7,2.0,1,0.01,0,2
3,7,3.0,1,0.01,0,3
100,7,93.0,50,0.5,7,93
200,7,179.0,100,1.0,21,179
2000,7,1755.0,1000,10.0,245,1755
10000,7,8880.0,5000,50.0,1120,8880
20000,7,17840.0,10000,100.0,2160,17840
40000,7,35824.0,10000,100.0,4176,35824
60000,7,53816.0,10000,100.0,6184,53816
80000,7,71829.0,10000,100.0,8171,71829
100000,7,89847.0,10000,100.0,10153,89847
200000,7,179629.0,10000,100.0,20371,179629
400000,7,359715.0,10000,100.0,40285,359715
600000,7,539663.0,10000,100.0,60337,539663
800000,7,719576.0,10000,100.0,80424,719576
1000000,7,899620.0,10000,100.0,100380,899620
2,8,2.0,1,0.01,0,2
3,8,3.0,1,0.01,0,3
100,8,86.0,50,0.5,14,86
200,8,177.0,100,1.0,23,177
2000,8,1799.0,1000,10.0,201,1799
10000,8,8890.0,5000,50.0,1110,8890
20000,8,17861.0,10000,100.0,2139,17861
40000,8,35894.0,10000,100.0,4106,35894
60000,8,53963.0,10000,100.0,6037,53963
80000,8,71917.0,10000,100.0,8083,71917
100000,8,89906.0,10000,100.0,10094,89906
200000,8,179870.0,10000,100.0,20130,179870
400000,8,359936.0,10000,100.0,40064,359936
600000,8,540095.0,10000,100.0,59905,540095
800000,8,720119.0,10000,100.0,79881,720119
1000000,8,900128.0,10000,100.0,99872,900128
2,9,2.0,1,0.01,0,2
3,9,3.0,1,0.01,0,3
100,9,88.0,50,0.5,12,88
200,9,178.0,100,1.0,22,178
2000,9,1815.0,1000,10.0,185,1815
10000,9,8997.0,5000,50.0,1003,8997
20000,9,17929.0,10000,100.0,2071,17929
40000,9,35887.0,10000,100.0,4113,35887
60000,9,53977.0,10000,100.0,6023,53977
80000,9,71937.0,10000,100.0,8063,71937
100000,9,89881.0,10000,100.0,10119,89881
200000,9,179851.0,10000,100.0,20149,179851
400000,9,359864.0,10000,100.0,40136,359864
600000,9,539819.0,10000,100.0,60181,539819
800000,9,719746.0,10000,100.0,80254,719746
1000000,9,899658.0,10000,100.0,100342,899658
2,10,2.0,1,0.01,0,2
3,10,3.0,1,0.01,0,3
100,10,88.0,50,0.5,12,88
200,10,181.0,100,1.0,19,181
2000,10,1799.0,1000,10.0,201,1799
10000,10,8884.0,5000,50.0,1116,8884
20000,10,17868.0,10000,100.0,2132,17868
40000,10,35867.0,10000,100.0,4133,35867
60000,10,53835.0,10000,100.0,6165,53835
80000,10,71828.0,10000,100.0,8172,71828
100000,10,89848.0,10000,100.0,10152,89848
200000,10,179918.0,10000,100.0,20082,179918
400000,10,359821.0,10000,100.0,40179,359821
600000,10,539834.0,10000,100.0,60166,539834
800000,10,719909.0,10000,100.0,80091,719909
1000000,10,899829.0,10000,100.0,100171,899829
2,11,2.0,1,0.01,0,2
3,11,3.0,1,0.01,0,3
100,11,88.0,50,0.5,12,88
200,11,179.0,100,1.0,21,179
2000,11,1791.0,1000,10.0,209,1791
10000,11,8976.0,5000,50.0,1024,8976
20000,11,17975.0,10000,100.0,2025,17975
40000,11,35905.0,10000,100.0,4095,35905
60000,11,53879.0,10000,100.0,6121,53879
80000,11,71736.0,10000,100.0,8264,71736
100000,11,89722.0,10000,100.0,10278,89722
200000,11,179731.0,10000,100.0,20269,179731
400000,11,359781.0,10000,100.0,40219,359781
600000,11,539524.0,10000,100.0,60476,539524
800000,11,719602.0,10000,100.0,80398,719602
1000000,11,899412.0,10000,100.0,100588,899412
2,12,1.0,1,0.01,1,1
3,12,2.0,1,0.01,1,2
100,12,89.0,50,0.5,11,89
200,12,180.0,100,1.0,20,180
2000,12,1790.0,1000,10.0,210,1790
10000,12,8930.0,5000,50.0,1070,8930
20000,12,17891.0,10000,100.0,2109,17891
40000,12,35988.0,10000,100.0,4012,35988
60000,12,53988.0,10000,100.0,6012,53988
80000,12,72053.0,10000,100.0,7947,72053
100000,12,90099.0,10000,100.0,9901,90099
200000,12,180089.0,10000,100.0,19911,180089
400000,12,360178.0,10000,100.0,39822,360178
600000,12,540216.0,10000,100.0,59784,540216
800000,12,720191.0,10000,100.0,79809,720191
1000000,12,900239.0,10000,100.0,99761,900239
2,13,2.0,1,0.01,0,2
3,13,3.0,1,0.01,0,3
100,13,88.0,50,0.5,12,88
200,13,180.0,100,1.0,20,180
2000,13,1806.0,1000,10.0,194,1806
10000,13,8945.0,5000,50.0,1055,8945
20000,13,17860.0,10000,100.0,2140,17860
40000,13,35849.0,10000,100.0,4151,35849
60000,13,53817.0,10000,100.0,6183,53817
80000,13,71815.0,10000,100.0,8185,71815
100000,13,89850.0,10000,100.0,10150,89850
200000,13,179839.0,10000,100.0,20161,179839
400000,13,360012.0,10000,100.0,39988,360012
600000,13,540078.0,10000,100.0,59922,540078
800000,13,719893.0,10000,100.0,80107,719893
1000000,13,900368.0,10000,100.0,99632,900368
2,14,2.0,1,0.01,0,2
3,14,3.0,1,0.01,0,3
100,14,93.0,50,0.5,7,93
200,14,182.0,100,1.0,18,182
2000,14,1795.0,1000,10.0,205,1795
10000,14,8923.0,5000,50.0,1077,8923
20000,14,17854.0,10000,100.0,2146,17854
40000,14,35891.0,10000,100.0,4109,35891
60000,14,53911.0,10000,100.0,6089,53911
80000,14,71864.0,10000,100.0,8136,71864
100000,14,89902.0,10000,100.0,10098,89902
200000,14,179982.0,10000,100.0,20018,179982
400000,14,359685.0,10000,100.0,40315,359685
600000,14,539812.0,10000,100.0,60188,539812
800000,14,720079.0,10000,100.0,79921,720079
1000000,14,900383.0,10000,100.0,99617,900383
2,15,2.0,1,0.01,0,2
3,15,3.0,1,0.01,0,3
100,15,93.0,50,0.5,7,93
200,15,185.0,100,1.0,15,185
2000,15,1791.0,1000,10.0,209,1791
10000,15,8953.0,5000,50.0,1047,8953
20000,15,17843.0,10000,100.0,2157,17843
40000,15,35874.0,10000,100.0,4126,35874
60000,15,53926.0,10000,100.0,6074,53926
80000,15,71995.0,10000,100.0,8005,71995
100000,15,90024.0,10000,100.0,9976,90024
200000,15,179996.0,10000,100.0,20004,179996
400000,15,360149.0,10000,100.0,39851,360149
600000,15,540166.0,10000,100.0,59834,540166
800000,15,720120.0,10000,100.0,79880,720120
1000000,15,900067.0,10000,100.0,99933,900067
2,16,2.0,1,0.01,0,2
3,16,3.0,1,0.01,0,3
100,16,94.0,50,0.5,6,94
200,16,185.0,100,1.0,15,185
2000,16,1820.0,1000,10.0,180,1820
10000,16,9026.0,5000,50.0,974,9026
20000,16,18008.0,10000,100.0,1992,18008
40000,16,36039.0,10000,100.0,3961,36039
60000,16,54079.0,10000,100.0,5921,54079
80000,16,72056.0,10000,100.0,7944,72056
100000,16,90075.0,10000,100.0,9925,90075
200000,16,179887.0,10000,100.0,20113,179887
400000,16,359828.0,10000,100.0,40172,359828
600000,16,539806.0,10000,100.0,60194,539806
800000,16,719708.0,10000,100.0,80292,719708
1000000,16,899682.0,10000,100.0,100318,899682
2,17,2.0,1,0.01,0,2
3,17,3.0,1,0.01,0,3
100,17,89.0,50,0.5,11,89
200,17,178.0,100,1.0,22,178
2000,17,1797.0,1000,10.0,203,1797
10000,17,9014.0,5000,50.0,986,9014
20000,17,17994.0,10000,100.0,2006,17994
40000,17,35955.0,10227,102.27,4045,35955
60000,17,53897.0,10553,105.53,6103,53897
80000,17,71816.0,11677,116.77,8184,71816
100000,17,89739.0,11677,116.77,10261,89739
200000,17,179868.0,11677,116.77,20132,179868
400000,17,359861.0,11677,116.77,40139,359861
600000,17,539960.0,11677,116.77,60040,539960
800000,17,720061.0,11677,116.77,79939,720061
1000000,17,900047.0,11677,116.77,99953,900047
2,18,2.0,1,0.01,0,2
3,18,3.0,1,0.01,0,3
100,18,89.0,50,0.5,11,89
200,18,179.0,100,1.0,21,179
2000,18,1775.0,1000,10.0,225,1775
10000,18,8949.0,5000,50.0,1051,8949
20000,18,17854.0,10000,100.0,2146,17854
40000,18,35697.0,21694,216.94,4303,35697
60000,18,53743.0,21694,216.94,6257,53743
80000,18,71734.0,21694,216.94,8266,71734
100000,18,89636.0,21694,216.94,10364,89636
200000,18,179771.0,21694,216.94,20229,179771
400000,18,359959.0,21694,216.94,40041,359959
600000,18,539965.0,21694,216.94,60035,539965
800000,18,719833.0,21694,216.94,80167,719833
1000000,18,899947.0,21694,216.94,100053,899947
2,19,2.0,1,0.01,0,2
3,19,3.0,1,0.01,0,3
100,19,90.0,50,0.5,10,90
200,19,178.0,100,1.0,22,178
2000,19,1794.0,1000,10.0,206,1794
10000,19,8940.0,5000,50.0,1060,8940
20000,19,17930.0,10000,100.0,2070,17930
40000,19,35981.0,10000,100.0,4019,35981
60000,19,53973.0,10000,100.0,6027,53973
80000,19,72028.0,10000,100.0,7972,72028
100000,19,90049.0,10000,100.0,9951,90049
200000,19,180154.0,10000,100.0,19846,180154
400000,19,360332.0,10000,100.0,39668,360332
600000,19,540189.0,10000,100.0,59811,540189
800000,19,719970.0,10000,100.0,80030,719970
1000000,19,899700.0,10000,100.0,100300,899700
2,20,0.0,1,0.01,2,0
3,20,1.0,1,0.01,2,1
100,20,85.0,50,0.5,15,85
200,20,168.0,100,1.0,32,168
2000,20,1800.0,1000,10.0,200,1800
10000,20,8898.0,5000,50.0,1102,8898
20000,20,17821.0,10000,100.0,2179,17821
40000,20,35783.0,10000,100.0,4217,35783
60000,20,53693.0,10000,100.0,6307,53693
80000,20,71711.0,10000,100.0,8289,71711
100000,20,89655.0,10000,100.0,10345,89655
200000,20,179674.0,10000,100.0,20326,179674
400000,20,359600.0,10000,100.0,40400,359600
600000,20,539637.0,10000,100.0,60363,539637
800000,20,719574.0,10000,100.0,80426,719574
1000000,20,899513.0,10000,100.0,100487,899513
2,21,2.0,1,0.01,0,2
3,21,3.0,1,0.01,0,3
100,21,94.0,50,0.5,6,94
200,21,186.0,100,1.0,14,186
2000,21,1804.0,1000,10.0,196,1804
10000,21,8929.0,5000,50.0,1071,8929
20000,21,17860.0,10000,100.0,2140,17860
40000,21,35864.0,10000,100.0,4136,35864
60000,21,53889.0,10000,100.0,6111,53889
80000,21,71866.0,10000,100.0,8134,71866
100000,21,89827.0,10000,100.0,10173,89827
200000,21,179885.0,10000,100.0,20115,179885
400000,21,359877.0,10000,100.0,40123,359877
600000,21,539729.0,10000,100.0,60271,539729
800000,21,719729.0,10000,100.0,80271,719729
1000000,21,899791.0,10000,100.0,100209,899791
2,22,2.0,1,0.01,0,2
3,22,3.0,1,0.01,0,3
100,22,91.0,50,0.5,9,91
200,22,181.0,100,1.0,19,181
2000,22,1817.0,1000,10.0,183,1817
10000,22,8982.0,5000,50.0,1018,8982
20000,22,17934.0,10000,100.0,2066,17934
40000,22,35931.0,10000,100.0,4069,35931
60000,22,53941.0,10000,100.0,6059,53941
80000,22,71954.0,10000,100.0,8046,71954
100000,22,90017.0,10000,100.0,9983,90017
200000,22,179926.0,10000,100.0,20074,179926
400000,22,360113.0,10000,100.0,39887,360113
600000,22,540180.0,10000,100.0,59820,540180
800000,22,720163.0,10000,100.0,79837,720163
1000000,22,900111.0,10000,100.0,99889,900111
2,23,1.0,1,0.01,1,1
3,23,2.0,1,0.01,1,2
100,23,94.0,50,0.5,6,94
200,23,181.0,100,1.0,19,181
2000,23,1807.0,1000,10.0,193,1807
10000,23,8927.0,5000,50.0,1073,8927
20000,23,17898.0,10000,100.0,2102,17898
40000,23,35910.0,10000,100.0,4090,35910
60000,23,53809.0,10000,100.0,6191,53809
80000,23,71867.0,10000,100.0,8133,71867
100000,23,89879.0,10000,100.0,10121,89879
200000,23,179809.0,10000,100.0,20191,179809
400000,23,359842.0,10000,100.0,40158,359842
600000,23,539571.0,10000,100.0,60429,539571
800000,23,719449.0,10000,100.0,80551,719449
1000000,23,899528.0,10000,100.0,100472,899528
2,24,2.0,1,0.01,0,2
3,24,3.0,1,0.01,0,3
100,24,95.0,50,0.5,5,95
200,24,189.0,100,1.0,11,189
2000,24,1785.0,1000,10.0,215,1785
10000,24,8932.0,5000,50.0,1068,8932
20000,24,17907.0,10000,100.0,2093,17907
40000,24,35935.0,10000,100.0,4065,35935
60000,24,53969.0,10000,100.0,6031,53969
80000,24,71919.0,10000,100.0,8081,71919
100000,24,90047.0,10000,100.0,9953,90047
200000,24,179997.0,10000,100.0,20003,179997
400000,24,360120.0,10000,100.0,39880,360120
600000,24,540200.0,10000,100.0,59800,540200
800000,24,719949.0,10000,100.0,80051,719949
1000000,24,900037.0,10000,100.0,99963,900037
2,25,2.0,1,0.01,0,2
3,25,3.0,1,0.01,0,3
100,25,93.0,50,0.5,7,93
200,25,186.0,100,1.0,14,186
2000,25,1795.0,1000,10.0,205,1795
10000,25,8971.0,5000,50.0,1029,8971
20000,25,17926.0,10000,100.0,2074,17926
40000,25,35939.0,10000,100.0,4061,35939
60000,25,54005.0,10000,100.0,5995,54005
80000,25,72029.0,10000,100.0,7971,72029
100000,25,90041.0,10000,100.0,9959,90041
200000,25,179974.0,10000,100.0,20026,179974
400000,25,360293.0,10000,100.0,39707,360293
600000,25,540158.0,10000,100.0,59842,540158
800000,25,720115.0,10000,100.0,79885,720115
1000000,25,899847.0,10000,100.0,100153,899847
2,26,2.0,1,0.01,0,2
3,26,3.0,1,0.01,0,3
100,26,87.0,50,0.5,13,87
200,26,175.0,100,1.0,25,175
2000,26,1807.0,1000,10.0,193,1807
10000,26,9004.0,5000,50.0,996,9004
20000,26,17966.0,10000,100.0,2034,17966
40000,26,35970.0,10000,100.0,4030,35970
60000,26,53957.0,10000,100.0,6043,53957
80000,26,72008.0,10000,100.0,7992,72008
100000,26,90049.0,10000,100.0,9951,90049
200000,26,180078.0,10000,100.0,19922,180078
400000,26,360178.0,10000,100.0,39822,360178
600000,26,540010.0,10000,100.0,59990,540010
800000,26,720082.0,10000,100.0,79918,720082
1000000,26,900010.0,10000,100.0,99990,900010
2,27,2.0,1,0.01,0,2
3,27,3.0,1,0.01,0,3
100,27,84.0,50,0.5,16,84
200,27,174.0,100,1.0,26,174
2000,27,1764.0,1000,10.0,236,1764
10000,27,8968.0,5000,50.0,1032,8968
20000,27,17968.0,10000,100.0,2032,17968
40000,27,36023.0,10000,100.0,3977,36023
60000,27,54060.0,10000,100.0,5940,54060
80000,27,71981.0,10000,100.0,8019,71981
100000,27,90012.0,10000,100.0,9988,90012
200000,27,179974.0,10000,100.0,20026,179974
400000,27,359696.0,10000,100.0,40304,359696
600000,27,539689.0,10000,100.0,60311,539689
800000,27,719640.0,10000,100.0,80360,719640
1000000,27,899784.0,10000,100.0,100216,899784
2,28,2.0,1,0.01,0,2
3,28,3.0,1,0.01,0,3
100,28,89.0,50,0.5,11,89
200,28,167.0,100,1.0,33,167
2000,28,1790.0,1000,10.0,210,1790
10000,28,9000.0,5000,50.0,1000,9000
20000,28,17931.0,10000,100.0,2069,17931
40000,28,35939.0,10000,100.0,4061,35939
60000,28,53975.0,10000,100.0,6025,53975
80000,28,71984.0,10000,100.0,8016,71984
100000,28,89960.0,10000,100.0,10040,89960
200000,28,180215.0,10000,100.0,19785,180215
400000,28,360182.0,10000,100.0,39818,360182
600000,28,540195.0,10000,100.0,59805,540195
800000,28,720501.0,10000,100.0,79499,720501
1000000,28,900459.0,10000,100.0,99541,900459
2,29,2.0,1,0.01,0,2
3,29,2.0,1,0.01,1,2
100,29,94.0,50,0.5,6,94
200,29,183.0,100,1.0,17,183
2000,29,1813.0,1000,10.0,187,1813
10000,29,8949.0,5000,50.0,1051,8949
20000,29,17950.0,10000,100.0,2050,17950
40000,29,35900.0,10000,100.0,4100,35900
60000,29,53944.0,10000,100.0,6056,53944
80000,29,71888.0,10000,100.0,8112,71888
100000,29,89835.0,10000,100.0,10165,89835
200000,29,179714.0,10000,100.0,20286,179714
400000,29,359847.0,10000,100.0,40153,359847
600000,29,539719.0,10000,100.0,60281,539719
800000,29,719506.0,10000,100.0,80494,719506
1000000,29,899773.0,10000,100.0,100227,899773
2,30,2.0,1,0.01,0,2
3,30,3.0,1,0.01,0,3
100,30,94.0,50,0.5,6,94
200,30,185.0,100,1.0,15,185
2000,30,1801.0,1000,10.0,199,1801
10000,30,8985.0,5000,50.0,1015,8985
20000,30,17930.0,10000,100.0,2070,17930
40000,30,35937.0,10000,100.0,4063,35937
60000,30,53972.0,10000,100.0,6028,53972
80000,30,72014.0,10000,100.0,7986,72014
100000,30,89992.0,10000,100.0,10008,89992
200000,30,179857.0,10000,100.0,20143,179857
400000,30,359678.0,10000,100.0,40322,359678
600000,30,539726.0,10000,100.0,60274,539726
800000,30,719470.0,10000,100.0,80530,719470
1000000,30,899286.0,10000,100.0,100714,899286
2,31,2.0,1,0.01,0,2
3,31,3.0,1,0.01,0,3
100,31,84.0,50,0.5,16,84
200,31,172.0,100,1.0,28,172
2000,31,1772.0,1000,10.0,228,1772
10000,31,8931.0,5000,50.0,1069,8931
20000,31,17841.0,10000,100.0,2159,17841
40000,31,35915.0,10000,100.0,4085,35915
60000,31,53834.0,10000,100.0,6166,53834
80000,31,71828.0,10000,100.0,8172,71828
100000,31,89848.0,10000,100.0,10152,89848
200000,31,179985.0,10000,100.0,20015,179985
400000,31,359990.0,10000,100.0,40010,359990
600000,31,540088.0,10000,100.0,59912,540088
800000,31,719826.0,10000,100.0,80174,719826
1000000,31,899890.0,10000,100.0,100110,899890
2,32,1.0,1,0.01,1,1
3,32,2.0,1,0.01,1,2
100,32,92.0,50,0.5,8,92
200,32,179.0,100,1.0,21,179
2000,32,1787.0,1000,10.0,213,1787
10000,32,8921.0,5000,50.0,1079,8921
20000,32,17869.0,10000,100.0,2131,17869
40000,32,35843.0,10000,100.0,4157,35843
60000,32,53951.0,10000,100.0,6049,53951
80000,32,71982.0,10000,100.0,8018,71982
100000,32,89968.0,10000,100.0,10032,89968
200000,32,179902.0,10000,100.0,20098,179902
400000,32,359922.0,10000,100.0,40078,359922
600000,32,539923.0,10000,100.0,60077,539923
800000,32,719588.0,10000,100.0,80412,719588
1000000,32,899762.0,10000,100.0,100238,899762
2,33,2.0,1,0.01,0,2
3,33,3.0,1,0.01,0,3
100,33,92.0,50,0.5,8,92
200,33,181.0,100,1.0,19,181
2000,33,1784.0,1000,10.0,216,1784
10000,33,8963.0,5000,50.0,1037,8963
20000,33,17949.0,10000,100.0,2051,17949
40000,33,35922.0,10000,100.0,4078,35922
60000,33,53959.0,10000,100.0,6041,53959
80000,33,72009.0,10000,100.0,7991,72009
100000,33,90064.0,10000,100.0,9936,90064
200000,33,180042.0,10000,100.0,19958,180042
400000,33,360297.0,10000,100.0,39703,360297
600000,33,540003.0,10000,100.0,59997,540003
800000,33,720015.0,10000,100.0,79985,720015
1000000,33,900118.0,10000,100.0,99882,900118
2,34,2.0,1,0.01,0,2
3,34,3.0,1,0.01,0,3
100,34,89.0,50,0.5,11,89
200,34,184.0,100,1.0,16,184
2000,34,1811.0,1000,10.0,189,1811
10000,34,8974.0,5000,50.0,1026,8974
20000,34,17942.0,10000,100.0,2058,17942
40000,34,35972.0,10000,100.0,4028,35972
60000,34,53933.0,10000,100.0,6067,53933
80000,34,71954.0,10000,100.0,8046,71954
100000,34,89929.0,10000,100.0,10071,89929
200000,34,179831.0,10000,100.0,20169,179831
400000,34,359925.0,10000,100.0,40075,359925
600000,34,539813.0,10000,100.0,60187,539813
800000,34,719733.0,10000,100.0,80267,719733
1000000,34,899699.0,10000,100.0,100301,899699
2,35,2.0,1,0.01,0,2
3,35,3.0,1,0.01,0,3
100,35,86.0,50,0.5,14,86
200,35,171.0,100,1.0,29,171
2000,35,1797.0,1000,10.0,203,1797
10000,35,8952.0,5000,50.0,1048,8952
20000,35,17886.0,10000,100.0,2114,17886
40000,35,35854.0,10000,100.0,4146,35854
60000,35,53793.0,10000,100.0,6207,53793
80000,35,71815.0,10000,100.0,8185,71815
100000,35,89807.0,10000,100.0,10193,89807
200000,35,179770.0,10000,100.0,20230,179770
400000,35,359643.0,10000,100.0,40357,359643
600000,35,539686.0,10000,100.0,60314,539686
800000,35,719771.0,10000,100.0,80229,719771
1000000,35,899963.0,10000,100.0,100037,899963
2,36,1.0,1,0.01,1,1
3,36,2.0,1,0.01,1,2
100,36,89.0,50,0.5,11,89
200,36,181.0,100,1.0,19,181
2000,36,1782.0,1000,10.0,218,1782
10000,36,8974.0,5000,50.0,1026,8974
20000,36,17986.0,10000,100.0,2014,17986
40000,36,35994.0,10000,100.0,4006,35994
60000,36,54041.0,10000,100.0,5959,54041
80000,36,72054.0,10000,100.0,7946,72054
100000,36,90102.0,10000,100.0,9898,90102
200000,36,180076.0,10000,100.0,19924,180076
400000,36,360119.0,10000,100.0,39881,360119
600000,36,540087.0,10000,100.0,59913,540087
800000,36,720181.0,10000,100.0,79819,720181
1000000,36,900336.0,10000,100.0,99664,900336
2,37,2.0,1,0.01,0,2
3,37,3.0,1,0.01,0,3
100,37,94.0,50,0.5,6,94
200,37,186.0,100,1.0,14,186
2000,37,1795.0,1000,10.0,205,1795
10000,37,9002.0,5000,50.0,998,9002
20000,37,17868.0,10000,100.0,2132,17868
40000,37,35923.0,10000,100.0,4077,35923
60000,37,53903.0,10000,100.0,6097,53903
80000,37,71924.0,10000,100.0,8076,71924
100000,37,89924.0,10000,100.0,10076,89924
200000,37,180005.0,10000,100.0,19995,180005
400000,37,359738.0,10000,100.0,40262,359738
600000,37,539934.0,10000,100.0,60066,539934
800000,37,719963.0,10000,100.0,80037,719963
1000000,37,899773.0,10000,100.0,100227,899773
2,38,2.0,1,0.01,0,2
3,38,3.0,1,0.01,0,3
100,38,90.0,50,0.5,10,90
200,38,184.0,100,1.0,16,184
2000,38,1776.0,1000,10.0,224,1776
10000,38,8950.0,5000,50.0,1050,8950
20000,38,17933.0,10000,100.0,2067,17933
40000,38,35910.0,10000,100.0,4090,35910
60000,38,53922.0,10000,100.0,6078,53922
80000,38,71931.0,10000,100.0,8069,71931
100000,38,89998.0,10000,100.0,10002,89998
200000,38,179976.0,10000,100.0,20024,179976
400000,38,359939.0,10000,100.0,40061,359939
600000,38,539909.0,10000,100.0,60091,539909
800000,38,719724.0,10000,100.0,80276,719724
1000000,38,899761.0,10000,100.0,100239,899761
2,39,2.0,1,0.01,0,2
3,39,2.0,1,0.01,1,2
100,39,91.0,50,0.5,9,91
200,39,184.0,100,1.0,16,184
2000,39,1772.0,1000,10.0,228,1772
10000,39,8930.0,5000,50.0,1070,8930
20000,39,17895.0,10000,100.0,2105,17895
40000,39,35864.0,10000,100.0,4136,35864
60000,39,53778.0,10000,100.0,6222,53778
80000,39,71781.0,10000,100.0,8219,71781
100000,39,89759.0,10000,100.0,10241,89759
200000,39,179702.0,10000,100.0,20298,179702
400000,39,359679.0,10000,100.0,40321,359679
600000,39,539618.0,10000,100.0,60382,539618
800000,39,719573.0,10000,100.0,80427,719573
1000000,39,899750.0,10000,100.0,100250,899750
2,40,2.0,1,0.01,0,2
3,40,3.0,1,0.01,0,3
100,40,96.0,50,0.5,4,96
200,40,183.0,100,1.0,17,183
2000,40,1782.0,1000,10.0,218,1782
10000,40,8981.0,5000,50.0,1019,8981
20000,40,17912.0,10000,100.0,2088,17912
40000,40,35904.0,10000,100.0,4096,35904
60000,40,53904.0,10000,100.0,6096,53904
80000,40,71884.0,10000,100.0,8116,71884
100000,40,89754.0,10000,100.0,10246,89754
200000,40,179661.0,10000,100.0,20339,179661
400000,40,359817.0,10000,100.0,40183,359817
600000,40,539696.0,10000,100.0,60304,539696
800000,40,719925.0,10000,100.0,80075,719925
1000000,40,899998.0,10000,100.0,100002,899998
2,41,2.0,1,0.01,0,2
3,41,3.0,1,0.01,0,3
100,41,90.0,50,0.5,10,90
200,41,181.0,100,1.0,19,181
2000,41,1779.0,1000,10.0,221,1779
10000,41,8959.0,5000,50.0,1041,8959
20000,41,17912.0,10000,100.0,2088,17912
40000,41,35939.0,10000,100.0,4061,35939
60000,41,53865.0,10000,100.0,6135,53865
80000,41,71840.0,10000,100.0,8160,71840
100000,41,89830.0,10000,100.0,10170,89830
200000,41,179626.0,10000,100.0,20374,179626
400000,41,359836.0,10000,100.0,40164,359836
600000,41,539886.0,10000,100.0,60114,539886
800000,41,719959.0,10000,100.0,80041,719959
1000000,41,900161.0,10000,100.0,99839,900161
2,42,1.0,1,0.01,1,1
3,42,2.0,1,0.01,1,2
100,42,88.0,50,0.5,12,88
200,42,174.0,100,1.0,26,174
2000,42,1787.0,1000,10.0,213,1787
10000,42,8964.0,5000,50.0,1036,8964
20000,42,17921.0,10000,100.0,2079,17921
40000,42,35909.0,10000,100.0,4091,35909
60000,42,53863.0,10000,100.0,6137,53863
80000,42,71846.0,10000,100.0,8154,71846
100000,42,89828.0,10000,100.0,10172,89828
200000,42,180013.0,10000,100.0,19987,180013
400000,42,360008.0,10000,100.0,39992,360008
600000,42,540125.0,10000,100.0,59875,540125
800000,42,719546.0,10000,100.0,80454,719546
1000000,42,899466.0,10000,100.0,100534,899466
2,43,2.0,1,0.01,0,2
3,43,2.0,1,0.01,1,2
100,43,93.0,50,0.5,7,93
200,43,184.0,100,1.0,16,184
2000,43,1790.0,1000,10.0,210,1790
10000,43,8954.0,5000,50.0,1046,8954
20000,43,17877.0,10000,100.0,2123,17877
40000,43,35766.0,10000,100.0,4234,35766
60000,43,53715.0,10000,100.0,6285,53715
80000,43,71692.0,10000,100.0,8308,71692
100000,43,89682.0,10000,100.0,10318,89682
200000,43,179644.0,10000,100.0,20356,179644
400000,43,359815.0,10000,100.0,40185,359815
600000,43,539912.0,10000,100.0,60088,539912
800000,43,719945.0,10000,100.0,80055,719945
1000000,43,900172.0,10000,100.0,99828,900172
2,44,1.0,1,0.01,1,1
3,44,2.0,1,0.01,1,2
100,44,89.0,50,0.5,11,89
200,44,171.0,100,1.0,29,171
2000,44,1792.0,1000,10.0,208,1792
10000,44,8968.0,5000,50.0,1032,8968
20000,44,17952.0,10000,100.0,2048,17952
40000,44,35959.0,10000,100.0,4041,35959
60000,44,53983.0,10000,100.0,6017,53983
80000,44,71975.0,10000,100.0,8025,71975
100000,44,89996.0,10000,100.0,10004,89996
200000,44,179997.0,10000,100.0,20003,179997
400000,44,359950.0,10000,100.0,40050,359950
600000,44,539963.0,10000,100.0,60037,539963
800000,44,720048.0,10000,100.0,79952,720048
1000000,44,900262.0,10000,100.0,99738,900262
2,45,2.0,1,0.01,0,2
3,45,3.0,1,0.01,0,3
100,45,87.0,50,0.5,13,87
200,45,176.0,100,1.0,24,176
2000,45,1780.0,1000,10.0,220,1780
10000,45,8927.0,5000,50.0,1073,8927
20000,45,17896.0,10000,100.0,2104,17896
40000,45,35920.0,10000,100.0,4080,35920
60000,45,53843.0,10000,100.0,6157,53843
80000,45,71911.0,10000,100.0,8089,71911
100000,45,89933.0,10000,100.0,10067,89933
200000,45,179877.0,10000,100.0,20123,179877
400000,45,359566.0,10000,100.0,40434,359566
600000,45,539698.0,10000,100.0,60302,539698
800000,45,719735.0,10000,100.0,80265,719735
1000000,45,899934.0,10000,100.0,100066,899934
2,46,2.0,1,0.01,0,2
3,46,3.0,1,0.01,0,3
100,46,87.0,50,0.5,13,87
200,46,175.0,100,1.0,25,175
2000,46,1749.0,1000,10.0,251,1749
10000,46,8913.0,5000,50.0,1087,8913
20000,46,17807.0,10000,100.0,2193,17807
40000,46,35818.0,10000,100.0,4182,35818
60000,46,53879.0,10000,100.0,6121,53879
80000,46,71877.0,10000,100.0,8123,71877
100000,46,89855.0,10000,100.0,10145,89855
200000,46,179797.0,10000,100.0,20203,179797
400000,46,359802.0,10000,100.0,40198,359802
600000,46,539729.0,10000,100.0,60271,539729
800000,46,719795.0,10000,100.0,80205,719795
1000000,46,899833.0,10000,100.0,100167,899833
2,47,2.0,1,0.01,0,2
3,47,3.0,1,0.01,0,3
100,47,90.0,50,0.5,10,90
200,47,176.0,100,1.0,24,176
2000,47,1795.0,1000,10.0,205,1795
10000,47,8921.0,5000,50.0,1079,8921
20000,47,17884.0,10000,100.0,2116,17884
40000,47,35914.0,10000,100.0,4086,35914
60000,47,53936.0,10000,100.0,6064,53936
80000,47,71938.0,10000,100.0,8062,71938
100000,47,89977.0,10000,100.0,10023,89977
200000,47,179823.0,10000,100.0,20177,179823
400000,47,359780.0,10000,100.0,40220,359780
600000,47,539943.0,10000,100.0,60057,539943
800000,47,719755.0,10000,100.0,80245,719755
1000000,47,899672.0,10000,100.0,100328,899672
2,48,2.0,1,0.01,0,2
3,48,3.0,1,0.01,0,3
100,48,92.0,50,0.5,8,92
200,48,185.0,100,1.0,15,185
2000,48,1813.0,1000,10.0,187,1813
10000,48,8939.0,5000,50.0,1061,8939
20000,48,17888.0,10000,100.0,2112,17888
40000,48,35802.0,10000,100.0,4198,35802
60000,48,53744.0,10000,100.0,6256,53744
80000,48,71708.0,10000,100.0,8292,71708
100000,48,89734.0,10000,100.0,10266,89734
200000,48,179593.0,10000,100.0,20407,179593
400000,48,359760.0,10000,100.0,40240,359760
600000,48,539554.0,10000,100.0,60446,539554
800000,48,719422.0,10000,100.0,80578,719422
1000000,48,899615.0,10000,100.0,100385,899615
2,49,2.0,1,0.01,0,2
3,49,3.0,1,0.01,0,3
100,49,92.0,50,0.5,8,92
200,49,183.0,100,1.0,17,183
2000,49,1830.0,1000,10.0,170,1830
10000,49,8973.0,5000,50.0,1027,8973
20000,49,17882.0,10000,100.0,2118,17882
40000,49,35906.0,10000,100.0,4094,35906
60000,49,53904.0,10000,100.0,6096,53904
80000,49,71931.0,10000,100.0,8069,71931
100000,49,89943.0,10000,100.0,10057,89943
200000,49,179862.0,10000,100.0,20138,179862
400000,49,360197.0,10000,100.0,39803,360197
600000,49,540055.0,10000,100.0,59945,540055
800000,49,720208.0,10000,100.0,79792,720208
1000000,49,900403.0,10000,100.0,99597,900403
2,50,2.0,1,0.01,0,2
3,50,2.0,1,0.01,1,2
100,50,85.0,50,0.5,15,85
200,50,171.0,100,1.0,29,171
2000,50,1763.0,1000,10.0,237,1763
10000,50,8925.0,5000,50.0,1075,8925
20000,50,17919.0,10000,100.0,2081,17919
40000,50,35914.0,10000,100.0,4086,35914
60000,50,53933.0,10000,100.0,6067,53933
80000,50,71902.0,10000,100.0,8098,71902
100000,50,89906.0,10000,100.0,10094,89906
200000,50,179681.0,10000,100.0,20319,179681
400000,50,359855.0,10000,100.0,40145,359855
600000,50,539744.0,10000,100.0,60256,539744
800000,50,719415.0,10000,100.0,80585,719415
1000000,50,899131.0,10000,100.0,100869,899131
2,51,2.0,1,0.01,0,2
3,51,3.0,1,0.01,0,3
100,51,85.0,50,0.5,15,85
200,51,176.0,100,1.0,24,176
2000,51,1786.0,1000,10.0,214,1786
10000,51,8924.0,5000,50.0,1076,8924
20000,51,17807.0,10000,100.0,2193,17807
40000,51,35817.0,10000,100.0,4183,35817
60000,51,53777.0,10000,100.0,6223,53777
80000,51,71738.0,10000,100.0,8262,71738
100000,51,89759.0,10000,100.0,10241,89759
200000,51,179626.0,10000,100.0,20374,179626
400000,51,359663.0,10000,100.0,40337,359663
600000,51,539503.0,10000,100.0,60497,539503
800000,51,719521.0,10000,100.0,80479,719521
1000000,51,899436.0,10000,100.0,100564,899436
2,52,2.0,1,0.01,0,2
3,52,3.0,1,0.01,0,3
100,52,91.0,50,0.5,9,91
200,52,181.0,100,1.0,19,181
2000,52,1795.0,1000,10.0,205,1795
10000,52,8928.0,5000,50.0,1072,8928
20000,52,17888.0,10000,100.0,2112,17888
40000,52,35900.0,10000,100.0,4100,35900
60000,52,53961.0,10000,100.0,6039,53961
80000,52,71987.0,10000,100.0,8013,71987
100000,52,89928.0,10000,100.0,10072,89928
200000,52,179967.0,10000,100.0,20033,179967
400000,52,359853.0,10000,100.0,40147,359853
600000,52,539950.0,10000,100.0,60050,539950
800000,52,720265.0,10000,100.0,79735,720265
1000000,52,900560.0,10000,100.0,99440,900560
2,53,2.0,1,0.01,0,2
3,53,3.0,1,0.01,0,3
100,53,91.0,50,0.5,9,91
200,53,168.0,100,1.0,32,168
2000,53,1754.0,1000,10.0,246,1754
10000,53,8899.0,5000,50.0,1101,8899
20000,53,17774.0,10000,100.0,2226,17774
40000,53,35706.0,10000,100.0,4294,35706
60000,53,53676.0,10000,100.0,6324,53676
80000,53,71592.0,10000,100.0,8408,71592
100000,53,89517.0,10000,100.0,10483,89517
200000,53,179598.0,10000,100.0,20402,179598
400000,53,359530.0,10000,100.0,40470,359530
600000,53,539340.0,10000,100.0,60660,539340
800000,53,719197.0,10000,100.0,80803,719197
1000000,53,899276.0,10000,100.0,100724,899276
2,54,2.0,1,0.01,0,2
3,54,3.0,1,0.01,0,3
100,54,88.0,50,0.5,12,88
200,54,180.0,100,1.0,20,180
2000,54,1783.0,1000,10.0,217,1783
10000,54,8967.0,5000,50.0,1033,8967
20000,54,17867.0,10000,100.0,2133,17867
40000,54,35916.0,10000,100.0,4084,35916
60000,54,53886.0,10000,100.0,6114,53886
80000,54,71904.0,10000,100.0,8096,71904
100000,54,89986.0,10000,100.0,10014,89986
200000,54,180042.0,10000,100.0,19958,180042
400000,54,360003.0,10000,100.0,39997,360003
600000,54,540135.0,10000,100.0,59865,540135
800000,54,720150.0,10000,100.0,79850,720150
1000000,54,899795.0,10000,100.0,100205,899795
2,55,2.0,1,0.01,0,2
3,55,3.0,1,0.01,0,3
100,55,95.0,50,0.5,5,95
200,55,187.0,100,1.0,13,187
2000,55,1788.0,1000,10.0,212,1788
10000,55,8975.0,5000,50.0,1025,8975
20000,55,17947.0,10000,100.0,2053,17947
40000,55,35908.0,10000,100.0,4092,35908
60000,55,53890.0,10000,100.0,6110,53890
80000,55,71874.0,10000,100.0,8126,71874
100000,55,89925.0,10000,100.0,10075,89925
200000,55,180005.0,10000,100.0,19995,180005
400000,55,360172.0,10000,100.0,39828,360172
600000,55,540161.0,10000,100.0,59839,540161
800000,55,720307.0,10000,100.0,79693,720307
1000000,55,900306.0,10000,100.0,99694,900306
2,56,1.0,1,0.01,1,1
3,56,1.0,1,0.01,2,1
100,56,82.0,50,0.5,18,82
200,56,169.0,100,1.0,31,169
2000,56,1769.0,1000,10.0,231,1769
10000,56,8888.0,5000,50.0,1112,8888
20000,56,17887.0,10000,100.0,2113,17887
40000,56,35889.0,10000,100.0,4111,35889
60000,56,53846.0,10000,100.0,6154,53846
80000,56,71849.0,10000,100.0,8151,71849
100000,56,89832.0,10000,100.0,10168,89832
200000,56,179675.0,10000,100.0,20325,179675
400000,56,359651.0,10000,100.0,40349,359651
600000,56,539635.0,10000,100.0,60365,539635
800000,56,719565.0,10000,100.0,80435,719565
1000000,56,899498.0,10000,100.0,100502,899498
2,57,2.0,1,0.01,0,2
3,57,3.0,1,0.01,0,3
100,57,89.0,50,0.5,11,89
200,57,177.0,100,1.0,23,177
2000,57,1800.0,1000,10.0,200,1800
10000,57,8984.0,5000,50.0,1016,8984
20000,57,17961.0,10000,100.0,2039,17961
40000,57,35977.0,10000,100.0,4023,35977
60000,57,53949.0,10000,100.0,6051,53949
80000,57,71953.0,10000,100.0,8047,71953
100000,57,90066.0,10000,100.0,9934,90066
200000,57,180010.0,10000,100.0,19990,180010
400000,57,360121.0,10000,100.0,39879,360121
600000,57,539957.0,10000,100.0,60043,539957
800000,57,720081.0,10000,100.0,79919,720081
1000000,57,900095.0,10000,100.0,99905,900095
2,58,2.0,1,0.01,0,2
3,58,3.0,1,0.01,0,3
100,58,90.0,50,0.5,10,90
200,58,180.0,100,1.0,20,180
2000,58,1782.0,1000,10.0,218,1782
10000,58,8937.0,5000,50.0,1063,8937
20000,58,17872.0,10000,100.0,2128,17872
40000,58,35875.0,10000,100.0,4125,35875
60000,58,53854.0,10000,100.0,6146,53854
80000,58,71887.0,10000,100.0,8113,71887
100000,58,89929.0,10000,100.0,10071,89929
200000,58,179804.0,10000,100.0,20196,179804
400000,58,359939.0,10000,100.0,40061,359939
600000,58,540012.0,10000,100.0,59988,540012
800000,58,720025.0,10000,100.0,79975,720025
1000000,58,899906.0,10000,100.0,100094,899906
2,59,2.0,1,0.01,0,2
3,59,3.0,1,0.01,0,3
100,59,90.0,50,0.5,10,90
200,59,182.0,100,1.0,18,182
2000,59,1776.0,1000,10.0,224,1776
10000,59,8914.0,5000,50.0,1086,8914
20000,59,17870.0,10000,100.0,2130,17870
40000,59,35885.0,10000,100.0,4115,35885
60000,59,53959.0,10000,100.0,6041,53959
80000,59,71976.0,10000,100.0,8024,71976
100000,59,89890.0,10000,100.0,10110,89890
200000,59,179860.0,10000,100.0,20140,179860
400000,59,359963.0,10000,100.0,40037,359963
600000,59,539856.0,10000,100.0,60144,539856
800000,59,719912.0,10000,100.0,80088,719912
1000000,59,900113.0,10000,100.0,99887,900113
2,60,2.0,1,0.01,0,2
3,60,3.0,1,0.01,0,3
100,60,81.0,50,0.5,19,81
200,60,174.0,100,1.0,26,174
2000,60,1797.0,1000,10.0,203,1797
10000,60,8956.0,5000,50.0,1044,8956
20000,60,17864.0,10000,100.0,2136,17864
40000,60,35827.0,10000,100.0,4173,35827
60000,60,53856.0,10000,100.0,6144,53856
80000,60,71821.0,10000,100.0,8179,71821
100000,60,89748.0,10000,100.0,10252,89748
200000,60,179749.0,10000,100.0,20251,179749
400000,60,359884.0,10000,100.0,40116,359884
600000,60,539885.0,10000,100.0,60115,539885
800000,60,719818.0,10000,100.0,80182,719818
1000000,60,899995.0,10000,100.0,100005,899995
2,61,2.0,1,0.01,0,2
3,61,3.0,1,0.01,0,3
100,61,92.0,50,0.5,8,92
200,61,189.0,100,1.0,11,189
2000,61,1804.0,1000,10.0,196,1804
10000,61,8958.0,5000,50.0,1042,8958
20000,61,17939.0,10000,100.0,2061,17939
40000,61,35909.0,10000,100.0,4091,35909
60000,61,53902.0,10000,100.0,6098,53902
80000,61,71937.0,10000,100.0,8063,71937
100000,61,89912.0,10000,100.0,10088,89912
200000,61,179851.0,10000,100.0,20149,179851
400000,61,359818.0,10000,100.0,40182,359818
600000,61,540050.0,10000,100.0,59950,540050
800000,61,720270.0,10000,100.0,79730,720270
1000000,61,900264.0,10000,100.0,99736,900264
2,62,2.0,1,0.01,0,2
3,62,3.0,1,0.01,0,3
100,62,82.0,50,0.5,18,82
200,62,175.0,100,1.0,25,175
2000,62,1762.0,1000,10.0,238,1762
10000,62,8928.0,5000,50.0,1072,8928
20000,62,17853.0,10000,100.0,2147,17853
40000,62,35824.0,10000,100.0,4176,35824
60000,62,53755.0,10000,100.0,6245,53755
80000,62,71722.0,10000,100.0,8278,71722
100000,62,89825.0,10000,100.0,10175,89825
200000,62,179796.0,10000,100.0,20204,179796
400000,62,359982.0,10000,100.0,40018,359982
600000,62,540113.0,10000,100.0,59887,540113
800000,62,720071.0,10000,100.0,79929,720071
1000000,62,900196.0,10000,100.0,99804,900196
2,63,2.0,1,0.01,0,2
3,63,3.0,1,0.01,0,3
100,63,94.0,50,0.5,6,94
200,63,180.0,100,1.0,20,180
2000,63,1785.0,1000,10.0,215,1785
10000,63,8992.0,5000,50.0,1008,8992
20000,63,17992.0,10000,100.0,2008,17992
40000,63,35981.0,10000,100.0,4019,35981
60000,63,54019.0,10000,100.0,5981,54019
80000,63,72030.0,10000,100.0,7970,72030
100000,63,90021.0,10000,100.0,9979,90021
200000,63,179945.0,10000,100.0,20055,179945
400000,63,359909.0,10000,100.0,40091,359909
600000,63,539939.0,10000,100.0,60061,539939
800000,63,719917.0,10000,100.0,80083,719917
1000000,63,899987.0,10000,100.0,100013,899987
2,64,2.0,1,0.01,0,2
3,64,3.0,1,0.01,0,3
100,64,91.0,50,0.5,9,91
200,64,182.0,100,1.0,18,182
2000,64,1785.0,1000,10.0,215,1785
10000,64,8977.0,5000,50.0,1023,8977
20000,64,17938.0,10000,100.0,2062,17938
40000,64,36009.0,10000,100.0,3991,36009
60000,64,53951.0,10000,100.0,6049,53951
80000,64,72026.0,10000,100.0,7974,72026
100000,64,90025.0,10000,100.0,9975,90025
200000,64,180181.0,10000,100.0,19819,180181
400000,64,360072.0,10000,100.0,39928,360072
600000,64,539872.0,10000,100.0,60128,539872
800000,64,720006.0,10000,100.0,79994,720006
1000000,64,899944.0,10000,100.0,100056,899944
2,65,2.0,1,0.01,0,2
3,65,3.0,1,0.01,0,3
100,65,92.0,50,0.5,8,92
200,65,181.0,100,1.0,19,181
2000,65,1795.0,1000,10.0,205,1795
10000,65,8970.0,5000,50.0,1030,8970
20000,65,17874.0,10000,100.0,2126,17874
40000,65,35845.0,10000,100.0,4155,35845
60000,65,53884.0,10000,100.0,6116,53884
80000,65,71864.0,10000,100.0,8136,71864
100000,65,89909.0,10000,100.0,10091,89909
200000,65,179787.0,10000,100.0,20213,179787
400000,65,359659.0,10000,100.0,40341,359659
600000,65,539716.0,10000,100.0,60284,539716
800000,65,719676.0,10000,100.0,80324,719676
1000000,65,899936.0,10000,100.0,100064,899936
2,66,1.0,1,0.01,1,1
3,66,2.0,1,0.01,1,2
100,66,87.0,50,0.5,13,87
200,66,177.0,100,1.0,23,177
2000,66,1773.0,1000,10.0,227,1773
10000,66,8900.0,5000,50.0,1100,8900
20000,66,17881.0,10000,100.0,2119,17881
40000,66,35879.0,10000,100.0,4121,35879
60000,66,53842.0,10000,100.0,6158,53842
80000,66,71870.0,10000,100.0,8130,71870
100000,66,89846.0,10000,100.0,10154,89846
200000,66,179909.0,10000,100.0,20091,179909
400000,66,359811.0,10000,100.0,40189,359811
600000,66,539825.0,10000,100.0,60175,539825
800000,66,720098.0,10000,100.0,79902,720098
1000000,66,900097.0,10000,100.0,99903,900097
2,67,2.0,1,0.01,0,2
3,67,3.0,1,0.01,0,3
100,67,87.0,50,0.5,13,87
200,67,176.0,100,1.0,24,176
2000,67,1760.0,1000,10.0,240,1760
10000,67,8972.0,5000,50.0,1028,8972
20000,67,17978.0,10000,100.0,2022,17978
40000,67,36050.0,10000,100.0,3950,36050
60000,67,54022.0,10000,100.0,5978,54022
80000,67,72004.0,10000,100.0,7996,72004
100000,67,89988.0,10000,100.0,10012,89988
200000,67,180024.0,10000,100.0,19976,180024
400000,67,360171.0,10000,100.0,39829,360171
600000,67,540384.0,10000,100.0,59616,540384
800000,67,720517.0,10000,100.0,79483,720517
1000000,67,900506.0,10000,100.0,99494,900506
2,68,1.0,1,0.01,1,1
3,68,2.0,1,0.01,1,2
100,68,92.0,50,0.5,8,92
200,68,180.0,100,1.0,20,180
2000,68,1794.0,1000,10.0,206,1794
10000,68,8915.0,5000,50.0,1085,8915
20000,68,17878.0,10000,100.0,2122,17878
40000,68,35860.0,10000,100.0,4140,35860
60000,68,53860.0,10000,100.0,6140,53860
80000,68,71849.0,10000,100.0,8151,71849
100000,68,89827.0,10000,100.0,10173,89827
200000,68,179709.0,10000,100.0,20291,179709
400000,68,359662.0,10000,100.0,40338,359662
600000,68,539622.0,10000,100.0,60378,539622
800000,68,719576.0,10000,100.0,80424,719576
1000000,68,899652.0,10000,100.0,100348,899652
2,69,2.0,1,0.01,0,2
3,69,3.0,1,0.01,0,3
100,69,91.0,50,0.5,9,91
200,69,182.0,100,1.0,18,182
2000,69,1800.0,1000,10.0,200,1800
10000,69,8953.0,5000,50.0,1047,8953
20000,69,17905.0,10000,100.0,2095,17905
40000,69,35860.0,10000,100.0,4140,35860
60000,69,53951.0,10000,100.0,6049,53951
80000,69,71889.0,10000,100.0,8111,71889
100000,69,89842.0,10000,100.0,10158,89842
200000,69,179914.0,10000,100.0,20086,179914
400000,69,359782.0,10000,100.0,40218,359782
600000,69,539665.0,10000,100.0,60335,539665
800000,69,719757.0,10000,100.0,80243,719757
1000000,69,899742.0,10000,100.0,100258,899742
2,70,2.0,1,0.01,0,2
3,70,2.0,1,0.01,1,2
100,70,87.0,50,0.5,13,87
200,70,178.0,100,1.0,22,178
2000,70,1800.0,1000,10.0,200,1800
10000,70,8975.0,5000,50.0,1025,8975
20000,70,17911.0,10000,100.0,2089,17911
40000,70,35917.0,10000,100.0,4083,35917
60000,70,53942.0,10000,100.0,6058,53942
80000,70,71967.0,10000,100.0,8033,71967
100000,70,89913.0,10000,100.0,10087,89913
200000,70,179945.0,10000,100.0,20055,179945
400000,70,360113.0,10000,100.0,39887,360113
600000,70,540007.0,10000,100.0,59993,540007
800000,70,720037.0,10000,100.0,79963,720037
1000000,70,900014.0,10000,100.0,99986,900014
2,71,2.0,1,0.01,0,2
3,71,3.0,1,0.01,0,3
100,71,87.0,50,0.5,13,87
200,71,180.0,100,1.0,20,180
2000,71,1801.0,1000,10.0,199,1801
10000,71,8954.0,5000,50.0,1046,8954
20000,71,17890.0,10000,100.0,2110,17890
40000,71,35889.0,10000,100.0,4111,35889
60000,71,53868.0,10000,100.0,6132,53868
80000,71,71826.0,10000,100.0,8174,71826
100000,71,89841.0,10000,100.0,10159,89841
200000,71,179669.0,10000,100.0,20331,179669
400000,71,359655.0,10000,100.0,40345,359655
600000,71,539621.0,10000,100.0,60379,539621
800000,71,719619.0,10000,100.0,80381,719619
1000000,71,899443.0,10000,100.0,100557,899443
2,72,2.0,1,0.01,0,2
3,72,3.0,1,0.01,0,3
100,72,86.0,50,0.5,14,86
200,72,173.0,100,1.0,27,173
2000,72,1779.0,1000,10.0,221,1779
10000,72,8939.0,5000,50.0,1061,8939
20000,72,17899.0,10000,100.0,2101,17899
40000,72,35896.0,11348,113.48,4104,35896
60000,72,53922.0,11348,113.48,6078,53922
80000,72,71871.0,11348,113.48,8129,71871
100000,72,89962.0,11348,113.48,10038,89962
200000,72,180199.0,11348,113.48,19801,180199
400000,72,360368.0,11348,113.48,39632,360368
600000,72,540536.0,11348,113.48,59464,540536
800000,72,720508.0,11348,113.48,79492,720508
1000000,72,900528.0,11348,113.48,99472,900528
2,73,2.0,1,0.01,0,2
3,73,3.0,1,0.01,0,3
100,73,92.0,50,0.5,8,92
200,73,180.0,100,1.0,20,180
2000,73,1787.0,1000,10.0,213,1787
10000,73,8978.0,5000,50.0,1022,8978
20000,73,17927.0,10000,100.0,2073,17927
40000,73,35909.0,10000,100.0,4091,35909
60000,73,53944.0,10000,100.0,6056,53944
80000,73,71987.0,10000,100.0,8013,71987
100000,73,89906.0,10000,100.0,10094,89906
200000,73,179972.0,10000,100.0,20028,179972
400000,73,359852.0,10000,100.0,40148,359852
600000,73,539805.0,10000,100.0,60195,539805
800000,73,719577.0,10000,100.0,80423,719577
1000000,73,899682.0,10000,100.0,100318,899682
2,74,2.0,1,0.01,0,2
3,74,3.0,1,0.01,0,3
100,74,93.0,50,0.5,7,93
200,74,180.0,100,1.0,20,180
2000,74,1803.0,1000,10.0,197,1803
10000,74,8965.0,5000,50.0,1035,8965
20000,74,17966.0,10000,100.0,2034,17966
40000,74,35922.0,10000,100.0,4078,35922
60000,74,53908.0,10000,100.0,6092,53908
80000,74,71950.0,10000,100.0,8050,71950
100000,74,89981.0,10000,100.0,10019,89981
200000,74,180011.0,10000,100.0,19989,180011
400000,74,360118.0,10000,100.0,39882,360118
600000,74,540190.0,10000,100.0,59810,540190
800000,74,720447.0,10000,100.0,79553,720447
1000000,74,900460.0,10000,100.0,99540,900460
2,75,2.0,1,0.01,0,2
3,75,3.0,1,0.01,0,3
100,75,89.0,50,0.5,11,89
200,75,173.0,100,1.0,27,173
2000,75,1781.0,1000,10.0,219,1781
10000,75,8956.0,5000,50.0,1044,8956
20000,75,17988.0,10000,100.0,2012,17988
40000,75,35983.0,10000,100.0,4017,35983
60000,75,53965.0,10000,100.0,6035,53965
80000,75,72126.0,10000,100.0,7874,72126
100000,75,90162.0,10000,100.0,9838,90162
200000,75,180191.0,10000,100.0,19809,180191
400000,75,360315.0,10000,100.0,39685,360315
600000,75,540225.0,10000,100.0,59775,540225
800000,75,720166.0,10000,100.0,79834,720166
1000000,75,899890.0,10000,100.0,100110,899890
2,76,2.0,1,0.01,0,2
3,76,3.0,1,0.01,0,3
100,76,93.0,50,0.5,7,93
200,76,184.0,100,1.0,16,184
2000,76,1794.0,1000,10.0,206,1794
10000,76,8917.0,5000,50.0,1083,8917
20000,76,17840.0,10000,100.0,2160,17840
40000,76,35834.0,10000,100.0,4166,35834
60000,76,53893.0,10000,100.0,6107,53893
80000,76,71886.0,10000,100.0,8114,71886
100000,76,89903.0,10000,100.0,10097,89903
200000,76,180016.0,10000,100.0,19984,180016
400000,76,359981.0,10000,100.0,40019,359981
600000,76,539863.0,10000,100.0,60137,539863
800000,76,720033.0,10000,100.0,79967,720033
1000000,76,900189.0,10000,100.0,99811,900189
2,77,2.0,1,0.01,0,2
3,77,3.0,1,0.01,0,3
100,77,91.0,50,0.5,9,91
200,77,180.0,100,1.0,20,180
2000,77,1799.0,1000,10.0,201,1799
10000,77,8967.0,5000,50.0,1033,8967
20000,77,17936.0,10000,100.0,2064,17936
40000,77,35895.0,10000,100.0,4105,35895
60000,77,53961.0,10000,100.0,6039,53961
80000,77,71913.0,10000,100.0,8087,71913
100000,77,90002.0,10000,100.0,9998,90002
200000,77,179820.0,10000,100.0,20180,179820
400000,77,359989.0,10000,100.0,40011,359989
600000,77,539942.0,10000,100.0,60058,539942
800000,77,719881.0,10000,100.0,80119,719881
1000000,77,899836.0,10000,100.0,100164,899836
2,78,1.0,1,0.01,1,1
3,78,2.0,1,0.01,1,2
100,78,93.0,50,0.5,7,93
200,78,186.0,100,1.0,14,186
2000,78,1797.0,1000,10.0,203,1797
10000,78,8941.0,5000,50.0,1059,8941
20000,78,17859.0,10000,100.0,2141,17859
40000,78,35842.0,10000,100.0,4158,35842
60000,78,53809.0,10000,100.0,6191,53809
80000,78,71756.0,10000,100.0,8244,71756
100000,78,89758.0,10000,100.0,10242,89758
200000,78,179899.0,10000,100.0,20101,179899
400000,78,359967.0,10000,100.0,40033,359967
600000,78,540217.0,10000,100.0,59783,540217
800000,78,720038.0,10000,100.0,79962,720038
1000000,78,900068.0,10000,100.0,99932,900068
2,79,1.0,1,0.01,1,1
3,79,2.0,1,0.01,1,2
100,79,85.0,50,0.5,15,85
200,79,175.0,100,1.0,25,175
2000,79,1795.0,1000,10.0,205,1795
10000,79,8948.0,5000,50.0,1052,8948
20000,79,17916.0,10000,100.0,2084,17916
40000,79,35890.0,10000,100.0,4110,35890
60000,79,53839.0,10000,100.0,6161,53839
80000,79,71913.0,10000,100.0,8087,71913
100000,79,89879.0,10000,100.0,10121,89879
200000,79,179958.0,10000,100.0,20042,179958
400000,79,360153.0,10000,100.0,39847,360153
600000,79,540002.0,10000,100.0,59998,540002
800000,79,720053.0,10000,100.0,79947,720053
1000000,79,900264.0,10000,100.0,99736,900264
2,80,2.0,1,0.01,0,2
3,80,3.0,1,0.01,0,3
100,80,87.0,50,0.5,13,87
200,80,173.0,100,1.0,27,173
2000,80,1783.0,1000,10.0,217,1783
10000,80,8931.0,5000,50.0,1069,8931
20000,80,17907.0,10000,100.0,2093,17907
40000,80,35898.0,10488,104.88,4102,35898
60000,80,53850.0,10488,104.88,6150,53850
80000,80,71770.0,10488,104.88,8230,71770
100000,80,89743.0,10488,104.88,10257,89743
200000,80,179742.0,10488,104.88,20258,179742
400000,80,359670.0,10488,104.88,40330,359670
600000,80,539539.0,10488,104.88,60461,539539
800000,80,719677.0,10488,104.88,80323,719677
1000000,80,899682.0,10488,104.88,100318,899682
2,81,1.0,1,0.01,1,1
3,81,1.0,1,0.01,2,1
100,81,90.0,50,0.5,10,90
200,81,183.0,100,1.0,17,183
2000,81,1805.0,1000,10.0,195,1805
10000,81,8979.0,5000,50.0,1021,8979
20000,81,17956.0,10000,100.0,2044,17956
40000,81,35955.0,10000,100.0,4045,35955
60000,81,54028.0,10000,100.0,5972,54028
80000,81,71992.0,10000,100.0,8008,71992
100000,81,89967.0,10000,100.0,10033,89967
200000,81,179996.0,10000,100.0,20004,179996
400000,81,359770.0,10000,100.0,40230,359770
600000,81,539880.0,10000,100.0,60120,539880
800000,81,720026.0,10000,100.0,79974,720026
1000000,81,899977.0,10000,100.0,100023,899977
2,82,2.0,1,0.01,0,2
3,82,3.0,1,0.01,0,3
100,82,89.0,50,0.5,11,89
200,82,175.0,100,1.0,25,175
2000,82,1785.0,1000,10.0,215,1785
10000,82,8952.0,5000,50.0,1048,8952
20000,82,17902.0,10000,100.0,2098,17902
40000,82,35913.0,10000,100.0,4087,35913
60000,82,54000.0,10000,100.0,6000,54000
80000,82,71981.0,10000,100.0,8019,71981
100000,82,89967.0,10000,100.0,10033,89967
200000,82,179886.0,10000,100.0,20114,179886
400000,82,360102.0,10000,100.0,39898,360102
600000,82,540144.0,10000,100.0,59856,540144
800000,82,720309.0,10000,100.0,79691,720309
1000000,82,900364.0,10000,100.0,99636,900364
2,83,2.0,1,0.01,0,2
3,83,3.0,1,0.01,0,3
100,83,91.0,50,0.5,9,91
200,83,180.0,100,1.0,20,180
2000,83,1791.0,1000,10.0,209,1791
10000,83,8969.0,5000,50.0,1031,8969
20000,83,17900.0,10000,100.0,2100,17900
40000,83,35979.0,10000,100.0,4021,35979
60000,83,53937.0,10000,100.0,6063,53937
80000,83,71970.0,10000,100.0,8030,71970
100000,83,89997.0,10000,100.0,10003,89997
200000,83,180008.0,10000,100.0,19992,180008
400000,83,360067.0,10000,100.0,39933,360067
600000,83,540044.0,10000,100.0,59956,540044
800000,83,719908.0,10000,100.0,80092,719908
1000000,83,899897.0,10000,100.0,100103,899897
2,84,2.0,1,0.01,0,2
3,84,3.0,1,0.01,0,3
100,84,90.0,50,0.5,10,90
200,84,173.0,100,1.0,27,173
2000,84,1784.0,1000,10.0,216,1784
10000,84,8931.0,5000,50.0,1069,8931
20000,84,17904.0,10000,100.0,2096,17904
40000,84,35900.0,10000,100.0,4100,35900
60000,84,53873.0,10000,100.0,6127,53873
80000,84,71912.0,10000,100.0,8088,71912
100000,84,89935.0,10000,100.0,10065,89935
200000,84,179848.0,10000,100.0,20152,179848
400000,84,359714.0,10000,100.0,40286,359714
600000,84,539737.0,10000,100.0,60263,539737
800000,84,720001.0,10000,100.0,79999,720001
1000000,84,899797.0,10000,100.0,100203,899797
2,85,2.0,1,0.01,0,2
3,85,3.0,1,0.01,0,3
100,85,95.0,50,0.5,5,95
200,85,181.0,100,1.0,19,181
2000,85,1808.0,1000,10.0,192,1808
10000,85,8978.0,5000,50.0,1022,8978
20000,85,17960.0,10000,100.0,2040,17960
40000,85,35931.0,10000,100.0,4069,35931
60000,85,53882.0,10000,100.0,6118,53882
80000,85,71848.0,10000,100.0,8152,71848
100000,85,89850.0,10000,100.0,10150,89850
200000,85,179830.0,10000,100.0,20170,179830
400000,85,359819.0,10000,100.0,40181,359819
600000,85,540035.0,10000,100.0,59965,540035
800000,85,720049.0,10000,100.0,79951,720049
1000000,85,900099.0,10000,100.0,99901,900099
2,86,1.0,1,0.01,1,1
3,86,2.0,1,0.01,1,2
100,86,93.0,50,0.5,7,93
200,86,183.0,100,1.0,17,183
2000,86,1796.0,1000,10.0,204,1796
10000,86,8962.0,5000,50.0,1038,8962
20000,86,17866.0,10000,100.0,2134,17866
40000,86,35877.0,10000,100.0,4123,35877
60000,86,53798.0,10000,100.0,6202,53798
80000,86,71785.0,10000,100.0,8215,71785
100000,86,89898.0,10000,100.0,10102,89898
200000,86,180104.0,10000,100.0,19896,180104
400000,86,360201.0,10000,100.0,39799,360201
600000,86,540117.0,10000,100.0,59883,540117
800000,86,720141.0,10000,100.0,79859,720141
1000000,86,900174.0,10000,100.0,99826,900174
2,87,2.0,1,0.01,0,2
3,87,3.0,1,0.01,0,3
100,87,89.0,50,0.5,11,89
200,87,175.0,100,1.0,25,175
2000,87,1775.0,1000,10.0,225,1775
10000,87,8973.0,5000,50.0,1027,8973
20000,87,17833.0,10000,100.0,2167,17833
40000,87,35799.0,10000,100.0,4201,35799
60000,87,53768.0,10000,100.0,6232,53768
80000,87,71815.0,10000,100.0,8185,71815
100000,87,89802.0,10000,100.0,10198,89802
200000,87,179894.0,10000,100.0,20106,179894
400000,87,359777.0,10000,100.0,40223,359777
600000,87,539763.0,10000,100.0,60237,539763
800000,87,719628.0,10000,100.0,80372,719628
1000000,87,899563.0,10000,100.0,100437,899563
2,88,2.0,1,0.01,0,2
3,88,3.0,1,0.01,0,3
100,88,89.0,50,0.5,11,89
200,88,172.0,100,1.0,28,172
2000,88,1790.0,1000,10.0,210,1790
10000,88,8931.0,5000,50.0,1069,8931
20000,88,17825.0,10000,100.0,2175,17825
40000,88,35841.0,10000,100.0,4159,35841
60000,88,53901.0,10000,100.0,6099,53901
80000,88,71853.0,10000,100.0,8147,71853
100000,88,89900.0,10000,100.0,10100,89900
200000,88,179927.0,10000,100.0,20073,179927
400000,88,359819.0,10000,100.0,40181,359819
600000,88,539633.0,10000,100.0,60367,539633
800000,88,719622.0,10000,100.0,80378,719622
1000000,88,899669.0,10000,100.0,100331,899669
2,89,2.0,1,0.01,0,2
3,89,3.0,1,0.01,0,3
100,89,95.0,50,0.5,5,95
200,89,183.0,100,1.0,17,183
2000,89,1811.0,1000,10.0,189,1811
10000,89,8988.0,5000,50.0,1012,8988
20000,89,17918.0,10000,100.0,2082,17918
40000,89,35945.0,10000,100.0,4055,35945
60000,89,53930.0,10000,100.0,6070,53930
80000,89,71939.0,10000,100.0,8061,71939
100000,89,89914.0,10000,100.0,10086,89914
200000,89,179918.0,10000,100.0,20082,179918
400000,89,359902.0,10000,100.0,40098,359902
600000,89,539884.0,10000,100.0,60116,539884
800000,89,719886.0,10000,100.0,80114,719886
1000000,89,900030.0,10000,100.0,99970,900030
2,90,2.0,1,0.01,0,2
3,90,3.0,1,0.01,0,3
100,90,88.0,50,0.5,12,88
200,90,178.0,100,1.0,22,178
2000,90,1783.0,1000,10.0,217,1783
10000,90,8952.0,5000,50.0,1048,8952
20000,90,17915.0,10000,100.0,2085,17915
40000,90,35973.0,10000,100.0,4027,35973
60000,90,53971.0,10000,100.0,6029,53971
80000,90,71988.0,10000,100.0,8012,71988
100000,90,90005.0,10000,100.0,9995,90005
200000,90,180196.0,10000,100.0,19804,180196
400000,90,360479.0,10000,100.0,39521,360479
600000,90,540561.0,10000,100.0,59439,540561
800000,90,720451.0,10000,100.0,79549,720451
1000000,90,900253.0,10000,100.0,99747,900253
2,91,2.0,1,0.01,0,2
3,91,3.0,1,0.01,0,3
100,91,86.0,50,0.5,14,86
200,91,174.0,100,1.0,26,174
2000,91,1781.0,1000,10.0,219,1781
10000,91,8971.0,5000,50.0,1029,8971
20000,91,17920.0,10000,100.0,2080,17920
40000,91,35944.0,10000,100.0,4056,35944
60000,91,54033.0,10000,100.0,5967,54033
80000,91,71948.0,10000,100.0,8052,71948
100000,91,89937.0,10000,100.0,10063,89937
200000,91,179964.0,10000,100.0,20036,179964
400000,91,360097.0,10000,100.0,39903,360097
600000,91,540065.0,10000,100.0,59935,540065
800000,91,720196.0,10000,100.0,79804,720196
1000000,91,900100.0,10000,100.0,99900,900100
2,92,1.0,1,0.01,1,1
3,92,2.0,1,0.01,1,2
100,92,88.0,50,0.5,12,88
200,92,175.0,100,1.0,25,175
2000,92,1802.0,1000,10.0,198,1802
10000,92,8935.0,5000,50.0,1065,8935
20000,92,17880.0,10000,100.0,2120,17880
40000,92,35807.0,10000,100.0,4193,35807
60000,92,53790.0,10000,100.0,6210,53790
80000,92,71761.0,10000,100.0,8239,71761
100000,92,89654.0,10000,100.0,10346,89654
200000,92,179595.0,10000,100.0,20405,179595
400000,92,359537.0,10000,100.0,40463,359537
600000,92,539537.0,10000,100.0,60463,539537
800000,92,719513.0,10000,100.0,80487,719513
1000000,92,899374.0,10000,100.0,100626,899374
2,93,1.0,1,0.01,1,1
3,93,2.0,1,0.01,1,2
100,93,92.0,50,0.5,8,92
200,93,179.0,100,1.0,21,179
2000,93,1784.0,1000,10.0,216,1784
10000,93,8905.0,5000,50.0,1095,8905
20000,93,17847.0,10000,100.0,2153,17847
40000,93,35818.0,10000,100.0,4182,35818
60000,93,53757.0,10000,100.0,6243,53757
80000,93,71799.0,10000,100.0,8201,71799
100000,93,89759.0,10000,100.0,10241,89759
200000,93,179790.0,10000,100.0,20210,179790
400000,93,359852.0,10000,100.0,40148,359852
600000,93,539866.0,10000,100.0,60134,539866
800000,93,719506.0,10000,100.0,80494,719506
1000000,93,899278.0,10000,100.0,100722,899278
2,94,2.0,1,0.01,0,2
3,94,3.0,1,0.01,0,3
100,94,90.0,50,0.5,10,90
200,94,181.0,100,1.0,19,181
2000,94,1788.0,1000,10.0,212,1788
10000,94,8917.0,5000,50.0,1083,8917
20000,94,17857.0,10000,100.0,2143,17857
40000,94,35758.0,18852,188.52,4242,35758
60000,94,53672.0,18852,188.52,6328,53672
80000,94,71662.0,18852,188.52,8338,71662
100000,94,89674.0,18852,188.52,10326,89674
200000,94,179657.0,18852,188.52,20343,179657
400000,94,359594.0,18852,188.52,40406,359594
600000,94,539930.0,18852,188.52,60070,539930
800000,94,720024.0,18852,188.52,79976,720024
1000000,94,899931.0,18852,188.52,100069,899931
2,95,2.0,1,0.01,0,2
3,95,3.0,1,0.01,0,3
100,95,88.0,50,0.5,12,88
200,95,165.0,100,1.0,35,165
2000,95,1759.0,1000,10.0,241,1759
10000,95,8955.0,5000,50.0,1045,8955
20000,95,17948.0,10000,100.0,2052,17948
40000,95,35907.0,10000,100.0,4093,35907
60000,95,53974.0,10000,100.0,6026,53974
80000,95,71934.0,10000,100.0,8066,71934
100000,95,89910.0,10000,100.0,10090,89910
200000,95,179988.0,10000,100.0,20012,179988
400000,95,359845.0,10000,100.0,40155,359845
600000,95,539783.0,10000,100.0,60217,539783
800000,95,719650.0,10000,100.0,80350,719650
1000000,95,899826.0,10000,100.0,100174,899826
2,96,2.0,1,0.01,0,2
3,96,3.0,1,0.01,0,3
100,96,90.0,50,0.5,10,90
200,96,181.0,100,1.0,19,181
2000,96,1784.0,1000,10.0,216,1784
10000,96,8982.0,5000,50.0,1018,8982
20000,96,17965.0,10000,100.0,2035,17965
40000,96,35994.0,10000,100.0,4006,35994
60000,96,54015.0,10000,100.0,5985,54015
80000,96,72027.0,10000,100.0,7973,72027
100000,96,90026.0,10000,100.0,9974,90026
200000,96,179922.0,10000,100.0,20078,179922
400000,96,359982.0,10000,100.0,40018,359982
600000,96,539972.0,10000,100.0,60028,539972
800000,96,719993.0,10000,100.0,80007,719993
1000000,96,899929.0,10000,100.0,100071,899929
2,97,2.0,1,0.01,0,2
3,97,3.0,1,0.01,0,3
100,97,92.0,50,0.5,8,92
200,97,183.0,100,1.0,17,183
2000,97,1787.0,1000,10.0,213,1787
10000,97,8926.0,5000,50.0,1074,8926
20000,97,17889.0,10000,100.0,2111,17889
40000,97,35921.0,10000,100.0,4079,35921
60000,97,53964.0,10000,100.0,6036,53964
80000,97,71990.0,10000,100.0,8010,71990
100000,97,89902.0,10000,100.0,10098,89902
200000,97,180002.0,10000,100.0,19998,180002
400000,97,359977.0,10000,100.0,40023,359977
600000,97,539852.0,10000,100.0,60148,539852
800000,97,719942.0,10000,100.0,80058,719942
1000000,97,899894.0,10000,100.0,100106,899894
2,98,2.0,1,0.01,0,2
3,98,3.0,1,0.01,0,3
100,98,90.0,50,0.5,10,90
200,98,181.0,100,1.0,19,181
2000,98,1805.0,1000,10.0,195,1805
10000,98,8986.0,5000,50.0,1014,8986
20000,98,17888.0,10000,100.0,2112,17888
40000,98,35901.0,10000,100.0,4099,35901
60000,98,53913.0,10000,100.0,6087,53913
80000,98,71837.0,10000,100.0,8163,71837
100000,98,89797.0,10000,100.0,10203,89797
200000,98,179720.0,10000,100.0,20280,179720
400000,98,359765.0,10000,100.0,40235,359765
600000,98,539732.0,10000,100.0,60268,539732
800000,98,719781.0,10000,100.0,80219,719781
1000000,98,900030.0,10000,100.0,99970,900030
2,99,1.0,1,0.01,1,1
3,99,2.0,1,0.01,1,2
100,99,90.0,50,0.5,10,90
200,99,177.0,100,1.0,23,177
2000,99,1791.0,1000,10.0,209,1791
10000,99,8958.0,5000,50.0,1042,8958
20000,99,17908.0,10000,100.0,2092,17908
40000,99,35929.0,10000,100.0,4071,35929
60000,99,53880.0,10000,100.0,6120,53880
80000,99,71885.0,10000,100.0,8115,71885
100000,99,89907.0,10000,100.0,10093,89907
200000,99,179839.0,10000,100.0,20161,179839
400000,99,359726.0,10000,100.0,40274,359726
600000,99,539864.0,10000,100.0,60136,539864
800000,99,719755.0,10000,100.0,80245,719755
1000000,99,899447.0,10000,100.0,100553,899447
2,100,2.0,1,0.01,0,2
3,100,3.0,1,0.01,0,3
100,100,91.0,50,0.5,9,91
200,100,185.0,100,1.0,15,185
2000,100,1794.0,1000,10.0,206,1794
10000,100,8975.0,5000,50.0,1025,8975
20000,100,17860.0,10000,100.0,2140,17860
40000,100,35849.0,10000,100.0,4151,35849
60000,100,53868.0,10000,100.0,6132,53868
80000,100,71902.0,10000,100.0,8098,71902
100000,100,89913.0,10000,100.0,10087,89913
200000,100,179814.0,10000,100.0,20186,179814
400000,100,359875.0,10000,100.0,40125,359875
600000,100,539872.0,10000,100.0,60128,539872
800000,100,719874.0,10000,100.0,80126,719874
1000000,100,899844.0,10000,100.0,100156,899844
