Timestep,Iteration,Total Reward,Suboptimal Arms,Total Regret,Zeros Count,Ones Count
2,1,2.0,1,0.05,0,2
3,1,3.0,1,0.05,0,3
100,1,87.0,50,2.25,13,87
200,1,170.0,100,4.5,30,170
2000,1,1759.0,1000,45.0,241,1759
10000,1,8728.0,5000,225.0,1272,8728
20000,1,17490.0,10000,450.0,2510,17490
40000,1,35452.0,10000,450.0,4548,35452
60000,1,53366.0,10000,450.0,6634,53366
80000,1,71290.0,10000,450.0,8710,71290
100000,1,89157.0,10000,450.0,10843,89157
200000,1,178572.0,10000,450.0,21428,178572
400000,1,357652.0,10000,450.0,42348,357652
600000,1,536682.0,10000,450.0,63318,536682
800000,1,715580.0,10000,450.0,84420,715580
1000000,1,894538.0,10000,450.0,105462,894538
2,2,2.0,1,0.05,0,2
3,2,3.0,1,0.05,0,3
100,2,82.0,50,2.25,18,82
200,2,167.0,100,4.5,33,167
2000,2,1756.0,1000,45.0,244,1756
10000,2,8728.0,5000,225.0,1272,8728
20000,2,17421.0,10000,450.0,2579,17421
40000,2,35382.0,10000,450.0,4618,35382
60000,2,53271.0,10000,450.0,6729,53271
80000,2,71137.0,10000,450.0,8863,71137
100000,2,89092.0,10000,450.0,10908,89092
200000,2,178656.0,10000,450.0,21344,178656
400000,2,357782.0,10000,450.0,42218,357782
600000,2,536785.0,10000,450.0,63215,536785
800000,2,715919.0,10000,450.0,84081,715919
1000000,2,894933.0,10000,450.0,105067,894933
2,3,2.0,1,0.05,0,2
3,3,3.0,1,0.05,0,3
100,3,89.0,50,2.25,11,89
200,3,176.0,100,4.5,24,176
2000,3,1744.0,1000,45.0,256,1744
10000,3,8768.0,5000,225.0,1232,8768
20000,3,17508.0,10000,450.0,2492,17508
40000,3,35499.0,10000,450.0,4501,35499
60000,3,53476.0,10000,450.0,6524,53476
80000,3,71322.0,10000,450.0,8678,71322
100000,3,89202.0,10000,450.0,10798,89202
200000,3,178777.0,10000,450.0,21223,178777
400000,3,357588.0,10000,450.0,42412,357588
600000,3,536514.0,10000,450.0,63486,536514
800000,3,715375.0,10000,450.0,84625,715375
1000000,3,894285.0,10000,450.0,105715,894285
2,4,2.0,1,0.05,0,2
3,4,3.0,1,0.05,0,3
100,4,92.0,50,2.25,8,92
200,4,177.0,100,4.5,23,177
2000,4,1757.0,1000,45.0,243,1757
10000,4,8742.0,5000,225.0,1258,8742
20000,4,17448.0,10000,450.0,2552,17448
40000,4,35370.0,10000,450.0,4630,35370
60000,4,53239.0,10000,450.0,6761,53239
80000,4,71226.0,10000,450.0,8774,71226
100000,4,89151.0,10000,450.0,10849,89151
200000,4,178611.0,10000,450.0,21389,178611
400000,4,357751.0,10000,450.0,42249,357751
600000,4,536729.0,10000,450.0,63271,536729
800000,4,715640.0,10000,450.0,84360,715640
1000000,4,894474.0,10000,450.0,105526,894474
2,5,1.0,1,0.05,1,1
3,5,2.0,1,0.05,1,2
100,5,92.0,50,2.25,8,92
200,5,174.0,100,4.5,26,174
2000,5,1736.0,1000,45.0,264,1736
10000,5,8710.0,5000,225.0,1290,8710
20000,5,17417.0,10000,450.0,2583,17417
40000,5,35300.0,10000,450.0,4700,35300
60000,5,53246.0,10000,450.0,6754,53246
80000,5,71102.0,10000,450.0,8898,71102
100000,5,89014.0,10000,450.0,10986,89014
200000,5,178513.0,10000,450.0,21487,178513
400000,5,357808.0,10000,450.0,42192,357808
600000,5,536787.0,10000,450.0,63213,536787
800000,5,715820.0,10000,450.0,84180,715820
1000000,5,895129.0,10000,450.0,104871,895129
2,6,2.0,1,0.05,0,2
3,6,3.0,1,0.05,0,3
100,6,90.0,50,2.25,10,90
200,6,178.0,100,4.5,22,178
2000,6,1718.0,1000,45.0,282,1718
10000,6,8691.0,5000,225.0,1309,8691
20000,6,17372.0,10000,450.0,2628,17372
40000,6,35300.0,10000,450.0,4700,35300
60000,6,53197.0,10000,450.0,6803,53197
80000,6,71040.0,10000,450.0,8960,71040
100000,6,88930.0,10000,450.0,11070,88930
200000,6,178211.0,10000,450.0,21789,178211
400000,6,357159.0,10000,450.0,42841,357159
600000,6,536239.0,10000,450.0,63761,536239
800000,6,715382.0,10000,450.0,84618,715382
1000000,6,894071.0,10000,450.0,105929,894071
2,7,0.0,1,0.05,2,0
3,7,1.0,1,0.05,2,1
100,7,90.0,50,2.25,10,90
200,7,182.0,100,4.5,18,182
2000,7,1746.0,1000,45.0,254,1746
10000,7,8731.0,5000,225.0,1269,8731
20000,7,17435.0,10000,450.0,2565,17435
40000,7,35290.0,10000,450.0,4710,35290
60000,7,53180.0,10000,450.0,6820,53180
80000,7,71062.0,10000,450.0,8938,71062
100000,7,88940.0,10000,450.0,11060,88940
200000,7,178450.0,10000,450.0,21550,178450
400000,7,357667.0,10000,450.0,42333,357667
600000,7,536702.0,10000,450.0,63298,536702
800000,7,715675.0,10000,450.0,84325,715675
1000000,7,894700.0,10000,450.0,105300,894700
2,8,1.0,1,0.05,1,1
3,8,2.0,1,0.05,1,2
100,8,86.0,50,2.25,14,86
200,8,174.0,100,4.5,26,174
2000,8,1739.0,1000,45.0,261,1739
10000,8,8717.0,5000,225.0,1283,8717
20000,8,17390.0,10000,450.0,2610,17390
40000,8,35329.0,10000,450.0,4671,35329
60000,8,53204.0,10000,450.0,6796,53204
80000,8,71065.0,10000,450.0,8935,71065
100000,8,88934.0,10000,450.0,11066,88934
200000,8,178512.0,10000,450.0,21488,178512
400000,8,357440.0,10000,450.0,42560,357440
600000,8,536434.0,10000,450.0,63566,536434
800000,8,715256.0,10000,450.0,84744,715256
1000000,8,894273.0,10000,450.0,105727,894273
2,9,2.0,1,0.05,0,2
3,9,3.0,1,0.05,0,3
100,9,85.0,50,2.25,15,85
200,9,181.0,100,4.5,19,181
2000,9,1755.0,1000,45.0,245,1755
10000,9,8727.0,5000,225.0,1273,8727
20000,9,17477.0,10000,450.0,2523,17477
40000,9,35438.0,10000,450.0,4562,35438
60000,9,53311.0,10000,450.0,6689,53311
80000,9,71293.0,10000,450.0,8707,71293
100000,9,89210.0,10000,450.0,10790,89210
200000,9,178745.0,10000,450.0,21255,178745
400000,9,357850.0,10000,450.0,42150,357850
600000,9,536865.0,10000,450.0,63135,536865
800000,9,715904.0,10000,450.0,84096,715904
1000000,9,894952.0,10000,450.0,105048,894952
2,10,2.0,1,0.05,0,2
3,10,3.0,1,0.05,0,3
100,10,90.0,50,2.25,10,90
200,10,174.0,100,4.5,26,174
2000,10,1745.0,1000,45.0,255,1745
10000,10,8711.0,5000,225.0,1289,8711
20000,10,17463.0,10000,450.0,2537,17463
40000,10,35394.0,10000,450.0,4606,35394
60000,10,53251.0,10000,450.0,6749,53251
80000,10,71130.0,10000,450.0,8870,71130
100000,10,89007.0,10000,450.0,10993,89007
200000,10,178596.0,10000,450.0,21404,178596
400000,10,357697.0,10000,450.0,42303,357697
600000,10,536694.0,10000,450.0,63306,536694
800000,10,715687.0,10000,450.0,84313,715687
1000000,10,894629.0,10000,450.0,105371,894629
2,11,1.0,1,0.05,1,1
3,11,2.0,1,0.05,1,2
100,11,85.0,50,2.25,15,85
200,11,170.0,100,4.5,30,170
2000,11,1739.0,1000,45.0,261,1739
10000,11,8678.0,5000,225.0,1322,8678
20000,11,17387.0,10000,450.0,2613,17387
40000,11,35308.0,10000,450.0,4692,35308
60000,11,53200.0,10000,450.0,6800,53200
80000,11,71089.0,10000,450.0,8911,71089
100000,11,88975.0,10000,450.0,11025,88975
200000,11,178339.0,10000,450.0,21661,178339
400000,11,357358.0,10000,450.0,42642,357358
600000,11,536475.0,10000,450.0,63525,536475
800000,11,715482.0,10000,450.0,84518,715482
1000000,11,894391.0,10000,450.0,105609,894391
2,12,2.0,1,0.05,0,2
3,12,3.0,1,0.05,0,3
100,12,87.0,50,2.25,13,87
200,12,170.0,100,4.5,30,170
2000,12,1751.0,1000,45.0,249,1751
10000,12,8714.0,5000,225.0,1286,8714
20000,12,17446.0,10000,450.0,2554,17446
40000,12,35400.0,10000,450.0,4600,35400
60000,12,53211.0,10000,450.0,6789,53211
80000,12,71113.0,10000,450.0,8887,71113
100000,12,89000.0,10000,450.0,11000,89000
200000,12,178453.0,10000,450.0,21547,178453
400000,12,357252.0,10000,450.0,42748,357252
600000,12,536247.0,10000,450.0,63753,536247
800000,12,715140.0,10000,450.0,84860,715140
1000000,12,894348.0,10000,450.0,105652,894348
2,13,2.0,1,0.05,0,2
3,13,3.0,1,0.05,0,3
100,13,84.0,50,2.25,16,84
200,13,171.0,100,4.5,29,171
2000,13,1753.0,1000,45.0,247,1753
10000,13,8782.0,5000,225.0,1218,8782
20000,13,17523.0,10000,450.0,2477,17523
40000,13,35389.0,10000,450.0,4611,35389
60000,13,53271.0,10000,450.0,6729,53271
80000,13,71122.0,10000,450.0,8878,71122
100000,13,89035.0,10000,450.0,10965,89035
200000,13,178471.0,10000,450.0,21529,178471
400000,13,357308.0,10000,450.0,42692,357308
600000,13,536345.0,10000,450.0,63655,536345
800000,13,715476.0,10000,450.0,84524,715476
1000000,13,894333.0,10000,450.0,105667,894333
2,14,1.0,1,0.05,1,1
3,14,2.0,1,0.05,1,2
100,14,87.0,50,2.25,13,87
200,14,174.0,100,4.5,26,174
2000,14,1735.0,1000,45.0,265,1735
10000,14,8723.0,5000,225.0,1277,8723
20000,14,17421.0,10000,450.0,2579,17421
40000,14,35307.0,10000,450.0,4693,35307
60000,14,53203.0,10000,450.0,6797,53203
80000,14,71127.0,10000,450.0,8873,71127
100000,14,89023.0,10000,450.0,10977,89023
200000,14,178635.0,10000,450.0,21365,178635
400000,14,357568.0,10000,450.0,42432,357568
600000,14,536596.0,10000,450.0,63404,536596
800000,14,715538.0,10000,450.0,84462,715538
1000000,14,894678.0,10000,450.0,105322,894678
2,15,2.0,1,0.05,0,2
3,15,3.0,1,0.05,0,3
100,15,91.0,50,2.25,9,91
200,15,176.0,100,4.5,24,176
2000,15,1727.0,1000,45.0,273,1727
10000,15,8689.0,5000,225.0,1311,8689
20000,15,17403.0,10000,450.0,2597,17403
40000,15,35323.0,10000,450.0,4677,35323
60000,15,53177.0,10000,450.0,6823,53177
80000,15,71106.0,10000,450.0,8894,71106
100000,15,89007.0,10000,450.0,10993,89007
200000,15,178493.0,10000,450.0,21507,178493
400000,15,357494.0,10000,450.0,42506,357494
600000,15,536320.0,10000,450.0,63680,536320
800000,15,715259.0,10000,450.0,84741,715259
1000000,15,894288.0,10000,450.0,105712,894288
2,16,2.0,1,0.05,0,2
3,16,3.0,1,0.05,0,3
100,16,88.0,50,2.25,12,88
200,16,180.0,100,4.5,20,180
2000,16,1751.0,1000,45.0,249,1751
10000,16,8781.0,5000,225.0,1219,8781
20000,16,17468.0,10000,450.0,2532,17468
40000,16,35434.0,10000,450.0,4566,35434
60000,16,53302.0,10000,450.0,6698,53302
80000,16,71174.0,10000,450.0,8826,71174
100000,16,89097.0,10000,450.0,10903,89097
200000,16,178552.0,10000,450.0,21448,178552
400000,16,357779.0,10000,450.0,42221,357779
600000,16,537026.0,10000,450.0,62974,537026
800000,16,716132.0,10000,450.0,83868,716132
1000000,16,895105.0,10000,450.0,104895,895105
2,17,2.0,1,0.05,0,2
3,17,3.0,1,0.05,0,3
100,17,84.0,50,2.25,16,84
200,17,174.0,100,4.5,26,174
2000,17,1750.0,1000,45.0,250,1750
10000,17,8695.0,5000,225.0,1305,8695
20000,17,17433.0,10000,450.0,2567,17433
40000,17,35316.0,10000,450.0,4684,35316
60000,17,53235.0,10000,450.0,6765,53235
80000,17,71077.0,10000,450.0,8923,71077
100000,17,88966.0,10000,450.0,11034,88966
200000,17,178425.0,10000,450.0,21575,178425
400000,17,357463.0,10000,450.0,42537,357463
600000,17,536429.0,10000,450.0,63571,536429
800000,17,715358.0,10000,450.0,84642,715358
1000000,17,894340.0,10000,450.0,105660,894340
2,18,2.0,1,0.05,0,2
3,18,3.0,1,0.05,0,3
100,18,91.0,50,2.25,9,91
200,18,177.0,100,4.5,23,177
2000,18,1763.0,1000,45.0,237,1763
10000,18,8740.0,5000,225.0,1260,8740
20000,18,17514.0,10000,450.0,2486,17514
40000,18,35390.0,10000,450.0,4610,35390
60000,18,53349.0,10000,450.0,6651,53349
80000,18,71238.0,10000,450.0,8762,71238
100000,18,89202.0,10000,450.0,10798,89202
200000,18,178747.0,10000,450.0,21253,178747
400000,18,357675.0,10000,450.0,42325,357675
600000,18,536442.0,10000,450.0,63558,536442
800000,18,715498.0,10000,450.0,84502,715498
1000000,18,894366.0,10000,450.0,105634,894366
2,19,2.0,1,0.05,0,2
3,19,2.0,1,0.05,1,2
100,19,82.0,50,2.25,18,82
200,19,169.0,100,4.5,31,169
2000,19,1744.0,1000,45.0,256,1744
10000,19,8745.0,5000,225.0,1255,8745
20000,19,17473.0,10000,450.0,2527,17473
40000,19,35362.0,10000,450.0,4638,35362
60000,19,53282.0,10000,450.0,6718,53282
80000,19,71174.0,10000,450.0,8826,71174
100000,19,89128.0,10000,450.0,10872,89128
200000,19,178564.0,10000,450.0,21436,178564
400000,19,357689.0,10000,450.0,42311,357689
600000,19,536645.0,10000,450.0,63355,536645
800000,19,715664.0,10000,450.0,84336,715664
1000000,19,894740.0,10000,450.0,105260,894740
2,20,1.0,1,0.05,1,1
3,20,2.0,1,0.05,1,2
100,20,86.0,50,2.25,14,86
200,20,174.0,100,4.5,26,174
2000,20,1737.0,1000,45.0,263,1737
10000,20,8684.0,5000,225.0,1316,8684
20000,20,17440.0,10000,450.0,2560,17440
40000,20,35385.0,10000,450.0,4615,35385
60000,20,53311.0,10000,450.0,6689,53311
80000,20,71180.0,10000,450.0,8820,71180
100000,20,89126.0,10000,450.0,10874,89126
200000,20,178381.0,10000,450.0,21619,178381
400000,20,357278.0,10000,450.0,42722,357278
600000,20,536314.0,10000,450.0,63686,536314
800000,20,715243.0,10000,450.0,84757,715243
1000000,20,894446.0,10000,450.0,105554,894446
2,21,2.0,1,0.05,0,2
3,21,3.0,1,0.05,0,3
100,21,86.0,50,2.25,14,86
200,21,174.0,100,4.5,26,174
2000,21,1734.0,1000,45.0,266,1734
10000,21,8762.0,5000,225.0,1238,8762
20000,21,17519.0,10000,450.0,2481,17519
40000,21,35421.0,10000,450.0,4579,35421
60000,21,53313.0,10000,450.0,6687,53313
80000,21,71252.0,10000,450.0,8748,71252
100000,21,89149.0,10000,450.0,10851,89149
200000,21,178752.0,10000,450.0,21248,178752
400000,21,357792.0,10000,450.0,42208,357792
600000,21,536582.0,10000,450.0,63418,536582
800000,21,715594.0,10000,450.0,84406,715594
1000000,21,894564.0,10000,450.0,105436,894564
2,22,1.0,1,0.05,1,1
3,22,2.0,1,0.05,1,2
100,22,89.0,50,2.25,11,89
200,22,176.0,100,4.5,24,176
2000,22,1754.0,1000,45.0,246,1754
10000,22,8797.0,5000,225.0,1203,8797
20000,22,17554.0,10000,450.0,2446,17554
40000,22,35523.0,10000,450.0,4477,35523
60000,22,53411.0,10000,450.0,6589,53411
80000,22,71314.0,10000,450.0,8686,71314
100000,22,89237.0,10000,450.0,10763,89237
200000,22,178826.0,10000,450.0,21174,178826
400000,22,357833.0,10000,450.0,42167,357833
600000,22,536879.0,10000,450.0,63121,536879
800000,22,715916.0,10000,450.0,84084,715916
1000000,22,894654.0,10000,450.0,105346,894654
2,23,2.0,1,0.05,0,2
3,23,3.0,1,0.05,0,3
100,23,87.0,50,2.25,13,87
200,23,175.0,100,4.5,25,175
2000,23,1750.0,1000,45.0,250,1750
10000,23,8719.0,5000,225.0,1281,8719
20000,23,17440.0,10000,450.0,2560,17440
40000,23,35362.0,10000,450.0,4638,35362
60000,23,53205.0,10000,450.0,6795,53205
80000,23,70987.0,10000,450.0,9013,70987
100000,23,88822.0,10000,450.0,11178,88822
200000,23,178269.0,10000,450.0,21731,178269
400000,23,357513.0,10000,450.0,42487,357513
600000,23,536324.0,10000,450.0,63676,536324
800000,23,715494.0,10000,450.0,84506,715494
1000000,23,894443.0,10000,450.0,105557,894443
2,24,1.0,1,0.05,1,1
3,24,2.0,1,0.05,1,2
100,24,85.0,50,2.25,15,85
200,24,173.0,100,4.5,27,173
2000,24,1746.0,1000,45.0,254,1746
10000,24,8679.0,5000,225.0,1321,8679
20000,24,17416.0,10000,450.0,2584,17416
40000,24,35285.0,10000,450.0,4715,35285
60000,24,53201.0,10000,450.0,6799,53201
80000,24,71143.0,10000,450.0,8857,71143
100000,24,88956.0,10000,450.0,11044,88956
200000,24,178531.0,10000,450.0,21469,178531
400000,24,357515.0,10000,450.0,42485,357515
600000,24,536416.0,10000,450.0,63584,536416
800000,24,715659.0,10000,450.0,84341,715659
1000000,24,894393.0,10000,450.0,105607,894393
2,25,2.0,1,0.05,0,2
3,25,3.0,1,0.05,0,3
100,25,89.0,50,2.25,11,89
200,25,175.0,100,4.5,25,175
2000,25,1754.0,1000,45.0,246,1754
10000,25,8756.0,5000,225.0,1244,8756
20000,25,17510.0,10000,450.0,2490,17510
40000,25,35425.0,10000,450.0,4575,35425
60000,25,53326.0,10000,450.0,6674,53326
80000,25,71188.0,10000,450.0,8812,71188
100000,25,89084.0,10000,450.0,10916,89084
200000,25,178614.0,10000,450.0,21386,178614
400000,25,357657.0,10000,450.0,42343,357657
600000,25,536565.0,10000,450.0,63435,536565
800000,25,715503.0,10000,450.0,84497,715503
1000000,25,894553.0,10000,450.0,105447,894553
2,26,2.0,1,0.05,0,2
3,26,3.0,1,0.05,0,3
100,26,78.0,50,2.25,22,78
200,26,164.0,100,4.5,36,164
2000,26,1712.0,1000,45.0,288,1712
10000,26,8685.0,5000,225.0,1315,8685
20000,26,17330.0,10000,450.0,2670,17330
40000,26,35224.0,10000,450.0,4776,35224
60000,26,53113.0,10000,450.0,6887,53113
80000,26,70991.0,10000,450.0,9009,70991
100000,26,88876.0,10000,450.0,11124,88876
200000,26,178598.0,10000,450.0,21402,178598
400000,26,357739.0,10000,450.0,42261,357739
600000,26,536752.0,10000,450.0,63248,536752
800000,26,715631.0,10000,450.0,84369,715631
1000000,26,894798.0,10000,450.0,105202,894798
2,27,2.0,1,0.05,0,2
3,27,3.0,1,0.05,0,3
100,27,89.0,50,2.25,11,89
200,27,174.0,100,4.5,26,174
2000,27,1745.0,1000,45.0,255,1745
10000,27,8737.0,5000,225.0,1263,8737
20000,27,17413.0,10000,450.0,2587,17413
40000,27,35372.0,10000,450.0,4628,35372
60000,27,53283.0,10000,450.0,6717,53283
80000,27,71175.0,10000,450.0,8825,71175
100000,27,89064.0,10000,450.0,10936,89064
200000,27,178593.0,10000,450.0,21407,178593
400000,27,357640.0,10000,450.0,42360,357640
600000,27,536717.0,10000,450.0,63283,536717
800000,27,715699.0,10000,450.0,84301,715699
1000000,27,894656.0,10000,450.0,105344,894656
2,28,0.0,1,0.05,2,0
3,28,1.0,1,0.05,2,1
100,28,85.0,50,2.25,15,85
200,28,171.0,100,4.5,29,171
2000,28,1747.0,1000,45.0,253,1747
10000,28,8732.0,5000,225.0,1268,8732
20000,28,17505.0,10000,450.0,2495,17505
40000,28,35434.0,10000,450.0,4566,35434
60000,28,53326.0,10000,450.0,6674,53326
80000,28,71290.0,10000,450.0,8710,71290
100000,28,89161.0,10000,450.0,10839,89161
200000,28,178757.0,10000,450.0,21243,178757
400000,28,357878.0,10000,450.0,42122,357878
600000,28,536690.0,10000,450.0,63310,536690
800000,28,715882.0,10000,450.0,84118,715882
1000000,28,894674.0,10000,450.0,105326,894674
2,29,2.0,1,0.05,0,2
3,29,3.0,1,0.05,0,3
100,29,85.0,50,2.25,15,85
200,29,171.0,100,4.5,29,171
2000,29,1738.0,1000,45.0,262,1738
10000,29,8727.0,5000,225.0,1273,8727
20000,29,17464.0,10000,450.0,2536,17464
40000,29,35373.0,10000,450.0,4627,35373
60000,29,53259.0,10000,450.0,6741,53259
80000,29,71157.0,10000,450.0,8843,71157
100000,29,89035.0,10000,450.0,10965,89035
200000,29,178371.0,10000,450.0,21629,178371
400000,29,357173.0,10000,450.0,42827,357173
600000,29,536307.0,10000,450.0,63693,536307
800000,29,715262.0,10000,450.0,84738,715262
1000000,29,894082.0,10000,450.0,105918,894082
2,30,1.0,1,0.05,1,1
3,30,2.0,1,0.05,1,2
100,30,86.0,50,2.25,14,86
200,30,175.0,100,4.5,25,175
2000,30,1760.0,1000,45.0,240,1760
10000,30,8744.0,5000,225.0,1256,8744
20000,30,17528.0,10000,450.0,2472,17528
40000,30,35432.0,10000,450.0,4568,35432
60000,30,53240.0,10000,450.0,6760,53240
80000,30,71194.0,10000,450.0,8806,71194
100000,30,89110.0,10000,450.0,10890,89110
200000,30,178740.0,10000,450.0,21260,178740
400000,30,357710.0,10000,450.0,42290,357710
600000,30,536759.0,10000,450.0,63241,536759
800000,30,715911.0,10000,450.0,84089,715911
1000000,30,894922.0,10000,450.0,105078,894922
2,31,2.0,1,0.05,0,2
3,31,3.0,1,0.05,0,3
100,31,88.0,50,2.25,12,88
200,31,176.0,100,4.5,24,176
2000,31,1740.0,1000,45.0,260,1740
10000,31,8767.0,5000,225.0,1233,8767
20000,31,17470.0,10000,450.0,2530,17470
40000,31,35392.0,10000,450.0,4608,35392
60000,31,53312.0,10000,450.0,6688,53312
80000,31,71196.0,10000,450.0,8804,71196
100000,31,89078.0,10000,450.0,10922,89078
200000,31,178503.0,10000,450.0,21497,178503
400000,31,357489.0,10000,450.0,42511,357489
600000,31,536716.0,10000,450.0,63284,536716
800000,31,715930.0,10000,450.0,84070,715930
1000000,31,894885.0,10000,450.0,105115,894885
2,32,2.0,1,0.05,0,2
3,32,3.0,1,0.05,0,3
100,32,91.0,50,2.25,9,91
200,32,177.0,100,4.5,23,177
2000,32,1768.0,1000,45.0,232,1768
10000,32,8778.0,5000,225.0,1222,8778
20000,32,17514.0,10000,450.0,2486,17514
40000,32,35483.0,10000,450.0,4517,35483
60000,32,53400.0,10000,450.0,6600,53400
80000,32,71338.0,10000,450.0,8662,71338
100000,32,89198.0,10000,450.0,10802,89198
200000,32,178669.0,10000,450.0,21331,178669
400000,32,357750.0,10000,450.0,42250,357750
600000,32,536559.0,10000,450.0,63441,536559
800000,32,715530.0,10000,450.0,84470,715530
1000000,32,894325.0,10000,450.0,105675,894325
2,33,2.0,1,0.05,0,2
3,33,3.0,1,0.05,0,3
100,33,91.0,50,2.25,9,91
200,33,178.0,100,4.5,22,178
2000,33,1760.0,1000,45.0,240,1760
10000,33,8762.0,5000,225.0,1238,8762
20000,33,17480.0,10000,450.0,2520,17480
40000,33,35314.0,10000,450.0,4686,35314
60000,33,53265.0,10000,450.0,6735,53265
80000,33,71163.0,10000,450.0,8837,71163
100000,33,89047.0,10000,450.0,10953,89047
200000,33,178695.0,10000,450.0,21305,178695
400000,33,357693.0,10000,450.0,42307,357693
600000,33,536888.0,10000,450.0,63112,536888
800000,33,715911.0,10000,450.0,84089,715911
1000000,33,894707.0,10000,450.0,105293,894707
2,34,1.0,1,0.05,1,1
3,34,2.0,1,0.05,1,2
100,34,78.0,50,2.25,22,78
200,34,167.0,100,4.5,33,167
2000,34,1750.0,1000,45.0,250,1750
10000,34,8720.0,5000,225.0,1280,8720
20000,34,17462.0,10000,450.0,2538,17462
40000,34,35319.0,10000,450.0,4681,35319
60000,34,53234.0,10000,450.0,6766,53234
80000,34,71176.0,10000,450.0,8824,71176
100000,34,89111.0,10000,450.0,10889,89111
200000,34,178632.0,10000,450.0,21368,178632
400000,34,357584.0,10000,450.0,42416,357584
600000,34,536758.0,10000,450.0,63242,536758
800000,34,715810.0,10000,450.0,84190,715810
1000000,34,895056.0,10000,450.0,104944,895056
2,35,2.0,1,0.05,0,2
3,35,3.0,1,0.05,0,3
100,35,85.0,50,2.25,15,85
200,35,175.0,100,4.5,25,175
2000,35,1763.0,1000,45.0,237,1763
10000,35,8694.0,5000,225.0,1306,8694
20000,35,17414.0,10000,450.0,2586,17414
40000,35,35266.0,10000,450.0,4734,35266
60000,35,53249.0,10000,450.0,6751,53249
80000,35,71158.0,10000,450.0,8842,71158
100000,35,89005.0,10000,450.0,10995,89005
200000,35,178623.0,10000,450.0,21377,178623
400000,35,357598.0,10000,450.0,42402,357598
600000,35,536413.0,10000,450.0,63587,536413
800000,35,715443.0,10000,450.0,84557,715443
1000000,35,894195.0,10000,450.0,105805,894195
2,36,2.0,1,0.05,0,2
3,36,3.0,1,0.05,0,3
100,36,92.0,50,2.25,8,92
200,36,184.0,100,4.5,16,184
2000,36,1743.0,1000,45.0,257,1743
10000,36,8734.0,5000,225.0,1266,8734
20000,36,17497.0,10000,450.0,2503,17497
40000,36,35358.0,10000,450.0,4642,35358
60000,36,53224.0,10000,450.0,6776,53224
80000,36,71090.0,10000,450.0,8910,71090
100000,36,88995.0,10000,450.0,11005,88995
200000,36,178435.0,10000,450.0,21565,178435
400000,36,357489.0,10000,450.0,42511,357489
600000,36,536457.0,10000,450.0,63543,536457
800000,36,715544.0,10000,450.0,84456,715544
1000000,36,894382.0,10000,450.0,105618,894382
2,37,1.0,1,0.05,1,1
3,37,2.0,1,0.05,1,2
100,37,86.0,50,2.25,14,86
200,37,168.0,100,4.5,32,168
2000,37,1756.0,1000,45.0,244,1756
10000,37,8722.0,5000,225.0,1278,8722
20000,37,17427.0,10000,450.0,2573,17427
40000,37,35305.0,10000,450.0,4695,35305
60000,37,53128.0,10000,450.0,6872,53128
80000,37,71016.0,10000,450.0,8984,71016
100000,37,88920.0,10000,450.0,11080,88920
200000,37,178472.0,10000,450.0,21528,178472
400000,37,357377.0,10000,450.0,42623,357377
600000,37,536655.0,10000,450.0,63345,536655
800000,37,715745.0,10000,450.0,84255,715745
1000000,37,894763.0,10000,450.0,105237,894763
2,38,2.0,1,0.05,0,2
3,38,3.0,1,0.05,0,3
100,38,89.0,50,2.25,11,89
200,38,175.0,100,4.5,25,175
2000,38,1732.0,1000,45.0,268,1732
10000,38,8721.0,5000,225.0,1279,8721
20000,38,17465.0,10000,450.0,2535,17465
40000,38,35315.0,10000,450.0,4685,35315
60000,38,53134.0,10000,450.0,6866,53134
80000,38,70994.0,10000,450.0,9006,70994
100000,38,88828.0,10000,450.0,11172,88828
200000,38,178377.0,10000,450.0,21623,178377
400000,38,357245.0,10000,450.0,42755,357245
600000,38,536465.0,10000,450.0,63535,536465
800000,38,715497.0,10000,450.0,84503,715497
1000000,38,894555.0,10000,450.0,105445,894555
2,39,2.0,1,0.05,0,2
3,39,3.0,1,0.05,0,3
100,39,90.0,50,2.25,10,90
200,39,176.0,100,4.5,24,176
2000,39,1768.0,1000,45.0,232,1768
10000,39,8774.0,5000,225.0,1226,8774
20000,39,17524.0,10000,450.0,2476,17524
40000,39,35429.0,10000,450.0,4571,35429
60000,39,53277.0,10000,450.0,6723,53277
80000,39,71227.0,10000,450.0,8773,71227
100000,39,89097.0,10000,450.0,10903,89097
200000,39,178634.0,10000,450.0,21366,178634
400000,39,357585.0,10000,450.0,42415,357585
600000,39,536637.0,10000,450.0,63363,536637
800000,39,715737.0,10000,450.0,84263,715737
1000000,39,894716.0,10000,450.0,105284,894716
2,40,1.0,1,0.05,1,1
3,40,1.0,1,0.05,2,1
100,40,88.0,50,2.25,12,88
200,40,171.0,100,4.5,29,171
2000,40,1749.0,1000,45.0,251,1749
10000,40,8699.0,5000,225.0,1301,8699
20000,40,17384.0,10000,450.0,2616,17384
40000,40,35299.0,10000,450.0,4701,35299
60000,40,53245.0,10000,450.0,6755,53245
80000,40,71131.0,10000,450.0,8869,71131
100000,40,89030.0,10000,450.0,10970,89030
200000,40,178472.0,10000,450.0,21528,178472
400000,40,357520.0,10000,450.0,42480,357520
600000,40,536449.0,10000,450.0,63551,536449
800000,40,715421.0,10000,450.0,84579,715421
1000000,40,894017.0,10000,450.0,105983,894017
2,41,1.0,1,0.05,1,1
3,41,2.0,1,0.05,1,2
100,41,85.0,50,2.25,15,85
200,41,179.0,100,4.5,21,179
2000,41,1768.0,1000,45.0,232,1768
10000,41,8778.0,5000,225.0,1222,8778
20000,41,17485.0,10000,450.0,2515,17485
40000,41,35340.0,10000,450.0,4660,35340
60000,41,53215.0,10000,450.0,6785,53215
80000,41,71101.0,10000,450.0,8899,71101
100000,41,88986.0,10000,450.0,11014,88986
200000,41,178460.0,10000,450.0,21540,178460
400000,41,357433.0,10000,450.0,42567,357433
600000,41,536561.0,10000,450.0,63439,536561
800000,41,715577.0,10000,450.0,84423,715577
1000000,41,894475.0,10000,450.0,105525,894475
2,42,2.0,1,0.05,0,2
3,42,3.0,1,0.05,0,3
100,42,90.0,50,2.25,10,90
200,42,178.0,100,4.5,22,178
2000,42,1731.0,1000,45.0,269,1731
10000,42,8734.0,5000,225.0,1266,8734
20000,42,17469.0,10000,450.0,2531,17469
40000,42,35365.0,10000,450.0,4635,35365
60000,42,53291.0,10000,450.0,6709,53291
80000,42,71170.0,10000,450.0,8830,71170
100000,42,89076.0,10000,450.0,10924,89076
200000,42,178500.0,10000,450.0,21500,178500
400000,42,357143.0,10000,450.0,42857,357143
600000,42,536143.0,10000,450.0,63857,536143
800000,42,714929.0,10000,450.0,85071,714929
1000000,42,893917.0,10000,450.0,106083,893917
2,43,2.0,1,0.05,0,2
3,43,3.0,1,0.05,0,3
100,43,86.0,50,2.25,14,86
200,43,173.0,100,4.5,27,173
2000,43,1729.0,1000,45.0,271,1729
10000,43,8766.0,5000,225.0,1234,8766
20000,43,17521.0,10000,450.0,2479,17521
40000,43,35440.0,10000,450.0,4560,35440
60000,43,53291.0,10000,450.0,6709,53291
80000,43,71153.0,10000,450.0,8847,71153
100000,43,89007.0,10000,450.0,10993,89007
200000,43,178504.0,10000,450.0,21496,178504
400000,43,357461.0,10000,450.0,42539,357461
600000,43,536627.0,10000,450.0,63373,536627
800000,43,715610.0,10000,450.0,84390,715610
1000000,43,894607.0,10000,450.0,105393,894607
2,44,1.0,1,0.05,1,1
3,44,2.0,1,0.05,1,2
100,44,84.0,50,2.25,16,84
200,44,174.0,100,4.5,26,174
2000,44,1739.0,1000,45.0,261,1739
10000,44,8718.0,5000,225.0,1282,8718
20000,44,17499.0,10000,450.0,2501,17499
40000,44,35428.0,10000,450.0,4572,35428
60000,44,53358.0,10000,450.0,6642,53358
80000,44,71219.0,10000,450.0,8781,71219
100000,44,89130.0,10000,450.0,10870,89130
200000,44,178707.0,10000,450.0,21293,178707
400000,44,357587.0,10000,450.0,42413,357587
600000,44,536527.0,10000,450.0,63473,536527
800000,44,715365.0,10000,450.0,84635,715365
1000000,44,894198.0,10000,450.0,105802,894198
2,45,2.0,1,0.05,0,2
3,45,3.0,1,0.05,0,3
100,45,85.0,50,2.25,15,85
200,45,174.0,100,4.5,26,174
2000,45,1750.0,1000,45.0,250,1750
10000,45,8731.0,5000,225.0,1269,8731
20000,45,17540.0,10000,450.0,2460,17540
40000,45,35443.0,10000,450.0,4557,35443
60000,45,53342.0,10000,450.0,6658,53342
80000,45,71262.0,10000,450.0,8738,71262
100000,45,89176.0,10000,450.0,10824,89176
200000,45,178752.0,10000,450.0,21248,178752
400000,45,357580.0,10000,450.0,42420,357580
600000,45,536457.0,10000,450.0,63543,536457
800000,45,715614.0,10000,450.0,84386,715614
1000000,45,894623.0,10000,450.0,105377,894623
2,46,2.0,1,0.05,0,2
3,46,3.0,1,0.05,0,3
100,46,89.0,50,2.25,11,89
200,46,171.0,100,4.5,29,171
2000,46,1718.0,1000,45.0,282,1718
10000,46,8682.0,5000,225.0,1318,8682
20000,46,17450.0,10000,450.0,2550,17450
40000,46,35380.0,10000,450.0,4620,35380
60000,46,53263.0,10000,450.0,6737,53263
80000,46,71211.0,10000,450.0,8789,71211
100000,46,89127.0,10000,450.0,10873,89127
200000,46,178591.0,10000,450.0,21409,178591
400000,46,357525.0,10000,450.0,42475,357525
600000,46,536784.0,10000,450.0,63216,536784
800000,46,715837.0,10000,450.0,84163,715837
1000000,46,894872.0,10000,450.0,105128,894872
2,47,2.0,1,0.05,0,2
3,47,3.0,1,0.05,0,3
100,47,89.0,50,2.25,11,89
200,47,179.0,100,4.5,21,179
2000,47,1722.0,1000,45.0,278,1722
10000,47,8711.0,5000,225.0,1289,8711
20000,47,17349.0,10000,450.0,2651,17349
40000,47,35305.0,10000,450.0,4695,35305
60000,47,53263.0,10000,450.0,6737,53263
80000,47,71165.0,10000,450.0,8835,71165
100000,47,89123.0,10000,450.0,10877,89123
200000,47,178530.0,10000,450.0,21470,178530
400000,47,357451.0,10000,450.0,42549,357451
600000,47,536426.0,10000,450.0,63574,536426
800000,47,715583.0,10000,450.0,84417,715583
1000000,47,894303.0,10000,450.0,105697,894303
2,48,1.0,1,0.05,1,1
3,48,2.0,1,0.05,1,2
100,48,86.0,50,2.25,14,86
200,48,178.0,100,4.5,22,178
2000,48,1746.0,1000,45.0,254,1746
10000,48,8753.0,5000,225.0,1247,8753
20000,48,17411.0,10000,450.0,2589,17411
40000,48,35373.0,10000,450.0,4627,35373
60000,48,53254.0,10000,450.0,6746,53254
80000,48,71175.0,10000,450.0,8825,71175
100000,48,89043.0,10000,450.0,10957,89043
200000,48,178633.0,10000,450.0,21367,178633
400000,48,357547.0,10000,450.0,42453,357547
600000,48,536436.0,10000,450.0,63564,536436
800000,48,715427.0,10000,450.0,84573,715427
1000000,48,894251.0,10000,450.0,105749,894251
2,49,2.0,1,0.05,0,2
3,49,3.0,1,0.05,0,3
100,49,87.0,50,2.25,13,87
200,49,174.0,100,4.5,26,174
2000,49,1731.0,1000,45.0,269,1731
10000,49,8714.0,5000,225.0,1286,8714
20000,49,17483.0,10000,450.0,2517,17483
40000,49,35441.0,10000,450.0,4559,35441
60000,49,53304.0,10000,450.0,6696,53304
80000,49,71148.0,10000,450.0,8852,71148
100000,49,89058.0,10000,450.0,10942,89058
200000,49,178558.0,10000,450.0,21442,178558
400000,49,357769.0,10000,450.0,42231,357769
600000,49,536755.0,10000,450.0,63245,536755
800000,49,715775.0,10000,450.0,84225,715775
1000000,49,894842.0,10000,450.0,105158,894842
2,50,2.0,1,0.05,0,2
3,50,3.0,1,0.05,0,3
100,50,89.0,50,2.25,11,89
200,50,180.0,100,4.5,20,180
2000,50,1776.0,1000,45.0,224,1776
10000,50,8710.0,5000,225.0,1290,8710
20000,50,17478.0,10000,450.0,2522,17478
40000,50,35481.0,10000,450.0,4519,35481
60000,50,53396.0,10000,450.0,6604,53396
80000,50,71343.0,10000,450.0,8657,71343
100000,50,89182.0,10000,450.0,10818,89182
200000,50,178649.0,10000,450.0,21351,178649
400000,50,357672.0,10000,450.0,42328,357672
600000,50,536668.0,10000,450.0,63332,536668
800000,50,715835.0,10000,450.0,84165,715835
1000000,50,894909.0,10000,450.0,105091,894909
2,51,2.0,1,0.05,0,2
3,51,3.0,1,0.05,0,3
100,51,94.0,50,2.25,6,94
200,51,181.0,100,4.5,19,181
2000,51,1737.0,1000,45.0,263,1737
10000,51,8704.0,5000,225.0,1296,8704
20000,51,17462.0,10000,450.0,2538,17462
40000,51,35319.0,10000,450.0,4681,35319
60000,51,53204.0,10000,450.0,6796,53204
80000,51,71132.0,10000,450.0,8868,71132
100000,51,89046.0,10000,450.0,10954,89046
200000,51,178346.0,10000,450.0,21654,178346
400000,51,357203.0,10000,450.0,42797,357203
600000,51,536368.0,10000,450.0,63632,536368
800000,51,715426.0,10000,450.0,84574,715426
1000000,51,894364.0,10000,450.0,105636,894364
2,52,2.0,1,0.05,0,2
3,52,3.0,1,0.05,0,3
100,52,84.0,50,2.25,16,84
200,52,163.0,100,4.5,37,163
2000,52,1745.0,1000,45.0,255,1745
10000,52,8728.0,5000,225.0,1272,8728
20000,52,17510.0,10000,450.0,2490,17510
40000,52,35363.0,10000,450.0,4637,35363
60000,52,53335.0,10000,450.0,6665,53335
80000,52,71257.0,10000,450.0,8743,71257
100000,52,89177.0,10000,450.0,10823,89177
200000,52,178737.0,10000,450.0,21263,178737
400000,52,357787.0,10000,450.0,42213,357787
600000,52,537046.0,10000,450.0,62954,537046
800000,52,715966.0,10000,450.0,84034,715966
1000000,52,894873.0,10000,450.0,105127,894873
2,53,2.0,1,0.05,0,2
3,53,3.0,1,0.05,0,3
100,53,85.0,50,2.25,15,85
200,53,175.0,100,4.5,25,175
2000,53,1743.0,1000,45.0,257,1743
10000,53,8701.0,5000,225.0,1299,8701
20000,53,17427.0,10000,450.0,2573,17427
40000,53,35327.0,10000,450.0,4673,35327
60000,53,53146.0,10000,450.0,6854,53146
80000,53,70975.0,10000,450.0,9025,70975
100000,53,88906.0,10000,450.0,11094,88906
200000,53,178497.0,10000,450.0,21503,178497
400000,53,357625.0,10000,450.0,42375,357625
600000,53,536610.0,10000,450.0,63390,536610
800000,53,715559.0,10000,450.0,84441,715559
1000000,53,894475.0,10000,450.0,105525,894475
2,54,2.0,1,0.05,0,2
3,54,3.0,1,0.05,0,3
100,54,89.0,50,2.25,11,89
200,54,177.0,100,4.5,23,177
2000,54,1749.0,1000,45.0,251,1749
10000,54,8745.0,5000,225.0,1255,8745
20000,54,17516.0,10000,450.0,2484,17516
40000,54,35438.0,10000,450.0,4562,35438
60000,54,53377.0,10000,450.0,6623,53377
80000,54,71230.0,10000,450.0,8770,71230
100000,54,89093.0,10000,450.0,10907,89093
200000,54,178769.0,10000,450.0,21231,178769
400000,54,357619.0,10000,450.0,42381,357619
600000,54,536621.0,10000,450.0,63379,536621
800000,54,715630.0,10000,450.0,84370,715630
1000000,54,894737.0,10000,450.0,105263,894737
2,55,2.0,1,0.05,0,2
3,55,2.0,1,0.05,1,2
100,55,87.0,50,2.25,13,87
200,55,183.0,100,4.5,17,183
2000,55,1748.0,1000,45.0,252,1748
10000,55,8698.0,5000,225.0,1302,8698
20000,55,17462.0,10000,450.0,2538,17462
40000,55,35279.0,10000,450.0,4721,35279
60000,55,53135.0,10000,450.0,6865,53135
80000,55,71068.0,10000,450.0,8932,71068
100000,55,88978.0,10000,450.0,11022,88978
200000,55,178440.0,10000,450.0,21560,178440
400000,55,357556.0,10000,450.0,42444,357556
600000,55,536456.0,10000,450.0,63544,536456
800000,55,715484.0,10000,450.0,84516,715484
1000000,55,894429.0,10000,450.0,105571,894429
2,56,2.0,1,0.05,0,2
3,56,3.0,1,0.05,0,3
100,56,92.0,50,2.25,8,92
200,56,180.0,100,4.5,20,180
2000,56,1750.0,1000,45.0,250,1750
10000,56,8699.0,5000,225.0,1301,8699
20000,56,17428.0,10000,450.0,2572,17428
40000,56,35317.0,10000,450.0,4683,35317
60000,56,53225.0,10000,450.0,6775,53225
80000,56,71201.0,10000,450.0,8799,71201
100000,56,89080.0,10000,450.0,10920,89080
200000,56,178518.0,10000,450.0,21482,178518
400000,56,357634.0,10000,450.0,42366,357634
600000,56,536630.0,10000,450.0,63370,536630
800000,56,715243.0,10000,450.0,84757,715243
1000000,56,894573.0,10000,450.0,105427,894573
2,57,1.0,1,0.05,1,1
3,57,2.0,1,0.05,1,2
100,57,91.0,50,2.25,9,91
200,57,183.0,100,4.5,17,183
2000,57,1744.0,1000,45.0,256,1744
10000,57,8689.0,5000,225.0,1311,8689
20000,57,17451.0,10000,450.0,2549,17451
40000,57,35312.0,10000,450.0,4688,35312
60000,57,53147.0,10000,450.0,6853,53147
80000,57,71075.0,10000,450.0,8925,71075
100000,57,89010.0,10000,450.0,10990,89010
200000,57,178610.0,10000,450.0,21390,178610
400000,57,357549.0,10000,450.0,42451,357549
600000,57,536581.0,10000,450.0,63419,536581
800000,57,715604.0,10000,450.0,84396,715604
1000000,57,894634.0,10000,450.0,105366,894634
2,58,2.0,1,0.05,0,2
3,58,3.0,1,0.05,0,3
100,58,92.0,50,2.25,8,92
200,58,178.0,100,4.5,22,178
2000,58,1752.0,1000,45.0,248,1752
10000,58,8741.0,5000,225.0,1259,8741
20000,58,17435.0,10000,450.0,2565,17435
40000,58,35273.0,10000,450.0,4727,35273
60000,58,53242.0,10000,450.0,6758,53242
80000,58,71127.0,10000,450.0,8873,71127
100000,58,89035.0,10000,450.0,10965,89035
200000,58,178475.0,10000,450.0,21525,178475
400000,58,357702.0,10000,450.0,42298,357702
600000,58,536722.0,10000,450.0,63278,536722
800000,58,715518.0,10000,450.0,84482,715518
1000000,58,894617.0,10000,450.0,105383,894617
2,59,2.0,1,0.05,0,2
3,59,3.0,1,0.05,0,3
100,59,89.0,50,2.25,11,89
200,59,175.0,100,4.5,25,175
2000,59,1771.0,1000,45.0,229,1771
10000,59,8707.0,5000,225.0,1293,8707
20000,59,17438.0,10000,450.0,2562,17438
40000,59,35383.0,10000,450.0,4617,35383
60000,59,53277.0,10000,450.0,6723,53277
80000,59,71191.0,10000,450.0,8809,71191
100000,59,89078.0,10000,450.0,10922,89078
200000,59,178567.0,10000,450.0,21433,178567
400000,59,357488.0,10000,450.0,42512,357488
600000,59,536502.0,10000,450.0,63498,536502
800000,59,715111.0,10000,450.0,84889,715111
1000000,59,894145.0,10000,450.0,105855,894145
2,60,2.0,1,0.05,0,2
3,60,3.0,1,0.05,0,3
100,60,89.0,50,2.25,11,89
200,60,178.0,100,4.5,22,178
2000,60,1735.0,1000,45.0,265,1735
10000,60,8750.0,5000,225.0,1250,8750
20000,60,17466.0,10000,450.0,2534,17466
40000,60,35348.0,10000,450.0,4652,35348
60000,60,53194.0,10000,450.0,6806,53194
80000,60,71055.0,10000,450.0,8945,71055
100000,60,88959.0,10000,450.0,11041,88959
200000,60,178648.0,10000,450.0,21352,178648
400000,60,357688.0,10000,450.0,42312,357688
600000,60,536627.0,10000,450.0,63373,536627
800000,60,715615.0,10000,450.0,84385,715615
1000000,60,894716.0,10000,450.0,105284,894716
2,61,2.0,1,0.05,0,2
3,61,3.0,1,0.05,0,3
100,61,91.0,50,2.25,9,91
200,61,173.0,100,4.5,27,173
2000,61,1751.0,1000,45.0,249,1751
10000,61,8751.0,5000,225.0,1249,8751
20000,61,17464.0,10000,450.0,2536,17464
40000,61,35348.0,10000,450.0,4652,35348
60000,61,53208.0,10000,450.0,6792,53208
80000,61,71193.0,10000,450.0,8807,71193
100000,61,89028.0,10000,450.0,10972,89028
200000,61,178590.0,10000,450.0,21410,178590
400000,61,357755.0,10000,450.0,42245,357755
600000,61,536705.0,10000,450.0,63295,536705
800000,61,715542.0,10000,450.0,84458,715542
1000000,61,894346.0,10000,450.0,105654,894346
2,62,2.0,1,0.05,0,2
3,62,3.0,1,0.05,0,3
100,62,83.0,50,2.25,17,83
200,62,167.0,100,4.5,33,167
2000,62,1734.0,1000,45.0,266,1734
10000,62,8685.0,5000,225.0,1315,8685
20000,62,17393.0,10000,450.0,2607,17393
40000,62,35310.0,10000,450.0,4690,35310
60000,62,53237.0,10000,450.0,6763,53237
80000,62,71151.0,10000,450.0,8849,71151
100000,62,89064.0,10000,450.0,10936,89064
200000,62,178612.0,10000,450.0,21388,178612
400000,62,357530.0,10000,450.0,42470,357530
600000,62,536383.0,10000,450.0,63617,536383
800000,62,715211.0,10000,450.0,84789,715211
1000000,62,894420.0,10000,450.0,105580,894420
2,63,2.0,1,0.05,0,2
3,63,3.0,1,0.05,0,3
100,63,86.0,50,2.25,14,86
200,63,171.0,100,4.5,29,171
2000,63,1749.0,1000,45.0,251,1749
10000,63,8695.0,5000,225.0,1305,8695
20000,63,17427.0,10000,450.0,2573,17427
40000,63,35300.0,10000,450.0,4700,35300
60000,63,53164.0,10000,450.0,6836,53164
80000,63,71142.0,10000,450.0,8858,71142
100000,63,89118.0,10000,450.0,10882,89118
200000,63,178575.0,10000,450.0,21425,178575
400000,63,357576.0,10000,450.0,42424,357576
600000,63,536382.0,10000,450.0,63618,536382
800000,63,715578.0,10000,450.0,84422,715578
1000000,63,894528.0,10000,450.0,105472,894528
2,64,2.0,1,0.05,0,2
3,64,3.0,1,0.05,0,3
100,64,92.0,50,2.25,8,92
200,64,176.0,100,4.5,24,176
2000,64,1725.0,1000,45.0,275,1725
10000,64,8760.0,5000,225.0,1240,8760
20000,64,17495.0,10000,450.0,2505,17495
40000,64,35328.0,10000,450.0,4672,35328
60000,64,53161.0,10000,450.0,6839,53161
80000,64,71028.0,10000,450.0,8972,71028
100000,64,88890.0,10000,450.0,11110,88890
200000,64,178348.0,10000,450.0,21652,178348
400000,64,357097.0,10000,450.0,42903,357097
600000,64,536192.0,10000,450.0,63808,536192
800000,64,715254.0,10000,450.0,84746,715254
1000000,64,894320.0,10000,450.0,105680,894320
2,65,2.0,1,0.05,0,2
3,65,3.0,1,0.05,0,3
100,65,89.0,50,2.25,11,89
200,65,180.0,100,4.5,20,180
2000,65,1749.0,1000,45.0,251,1749
10000,65,8785.0,5000,225.0,1215,8785
20000,65,17548.0,10000,450.0,2452,17548
40000,65,35526.0,10000,450.0,4474,35526
60000,65,53388.0,10000,450.0,6612,53388
80000,65,71183.0,10000,450.0,8817,71183
100000,65,89069.0,10000,450.0,10931,89069
200000,65,178778.0,10000,450.0,21222,178778
400000,65,357865.0,10000,450.0,42135,357865
600000,65,537053.0,10000,450.0,62947,537053
800000,65,716130.0,10000,450.0,83870,716130
1000000,65,894976.0,10000,450.0,105024,894976
2,66,2.0,1,0.05,0,2
3,66,3.0,1,0.05,0,3
100,66,92.0,50,2.25,8,92
200,66,179.0,100,4.5,21,179
2000,66,1755.0,1000,45.0,245,1755
10000,66,8740.0,5000,225.0,1260,8740
20000,66,17445.0,10000,450.0,2555,17445
40000,66,35401.0,10000,450.0,4599,35401
60000,66,53300.0,10000,450.0,6700,53300
80000,66,71154.0,10000,450.0,8846,71154
100000,66,89137.0,10000,450.0,10863,89137
200000,66,178734.0,10000,450.0,21266,178734
400000,66,357410.0,10000,450.0,42590,357410
600000,66,536456.0,10000,450.0,63544,536456
800000,66,715539.0,10000,450.0,84461,715539
1000000,66,894686.0,10000,450.0,105314,894686
2,67,1.0,1,0.05,1,1
3,67,2.0,1,0.05,1,2
100,67,82.0,50,2.25,18,82
200,67,163.0,100,4.5,37,163
2000,67,1716.0,1000,45.0,284,1716
10000,67,8724.0,5000,225.0,1276,8724
20000,67,17443.0,10000,450.0,2557,17443
40000,67,35352.0,10000,450.0,4648,35352
60000,67,53306.0,10000,450.0,6694,53306
80000,67,71185.0,10000,450.0,8815,71185
100000,67,88971.0,10000,450.0,11029,88971
200000,67,178389.0,10000,450.0,21611,178389
400000,67,357315.0,10000,450.0,42685,357315
600000,67,536226.0,10000,450.0,63774,536226
800000,67,715295.0,10000,450.0,84705,715295
1000000,67,894185.0,10000,450.0,105815,894185
2,68,2.0,1,0.05,0,2
3,68,3.0,1,0.05,0,3
100,68,89.0,50,2.25,11,89
200,68,176.0,100,4.5,24,176
2000,68,1739.0,1000,45.0,261,1739
10000,68,8761.0,5000,225.0,1239,8761
20000,68,17450.0,10000,450.0,2550,17450
40000,68,35323.0,10000,450.0,4677,35323
60000,68,53213.0,10000,450.0,6787,53213
80000,68,71108.0,10000,450.0,8892,71108
100000,68,89040.0,10000,450.0,10960,89040
200000,68,178469.0,10000,450.0,21531,178469
400000,68,357535.0,10000,450.0,42465,357535
600000,68,536555.0,10000,450.0,63445,536555
800000,68,715552.0,10000,450.0,84448,715552
1000000,68,894646.0,10000,450.0,105354,894646
2,69,2.0,1,0.05,0,2
3,69,3.0,1,0.05,0,3
100,69,90.0,50,2.25,10,90
200,69,178.0,100,4.5,22,178
2000,69,1755.0,1000,45.0,245,1755
10000,69,8786.0,5000,225.0,1214,8786
20000,69,17512.0,10000,450.0,2488,17512
40000,69,35385.0,10000,450.0,4615,35385
60000,69,53313.0,10000,450.0,6687,53313
80000,69,71170.0,10000,450.0,8830,71170
100000,69,89166.0,10000,450.0,10834,89166
200000,69,178657.0,10000,450.0,21343,178657
400000,69,357508.0,10000,450.0,42492,357508
600000,69,536351.0,10000,450.0,63649,536351
800000,69,715268.0,10000,450.0,84732,715268
1000000,69,894377.0,10000,450.0,105623,894377
2,70,2.0,1,0.05,0,2
3,70,3.0,1,0.05,0,3
100,70,81.0,50,2.25,19,81
200,70,170.0,100,4.5,30,170
2000,70,1744.0,1000,45.0,256,1744
10000,70,8722.0,5000,225.0,1278,8722
20000,70,17505.0,10000,450.0,2495,17505
40000,70,35444.0,10000,450.0,4556,35444
60000,70,53340.0,10000,450.0,6660,53340
80000,70,71231.0,10000,450.0,8769,71231
100000,70,89083.0,10000,450.0,10917,89083
200000,70,178593.0,10000,450.0,21407,178593
400000,70,357911.0,10000,450.0,42089,357911
600000,70,536835.0,10000,450.0,63165,536835
800000,70,715802.0,10000,450.0,84198,715802
1000000,70,894723.0,10000,450.0,105277,894723
2,71,2.0,1,0.05,0,2
3,71,3.0,1,0.05,0,3
100,71,89.0,50,2.25,11,89
200,71,170.0,100,4.5,30,170
2000,71,1752.0,1000,45.0,248,1752
10000,71,8703.0,5000,225.0,1297,8703
20000,71,17414.0,10000,450.0,2586,17414
40000,71,35249.0,10000,450.0,4751,35249
60000,71,53201.0,10000,450.0,6799,53201
80000,71,71119.0,10000,450.0,8881,71119
100000,71,89105.0,10000,450.0,10895,89105
200000,71,178558.0,10000,450.0,21442,178558
400000,71,357625.0,10000,450.0,42375,357625
600000,71,536851.0,10000,450.0,63149,536851
800000,71,715934.0,10000,450.0,84066,715934
1000000,71,894831.0,10000,450.0,105169,894831
2,72,2.0,1,0.05,0,2
3,72,3.0,1,0.05,0,3
100,72,80.0,50,2.25,20,80
200,72,171.0,100,4.5,29,171
2000,72,1739.0,1000,45.0,261,1739
10000,72,8778.0,5000,225.0,1222,8778
20000,72,17533.0,10000,450.0,2467,17533
40000,72,35452.0,10000,450.0,4548,35452
60000,72,53383.0,10000,450.0,6617,53383
80000,72,71314.0,10000,450.0,8686,71314
100000,72,89294.0,10000,450.0,10706,89294
200000,72,178758.0,10000,450.0,21242,178758
400000,72,357751.0,10000,450.0,42249,357751
600000,72,536783.0,10000,450.0,63217,536783
800000,72,716115.0,10000,450.0,83885,716115
1000000,72,895017.0,10000,450.0,104983,895017
2,73,1.0,1,0.05,1,1
3,73,2.0,1,0.05,1,2
100,73,88.0,50,2.25,12,88
200,73,178.0,100,4.5,22,178
2000,73,1751.0,1000,45.0,249,1751
10000,73,8830.0,5000,225.0,1170,8830
20000,73,17581.0,10000,450.0,2419,17581
40000,73,35538.0,10000,450.0,4462,35538
60000,73,53418.0,10000,450.0,6582,53418
80000,73,71367.0,10000,450.0,8633,71367
100000,73,89199.0,10000,450.0,10801,89199
200000,73,178631.0,10000,450.0,21369,178631
400000,73,357732.0,10000,450.0,42268,357732
600000,73,536564.0,10000,450.0,63436,536564
800000,73,715642.0,10000,450.0,84358,715642
1000000,73,894670.0,10000,450.0,105330,894670
2,74,2.0,1,0.05,0,2
3,74,3.0,1,0.05,0,3
100,74,92.0,50,2.25,8,92
200,74,182.0,100,4.5,18,182
2000,74,1739.0,1000,45.0,261,1739
10000,74,8762.0,5000,225.0,1238,8762
20000,74,17498.0,10000,450.0,2502,17498
40000,74,35404.0,10000,450.0,4596,35404
60000,74,53334.0,10000,450.0,6666,53334
80000,74,71190.0,10000,450.0,8810,71190
100000,74,89067.0,10000,450.0,10933,89067
200000,74,178741.0,10000,450.0,21259,178741
400000,74,357844.0,10000,450.0,42156,357844
600000,74,536888.0,10000,450.0,63112,536888
800000,74,716011.0,10000,450.0,83989,716011
1000000,74,894927.0,10000,450.0,105073,894927
2,75,2.0,1,0.05,0,2
3,75,3.0,1,0.05,0,3
100,75,86.0,50,2.25,14,86
200,75,178.0,100,4.5,22,178
2000,75,1768.0,1000,45.0,232,1768
10000,75,8743.0,5000,225.0,1257,8743
20000,75,17491.0,10000,450.0,2509,17491
40000,75,35429.0,10000,450.0,4571,35429
60000,75,53296.0,10000,450.0,6704,53296
80000,75,71220.0,10000,450.0,8780,71220
100000,75,89148.0,10000,450.0,10852,89148
200000,75,178822.0,10000,450.0,21178,178822
400000,75,357768.0,10000,450.0,42232,357768
600000,75,536730.0,10000,450.0,63270,536730
800000,75,715865.0,10000,450.0,84135,715865
1000000,75,895071.0,10000,450.0,104929,895071
2,76,1.0,1,0.05,1,1
3,76,2.0,1,0.05,1,2
100,76,87.0,50,2.25,13,87
200,76,173.0,100,4.5,27,173
2000,76,1750.0,1000,45.0,250,1750
10000,76,8765.0,5000,225.0,1235,8765
20000,76,17499.0,10000,450.0,2501,17499
40000,76,35395.0,10000,450.0,4605,35395
60000,76,53348.0,10000,450.0,6652,53348
80000,76,71200.0,10000,450.0,8800,71200
100000,76,89098.0,10000,450.0,10902,89098
200000,76,178756.0,10000,450.0,21244,178756
400000,76,357783.0,10000,450.0,42217,357783
600000,76,536825.0,10000,450.0,63175,536825
800000,76,716067.0,10000,450.0,83933,716067
1000000,76,894885.0,10000,450.0,105115,894885
2,77,2.0,1,0.05,0,2
3,77,3.0,1,0.05,0,3
100,77,87.0,50,2.25,13,87
200,77,172.0,100,4.5,28,172
2000,77,1760.0,1000,45.0,240,1760
10000,77,8683.0,5000,225.0,1317,8683
20000,77,17392.0,10000,450.0,2608,17392
40000,77,35270.0,10000,450.0,4730,35270
60000,77,53131.0,10000,450.0,6869,53131
80000,77,70947.0,10000,450.0,9053,70947
100000,77,88899.0,10000,450.0,11101,88899
200000,77,178307.0,10000,450.0,21693,178307
400000,77,357318.0,10000,450.0,42682,357318
600000,77,536283.0,10000,450.0,63717,536283
800000,77,715265.0,10000,450.0,84735,715265
1000000,77,894188.0,10000,450.0,105812,894188
2,78,2.0,1,0.05,0,2
3,78,3.0,1,0.05,0,3
100,78,90.0,50,2.25,10,90
200,78,179.0,100,4.5,21,179
2000,78,1774.0,1000,45.0,226,1774
10000,78,8759.0,5000,225.0,1241,8759
20000,78,17486.0,10000,450.0,2514,17486
40000,78,35411.0,10000,450.0,4589,35411
60000,78,53199.0,10000,450.0,6801,53199
80000,78,71118.0,10000,450.0,8882,71118
100000,78,88976.0,10000,450.0,11024,88976
200000,78,178388.0,10000,450.0,21612,178388
400000,78,357490.0,10000,450.0,42510,357490
600000,78,536663.0,10000,450.0,63337,536663
800000,78,715568.0,10000,450.0,84432,715568
1000000,78,894588.0,10000,450.0,105412,894588
2,79,2.0,1,0.05,0,2
3,79,3.0,1,0.05,0,3
100,79,83.0,50,2.25,17,83
200,79,174.0,100,4.5,26,174
2000,79,1765.0,1000,45.0,235,1765
10000,79,8781.0,5000,225.0,1219,8781
20000,79,17466.0,10000,450.0,2534,17466
40000,79,35431.0,10000,450.0,4569,35431
60000,79,53326.0,10000,450.0,6674,53326
80000,79,71329.0,10000,450.0,8671,71329
100000,79,89279.0,10000,450.0,10721,89279
200000,79,178745.0,10000,450.0,21255,178745
400000,79,357893.0,10000,450.0,42107,357893
600000,79,536875.0,10000,450.0,63125,536875
800000,79,715942.0,10000,450.0,84058,715942
1000000,79,894796.0,10000,450.0,105204,894796
2,80,2.0,1,0.05,0,2
3,80,3.0,1,0.05,0,3
100,80,86.0,50,2.25,14,86
200,80,173.0,100,4.5,27,173
2000,80,1746.0,1000,45.0,254,1746
10000,80,8754.0,5000,225.0,1246,8754
20000,80,17460.0,10000,450.0,2540,17460
40000,80,35437.0,10000,450.0,4563,35437
60000,80,53276.0,10000,450.0,6724,53276
80000,80,71187.0,10000,450.0,8813,71187
100000,80,89037.0,10000,450.0,10963,89037
200000,80,178564.0,10000,450.0,21436,178564
400000,80,357531.0,10000,450.0,42469,357531
600000,80,536766.0,10000,450.0,63234,536766
800000,80,715784.0,10000,450.0,84216,715784
1000000,80,894787.0,10000,450.0,105213,894787
2,81,2.0,1,0.05,0,2
3,81,3.0,1,0.05,0,3
100,81,87.0,50,2.25,13,87
200,81,179.0,100,4.5,21,179
2000,81,1747.0,1000,45.0,253,1747
10000,81,8738.0,5000,225.0,1262,8738
20000,81,17431.0,10000,450.0,2569,17431
40000,81,35276.0,10000,450.0,4724,35276
60000,81,53252.0,10000,450.0,6748,53252
80000,81,71184.0,10000,450.0,8816,71184
100000,81,89104.0,10000,450.0,10896,89104
200000,81,178560.0,10000,450.0,21440,178560
400000,81,357679.0,10000,450.0,42321,357679
600000,81,536635.0,10000,450.0,63365,536635
800000,81,715793.0,10000,450.0,84207,715793
1000000,81,894872.0,10000,450.0,105128,894872
2,82,2.0,1,0.05,0,2
3,82,3.0,1,0.05,0,3
100,82,91.0,50,2.25,9,91
200,82,174.0,100,4.5,26,174
2000,82,1755.0,1000,45.0,245,1755
10000,82,8693.0,5000,225.0,1307,8693
20000,82,17380.0,10000,450.0,2620,17380
40000,82,35344.0,10000,450.0,4656,35344
60000,82,53271.0,10000,450.0,6729,53271
80000,82,71220.0,10000,450.0,8780,71220
100000,82,89138.0,10000,450.0,10862,89138
200000,82,178722.0,10000,450.0,21278,178722
400000,82,357544.0,10000,450.0,42456,357544
600000,82,536502.0,10000,450.0,63498,536502
800000,82,715286.0,10000,450.0,84714,715286
1000000,82,894356.0,10000,450.0,105644,894356
2,83,2.0,1,0.05,0,2
3,83,3.0,1,0.05,0,3
100,83,90.0,50,2.25,10,90
200,83,179.0,100,4.5,21,179
2000,83,1734.0,1000,45.0,266,1734
10000,83,8731.0,5000,225.0,1269,8731
20000,83,17463.0,10000,450.0,2537,17463
40000,83,35362.0,10000,450.0,4638,35362
60000,83,53252.0,10000,450.0,6748,53252
80000,83,71099.0,10000,450.0,8901,71099
100000,83,88922.0,10000,450.0,11078,88922
200000,83,178413.0,10000,450.0,21587,178413
400000,83,357436.0,10000,450.0,42564,357436
600000,83,536217.0,10000,450.0,63783,536217
800000,83,715122.0,10000,450.0,84878,715122
1000000,83,894027.0,10000,450.0,105973,894027
2,84,2.0,1,0.05,0,2
3,84,3.0,1,0.05,0,3
100,84,92.0,50,2.25,8,92
200,84,181.0,100,4.5,19,181
2000,84,1758.0,1000,45.0,242,1758
10000,84,8717.0,5000,225.0,1283,8717
20000,84,17412.0,10000,450.0,2588,17412
40000,84,35282.0,10000,450.0,4718,35282
60000,84,53149.0,10000,450.0,6851,53149
80000,84,70992.0,10000,450.0,9008,70992
100000,84,88967.0,10000,450.0,11033,88967
200000,84,178420.0,10000,450.0,21580,178420
400000,84,357543.0,10000,450.0,42457,357543
600000,84,536473.0,10000,450.0,63527,536473
800000,84,715435.0,10000,450.0,84565,715435
1000000,84,894551.0,10000,450.0,105449,894551
2,85,1.0,1,0.05,1,1
3,85,1.0,1,0.05,2,1
100,85,85.0,50,2.25,15,85
200,85,174.0,100,4.5,26,174
2000,85,1701.0,1000,45.0,299,1701
10000,85,8668.0,5000,225.0,1332,8668
20000,85,17352.0,10000,450.0,2648,17352
40000,85,35200.0,10000,450.0,4800,35200
60000,85,53081.0,10000,450.0,6919,53081
80000,85,71031.0,10000,450.0,8969,71031
100000,85,88894.0,10000,450.0,11106,88894
200000,85,178437.0,10000,450.0,21563,178437
400000,85,357435.0,10000,450.0,42565,357435
600000,85,536406.0,10000,450.0,63594,536406
800000,85,715304.0,10000,450.0,84696,715304
1000000,85,894281.0,10000,450.0,105719,894281
2,86,2.0,1,0.05,0,2
3,86,3.0,1,0.05,0,3
100,86,84.0,50,2.25,16,84
200,86,173.0,100,4.5,27,173
2000,86,1777.0,1000,45.0,223,1777
10000,86,8722.0,5000,225.0,1278,8722
20000,86,17454.0,10000,450.0,2546,17454
40000,86,35335.0,10000,450.0,4665,35335
60000,86,53238.0,10000,450.0,6762,53238
80000,86,71082.0,10000,450.0,8918,71082
100000,86,88862.0,10000,450.0,11138,88862
200000,86,178374.0,10000,450.0,21626,178374
400000,86,357382.0,10000,450.0,42618,357382
600000,86,536420.0,10000,450.0,63580,536420
800000,86,715423.0,10000,450.0,84577,715423
1000000,86,894160.0,10000,450.0,105840,894160
2,87,2.0,1,0.05,0,2
3,87,2.0,1,0.05,1,2
100,87,91.0,50,2.25,9,91
200,87,187.0,100,4.5,13,187
2000,87,1766.0,1000,45.0,234,1766
10000,87,8702.0,5000,225.0,1298,8702
20000,87,17448.0,10000,450.0,2552,17448
40000,87,35382.0,10000,450.0,4618,35382
60000,87,53321.0,10000,450.0,6679,53321
80000,87,71258.0,10000,450.0,8742,71258
100000,87,89112.0,10000,450.0,10888,89112
200000,87,178476.0,10000,450.0,21524,178476
400000,87,357614.0,10000,450.0,42386,357614
600000,87,536585.0,10000,450.0,63415,536585
800000,87,715632.0,10000,450.0,84368,715632
1000000,87,894483.0,10000,450.0,105517,894483
2,88,2.0,1,0.05,0,2
3,88,3.0,1,0.05,0,3
100,88,82.0,50,2.25,18,82
200,88,171.0,100,4.5,29,171
2000,88,1738.0,1000,45.0,262,1738
10000,88,8734.0,5000,225.0,1266,8734
20000,88,17475.0,10000,450.0,2525,17475
40000,88,35322.0,10000,450.0,4678,35322
60000,88,53220.0,10000,450.0,6780,53220
80000,88,71072.0,10000,450.0,8928,71072
100000,88,88973.0,10000,450.0,11027,88973
200000,88,178627.0,10000,450.0,21373,178627
400000,88,357637.0,10000,450.0,42363,357637
600000,88,536667.0,10000,450.0,63333,536667
800000,88,715525.0,10000,450.0,84475,715525
1000000,88,894671.0,10000,450.0,105329,894671
2,89,1.0,1,0.05,1,1
3,89,2.0,1,0.05,1,2
100,89,82.0,50,2.25,18,82
200,89,173.0,100,4.5,27,173
2000,89,1748.0,1000,45.0,252,1748
10000,89,8745.0,5000,225.0,1255,8745
20000,89,17492.0,10000,450.0,2508,17492
40000,89,35437.0,10000,450.0,4563,35437
60000,89,53278.0,10000,450.0,6722,53278
80000,89,71189.0,10000,450.0,8811,71189
100000,89,89112.0,10000,450.0,10888,89112
200000,89,178528.0,10000,450.0,21472,178528
400000,89,357370.0,10000,450.0,42630,357370
600000,89,536192.0,10000,450.0,63808,536192
800000,89,715208.0,10000,450.0,84792,715208
1000000,89,894387.0,10000,450.0,105613,894387
2,90,2.0,1,0.05,0,2
3,90,3.0,1,0.05,0,3
100,90,82.0,50,2.25,18,82
200,90,172.0,100,4.5,28,172
2000,90,1718.0,1000,45.0,282,1718
10000,90,8709.0,5000,225.0,1291,8709
20000,90,17449.0,10000,450.0,2551,17449
40000,90,35415.0,10000,450.0,4585,35415
60000,90,53310.0,10000,450.0,6690,53310
80000,90,71200.0,10000,450.0,8800,71200
100000,90,89074.0,10000,450.0,10926,89074
200000,90,178496.0,10000,450.0,21504,178496
400000,90,357562.0,10000,450.0,42438,357562
600000,90,536449.0,10000,450.0,63551,536449
800000,90,715232.0,10000,450.0,84768,715232
1000000,90,894477.0,10000,450.0,105523,894477
2,91,1.0,1,0.05,1,1
3,91,2.0,1,0.05,1,2
100,91,92.0,50,2.25,8,92
200,91,181.0,100,4.5,19,181
2000,91,1755.0,1000,45.0,245,1755
10000,91,8713.0,5000,225.0,1287,8713
20000,91,17442.0,10000,450.0,2558,17442
40000,91,35363.0,10000,450.0,4637,35363
60000,91,53299.0,10000,450.0,6701,53299
80000,91,71228.0,10000,450.0,8772,71228
100000,91,89192.0,10000,450.0,10808,89192
200000,91,178567.0,10000,450.0,21433,178567
400000,91,357700.0,10000,450.0,42300,357700
600000,91,536720.0,10000,450.0,63280,536720
800000,91,715717.0,10000,450.0,84283,715717
1000000,91,894850.0,10000,450.0,105150,894850
2,92,2.0,1,0.05,0,2
3,92,3.0,1,0.05,0,3
100,92,92.0,50,2.25,8,92
200,92,180.0,100,4.5,20,180
2000,92,1775.0,1000,45.0,225,1775
10000,92,8771.0,5000,225.0,1229,8771
20000,92,17454.0,10000,450.0,2546,17454
40000,92,35390.0,10000,450.0,4610,35390
60000,92,53225.0,10000,450.0,6775,53225
80000,92,71118.0,10000,450.0,8882,71118
100000,92,88999.0,10000,450.0,11001,88999
200000,92,178513.0,10000,450.0,21487,178513
400000,92,357695.0,10000,450.0,42305,357695
600000,92,536847.0,10000,450.0,63153,536847
800000,92,716091.0,10000,450.0,83909,716091
1000000,92,895126.0,10000,450.0,104874,895126
2,93,2.0,1,0.05,0,2
3,93,2.0,1,0.05,1,2
100,93,90.0,50,2.25,10,90
200,93,171.0,100,4.5,29,171
2000,93,1745.0,1000,45.0,255,1745
10000,93,8661.0,5000,225.0,1339,8661
20000,93,17437.0,10000,450.0,2563,17437
40000,93,35367.0,10000,450.0,4633,35367
60000,93,53279.0,10000,450.0,6721,53279
80000,93,71248.0,10000,450.0,8752,71248
100000,93,89102.0,10000,450.0,10898,89102
200000,93,178451.0,10000,450.0,21549,178451
400000,93,357435.0,10000,450.0,42565,357435
600000,93,536444.0,10000,450.0,63556,536444
800000,93,715338.0,10000,450.0,84662,715338
1000000,93,894386.0,10000,450.0,105614,894386
2,94,1.0,1,0.05,1,1
3,94,2.0,1,0.05,1,2
100,94,88.0,50,2.25,12,88
200,94,173.0,100,4.5,27,173
2000,94,1744.0,1000,45.0,256,1744
10000,94,8698.0,5000,225.0,1302,8698
20000,94,17437.0,10000,450.0,2563,17437
40000,94,35279.0,10000,450.0,4721,35279
60000,94,53133.0,10000,450.0,6867,53133
80000,94,71013.0,10000,450.0,8987,71013
100000,94,88891.0,10000,450.0,11109,88891
200000,94,178451.0,10000,450.0,21549,178451
400000,94,357250.0,10000,450.0,42750,357250
600000,94,536290.0,10000,450.0,63710,536290
800000,94,715241.0,10000,450.0,84759,715241
1000000,94,894541.0,10000,450.0,105459,894541
2,95,1.0,1,0.05,1,1
3,95,2.0,1,0.05,1,2
100,95,83.0,50,2.25,17,83
200,95,171.0,100,4.5,29,171
2000,95,1765.0,1000,45.0,235,1765
10000,95,8719.0,5000,225.0,1281,8719
20000,95,17460.0,10000,450.0,2540,17460
40000,95,35348.0,10000,450.0,4652,35348
60000,95,53331.0,10000,450.0,6669,53331
80000,95,71269.0,10000,450.0,8731,71269
100000,95,89226.0,10000,450.0,10774,89226
200000,95,178819.0,10000,450.0,21181,178819
400000,95,357771.0,10000,450.0,42229,357771
600000,95,537127.0,10000,450.0,62873,537127
800000,95,716128.0,10000,450.0,83872,716128
1000000,95,895337.0,10000,450.0,104663,895337
2,96,2.0,1,0.05,0,2
3,96,3.0,1,0.05,0,3
100,96,87.0,50,2.25,13,87
200,96,174.0,100,4.5,26,174
2000,96,1731.0,1000,45.0,269,1731
10000,96,8698.0,5000,225.0,1302,8698
20000,96,17467.0,10000,450.0,2533,17467
40000,96,35371.0,10000,450.0,4629,35371
60000,96,53288.0,10000,450.0,6712,53288
80000,96,71164.0,10000,450.0,8836,71164
100000,96,89082.0,10000,450.0,10918,89082
200000,96,178701.0,10000,450.0,21299,178701
400000,96,357715.0,10000,450.0,42285,357715
600000,96,536770.0,10000,450.0,63230,536770
800000,96,715619.0,10000,450.0,84381,715619
1000000,96,894428.0,10000,450.0,105572,894428
2,97,2.0,1,0.05,0,2
3,97,2.0,1,0.05,1,2
100,97,86.0,50,2.25,14,86
200,97,171.0,100,4.5,29,171
2000,97,1747.0,1000,45.0,253,1747
10000,97,8698.0,5000,225.0,1302,8698
20000,97,17398.0,10000,450.0,2602,17398
40000,97,35281.0,10000,450.0,4719,35281
60000,97,53228.0,10000,450.0,6772,53228
80000,97,71117.0,10000,450.0,8883,71117
100000,97,89000.0,10000,450.0,11000,89000
200000,97,178512.0,10000,450.0,21488,178512
400000,97,357763.0,10000,450.0,42237,357763
600000,97,536828.0,10000,450.0,63172,536828
800000,97,715689.0,10000,450.0,84311,715689
1000000,97,894506.0,10000,450.0,105494,894506
2,98,2.0,1,0.05,0,2
3,98,3.0,1,0.05,0,3
100,98,89.0,50,2.25,11,89
200,98,176.0,100,4.5,24,176
2000,98,1771.0,1000,45.0,229,1771
10000,98,8711.0,5000,225.0,1289,8711
20000,98,17426.0,10000,450.0,2574,17426
40000,98,35236.0,10000,450.0,4764,35236
60000,98,53106.0,10000,450.0,6894,53106
80000,98,70972.0,10000,450.0,9028,70972
100000,98,88935.0,10000,450.0,11065,88935
200000,98,178521.0,10000,450.0,21479,178521
400000,98,357428.0,10000,450.0,42572,357428
600000,98,536577.0,10000,450.0,63423,536577
800000,98,715729.0,10000,450.0,84271,715729
1000000,98,894823.0,10000,450.0,105177,894823
2,99,2.0,1,0.05,0,2
3,99,3.0,1,0.05,0,3
100,99,91.0,50,2.25,9,91
200,99,179.0,100,4.5,21,179
2000,99,1744.0,1000,45.0,256,1744
10000,99,8713.0,5000,225.0,1287,8713
20000,99,17432.0,10000,450.0,2568,17432
40000,99,35337.0,10000,450.0,4663,35337
60000,99,53227.0,10000,450.0,6773,53227
80000,99,71125.0,10000,450.0,8875,71125
100000,99,89048.0,10000,450.0,10952,89048
200000,99,178650.0,10000,450.0,21350,178650
400000,99,357582.0,10000,450.0,42418,357582
600000,99,536687.0,10000,450.0,63313,536687
800000,99,715912.0,10000,450.0,84088,715912
1000000,99,894975.0,10000,450.0,105025,894975
2,100,2.0,1,0.05,0,2
3,100,3.0,1,0.05,0,3
100,100,93.0,50,2.25,7,93
200,100,185.0,100,4.5,15,185
2000,100,1768.0,1000,45.0,232,1768
10000,100,8779.0,5000,225.0,1221,8779
20000,100,17513.0,10000,450.0,2487,17513
40000,100,35366.0,10000,450.0,4634,35366
60000,100,53307.0,10000,450.0,6693,53307
80000,100,71226.0,10000,450.0,8774,71226
100000,100,89120.0,10000,450.0,10880,89120
200000,100,178564.0,10000,450.0,21436,178564
400000,100,357392.0,10000,450.0,42608,357392
600000,100,536104.0,10000,450.0,63896,536104
800000,100,715166.0,10000,450.0,84834,715166
1000000,100,894371.0,10000,450.0,105629,894371
