Timestep,Iteration,Total Reward,Suboptimal Arms,Total Regret,Zeros Count,Ones Count
2,1,1.0,1,0.0,1,1
3,1,2.0,2,0.0,1,2
100,1,89.0,66,0.0,11,89
200,1,176.0,133,0.0,24,176
2000,1,1782.0,1333,0.0,218,1782
10000,1,8948.0,6666,0.0,1052,8948
20000,1,17873.0,13333,0.0,2127,17873
40000,1,35833.0,30000,0.0,4167,35833
60000,1,53736.0,50000,0.0,6264,53736
80000,1,71632.0,70000,0.0,8368,71632
100000,1,89558.0,90000,0.0,10442,89558
200000,1,179074.0,190000,0.0,20926,179074
400000,1,357910.0,390000,0.0,42090,357910
600000,1,537124.0,590000,0.0,62876,537124
800000,1,716095.0,790000,0.0,83905,716095
1000000,1,895305.0,990000,0.0,104695,895305
2,2,2.0,1,0.0,0,2
3,2,3.0,2,0.0,0,3
100,2,92.0,66,0.0,8,92
200,2,185.0,133,0.0,15,185
2000,2,1794.0,1333,0.0,206,1794
10000,2,8976.0,6666,0.0,1024,8976
20000,2,17912.0,13333,0.0,2088,17912
40000,2,35844.0,30000,0.0,4156,35844
60000,2,53760.0,50000,0.0,6240,53760
80000,2,71685.0,70000,0.0,8315,71685
100000,2,89599.0,90000,0.0,10401,89599
200000,2,179164.0,190000,0.0,20836,179164
400000,2,358306.0,390000,0.0,41694,358306
600000,2,537246.0,590000,0.0,62754,537246
800000,2,716318.0,790000,0.0,83682,716318
1000000,2,895241.0,990000,0.0,104759,895241
2,3,2.0,1,0.0,0,2
3,3,3.0,2,0.0,0,3
100,3,94.0,66,0.0,6,94
200,3,183.0,133,0.0,17,183
2000,3,1800.0,1333,0.0,200,1800
10000,3,8994.0,6666,0.0,1006,8994
20000,3,17942.0,13333,0.0,2058,17942
40000,3,35819.0,20402,0.0,4181,35819
60000,3,53707.0,21002,0.0,6293,53707
80000,3,71527.0,24703,0.0,8473,71527
100000,3,89522.0,24703,0.0,10478,89522
200000,3,179146.0,24703,0.0,20854,179146
400000,3,358213.0,24703,0.0,41787,358213
600000,3,536957.0,24703,0.0,63043,536957
800000,3,715994.0,24703,0.0,84006,715994
1000000,3,895079.0,24703,0.0,104921,895079
2,4,2.0,1,0.0,0,2
3,4,3.0,2,0.0,0,3
100,4,89.0,66,0.0,11,89
200,4,179.0,133,0.0,21,179
2000,4,1791.0,1333,0.0,209,1791
10000,4,8946.0,6666,0.0,1054,8946
20000,4,17883.0,13333,0.0,2117,17883
40000,4,35860.0,20087,0.0,4140,35860
60000,4,53700.0,21818,0.0,6300,53700
80000,4,71600.0,21908,0.0,8400,71600
100000,4,89570.0,21908,0.0,10430,89570
200000,4,179147.0,21908,0.0,20853,179147
400000,4,358145.0,21908,0.0,41855,358145
600000,4,537187.0,21908,0.0,62813,537187
800000,4,716085.0,21908,0.0,83915,716085
1000000,4,895167.0,21908,0.0,104833,895167
2,5,2.0,1,0.0,0,2
3,5,3.0,2,0.0,0,3
100,5,90.0,66,0.0,10,90
200,5,181.0,133,0.0,19,181
2000,5,1783.0,1333,0.0,217,1783
10000,5,8946.0,6666,0.0,1054,8946
20000,5,17878.0,13333,0.0,2122,17878
40000,5,35791.0,30000,0.0,4209,35791
60000,5,53692.0,50000,0.0,6308,53692
80000,5,71571.0,70000,0.0,8429,71571
100000,5,89410.0,90000,0.0,10590,89410
200000,5,178799.0,190000,0.0,21201,178799
400000,5,357694.0,390000,0.0,42306,357694
600000,5,536777.0,590000,0.0,63223,536777
800000,5,715829.0,790000,0.0,84171,715829
1000000,5,894893.0,990000,0.0,105107,894893
2,6,2.0,1,0.0,0,2
3,6,2.0,2,0.0,1,2
100,6,88.0,66,0.0,12,88
200,6,180.0,133,0.0,20,180
2000,6,1790.0,1333,0.0,210,1790
10000,6,8942.0,6666,0.0,1058,8942
20000,6,17888.0,13333,0.0,2112,17888
40000,6,35812.0,30000,0.0,4188,35812
60000,6,53709.0,50000,0.0,6291,53709
80000,6,71594.0,69867,0.0,8406,71594
100000,6,89525.0,89867,0.0,10475,89525
200000,6,179155.0,189867,0.0,20845,179155
400000,6,358039.0,389867,0.0,41961,358039
600000,6,537239.0,589867,0.0,62761,537239
800000,6,716069.0,789867,0.0,83931,716069
1000000,6,895127.0,989867,0.0,104873,895127
2,7,1.0,1,0.0,1,1
3,7,2.0,2,0.0,1,2
100,7,91.0,66,0.0,9,91
200,7,182.0,133,0.0,18,182
2000,7,1794.0,1333,0.0,206,1794
10000,7,8948.0,6666,0.0,1052,8948
20000,7,17841.0,13333,0.0,2159,17841
40000,7,35768.0,30000,0.0,4232,35768
60000,7,53608.0,50000,0.0,6392,53608
80000,7,71528.0,70000,0.0,8472,71528
100000,7,89463.0,90000,0.0,10537,89463
200000,7,179004.0,190000,0.0,20996,179004
400000,7,358049.0,390000,0.0,41951,358049
600000,7,537060.0,590000,0.0,62940,537060
800000,7,716063.0,790000,0.0,83937,716063
1000000,7,895141.0,990000,0.0,104859,895141
2,8,2.0,1,0.0,0,2
3,8,3.0,2,0.0,0,3
100,8,88.0,66,0.0,12,88
200,8,179.0,133,0.0,21,179
2000,8,1802.0,1333,0.0,198,1802
10000,8,8955.0,6666,0.0,1045,8955
20000,8,17965.0,13333,0.0,2035,17965
40000,8,35824.0,22805,0.0,4176,35824
60000,8,53694.0,23877,0.0,6306,53694
80000,8,71564.0,23877,0.0,8436,71564
100000,8,89424.0,24003,0.0,10576,89424
200000,8,178912.0,24003,0.0,21088,178912
400000,8,358039.0,24003,0.0,41961,358039
600000,8,536746.0,24003,0.0,63254,536746
800000,8,715622.0,24003,0.0,84378,715622
1000000,8,894555.0,24003,0.0,105445,894555
2,9,2.0,1,0.0,0,2
3,9,3.0,2,0.0,0,3
100,9,92.0,66,0.0,8,92
200,9,185.0,133,0.0,15,185
2000,9,1789.0,1333,0.0,211,1789
10000,9,8986.0,6666,0.0,1014,8986
20000,9,17928.0,13333,0.0,2072,17928
40000,9,35821.0,30000,0.0,4179,35821
60000,9,53677.0,50000,0.0,6323,53677
80000,9,71630.0,70000,0.0,8370,71630
100000,9,89422.0,90000,0.0,10578,89422
200000,9,178892.0,189843,0.0,21108,178892
400000,9,357621.0,389843,0.0,42379,357621
600000,9,536778.0,589843,0.0,63222,536778
800000,9,715731.0,789843,0.0,84269,715731
1000000,9,894956.0,989843,0.0,105044,894956
2,10,2.0,1,0.0,0,2
3,10,3.0,2,0.0,0,3
100,10,89.0,66,0.0,11,89
200,10,177.0,133,0.0,23,177
2000,10,1798.0,1333,0.0,202,1798
10000,10,8969.0,6666,0.0,1031,8969
20000,10,17921.0,13333,0.0,2079,17921
40000,10,35736.0,30000,0.0,4264,35736
60000,10,53687.0,50000,0.0,6313,53687
80000,10,71554.0,70000,0.0,8446,71554
100000,10,89433.0,90000,0.0,10567,89433
200000,10,178985.0,190000,0.0,21015,178985
400000,10,357826.0,390000,0.0,42174,357826
600000,10,536713.0,590000,0.0,63287,536713
800000,10,715639.0,790000,0.0,84361,715639
1000000,10,894711.0,990000,0.0,105289,894711
2,11,2.0,1,0.0,0,2
3,11,3.0,2,0.0,0,3
100,11,87.0,66,0.0,13,87
200,11,178.0,133,0.0,22,178
2000,11,1799.0,1333,0.0,201,1799
10000,11,8941.0,6666,0.0,1059,8941
20000,11,17891.0,13333,0.0,2109,17891
40000,11,35763.0,29337,0.0,4237,35763
60000,11,53728.0,49337,0.0,6272,53728
80000,11,71692.0,69337,0.0,8308,71692
100000,11,89636.0,89337,0.0,10364,89636
200000,11,179127.0,189337,0.0,20873,179127
400000,11,358124.0,389337,0.0,41876,358124
600000,11,537205.0,589337,0.0,62795,537205
800000,11,716340.0,789337,0.0,83660,716340
1000000,11,895182.0,989337,0.0,104818,895182
2,12,2.0,1,0.0,0,2
3,12,3.0,2,0.0,0,3
100,12,91.0,66,0.0,9,91
200,12,182.0,133,0.0,18,182
2000,12,1793.0,1333,0.0,207,1793
10000,12,8978.0,6666,0.0,1022,8978
20000,12,17894.0,13333,0.0,2106,17894
40000,12,35825.0,30000,0.0,4175,35825
60000,12,53675.0,49407,0.0,6325,53675
80000,12,71462.0,67310,0.0,8538,71462
100000,12,89398.0,86831,0.0,10602,89398
200000,12,178825.0,186831,0.0,21175,178825
400000,12,357781.0,386831,0.0,42219,357781
600000,12,536996.0,586831,0.0,63004,536996
800000,12,716295.0,786831,0.0,83705,716295
1000000,12,895382.0,986831,0.0,104618,895382
2,13,2.0,1,0.0,0,2
3,13,2.0,2,0.0,1,2
100,13,91.0,66,0.0,9,91
200,13,181.0,133,0.0,19,181
2000,13,1813.0,1333,0.0,187,1813
10000,13,8963.0,6666,0.0,1037,8963
20000,13,17904.0,13333,0.0,2096,17904
40000,13,35748.0,26541,0.0,4252,35748
60000,13,53630.0,27950,0.0,6370,53630
80000,13,71515.0,31012,0.0,8485,71515
100000,13,89377.0,31012,0.0,10623,89377
200000,13,179036.0,31012,0.0,20964,179036
400000,13,358241.0,31012,0.0,41759,358241
600000,13,537172.0,31012,0.0,62828,537172
800000,13,716040.0,31012,0.0,83960,716040
1000000,13,894991.0,31012,0.0,105009,894991
2,14,2.0,1,0.0,0,2
3,14,3.0,2,0.0,0,3
100,14,87.0,66,0.0,13,87
200,14,177.0,133,0.0,23,177
2000,14,1792.0,1333,0.0,208,1792
10000,14,8958.0,6666,0.0,1042,8958
20000,14,17886.0,13333,0.0,2114,17886
40000,14,35753.0,22369,0.0,4247,35753
60000,14,53683.0,42369,0.0,6317,53683
80000,14,71556.0,62369,0.0,8444,71556
100000,14,89450.0,82369,0.0,10550,89450
200000,14,179010.0,182369,0.0,20990,179010
400000,14,358073.0,382369,0.0,41927,358073
600000,14,537046.0,582369,0.0,62954,537046
800000,14,715880.0,782369,0.0,84120,715880
1000000,14,894994.0,982369,0.0,105006,894994
2,15,2.0,1,0.0,0,2
3,15,3.0,2,0.0,0,3
100,15,93.0,66,0.0,7,93
200,15,186.0,133,0.0,14,186
2000,15,1793.0,1333,0.0,207,1793
10000,15,8983.0,6666,0.0,1017,8983
20000,15,17908.0,13333,0.0,2092,17908
40000,15,35839.0,30000,0.0,4161,35839
60000,15,53739.0,50000,0.0,6261,53739
80000,15,71586.0,70000,0.0,8414,71586
100000,15,89472.0,89993,0.0,10528,89472
200000,15,179080.0,189404,0.0,20920,179080
400000,15,358260.0,389404,0.0,41740,358260
600000,15,536991.0,589404,0.0,63009,536991
800000,15,716191.0,789404,0.0,83809,716191
1000000,15,895383.0,989404,0.0,104617,895383
2,16,2.0,1,0.0,0,2
3,16,3.0,2,0.0,0,3
100,16,92.0,66,0.0,8,92
200,16,180.0,133,0.0,20,180
2000,16,1789.0,1333,0.0,211,1789
10000,16,8926.0,6666,0.0,1074,8926
20000,16,17862.0,13333,0.0,2138,17862
40000,16,35750.0,24343,0.0,4250,35750
60000,16,53714.0,44343,0.0,6286,53714
80000,16,71732.0,64343,0.0,8268,71732
100000,16,89633.0,84343,0.0,10367,89633
200000,16,179206.0,184343,0.0,20794,179206
400000,16,358142.0,384343,0.0,41858,358142
600000,16,537063.0,584343,0.0,62937,537063
800000,16,715916.0,784343,0.0,84084,715916
1000000,16,894879.0,984343,0.0,105121,894879
2,17,2.0,1,0.0,0,2
3,17,2.0,2,0.0,1,2
100,17,84.0,66,0.0,16,84
200,17,177.0,133,0.0,23,177
2000,17,1786.0,1333,0.0,214,1786
10000,17,8921.0,6666,0.0,1079,8921
20000,17,17853.0,13333,0.0,2147,17853
40000,17,35763.0,30000,0.0,4237,35763
60000,17,53646.0,50000,0.0,6354,53646
80000,17,71510.0,69994,0.0,8490,71510
100000,17,89366.0,89994,0.0,10634,89366
200000,17,178862.0,189994,0.0,21138,178862
400000,17,357800.0,389994,0.0,42200,357800
600000,17,536728.0,589994,0.0,63272,536728
800000,17,715833.0,789994,0.0,84167,715833
1000000,17,894964.0,989994,0.0,105036,894964
2,18,2.0,1,0.0,0,2
3,18,3.0,2,0.0,0,3
100,18,86.0,66,0.0,14,86
200,18,171.0,133,0.0,29,171
2000,18,1802.0,1333,0.0,198,1802
10000,18,8980.0,6666,0.0,1020,8980
20000,18,17872.0,13333,0.0,2128,17872
40000,18,35825.0,30000,0.0,4175,35825
60000,18,53682.0,50000,0.0,6318,53682
80000,18,71564.0,69661,0.0,8436,71564
100000,18,89504.0,89661,0.0,10496,89504
200000,18,178977.0,189661,0.0,21023,178977
400000,18,357976.0,353558,0.0,42024,357976
600000,18,537083.0,553558,0.0,62917,537083
800000,18,716088.0,753558,0.0,83912,716088
1000000,18,895066.0,953558,0.0,104934,895066
2,19,2.0,1,0.0,0,2
3,19,3.0,2,0.0,0,3
100,19,91.0,66,0.0,9,91
200,19,178.0,133,0.0,22,178
2000,19,1797.0,1333,0.0,203,1797
10000,19,8954.0,6666,0.0,1046,8954
20000,19,17877.0,13333,0.0,2123,17877
40000,19,35807.0,27500,0.0,4193,35807
60000,19,53735.0,27500,0.0,6265,53735
80000,19,71629.0,27500,0.0,8371,71629
100000,19,89577.0,27500,0.0,10423,89577
200000,19,179215.0,27500,0.0,20785,179215
400000,19,358256.0,27500,0.0,41744,358256
600000,19,537190.0,27500,0.0,62810,537190
800000,19,716442.0,27500,0.0,83558,716442
1000000,19,895364.0,27500,0.0,104636,895364
2,20,2.0,1,0.0,0,2
3,20,3.0,2,0.0,0,3
100,20,88.0,66,0.0,12,88
200,20,181.0,133,0.0,19,181
2000,20,1808.0,1333,0.0,192,1808
10000,20,8966.0,6666,0.0,1034,8966
20000,20,17953.0,13333,0.0,2047,17953
40000,20,35894.0,28063,0.0,4106,35894
60000,20,53802.0,47179,0.0,6198,53802
80000,20,71676.0,67179,0.0,8324,71676
100000,20,89635.0,67714,0.0,10365,89635
200000,20,179130.0,72791,0.0,20870,179130
400000,20,358053.0,90983,0.0,41947,358053
600000,20,537145.0,90983,0.0,62855,537145
800000,20,715977.0,90983,0.0,84023,715977
1000000,20,895090.0,90983,0.0,104910,895090
2,21,1.0,1,0.0,1,1
3,21,2.0,2,0.0,1,2
100,21,85.0,66,0.0,15,85
200,21,175.0,133,0.0,25,175
2000,21,1785.0,1333,0.0,215,1785
10000,21,8941.0,6666,0.0,1059,8941
20000,21,17883.0,13333,0.0,2117,17883
40000,21,35786.0,20000,0.0,4214,35786
60000,21,53634.0,20000,0.0,6366,53634
80000,21,71538.0,20150,0.0,8462,71538
100000,21,89400.0,25799,0.0,10600,89400
200000,21,178857.0,125799,0.0,21143,178857
400000,21,357736.0,325799,0.0,42264,357736
600000,21,537026.0,525799,0.0,62974,537026
800000,21,716106.0,725799,0.0,83894,716106
1000000,21,895104.0,925799,0.0,104896,895104
2,22,2.0,1,0.0,0,2
3,22,3.0,2,0.0,0,3
100,22,89.0,66,0.0,11,89
200,22,180.0,133,0.0,20,180
2000,22,1800.0,1333,0.0,200,1800
10000,22,8958.0,6666,0.0,1042,8958
20000,22,17933.0,13333,0.0,2067,17933
40000,22,35848.0,30000,0.0,4152,35848
60000,22,53798.0,40786,0.0,6202,53798
80000,22,71734.0,40786,0.0,8266,71734
100000,22,89685.0,40786,0.0,10315,89685
200000,22,179084.0,91921,0.0,20916,179084
400000,22,357910.0,101099,0.0,42090,357910
600000,22,536989.0,110065,0.0,63011,536989
800000,22,715792.0,110065,0.0,84208,715792
1000000,22,895153.0,110065,0.0,104847,895153
2,23,2.0,1,0.0,0,2
3,23,3.0,2,0.0,0,3
100,23,86.0,66,0.0,14,86
200,23,171.0,133,0.0,29,171
2000,23,1770.0,1333,0.0,230,1770
10000,23,8903.0,6666,0.0,1097,8903
20000,23,17884.0,13333,0.0,2116,17884
40000,23,35792.0,30000,0.0,4208,35792
60000,23,53700.0,50000,0.0,6300,53700
80000,23,71518.0,69714,0.0,8482,71518
100000,23,89510.0,89714,0.0,10490,89510
200000,23,179152.0,189714,0.0,20848,179152
400000,23,358061.0,389714,0.0,41939,358061
600000,23,537052.0,589714,0.0,62948,537052
800000,23,716227.0,789714,0.0,83773,716227
1000000,23,895281.0,989714,0.0,104719,895281
2,24,1.0,1,0.0,1,1
3,24,2.0,2,0.0,1,2
100,24,92.0,66,0.0,8,92
200,24,179.0,133,0.0,21,179
2000,24,1765.0,1333,0.0,235,1765
10000,24,8955.0,6666,0.0,1045,8955
20000,24,17947.0,13333,0.0,2053,17947
40000,24,35830.0,20031,0.0,4170,35830
60000,24,53729.0,35399,0.0,6271,53729
80000,24,71519.0,55062,0.0,8481,71519
100000,24,89303.0,69431,0.0,10697,89303
200000,24,178810.0,169353,0.0,21190,178810
400000,24,357935.0,369353,0.0,42065,357935
600000,24,536787.0,569353,0.0,63213,536787
800000,24,715673.0,769353,0.0,84327,715673
1000000,24,894846.0,969353,0.0,105154,894846
2,25,2.0,1,0.0,0,2
3,25,3.0,2,0.0,0,3
100,25,89.0,66,0.0,11,89
200,25,178.0,133,0.0,22,178
2000,25,1791.0,1333,0.0,209,1791
10000,25,8966.0,6666,0.0,1034,8966
20000,25,17882.0,13333,0.0,2118,17882
40000,25,35847.0,24310,0.0,4153,35847
60000,25,53743.0,28099,0.0,6257,53743
80000,25,71660.0,28099,0.0,8340,71660
100000,25,89552.0,28099,0.0,10448,89552
200000,25,179027.0,28475,0.0,20973,179027
400000,25,357969.0,28475,0.0,42031,357969
600000,25,536981.0,28475,0.0,63019,536981
800000,25,715928.0,28475,0.0,84072,715928
1000000,25,894979.0,28475,0.0,105021,894979
2,26,2.0,1,0.0,0,2
3,26,3.0,2,0.0,0,3
100,26,93.0,66,0.0,7,93
200,26,184.0,133,0.0,16,184
2000,26,1778.0,1333,0.0,222,1778
10000,26,8972.0,6666,0.0,1028,8972
20000,26,17950.0,13333,0.0,2050,17950
40000,26,35796.0,25863,0.0,4204,35796
60000,26,53740.0,26003,0.0,6260,53740
80000,26,71605.0,26083,0.0,8395,71605
100000,26,89501.0,28803,0.0,10499,89501
200000,26,178918.0,35888,0.0,21082,178918
400000,26,358187.0,35888,0.0,41813,358187
600000,26,537416.0,35888,0.0,62584,537416
800000,26,716332.0,35888,0.0,83668,716332
1000000,26,895170.0,35888,0.0,104830,895170
2,27,2.0,1,0.0,0,2
3,27,2.0,2,0.0,1,2
100,27,87.0,66,0.0,13,87
200,27,174.0,133,0.0,26,174
2000,27,1772.0,1333,0.0,228,1772
10000,27,8916.0,6666,0.0,1084,8916
20000,27,17882.0,13333,0.0,2118,17882
40000,27,35733.0,20000,0.0,4267,35733
60000,27,53576.0,20000,0.0,6424,53576
80000,27,71524.0,20000,0.0,8476,71524
100000,27,89354.0,20000,0.0,10646,89354
200000,27,178778.0,20000,0.0,21222,178778
400000,27,357671.0,20000,0.0,42329,357671
600000,27,536801.0,20000,0.0,63199,536801
800000,27,715790.0,20000,0.0,84210,715790
1000000,27,894651.0,20000,0.0,105349,894651
2,28,2.0,1,0.0,0,2
3,28,3.0,2,0.0,0,3
100,28,94.0,66,0.0,6,94
200,28,182.0,133,0.0,18,182
2000,28,1813.0,1333,0.0,187,1813
10000,28,8938.0,6666,0.0,1062,8938
20000,28,17916.0,13333,0.0,2084,17916
40000,28,35762.0,20000,0.0,4238,35762
60000,28,53672.0,20000,0.0,6328,53672
80000,28,71629.0,20000,0.0,8371,71629
100000,28,89466.0,20000,0.0,10534,89466
200000,28,179284.0,20000,0.0,20716,179284
400000,28,358138.0,20000,0.0,41862,358138
600000,28,537127.0,20000,0.0,62873,537127
800000,28,716049.0,20000,0.0,83951,716049
1000000,28,895176.0,20000,0.0,104824,895176
2,29,1.0,1,0.0,1,1
3,29,2.0,2,0.0,1,2
100,29,82.0,66,0.0,18,82
200,29,169.0,133,0.0,31,169
2000,29,1793.0,1333,0.0,207,1793
10000,29,8999.0,6666,0.0,1001,8999
20000,29,17970.0,13333,0.0,2030,17970
40000,29,35896.0,30000,0.0,4104,35896
60000,29,53856.0,50000,0.0,6144,53856
80000,29,71693.0,69863,0.0,8307,71693
100000,29,89660.0,89863,0.0,10340,89660
200000,29,179216.0,189775,0.0,20784,179216
400000,29,358341.0,389775,0.0,41659,358341
600000,29,537264.0,588546,0.0,62736,537264
800000,29,716125.0,788509,0.0,83875,716125
1000000,29,895145.0,988509,0.0,104855,895145
2,30,2.0,1,0.0,0,2
3,30,3.0,2,0.0,0,3
100,30,90.0,66,0.0,10,90
200,30,180.0,133,0.0,20,180
2000,30,1782.0,1333,0.0,218,1782
10000,30,8947.0,6666,0.0,1053,8947
20000,30,17881.0,13333,0.0,2119,17881
40000,30,35855.0,20000,0.0,4145,35855
60000,30,53746.0,20000,0.0,6254,53746
80000,30,71678.0,20000,0.0,8322,71678
100000,30,89631.0,20000,0.0,10369,89631
200000,30,179054.0,20000,0.0,20946,179054
400000,30,357988.0,29908,0.0,42012,357988
600000,30,536988.0,29972,0.0,63012,536988
800000,30,715929.0,29972,0.0,84071,715929
1000000,30,894898.0,30013,0.0,105102,894898
2,31,2.0,1,0.0,0,2
3,31,3.0,2,0.0,0,3
100,31,93.0,66,0.0,7,93
200,31,188.0,133,0.0,12,188
2000,31,1786.0,1333,0.0,214,1786
10000,31,8948.0,6666,0.0,1052,8948
20000,31,17937.0,13333,0.0,2063,17937
40000,31,35839.0,26527,0.0,4161,35839
60000,31,53759.0,46482,0.0,6241,53759
80000,31,71691.0,58807,0.0,8309,71691
100000,31,89537.0,78404,0.0,10463,89537
200000,31,179021.0,119113,0.0,20979,179021
400000,31,358067.0,137346,0.0,41933,358067
600000,31,536985.0,137346,0.0,63015,536985
800000,31,716233.0,137346,0.0,83767,716233
1000000,31,895136.0,137346,0.0,104864,895136
2,32,2.0,1,0.0,0,2
3,32,3.0,2,0.0,0,3
100,32,88.0,66,0.0,12,88
200,32,179.0,133,0.0,21,179
2000,32,1786.0,1333,0.0,214,1786
10000,32,8929.0,6666,0.0,1071,8929
20000,32,17845.0,13333,0.0,2155,17845
40000,32,35706.0,30000,0.0,4294,35706
60000,32,53552.0,50000,0.0,6448,53552
80000,32,71397.0,70000,0.0,8603,71397
100000,32,89281.0,90000,0.0,10719,89281
200000,32,178774.0,190000,0.0,21226,178774
400000,32,357756.0,390000,0.0,42244,357756
600000,32,536624.0,590000,0.0,63376,536624
800000,32,715382.0,790000,0.0,84618,715382
1000000,32,894485.0,990000,0.0,105515,894485
2,33,2.0,1,0.0,0,2
3,33,3.0,2,0.0,0,3
100,33,91.0,66,0.0,9,91
200,33,179.0,133,0.0,21,179
2000,33,1800.0,1333,0.0,200,1800
10000,33,8990.0,6666,0.0,1010,8990
20000,33,17939.0,13333,0.0,2061,17939
40000,33,35850.0,29716,0.0,4150,35850
60000,33,53797.0,49716,0.0,6203,53797
80000,33,71613.0,66737,0.0,8387,71613
100000,33,89459.0,79820,0.0,10541,89459
200000,33,178969.0,79820,0.0,21031,178969
400000,33,357863.0,79820,0.0,42137,357863
600000,33,536845.0,79820,0.0,63155,536845
800000,33,715865.0,79820,0.0,84135,715865
1000000,33,894881.0,79820,0.0,105119,894881
2,34,2.0,1,0.0,0,2
3,34,3.0,2,0.0,0,3
100,34,91.0,66,0.0,9,91
200,34,180.0,133,0.0,20,180
2000,34,1798.0,1333,0.0,202,1798
10000,34,8964.0,6666,0.0,1036,8964
20000,34,17921.0,13333,0.0,2079,17921
40000,34,35798.0,30000,0.0,4202,35798
60000,34,53626.0,49901,0.0,6374,53626
80000,34,71533.0,66180,0.0,8467,71533
100000,34,89482.0,86180,0.0,10518,89482
200000,34,178974.0,186180,0.0,21026,178974
400000,34,357907.0,386180,0.0,42093,357907
600000,34,536908.0,586180,0.0,63092,536908
800000,34,716026.0,786180,0.0,83974,716026
1000000,34,895062.0,986180,0.0,104938,895062
2,35,2.0,1,0.0,0,2
3,35,3.0,2,0.0,0,3
100,35,95.0,66,0.0,5,95
200,35,185.0,133,0.0,15,185
2000,35,1797.0,1333,0.0,203,1797
10000,35,8959.0,6666,0.0,1041,8959
20000,35,17945.0,13333,0.0,2055,17945
40000,35,35908.0,30000,0.0,4092,35908
60000,35,53766.0,50000,0.0,6234,53766
80000,35,71733.0,70000,0.0,8267,71733
100000,35,89613.0,90000,0.0,10387,89613
200000,35,179234.0,189955,0.0,20766,179234
400000,35,358277.0,389955,0.0,41723,358277
600000,35,537176.0,589784,0.0,62824,537176
800000,35,715993.0,789769,0.0,84007,715993
1000000,35,894892.0,986099,0.0,105108,894892
2,36,1.0,1,0.0,1,1
3,36,2.0,2,0.0,1,2
100,36,91.0,66,0.0,9,91
200,36,180.0,133,0.0,20,180
2000,36,1789.0,1333,0.0,211,1789
10000,36,8965.0,6666,0.0,1035,8965
20000,36,17850.0,13333,0.0,2150,17850
40000,36,35761.0,30000,0.0,4239,35761
60000,36,53640.0,50000,0.0,6360,53640
80000,36,71557.0,70000,0.0,8443,71557
100000,36,89447.0,90000,0.0,10553,89447
200000,36,178902.0,190000,0.0,21098,178902
400000,36,357925.0,390000,0.0,42075,357925
600000,36,536993.0,590000,0.0,63007,536993
800000,36,716005.0,790000,0.0,83995,716005
1000000,36,895096.0,990000,0.0,104904,895096
2,37,2.0,1,0.0,0,2
3,37,3.0,2,0.0,0,3
100,37,94.0,66,0.0,6,94
200,37,187.0,133,0.0,13,187
2000,37,1806.0,1333,0.0,194,1806
10000,37,8900.0,6666,0.0,1100,8900
20000,37,17836.0,13333,0.0,2164,17836
40000,37,35752.0,20000,0.0,4248,35752
60000,37,53607.0,20000,0.0,6393,53607
80000,37,71546.0,20000,0.0,8454,71546
100000,37,89429.0,20000,0.0,10571,89429
200000,37,178928.0,20000,0.0,21072,178928
400000,37,357810.0,20000,0.0,42190,357810
600000,37,536810.0,20000,0.0,63190,536810
800000,37,715945.0,20000,0.0,84055,715945
1000000,37,894941.0,20000,0.0,105059,894941
2,38,1.0,1,0.0,1,1
3,38,2.0,2,0.0,1,2
100,38,84.0,66,0.0,16,84
200,38,176.0,133,0.0,24,176
2000,38,1801.0,1333,0.0,199,1801
10000,38,8951.0,6666,0.0,1049,8951
20000,38,17893.0,13333,0.0,2107,17893
40000,38,35789.0,20025,0.0,4211,35789
60000,38,53781.0,20184,0.0,6219,53781
80000,38,71716.0,20184,0.0,8284,71716
100000,38,89658.0,20184,0.0,10342,89658
200000,38,179221.0,20184,0.0,20779,179221
400000,38,358304.0,20184,0.0,41696,358304
600000,38,537128.0,20184,0.0,62872,537128
800000,38,715822.0,21494,0.0,84178,715822
1000000,38,894995.0,21511,0.0,105005,894995
2,39,2.0,1,0.0,0,2
3,39,3.0,2,0.0,0,3
100,39,94.0,66,0.0,6,94
200,39,179.0,133,0.0,21,179
2000,39,1778.0,1333,0.0,222,1778
10000,39,8961.0,6666,0.0,1039,8961
20000,39,17893.0,13333,0.0,2107,17893
40000,39,35766.0,22050,0.0,4234,35766
60000,39,53699.0,22419,0.0,6301,53699
80000,39,71628.0,22419,0.0,8372,71628
100000,39,89555.0,22419,0.0,10445,89555
200000,39,179089.0,22419,0.0,20911,179089
400000,39,357980.0,22419,0.0,42020,357980
600000,39,536910.0,22419,0.0,63090,536910
800000,39,715973.0,22419,0.0,84027,715973
1000000,39,895217.0,22419,0.0,104783,895217
2,40,2.0,1,0.0,0,2
3,40,3.0,2,0.0,0,3
100,40,89.0,66,0.0,11,89
200,40,179.0,133,0.0,21,179
2000,40,1798.0,1333,0.0,202,1798
10000,40,8948.0,6666,0.0,1052,8948
20000,40,17924.0,13333,0.0,2076,17924
40000,40,35780.0,22843,0.0,4220,35780
60000,40,53682.0,37125,0.0,6318,53682
80000,40,71622.0,57125,0.0,8378,71622
100000,40,89498.0,77125,0.0,10502,89498
200000,40,179069.0,177125,0.0,20931,179069
400000,40,358011.0,357371,0.0,41989,358011
600000,40,537022.0,557371,0.0,62978,537022
800000,40,715841.0,757091,0.0,84159,715841
1000000,40,894634.0,956252,0.0,105366,894634
2,41,1.0,1,0.0,1,1
3,41,2.0,2,0.0,1,2
100,41,90.0,66,0.0,10,90
200,41,186.0,133,0.0,14,186
2000,41,1835.0,1333,0.0,165,1835
10000,41,9065.0,6666,0.0,935,9065
20000,41,18002.0,13333,0.0,1998,18002
40000,41,35866.0,22609,0.0,4134,35866
60000,41,53740.0,41648,0.0,6260,53740
80000,41,71715.0,59168,0.0,8285,71715
100000,41,89694.0,79168,0.0,10306,89694
200000,41,179271.0,179168,0.0,20729,179271
400000,41,358374.0,379168,0.0,41626,358374
600000,41,537393.0,579168,0.0,62607,537393
800000,41,716296.0,779135,0.0,83704,716296
1000000,41,895567.0,979135,0.0,104433,895567
2,42,2.0,1,0.0,0,2
3,42,3.0,2,0.0,0,3
100,42,88.0,66,0.0,12,88
200,42,176.0,133,0.0,24,176
2000,42,1800.0,1333,0.0,200,1800
10000,42,8928.0,6666,0.0,1072,8928
20000,42,17812.0,13333,0.0,2188,17812
40000,42,35705.0,30000,0.0,4295,35705
60000,42,53628.0,50000,0.0,6372,53628
80000,42,71459.0,70000,0.0,8541,71459
100000,42,89377.0,90000,0.0,10623,89377
200000,42,178902.0,190000,0.0,21098,178902
400000,42,358029.0,390000,0.0,41971,358029
600000,42,537005.0,590000,0.0,62995,537005
800000,42,716036.0,790000,0.0,83964,716036
1000000,42,895073.0,990000,0.0,104927,895073
2,43,2.0,1,0.0,0,2
3,43,3.0,2,0.0,0,3
100,43,84.0,66,0.0,16,84
200,43,178.0,133,0.0,22,178
2000,43,1771.0,1333,0.0,229,1771
10000,43,8949.0,6666,0.0,1051,8949
20000,43,17873.0,13333,0.0,2127,17873
40000,43,35689.0,25874,0.0,4311,35689
60000,43,53645.0,45320,0.0,6355,53645
80000,43,71532.0,65320,0.0,8468,71532
100000,43,89415.0,85320,0.0,10585,89415
200000,43,178970.0,185320,0.0,21030,178970
400000,43,358045.0,385320,0.0,41955,358045
600000,43,537150.0,585320,0.0,62850,537150
800000,43,716203.0,785320,0.0,83797,716203
1000000,43,895177.0,985320,0.0,104823,895177
2,44,2.0,1,0.0,0,2
3,44,3.0,2,0.0,0,3
100,44,90.0,66,0.0,10,90
200,44,173.0,133,0.0,27,173
2000,44,1786.0,1333,0.0,214,1786
10000,44,8921.0,6666,0.0,1079,8921
20000,44,17852.0,13333,0.0,2148,17852
40000,44,35756.0,20000,0.0,4244,35756
60000,44,53654.0,20000,0.0,6346,53654
80000,44,71518.0,20000,0.0,8482,71518
100000,44,89354.0,20000,0.0,10646,89354
200000,44,178940.0,20000,0.0,21060,178940
400000,44,357964.0,20000,0.0,42036,357964
600000,44,536925.0,20000,0.0,63075,536925
800000,44,715791.0,20000,0.0,84209,715791
1000000,44,894750.0,20000,0.0,105250,894750
2,45,2.0,1,0.0,0,2
3,45,3.0,2,0.0,0,3
100,45,91.0,66,0.0,9,91
200,45,179.0,133,0.0,21,179
2000,45,1773.0,1333,0.0,227,1773
10000,45,8916.0,6666,0.0,1084,8916
20000,45,17885.0,13333,0.0,2115,17885
40000,45,35719.0,30000,0.0,4281,35719
60000,45,53636.0,50000,0.0,6364,53636
80000,45,71455.0,70000,0.0,8545,71455
100000,45,89282.0,90000,0.0,10718,89282
200000,45,178653.0,190000,0.0,21347,178653
400000,45,357703.0,390000,0.0,42297,357703
600000,45,536706.0,590000,0.0,63294,536706
800000,45,715761.0,790000,0.0,84239,715761
1000000,45,894883.0,990000,0.0,105117,894883
2,46,1.0,1,0.0,1,1
3,46,2.0,2,0.0,1,2
100,46,89.0,66,0.0,11,89
200,46,175.0,133,0.0,25,175
2000,46,1773.0,1333,0.0,227,1773
10000,46,8940.0,6666,0.0,1060,8940
20000,46,17925.0,13333,0.0,2075,17925
40000,46,35815.0,20728,0.0,4185,35815
60000,46,53695.0,31064,0.0,6305,53695
80000,46,71523.0,38404,0.0,8477,71523
100000,46,89393.0,38478,0.0,10607,89393
200000,46,178861.0,98390,0.0,21139,178861
400000,46,357818.0,298390,0.0,42182,357818
600000,46,536980.0,498390,0.0,63020,536980
800000,46,715595.0,698390,0.0,84405,715595
1000000,46,894419.0,898390,0.0,105581,894419
2,47,2.0,1,0.0,0,2
3,47,3.0,2,0.0,0,3
100,47,93.0,66,0.0,7,93
200,47,183.0,133,0.0,17,183
2000,47,1791.0,1333,0.0,209,1791
10000,47,8955.0,6666,0.0,1045,8955
20000,47,17910.0,13333,0.0,2090,17910
40000,47,35796.0,30000,0.0,4204,35796
60000,47,53675.0,50000,0.0,6325,53675
80000,47,71461.0,68727,0.0,8539,71461
100000,47,89339.0,79721,0.0,10661,89339
200000,47,178856.0,179721,0.0,21144,178856
400000,47,357774.0,379721,0.0,42226,357774
600000,47,536759.0,579721,0.0,63241,536759
800000,47,715692.0,779721,0.0,84308,715692
1000000,47,894639.0,979721,0.0,105361,894639
2,48,2.0,1,0.0,0,2
3,48,3.0,2,0.0,0,3
100,48,91.0,66,0.0,9,91
200,48,177.0,133,0.0,23,177
2000,48,1769.0,1333,0.0,231,1769
10000,48,8949.0,6666,0.0,1051,8949
20000,48,17895.0,13333,0.0,2105,17895
40000,48,35762.0,30000,0.0,4238,35762
60000,48,53728.0,50000,0.0,6272,53728
80000,48,71559.0,70000,0.0,8441,71559
100000,48,89463.0,90000,0.0,10537,89463
200000,48,179010.0,190000,0.0,20990,179010
400000,48,358155.0,390000,0.0,41845,358155
600000,48,537453.0,590000,0.0,62547,537453
800000,48,716356.0,790000,0.0,83644,716356
1000000,48,895298.0,990000,0.0,104702,895298
2,49,2.0,1,0.0,0,2
3,49,3.0,2,0.0,0,3
100,49,88.0,66,0.0,12,88
200,49,173.0,133,0.0,27,173
2000,49,1793.0,1333,0.0,207,1793
10000,49,8940.0,6666,0.0,1060,8940
20000,49,17944.0,13333,0.0,2056,17944
40000,49,35852.0,30000,0.0,4148,35852
60000,49,53679.0,48138,0.0,6321,53679
80000,49,71647.0,68138,0.0,8353,71647
100000,49,89557.0,88138,0.0,10443,89557
200000,49,179078.0,188138,0.0,20922,179078
400000,49,357920.0,388138,0.0,42080,357920
600000,49,537164.0,588138,0.0,62836,537164
800000,49,716273.0,788138,0.0,83727,716273
1000000,49,895193.0,988138,0.0,104807,895193
2,50,2.0,1,0.0,0,2
3,50,3.0,2,0.0,0,3
100,50,92.0,66,0.0,8,92
200,50,186.0,133,0.0,14,186
2000,50,1796.0,1333,0.0,204,1796
10000,50,9020.0,6666,0.0,980,9020
20000,50,17968.0,13333,0.0,2032,17968
40000,50,35867.0,30000,0.0,4133,35867
60000,50,53795.0,50000,0.0,6205,53795
80000,50,71766.0,70000,0.0,8234,71766
100000,50,89634.0,90000,0.0,10366,89634
200000,50,179193.0,190000,0.0,20807,179193
400000,50,358335.0,390000,0.0,41665,358335
600000,50,537490.0,590000,0.0,62510,537490
800000,50,716242.0,790000,0.0,83758,716242
1000000,50,895410.0,990000,0.0,104590,895410
2,51,2.0,1,0.0,0,2
3,51,2.0,2,0.0,1,2
100,51,89.0,66,0.0,11,89
200,51,181.0,133,0.0,19,181
2000,51,1770.0,1333,0.0,230,1770
10000,51,8943.0,6666,0.0,1057,8943
20000,51,17866.0,13333,0.0,2134,17866
40000,51,35719.0,20000,0.0,4281,35719
60000,51,53603.0,20000,0.0,6397,53603
80000,51,71548.0,20000,0.0,8452,71548
100000,51,89451.0,20000,0.0,10549,89451
200000,51,178940.0,20000,0.0,21060,178940
400000,51,358086.0,20000,0.0,41914,358086
600000,51,537079.0,20000,0.0,62921,537079
800000,51,715993.0,20000,0.0,84007,715993
1000000,51,895352.0,20000,0.0,104648,895352
2,52,2.0,1,0.0,0,2
3,52,3.0,2,0.0,0,3
100,52,91.0,66,0.0,9,91
200,52,180.0,133,0.0,20,180
2000,52,1785.0,1333,0.0,215,1785
10000,52,8903.0,6666,0.0,1097,8903
20000,52,17858.0,13333,0.0,2142,17858
40000,52,35757.0,20001,0.0,4243,35757
60000,52,53627.0,21043,0.0,6373,53627
80000,52,71577.0,21043,0.0,8423,71577
100000,52,89484.0,21043,0.0,10516,89484
200000,52,179038.0,21043,0.0,20962,179038
400000,52,358161.0,21043,0.0,41839,358161
600000,52,537073.0,21043,0.0,62927,537073
800000,52,716241.0,21043,0.0,83759,716241
1000000,52,895455.0,21043,0.0,104545,895455
2,53,2.0,1,0.0,0,2
3,53,3.0,2,0.0,0,3
100,53,87.0,66,0.0,13,87
200,53,179.0,133,0.0,21,179
2000,53,1804.0,1333,0.0,196,1804
10000,53,8953.0,6666,0.0,1047,8953
20000,53,17889.0,13333,0.0,2111,17889
40000,53,35861.0,20000,0.0,4139,35861
60000,53,53750.0,20000,0.0,6250,53750
80000,53,71636.0,20000,0.0,8364,71636
100000,53,89560.0,20000,0.0,10440,89560
200000,53,179145.0,20000,0.0,20855,179145
400000,53,358156.0,20142,0.0,41844,358156
600000,53,537197.0,20913,0.0,62803,537197
800000,53,716007.0,20913,0.0,83993,716007
1000000,53,895048.0,20916,0.0,104952,895048
2,54,2.0,1,0.0,0,2
3,54,3.0,2,0.0,0,3
100,54,91.0,66,0.0,9,91
200,54,180.0,133,0.0,20,180
2000,54,1779.0,1333,0.0,221,1779
10000,54,8970.0,6666,0.0,1030,8970
20000,54,17898.0,13333,0.0,2102,17898
40000,54,35814.0,20000,0.0,4186,35814
60000,54,53730.0,20000,0.0,6270,53730
80000,54,71618.0,20000,0.0,8382,71618
100000,54,89521.0,20000,0.0,10479,89521
200000,54,178875.0,30255,0.0,21125,178875
400000,54,357761.0,32246,0.0,42239,357761
600000,54,536859.0,32246,0.0,63141,536859
800000,54,715932.0,32246,0.0,84068,715932
1000000,54,894802.0,32246,0.0,105198,894802
2,55,2.0,1,0.0,0,2
3,55,3.0,2,0.0,0,3
100,55,89.0,66,0.0,11,89
200,55,175.0,133,0.0,25,175
2000,55,1773.0,1333,0.0,227,1773
10000,55,8946.0,6666,0.0,1054,8946
20000,55,17875.0,13333,0.0,2125,17875
40000,55,35735.0,29989,0.0,4265,35735
60000,55,53607.0,31396,0.0,6393,53607
80000,55,71554.0,31396,0.0,8446,71554
100000,55,89529.0,31396,0.0,10471,89529
200000,55,179107.0,31396,0.0,20893,179107
400000,55,358234.0,31396,0.0,41766,358234
600000,55,537261.0,31396,0.0,62739,537261
800000,55,716300.0,31396,0.0,83700,716300
1000000,55,895279.0,31396,0.0,104721,895279
2,56,2.0,1,0.0,0,2
3,56,3.0,2,0.0,0,3
100,56,85.0,66,0.0,15,85
200,56,178.0,133,0.0,22,178
2000,56,1787.0,1333,0.0,213,1787
10000,56,8993.0,6666,0.0,1007,8993
20000,56,17989.0,13333,0.0,2011,17989
40000,56,35901.0,20000,0.0,4099,35901
60000,56,53866.0,20000,0.0,6134,53866
80000,56,71747.0,20036,0.0,8253,71747
100000,56,89671.0,24648,0.0,10329,89671
200000,56,179233.0,40131,0.0,20767,179233
400000,56,358262.0,183923,0.0,41738,358262
600000,56,537358.0,383923,0.0,62642,537358
800000,56,716502.0,583923,0.0,83498,716502
1000000,56,895524.0,783923,0.0,104476,895524
2,57,2.0,1,0.0,0,2
3,57,3.0,2,0.0,0,3
100,57,83.0,66,0.0,17,83
200,57,178.0,133,0.0,22,178
2000,57,1799.0,1333,0.0,201,1799
10000,57,8960.0,6666,0.0,1040,8960
20000,57,17906.0,13333,0.0,2094,17906
40000,57,35840.0,26329,0.0,4160,35840
60000,57,53775.0,26329,0.0,6225,53775
80000,57,71670.0,27798,0.0,8330,71670
100000,57,89577.0,27798,0.0,10423,89577
200000,57,179097.0,27879,0.0,20903,179097
400000,57,357891.0,29033,0.0,42109,357891
600000,57,536839.0,29041,0.0,63161,536839
800000,57,715704.0,29041,0.0,84296,715704
1000000,57,894800.0,29041,0.0,105200,894800
2,58,2.0,1,0.0,0,2
3,58,3.0,2,0.0,0,3
100,58,93.0,66,0.0,7,93
200,58,184.0,133,0.0,16,184
2000,58,1791.0,1333,0.0,209,1791
10000,58,8928.0,6666,0.0,1072,8928
20000,58,17790.0,13333,0.0,2210,17790
40000,58,35669.0,20000,0.0,4331,35669
60000,58,53547.0,29115,0.0,6453,53547
80000,58,71516.0,49115,0.0,8484,71516
100000,58,89417.0,69115,0.0,10583,89417
200000,58,178939.0,169115,0.0,21061,178939
400000,58,358055.0,369115,0.0,41945,358055
600000,58,536879.0,569115,0.0,63121,536879
800000,58,716114.0,769115,0.0,83886,716114
1000000,58,895126.0,969115,0.0,104874,895126
2,59,2.0,1,0.0,0,2
3,59,3.0,2,0.0,0,3
100,59,89.0,66,0.0,11,89
200,59,176.0,133,0.0,24,176
2000,59,1806.0,1333,0.0,194,1806
10000,59,8946.0,6666,0.0,1054,8946
20000,59,17930.0,13333,0.0,2070,17930
40000,59,35830.0,25559,0.0,4170,35830
60000,59,53701.0,45040,0.0,6299,53701
80000,59,71692.0,65040,0.0,8308,71692
100000,59,89582.0,85040,0.0,10418,89582
200000,59,178997.0,185040,0.0,21003,178997
400000,59,357977.0,385040,0.0,42023,357977
600000,59,536850.0,585040,0.0,63150,536850
800000,59,715817.0,785040,0.0,84183,715817
1000000,59,894604.0,985040,0.0,105396,894604
2,60,1.0,1,0.0,1,1
3,60,2.0,2,0.0,1,2
100,60,92.0,66,0.0,8,92
200,60,178.0,133,0.0,22,178
2000,60,1787.0,1333,0.0,213,1787
10000,60,8950.0,6666,0.0,1050,8950
20000,60,17923.0,13333,0.0,2077,17923
40000,60,35696.0,30000,0.0,4304,35696
60000,60,53619.0,50000,0.0,6381,53619
80000,60,71504.0,70000,0.0,8496,71504
100000,60,89469.0,90000,0.0,10531,89469
200000,60,178999.0,190000,0.0,21001,178999
400000,60,358090.0,390000,0.0,41910,358090
600000,60,537036.0,590000,0.0,62964,537036
800000,60,715942.0,790000,0.0,84058,715942
1000000,60,894785.0,990000,0.0,105215,894785
2,61,2.0,1,0.0,0,2
3,61,3.0,2,0.0,0,3
100,61,85.0,66,0.0,15,85
200,61,176.0,133,0.0,24,176
2000,61,1789.0,1333,0.0,211,1789
10000,61,8996.0,6666,0.0,1004,8996
20000,61,17925.0,13333,0.0,2075,17925
40000,61,35744.0,21830,0.0,4256,35744
60000,61,53657.0,22377,0.0,6343,53657
80000,61,71556.0,22377,0.0,8444,71556
100000,61,89478.0,22377,0.0,10522,89478
200000,61,179052.0,22377,0.0,20948,179052
400000,61,358237.0,22377,0.0,41763,358237
600000,61,537033.0,22377,0.0,62967,537033
800000,61,716133.0,22377,0.0,83867,716133
1000000,61,895019.0,22377,0.0,104981,895019
2,62,2.0,1,0.0,0,2
3,62,3.0,2,0.0,0,3
100,62,89.0,66,0.0,11,89
200,62,181.0,133,0.0,19,181
2000,62,1805.0,1333,0.0,195,1805
10000,62,8989.0,6666,0.0,1011,8989
20000,62,17943.0,13333,0.0,2057,17943
40000,62,35856.0,30000,0.0,4144,35856
60000,62,53841.0,50000,0.0,6159,53841
80000,62,71838.0,70000,0.0,8162,71838
100000,62,89721.0,90000,0.0,10279,89721
200000,62,179279.0,190000,0.0,20721,179279
400000,62,358179.0,390000,0.0,41821,358179
600000,62,537138.0,590000,0.0,62862,537138
800000,62,715970.0,790000,0.0,84030,715970
1000000,62,894742.0,990000,0.0,105258,894742
2,63,2.0,1,0.0,0,2
3,63,3.0,2,0.0,0,3
100,63,93.0,66,0.0,7,93
200,63,189.0,133,0.0,11,189
2000,63,1803.0,1333,0.0,197,1803
10000,63,8979.0,6666,0.0,1021,8979
20000,63,17966.0,13333,0.0,2034,17966
40000,63,35873.0,29915,0.0,4127,35873
60000,63,53734.0,48773,0.0,6266,53734
80000,63,71559.0,67889,0.0,8441,71559
100000,63,89481.0,87889,0.0,10519,89481
200000,63,178997.0,187889,0.0,21003,178997
400000,63,357918.0,387889,0.0,42082,357918
600000,63,536860.0,587889,0.0,63140,536860
800000,63,715707.0,787889,0.0,84293,715707
1000000,63,894695.0,987889,0.0,105305,894695
2,64,2.0,1,0.0,0,2
3,64,3.0,2,0.0,0,3
100,64,84.0,66,0.0,16,84
200,64,173.0,133,0.0,27,173
2000,64,1794.0,1333,0.0,206,1794
10000,64,8958.0,6666,0.0,1042,8958
20000,64,17902.0,13333,0.0,2098,17902
40000,64,35886.0,30000,0.0,4114,35886
60000,64,53794.0,50000,0.0,6206,53794
80000,64,71774.0,70000,0.0,8226,71774
100000,64,89643.0,90000,0.0,10357,89643
200000,64,179027.0,190000,0.0,20973,179027
400000,64,358071.0,389951,0.0,41929,358071
600000,64,537207.0,589951,0.0,62793,537207
800000,64,716053.0,789951,0.0,83947,716053
1000000,64,895149.0,989951,0.0,104851,895149
2,65,2.0,1,0.0,0,2
3,65,3.0,2,0.0,0,3
100,65,87.0,66,0.0,13,87
200,65,173.0,133,0.0,27,173
2000,65,1798.0,1333,0.0,202,1798
10000,65,8973.0,6666,0.0,1027,8973
20000,65,17946.0,13333,0.0,2054,17946
40000,65,35879.0,30000,0.0,4121,35879
60000,65,53839.0,50000,0.0,6161,53839
80000,65,71784.0,70000,0.0,8216,71784
100000,65,89725.0,90000,0.0,10275,89725
200000,65,179127.0,190000,0.0,20873,179127
400000,65,357953.0,390000,0.0,42047,357953
600000,65,536958.0,590000,0.0,63042,536958
800000,65,715820.0,790000,0.0,84180,715820
1000000,65,895017.0,990000,0.0,104983,895017
2,66,2.0,1,0.0,0,2
3,66,3.0,2,0.0,0,3
100,66,88.0,66,0.0,12,88
200,66,179.0,133,0.0,21,179
2000,66,1801.0,1333,0.0,199,1801
10000,66,8944.0,6666,0.0,1056,8944
20000,66,17913.0,13333,0.0,2087,17913
40000,66,35741.0,29664,0.0,4259,35741
60000,66,53603.0,47838,0.0,6397,53603
80000,66,71515.0,67838,0.0,8485,71515
100000,66,89390.0,87838,0.0,10610,89390
200000,66,178974.0,187838,0.0,21026,178974
400000,66,357986.0,387838,0.0,42014,357986
600000,66,536963.0,587838,0.0,63037,536963
800000,66,715785.0,787838,0.0,84215,715785
1000000,66,894716.0,987838,0.0,105284,894716
2,67,2.0,1,0.0,0,2
3,67,3.0,2,0.0,0,3
100,67,86.0,66,0.0,14,86
200,67,178.0,133,0.0,22,178
2000,67,1772.0,1333,0.0,228,1772
10000,67,8954.0,6666,0.0,1046,8954
20000,67,17908.0,13333,0.0,2092,17908
40000,67,35793.0,30000,0.0,4207,35793
60000,67,53749.0,50000,0.0,6251,53749
80000,67,71646.0,70000,0.0,8354,71646
100000,67,89613.0,90000,0.0,10387,89613
200000,67,179132.0,190000,0.0,20868,179132
400000,67,357853.0,390000,0.0,42147,357853
600000,67,536775.0,590000,0.0,63225,536775
800000,67,715892.0,790000,0.0,84108,715892
1000000,67,894972.0,990000,0.0,105028,894972
2,68,1.0,1,0.0,1,1
3,68,2.0,2,0.0,1,2
100,68,94.0,66,0.0,6,94
200,68,183.0,133,0.0,17,183
2000,68,1786.0,1333,0.0,214,1786
10000,68,8950.0,6666,0.0,1050,8950
20000,68,17903.0,13333,0.0,2097,17903
40000,68,35836.0,30000,0.0,4164,35836
60000,68,53763.0,50000,0.0,6237,53763
80000,68,71739.0,70000,0.0,8261,71739
100000,68,89529.0,90000,0.0,10471,89529
200000,68,178982.0,190000,0.0,21018,178982
400000,68,358167.0,390000,0.0,41833,358167
600000,68,537282.0,590000,0.0,62718,537282
800000,68,716306.0,790000,0.0,83694,716306
1000000,68,895179.0,990000,0.0,104821,895179
2,69,1.0,1,0.0,1,1
3,69,2.0,2,0.0,1,2
100,69,87.0,66,0.0,13,87
200,69,176.0,133,0.0,24,176
2000,69,1768.0,1333,0.0,232,1768
10000,69,8902.0,6666,0.0,1098,8902
20000,69,17847.0,13333,0.0,2153,17847
40000,69,35804.0,27038,0.0,4196,35804
60000,69,53731.0,47038,0.0,6269,53731
80000,69,71739.0,67038,0.0,8261,71739
100000,69,89619.0,87038,0.0,10381,89619
200000,69,178934.0,187038,0.0,21066,178934
400000,69,357667.0,387038,0.0,42333,357667
600000,69,536670.0,587038,0.0,63330,536670
800000,69,715823.0,787038,0.0,84177,715823
1000000,69,894864.0,987038,0.0,105136,894864
2,70,2.0,1,0.0,0,2
3,70,2.0,2,0.0,1,2
100,70,88.0,66,0.0,12,88
200,70,183.0,133,0.0,17,183
2000,70,1824.0,1333,0.0,176,1824
10000,70,8993.0,6666,0.0,1007,8993
20000,70,17907.0,13333,0.0,2093,17907
40000,70,35843.0,20000,0.0,4157,35843
60000,70,53768.0,20000,0.0,6232,53768
80000,70,71610.0,20000,0.0,8390,71610
100000,70,89518.0,20000,0.0,10482,89518
200000,70,178879.0,20096,0.0,21121,178879
400000,70,358061.0,20287,0.0,41939,358061
600000,70,537091.0,20287,0.0,62909,537091
800000,70,716209.0,20287,0.0,83791,716209
1000000,70,895185.0,20287,0.0,104815,895185
2,71,2.0,1,0.0,0,2
3,71,3.0,2,0.0,0,3
100,71,85.0,66,0.0,15,85
200,71,172.0,133,0.0,28,172
2000,71,1771.0,1333,0.0,229,1771
10000,71,8960.0,6666,0.0,1040,8960
20000,71,17877.0,13333,0.0,2123,17877
40000,71,35769.0,30000,0.0,4231,35769
60000,71,53644.0,50000,0.0,6356,53644
80000,71,71562.0,70000,0.0,8438,71562
100000,71,89506.0,90000,0.0,10494,89506
200000,71,179042.0,190000,0.0,20958,179042
400000,71,358091.0,390000,0.0,41909,358091
600000,71,537057.0,590000,0.0,62943,537057
800000,71,715936.0,790000,0.0,84064,715936
1000000,71,894982.0,990000,0.0,105018,894982
2,72,2.0,1,0.0,0,2
3,72,3.0,2,0.0,0,3
100,72,86.0,66,0.0,14,86
200,72,176.0,133,0.0,24,176
2000,72,1794.0,1333,0.0,206,1794
10000,72,8925.0,6666,0.0,1075,8925
20000,72,17990.0,13333,0.0,2010,17990
40000,72,35938.0,30000,0.0,4062,35938
60000,72,53820.0,50000,0.0,6180,53820
80000,72,71779.0,70000,0.0,8221,71779
100000,72,89633.0,90000,0.0,10367,89633
200000,72,179107.0,190000,0.0,20893,179107
400000,72,358214.0,390000,0.0,41786,358214
600000,72,536930.0,590000,0.0,63070,536930
800000,72,716068.0,790000,0.0,83932,716068
1000000,72,895369.0,990000,0.0,104631,895369
2,73,1.0,1,0.0,1,1
3,73,2.0,2,0.0,1,2
100,73,89.0,66,0.0,11,89
200,73,179.0,133,0.0,21,179
2000,73,1791.0,1333,0.0,209,1791
10000,73,8925.0,6666,0.0,1075,8925
20000,73,17883.0,13333,0.0,2117,17883
40000,73,35744.0,24476,0.0,4256,35744
60000,73,53613.0,43323,0.0,6387,53613
80000,73,71573.0,63323,0.0,8427,71573
100000,73,89446.0,83323,0.0,10554,89446
200000,73,179022.0,183323,0.0,20978,179022
400000,73,358108.0,383323,0.0,41892,358108
600000,73,537154.0,583323,0.0,62846,537154
800000,73,716107.0,783323,0.0,83893,716107
1000000,73,895036.0,983323,0.0,104964,895036
2,74,2.0,1,0.0,0,2
3,74,3.0,2,0.0,0,3
100,74,82.0,66,0.0,18,82
200,74,164.0,133,0.0,36,164
2000,74,1771.0,1333,0.0,229,1771
10000,74,8942.0,6666,0.0,1058,8942
20000,74,17931.0,13333,0.0,2069,17931
40000,74,35880.0,30000,0.0,4120,35880
60000,74,53815.0,50000,0.0,6185,53815
80000,74,71813.0,70000,0.0,8187,71813
100000,74,89726.0,90000,0.0,10274,89726
200000,74,179435.0,190000,0.0,20565,179435
400000,74,358340.0,390000,0.0,41660,358340
600000,74,537547.0,590000,0.0,62453,537547
800000,74,716683.0,790000,0.0,83317,716683
1000000,74,895597.0,990000,0.0,104403,895597
2,75,0.0,1,0.0,2,0
3,75,1.0,2,0.0,2,1
100,75,93.0,66,0.0,7,93
200,75,176.0,133,0.0,24,176
2000,75,1793.0,1333,0.0,207,1793
10000,75,8955.0,6666,0.0,1045,8955
20000,75,17893.0,13333,0.0,2107,17893
40000,75,35776.0,20151,0.0,4224,35776
60000,75,53676.0,20151,0.0,6324,53676
80000,75,71610.0,20151,0.0,8390,71610
100000,75,89515.0,20151,0.0,10485,89515
200000,75,178973.0,20151,0.0,21027,178973
400000,75,357950.0,20151,0.0,42050,357950
600000,75,536856.0,20151,0.0,63144,536856
800000,75,715989.0,20151,0.0,84011,715989
1000000,75,894926.0,20151,0.0,105074,894926
2,76,1.0,1,0.0,1,1
3,76,2.0,2,0.0,1,2
100,76,90.0,66,0.0,10,90
200,76,181.0,133,0.0,19,181
2000,76,1795.0,1333,0.0,205,1795
10000,76,8923.0,6666,0.0,1077,8923
20000,76,17865.0,13333,0.0,2135,17865
40000,76,35763.0,30000,0.0,4237,35763
60000,76,53660.0,50000,0.0,6340,53660
80000,76,71599.0,70000,0.0,8401,71599
100000,76,89466.0,90000,0.0,10534,89466
200000,76,179048.0,190000,0.0,20952,179048
400000,76,357990.0,390000,0.0,42010,357990
600000,76,536985.0,590000,0.0,63015,536985
800000,76,715935.0,790000,0.0,84065,715935
1000000,76,895000.0,990000,0.0,105000,895000
2,77,2.0,1,0.0,0,2
3,77,2.0,2,0.0,1,2
100,77,95.0,66,0.0,5,95
200,77,187.0,133,0.0,13,187
2000,77,1800.0,1333,0.0,200,1800
10000,77,8916.0,6666,0.0,1084,8916
20000,77,17855.0,13333,0.0,2145,17855
40000,77,35739.0,30000,0.0,4261,35739
60000,77,53587.0,50000,0.0,6413,53587
80000,77,71516.0,70000,0.0,8484,71516
100000,77,89382.0,90000,0.0,10618,89382
200000,77,178734.0,190000,0.0,21266,178734
400000,77,357861.0,390000,0.0,42139,357861
600000,77,536986.0,590000,0.0,63014,536986
800000,77,715912.0,790000,0.0,84088,715912
1000000,77,894994.0,990000,0.0,105006,894994
2,78,2.0,1,0.0,0,2
3,78,3.0,2,0.0,0,3
100,78,89.0,66,0.0,11,89
200,78,182.0,133,0.0,18,182
2000,78,1777.0,1333,0.0,223,1777
10000,78,8952.0,6666,0.0,1048,8952
20000,78,17919.0,13333,0.0,2081,17919
40000,78,35868.0,20000,0.0,4132,35868
60000,78,53763.0,20000,0.0,6237,53763
80000,78,71658.0,36830,0.0,8342,71658
100000,78,89628.0,50214,0.0,10372,89628
200000,78,179273.0,150214,0.0,20727,179273
400000,78,358148.0,346811,0.0,41852,358148
600000,78,536985.0,448068,0.0,63015,536985
800000,78,715795.0,617194,0.0,84205,715795
1000000,78,894967.0,817194,0.0,105033,894967
2,79,2.0,1,0.0,0,2
3,79,3.0,2,0.0,0,3
100,79,92.0,66,0.0,8,92
200,79,174.0,133,0.0,26,174
2000,79,1774.0,1333,0.0,226,1774
10000,79,8942.0,6666,0.0,1058,8942
20000,79,17907.0,13333,0.0,2093,17907
40000,79,35807.0,29977,0.0,4193,35807
60000,79,53727.0,40489,0.0,6273,53727
80000,79,71590.0,51668,0.0,8410,71590
100000,79,89548.0,51668,0.0,10452,89548
200000,79,178846.0,55724,0.0,21154,178846
400000,79,357638.0,86943,0.0,42362,357638
600000,79,536736.0,86943,0.0,63264,536736
800000,79,715657.0,86943,0.0,84343,715657
1000000,79,894509.0,86943,0.0,105491,894509
2,80,2.0,1,0.0,0,2
3,80,3.0,2,0.0,0,3
100,80,91.0,66,0.0,9,91
200,80,183.0,133,0.0,17,183
2000,80,1785.0,1333,0.0,215,1785
10000,80,8934.0,6666,0.0,1066,8934
20000,80,17941.0,13333,0.0,2059,17941
40000,80,35821.0,30000,0.0,4179,35821
60000,80,53692.0,48989,0.0,6308,53692
80000,80,71547.0,68989,0.0,8453,71547
100000,80,89362.0,78664,0.0,10638,89362
200000,80,178936.0,78664,0.0,21064,178936
400000,80,357851.0,78664,0.0,42149,357851
600000,80,536796.0,78664,0.0,63204,536796
800000,80,715850.0,78664,0.0,84150,715850
1000000,80,894795.0,78664,0.0,105205,894795
2,81,2.0,1,0.0,0,2
3,81,3.0,2,0.0,0,3
100,81,87.0,66,0.0,13,87
200,81,181.0,133,0.0,19,181
2000,81,1801.0,1333,0.0,199,1801
10000,81,8976.0,6666,0.0,1024,8976
20000,81,17883.0,13333,0.0,2117,17883
40000,81,35747.0,20000,0.0,4253,35747
60000,81,53630.0,20000,0.0,6370,53630
80000,81,71534.0,20000,0.0,8466,71534
100000,81,89406.0,20000,0.0,10594,89406
200000,81,179068.0,20000,0.0,20932,179068
400000,81,358259.0,20000,0.0,41741,358259
600000,81,537320.0,20000,0.0,62680,537320
800000,81,716339.0,20000,0.0,83661,716339
1000000,81,895358.0,20000,0.0,104642,895358
2,82,2.0,1,0.0,0,2
3,82,3.0,2,0.0,0,3
100,82,95.0,66,0.0,5,95
200,82,186.0,133,0.0,14,186
2000,82,1804.0,1333,0.0,196,1804
10000,82,9023.0,6666,0.0,977,9023
20000,82,17981.0,13333,0.0,2019,17981
40000,82,35858.0,30000,0.0,4142,35858
60000,82,53811.0,50000,0.0,6189,53811
80000,82,71678.0,70000,0.0,8322,71678
100000,82,89638.0,90000,0.0,10362,89638
200000,82,179113.0,190000,0.0,20887,179113
400000,82,358296.0,390000,0.0,41704,358296
600000,82,537409.0,590000,0.0,62591,537409
800000,82,716405.0,790000,0.0,83595,716405
1000000,82,895450.0,990000,0.0,104550,895450
2,83,2.0,1,0.0,0,2
3,83,3.0,2,0.0,0,3
100,83,91.0,66,0.0,9,91
200,83,179.0,133,0.0,21,179
2000,83,1791.0,1333,0.0,209,1791
10000,83,8883.0,6666,0.0,1117,8883
20000,83,17804.0,13333,0.0,2196,17804
40000,83,35756.0,30000,0.0,4244,35756
60000,83,53708.0,50000,0.0,6292,53708
80000,83,71630.0,70000,0.0,8370,71630
100000,83,89517.0,90000,0.0,10483,89517
200000,83,178978.0,190000,0.0,21022,178978
400000,83,358076.0,390000,0.0,41924,358076
600000,83,537163.0,590000,0.0,62837,537163
800000,83,716227.0,790000,0.0,83773,716227
1000000,83,894988.0,990000,0.0,105012,894988
2,84,2.0,1,0.0,0,2
3,84,2.0,2,0.0,1,2
100,84,93.0,66,0.0,7,93
200,84,177.0,133,0.0,23,177
2000,84,1776.0,1333,0.0,224,1776
10000,84,8953.0,6666,0.0,1047,8953
20000,84,17923.0,13333,0.0,2077,17923
40000,84,35829.0,24940,0.0,4171,35829
60000,84,53714.0,25724,0.0,6286,53714
80000,84,71638.0,44686,0.0,8362,71638
100000,84,89530.0,64686,0.0,10470,89530
200000,84,178982.0,155698,0.0,21018,178982
400000,84,357833.0,355607,0.0,42167,357833
600000,84,536803.0,554982,0.0,63197,536803
800000,84,715768.0,754982,0.0,84232,715768
1000000,84,894866.0,954982,0.0,105134,894866
2,85,2.0,1,0.0,0,2
3,85,2.0,2,0.0,1,2
100,85,85.0,66,0.0,15,85
200,85,181.0,133,0.0,19,181
2000,85,1783.0,1333,0.0,217,1783
10000,85,8996.0,6666,0.0,1004,8996
20000,85,17961.0,13333,0.0,2039,17961
40000,85,35902.0,20548,0.0,4098,35902
60000,85,53706.0,30074,0.0,6294,53706
80000,85,71600.0,30074,0.0,8400,71600
100000,85,89419.0,36352,0.0,10581,89419
200000,85,178946.0,119473,0.0,21054,178946
400000,85,358081.0,319473,0.0,41919,358081
600000,85,536878.0,519473,0.0,63122,536878
800000,85,715909.0,719473,0.0,84091,715909
1000000,85,894901.0,919473,0.0,105099,894901
2,86,2.0,1,0.0,0,2
3,86,3.0,2,0.0,0,3
100,86,89.0,66,0.0,11,89
200,86,174.0,133,0.0,26,174
2000,86,1786.0,1333,0.0,214,1786
10000,86,8962.0,6666,0.0,1038,8962
20000,86,17866.0,13333,0.0,2134,17866
40000,86,35801.0,20284,0.0,4199,35801
60000,86,53724.0,30331,0.0,6276,53724
80000,86,71584.0,50331,0.0,8416,71584
100000,86,89363.0,65354,0.0,10637,89363
200000,86,178837.0,112227,0.0,21163,178837
400000,86,357865.0,112227,0.0,42135,357865
600000,86,536898.0,112227,0.0,63102,536898
800000,86,716096.0,112227,0.0,83904,716096
1000000,86,895142.0,112227,0.0,104858,895142
2,87,2.0,1,0.0,0,2
3,87,3.0,2,0.0,0,3
100,87,88.0,66,0.0,12,88
200,87,178.0,133,0.0,22,178
2000,87,1773.0,1333,0.0,227,1773
10000,87,8964.0,6666,0.0,1036,8964
20000,87,17921.0,13333,0.0,2079,17921
40000,87,35783.0,20738,0.0,4217,35783
60000,87,53734.0,20738,0.0,6266,53734
80000,87,71693.0,20738,0.0,8307,71693
100000,87,89581.0,20738,0.0,10419,89581
200000,87,179319.0,20738,0.0,20681,179319
400000,87,358492.0,20738,0.0,41508,358492
600000,87,537598.0,20738,0.0,62402,537598
800000,87,716630.0,20738,0.0,83370,716630
1000000,87,895739.0,20738,0.0,104261,895739
2,88,2.0,1,0.0,0,2
3,88,3.0,2,0.0,0,3
100,88,88.0,66,0.0,12,88
200,88,182.0,133,0.0,18,182
2000,88,1812.0,1333,0.0,188,1812
10000,88,8999.0,6666,0.0,1001,8999
20000,88,17875.0,13333,0.0,2125,17875
40000,88,35727.0,30000,0.0,4273,35727
60000,88,53597.0,50000,0.0,6403,53597
80000,88,71585.0,70000,0.0,8415,71585
100000,88,89544.0,90000,0.0,10456,89544
200000,88,179192.0,190000,0.0,20808,179192
400000,88,358381.0,390000,0.0,41619,358381
600000,88,537378.0,590000,0.0,62622,537378
800000,88,716226.0,790000,0.0,83774,716226
1000000,88,895029.0,990000,0.0,104971,895029
2,89,2.0,1,0.0,0,2
3,89,3.0,2,0.0,0,3
100,89,94.0,66,0.0,6,94
200,89,184.0,133,0.0,16,184
2000,89,1804.0,1333,0.0,196,1804
10000,89,8922.0,6666,0.0,1078,8922
20000,89,17911.0,13333,0.0,2089,17911
40000,89,35778.0,30000,0.0,4222,35778
60000,89,53704.0,50000,0.0,6296,53704
80000,89,71502.0,70000,0.0,8498,71502
100000,89,89384.0,90000,0.0,10616,89384
200000,89,178844.0,190000,0.0,21156,178844
400000,89,357798.0,390000,0.0,42202,357798
600000,89,536556.0,590000,0.0,63444,536556
800000,89,715744.0,790000,0.0,84256,715744
1000000,89,894993.0,990000,0.0,105007,894993
2,90,2.0,1,0.0,0,2
3,90,3.0,2,0.0,0,3
100,90,92.0,66,0.0,8,92
200,90,183.0,133,0.0,17,183
2000,90,1803.0,1333,0.0,197,1803
10000,90,8957.0,6666,0.0,1043,8957
20000,90,17939.0,13333,0.0,2061,17939
40000,90,35828.0,20000,0.0,4172,35828
60000,90,53743.0,29168,0.0,6257,53743
80000,90,71668.0,49168,0.0,8332,71668
100000,90,89617.0,69168,0.0,10383,89617
200000,90,178906.0,151885,0.0,21094,178906
400000,90,357696.0,351431,0.0,42304,357696
600000,90,536586.0,545224,0.0,63414,536586
800000,90,715551.0,745224,0.0,84449,715551
1000000,90,894477.0,945224,0.0,105523,894477
2,91,1.0,1,0.0,1,1
3,91,2.0,2,0.0,1,2
100,91,92.0,66,0.0,8,92
200,91,184.0,133,0.0,16,184
2000,91,1778.0,1333,0.0,222,1778
10000,91,8959.0,6666,0.0,1041,8959
20000,91,17919.0,13333,0.0,2081,17919
40000,91,35842.0,30000,0.0,4158,35842
60000,91,53787.0,50000,0.0,6213,53787
80000,91,71759.0,70000,0.0,8241,71759
100000,91,89639.0,90000,0.0,10361,89639
200000,91,179098.0,190000,0.0,20902,179098
400000,91,358130.0,390000,0.0,41870,358130
600000,91,536896.0,590000,0.0,63104,536896
800000,91,715935.0,790000,0.0,84065,715935
1000000,91,895020.0,990000,0.0,104980,895020
2,92,2.0,1,0.0,0,2
3,92,3.0,2,0.0,0,3
100,92,92.0,66,0.0,8,92
200,92,180.0,133,0.0,20,180
2000,92,1793.0,1333,0.0,207,1793
10000,92,8957.0,6666,0.0,1043,8957
20000,92,17931.0,13333,0.0,2069,17931
40000,92,35851.0,30000,0.0,4149,35851
60000,92,53779.0,50000,0.0,6221,53779
80000,92,71611.0,69671,0.0,8389,71611
100000,92,89589.0,89671,0.0,10411,89589
200000,92,179077.0,189671,0.0,20923,179077
400000,92,358341.0,389671,0.0,41659,358341
600000,92,537319.0,589671,0.0,62681,537319
800000,92,716404.0,789671,0.0,83596,716404
1000000,92,895623.0,989671,0.0,104377,895623
2,93,2.0,1,0.0,0,2
3,93,3.0,2,0.0,0,3
100,93,90.0,66,0.0,10,90
200,93,180.0,133,0.0,20,180
2000,93,1772.0,1333,0.0,228,1772
10000,93,8923.0,6666,0.0,1077,8923
20000,93,17883.0,13333,0.0,2117,17883
40000,93,35702.0,30000,0.0,4298,35702
60000,93,53606.0,50000,0.0,6394,53606
80000,93,71555.0,70000,0.0,8445,71555
100000,93,89499.0,90000,0.0,10501,89499
200000,93,178887.0,190000,0.0,21113,178887
400000,93,357635.0,390000,0.0,42365,357635
600000,93,536490.0,590000,0.0,63510,536490
800000,93,715246.0,790000,0.0,84754,715246
1000000,93,894194.0,990000,0.0,105806,894194
2,94,2.0,1,0.0,0,2
3,94,3.0,2,0.0,0,3
100,94,90.0,66,0.0,10,90
200,94,177.0,133,0.0,23,177
2000,94,1797.0,1333,0.0,203,1797
10000,94,8951.0,6666,0.0,1049,8951
20000,94,17893.0,13333,0.0,2107,17893
40000,94,35770.0,28255,0.0,4230,35770
60000,94,53715.0,44705,0.0,6285,53715
80000,94,71565.0,57845,0.0,8435,71565
100000,94,89375.0,74566,0.0,10625,89375
200000,94,178715.0,163198,0.0,21285,178715
400000,94,357909.0,363198,0.0,42091,357909
600000,94,536832.0,563198,0.0,63168,536832
800000,94,715653.0,763198,0.0,84347,715653
1000000,94,894714.0,963198,0.0,105286,894714
2,95,2.0,1,0.0,0,2
3,95,3.0,2,0.0,0,3
100,95,92.0,66,0.0,8,92
200,95,179.0,133,0.0,21,179
2000,95,1777.0,1333,0.0,223,1777
10000,95,8961.0,6666,0.0,1039,8961
20000,95,17994.0,13333,0.0,2006,17994
40000,95,35959.0,29523,0.0,4041,35959
60000,95,53820.0,48340,0.0,6180,53820
80000,95,71746.0,67891,0.0,8254,71746
100000,95,89610.0,86320,0.0,10390,89610
200000,95,179109.0,168090,0.0,20891,179109
400000,95,358060.0,368090,0.0,41940,358060
600000,95,536935.0,567189,0.0,63065,536935
800000,95,715979.0,767189,0.0,84021,715979
1000000,95,895021.0,967189,0.0,104979,895021
2,96,2.0,1,0.0,0,2
3,96,3.0,2,0.0,0,3
100,96,87.0,66,0.0,13,87
200,96,171.0,133,0.0,29,171
2000,96,1769.0,1333,0.0,231,1769
10000,96,8899.0,6666,0.0,1101,8899
20000,96,17846.0,13333,0.0,2154,17846
40000,96,35669.0,20000,0.0,4331,35669
60000,96,53542.0,20000,0.0,6458,53542
80000,96,71518.0,20000,0.0,8482,71518
100000,96,89451.0,20000,0.0,10549,89451
200000,96,178976.0,20000,0.0,21024,178976
400000,96,358064.0,20000,0.0,41936,358064
600000,96,537067.0,20000,0.0,62933,537067
800000,96,716176.0,20000,0.0,83824,716176
1000000,96,895100.0,20000,0.0,104900,895100
2,97,2.0,1,0.0,0,2
3,97,3.0,2,0.0,0,3
100,97,88.0,66,0.0,12,88
200,97,179.0,133,0.0,21,179
2000,97,1775.0,1333,0.0,225,1775
10000,97,8919.0,6666,0.0,1081,8919
20000,97,17842.0,13333,0.0,2158,17842
40000,97,35699.0,28771,0.0,4301,35699
60000,97,53631.0,48771,0.0,6369,53631
80000,97,71500.0,68771,0.0,8500,71500
100000,97,89406.0,88771,0.0,10594,89406
200000,97,178946.0,188771,0.0,21054,178946
400000,97,357808.0,388771,0.0,42192,357808
600000,97,536793.0,588771,0.0,63207,536793
800000,97,715909.0,788771,0.0,84091,715909
1000000,97,894794.0,988771,0.0,105206,894794
2,98,2.0,1,0.0,0,2
3,98,3.0,2,0.0,0,3
100,98,91.0,66,0.0,9,91
200,98,181.0,133,0.0,19,181
2000,98,1792.0,1333,0.0,208,1792
10000,98,8959.0,6666,0.0,1041,8959
20000,98,17881.0,13333,0.0,2119,17881
40000,98,35822.0,20081,0.0,4178,35822
60000,98,53808.0,20081,0.0,6192,53808
80000,98,71665.0,20081,0.0,8335,71665
100000,98,89562.0,20392,0.0,10438,89562
200000,98,179211.0,20392,0.0,20789,179211
400000,98,358143.0,22775,0.0,41857,358143
600000,98,537139.0,24866,0.0,62861,537139
800000,98,716351.0,24866,0.0,83649,716351
1000000,98,895220.0,24866,0.0,104780,895220
2,99,2.0,1,0.0,0,2
3,99,3.0,2,0.0,0,3
100,99,93.0,66,0.0,7,93
200,99,177.0,133,0.0,23,177
2000,99,1776.0,1333,0.0,224,1776
10000,99,8910.0,6666,0.0,1090,8910
20000,99,17902.0,13333,0.0,2098,17902
40000,99,35857.0,20000,0.0,4143,35857
60000,99,53767.0,20000,0.0,6233,53767
80000,99,71670.0,20000,0.0,8330,71670
100000,99,89621.0,20000,0.0,10379,89621
200000,99,179028.0,20193,0.0,20972,179028
400000,99,358092.0,20351,0.0,41908,358092
600000,99,537163.0,20351,0.0,62837,537163
800000,99,716130.0,20351,0.0,83870,716130
1000000,99,895202.0,20351,0.0,104798,895202
2,100,2.0,1,0.0,0,2
3,100,3.0,2,0.0,0,3
100,100,88.0,66,0.0,12,88
200,100,175.0,133,0.0,25,175
2000,100,1778.0,1333,0.0,222,1778
10000,100,8928.0,6666,0.0,1072,8928
20000,100,17854.0,13333,0.0,2146,17854
40000,100,35797.0,20000,0.0,4203,35797
60000,100,53737.0,20000,0.0,6263,53737
80000,100,71640.0,20000,0.0,8360,71640
100000,100,89488.0,20000,0.0,10512,89488
200000,100,179167.0,20000,0.0,20833,179167
400000,100,358078.0,20000,0.0,41922,358078
600000,100,537223.0,20000,0.0,62777,537223
800000,100,716312.0,20000,0.0,83688,716312
1000000,100,895257.0,20000,0.0,104743,895257
