Timestep,Iteration,Total Reward,Suboptimal Arms,Total Regret,Zeros Count,Ones Count
2,1,2.0,1,0.01,0,2
3,1,3.0,2,0.01,0,3
100,1,89.0,67,0.17,11,89
200,1,181.0,133,0.34,19,181
2000,1,1813.0,1333,3.33,187,1813
10000,1,9001.0,6667,16.67,999,9001
20000,1,18045.0,13333,33.33,1955,18045
40000,1,36009.0,30000,50.0,3991,36009
60000,1,53991.0,50000,50.0,6009,53991
80000,1,72058.0,70000,50.0,7942,72058
100000,1,90082.0,90000,50.0,9918,90082
200000,1,180052.0,190000,50.0,19948,180052
400000,1,360166.0,390000,50.0,39834,360166
600000,1,540235.0,590000,50.0,59765,540235
800000,1,720236.0,790000,50.0,79764,720236
1000000,1,900315.0,990000,50.0,99685,900315
2,2,1.0,1,0.01,1,1
3,2,2.0,2,0.01,1,2
100,2,91.0,67,0.17,9,91
200,2,181.0,133,0.34,19,181
2000,2,1802.0,1333,3.33,198,1802
10000,2,9026.0,6667,16.67,974,9026
20000,2,18041.0,13333,33.33,1959,18041
40000,2,36064.0,21050,50.0,3936,36064
60000,2,54079.0,28627,50.0,5921,54079
80000,2,72095.0,34179,50.0,7905,72095
100000,2,90131.0,34179,50.0,9869,90131
200000,2,180245.0,34372,50.0,19755,180245
400000,2,360126.0,37043,50.0,39874,360126
600000,2,540134.0,37824,50.0,59866,540134
800000,2,720115.0,37900,50.0,79885,720115
1000000,2,900255.0,37900,50.0,99745,900255
2,3,2.0,1,0.01,0,2
3,3,3.0,2,0.01,0,3
100,3,92.0,67,0.17,8,92
200,3,177.0,133,0.34,23,177
2000,3,1811.0,1333,3.33,189,1811
10000,3,9001.0,6667,16.67,999,9001
20000,3,18001.0,13333,33.33,1999,18001
40000,3,36053.0,20000,50.0,3947,36053
60000,3,54059.0,20000,50.0,5941,54059
80000,3,72069.0,20000,50.0,7931,72069
100000,3,90045.0,20000,50.0,9955,90045
200000,3,179902.0,20000,50.0,20098,179902
400000,3,359803.0,20000,50.0,40197,359803
600000,3,539819.0,20000,50.0,60181,539819
800000,3,719718.0,20000,50.0,80282,719718
1000000,3,899631.0,20000,50.0,100369,899631
2,4,2.0,1,0.01,0,2
3,4,3.0,2,0.01,0,3
100,4,92.0,67,0.17,8,92
200,4,175.0,133,0.34,25,175
2000,4,1802.0,1333,3.33,198,1802
10000,4,8958.0,6667,16.67,1042,8958
20000,4,17960.0,13333,33.33,2040,17960
40000,4,35936.0,30000,50.0,4064,35936
60000,4,53906.0,50000,50.0,6094,53906
80000,4,71895.0,70000,50.0,8105,71895
100000,4,89870.0,90000,50.0,10130,89870
200000,4,180034.0,190000,50.0,19966,180034
400000,4,360065.0,390000,50.0,39935,360065
600000,4,540135.0,590000,50.0,59865,540135
800000,4,720117.0,790000,50.0,79883,720117
1000000,4,900005.0,990000,50.0,99995,900005
2,5,2.0,1,0.01,0,2
3,5,3.0,2,0.01,0,3
100,5,92.0,67,0.17,8,92
200,5,180.0,133,0.34,20,180
2000,5,1793.0,1333,3.33,207,1793
10000,5,8967.0,6667,16.67,1033,8967
20000,5,17955.0,13333,33.33,2045,17955
40000,5,35922.0,20000,50.0,4078,35922
60000,5,53927.0,20000,50.0,6073,53927
80000,5,71912.0,20000,50.0,8088,71912
100000,5,89885.0,20000,50.0,10115,89885
200000,5,179944.0,20000,50.0,20056,179944
400000,5,360133.0,20000,50.0,39867,360133
600000,5,540255.0,20000,50.0,59745,540255
800000,5,720044.0,20000,50.0,79956,720044
1000000,5,899971.0,20000,50.0,100029,899971
2,6,2.0,1,0.01,0,2
3,6,3.0,2,0.01,0,3
100,6,94.0,67,0.17,6,94
200,6,182.0,133,0.34,18,182
2000,6,1813.0,1333,3.33,187,1813
10000,6,8979.0,6667,16.67,1021,8979
20000,6,17984.0,13333,33.33,2016,17984
40000,6,35978.0,20083,50.0,4022,35978
60000,6,53975.0,20083,50.0,6025,53975
80000,6,71894.0,23575,50.0,8106,71894
100000,6,89866.0,24014,50.0,10134,89866
200000,6,179819.0,24110,50.0,20181,179819
400000,6,359707.0,24110,50.0,40293,359707
600000,6,539753.0,24110,50.0,60247,539753
800000,6,719743.0,24110,50.0,80257,719743
1000000,6,899851.0,24110,50.0,100149,899851
2,7,2.0,1,0.01,0,2
3,7,3.0,2,0.01,0,3
100,7,95.0,67,0.17,5,95
200,7,184.0,133,0.34,16,184
2000,7,1811.0,1333,3.33,189,1811
10000,7,9004.0,6667,16.67,996,9004
20000,7,17923.0,13333,33.33,2077,17923
40000,7,35953.0,20000,50.0,4047,35953
60000,7,53895.0,20000,50.0,6105,53895
80000,7,71851.0,20000,50.0,8149,71851
100000,7,89835.0,20000,50.0,10165,89835
200000,7,179787.0,20000,50.0,20213,179787
400000,7,359537.0,20000,50.0,40463,359537
600000,7,539625.0,20000,50.0,60375,539625
800000,7,719513.0,20000,50.0,80487,719513
1000000,7,899520.0,20000,50.0,100480,899520
2,8,1.0,1,0.01,1,1
3,8,2.0,2,0.01,1,2
100,8,88.0,67,0.17,12,88
200,8,177.0,133,0.34,23,177
2000,8,1801.0,1333,3.33,199,1801
10000,8,8941.0,6667,16.67,1059,8941
20000,8,17945.0,13333,33.33,2055,17945
40000,8,35939.0,30000,50.18,4061,35939
60000,8,53828.0,50000,86.18,6172,53828
80000,8,71764.0,70000,115.73,8236,71764
100000,8,89782.0,90000,115.73,10218,89782
200000,8,179873.0,190000,115.73,20127,179873
400000,8,360168.0,390000,115.73,39832,360168
600000,8,540053.0,590000,115.73,59947,540053
800000,8,720063.0,790000,115.73,79937,720063
1000000,8,900060.0,990000,115.73,99940,900060
2,9,2.0,1,0.01,0,2
3,9,3.0,2,0.01,0,3
100,9,89.0,67,0.17,11,89
200,9,176.0,133,0.34,24,176
2000,9,1789.0,1333,3.33,211,1789
10000,9,8941.0,6667,16.67,1059,8941
20000,9,17921.0,13333,33.33,2079,17921
40000,9,35934.0,30000,50.0,4066,35934
60000,9,53961.0,50000,50.0,6039,53961
80000,9,71967.0,70000,50.0,8033,71967
100000,9,90052.0,90000,50.0,9948,90052
200000,9,180084.0,190000,50.0,19916,180084
400000,9,360249.0,390000,50.0,39751,360249
600000,9,540193.0,590000,50.0,59807,540193
800000,9,720281.0,790000,50.0,79719,720281
1000000,9,900370.0,990000,50.0,99630,900370
2,10,2.0,1,0.01,0,2
3,10,3.0,2,0.01,0,3
100,10,89.0,67,0.17,11,89
200,10,177.0,133,0.34,23,177
2000,10,1795.0,1333,3.33,205,1795
10000,10,9006.0,6667,16.67,994,9006
20000,10,18010.0,13333,33.33,1990,18010
40000,10,36016.0,21096,50.0,3984,36016
60000,10,53967.0,24482,50.24,6033,53967
80000,10,71982.0,24482,50.24,8018,71982
100000,10,89952.0,24489,50.26,10048,89952
200000,10,180066.0,25491,50.47,19934,180066
400000,10,359989.0,25491,50.47,40011,359989
600000,10,540058.0,25491,50.47,59942,540058
800000,10,720014.0,25491,50.47,79986,720014
1000000,10,900205.0,25491,50.47,99795,900205
2,11,2.0,1,0.01,0,2
3,11,3.0,2,0.01,0,3
100,11,91.0,67,0.17,9,91
200,11,179.0,133,0.34,21,179
2000,11,1784.0,1333,3.33,216,1784
10000,11,8935.0,6667,16.67,1065,8935
20000,11,17893.0,13333,33.33,2107,17893
40000,11,35926.0,20000,50.0,4074,35926
60000,11,54009.0,20000,50.0,5991,54009
80000,11,72070.0,20000,50.0,7930,72070
100000,11,90046.0,20000,50.0,9954,90046
200000,11,180016.0,20000,50.0,19984,180016
400000,11,360061.0,20000,50.0,39939,360061
600000,11,540190.0,20000,50.0,59810,540190
800000,11,719860.0,20000,50.0,80140,719860
1000000,11,899836.0,20000,50.0,100164,899836
2,12,2.0,1,0.01,0,2
3,12,3.0,2,0.01,0,3
100,12,89.0,67,0.17,11,89
200,12,178.0,133,0.34,22,178
2000,12,1782.0,1333,3.33,218,1782
10000,12,8970.0,6667,16.67,1030,8970
20000,12,17981.0,13333,33.33,2019,17981
40000,12,35976.0,20000,50.0,4024,35976
60000,12,53974.0,20000,50.0,6026,53974
80000,12,71918.0,20000,50.0,8082,71918
100000,12,89848.0,20475,50.0,10152,89848
200000,12,179915.0,119218,50.0,20085,179915
400000,12,360212.0,319218,50.0,39788,360212
600000,12,539999.0,519218,50.0,60001,539999
800000,12,719742.0,719218,50.0,80258,719742
1000000,12,899583.0,919218,50.0,100417,899583
2,13,2.0,1,0.01,0,2
3,13,3.0,2,0.01,0,3
100,13,88.0,67,0.17,12,88
200,13,174.0,133,0.34,26,174
2000,13,1799.0,1333,3.33,201,1799
10000,13,9032.0,6667,16.67,968,9032
20000,13,18048.0,13333,33.33,1952,18048
40000,13,36021.0,21824,50.0,3979,36021
60000,13,54008.0,21824,50.0,5992,54008
80000,13,72003.0,21824,50.0,7997,72003
100000,13,90022.0,21838,50.0,9978,90022
200000,13,179979.0,21987,50.0,20021,179979
400000,13,360107.0,22470,50.0,39893,360107
600000,13,540044.0,22470,50.0,59956,540044
800000,13,719805.0,22470,50.0,80195,719805
1000000,13,899793.0,22470,50.0,100207,899793
2,14,2.0,1,0.01,0,2
3,14,3.0,2,0.01,0,3
100,14,88.0,67,0.17,12,88
200,14,176.0,133,0.34,24,176
2000,14,1772.0,1333,3.33,228,1772
10000,14,9004.0,6667,16.67,996,9004
20000,14,18011.0,13333,33.33,1989,18011
40000,14,35970.0,30000,50.0,4030,35970
60000,14,53972.0,50000,50.0,6028,53972
80000,14,72015.0,70000,50.0,7985,72015
100000,14,90042.0,90000,50.0,9958,90042
200000,14,179999.0,190000,50.0,20001,179999
400000,14,360172.0,390000,50.0,39828,360172
600000,14,540030.0,590000,50.0,59970,540030
800000,14,720090.0,790000,50.0,79910,720090
1000000,14,900147.0,990000,50.0,99853,900147
2,15,2.0,1,0.01,0,2
3,15,3.0,2,0.01,0,3
100,15,88.0,67,0.17,12,88
200,15,177.0,133,0.34,23,177
2000,15,1775.0,1333,3.33,225,1775
10000,15,8961.0,6667,16.67,1039,8961
20000,15,17930.0,13333,33.33,2070,17930
40000,15,35919.0,30000,50.0,4081,35919
60000,15,53928.0,50000,50.0,6072,53928
80000,15,71906.0,70000,50.0,8094,71906
100000,15,89948.0,90000,50.0,10052,89948
200000,15,179881.0,190000,50.0,20119,179881
400000,15,359946.0,390000,50.0,40054,359946
600000,15,539961.0,590000,50.0,60039,539961
800000,15,719774.0,790000,50.0,80226,719774
1000000,15,899859.0,990000,50.0,100141,899859
2,16,1.0,1,0.01,1,1
3,16,2.0,2,0.01,1,2
100,16,86.0,67,0.17,14,86
200,16,182.0,133,0.34,18,182
2000,16,1810.0,1333,3.33,190,1810
10000,16,8991.0,6667,16.67,1009,8991
20000,16,17985.0,13333,33.33,2015,17985
40000,16,35968.0,29003,50.0,4032,35968
60000,16,53936.0,48783,50.0,6064,53936
80000,16,71884.0,67535,50.0,8116,71884
100000,16,89834.0,87024,50.0,10166,89834
200000,16,179953.0,187024,50.0,20047,179953
400000,16,360034.0,387024,50.0,39966,360034
600000,16,540072.0,587024,50.0,59928,540072
800000,16,720130.0,787024,50.0,79870,720130
1000000,16,900085.0,987024,50.0,99915,900085
2,17,2.0,1,0.01,0,2
3,17,2.0,2,0.01,1,2
100,17,88.0,67,0.17,12,88
200,17,177.0,133,0.34,23,177
2000,17,1784.0,1333,3.33,216,1784
10000,17,9025.0,6667,16.67,975,9025
20000,17,18044.0,13333,33.33,1956,18044
40000,17,36053.0,20000,50.0,3947,36053
60000,17,54030.0,20661,50.0,5970,54030
80000,17,71977.0,37353,50.0,8023,71977
100000,17,89951.0,57353,50.0,10049,89951
200000,17,180097.0,156743,50.0,19903,180097
400000,17,360115.0,356743,50.0,39885,360115
600000,17,540087.0,556743,50.0,59913,540087
800000,17,720101.0,756743,50.0,79899,720101
1000000,17,899836.0,956743,50.0,100164,899836
2,18,2.0,1,0.01,0,2
3,18,2.0,2,0.01,1,2
100,18,85.0,67,0.17,15,85
200,18,175.0,133,0.34,25,175
2000,18,1787.0,1333,3.33,213,1787
10000,18,8975.0,6667,16.67,1025,8975
20000,18,18035.0,13333,33.33,1965,18035
40000,18,35994.0,20000,50.0,4006,35994
60000,18,53943.0,21660,58.3,6057,53943
80000,18,71922.0,21660,58.3,8078,71922
100000,18,89852.0,27902,89.51,10148,89852
200000,18,179792.0,28270,91.33,20208,179792
400000,18,359490.0,28270,91.33,40510,359490
600000,18,539648.0,28270,91.33,60352,539648
800000,18,719826.0,28270,91.33,80174,719826
1000000,18,899997.0,28270,91.33,100003,899997
2,19,2.0,1,0.01,0,2
3,19,3.0,2,0.01,0,3
100,19,93.0,67,0.17,7,93
200,19,179.0,133,0.34,21,179
2000,19,1782.0,1333,3.33,218,1782
10000,19,8944.0,6667,16.67,1056,8944
20000,19,17916.0,13333,33.33,2084,17916
40000,19,35917.0,20000,50.0,4083,35917
60000,19,53880.0,20000,50.0,6120,53880
80000,19,71929.0,20000,50.0,8071,71929
100000,19,89922.0,20000,50.0,10078,89922
200000,19,179853.0,20000,50.0,20147,179853
400000,19,359525.0,20000,50.0,40475,359525
600000,19,539621.0,20000,50.0,60379,539621
800000,19,719598.0,20000,50.0,80402,719598
1000000,19,899593.0,20000,50.0,100407,899593
2,20,1.0,1,0.01,1,1
3,20,2.0,2,0.01,1,2
100,20,83.0,67,0.17,17,83
200,20,179.0,133,0.34,21,179
2000,20,1792.0,1333,3.33,208,1792
10000,20,8971.0,6667,16.67,1029,8971
20000,20,17952.0,13333,33.33,2048,17952
40000,20,35967.0,30000,50.0,4033,35967
60000,20,54099.0,50000,50.0,5901,54099
80000,20,72161.0,70000,50.0,7839,72161
100000,20,90105.0,90000,50.0,9895,90105
200000,20,180224.0,190000,50.0,19776,180224
400000,20,360086.0,390000,50.0,39914,360086
600000,20,540013.0,590000,50.0,59987,540013
800000,20,720196.0,790000,50.0,79804,720196
1000000,20,900304.0,990000,50.0,99696,900304
2,21,2.0,1,0.01,0,2
3,21,3.0,2,0.01,0,3
100,21,89.0,67,0.17,11,89
200,21,178.0,133,0.34,22,178
2000,21,1785.0,1333,3.33,215,1785
10000,21,8965.0,6667,16.67,1035,8965
20000,21,17949.0,13333,33.33,2051,17949
40000,21,36000.0,30000,50.0,4000,36000
60000,21,53979.0,49797,50.03,6021,53979
80000,21,71987.0,69797,50.03,8013,71987
100000,21,89916.0,89797,50.03,10084,89916
200000,21,179942.0,189797,50.03,20058,179942
400000,21,359933.0,389797,50.03,40067,359933
600000,21,540092.0,589797,50.03,59908,540092
800000,21,720208.0,789797,50.03,79792,720208
1000000,21,900205.0,989797,50.03,99795,900205
2,22,1.0,1,0.01,1,1
3,22,2.0,2,0.01,1,2
100,22,83.0,67,0.17,17,83
200,22,173.0,133,0.34,27,173
2000,22,1803.0,1333,3.33,197,1803
10000,22,8959.0,6667,16.67,1041,8959
20000,22,17965.0,13333,33.33,2035,17965
40000,22,35960.0,20000,50.0,4040,35960
60000,22,54007.0,20000,50.0,5993,54007
80000,22,71953.0,20000,50.0,8047,71953
100000,22,89977.0,20000,50.0,10023,89977
200000,22,179851.0,20000,50.0,20149,179851
400000,22,359750.0,20000,50.0,40250,359750
600000,22,539890.0,20000,50.0,60110,539890
800000,22,719983.0,20000,50.0,80017,719983
1000000,22,899957.0,20000,50.0,100043,899957
2,23,2.0,1,0.01,0,2
3,23,3.0,2,0.01,0,3
100,23,89.0,67,0.17,11,89
200,23,177.0,133,0.34,23,177
2000,23,1822.0,1333,3.33,178,1822
10000,23,9014.0,6667,16.67,986,9014
20000,23,18025.0,13333,33.33,1975,18025
40000,23,36017.0,29376,50.0,3983,36017
60000,23,53989.0,49361,50.0,6011,53989
80000,23,71996.0,54581,50.0,8004,71996
100000,23,89990.0,54581,50.0,10010,89990
200000,23,180065.0,54581,50.0,19935,180065
400000,23,360107.0,54581,50.0,39893,360107
600000,23,539974.0,54581,50.0,60026,539974
800000,23,719867.0,54581,50.0,80133,719867
1000000,23,899677.0,54581,50.0,100323,899677
2,24,2.0,1,0.01,0,2
3,24,3.0,2,0.01,0,3
100,24,93.0,67,0.17,7,93
200,24,182.0,133,0.34,18,182
2000,24,1790.0,1333,3.33,210,1790
10000,24,9002.0,6667,16.67,998,9002
20000,24,17969.0,13333,33.33,2031,17969
40000,24,35910.0,21335,50.0,4090,35910
60000,24,53861.0,39199,50.0,6139,53861
80000,24,71835.0,59199,50.0,8165,71835
100000,24,89818.0,79199,50.0,10182,89818
200000,24,179754.0,179199,50.0,20246,179754
400000,24,359899.0,379199,50.0,40101,359899
600000,24,539999.0,579199,50.0,60001,539999
800000,24,719769.0,779199,50.0,80231,719769
1000000,24,899621.0,979199,50.0,100379,899621
2,25,2.0,1,0.01,0,2
3,25,2.0,2,0.01,1,2
100,25,94.0,67,0.17,6,94
200,25,181.0,133,0.34,19,181
2000,25,1813.0,1333,3.33,187,1813
10000,25,8967.0,6667,16.67,1033,8967
20000,25,17930.0,13333,33.33,2070,17930
40000,25,35954.0,20043,50.0,4046,35954
60000,25,53944.0,36675,50.0,6056,53944
80000,25,71952.0,56675,50.0,8048,71952
100000,25,89989.0,76675,50.0,10011,89989
200000,25,179963.0,176675,50.0,20037,179963
400000,25,359836.0,376675,50.0,40164,359836
600000,25,539652.0,576675,50.0,60348,539652
800000,25,719740.0,776675,50.0,80260,719740
1000000,25,899750.0,976675,50.0,100250,899750
2,26,2.0,1,0.01,0,2
3,26,3.0,2,0.01,0,3
100,26,93.0,67,0.17,7,93
200,26,181.0,133,0.34,19,181
2000,26,1803.0,1333,3.33,197,1803
10000,26,8990.0,6667,16.67,1010,8990
20000,26,17910.0,13333,33.33,2090,17910
40000,26,35859.0,30000,50.0,4141,35859
60000,26,53796.0,50000,50.0,6204,53796
80000,26,71850.0,70000,50.0,8150,71850
100000,26,89809.0,90000,50.0,10191,89809
200000,26,179959.0,190000,50.0,20041,179959
400000,26,359888.0,390000,50.0,40112,359888
600000,26,539596.0,590000,50.0,60404,539596
800000,26,719652.0,790000,50.0,80348,719652
1000000,26,899657.0,990000,50.0,100343,899657
2,27,2.0,1,0.01,0,2
3,27,3.0,2,0.01,0,3
100,27,87.0,67,0.17,13,87
200,27,180.0,133,0.34,20,180
2000,27,1800.0,1333,3.33,200,1800
10000,27,9002.0,6667,16.67,998,9002
20000,27,17961.0,13333,33.33,2039,17961
40000,27,35973.0,20000,50.0,4027,35973
60000,27,53942.0,20339,50.0,6058,53942
80000,27,71961.0,20339,50.0,8039,71961
100000,27,90016.0,20339,50.0,9984,90016
200000,27,179981.0,20339,50.0,20019,179981
400000,27,360064.0,20339,50.0,39936,360064
600000,27,540065.0,20339,50.0,59935,540065
800000,27,720433.0,20339,50.0,79567,720433
1000000,27,900558.0,20339,50.0,99442,900558
2,28,2.0,1,0.01,0,2
3,28,3.0,2,0.01,0,3
100,28,87.0,67,0.17,13,87
200,28,174.0,133,0.34,26,174
2000,28,1794.0,1333,3.33,206,1794
10000,28,8962.0,6667,16.67,1038,8962
20000,28,17966.0,13333,33.33,2034,17966
40000,28,35988.0,20000,50.0,4012,35988
60000,28,54030.0,20000,50.0,5970,54030
80000,28,72035.0,20007,50.0,7965,72035
100000,28,90087.0,20007,50.0,9913,90087
200000,28,179974.0,21992,50.0,20026,179974
400000,28,359829.0,45585,50.0,40171,359829
600000,28,539850.0,245585,50.0,60150,539850
800000,28,719932.0,445585,50.0,80068,719932
1000000,28,900008.0,645585,50.0,99992,900008
2,29,1.0,1,0.01,1,1
3,29,2.0,2,0.01,1,2
100,29,89.0,67,0.17,11,89
200,29,176.0,133,0.34,24,176
2000,29,1794.0,1333,3.33,206,1794
10000,29,8985.0,6667,16.67,1015,8985
20000,29,17926.0,13333,33.33,2074,17926
40000,29,35889.0,20000,50.0,4111,35889
60000,29,53870.0,20000,50.0,6130,53870
80000,29,71816.0,20000,50.0,8184,71816
100000,29,89766.0,20000,50.0,10234,89766
200000,29,179822.0,20000,50.0,20178,179822
400000,29,360046.0,20000,50.0,39954,360046
600000,29,540080.0,20000,50.0,59920,540080
800000,29,720261.0,20000,50.0,79739,720261
1000000,29,900374.0,20000,50.0,99626,900374
2,30,2.0,1,0.01,0,2
3,30,3.0,2,0.01,0,3
100,30,88.0,67,0.17,12,88
200,30,181.0,133,0.34,19,181
2000,30,1775.0,1333,3.33,225,1775
10000,30,8963.0,6667,16.67,1037,8963
20000,30,17970.0,13333,33.33,2030,17970
40000,30,35944.0,20000,50.0,4056,35944
60000,30,53863.0,20000,50.0,6137,53863
80000,30,71866.0,20042,50.0,8134,71866
100000,30,89840.0,20042,50.0,10160,89840
200000,30,179876.0,20042,50.0,20124,179876
400000,30,359728.0,20042,50.0,40272,359728
600000,30,539612.0,20042,50.0,60388,539612
800000,30,719525.0,20042,50.0,80475,719525
1000000,30,899586.0,20042,50.0,100414,899586
2,31,2.0,1,0.01,0,2
3,31,3.0,2,0.01,0,3
100,31,85.0,67,0.17,15,85
200,31,173.0,133,0.34,27,173
2000,31,1789.0,1333,3.33,211,1789
10000,31,8941.0,6667,16.67,1059,8941
20000,31,17955.0,13333,33.33,2045,17955
40000,31,36019.0,20009,50.0,3981,36019
60000,31,53961.0,20297,50.0,6039,53961
80000,31,71926.0,27470,50.0,8074,71926
100000,31,89893.0,27485,50.0,10107,89893
200000,31,179994.0,126668,50.0,20006,179994
400000,31,359940.0,326668,50.0,40060,359940
600000,31,540034.0,526668,50.0,59966,540034
800000,31,720179.0,726668,50.0,79821,720179
1000000,31,900144.0,926668,50.0,99856,900144
2,32,2.0,1,0.01,0,2
3,32,3.0,2,0.01,0,3
100,32,87.0,67,0.17,13,87
200,32,178.0,133,0.34,22,178
2000,32,1813.0,1333,3.33,187,1813
10000,32,9012.0,6667,16.67,988,9012
20000,32,17966.0,13333,33.33,2034,17966
40000,32,35906.0,20000,50.0,4094,35906
60000,32,53890.0,20000,50.0,6110,53890
80000,32,71940.0,20000,50.0,8060,71940
100000,32,89922.0,20000,50.0,10078,89922
200000,32,179826.0,20000,50.0,20174,179826
400000,32,359716.0,20000,50.0,40284,359716
600000,32,539716.0,20000,50.0,60284,539716
800000,32,719741.0,20000,50.0,80259,719741
1000000,32,899959.0,20000,50.0,100041,899959
2,33,2.0,1,0.01,0,2
3,33,3.0,2,0.01,0,3
100,33,90.0,67,0.17,10,90
200,33,182.0,133,0.34,18,182
2000,33,1800.0,1333,3.33,200,1800
10000,33,8987.0,6667,16.67,1013,8987
20000,33,17946.0,13333,33.33,2054,17946
40000,33,35947.0,30000,50.0,4053,35947
60000,33,53945.0,33887,50.0,6055,53945
80000,33,72018.0,33887,50.0,7982,72018
100000,33,90035.0,33887,50.0,9965,90035
200000,33,179856.0,35606,50.0,20144,179856
400000,33,359938.0,36561,50.0,40062,359938
600000,33,539801.0,36561,50.0,60199,539801
800000,33,719730.0,36561,50.0,80270,719730
1000000,33,899597.0,36561,50.0,100403,899597
2,34,2.0,1,0.01,0,2
3,34,3.0,2,0.01,0,3
100,34,95.0,67,0.17,5,95
200,34,185.0,133,0.34,15,185
2000,34,1798.0,1333,3.33,202,1798
10000,34,8984.0,6667,16.67,1016,8984
20000,34,17960.0,13333,33.33,2040,17960
40000,34,35923.0,30000,50.09,4077,35923
60000,34,53879.0,50000,50.09,6121,53879
80000,34,71882.0,70000,50.09,8118,71882
100000,34,89825.0,90000,50.09,10175,89825
200000,34,179860.0,190000,50.09,20140,179860
400000,34,359681.0,390000,50.09,40319,359681
600000,34,539612.0,590000,50.09,60388,539612
800000,34,719698.0,790000,50.09,80302,719698
1000000,34,899638.0,990000,50.09,100362,899638
2,35,2.0,1,0.01,0,2
3,35,3.0,2,0.01,0,3
100,35,86.0,67,0.17,14,86
200,35,179.0,133,0.34,21,179
2000,35,1792.0,1333,3.33,208,1792
10000,35,8949.0,6667,16.67,1051,8949
20000,35,17927.0,13333,33.33,2073,17927
40000,35,35939.0,30000,50.0,4061,35939
60000,35,53902.0,50000,50.0,6098,53902
80000,35,71905.0,70000,50.0,8095,71905
100000,35,89858.0,90000,50.0,10142,89858
200000,35,179850.0,190000,50.0,20150,179850
400000,35,359751.0,390000,50.0,40249,359751
600000,35,539823.0,590000,50.0,60177,539823
800000,35,719586.0,790000,50.0,80414,719586
1000000,35,899485.0,990000,50.0,100515,899485
2,36,2.0,1,0.01,0,2
3,36,3.0,2,0.01,0,3
100,36,94.0,67,0.17,6,94
200,36,186.0,133,0.34,14,186
2000,36,1803.0,1333,3.33,197,1803
10000,36,8979.0,6667,16.67,1021,8979
20000,36,17929.0,13333,33.33,2071,17929
40000,36,35914.0,30000,50.0,4086,35914
60000,36,53934.0,50000,50.0,6066,53934
80000,36,71961.0,70000,50.0,8039,71961
100000,36,89978.0,90000,50.0,10022,89978
200000,36,179964.0,190000,50.0,20036,179964
400000,36,360071.0,390000,50.0,39929,360071
600000,36,540108.0,590000,50.0,59892,540108
800000,36,720146.0,790000,50.0,79854,720146
1000000,36,899888.0,990000,50.0,100112,899888
2,37,2.0,1,0.01,0,2
3,37,3.0,2,0.01,0,3
100,37,91.0,67,0.17,9,91
200,37,182.0,133,0.34,18,182
2000,37,1816.0,1333,3.33,184,1816
10000,37,8957.0,6667,16.67,1043,8957
20000,37,18000.0,13333,33.33,2000,18000
40000,37,36032.0,30000,50.0,3968,36032
60000,37,54008.0,50000,50.0,5992,54008
80000,37,71998.0,70000,50.0,8002,71998
100000,37,89931.0,86342,50.0,10069,89931
200000,37,179792.0,184988,50.0,20208,179792
400000,37,359712.0,384988,50.0,40288,359712
600000,37,539720.0,584988,50.0,60280,539720
800000,37,719816.0,784988,50.0,80184,719816
1000000,37,899748.0,984988,50.0,100252,899748
2,38,2.0,1,0.01,0,2
3,38,3.0,2,0.01,0,3
100,38,90.0,67,0.17,10,90
200,38,183.0,133,0.34,17,183
2000,38,1818.0,1333,3.33,182,1818
10000,38,8973.0,6667,16.67,1027,8973
20000,38,17992.0,13333,33.33,2008,17992
40000,38,36004.0,29377,50.0,3996,36004
60000,38,53992.0,47878,50.0,6008,53992
80000,38,71925.0,65024,50.0,8075,71925
100000,38,89875.0,84383,50.0,10125,89875
200000,38,179996.0,84383,50.0,20004,179996
400000,38,359978.0,84383,50.0,40022,359978
600000,38,540101.0,84383,50.0,59899,540101
800000,38,720117.0,84383,50.0,79883,720117
1000000,38,900155.0,84383,50.0,99845,900155
2,39,1.0,1,0.01,1,1
3,39,2.0,2,0.01,1,2
100,39,87.0,67,0.17,13,87
200,39,177.0,133,0.34,23,177
2000,39,1786.0,1333,3.33,214,1786
10000,39,8939.0,6667,16.67,1061,8939
20000,39,17977.0,13333,33.33,2023,17977
40000,39,35943.0,30000,50.0,4057,35943
60000,39,53882.0,50000,50.0,6118,53882
80000,39,71923.0,70000,50.0,8077,71923
100000,39,89894.0,90000,50.0,10106,89894
200000,39,179877.0,190000,50.0,20123,179877
400000,39,359824.0,390000,50.0,40176,359824
600000,39,539921.0,590000,50.0,60079,539921
800000,39,719952.0,790000,50.0,80048,719952
1000000,39,900121.0,990000,50.0,99879,900121
2,40,2.0,1,0.01,0,2
3,40,3.0,2,0.01,0,3
100,40,91.0,67,0.17,9,91
200,40,185.0,133,0.34,15,185
2000,40,1783.0,1333,3.33,217,1783
10000,40,8980.0,6667,16.67,1020,8980
20000,40,17963.0,13333,33.33,2037,17963
40000,40,35836.0,30000,50.0,4164,35836
60000,40,53860.0,50000,50.0,6140,53860
80000,40,71878.0,70000,50.0,8122,71878
100000,40,89897.0,90000,50.0,10103,89897
200000,40,179748.0,190000,50.0,20252,179748
400000,40,359885.0,390000,50.0,40115,359885
600000,40,539978.0,590000,50.0,60022,539978
800000,40,719879.0,790000,50.0,80121,719879
1000000,40,899877.0,990000,50.0,100123,899877
2,41,2.0,1,0.01,0,2
3,41,3.0,2,0.01,0,3
100,41,89.0,67,0.17,11,89
200,41,176.0,133,0.34,24,176
2000,41,1807.0,1333,3.33,193,1807
10000,41,8994.0,6667,16.67,1006,8994
20000,41,17945.0,13333,33.33,2055,17945
40000,41,35859.0,30000,62.91,4141,35859
60000,41,53867.0,50000,63.67,6133,53867
80000,41,71881.0,70000,63.67,8119,71881
100000,41,89976.0,90000,63.67,10024,89976
200000,41,179881.0,190000,63.67,20119,179881
400000,41,359896.0,390000,63.67,40104,359896
600000,41,539825.0,590000,63.67,60175,539825
800000,41,719784.0,790000,63.67,80216,719784
1000000,41,899715.0,990000,63.67,100285,899715
2,42,2.0,1,0.01,0,2
3,42,3.0,2,0.01,0,3
100,42,90.0,67,0.17,10,90
200,42,177.0,133,0.34,23,177
2000,42,1784.0,1333,3.33,216,1784
10000,42,8930.0,6667,16.67,1070,8930
20000,42,17958.0,13333,33.33,2042,17958
40000,42,35911.0,20000,50.0,4089,35911
60000,42,53891.0,20000,50.0,6109,53891
80000,42,71943.0,20000,50.0,8057,71943
100000,42,89948.0,20000,50.0,10052,89948
200000,42,179792.0,20000,50.0,20208,179792
400000,42,359941.0,20000,50.0,40059,359941
600000,42,540200.0,20000,50.0,59800,540200
800000,42,720005.0,20000,50.0,79995,720005
1000000,42,900051.0,20000,50.0,99949,900051
2,43,2.0,1,0.01,0,2
3,43,3.0,2,0.01,0,3
100,43,92.0,67,0.17,8,92
200,43,184.0,133,0.34,16,184
2000,43,1823.0,1333,3.33,177,1823
10000,43,9014.0,6667,16.67,986,9014
20000,43,17996.0,13333,33.33,2004,17996
40000,43,35988.0,20000,50.0,4012,35988
60000,43,53945.0,20000,50.0,6055,53945
80000,43,71978.0,20000,50.0,8022,71978
100000,43,89954.0,20000,50.0,10046,89954
200000,43,179964.0,20000,50.0,20036,179964
400000,43,360034.0,20000,50.0,39966,360034
600000,43,540165.0,20000,50.0,59835,540165
800000,43,720304.0,20000,50.0,79696,720304
1000000,43,900305.0,20000,50.0,99695,900305
2,44,2.0,1,0.01,0,2
3,44,3.0,2,0.01,0,3
100,44,91.0,67,0.17,9,91
200,44,179.0,133,0.34,21,179
2000,44,1820.0,1333,3.33,180,1820
10000,44,9001.0,6667,16.67,999,9001
20000,44,17930.0,13333,33.33,2070,17930
40000,44,35903.0,20011,50.0,4097,35903
60000,44,53901.0,21276,50.0,6099,53901
80000,44,71852.0,21276,50.0,8148,71852
100000,44,89924.0,21276,50.0,10076,89924
200000,44,179949.0,21276,50.0,20051,179949
400000,44,360042.0,21276,50.0,39958,360042
600000,44,540132.0,21276,50.0,59868,540132
800000,44,720289.0,21276,50.0,79711,720289
1000000,44,900290.0,21276,50.0,99710,900290
2,45,2.0,1,0.01,0,2
3,45,3.0,2,0.01,0,3
100,45,89.0,67,0.17,11,89
200,45,177.0,133,0.34,23,177
2000,45,1793.0,1333,3.33,207,1793
10000,45,9043.0,6667,16.67,957,9043
20000,45,18060.0,13333,33.33,1940,18060
40000,45,36043.0,25937,50.0,3957,36043
60000,45,54043.0,31275,50.0,5957,54043
80000,45,72013.0,39153,50.0,7987,72013
100000,45,90052.0,59153,50.0,9948,90052
200000,45,180168.0,159153,50.0,19832,180168
400000,45,360079.0,359153,50.0,39921,360079
600000,45,540068.0,559153,50.0,59932,540068
800000,45,720089.0,758600,50.0,79911,720089
1000000,45,899785.0,958373,50.0,100215,899785
2,46,2.0,1,0.01,0,2
3,46,3.0,2,0.01,0,3
100,46,90.0,67,0.17,10,90
200,46,183.0,133,0.34,17,183
2000,46,1797.0,1333,3.33,203,1797
10000,46,9013.0,6667,16.67,987,9013
20000,46,17985.0,13333,33.33,2015,17985
40000,46,36107.0,21339,50.0,3893,36107
60000,46,54136.0,21680,50.0,5864,54136
80000,46,72090.0,22193,50.0,7910,72090
100000,46,90070.0,23733,50.0,9930,90070
200000,46,180116.0,24018,50.0,19884,180116
400000,46,359979.0,24230,50.0,40021,359979
600000,46,539780.0,25281,50.0,60220,539780
800000,46,719509.0,25291,50.0,80491,719509
1000000,46,899712.0,25291,50.0,100288,899712
2,47,2.0,1,0.01,0,2
3,47,3.0,2,0.01,0,3
100,47,88.0,67,0.17,12,88
200,47,181.0,133,0.34,19,181
2000,47,1796.0,1333,3.33,204,1796
10000,47,8980.0,6667,16.67,1020,8980
20000,47,17993.0,13333,33.33,2007,17993
40000,47,35964.0,29948,50.0,4036,35964
60000,47,53946.0,48173,50.0,6054,53946
80000,47,71951.0,68173,50.0,8049,71951
100000,47,89941.0,88173,50.0,10059,89941
200000,47,179845.0,185457,50.0,20155,179845
400000,47,360027.0,385457,50.0,39973,360027
600000,47,540049.0,585457,50.0,59951,540049
800000,47,720259.0,785457,50.0,79741,720259
1000000,47,900449.0,985457,50.0,99551,900449
2,48,1.0,1,0.01,1,1
3,48,2.0,2,0.01,1,2
100,48,87.0,67,0.17,13,87
200,48,180.0,133,0.34,20,180
2000,48,1797.0,1333,3.33,203,1797
10000,48,8997.0,6667,16.67,1003,8997
20000,48,18011.0,13333,33.33,1989,18011
40000,48,36023.0,20000,50.0,3977,36023
60000,48,54049.0,20000,50.0,5951,54049
80000,48,72108.0,20000,50.0,7892,72108
100000,48,90136.0,20000,50.0,9864,90136
200000,48,180176.0,20000,50.0,19824,180176
400000,48,359895.0,20000,50.0,40105,359895
600000,48,539709.0,20000,50.0,60291,539709
800000,48,719586.0,20000,50.0,80414,719586
1000000,48,899570.0,20000,50.0,100430,899570
2,49,1.0,1,0.01,1,1
3,49,2.0,2,0.01,1,2
100,49,89.0,67,0.17,11,89
200,49,180.0,133,0.34,20,180
2000,49,1785.0,1333,3.33,215,1785
10000,49,8976.0,6667,16.67,1024,8976
20000,49,17974.0,13333,33.33,2026,17974
40000,49,35980.0,20000,50.0,4020,35980
60000,49,53942.0,20000,50.0,6058,53942
80000,49,71983.0,20000,50.0,8017,71983
100000,49,90014.0,20000,50.0,9986,90014
200000,49,180079.0,20000,50.0,19921,180079
400000,49,360031.0,20000,50.0,39969,360031
600000,49,540200.0,20000,50.0,59800,540200
800000,49,720174.0,20000,50.0,79826,720174
1000000,49,900215.0,20000,50.0,99785,900215
2,50,2.0,1,0.01,0,2
3,50,3.0,2,0.01,0,3
100,50,88.0,67,0.17,12,88
200,50,182.0,133,0.34,18,182
2000,50,1802.0,1333,3.33,198,1802
10000,50,9002.0,6667,16.67,998,9002
20000,50,18005.0,13333,33.33,1995,18005
40000,50,35996.0,29376,50.0,4004,35996
60000,50,54025.0,35464,50.0,5975,54025
80000,50,71964.0,35804,50.0,8036,71964
100000,50,89998.0,35804,50.0,10002,89998
200000,50,179941.0,35804,50.0,20059,179941
400000,50,359830.0,35804,50.0,40170,359830
600000,50,539938.0,35804,50.0,60062,539938
800000,50,719730.0,35804,50.0,80270,719730
1000000,50,899773.0,35804,50.0,100227,899773
2,51,2.0,1,0.01,0,2
3,51,3.0,2,0.01,0,3
100,51,91.0,67,0.17,9,91
200,51,184.0,133,0.34,16,184
2000,51,1808.0,1333,3.33,192,1808
10000,51,8996.0,6667,16.67,1004,8996
20000,51,17952.0,13333,33.33,2048,17952
40000,51,35901.0,20000,50.0,4099,35901
60000,51,53919.0,20000,50.0,6081,53919
80000,51,71909.0,20000,50.0,8091,71909
100000,51,89937.0,20000,50.0,10063,89937
200000,51,180033.0,20000,50.0,19967,180033
400000,51,359903.0,20000,50.0,40097,359903
600000,51,539794.0,20000,50.0,60206,539794
800000,51,719816.0,20000,50.0,80184,719816
1000000,51,899957.0,20000,50.0,100043,899957
2,52,2.0,1,0.01,0,2
3,52,3.0,2,0.01,0,3
100,52,91.0,67,0.17,9,91
200,52,182.0,133,0.34,18,182
2000,52,1808.0,1333,3.33,192,1808
10000,52,9039.0,6667,16.67,961,9039
20000,52,18031.0,13333,33.33,1969,18031
40000,52,36028.0,23546,50.0,3972,36028
60000,52,54059.0,42533,50.0,5941,54059
80000,52,72016.0,62356,50.0,7984,72016
100000,52,89985.0,81664,50.0,10015,89985
200000,52,179700.0,150731,58.78,20300,179700
400000,52,359558.0,349737,58.93,40442,359558
600000,52,539749.0,549737,58.93,60251,539749
800000,52,719695.0,749737,58.93,80305,719695
1000000,52,899709.0,949737,58.93,100291,899709
2,53,2.0,1,0.01,0,2
3,53,3.0,2,0.01,0,3
100,53,95.0,67,0.17,5,95
200,53,191.0,133,0.34,9,191
2000,53,1792.0,1333,3.33,208,1792
10000,53,8988.0,6667,16.67,1012,8988
20000,53,17975.0,13333,33.33,2025,17975
40000,53,35917.0,20393,50.0,4083,35917
60000,53,53920.0,20393,50.0,6080,53920
80000,53,71916.0,20393,50.0,8084,71916
100000,53,89934.0,20393,50.0,10066,89934
200000,53,180053.0,20393,50.0,19947,180053
400000,53,360134.0,20393,50.0,39866,360134
600000,53,540277.0,20393,50.0,59723,540277
800000,53,720272.0,20393,50.0,79728,720272
1000000,53,900168.0,20393,50.0,99832,900168
2,54,2.0,1,0.01,0,2
3,54,3.0,2,0.01,0,3
100,54,94.0,67,0.17,6,94
200,54,181.0,133,0.34,19,181
2000,54,1771.0,1333,3.33,229,1771
10000,54,8978.0,6667,16.67,1022,8978
20000,54,17984.0,13333,33.33,2016,17984
40000,54,35919.0,29818,50.0,4081,35919
60000,54,53951.0,33538,50.0,6049,53951
80000,54,71986.0,33538,50.0,8014,71986
100000,54,89967.0,33538,50.0,10033,89967
200000,54,179843.0,33538,50.0,20157,179843
400000,54,359887.0,33538,50.0,40113,359887
600000,54,540015.0,33538,50.0,59985,540015
800000,54,719848.0,33538,50.0,80152,719848
1000000,54,900014.0,33538,50.0,99986,900014
2,55,2.0,1,0.01,0,2
3,55,3.0,2,0.01,0,3
100,55,89.0,67,0.17,11,89
200,55,176.0,133,0.34,24,176
2000,55,1785.0,1333,3.33,215,1785
10000,55,8973.0,6667,16.67,1027,8973
20000,55,17940.0,13333,33.33,2060,17940
40000,55,35910.0,22625,50.0,4090,35910
60000,55,53868.0,22625,50.0,6132,53868
80000,55,71921.0,22625,50.0,8079,71921
100000,55,89888.0,22625,50.0,10112,89888
200000,55,179909.0,22625,50.0,20091,179909
400000,55,359884.0,22625,50.0,40116,359884
600000,55,539950.0,22625,50.0,60050,539950
800000,55,720091.0,22625,50.0,79909,720091
1000000,55,900174.0,22625,50.0,99826,900174
2,56,2.0,1,0.01,0,2
3,56,3.0,2,0.01,0,3
100,56,91.0,67,0.17,9,91
200,56,182.0,133,0.34,18,182
2000,56,1794.0,1333,3.33,206,1794
10000,56,8978.0,6667,16.67,1022,8978
20000,56,17912.0,13333,33.33,2088,17912
40000,56,35901.0,28603,50.0,4099,35901
60000,56,53909.0,48603,50.0,6091,53909
80000,56,71867.0,68597,50.0,8133,71867
100000,56,89795.0,80156,50.0,10205,89795
200000,56,179708.0,179849,50.0,20292,179708
400000,56,359762.0,379849,50.0,40238,359762
600000,56,539862.0,579849,50.0,60138,539862
800000,56,720007.0,779849,50.0,79993,720007
1000000,56,899718.0,979849,50.0,100282,899718
2,57,2.0,1,0.01,0,2
3,57,3.0,2,0.01,0,3
100,57,94.0,67,0.17,6,94
200,57,183.0,133,0.34,17,183
2000,57,1808.0,1333,3.33,192,1808
10000,57,8992.0,6667,16.67,1008,8992
20000,57,17999.0,13333,33.33,2001,17999
40000,57,36023.0,30000,50.0,3977,36023
60000,57,54088.0,50000,50.0,5912,54088
80000,57,72054.0,70000,50.0,7946,72054
100000,57,90130.0,90000,50.0,9870,90130
200000,57,179992.0,190000,50.0,20008,179992
400000,57,360017.0,389996,50.0,39983,360017
600000,57,539990.0,445031,50.0,60010,539990
800000,57,719987.0,445031,50.0,80013,719987
1000000,57,899830.0,449816,50.0,100170,899830
2,58,2.0,1,0.01,0,2
3,58,3.0,2,0.01,0,3
100,58,92.0,67,0.17,8,92
200,58,172.0,133,0.34,28,172
2000,58,1799.0,1333,3.33,201,1799
10000,58,8944.0,6667,16.67,1056,8944
20000,58,17916.0,13333,33.33,2084,17916
40000,58,35903.0,30000,50.0,4097,35903
60000,58,53856.0,50000,50.0,6144,53856
80000,58,71835.0,70000,50.0,8165,71835
100000,58,89856.0,90000,50.0,10144,89856
200000,58,179837.0,190000,50.0,20163,179837
400000,58,359640.0,390000,50.0,40360,359640
600000,58,539374.0,590000,50.0,60626,539374
800000,58,719333.0,790000,50.0,80667,719333
1000000,58,899692.0,990000,50.0,100308,899692
2,59,2.0,1,0.01,0,2
3,59,3.0,2,0.01,0,3
100,59,88.0,67,0.17,12,88
200,59,177.0,133,0.34,23,177
2000,59,1792.0,1333,3.33,208,1792
10000,59,8965.0,6667,16.67,1035,8965
20000,59,17930.0,13333,33.33,2070,17930
40000,59,35859.0,20000,50.0,4141,35859
60000,59,53876.0,20000,50.0,6124,53876
80000,59,71864.0,20000,50.0,8136,71864
100000,59,89767.0,20000,50.0,10233,89767
200000,59,179886.0,20000,50.0,20114,179886
400000,59,359919.0,20000,50.0,40081,359919
600000,59,540068.0,20000,50.0,59932,540068
800000,59,720094.0,20000,50.0,79906,720094
1000000,59,900054.0,20000,50.0,99946,900054
2,60,2.0,1,0.01,0,2
3,60,3.0,2,0.01,0,3
100,60,93.0,67,0.17,7,93
200,60,183.0,133,0.34,17,183
2000,60,1801.0,1333,3.33,199,1801
10000,60,9001.0,6667,16.67,999,9001
20000,60,18033.0,13333,33.33,1967,18033
40000,60,35962.0,22225,50.0,4038,35962
60000,60,53982.0,37727,50.0,6018,53982
80000,60,71969.0,57726,50.0,8031,71969
100000,60,89953.0,77713,50.0,10047,89953
200000,60,179827.0,173017,50.0,20173,179827
400000,60,360001.0,365565,50.0,39999,360001
600000,60,539779.0,565565,50.0,60221,539779
800000,60,719905.0,765565,50.0,80095,719905
1000000,60,900190.0,965565,50.0,99810,900190
2,61,2.0,1,0.01,0,2
3,61,3.0,2,0.01,0,3
100,61,87.0,67,0.17,13,87
200,61,177.0,133,0.34,23,177
2000,61,1809.0,1333,3.33,191,1809
10000,61,8975.0,6667,16.67,1025,8975
20000,61,17899.0,13333,33.33,2101,17899
40000,61,35936.0,30000,50.0,4064,35936
60000,61,53952.0,50000,50.0,6048,53952
80000,61,71986.0,70000,50.0,8014,71986
100000,61,90032.0,90000,50.0,9968,90032
200000,61,179883.0,190000,50.0,20117,179883
400000,61,360056.0,390000,50.0,39944,360056
600000,61,540272.0,590000,50.0,59728,540272
800000,61,720038.0,790000,50.0,79962,720038
1000000,61,899936.0,990000,50.0,100064,899936
2,62,2.0,1,0.01,0,2
3,62,3.0,2,0.01,0,3
100,62,90.0,67,0.17,10,90
200,62,183.0,133,0.34,17,183
2000,62,1800.0,1333,3.33,200,1800
10000,62,8985.0,6667,16.67,1015,8985
20000,62,17960.0,13333,33.33,2040,17960
40000,62,35967.0,20000,50.0,4033,35967
60000,62,53936.0,20052,50.0,6064,53936
80000,62,71980.0,20052,50.0,8020,71980
100000,62,89953.0,20052,50.0,10047,89953
200000,62,180179.0,20052,50.0,19821,180179
400000,62,359972.0,20052,50.0,40028,359972
600000,62,540122.0,20052,50.0,59878,540122
800000,62,720306.0,20052,50.0,79694,720306
1000000,62,900258.0,20052,50.0,99742,900258
2,63,2.0,1,0.01,0,2
3,63,3.0,2,0.01,0,3
100,63,89.0,67,0.17,11,89
200,63,184.0,133,0.34,16,184
2000,63,1814.0,1333,3.33,186,1814
10000,63,9033.0,6667,16.67,967,9033
20000,63,18067.0,13333,33.33,1933,18067
40000,63,35999.0,27511,50.0,4001,35999
60000,63,53993.0,36265,50.0,6007,53993
80000,63,71996.0,36265,50.0,8004,71996
100000,63,90041.0,36265,50.0,9959,90041
200000,63,180096.0,36265,50.0,19904,180096
400000,63,360081.0,36265,50.0,39919,360081
600000,63,539819.0,36265,50.0,60181,539819
800000,63,719895.0,36265,50.0,80105,719895
1000000,63,899808.0,36265,50.0,100192,899808
2,64,2.0,1,0.01,0,2
3,64,3.0,2,0.01,0,3
100,64,91.0,67,0.17,9,91
200,64,184.0,133,0.34,16,184
2000,64,1801.0,1333,3.33,199,1801
10000,64,8967.0,6667,16.67,1033,8967
20000,64,17938.0,13333,33.33,2062,17938
40000,64,35836.0,20000,50.0,4164,35836
60000,64,53825.0,20000,50.0,6175,53825
80000,64,71805.0,20000,50.0,8195,71805
100000,64,89828.0,20000,50.0,10172,89828
200000,64,179747.0,20000,50.0,20253,179747
400000,64,359698.0,20000,50.0,40302,359698
600000,64,539511.0,20000,50.0,60489,539511
800000,64,719411.0,20000,50.0,80589,719411
1000000,64,899317.0,20000,50.0,100683,899317
2,65,2.0,1,0.01,0,2
3,65,3.0,2,0.01,0,3
100,65,95.0,67,0.17,5,95
200,65,190.0,133,0.34,10,190
2000,65,1809.0,1333,3.33,191,1809
10000,65,9003.0,6667,16.67,997,9003
20000,65,17969.0,13333,33.33,2031,17969
40000,65,35992.0,20000,50.0,4008,35992
60000,65,53964.0,20001,50.0,6036,53964
80000,65,71970.0,20406,50.0,8030,71970
100000,65,89989.0,21018,50.0,10011,89989
200000,65,179858.0,25284,50.0,20142,179858
400000,65,359742.0,25284,50.0,40258,359742
600000,65,539702.0,25284,50.0,60298,539702
800000,65,719551.0,25284,50.0,80449,719551
1000000,65,899670.0,25284,50.0,100330,899670
2,66,2.0,1,0.01,0,2
3,66,3.0,2,0.01,0,3
100,66,91.0,67,0.17,9,91
200,66,181.0,133,0.34,19,181
2000,66,1801.0,1333,3.33,199,1801
10000,66,8986.0,6667,16.67,1014,8986
20000,66,18010.0,13333,33.33,1990,18010
40000,66,35911.0,22902,50.0,4089,35911
60000,66,53942.0,22951,50.0,6058,53942
80000,66,71978.0,22951,50.0,8022,71978
100000,66,89978.0,22951,50.0,10022,89978
200000,66,179925.0,22951,50.0,20075,179925
400000,66,359852.0,22951,50.0,40148,359852
600000,66,539859.0,22951,50.0,60141,539859
800000,66,719989.0,22951,50.0,80011,719989
1000000,66,899744.0,22951,50.0,100256,899744
2,67,2.0,1,0.01,0,2
3,67,2.0,2,0.01,1,2
100,67,90.0,67,0.17,10,90
200,67,184.0,133,0.34,16,184
2000,67,1812.0,1333,3.33,188,1812
10000,67,9029.0,6667,16.67,971,9029
20000,67,18006.0,13333,33.33,1994,18006
40000,67,35993.0,23976,50.0,4007,35993
60000,67,53997.0,43976,50.0,6003,53997
80000,67,71955.0,63375,50.0,8045,71955
100000,67,90013.0,83375,50.0,9987,90013
200000,67,180149.0,183375,50.0,19851,180149
400000,67,360061.0,383375,50.0,39939,360061
600000,67,539841.0,583330,50.0,60159,539841
800000,67,719927.0,783330,50.0,80073,719927
1000000,67,900126.0,983330,50.0,99874,900126
2,68,2.0,1,0.01,0,2
3,68,3.0,2,0.01,0,3
100,68,93.0,67,0.17,7,93
200,68,186.0,133,0.34,14,186
2000,68,1813.0,1333,3.33,187,1813
10000,68,8991.0,6667,16.67,1009,8991
20000,68,17979.0,13333,33.33,2021,17979
40000,68,35945.0,21635,50.0,4055,35945
60000,68,53980.0,21801,50.0,6020,53980
80000,68,71955.0,21801,50.0,8045,71955
100000,68,89934.0,21804,50.0,10066,89934
200000,68,179972.0,21804,50.0,20028,179972
400000,68,359994.0,21804,50.0,40006,359994
600000,68,540166.0,21804,50.0,59834,540166
800000,68,720033.0,21804,50.0,79967,720033
1000000,68,899899.0,21804,50.0,100101,899899
2,69,2.0,1,0.01,0,2
3,69,3.0,2,0.01,0,3
100,69,84.0,67,0.17,16,84
200,69,176.0,133,0.34,24,176
2000,69,1781.0,1333,3.33,219,1781
10000,69,8975.0,6667,16.67,1025,8975
20000,69,17971.0,13333,33.33,2029,17971
40000,69,35869.0,20000,50.0,4131,35869
60000,69,53899.0,20000,50.0,6101,53899
80000,69,71923.0,20000,50.0,8077,71923
100000,69,89961.0,20000,50.0,10039,89961
200000,69,179876.0,20000,50.0,20124,179876
400000,69,359783.0,20000,50.0,40217,359783
600000,69,539527.0,20000,50.0,60473,539527
800000,69,719401.0,20000,50.0,80599,719401
1000000,69,899378.0,20000,50.0,100622,899378
2,70,2.0,1,0.01,0,2
3,70,3.0,2,0.01,0,3
100,70,89.0,67,0.17,11,89
200,70,176.0,133,0.34,24,176
2000,70,1796.0,1333,3.33,204,1796
10000,70,9022.0,6667,16.67,978,9022
20000,70,18020.0,13333,33.33,1980,18020
40000,70,36020.0,25088,50.0,3980,36020
60000,70,54027.0,26635,50.0,5973,54027
80000,70,71976.0,28986,50.0,8024,71976
100000,70,90004.0,28986,50.0,9996,90004
200000,70,180059.0,28986,50.0,19941,180059
400000,70,360094.0,30394,50.0,39906,360094
600000,70,540150.0,30394,50.0,59850,540150
800000,70,720361.0,30394,50.0,79639,720361
1000000,70,900189.0,30394,50.0,99811,900189
2,71,2.0,1,0.01,0,2
3,71,3.0,2,0.01,0,3
100,71,90.0,67,0.17,10,90
200,71,184.0,133,0.34,16,184
2000,71,1799.0,1333,3.33,201,1799
10000,71,8995.0,6667,16.67,1005,8995
20000,71,18013.0,13333,33.33,1987,18013
40000,71,36042.0,20942,50.0,3958,36042
60000,71,54109.0,20942,50.0,5891,54109
80000,71,72126.0,20942,50.0,7874,72126
100000,71,90194.0,20942,50.0,9806,90194
200000,71,180119.0,26382,50.0,19881,180119
400000,71,360073.0,27227,50.0,39927,360073
600000,71,540152.0,27227,50.0,59848,540152
800000,71,720062.0,27227,50.0,79938,720062
1000000,71,899838.0,27227,50.0,100162,899838
2,72,2.0,1,0.01,0,2
3,72,3.0,2,0.01,0,3
100,72,93.0,67,0.17,7,93
200,72,182.0,133,0.34,18,182
2000,72,1813.0,1333,3.33,187,1813
10000,72,8979.0,6667,16.67,1021,8979
20000,72,17964.0,13333,33.33,2036,17964
40000,72,35929.0,30000,50.0,4071,35929
60000,72,53924.0,50000,50.0,6076,53924
80000,72,71974.0,70000,50.0,8026,71974
100000,72,89939.0,90000,50.0,10061,89939
200000,72,179748.0,190000,50.0,20252,179748
400000,72,359815.0,390000,50.0,40185,359815
600000,72,539629.0,590000,50.0,60371,539629
800000,72,719512.0,790000,50.0,80488,719512
1000000,72,899550.0,990000,50.0,100450,899550
2,73,2.0,1,0.01,0,2
3,73,3.0,2,0.01,0,3
100,73,93.0,67,0.17,7,93
200,73,175.0,133,0.34,25,175
2000,73,1806.0,1333,3.33,194,1806
10000,73,9012.0,6667,16.67,988,9012
20000,73,17988.0,13333,33.33,2012,17988
40000,73,35941.0,30000,50.0,4059,35941
60000,73,53925.0,50000,50.0,6075,53925
80000,73,71895.0,70000,50.0,8105,71895
100000,73,89867.0,90000,50.0,10133,89867
200000,73,179805.0,190000,50.0,20195,179805
400000,73,359951.0,390000,50.0,40049,359951
600000,73,539980.0,590000,50.0,60020,539980
800000,73,719780.0,790000,50.0,80220,719780
1000000,73,899536.0,990000,50.0,100464,899536
2,74,2.0,1,0.01,0,2
3,74,3.0,2,0.01,0,3
100,74,87.0,67,0.17,13,87
200,74,175.0,133,0.34,25,175
2000,74,1802.0,1333,3.33,198,1802
10000,74,8975.0,6667,16.67,1025,8975
20000,74,17933.0,13333,33.33,2067,17933
40000,74,35930.0,20000,50.0,4070,35930
60000,74,53885.0,20000,50.0,6115,53885
80000,74,71947.0,20000,50.0,8053,71947
100000,74,89903.0,20000,50.0,10097,89903
200000,74,179974.0,20000,50.0,20026,179974
400000,74,360036.0,20000,50.0,39964,360036
600000,74,540086.0,20000,50.0,59914,540086
800000,74,720167.0,20000,50.0,79833,720167
1000000,74,900265.0,20000,50.0,99735,900265
2,75,2.0,1,0.01,0,2
3,75,3.0,2,0.01,0,3
100,75,91.0,67,0.17,9,91
200,75,183.0,133,0.34,17,183
2000,75,1794.0,1333,3.33,206,1794
10000,75,8959.0,6667,16.67,1041,8959
20000,75,17950.0,13333,33.33,2050,17950
40000,75,35944.0,20000,50.0,4056,35944
60000,75,54010.0,20000,50.0,5990,54010
80000,75,72030.0,20000,50.0,7970,72030
100000,75,90085.0,20000,50.0,9915,90085
200000,75,180009.0,20000,50.0,19991,180009
400000,75,360078.0,20000,50.0,39922,360078
600000,75,540096.0,20000,50.0,59904,540096
800000,75,720183.0,20000,50.0,79817,720183
1000000,75,900210.0,20000,50.0,99790,900210
2,76,2.0,1,0.01,0,2
3,76,3.0,2,0.01,0,3
100,76,92.0,67,0.17,8,92
200,76,179.0,133,0.34,21,179
2000,76,1799.0,1333,3.33,201,1799
10000,76,8912.0,6667,16.67,1088,8912
20000,76,17919.0,13333,33.33,2081,17919
40000,76,35931.0,21557,57.79,4069,35931
60000,76,53928.0,21557,57.79,6072,53928
80000,76,71984.0,21557,57.79,8016,71984
100000,76,89969.0,21557,57.79,10031,89969
200000,76,179906.0,21557,57.79,20094,179906
400000,76,360049.0,21557,57.79,39951,360049
600000,76,540064.0,21557,57.79,59936,540064
800000,76,720074.0,21557,57.79,79926,720074
1000000,76,900083.0,21557,57.79,99917,900083
2,77,2.0,1,0.01,0,2
3,77,3.0,2,0.01,0,3
100,77,92.0,67,0.17,8,92
200,77,181.0,133,0.34,19,181
2000,77,1800.0,1333,3.33,200,1800
10000,77,8991.0,6667,16.67,1009,8991
20000,77,17933.0,13333,33.33,2067,17933
40000,77,35893.0,30000,50.0,4107,35893
60000,77,53862.0,49899,50.0,6138,53862
80000,77,71869.0,69899,50.0,8131,71869
100000,77,89877.0,89899,50.0,10123,89877
200000,77,179723.0,189899,50.0,20277,179723
400000,77,359536.0,389899,50.0,40464,359536
600000,77,539603.0,589899,50.0,60397,539603
800000,77,719704.0,789899,50.0,80296,719704
1000000,77,899753.0,989899,50.0,100247,899753
2,78,1.0,1,0.01,1,1
3,78,2.0,2,0.01,1,2
100,78,89.0,67,0.17,11,89
200,78,179.0,133,0.34,21,179
2000,78,1804.0,1333,3.33,196,1804
10000,78,9006.0,6667,16.67,994,9006
20000,78,18001.0,13333,33.33,1999,18001
40000,78,36083.0,28096,50.0,3917,36083
60000,78,54077.0,43863,50.0,5923,54077
80000,78,72035.0,60271,50.0,7965,72035
100000,78,89966.0,70178,50.0,10034,89966
200000,78,179923.0,164056,50.0,20077,179923
400000,78,359593.0,362890,50.0,40407,359593
600000,78,539695.0,562890,50.0,60305,539695
800000,78,719817.0,762890,50.0,80183,719817
1000000,78,899419.0,962890,50.0,100581,899419
2,79,2.0,1,0.01,0,2
3,79,3.0,2,0.01,0,3
100,79,94.0,67,0.17,6,94
200,79,182.0,133,0.34,18,182
2000,79,1799.0,1333,3.33,201,1799
10000,79,8959.0,6667,16.67,1041,8959
20000,79,17929.0,13333,33.33,2071,17929
40000,79,35921.0,30000,50.0,4079,35921
60000,79,53976.0,50000,50.0,6024,53976
80000,79,71948.0,70000,50.0,8052,71948
100000,79,89964.0,90000,50.0,10036,89964
200000,79,180018.0,190000,50.0,19982,180018
400000,79,360066.0,390000,50.0,39934,360066
600000,79,539869.0,590000,50.0,60131,539869
800000,79,719867.0,790000,50.0,80133,719867
1000000,79,899855.0,990000,50.0,100145,899855
2,80,2.0,1,0.01,0,2
3,80,3.0,2,0.01,0,3
100,80,90.0,67,0.17,10,90
200,80,184.0,133,0.34,16,184
2000,80,1798.0,1333,3.33,202,1798
10000,80,8982.0,6667,16.67,1018,8982
20000,80,17999.0,13333,33.33,2001,17999
40000,80,36024.0,20000,50.0,3976,36024
60000,80,54025.0,20006,50.0,5975,54025
80000,80,72019.0,20807,50.0,7981,72019
100000,80,90039.0,21808,50.0,9961,90039
200000,80,179968.0,21858,50.0,20032,179968
400000,80,359955.0,21858,50.0,40045,359955
600000,80,539814.0,21858,50.0,60186,539814
800000,80,719919.0,21858,50.0,80081,719919
1000000,80,900005.0,21858,50.0,99995,900005
2,81,2.0,1,0.01,0,2
3,81,3.0,2,0.01,0,3
100,81,90.0,67,0.17,10,90
200,81,176.0,133,0.34,24,176
2000,81,1807.0,1333,3.33,193,1807
10000,81,8939.0,6667,16.67,1061,8939
20000,81,17950.0,13333,33.33,2050,17950
40000,81,35942.0,30000,50.0,4058,35942
60000,81,53975.0,50000,50.0,6025,53975
80000,81,71996.0,70000,50.0,8004,71996
100000,81,90032.0,90000,50.0,9968,90032
200000,81,180145.0,190000,50.0,19855,180145
400000,81,359993.0,390000,50.0,40007,359993
600000,81,539957.0,589919,50.0,60043,539957
800000,81,720223.0,789919,50.0,79777,720223
1000000,81,900058.0,989919,50.0,99942,900058
2,82,2.0,1,0.01,0,2
3,82,3.0,2,0.01,0,3
100,82,84.0,67,0.17,16,84
200,82,177.0,133,0.34,23,177
2000,82,1787.0,1333,3.33,213,1787
10000,82,9013.0,6667,16.67,987,9013
20000,82,17994.0,13333,33.33,2006,17994
40000,82,36033.0,30000,50.0,3967,36033
60000,82,54097.0,50000,50.0,5903,54097
80000,82,72035.0,69999,50.0,7965,72035
100000,82,90002.0,83108,50.0,9998,90002
200000,82,179986.0,181040,50.0,20014,179986
400000,82,359883.0,381040,50.0,40117,359883
600000,82,539871.0,581040,50.0,60129,539871
800000,82,719810.0,780993,50.0,80190,719810
1000000,82,899932.0,980993,50.0,100068,899932
2,83,1.0,1,0.01,1,1
3,83,2.0,2,0.01,1,2
100,83,89.0,67,0.17,11,89
200,83,179.0,133,0.34,21,179
2000,83,1816.0,1333,3.33,184,1816
10000,83,8970.0,6667,16.67,1030,8970
20000,83,17932.0,13333,33.33,2068,17932
40000,83,35920.0,20164,50.0,4080,35920
60000,83,53864.0,20200,50.0,6136,53864
80000,83,71845.0,20200,50.0,8155,71845
100000,83,89877.0,20200,50.0,10123,89877
200000,83,179816.0,20200,50.0,20184,179816
400000,83,359875.0,20200,50.0,40125,359875
600000,83,540048.0,20200,50.0,59952,540048
800000,83,720211.0,20200,50.0,79789,720211
1000000,83,900169.0,20200,50.0,99831,900169
2,84,1.0,1,0.01,1,1
3,84,2.0,2,0.01,1,2
100,84,89.0,67,0.17,11,89
200,84,181.0,133,0.34,19,181
2000,84,1778.0,1333,3.33,222,1778
10000,84,8973.0,6667,16.67,1027,8973
20000,84,17971.0,13333,33.33,2029,17971
40000,84,36006.0,20000,50.0,3994,36006
60000,84,54007.0,20000,50.0,5993,54007
80000,84,71968.0,20000,50.0,8032,71968
100000,84,89991.0,20000,50.0,10009,89991
200000,84,179811.0,20000,50.0,20189,179811
400000,84,359831.0,20000,50.0,40169,359831
600000,84,539813.0,20000,50.0,60187,539813
800000,84,720056.0,20000,50.0,79944,720056
1000000,84,900110.0,20000,50.0,99890,900110
2,85,1.0,1,0.01,1,1
3,85,1.0,2,0.01,2,1
100,85,86.0,67,0.17,14,86
200,85,173.0,133,0.34,27,173
2000,85,1792.0,1333,3.33,208,1792
10000,85,8968.0,6667,16.67,1032,8968
20000,85,18023.0,13333,33.33,1977,18023
40000,85,36039.0,30000,50.06,3961,36039
60000,85,54088.0,50000,51.5,5912,54088
80000,85,72083.0,70000,57.96,7917,72083
100000,85,90060.0,90000,57.96,9940,90060
200000,85,180067.0,190000,59.96,19933,180067
400000,85,360023.0,390000,60.63,39977,360023
600000,85,539968.0,590000,60.63,60032,539968
800000,85,719850.0,790000,60.63,80150,719850
1000000,85,899896.0,990000,60.63,100104,899896
2,86,1.0,1,0.01,1,1
3,86,2.0,2,0.01,1,2
100,86,88.0,67,0.17,12,88
200,86,176.0,133,0.34,24,176
2000,86,1799.0,1333,3.33,201,1799
10000,86,8961.0,6667,16.67,1039,8961
20000,86,17891.0,13333,33.33,2109,17891
40000,86,35904.0,20000,50.0,4096,35904
60000,86,53836.0,20000,50.0,6164,53836
80000,86,71898.0,20000,50.0,8102,71898
100000,86,89873.0,20000,50.0,10127,89873
200000,86,179868.0,20000,50.0,20132,179868
400000,86,359823.0,20000,50.0,40177,359823
600000,86,539724.0,20000,50.0,60276,539724
800000,86,719600.0,20000,50.0,80400,719600
1000000,86,899588.0,20000,50.0,100412,899588
2,87,1.0,1,0.01,1,1
3,87,2.0,2,0.01,1,2
100,87,88.0,67,0.17,12,88
200,87,178.0,133,0.34,22,178
2000,87,1776.0,1333,3.33,224,1776
10000,87,8977.0,6667,16.67,1023,8977
20000,87,17947.0,13333,33.33,2053,17947
40000,87,35960.0,30000,50.0,4040,35960
60000,87,53981.0,49995,50.0,6019,53981
80000,87,71963.0,69934,50.0,8037,71963
100000,87,89946.0,89663,50.0,10054,89946
200000,87,179758.0,188721,50.0,20242,179758
400000,87,360057.0,388721,50.0,39943,360057
600000,87,539867.0,588721,50.0,60133,539867
800000,87,719896.0,788721,50.0,80104,719896
1000000,87,899588.0,988721,50.0,100412,899588
2,88,1.0,1,0.01,1,1
3,88,2.0,2,0.01,1,2
100,88,90.0,67,0.17,10,90
200,88,179.0,133,0.34,21,179
2000,88,1780.0,1333,3.33,220,1780
10000,88,8952.0,6667,16.67,1048,8952
20000,88,17906.0,13333,33.33,2094,17906
40000,88,35866.0,20000,50.0,4134,35866
60000,88,53895.0,20000,50.0,6105,53895
80000,88,71916.0,20000,50.0,8084,71916
100000,88,89834.0,20000,50.0,10166,89834
200000,88,179833.0,20000,50.0,20167,179833
400000,88,359985.0,20000,50.0,40015,359985
600000,88,539852.0,20000,50.0,60148,539852
800000,88,719921.0,20000,50.0,80079,719921
1000000,88,899740.0,20000,50.0,100260,899740
2,89,2.0,1,0.01,0,2
3,89,3.0,2,0.01,0,3
100,89,88.0,67,0.17,12,88
200,89,173.0,133,0.34,27,173
2000,89,1770.0,1333,3.33,230,1770
10000,89,8996.0,6667,16.67,1004,8996
20000,89,18005.0,13333,33.33,1995,18005
40000,89,35921.0,25059,50.0,4079,35921
60000,89,53911.0,25261,50.0,6089,53911
80000,89,71886.0,31763,50.0,8114,71886
100000,89,89851.0,51763,50.0,10149,89851
200000,89,179908.0,151763,50.0,20092,179908
400000,89,359896.0,351763,50.0,40104,359896
600000,89,539771.0,551763,50.0,60229,539771
800000,89,719633.0,751763,50.0,80367,719633
1000000,89,899793.0,951763,50.0,100207,899793
2,90,2.0,1,0.01,0,2
3,90,3.0,2,0.01,0,3
100,90,96.0,67,0.17,4,96
200,90,190.0,133,0.34,10,190
2000,90,1816.0,1333,3.33,184,1816
10000,90,9031.0,6667,16.67,969,9031
20000,90,18036.0,13333,33.33,1964,18036
40000,90,36035.0,30000,50.0,3965,36035
60000,90,54036.0,50000,50.0,5964,54036
80000,90,72063.0,70000,50.0,7937,72063
100000,90,90002.0,90000,50.0,9998,90002
200000,90,180035.0,190000,50.0,19965,180035
400000,90,359903.0,390000,56.38,40097,359903
600000,90,539850.0,590000,60.39,60150,539850
800000,90,720152.0,790000,60.39,79848,720152
1000000,90,900024.0,990000,60.39,99976,900024
2,91,2.0,1,0.01,0,2
3,91,3.0,2,0.01,0,3
100,91,84.0,67,0.17,16,84
200,91,175.0,133,0.34,25,175
2000,91,1818.0,1333,3.33,182,1818
10000,91,9041.0,6667,16.67,959,9041
20000,91,18066.0,13333,33.33,1934,18066
40000,91,36118.0,29734,50.0,3882,36118
60000,91,54096.0,47271,50.0,5904,54096
80000,91,72071.0,64525,50.53,7929,72071
100000,91,90092.0,83070,50.92,9908,90092
200000,91,180030.0,180711,51.28,19970,180030
400000,91,360018.0,242482,51.85,39982,360018
600000,91,540168.0,242482,51.85,59832,540168
800000,91,720163.0,242482,51.85,79837,720163
1000000,91,900215.0,242482,51.85,99785,900215
2,92,2.0,1,0.01,0,2
3,92,3.0,2,0.01,0,3
100,92,93.0,67,0.17,7,93
200,92,180.0,133,0.34,20,180
2000,92,1786.0,1333,3.33,214,1786
10000,92,8992.0,6667,16.67,1008,8992
20000,92,17972.0,13333,33.33,2028,17972
40000,92,35961.0,27098,50.0,4039,35961
60000,92,53983.0,46806,50.0,6017,53983
80000,92,72029.0,66806,50.0,7971,72029
100000,92,90023.0,86806,50.0,9977,90023
200000,92,180068.0,186806,50.0,19932,180068
400000,92,359796.0,386806,50.0,40204,359796
600000,92,539828.0,586805,50.0,60172,539828
800000,92,719767.0,786805,50.0,80233,719767
1000000,92,899720.0,986805,50.0,100280,899720
2,93,2.0,1,0.01,0,2
3,93,3.0,2,0.01,0,3
100,93,94.0,67,0.17,6,94
200,93,180.0,133,0.34,20,180
2000,93,1806.0,1333,3.33,194,1806
10000,93,9010.0,6667,16.67,990,9010
20000,93,17933.0,13333,33.33,2067,17933
40000,93,35974.0,20000,50.0,4026,35974
60000,93,53966.0,20000,50.0,6034,53966
80000,93,71990.0,20000,50.0,8010,71990
100000,93,89987.0,20000,50.0,10013,89987
200000,93,180050.0,20000,50.0,19950,180050
400000,93,360138.0,20000,50.0,39862,360138
600000,93,540119.0,20000,50.0,59881,540119
800000,93,720258.0,20000,50.0,79742,720258
1000000,93,900286.0,20000,50.0,99714,900286
2,94,2.0,1,0.01,0,2
3,94,2.0,2,0.01,1,2
100,94,88.0,67,0.17,12,88
200,94,177.0,133,0.34,23,177
2000,94,1798.0,1333,3.33,202,1798
10000,94,8998.0,6667,16.67,1002,8998
20000,94,17968.0,13333,33.33,2032,17968
40000,94,35941.0,30000,50.0,4059,35941
60000,94,54020.0,50000,50.0,5980,54020
80000,94,71994.0,70000,50.0,8006,71994
100000,94,90018.0,90000,50.0,9982,90018
200000,94,179906.0,190000,50.0,20094,179906
400000,94,359978.0,390000,50.0,40022,359978
600000,94,539841.0,590000,50.0,60159,539841
800000,94,719776.0,790000,50.0,80224,719776
1000000,94,899994.0,990000,50.0,100006,899994
2,95,2.0,1,0.01,0,2
3,95,3.0,2,0.01,0,3
100,95,88.0,67,0.17,12,88
200,95,176.0,133,0.34,24,176
2000,95,1793.0,1333,3.33,207,1793
10000,95,8964.0,6667,16.67,1036,8964
20000,95,17973.0,13333,33.33,2027,17973
40000,95,35946.0,29619,50.0,4054,35946
60000,95,53990.0,49619,50.0,6010,53990
80000,95,71938.0,69619,50.0,8062,71938
100000,95,89920.0,89619,50.0,10080,89920
200000,95,179914.0,92169,50.0,20086,179914
400000,95,359896.0,92169,50.0,40104,359896
600000,95,540113.0,92169,50.0,59887,540113
800000,95,720077.0,92169,50.0,79923,720077
1000000,95,900104.0,92169,50.0,99896,900104
2,96,2.0,1,0.01,0,2
3,96,2.0,2,0.01,1,2
100,96,90.0,67,0.17,10,90
200,96,183.0,133,0.34,17,183
2000,96,1792.0,1333,3.33,208,1792
10000,96,8968.0,6667,16.67,1032,8968
20000,96,17944.0,13333,33.33,2056,17944
40000,96,35932.0,30000,50.0,4068,35932
60000,96,54026.0,50000,50.0,5974,54026
80000,96,71975.0,70000,50.0,8025,71975
100000,96,90053.0,90000,50.0,9947,90053
200000,96,180051.0,190000,50.0,19949,180051
400000,96,360093.0,390000,50.0,39907,360093
600000,96,540187.0,590000,50.0,59813,540187
800000,96,720098.0,790000,50.0,79902,720098
1000000,96,899766.0,990000,50.0,100234,899766
2,97,2.0,1,0.01,0,2
3,97,3.0,2,0.01,0,3
100,97,93.0,67,0.17,7,93
200,97,183.0,133,0.34,17,183
2000,97,1831.0,1333,3.33,169,1831
10000,97,9023.0,6667,16.67,977,9023
20000,97,17990.0,13333,33.33,2010,17990
40000,97,35975.0,30000,50.0,4025,35975
60000,97,53939.0,50000,50.0,6061,53939
80000,97,71945.0,70000,50.0,8055,71945
100000,97,89956.0,90000,50.0,10044,89956
200000,97,179984.0,190000,50.0,20016,179984
400000,97,359963.0,390000,50.0,40037,359963
600000,97,540075.0,590000,50.0,59925,540075
800000,97,719969.0,790000,50.0,80031,719969
1000000,97,899855.0,990000,50.0,100145,899855
2,98,2.0,1,0.01,0,2
3,98,3.0,2,0.01,0,3
100,98,93.0,67,0.17,7,93
200,98,184.0,133,0.34,16,184
2000,98,1798.0,1333,3.33,202,1798
10000,98,9033.0,6667,16.67,967,9033
20000,98,17958.0,13333,33.33,2042,17958
40000,98,35962.0,29999,50.0,4038,35962
60000,98,53986.0,49504,50.0,6014,53986
80000,98,71968.0,69504,50.0,8032,71968
100000,98,90063.0,89504,50.0,9937,90063
200000,98,179909.0,186847,50.0,20091,179909
400000,98,359960.0,386773,50.0,40040,359960
600000,98,540104.0,586773,50.0,59896,540104
800000,98,719987.0,786773,50.0,80013,719987
1000000,98,899982.0,986773,50.0,100018,899982
2,99,2.0,1,0.01,0,2
3,99,3.0,2,0.01,0,3
100,99,90.0,67,0.17,10,90
200,99,179.0,133,0.34,21,179
2000,99,1792.0,1333,3.33,208,1792
10000,99,8982.0,6667,16.67,1018,8982
20000,99,17990.0,13333,33.33,2010,17990
40000,99,35899.0,30000,50.0,4101,35899
60000,99,53859.0,41667,50.0,6141,53859
80000,99,71897.0,41667,50.0,8103,71897
100000,99,89908.0,41667,50.0,10092,89908
200000,99,179902.0,41667,50.0,20098,179902
400000,99,360062.0,41667,50.0,39938,360062
600000,99,540150.0,41667,50.0,59850,540150
800000,99,720345.0,41667,50.0,79655,720345
1000000,99,900515.0,41667,50.0,99485,900515
2,100,1.0,1,0.01,1,1
3,100,2.0,2,0.01,1,2
100,100,85.0,67,0.17,15,85
200,100,170.0,133,0.34,30,170
2000,100,1783.0,1333,3.33,217,1783
10000,100,8977.0,6667,16.67,1023,8977
20000,100,17981.0,13333,33.33,2019,17981
40000,100,35949.0,20000,50.0,4051,35949
60000,100,54004.0,20000,50.0,5996,54004
80000,100,72039.0,20000,50.0,7961,72039
100000,100,90110.0,20000,50.0,9890,90110
200000,100,180073.0,20000,50.0,19927,180073
400000,100,360129.0,20000,50.0,39871,360129
600000,100,540124.0,20000,50.0,59876,540124
800000,100,720067.0,20000,50.0,79933,720067
1000000,100,900215.0,20000,50.0,99785,900215
