Timestep,Iteration,Total Reward,Suboptimal Arms,Total Regret,Zeros Count,Ones Count
2,1,2.0,1,0.0,0,2
3,1,3.0,2,0.0,0,3
100,1,94.0,66,0.0,6,94
200,1,181.0,131,0.0,19,181
2000,1,1779.0,1303,0.0,221,1779
10000,1,8959.0,6119,0.0,1041,8959
20000,1,17926.0,12895,0.0,2074,17926
40000,1,35880.0,25489,0.0,4120,35880
60000,1,53827.0,38469,0.0,6173,53827
80000,1,71793.0,50793,0.0,8207,71793
100000,1,89744.0,64022,0.0,10256,89744
200000,1,178990.0,124623,0.0,21010,178990
400000,1,357976.0,273449,0.0,42024,357976
600000,1,537120.0,423790,0.0,62880,537120
800000,1,715922.0,549637,0.0,84078,715922
1000000,1,895164.0,669317,0.0,104836,895164
2,2,1.0,1,0.0,1,1
3,2,2.0,2,0.0,1,2
100,2,92.0,75,0.0,8,92
200,2,180.0,144,0.0,20,180
2000,2,1801.0,1413,0.0,199,1801
10000,2,9011.0,6443,0.0,989,9011
20000,2,17991.0,12664,0.0,2009,17991
40000,2,35888.0,26363,0.0,4112,35888
60000,2,53840.0,39543,0.0,6160,53840
80000,2,71709.0,53332,0.0,8291,71709
100000,2,89567.0,67190,0.0,10433,89567
200000,2,178974.0,138164,0.0,21026,178974
400000,2,358048.0,281406,0.0,41952,358048
600000,2,537116.0,416744,0.0,62884,537116
800000,2,715963.0,558045,0.0,84037,715963
1000000,2,894988.0,673625,0.0,105012,894988
2,3,2.0,1,0.0,0,2
3,3,3.0,2,0.0,0,3
100,3,91.0,66,0.0,9,91
200,3,184.0,126,0.0,16,184
2000,3,1781.0,1345,0.0,219,1781
10000,3,8982.0,7339,0.0,1018,8982
20000,3,17960.0,14158,0.0,2040,17960
40000,3,35864.0,28077,0.0,4136,35864
60000,3,53797.0,41388,0.0,6203,53797
80000,3,71690.0,53576,0.0,8310,71690
100000,3,89600.0,66738,0.0,10400,89600
200000,3,179213.0,136739,0.0,20787,179213
400000,3,358323.0,275684,0.0,41677,358323
600000,3,537324.0,406348,0.0,62676,537324
800000,3,716319.0,559360,0.0,83681,716319
1000000,3,895234.0,702725,0.0,104766,895234
2,4,2.0,1,0.0,0,2
3,4,3.0,2,0.0,0,3
100,4,92.0,69,0.0,8,92
200,4,186.0,134,0.0,14,186
2000,4,1815.0,1207,0.0,185,1815
10000,4,8975.0,6453,0.0,1025,8975
20000,4,17886.0,12246,0.0,2114,17886
40000,4,35740.0,24779,0.0,4260,35740
60000,4,53720.0,34910,0.0,6280,53720
80000,4,71632.0,48090,0.0,8368,71632
100000,4,89538.0,59573,0.0,10462,89538
200000,4,179015.0,123392,0.0,20985,179015
400000,4,358105.0,256022,0.0,41895,358105
600000,4,537090.0,383179,0.0,62910,537090
800000,4,716195.0,507459,0.0,83805,716195
1000000,4,895221.0,650398,0.0,104779,895221
2,5,2.0,1,0.0,0,2
3,5,3.0,2,0.0,0,3
100,5,89.0,71,0.0,11,89
200,5,180.0,151,0.0,20,180
2000,5,1790.0,1303,0.0,210,1790
10000,5,8962.0,6302,0.0,1038,8962
20000,5,17897.0,11989,0.0,2103,17897
40000,5,35880.0,22894,0.0,4120,35880
60000,5,53809.0,36407,0.0,6191,53809
80000,5,71764.0,45498,0.0,8236,71764
100000,5,89670.0,58073,0.0,10330,89670
200000,5,179108.0,121258,0.0,20892,179108
400000,5,357943.0,257347,0.0,42057,357943
600000,5,536755.0,395078,0.0,63245,536755
800000,5,715787.0,517786,0.0,84213,715787
1000000,5,894788.0,656685,0.0,105212,894788
2,6,2.0,1,0.0,0,2
3,6,2.0,2,0.0,1,2
100,6,85.0,68,0.0,15,85
200,6,176.0,127,0.0,24,176
2000,6,1795.0,1255,0.0,205,1795
10000,6,8914.0,6599,0.0,1086,8914
20000,6,17861.0,14114,0.0,2139,17861
40000,6,35724.0,28163,0.0,4276,35724
60000,6,53620.0,43230,0.0,6380,53620
80000,6,71536.0,59048,0.0,8464,71536
100000,6,89417.0,70776,0.0,10583,89417
200000,6,178885.0,134772,0.0,21115,178885
400000,6,357890.0,269998,0.0,42110,357890
600000,6,536578.0,405982,0.0,63422,536578
800000,6,715316.0,545946,0.0,84684,715316
1000000,6,894273.0,686863,0.0,105727,894273
2,7,2.0,1,0.0,0,2
3,7,3.0,2,0.0,0,3
100,7,88.0,60,0.0,12,88
200,7,177.0,126,0.0,23,177
2000,7,1777.0,1506,0.0,223,1777
10000,7,8929.0,6846,0.0,1071,8929
20000,7,17845.0,14247,0.0,2155,17845
40000,7,35773.0,27569,0.0,4227,35773
60000,7,53625.0,42232,0.0,6375,53625
80000,7,71476.0,54288,0.0,8524,71476
100000,7,89414.0,66364,0.0,10586,89414
200000,7,179053.0,139805,0.0,20947,179053
400000,7,358012.0,273291,0.0,41988,358012
600000,7,537022.0,397773,0.0,62978,537022
800000,7,715770.0,529657,0.0,84230,715770
1000000,7,894667.0,644307,0.0,105333,894667
2,8,2.0,1,0.0,0,2
3,8,3.0,2,0.0,0,3
100,8,88.0,66,0.0,12,88
200,8,177.0,126,0.0,23,177
2000,8,1778.0,1295,0.0,222,1778
10000,8,8950.0,7001,0.0,1050,8950
20000,8,17904.0,13806,0.0,2096,17904
40000,8,35808.0,26185,0.0,4192,35808
60000,8,53811.0,40518,0.0,6189,53811
80000,8,71727.0,54271,0.0,8273,71727
100000,8,89519.0,68533,0.0,10481,89519
200000,8,178894.0,137311,0.0,21106,178894
400000,8,357926.0,274649,0.0,42074,357926
600000,8,537134.0,408558,0.0,62866,537134
800000,8,716333.0,534076,0.0,83667,716333
1000000,8,895102.0,649102,0.0,104898,895102
2,9,1.0,1,0.0,1,1
3,9,1.0,2,0.0,2,1
100,9,92.0,65,0.0,8,92
200,9,183.0,148,0.0,17,183
2000,9,1793.0,1382,0.0,207,1793
10000,9,8942.0,6885,0.0,1058,8942
20000,9,17905.0,13124,0.0,2095,17905
40000,9,35768.0,28351,0.0,4232,35768
60000,9,53704.0,40346,0.0,6296,53704
80000,9,71648.0,56498,0.0,8352,71648
100000,9,89537.0,68568,0.0,10463,89537
200000,9,179070.0,143370,0.0,20930,179070
400000,9,357924.0,274151,0.0,42076,357924
600000,9,536895.0,393562,0.0,63105,536895
800000,9,715761.0,522497,0.0,84239,715761
1000000,9,894497.0,654407,0.0,105503,894497
2,10,1.0,1,0.0,1,1
3,10,1.0,2,0.0,2,1
100,10,89.0,69,0.0,11,89
200,10,172.0,138,0.0,28,172
2000,10,1776.0,1356,0.0,224,1776
10000,10,8890.0,6407,0.0,1110,8890
20000,10,17854.0,12324,0.0,2146,17854
40000,10,35769.0,23607,0.0,4231,35769
60000,10,53685.0,37056,0.0,6315,53685
80000,10,71581.0,50154,0.0,8419,71581
100000,10,89527.0,60866,0.0,10473,89527
200000,10,178931.0,124953,0.0,21069,178931
400000,10,357874.0,258026,0.0,42126,357874
600000,10,536812.0,396597,0.0,63188,536812
800000,10,715944.0,517660,0.0,84056,715944
1000000,10,894672.0,650313,0.0,105328,894672
2,11,2.0,1,0.0,0,2
3,11,3.0,2,0.0,0,3
100,11,92.0,70,0.0,8,92
200,11,180.0,138,0.0,20,180
2000,11,1752.0,1471,0.0,248,1752
10000,11,8929.0,7565,0.0,1071,8929
20000,11,17896.0,14253,0.0,2104,17896
40000,11,35866.0,28796,0.0,4134,35866
60000,11,53697.0,41314,0.0,6303,53697
80000,11,71575.0,54663,0.0,8425,71575
100000,11,89471.0,66809,0.0,10529,89471
200000,11,179176.0,127662,0.0,20824,179176
400000,11,358243.0,255108,0.0,41757,358243
600000,11,537199.0,390639,0.0,62801,537199
800000,11,715919.0,514833,0.0,84081,715919
1000000,11,894930.0,676193,0.0,105070,894930
2,12,2.0,1,0.0,0,2
3,12,3.0,2,0.0,0,3
100,12,85.0,75,0.0,15,85
200,12,172.0,145,0.0,28,172
2000,12,1755.0,1397,0.0,245,1755
10000,12,8891.0,6920,0.0,1109,8891
20000,12,17848.0,13217,0.0,2152,17848
40000,12,35733.0,27800,0.0,4267,35733
60000,12,53603.0,41522,0.0,6397,53603
80000,12,71515.0,55986,0.0,8485,71515
100000,12,89392.0,69240,0.0,10608,89392
200000,12,178961.0,144345,0.0,21039,178961
400000,12,358208.0,283132,0.0,41792,358208
600000,12,537051.0,415662,0.0,62949,537051
800000,12,716125.0,574696,0.0,83875,716125
1000000,12,895084.0,733046,0.0,104916,895084
2,13,2.0,1,0.0,0,2
3,13,3.0,2,0.0,0,3
100,13,90.0,61,0.0,10,90
200,13,178.0,130,0.0,22,178
2000,13,1781.0,1395,0.0,219,1781
10000,13,8904.0,6603,0.0,1096,8904
20000,13,17839.0,13344,0.0,2161,17839
40000,13,35631.0,26888,0.0,4369,35631
60000,13,53485.0,40418,0.0,6515,53485
80000,13,71387.0,54827,0.0,8613,71387
100000,13,89263.0,69929,0.0,10737,89263
200000,13,178800.0,136561,0.0,21200,178800
400000,13,357810.0,279972,0.0,42190,357810
600000,13,536924.0,429275,0.0,63076,536924
800000,13,716070.0,581169,0.0,83930,716070
1000000,13,894985.0,733834,0.0,105015,894985
2,14,2.0,1,0.0,0,2
3,14,3.0,2,0.0,0,3
100,14,87.0,64,0.0,13,87
200,14,175.0,123,0.0,25,175
2000,14,1790.0,1276,0.0,210,1790
10000,14,8957.0,6516,0.0,1043,8957
20000,14,17927.0,12663,0.0,2073,17927
40000,14,35797.0,25839,0.0,4203,35797
60000,14,53714.0,41523,0.0,6286,53714
80000,14,71597.0,55882,0.0,8403,71597
100000,14,89509.0,69233,0.0,10491,89509
200000,14,179345.0,143678,0.0,20655,179345
400000,14,358346.0,275969,0.0,41654,358346
600000,14,537248.0,411478,0.0,62752,537248
800000,14,716107.0,550315,0.0,83893,716107
1000000,14,895062.0,664587,0.0,104938,895062
2,15,2.0,1,0.0,0,2
3,15,3.0,2,0.0,0,3
100,15,90.0,66,0.0,10,90
200,15,178.0,133,0.0,22,178
2000,15,1799.0,1318,0.0,201,1799
10000,15,8992.0,5987,0.0,1008,8992
20000,15,17963.0,11456,0.0,2037,17963
40000,15,35812.0,22649,0.0,4188,35812
60000,15,53753.0,35719,0.0,6247,53753
80000,15,71574.0,48029,0.0,8426,71574
100000,15,89429.0,60021,0.0,10571,89429
200000,15,179050.0,130011,0.0,20950,179050
400000,15,357969.0,262659,0.0,42031,357969
600000,15,536890.0,399200,0.0,63110,536890
800000,15,715636.0,527286,0.0,84364,715636
1000000,15,894535.0,668839,0.0,105465,894535
2,16,2.0,1,0.0,0,2
3,16,3.0,2,0.0,0,3
100,16,88.0,61,0.0,12,88
200,16,180.0,128,0.0,20,180
2000,16,1798.0,1349,0.0,202,1798
10000,16,8941.0,6503,0.0,1059,8941
20000,16,17891.0,12941,0.0,2109,17891
40000,16,35792.0,27052,0.0,4208,35792
60000,16,53680.0,41545,0.0,6320,53680
80000,16,71568.0,55093,0.0,8432,71568
100000,16,89427.0,67008,0.0,10573,89427
200000,16,179071.0,137284,0.0,20929,179071
400000,16,358141.0,255615,0.0,41859,358141
600000,16,536744.0,402300,0.0,63256,536744
800000,16,715865.0,536974,0.0,84135,715865
1000000,16,894860.0,645912,0.0,105140,894860
2,17,2.0,1,0.0,0,2
3,17,3.0,2,0.0,0,3
100,17,94.0,63,0.0,6,94
200,17,183.0,130,0.0,17,183
2000,17,1808.0,1271,0.0,192,1808
10000,17,9014.0,6609,0.0,986,9014
20000,17,17981.0,12779,0.0,2019,17981
40000,17,35878.0,27165,0.0,4122,35878
60000,17,53800.0,42089,0.0,6200,53800
80000,17,71667.0,55816,0.0,8333,71667
100000,17,89576.0,70972,0.0,10424,89576
200000,17,179064.0,138528,0.0,20936,179064
400000,17,358146.0,254065,0.0,41854,358146
600000,17,537278.0,402410,0.0,62722,537278
800000,17,716447.0,530995,0.0,83553,716447
1000000,17,895408.0,675930,0.0,104592,895408
2,18,2.0,1,0.0,0,2
3,18,3.0,2,0.0,0,3
100,18,92.0,63,0.0,8,92
200,18,182.0,131,0.0,18,182
2000,18,1792.0,1381,0.0,208,1792
10000,18,8942.0,6447,0.0,1058,8942
20000,18,17936.0,13652,0.0,2064,17936
40000,18,35848.0,26310,0.0,4152,35848
60000,18,53691.0,38006,0.0,6309,53691
80000,18,71512.0,49045,0.0,8488,71512
100000,18,89420.0,62690,0.0,10580,89420
200000,18,179056.0,128824,0.0,20944,179056
400000,18,358149.0,262385,0.0,41851,358149
600000,18,537194.0,396655,0.0,62806,537194
800000,18,716318.0,507488,0.0,83682,716318
1000000,18,895288.0,631904,0.0,104712,895288
2,19,2.0,1,0.0,0,2
3,19,3.0,2,0.0,0,3
100,19,93.0,66,0.0,7,93
200,19,185.0,133,0.0,15,185
2000,19,1818.0,1275,0.0,182,1818
10000,19,9022.0,7310,0.0,978,9022
20000,19,17994.0,14165,0.0,2006,17994
40000,19,35953.0,27607,0.0,4047,35953
60000,19,53916.0,39309,0.0,6084,53916
80000,19,71818.0,52176,0.0,8182,71818
100000,19,89748.0,67104,0.0,10252,89748
200000,19,179129.0,133556,0.0,20871,179129
400000,19,358385.0,273015,0.0,41615,358385
600000,19,537246.0,407333,0.0,62754,537246
800000,19,716315.0,542971,0.0,83685,716315
1000000,19,895510.0,695382,0.0,104490,895510
2,20,2.0,1,0.0,0,2
3,20,3.0,2,0.0,0,3
100,20,93.0,76,0.0,7,93
200,20,185.0,142,0.0,15,185
2000,20,1798.0,1328,0.0,202,1798
10000,20,8985.0,6853,0.0,1015,8985
20000,20,17903.0,13251,0.0,2097,17903
40000,20,35755.0,26672,0.0,4245,35755
60000,20,53615.0,38971,0.0,6385,53615
80000,20,71493.0,49889,0.0,8507,71493
100000,20,89392.0,60242,0.0,10608,89392
200000,20,179031.0,130930,0.0,20969,179031
400000,20,358071.0,256636,0.0,41929,358071
600000,20,536836.0,409781,0.0,63164,536836
800000,20,715766.0,557307,0.0,84234,715766
1000000,20,894562.0,700336,0.0,105438,894562
2,21,2.0,1,0.0,0,2
3,21,3.0,2,0.0,0,3
100,21,92.0,63,0.0,8,92
200,21,185.0,125,0.0,15,185
2000,21,1796.0,1190,0.0,204,1796
10000,21,8942.0,6114,0.0,1058,8942
20000,21,17907.0,12571,0.0,2093,17907
40000,21,35821.0,25253,0.0,4179,35821
60000,21,53732.0,37892,0.0,6268,53732
80000,21,71632.0,49813,0.0,8368,71632
100000,21,89480.0,59867,0.0,10520,89480
200000,21,178993.0,130165,0.0,21007,178993
400000,21,358044.0,241784,0.0,41956,358044
600000,21,537109.0,371359,0.0,62891,537109
800000,21,715706.0,498908,0.0,84294,715706
1000000,21,894901.0,632947,0.0,105099,894901
2,22,2.0,1,0.0,0,2
3,22,2.0,2,0.0,1,2
100,22,86.0,77,0.0,14,86
200,22,179.0,143,0.0,21,179
2000,22,1786.0,1548,0.0,214,1786
10000,22,8974.0,7098,0.0,1026,8974
20000,22,17894.0,13619,0.0,2106,17894
40000,22,35709.0,28054,0.0,4291,35709
60000,22,53633.0,42980,0.0,6367,53633
80000,22,71502.0,57522,0.0,8498,71502
100000,22,89426.0,73154,0.0,10574,89426
200000,22,179007.0,143605,0.0,20993,179007
400000,22,358308.0,277931,0.0,41692,358308
600000,22,537020.0,420610,0.0,62980,537020
800000,22,716133.0,567484,0.0,83867,716133
1000000,22,894904.0,713238,0.0,105096,894904
2,23,2.0,1,0.0,0,2
3,23,2.0,2,0.0,1,2
100,23,86.0,62,0.0,14,86
200,23,175.0,126,0.0,25,175
2000,23,1796.0,1275,0.0,204,1796
10000,23,8968.0,6109,0.0,1032,8968
20000,23,17950.0,12105,0.0,2050,17950
40000,23,35904.0,24472,0.0,4096,35904
60000,23,53782.0,38656,0.0,6218,53782
80000,23,71696.0,52005,0.0,8304,71696
100000,23,89602.0,67676,0.0,10398,89602
200000,23,179207.0,125041,0.0,20793,179207
400000,23,358093.0,262070,0.0,41907,358093
600000,23,537211.0,398243,0.0,62789,537211
800000,23,715991.0,549941,0.0,84009,715991
1000000,23,895208.0,680502,0.0,104792,895208
2,24,2.0,1,0.0,0,2
3,24,3.0,2,0.0,0,3
100,24,94.0,66,0.0,6,94
200,24,190.0,138,0.0,10,190
2000,24,1793.0,1230,0.0,207,1793
10000,24,8956.0,6734,0.0,1044,8956
20000,24,17924.0,13471,0.0,2076,17924
40000,24,35841.0,26975,0.0,4159,35841
60000,24,53736.0,41700,0.0,6264,53736
80000,24,71563.0,57419,0.0,8437,71563
100000,24,89463.0,70848,0.0,10537,89463
200000,24,179036.0,138014,0.0,20964,179036
400000,24,358071.0,299492,0.0,41929,358071
600000,24,536886.0,462421,0.0,63114,536886
800000,24,715801.0,608629,0.0,84199,715801
1000000,24,894772.0,734009,0.0,105228,894772
2,25,2.0,1,0.0,0,2
3,25,3.0,2,0.0,0,3
100,25,89.0,63,0.0,11,89
200,25,177.0,126,0.0,23,177
2000,25,1787.0,1250,0.0,213,1787
10000,25,8906.0,6127,0.0,1094,8906
20000,25,17853.0,13205,0.0,2147,17853
40000,25,35730.0,27580,0.0,4270,35730
60000,25,53644.0,42088,0.0,6356,53644
80000,25,71481.0,56409,0.0,8519,71481
100000,25,89429.0,69392,0.0,10571,89429
200000,25,178822.0,138272,0.0,21178,178822
400000,25,357725.0,285264,0.0,42275,357725
600000,25,536381.0,423203,0.0,63619,536381
800000,25,715558.0,587856,0.0,84442,715558
1000000,25,894579.0,728382,0.0,105421,894579
2,26,1.0,1,0.0,1,1
3,26,1.0,2,0.0,2,1
100,26,90.0,66,0.0,10,90
200,26,179.0,138,0.0,21,179
2000,26,1802.0,1453,0.0,198,1802
10000,26,8935.0,7563,0.0,1065,8935
20000,26,17899.0,14714,0.0,2101,17899
40000,26,35736.0,27408,0.0,4264,35736
60000,26,53608.0,39169,0.0,6392,53608
80000,26,71509.0,50486,0.0,8491,71509
100000,26,89376.0,63625,0.0,10624,89376
200000,26,178777.0,126197,0.0,21223,178777
400000,26,357723.0,261201,0.0,42277,357723
600000,26,536659.0,394977,0.0,63341,536659
800000,26,715641.0,513404,0.0,84359,715641
1000000,26,894502.0,648651,0.0,105498,894502
2,27,2.0,1,0.0,0,2
3,27,3.0,2,0.0,0,3
100,27,87.0,71,0.0,13,87
200,27,178.0,123,0.0,22,178
2000,27,1790.0,1244,0.0,210,1790
10000,27,8939.0,6388,0.0,1061,8939
20000,27,17887.0,12406,0.0,2113,17887
40000,27,35724.0,24629,0.0,4276,35724
60000,27,53653.0,39551,0.0,6347,53653
80000,27,71514.0,54068,0.0,8486,71514
100000,27,89525.0,67557,0.0,10475,89525
200000,27,179023.0,129621,0.0,20977,179023
400000,27,358049.0,261709,0.0,41951,358049
600000,27,537057.0,369447,0.0,62943,537057
800000,27,715986.0,511482,0.0,84014,715986
1000000,27,894868.0,643449,0.0,105132,894868
2,28,1.0,1,0.0,1,1
3,28,2.0,2,0.0,1,2
100,28,95.0,68,0.0,5,95
200,28,190.0,145,0.0,10,190
2000,28,1811.0,1409,0.0,189,1811
10000,28,9002.0,7209,0.0,998,9002
20000,28,17931.0,15218,0.0,2069,17931
40000,28,35884.0,30551,0.0,4116,35884
60000,28,53782.0,43965,0.0,6218,53782
80000,28,71672.0,56039,0.0,8328,71672
100000,28,89664.0,69081,0.0,10336,89664
200000,28,179300.0,135915,0.0,20700,179300
400000,28,358310.0,267744,0.0,41690,358310
600000,28,537245.0,390452,0.0,62755,537245
800000,28,715924.0,517076,0.0,84076,715924
1000000,28,894973.0,638475,0.0,105027,894973
2,29,2.0,1,0.0,0,2
3,29,3.0,2,0.0,0,3
100,29,80.0,78,0.0,20,80
200,29,174.0,143,0.0,26,174
2000,29,1774.0,1373,0.0,226,1774
10000,29,8898.0,6568,0.0,1102,8898
20000,29,17869.0,13091,0.0,2131,17869
40000,29,35704.0,26729,0.0,4296,35704
60000,29,53623.0,39679,0.0,6377,53623
80000,29,71507.0,52317,0.0,8493,71507
100000,29,89419.0,64129,0.0,10581,89419
200000,29,178925.0,125158,0.0,21075,178925
400000,29,358068.0,233850,0.0,41932,358068
600000,29,537070.0,354868,0.0,62930,537070
800000,29,716064.0,469786,0.0,83936,716064
1000000,29,894956.0,604927,0.0,105044,894956
2,30,2.0,1,0.0,0,2
3,30,2.0,2,0.0,1,2
100,30,90.0,64,0.0,10,90
200,30,180.0,136,0.0,20,180
2000,30,1784.0,1255,0.0,216,1784
10000,30,8965.0,6440,0.0,1035,8965
20000,30,17909.0,13305,0.0,2091,17909
40000,30,35790.0,28098,0.0,4210,35790
60000,30,53656.0,40863,0.0,6344,53656
80000,30,71496.0,54794,0.0,8504,71496
100000,30,89375.0,66015,0.0,10625,89375
200000,30,178968.0,122903,0.0,21032,178968
400000,30,357924.0,259270,0.0,42076,357924
600000,30,536933.0,387192,0.0,63067,536933
800000,30,716043.0,498310,0.0,83957,716043
1000000,30,895225.0,623438,0.0,104775,895225
2,31,2.0,1,0.0,0,2
3,31,3.0,2,0.0,0,3
100,31,98.0,68,0.0,2,98
200,31,188.0,126,0.0,12,188
2000,31,1807.0,1439,0.0,193,1807
10000,31,8999.0,7088,0.0,1001,8999
20000,31,17966.0,13328,0.0,2034,17966
40000,31,35853.0,25593,0.0,4147,35853
60000,31,53776.0,40912,0.0,6224,53776
80000,31,71621.0,54089,0.0,8379,71621
100000,31,89517.0,68738,0.0,10483,89517
200000,31,178922.0,127978,0.0,21078,178922
400000,31,358098.0,249469,0.0,41902,358098
600000,31,537011.0,376737,0.0,62989,537011
800000,31,716043.0,521242,0.0,83957,716043
1000000,31,895123.0,613854,0.0,104877,895123
2,32,1.0,1,0.0,1,1
3,32,2.0,2,0.0,1,2
100,32,87.0,56,0.0,13,87
200,32,179.0,113,0.0,21,179
2000,32,1784.0,1346,0.0,216,1784
10000,32,8986.0,6498,0.0,1014,8986
20000,32,17893.0,12394,0.0,2107,17893
40000,32,35802.0,25176,0.0,4198,35802
60000,32,53678.0,37376,0.0,6322,53678
80000,32,71490.0,49952,0.0,8510,71490
100000,32,89387.0,63841,0.0,10613,89387
200000,32,178673.0,121917,0.0,21327,178673
400000,32,357808.0,239082,0.0,42192,357808
600000,32,536916.0,385447,0.0,63084,536916
800000,32,715968.0,535212,0.0,84032,715968
1000000,32,894964.0,688538,0.0,105036,894964
2,33,2.0,1,0.0,0,2
3,33,2.0,2,0.0,1,2
100,33,89.0,62,0.0,11,89
200,33,179.0,118,0.0,21,179
2000,33,1794.0,1490,0.0,206,1794
10000,33,8927.0,7221,0.0,1073,8927
20000,33,17870.0,13273,0.0,2130,17870
40000,33,35721.0,27039,0.0,4279,35721
60000,33,53669.0,41850,0.0,6331,53669
80000,33,71454.0,55464,0.0,8546,71454
100000,33,89381.0,67067,0.0,10619,89381
200000,33,178879.0,129893,0.0,21121,178879
400000,33,358119.0,242308,0.0,41881,358119
600000,33,537161.0,365796,0.0,62839,537161
800000,33,716277.0,494354,0.0,83723,716277
1000000,33,895392.0,659248,0.0,104608,895392
2,34,2.0,1,0.0,0,2
3,34,3.0,2,0.0,0,3
100,34,89.0,63,0.0,11,89
200,34,178.0,130,0.0,22,178
2000,34,1780.0,1436,0.0,220,1780
10000,34,8958.0,6974,0.0,1042,8958
20000,34,17856.0,13552,0.0,2144,17856
40000,34,35784.0,26897,0.0,4216,35784
60000,34,53689.0,41082,0.0,6311,53689
80000,34,71567.0,55113,0.0,8433,71567
100000,34,89423.0,71686,0.0,10577,89423
200000,34,178962.0,144850,0.0,21038,178962
400000,34,357996.0,281865,0.0,42004,357996
600000,34,537249.0,424780,0.0,62751,537249
800000,34,716358.0,551469,0.0,83642,716358
1000000,34,895394.0,684353,0.0,104606,895394
2,35,1.0,1,0.0,1,1
3,35,2.0,2,0.0,1,2
100,35,91.0,72,0.0,9,91
200,35,178.0,142,0.0,22,178
2000,35,1800.0,1520,0.0,200,1800
10000,35,8916.0,7177,0.0,1084,8916
20000,35,17862.0,14522,0.0,2138,17862
40000,35,35743.0,29874,0.0,4257,35743
60000,35,53647.0,44658,0.0,6353,53647
80000,35,71565.0,60238,0.0,8435,71565
100000,35,89463.0,75628,0.0,10537,89463
200000,35,179114.0,138017,0.0,20886,179114
400000,35,357908.0,261455,0.0,42092,357908
600000,35,536772.0,370799,0.0,63228,536772
800000,35,715720.0,492748,0.0,84280,715720
1000000,35,894666.0,606606,0.0,105334,894666
2,36,2.0,1,0.0,0,2
3,36,3.0,2,0.0,0,3
100,36,92.0,68,0.0,8,92
200,36,176.0,144,0.0,24,176
2000,36,1787.0,1338,0.0,213,1787
10000,36,8967.0,6439,0.0,1033,8967
20000,36,17903.0,13382,0.0,2097,17903
40000,36,35766.0,26162,0.0,4234,35766
60000,36,53679.0,39369,0.0,6321,53679
80000,36,71530.0,50637,0.0,8470,71530
100000,36,89454.0,64972,0.0,10546,89454
200000,36,178892.0,140990,0.0,21108,178892
400000,36,358053.0,281907,0.0,41947,358053
600000,36,536963.0,429989,0.0,63037,536963
800000,36,716047.0,563169,0.0,83953,716047
1000000,36,894914.0,696056,0.0,105086,894914
2,37,2.0,1,0.0,0,2
3,37,2.0,2,0.0,1,2
100,37,85.0,63,0.0,15,85
200,37,177.0,151,0.0,23,177
2000,37,1770.0,1387,0.0,230,1770
10000,37,8917.0,6274,0.0,1083,8917
20000,37,17878.0,13718,0.0,2122,17878
40000,37,35820.0,26855,0.0,4180,35820
60000,37,53683.0,38075,0.0,6317,53683
80000,37,71604.0,51069,0.0,8396,71604
100000,37,89531.0,63398,0.0,10469,89531
200000,37,179155.0,127677,0.0,20845,179155
400000,37,358250.0,246153,0.0,41750,358250
600000,37,537390.0,361865,0.0,62610,537390
800000,37,716599.0,482503,0.0,83401,716599
1000000,37,895529.0,616535,0.0,104471,895529
2,38,2.0,1,0.0,0,2
3,38,3.0,2,0.0,0,3
100,38,86.0,61,0.0,14,86
200,38,180.0,129,0.0,20,180
2000,38,1790.0,1275,0.0,210,1790
10000,38,8993.0,7024,0.0,1007,8993
20000,38,17943.0,14152,0.0,2057,17943
40000,38,35897.0,29390,0.0,4103,35897
60000,38,53806.0,42770,0.0,6194,53806
80000,38,71760.0,55479,0.0,8240,71760
100000,38,89641.0,67008,0.0,10359,89641
200000,38,179119.0,132302,0.0,20881,179119
400000,38,358059.0,277976,0.0,41941,358059
600000,38,536811.0,399492,0.0,63189,536811
800000,38,715823.0,508916,0.0,84177,715823
1000000,38,894766.0,657276,0.0,105234,894766
2,39,2.0,1,0.0,0,2
3,39,3.0,2,0.0,0,3
100,39,88.0,67,0.0,12,88
200,39,179.0,134,0.0,21,179
2000,39,1792.0,1306,0.0,208,1792
10000,39,8928.0,6122,0.0,1072,8928
20000,39,17856.0,13881,0.0,2144,17856
40000,39,35790.0,28106,0.0,4210,35790
60000,39,53601.0,43044,0.0,6399,53601
80000,39,71472.0,57112,0.0,8528,71472
100000,39,89407.0,69013,0.0,10593,89407
200000,39,178762.0,146669,0.0,21238,178762
400000,39,357882.0,264466,0.0,42118,357882
600000,39,536949.0,399826,0.0,63051,536949
800000,39,715995.0,503382,0.0,84005,715995
1000000,39,894834.0,628391,0.0,105166,894834
2,40,1.0,1,0.0,1,1
3,40,2.0,2,0.0,1,2
100,40,85.0,67,0.0,15,85
200,40,172.0,128,0.0,28,172
2000,40,1775.0,1406,0.0,225,1775
10000,40,8949.0,6840,0.0,1051,8949
20000,40,17883.0,13777,0.0,2117,17883
40000,40,35715.0,27101,0.0,4285,35715
60000,40,53633.0,41797,0.0,6367,53633
80000,40,71541.0,53232,0.0,8459,71541
100000,40,89419.0,66407,0.0,10581,89419
200000,40,178738.0,131094,0.0,21262,178738
400000,40,357669.0,274877,0.0,42331,357669
600000,40,536450.0,416932,0.0,63550,536450
800000,40,715483.0,554453,0.0,84517,715483
1000000,40,894409.0,704357,0.0,105591,894409
2,41,2.0,1,0.0,0,2
3,41,3.0,2,0.0,0,3
100,41,91.0,66,0.0,9,91
200,41,176.0,136,0.0,24,176
2000,41,1794.0,1487,0.0,206,1794
10000,41,8947.0,7233,0.0,1053,8947
20000,41,17841.0,14840,0.0,2159,17841
40000,41,35774.0,27822,0.0,4226,35774
60000,41,53709.0,43391,0.0,6291,53709
80000,41,71578.0,59262,0.0,8422,71578
100000,41,89453.0,72788,0.0,10547,89453
200000,41,178920.0,143839,0.0,21080,178920
400000,41,357783.0,275296,0.0,42217,357783
600000,41,536740.0,431702,0.0,63260,536740
800000,41,715947.0,566933,0.0,84053,715947
1000000,41,895107.0,730867,0.0,104893,895107
2,42,2.0,1,0.0,0,2
3,42,3.0,2,0.0,0,3
100,42,80.0,86,0.0,20,80
200,42,166.0,158,0.0,34,166
2000,42,1762.0,1281,0.0,238,1762
10000,42,8901.0,6203,0.0,1099,8901
20000,42,17883.0,12807,0.0,2117,17883
40000,42,35730.0,26443,0.0,4270,35730
60000,42,53643.0,39040,0.0,6357,53643
80000,42,71528.0,55096,0.0,8472,71528
100000,42,89409.0,66992,0.0,10591,89409
200000,42,178844.0,135529,0.0,21156,178844
400000,42,358150.0,278544,0.0,41850,358150
600000,42,537103.0,420849,0.0,62897,537103
800000,42,716380.0,551335,0.0,83620,716380
1000000,42,895310.0,698971,0.0,104690,895310
2,43,2.0,1,0.0,0,2
3,43,3.0,2,0.0,0,3
100,43,92.0,69,0.0,8,92
200,43,182.0,135,0.0,18,182
2000,43,1811.0,1375,0.0,189,1811
10000,43,8971.0,6539,0.0,1029,8971
20000,43,17960.0,13020,0.0,2040,17960
40000,43,35879.0,26817,0.0,4121,35879
60000,43,53732.0,41543,0.0,6268,53732
80000,43,71684.0,53644,0.0,8316,71684
100000,43,89546.0,68636,0.0,10454,89546
200000,43,179216.0,130287,0.0,20784,179216
400000,43,358310.0,258827,0.0,41690,358310
600000,43,537168.0,375290,0.0,62832,537168
800000,43,716295.0,514002,0.0,83705,716295
1000000,43,895197.0,644668,0.0,104803,895197
2,44,2.0,1,0.0,0,2
3,44,3.0,2,0.0,0,3
100,44,91.0,64,0.0,9,91
200,44,182.0,126,0.0,18,182
2000,44,1785.0,1204,0.0,215,1785
10000,44,8931.0,6546,0.0,1069,8931
20000,44,17914.0,12885,0.0,2086,17914
40000,44,35834.0,26025,0.0,4166,35834
60000,44,53656.0,39509,0.0,6344,53656
80000,44,71538.0,53962,0.0,8462,71538
100000,44,89382.0,69283,0.0,10618,89382
200000,44,178881.0,137313,0.0,21119,178881
400000,44,357654.0,274169,0.0,42346,357654
600000,44,536804.0,416566,0.0,63196,536804
800000,44,715895.0,563178,0.0,84105,715895
1000000,44,895119.0,697150,0.0,104881,895119
2,45,2.0,1,0.0,0,2
3,45,3.0,2,0.0,0,3
100,45,88.0,61,0.0,12,88
200,45,178.0,116,0.0,22,178
2000,45,1795.0,1390,0.0,205,1795
10000,45,8995.0,6958,0.0,1005,8995
20000,45,17959.0,13047,0.0,2041,17959
40000,45,35873.0,28046,0.0,4127,35873
60000,45,53748.0,41949,0.0,6252,53748
80000,45,71706.0,54379,0.0,8294,71706
100000,45,89601.0,68979,0.0,10399,89601
200000,45,179079.0,145639,0.0,20921,179079
400000,45,358115.0,297997,0.0,41885,358115
600000,45,537040.0,438014,0.0,62960,537040
800000,45,716015.0,568462,0.0,83985,716015
1000000,45,894881.0,688750,0.0,105119,894881
2,46,2.0,1,0.0,0,2
3,46,3.0,2,0.0,0,3
100,46,85.0,77,0.0,15,85
200,46,173.0,140,0.0,27,173
2000,46,1785.0,1442,0.0,215,1785
10000,46,8927.0,6893,0.0,1073,8927
20000,46,17878.0,13803,0.0,2122,17878
40000,46,35764.0,25755,0.0,4236,35764
60000,46,53672.0,38125,0.0,6328,53672
80000,46,71630.0,52616,0.0,8370,71630
100000,46,89524.0,66932,0.0,10476,89524
200000,46,179020.0,137673,0.0,20980,179020
400000,46,358155.0,279040,0.0,41845,358155
600000,46,537108.0,406270,0.0,62892,537108
800000,46,716072.0,550361,0.0,83928,716072
1000000,46,895091.0,692513,0.0,104909,895091
2,47,2.0,1,0.0,0,2
3,47,3.0,2,0.0,0,3
100,47,90.0,64,0.0,10,90
200,47,173.0,137,0.0,27,173
2000,47,1770.0,1178,0.0,230,1770
10000,47,8959.0,6927,0.0,1041,8959
20000,47,17911.0,13514,0.0,2089,17911
40000,47,35762.0,26181,0.0,4238,35762
60000,47,53703.0,37508,0.0,6297,53703
80000,47,71668.0,50168,0.0,8332,71668
100000,47,89621.0,63472,0.0,10379,89621
200000,47,179435.0,135426,0.0,20565,179435
400000,47,358354.0,268361,0.0,41646,358354
600000,47,537356.0,409398,0.0,62644,537356
800000,47,716252.0,556834,0.0,83748,716252
1000000,47,895255.0,671763,0.0,104745,895255
2,48,2.0,1,0.0,0,2
3,48,3.0,2,0.0,0,3
100,48,86.0,58,0.0,14,86
200,48,178.0,109,0.0,22,178
2000,48,1791.0,1235,0.0,209,1791
10000,48,8988.0,6300,0.0,1012,8988
20000,48,17908.0,12158,0.0,2092,17908
40000,48,35849.0,25397,0.0,4151,35849
60000,48,53759.0,37613,0.0,6241,53759
80000,48,71650.0,50781,0.0,8350,71650
100000,48,89604.0,61576,0.0,10396,89604
200000,48,179139.0,121813,0.0,20861,179139
400000,48,358168.0,261539,0.0,41832,358168
600000,48,537164.0,387419,0.0,62836,537164
800000,48,716127.0,525758,0.0,83873,716127
1000000,48,895304.0,653028,0.0,104696,895304
2,49,2.0,1,0.0,0,2
3,49,3.0,2,0.0,0,3
100,49,90.0,58,0.0,10,90
200,49,177.0,118,0.0,23,177
2000,49,1828.0,1203,0.0,172,1828
10000,49,8999.0,6042,0.0,1001,8999
20000,49,17934.0,12825,0.0,2066,17934
40000,49,35829.0,26840,0.0,4171,35829
60000,49,53710.0,41201,0.0,6290,53710
80000,49,71683.0,53906,0.0,8317,71683
100000,49,89563.0,68883,0.0,10437,89563
200000,49,179116.0,132656,0.0,20884,179116
400000,49,358051.0,260239,0.0,41949,358051
600000,49,537148.0,378553,0.0,62852,537148
800000,49,716206.0,496163,0.0,83794,716206
1000000,49,895238.0,627646,0.0,104762,895238
2,50,2.0,1,0.0,0,2
3,50,2.0,2,0.0,1,2
100,50,87.0,63,0.0,13,87
200,50,173.0,131,0.0,27,173
2000,50,1789.0,1111,0.0,211,1789
10000,50,8957.0,6289,0.0,1043,8957
20000,50,17872.0,12534,0.0,2128,17872
40000,50,35730.0,24294,0.0,4270,35730
60000,50,53624.0,37874,0.0,6376,53624
80000,50,71612.0,49641,0.0,8388,71612
100000,50,89494.0,60173,0.0,10506,89494
200000,50,179023.0,122880,0.0,20977,179023
400000,50,357972.0,257794,0.0,42028,357972
600000,50,536990.0,380714,0.0,63010,536990
800000,50,716096.0,511142,0.0,83904,716096
1000000,50,894993.0,652835,0.0,105007,894993
2,51,2.0,1,0.0,0,2
3,51,3.0,2,0.0,0,3
100,51,92.0,60,0.0,8,92
200,51,182.0,121,0.0,18,182
2000,51,1796.0,1337,0.0,204,1796
10000,51,8958.0,6600,0.0,1042,8958
20000,51,17915.0,12618,0.0,2085,17915
40000,51,35820.0,26425,0.0,4180,35820
60000,51,53686.0,40387,0.0,6314,53686
80000,51,71660.0,54682,0.0,8340,71660
100000,51,89606.0,68594,0.0,10394,89606
200000,51,179044.0,125031,0.0,20956,179044
400000,51,358073.0,245946,0.0,41927,358073
600000,51,537042.0,375199,0.0,62958,537042
800000,51,715789.0,495151,0.0,84211,715789
1000000,51,894637.0,625613,0.0,105363,894637
2,52,2.0,1,0.0,0,2
3,52,2.0,2,0.0,1,2
100,52,86.0,67,0.0,14,86
200,52,171.0,134,0.0,29,171
2000,52,1771.0,1359,0.0,229,1771
10000,52,8941.0,6362,0.0,1059,8941
20000,52,17853.0,12052,0.0,2147,17853
40000,52,35737.0,23907,0.0,4263,35737
60000,52,53605.0,36522,0.0,6395,53605
80000,52,71528.0,47385,0.0,8472,71528
100000,52,89413.0,61394,0.0,10587,89413
200000,52,178725.0,117989,0.0,21275,178725
400000,52,357644.0,247741,0.0,42356,357644
600000,52,536545.0,383429,0.0,63455,536545
800000,52,715519.0,532541,0.0,84481,715519
1000000,52,894486.0,682141,0.0,105514,894486
2,53,2.0,1,0.0,0,2
3,53,2.0,2,0.0,1,2
100,53,90.0,67,0.0,10,90
200,53,177.0,135,0.0,23,177
2000,53,1796.0,1228,0.0,204,1796
10000,53,8946.0,6298,0.0,1054,8946
20000,53,17890.0,12866,0.0,2110,17890
40000,53,35831.0,27426,0.0,4169,35831
60000,53,53784.0,38679,0.0,6216,53784
80000,53,71717.0,51663,0.0,8283,71717
100000,53,89618.0,65338,0.0,10382,89618
200000,53,179122.0,133227,0.0,20878,179122
400000,53,357915.0,268561,0.0,42085,357915
600000,53,537006.0,401888,0.0,62994,537006
800000,53,716106.0,521272,0.0,83894,716106
1000000,53,895189.0,637876,0.0,104811,895189
2,54,2.0,1,0.0,0,2
3,54,3.0,2,0.0,0,3
100,54,85.0,65,0.0,15,85
200,54,173.0,129,0.0,27,173
2000,54,1777.0,1371,0.0,223,1777
10000,54,8916.0,6977,0.0,1084,8916
20000,54,17820.0,14431,0.0,2180,17820
40000,54,35694.0,30253,0.0,4306,35694
60000,54,53514.0,42658,0.0,6486,53514
80000,54,71406.0,54422,0.0,8594,71406
100000,54,89300.0,67133,0.0,10700,89300
200000,54,178890.0,137224,0.0,21110,178890
400000,54,357773.0,267982,0.0,42227,357773
600000,54,536878.0,398307,0.0,63122,536878
800000,54,716037.0,513853,0.0,83963,716037
1000000,54,895058.0,638825,0.0,104942,895058
2,55,2.0,1,0.0,0,2
3,55,3.0,2,0.0,0,3
100,55,89.0,68,0.0,11,89
200,55,176.0,133,0.0,24,176
2000,55,1797.0,1432,0.0,203,1797
10000,55,8910.0,7017,0.0,1090,8910
20000,55,17848.0,13933,0.0,2152,17848
40000,55,35829.0,28529,0.0,4171,35829
60000,55,53767.0,42276,0.0,6233,53767
80000,55,71692.0,56784,0.0,8308,71692
100000,55,89606.0,70774,0.0,10394,89606
200000,55,178993.0,134953,0.0,21007,178993
400000,55,358087.0,262006,0.0,41913,358087
600000,55,537010.0,386164,0.0,62990,537010
800000,55,715799.0,515212,0.0,84201,715799
1000000,55,895052.0,654916,0.0,104948,895052
2,56,2.0,1,0.0,0,2
3,56,3.0,2,0.0,0,3
100,56,90.0,59,0.0,10,90
200,56,178.0,128,0.0,22,178
2000,56,1789.0,1259,0.0,211,1789
10000,56,8954.0,7021,0.0,1046,8954
20000,56,17935.0,14082,0.0,2065,17935
40000,56,35824.0,25939,0.0,4176,35824
60000,56,53742.0,39545,0.0,6258,53742
80000,56,71667.0,54721,0.0,8333,71667
100000,56,89548.0,70594,0.0,10452,89548
200000,56,179048.0,137867,0.0,20952,179048
400000,56,357804.0,264682,0.0,42196,357804
600000,56,536783.0,406044,0.0,63217,536783
800000,56,715940.0,547130,0.0,84060,715940
1000000,56,894964.0,686267,0.0,105036,894964
2,57,2.0,1,0.0,0,2
3,57,3.0,2,0.0,0,3
100,57,90.0,61,0.0,10,90
200,57,185.0,121,0.0,15,185
2000,57,1782.0,1275,0.0,218,1782
10000,57,8968.0,6551,0.0,1032,8968
20000,57,17897.0,12594,0.0,2103,17897
40000,57,35795.0,25781,0.0,4205,35795
60000,57,53679.0,37748,0.0,6321,53679
80000,57,71550.0,52025,0.0,8450,71550
100000,57,89456.0,67309,0.0,10544,89456
200000,57,178843.0,116089,0.0,21157,178843
400000,57,357926.0,232730,0.0,42074,357926
600000,57,536602.0,365278,0.0,63398,536602
800000,57,715511.0,505727,0.0,84489,715511
1000000,57,894354.0,645854,0.0,105646,894354
2,58,2.0,1,0.0,0,2
3,58,3.0,2,0.0,0,3
100,58,88.0,65,0.0,12,88
200,58,174.0,126,0.0,26,174
2000,58,1799.0,1327,0.0,201,1799
10000,58,8965.0,6542,0.0,1035,8965
20000,58,17896.0,13175,0.0,2104,17896
40000,58,35781.0,25822,0.0,4219,35781
60000,58,53679.0,40164,0.0,6321,53679
80000,58,71603.0,53380,0.0,8397,71603
100000,58,89521.0,67536,0.0,10479,89521
200000,58,179105.0,139057,0.0,20895,179105
400000,58,358235.0,292269,0.0,41765,358235
600000,58,537065.0,442949,0.0,62935,537065
800000,58,716266.0,571357,0.0,83734,716266
1000000,58,895421.0,674425,0.0,104579,895421
2,59,2.0,1,0.0,0,2
3,59,3.0,2,0.0,0,3
100,59,92.0,62,0.0,8,92
200,59,185.0,138,0.0,15,185
2000,59,1793.0,1215,0.0,207,1793
10000,59,8971.0,6686,0.0,1029,8971
20000,59,17932.0,13811,0.0,2068,17932
40000,59,35769.0,26899,0.0,4231,35769
60000,59,53724.0,40764,0.0,6276,53724
80000,59,71620.0,54436,0.0,8380,71620
100000,59,89559.0,69361,0.0,10441,89559
200000,59,178970.0,133684,0.0,21030,178970
400000,59,358201.0,275383,0.0,41799,358201
600000,59,537374.0,417889,0.0,62626,537374
800000,59,716442.0,541276,0.0,83558,716442
1000000,59,895502.0,664957,0.0,104498,895502
2,60,2.0,1,0.0,0,2
3,60,2.0,2,0.0,1,2
100,60,89.0,62,0.0,11,89
200,60,180.0,128,0.0,20,180
2000,60,1779.0,1254,0.0,221,1779
10000,60,8926.0,6719,0.0,1074,8926
20000,60,17839.0,12993,0.0,2161,17839
40000,60,35768.0,24581,0.0,4232,35768
60000,60,53695.0,38486,0.0,6305,53695
80000,60,71687.0,50758,0.0,8313,71687
100000,60,89574.0,64157,0.0,10426,89574
200000,60,178971.0,129119,0.0,21029,178971
400000,60,357874.0,265306,0.0,42126,357874
600000,60,536906.0,403944,0.0,63094,536906
800000,60,715917.0,547140,0.0,84083,715917
1000000,60,894952.0,677549,0.0,105048,894952
2,61,1.0,1,0.0,1,1
3,61,2.0,2,0.0,1,2
100,61,89.0,70,0.0,11,89
200,61,178.0,132,0.0,22,178
2000,61,1797.0,1368,0.0,203,1797
10000,61,8931.0,6306,0.0,1069,8931
20000,61,17845.0,13307,0.0,2155,17845
40000,61,35675.0,25225,0.0,4325,35675
60000,61,53607.0,37853,0.0,6393,53607
80000,61,71502.0,51490,0.0,8498,71502
100000,61,89443.0,62205,0.0,10557,89443
200000,61,179010.0,127874,0.0,20990,179010
400000,61,358252.0,251792,0.0,41748,358252
600000,61,537150.0,380708,0.0,62850,537150
800000,61,715990.0,528704,0.0,84010,715990
1000000,61,894816.0,685211,0.0,105184,894816
2,62,1.0,1,0.0,1,1
3,62,1.0,2,0.0,2,1
100,62,83.0,56,0.0,17,83
200,62,173.0,124,0.0,27,173
2000,62,1797.0,1310,0.0,203,1797
10000,62,8975.0,7561,0.0,1025,8975
20000,62,17936.0,14948,0.0,2064,17936
40000,62,35861.0,26391,0.0,4139,35861
60000,62,53798.0,40626,0.0,6202,53798
80000,62,71725.0,53745,0.0,8275,71725
100000,62,89639.0,67430,0.0,10361,89639
200000,62,179138.0,134622,0.0,20862,179138
400000,62,357941.0,279738,0.0,42059,357941
600000,62,537144.0,404832,0.0,62856,537144
800000,62,715888.0,534054,0.0,84112,715888
1000000,62,895013.0,699153,0.0,104987,895013
2,63,2.0,1,0.0,0,2
3,63,3.0,2,0.0,0,3
100,63,87.0,75,0.0,13,87
200,63,173.0,160,0.0,27,173
2000,63,1796.0,1341,0.0,204,1796
10000,63,8953.0,7184,0.0,1047,8953
20000,63,17918.0,13841,0.0,2082,17918
40000,63,35803.0,27764,0.0,4197,35803
60000,63,53831.0,35754,0.0,6169,53831
80000,63,71717.0,48840,0.0,8283,71717
100000,63,89654.0,61148,0.0,10346,89654
200000,63,179209.0,123740,0.0,20791,179209
400000,63,358112.0,246582,0.0,41888,358112
600000,63,537318.0,385445,0.0,62682,537318
800000,63,716366.0,518537,0.0,83634,716366
1000000,63,895577.0,642540,0.0,104423,895577
2,64,2.0,1,0.0,0,2
3,64,3.0,2,0.0,0,3
100,64,93.0,60,0.0,7,93
200,64,181.0,123,0.0,19,181
2000,64,1805.0,1401,0.0,195,1805
10000,64,8968.0,6954,0.0,1032,8968
20000,64,17936.0,14144,0.0,2064,17936
40000,64,35823.0,27990,0.0,4177,35823
60000,64,53722.0,39479,0.0,6278,53722
80000,64,71637.0,48966,0.0,8363,71637
100000,64,89543.0,59342,0.0,10457,89543
200000,64,179114.0,128376,0.0,20886,179114
400000,64,358327.0,253588,0.0,41673,358327
600000,64,537420.0,373533,0.0,62580,537420
800000,64,716696.0,530255,0.0,83304,716696
1000000,64,895756.0,669361,0.0,104244,895756
2,65,2.0,1,0.0,0,2
3,65,3.0,2,0.0,0,3
100,65,91.0,66,0.0,9,91
200,65,185.0,125,0.0,15,185
2000,65,1791.0,1283,0.0,209,1791
10000,65,8901.0,5972,0.0,1099,8901
20000,65,17847.0,12364,0.0,2153,17847
40000,65,35682.0,25747,0.0,4318,35682
60000,65,53595.0,40266,0.0,6405,53595
80000,65,71522.0,51652,0.0,8478,71522
100000,65,89406.0,61505,0.0,10594,89406
200000,65,178891.0,126716,0.0,21109,178891
400000,65,357947.0,265607,0.0,42053,357947
600000,65,536820.0,387894,0.0,63180,536820
800000,65,715905.0,517224,0.0,84095,715905
1000000,65,895062.0,624744,0.0,104938,895062
2,66,2.0,1,0.0,0,2
3,66,3.0,2,0.0,0,3
100,66,91.0,67,0.0,9,91
200,66,184.0,133,0.0,16,184
2000,66,1807.0,1246,0.0,193,1807
10000,66,8952.0,6613,0.0,1048,8952
20000,66,17934.0,12842,0.0,2066,17934
40000,66,35787.0,26699,0.0,4213,35787
60000,66,53711.0,39350,0.0,6289,53711
80000,66,71648.0,52796,0.0,8352,71648
100000,66,89511.0,66651,0.0,10489,89511
200000,66,179139.0,139352,0.0,20861,179139
400000,66,357817.0,277092,0.0,42183,357817
600000,66,536846.0,424568,0.0,63154,536846
800000,66,715856.0,569038,0.0,84144,715856
1000000,66,894925.0,694361,0.0,105075,894925
2,67,2.0,1,0.0,0,2
3,67,3.0,2,0.0,0,3
100,67,92.0,68,0.0,8,92
200,67,184.0,130,0.0,16,184
2000,67,1782.0,1389,0.0,218,1782
10000,67,8885.0,6778,0.0,1115,8885
20000,67,17806.0,12747,0.0,2194,17806
40000,67,35712.0,26420,0.0,4288,35712
60000,67,53598.0,41719,0.0,6402,53598
80000,67,71479.0,57513,0.0,8521,71479
100000,67,89416.0,68142,0.0,10584,89416
200000,67,178895.0,143023,0.0,21105,178895
400000,67,357953.0,275384,0.0,42047,357953
600000,67,536977.0,410596,0.0,63023,536977
800000,67,715941.0,563796,0.0,84059,715941
1000000,67,894909.0,715441,0.0,105091,894909
2,68,2.0,1,0.0,0,2
3,68,3.0,2,0.0,0,3
100,68,86.0,62,0.0,14,86
200,68,175.0,122,0.0,25,175
2000,68,1765.0,1254,0.0,235,1765
10000,68,8934.0,6403,0.0,1066,8934
20000,68,17905.0,13087,0.0,2095,17905
40000,68,35831.0,24952,0.0,4169,35831
60000,68,53729.0,36647,0.0,6271,53729
80000,68,71600.0,50237,0.0,8400,71600
100000,68,89464.0,62801,0.0,10536,89464
200000,68,178938.0,128346,0.0,21062,178938
400000,68,358063.0,265503,0.0,41937,358063
600000,68,537034.0,380475,0.0,62966,537034
800000,68,715885.0,517574,0.0,84115,715885
1000000,68,895100.0,632361,0.0,104900,895100
2,69,2.0,1,0.0,0,2
3,69,3.0,2,0.0,0,3
100,69,90.0,71,0.0,10,90
200,69,178.0,135,0.0,22,178
2000,69,1801.0,1190,0.0,199,1801
10000,69,8981.0,6560,0.0,1019,8981
20000,69,17948.0,14045,0.0,2052,17948
40000,69,35887.0,26476,0.0,4113,35887
60000,69,53764.0,39587,0.0,6236,53764
80000,69,71600.0,51171,0.0,8400,71600
100000,69,89460.0,63398,0.0,10540,89460
200000,69,178986.0,123930,0.0,21014,178986
400000,69,357836.0,262543,0.0,42164,357836
600000,69,537018.0,398732,0.0,62982,537018
800000,69,716175.0,534250,0.0,83825,716175
1000000,69,895272.0,667281,0.0,104728,895272
2,70,2.0,1,0.0,0,2
3,70,3.0,2,0.0,0,3
100,70,90.0,66,0.0,10,90
200,70,179.0,130,0.0,21,179
2000,70,1792.0,1290,0.0,208,1792
10000,70,8946.0,6911,0.0,1054,8946
20000,70,17846.0,14035,0.0,2154,17846
40000,70,35736.0,26223,0.0,4264,35736
60000,70,53625.0,38029,0.0,6375,53625
80000,70,71526.0,54140,0.0,8474,71526
100000,70,89420.0,66070,0.0,10580,89420
200000,70,179036.0,135493,0.0,20964,179036
400000,70,357922.0,266985,0.0,42078,357922
600000,70,536757.0,405438,0.0,63243,536757
800000,70,715804.0,536453,0.0,84196,715804
1000000,70,894759.0,706280,0.0,105241,894759
2,71,1.0,1,0.0,1,1
3,71,2.0,2,0.0,1,2
100,71,92.0,68,0.0,8,92
200,71,184.0,132,0.0,16,184
2000,71,1817.0,1323,0.0,183,1817
10000,71,8977.0,7103,0.0,1023,8977
20000,71,17946.0,13348,0.0,2054,17946
40000,71,35831.0,27817,0.0,4169,35831
60000,71,53722.0,41432,0.0,6278,53722
80000,71,71600.0,54090,0.0,8400,71600
100000,71,89615.0,68942,0.0,10385,89615
200000,71,179138.0,136277,0.0,20862,179138
400000,71,358122.0,257994,0.0,41878,358122
600000,71,536937.0,394401,0.0,63063,536937
800000,71,715773.0,536361,0.0,84227,715773
1000000,71,894790.0,695177,0.0,105210,894790
2,72,2.0,1,0.0,0,2
3,72,3.0,2,0.0,0,3
100,72,89.0,62,0.0,11,89
200,72,177.0,124,0.0,23,177
2000,72,1784.0,1308,0.0,216,1784
10000,72,8949.0,5973,0.0,1051,8949
20000,72,17942.0,12362,0.0,2058,17942
40000,72,35845.0,24488,0.0,4155,35845
60000,72,53733.0,37361,0.0,6267,53733
80000,72,71645.0,51153,0.0,8355,71645
100000,72,89587.0,60810,0.0,10413,89587
200000,72,179038.0,124222,0.0,20962,179038
400000,72,358151.0,242534,0.0,41849,358151
600000,72,537053.0,364327,0.0,62947,537053
800000,72,715652.0,501055,0.0,84348,715652
1000000,72,894816.0,649165,0.0,105184,894816
2,73,2.0,1,0.0,0,2
3,73,3.0,2,0.0,0,3
100,73,83.0,62,0.0,17,83
200,73,174.0,112,0.0,26,174
2000,73,1766.0,1267,0.0,234,1766
10000,73,8942.0,6166,0.0,1058,8942
20000,73,17888.0,11966,0.0,2112,17888
40000,73,35831.0,27151,0.0,4169,35831
60000,73,53724.0,40424,0.0,6276,53724
80000,73,71658.0,56055,0.0,8342,71658
100000,73,89594.0,67082,0.0,10406,89594
200000,73,179061.0,141617,0.0,20939,179061
400000,73,357918.0,269242,0.0,42082,357918
600000,73,536644.0,407563,0.0,63356,536644
800000,73,715665.0,554441,0.0,84335,715665
1000000,73,894845.0,689613,0.0,105155,894845
2,74,2.0,1,0.0,0,2
3,74,2.0,2,0.0,1,2
100,74,90.0,70,0.0,10,90
200,74,179.0,137,0.0,21,179
2000,74,1780.0,1294,0.0,220,1780
10000,74,8936.0,6779,0.0,1064,8936
20000,74,17825.0,13393,0.0,2175,17825
40000,74,35706.0,26621,0.0,4294,35706
60000,74,53597.0,39668,0.0,6403,53597
80000,74,71552.0,51289,0.0,8448,71552
100000,74,89438.0,64575,0.0,10562,89438
200000,74,178913.0,128998,0.0,21087,178913
400000,74,357687.0,260710,0.0,42313,357687
600000,74,536627.0,383400,0.0,63373,536627
800000,74,715827.0,487545,0.0,84173,715827
1000000,74,894636.0,630193,0.0,105364,894636
2,75,2.0,1,0.0,0,2
3,75,2.0,2,0.0,1,2
100,75,92.0,69,0.0,8,92
200,75,184.0,132,0.0,16,184
2000,75,1785.0,1401,0.0,215,1785
10000,75,8893.0,6730,0.0,1107,8893
20000,75,17813.0,13532,0.0,2187,17813
40000,75,35694.0,26821,0.0,4306,35694
60000,75,53602.0,38064,0.0,6398,53602
80000,75,71454.0,52755,0.0,8546,71454
100000,75,89343.0,62920,0.0,10657,89343
200000,75,178788.0,120624,0.0,21212,178788
400000,75,357931.0,254221,0.0,42069,357931
600000,75,536951.0,396651,0.0,63049,536951
800000,75,716061.0,515560,0.0,83939,716061
1000000,75,894770.0,646213,0.0,105230,894770
2,76,1.0,1,0.0,1,1
3,76,2.0,2,0.0,1,2
100,76,83.0,57,0.0,17,83
200,76,172.0,146,0.0,28,172
2000,76,1789.0,1257,0.0,211,1789
10000,76,8968.0,6964,0.0,1032,8968
20000,76,17912.0,14580,0.0,2088,17912
40000,76,35803.0,27826,0.0,4197,35803
60000,76,53711.0,42047,0.0,6289,53711
80000,76,71530.0,56351,0.0,8470,71530
100000,76,89475.0,71424,0.0,10525,89475
200000,76,178964.0,143238,0.0,21036,178964
400000,76,357770.0,280860,0.0,42230,357770
600000,76,536685.0,425893,0.0,63315,536685
800000,76,715828.0,560502,0.0,84172,715828
1000000,76,894833.0,718842,0.0,105167,894833
2,77,2.0,1,0.0,0,2
3,77,3.0,2,0.0,0,3
100,77,92.0,74,0.0,8,92
200,77,182.0,133,0.0,18,182
2000,77,1813.0,1210,0.0,187,1813
10000,77,8988.0,6543,0.0,1012,8988
20000,77,17938.0,12875,0.0,2062,17938
40000,77,35823.0,26835,0.0,4177,35823
60000,77,53753.0,39121,0.0,6247,53753
80000,77,71672.0,52680,0.0,8328,71672
100000,77,89555.0,64756,0.0,10445,89555
200000,77,179022.0,125842,0.0,20978,179022
400000,77,358055.0,252961,0.0,41945,358055
600000,77,536886.0,379745,0.0,63114,536886
800000,77,715994.0,520728,0.0,84006,715994
1000000,77,895035.0,660961,0.0,104965,895035
2,78,2.0,1,0.0,0,2
3,78,3.0,2,0.0,0,3
100,78,89.0,74,0.0,11,89
200,78,177.0,135,0.0,23,177
2000,78,1788.0,1322,0.0,212,1788
10000,78,8942.0,7009,0.0,1058,8942
20000,78,17884.0,13288,0.0,2116,17884
40000,78,35762.0,26554,0.0,4238,35762
60000,78,53669.0,39105,0.0,6331,53669
80000,78,71557.0,54928,0.0,8443,71557
100000,78,89497.0,68828,0.0,10503,89497
200000,78,179072.0,138124,0.0,20928,179072
400000,78,358056.0,289665,0.0,41944,358056
600000,78,536988.0,411309,0.0,63012,536988
800000,78,715846.0,545047,0.0,84154,715846
1000000,78,894957.0,683414,0.0,105043,894957
2,79,2.0,1,0.0,0,2
3,79,3.0,2,0.0,0,3
100,79,90.0,71,0.0,10,90
200,79,182.0,143,0.0,18,182
2000,79,1771.0,1268,0.0,229,1771
10000,79,8905.0,5711,0.0,1095,8905
20000,79,17854.0,11469,0.0,2146,17854
40000,79,35765.0,24607,0.0,4235,35765
60000,79,53601.0,37736,0.0,6399,53601
80000,79,71511.0,51016,0.0,8489,71511
100000,79,89399.0,65603,0.0,10601,89399
200000,79,178820.0,137539,0.0,21180,178820
400000,79,357644.0,268202,0.0,42356,357644
600000,79,536559.0,397822,0.0,63441,536559
800000,79,715645.0,534475,0.0,84355,715645
1000000,79,894735.0,696189,0.0,105265,894735
2,80,1.0,1,0.0,1,1
3,80,2.0,2,0.0,1,2
100,80,86.0,67,0.0,14,86
200,80,182.0,133,0.0,18,182
2000,80,1803.0,1358,0.0,197,1803
10000,80,8971.0,6636,0.0,1029,8971
20000,80,17936.0,13396,0.0,2064,17936
40000,80,35809.0,26897,0.0,4191,35809
60000,80,53713.0,38737,0.0,6287,53713
80000,80,71596.0,51066,0.0,8404,71596
100000,80,89478.0,65017,0.0,10522,89478
200000,80,179107.0,130608,0.0,20893,179107
400000,80,357953.0,268011,0.0,42047,357953
600000,80,537193.0,406484,0.0,62807,537193
800000,80,715925.0,542440,0.0,84075,715925
1000000,80,894945.0,678010,0.0,105055,894945
2,81,2.0,1,0.0,0,2
3,81,3.0,2,0.0,0,3
100,81,88.0,61,0.0,12,88
200,81,173.0,118,0.0,27,173
2000,81,1775.0,1390,0.0,225,1775
10000,81,8919.0,7328,0.0,1081,8919
20000,81,17830.0,14248,0.0,2170,17830
40000,81,35718.0,27747,0.0,4282,35718
60000,81,53655.0,40550,0.0,6345,53655
80000,81,71596.0,56032,0.0,8404,71596
100000,81,89531.0,67049,0.0,10469,89531
200000,81,178894.0,125796,0.0,21106,178894
400000,81,357894.0,264258,0.0,42106,357894
600000,81,537120.0,402124,0.0,62880,537120
800000,81,716029.0,522605,0.0,83971,716029
1000000,81,895205.0,694010,0.0,104795,895205
2,82,1.0,1,0.0,1,1
3,82,2.0,2,0.0,1,2
100,82,89.0,78,0.0,11,89
200,82,180.0,147,0.0,20,180
2000,82,1795.0,1384,0.0,205,1795
10000,82,8971.0,6242,0.0,1029,8971
20000,82,17907.0,12613,0.0,2093,17907
40000,82,35869.0,24593,0.0,4131,35869
60000,82,53837.0,37792,0.0,6163,53837
80000,82,71784.0,51529,0.0,8216,71784
100000,82,89603.0,65440,0.0,10397,89603
200000,82,179332.0,133205,0.0,20668,179332
400000,82,358470.0,275279,0.0,41530,358470
600000,82,537379.0,412637,0.0,62621,537379
800000,82,716381.0,535844,0.0,83619,716381
1000000,82,895185.0,688443,0.0,104815,895185
2,83,2.0,1,0.0,0,2
3,83,3.0,2,0.0,0,3
100,83,91.0,67,0.0,9,91
200,83,177.0,114,0.0,23,177
2000,83,1770.0,1232,0.0,230,1770
10000,83,8975.0,6200,0.0,1025,8975
20000,83,17932.0,12870,0.0,2068,17932
40000,83,35915.0,25552,0.0,4085,35915
60000,83,53778.0,36570,0.0,6222,53778
80000,83,71656.0,49842,0.0,8344,71656
100000,83,89559.0,64520,0.0,10441,89559
200000,83,179179.0,126355,0.0,20821,179179
400000,83,358042.0,256445,0.0,41958,358042
600000,83,536798.0,386865,0.0,63202,536798
800000,83,715963.0,524866,0.0,84037,715963
1000000,83,894783.0,639641,0.0,105217,894783
2,84,1.0,1,0.0,1,1
3,84,2.0,2,0.0,1,2
100,84,90.0,70,0.0,10,90
200,84,178.0,123,0.0,22,178
2000,84,1785.0,1367,0.0,215,1785
10000,84,8930.0,6766,0.0,1070,8930
20000,84,17889.0,14158,0.0,2111,17889
40000,84,35769.0,26504,0.0,4231,35769
60000,84,53682.0,38923,0.0,6318,53682
80000,84,71571.0,50659,0.0,8429,71571
100000,84,89412.0,64169,0.0,10588,89412
200000,84,178876.0,125143,0.0,21124,178876
400000,84,357774.0,230800,0.0,42226,357774
600000,84,536806.0,349203,0.0,63194,536806
800000,84,715900.0,461525,0.0,84100,715900
1000000,84,894980.0,581107,0.0,105020,894980
2,85,2.0,1,0.0,0,2
3,85,3.0,2,0.0,0,3
100,85,90.0,66,0.0,10,90
200,85,178.0,135,0.0,22,178
2000,85,1779.0,1217,0.0,221,1779
10000,85,8950.0,6922,0.0,1050,8950
20000,85,17922.0,13918,0.0,2078,17922
40000,85,35827.0,27834,0.0,4173,35827
60000,85,53738.0,42110,0.0,6262,53738
80000,85,71627.0,56403,0.0,8373,71627
100000,85,89561.0,70544,0.0,10439,89561
200000,85,178988.0,140397,0.0,21012,178988
400000,85,358024.0,265313,0.0,41976,358024
600000,85,536837.0,398878,0.0,63163,536837
800000,85,716039.0,536848,0.0,83961,716039
1000000,85,895062.0,680174,0.0,104938,895062
2,86,2.0,1,0.0,0,2
3,86,3.0,2,0.0,0,3
100,86,84.0,68,0.0,16,84
200,86,172.0,140,0.0,28,172
2000,86,1779.0,1315,0.0,221,1779
10000,86,8942.0,7031,0.0,1058,8942
20000,86,17827.0,13489,0.0,2173,17827
40000,86,35659.0,26093,0.0,4341,35659
60000,86,53543.0,40019,0.0,6457,53543
80000,86,71447.0,53903,0.0,8553,71447
100000,86,89328.0,67334,0.0,10672,89328
200000,86,178875.0,134309,0.0,21125,178875
400000,86,358048.0,257873,0.0,41952,358048
600000,86,537019.0,403078,0.0,62981,537019
800000,86,716155.0,547192,0.0,83845,716155
1000000,86,895089.0,683627,0.0,104911,895089
2,87,2.0,1,0.0,0,2
3,87,3.0,2,0.0,0,3
100,87,91.0,73,0.0,9,91
200,87,178.0,140,0.0,22,178
2000,87,1759.0,1350,0.0,241,1759
10000,87,8888.0,6468,0.0,1112,8888
20000,87,17857.0,12235,0.0,2143,17857
40000,87,35844.0,26370,0.0,4156,35844
60000,87,53743.0,39000,0.0,6257,53743
80000,87,71602.0,54192,0.0,8398,71602
100000,87,89427.0,68874,0.0,10573,89427
200000,87,178874.0,137619,0.0,21126,178874
400000,87,357809.0,262702,0.0,42191,357809
600000,87,536754.0,394347,0.0,63246,536754
800000,87,715798.0,539074,0.0,84202,715798
1000000,87,894781.0,674093,0.0,105219,894781
2,88,1.0,1,0.0,1,1
3,88,2.0,2,0.0,1,2
100,88,88.0,68,0.0,12,88
200,88,172.0,136,0.0,28,172
2000,88,1768.0,1276,0.0,232,1768
10000,88,8930.0,6166,0.0,1070,8930
20000,88,17891.0,11919,0.0,2109,17891
40000,88,35741.0,23536,0.0,4259,35741
60000,88,53578.0,35664,0.0,6422,53578
80000,88,71548.0,48409,0.0,8452,71548
100000,88,89469.0,61064,0.0,10531,89469
200000,88,178810.0,123121,0.0,21190,178810
400000,88,357822.0,240456,0.0,42178,357822
600000,88,537057.0,389634,0.0,62943,537057
800000,88,715948.0,507849,0.0,84052,715948
1000000,88,895170.0,639021,0.0,104830,895170
2,89,2.0,1,0.0,0,2
3,89,3.0,2,0.0,0,3
100,89,89.0,77,0.0,11,89
200,89,177.0,150,0.0,23,177
2000,89,1782.0,1466,0.0,218,1782
10000,89,8976.0,6484,0.0,1024,8976
20000,89,17945.0,12786,0.0,2055,17945
40000,89,35875.0,26306,0.0,4125,35875
60000,89,53813.0,39648,0.0,6187,53813
80000,89,71679.0,53239,0.0,8321,71679
100000,89,89558.0,67170,0.0,10442,89558
200000,89,179074.0,137431,0.0,20926,179074
400000,89,357954.0,263094,0.0,42046,357954
600000,89,537013.0,395753,0.0,62987,537013
800000,89,716079.0,517099,0.0,83921,716079
1000000,89,894998.0,667535,0.0,105002,894998
2,90,2.0,1,0.0,0,2
3,90,3.0,2,0.0,0,3
100,90,93.0,64,0.0,7,93
200,90,185.0,125,0.0,15,185
2000,90,1809.0,1280,0.0,191,1809
10000,90,8947.0,6214,0.0,1053,8947
20000,90,17891.0,12343,0.0,2109,17891
40000,90,35836.0,25341,0.0,4164,35836
60000,90,53729.0,38382,0.0,6271,53729
80000,90,71680.0,53097,0.0,8320,71680
100000,90,89566.0,67063,0.0,10434,89566
200000,90,179094.0,123809,0.0,20906,179094
400000,90,357848.0,252614,0.0,42152,357848
600000,90,536724.0,375004,0.0,63276,536724
800000,90,715774.0,504924,0.0,84226,715774
1000000,90,894584.0,650225,0.0,105416,894584
2,91,2.0,1,0.0,0,2
3,91,3.0,2,0.0,0,3
100,91,90.0,70,0.0,10,90
200,91,183.0,139,0.0,17,183
2000,91,1797.0,1396,0.0,203,1797
10000,91,9016.0,6618,0.0,984,9016
20000,91,17988.0,13306,0.0,2012,17988
40000,91,35854.0,25785,0.0,4146,35854
60000,91,53731.0,38666,0.0,6269,53731
80000,91,71622.0,51634,0.0,8378,71622
100000,91,89544.0,63709,0.0,10456,89544
200000,91,179124.0,124122,0.0,20876,179124
400000,91,357787.0,247801,0.0,42213,357787
600000,91,536763.0,379015,0.0,63237,536763
800000,91,715649.0,511713,0.0,84351,715649
1000000,91,894739.0,628314,0.0,105261,894739
2,92,2.0,1,0.0,0,2
3,92,3.0,2,0.0,0,3
100,92,89.0,64,0.0,11,89
200,92,177.0,143,0.0,23,177
2000,92,1756.0,1386,0.0,244,1756
10000,92,8916.0,6593,0.0,1084,8916
20000,92,17874.0,12371,0.0,2126,17874
40000,92,35790.0,26365,0.0,4210,35790
60000,92,53722.0,40894,0.0,6278,53722
80000,92,71602.0,56580,0.0,8398,71602
100000,92,89557.0,69510,0.0,10443,89557
200000,92,178976.0,136437,0.0,21024,178976
400000,92,357939.0,271794,0.0,42061,357939
600000,92,536970.0,405124,0.0,63030,536970
800000,92,715998.0,567169,0.0,84002,715998
1000000,92,894718.0,693745,0.0,105282,894718
2,93,2.0,1,0.0,0,2
3,93,2.0,2,0.0,1,2
100,93,83.0,57,0.0,17,83
200,93,174.0,111,0.0,26,174
2000,93,1766.0,1273,0.0,234,1766
10000,93,8920.0,6729,0.0,1080,8920
20000,93,17861.0,14004,0.0,2139,17861
40000,93,35719.0,26125,0.0,4281,35719
60000,93,53665.0,41696,0.0,6335,53665
80000,93,71590.0,57047,0.0,8410,71590
100000,93,89443.0,70381,0.0,10557,89443
200000,93,179012.0,130456,0.0,20988,179012
400000,93,358239.0,265289,0.0,41761,358239
600000,93,537224.0,408389,0.0,62776,537224
800000,93,716214.0,551422,0.0,83786,716214
1000000,93,895102.0,679031,0.0,104898,895102
2,94,2.0,1,0.0,0,2
3,94,3.0,2,0.0,0,3
100,94,94.0,62,0.0,6,94
200,94,178.0,119,0.0,22,178
2000,94,1786.0,1266,0.0,214,1786
10000,94,8911.0,6868,0.0,1089,8911
20000,94,17898.0,13495,0.0,2102,17898
40000,94,35796.0,28043,0.0,4204,35796
60000,94,53668.0,41306,0.0,6332,53668
80000,94,71497.0,54229,0.0,8503,71497
100000,94,89403.0,67168,0.0,10597,89403
200000,94,178912.0,134184,0.0,21088,178912
400000,94,357945.0,266415,0.0,42055,357945
600000,94,536969.0,390928,0.0,63031,536969
800000,94,715880.0,531693,0.0,84120,715880
1000000,94,894658.0,673445,0.0,105342,894658
2,95,2.0,1,0.0,0,2
3,95,3.0,2,0.0,0,3
100,95,87.0,66,0.0,13,87
200,95,177.0,138,0.0,23,177
2000,95,1793.0,1479,0.0,207,1793
10000,95,8919.0,6618,0.0,1081,8919
20000,95,17881.0,13920,0.0,2119,17881
40000,95,35835.0,28607,0.0,4165,35835
60000,95,53735.0,43305,0.0,6265,53735
80000,95,71649.0,57225,0.0,8351,71649
100000,95,89540.0,69639,0.0,10460,89540
200000,95,179082.0,137437,0.0,20918,179082
400000,95,357835.0,262777,0.0,42165,357835
600000,95,536771.0,369781,0.0,63229,536771
800000,95,715732.0,497978,0.0,84268,715732
1000000,95,894420.0,642875,0.0,105580,894420
2,96,2.0,1,0.0,0,2
3,96,3.0,2,0.0,0,3
100,96,90.0,66,0.0,10,90
200,96,175.0,119,0.0,25,175
2000,96,1788.0,1380,0.0,212,1788
10000,96,8913.0,6472,0.0,1087,8913
20000,96,17964.0,14055,0.0,2036,17964
40000,96,35965.0,27921,0.0,4035,35965
60000,96,53852.0,41462,0.0,6148,53852
80000,96,71762.0,54369,0.0,8238,71762
100000,96,89596.0,68042,0.0,10404,89596
200000,96,178989.0,135889,0.0,21011,178989
400000,96,358035.0,245009,0.0,41965,358035
600000,96,536902.0,367108,0.0,63098,536902
800000,96,715931.0,503750,0.0,84069,715931
1000000,96,895336.0,628994,0.0,104664,895336
2,97,1.0,1,0.0,1,1
3,97,2.0,2,0.0,1,2
100,97,93.0,70,0.0,7,93
200,97,177.0,139,0.0,23,177
2000,97,1770.0,1257,0.0,230,1770
10000,97,8929.0,6809,0.0,1071,8929
20000,97,17926.0,13884,0.0,2074,17926
40000,97,35811.0,28267,0.0,4189,35811
60000,97,53685.0,41484,0.0,6315,53685
80000,97,71506.0,53169,0.0,8494,71506
100000,97,89397.0,66696,0.0,10603,89397
200000,97,178804.0,128167,0.0,21196,178804
400000,97,357984.0,256941,0.0,42016,357984
600000,97,536962.0,372026,0.0,63038,536962
800000,97,715964.0,514932,0.0,84036,715964
1000000,97,894794.0,627410,0.0,105206,894794
2,98,2.0,1,0.0,0,2
3,98,3.0,2,0.0,0,3
100,98,93.0,70,0.0,7,93
200,98,183.0,136,0.0,17,183
2000,98,1797.0,1505,0.0,203,1797
10000,98,9015.0,6389,0.0,985,9015
20000,98,17957.0,13114,0.0,2043,17957
40000,98,35882.0,26424,0.0,4118,35882
60000,98,53817.0,40974,0.0,6183,53817
80000,98,71776.0,55823,0.0,8224,71776
100000,98,89616.0,68693,0.0,10384,89616
200000,98,179101.0,136459,0.0,20899,179101
400000,98,358138.0,280004,0.0,41862,358138
600000,98,537102.0,407289,0.0,62898,537102
800000,98,716240.0,544563,0.0,83760,716240
1000000,98,895394.0,689830,0.0,104606,895394
2,99,2.0,1,0.0,0,2
3,99,3.0,2,0.0,0,3
100,99,92.0,65,0.0,8,92
200,99,183.0,136,0.0,17,183
2000,99,1783.0,1381,0.0,217,1783
10000,99,8959.0,6706,0.0,1041,8959
20000,99,17903.0,13360,0.0,2097,17903
40000,99,35823.0,25151,0.0,4177,35823
60000,99,53683.0,37749,0.0,6317,53683
80000,99,71586.0,49854,0.0,8414,71586
100000,99,89483.0,64771,0.0,10517,89483
200000,99,179016.0,138192,0.0,20984,179016
400000,99,358038.0,269959,0.0,41962,358038
600000,99,536893.0,416645,0.0,63107,536893
800000,99,715916.0,561737,0.0,84084,715916
1000000,99,894715.0,690499,0.0,105285,894715
2,100,2.0,1,0.0,0,2
3,100,3.0,2,0.0,0,3
100,100,84.0,55,0.0,16,84
200,100,172.0,109,0.0,28,172
2000,100,1770.0,1158,0.0,230,1770
10000,100,8903.0,6502,0.0,1097,8903
20000,100,17802.0,12267,0.0,2198,17802
40000,100,35692.0,26258,0.0,4308,35692
60000,100,53538.0,41803,0.0,6462,53538
80000,100,71520.0,53740,0.0,8480,71520
100000,100,89447.0,67239,0.0,10553,89447
200000,100,178975.0,123796,0.0,21025,178975
400000,100,357802.0,247739,0.0,42198,357802
600000,100,536651.0,385959,0.0,63349,536651
800000,100,715544.0,531951,0.0,84456,715544
1000000,100,894235.0,674498,0.0,105765,894235
