Timestep,Iteration,Total Reward,Suboptimal Arms,Total Regret,Zeros Count,Ones Count
2,1,2.0,1,0.05,0,2
3,1,3.0,2,0.05,0,3
100,1,82.0,61,1.58,18,82
200,1,169.0,115,2.73,31,169
2000,1,1752.0,1046,23.47,248,1752
10000,1,8836.0,5211,101.42,1164,8836
20000,1,17715.0,9625,162.08,2285,17715
40000,1,35613.0,17882,242.45,4387,35613
60000,1,53504.0,25149,301.34,6496,53504
80000,1,71337.0,30182,352.55,8663,71337
100000,1,89176.0,35919,388.51,10824,89176
200000,1,178427.0,67239,582.83,21573,178427
400000,1,357058.0,108884,888.18,42942,357058
600000,1,535805.0,151532,1128.54,64195,535805
800000,1,714501.0,189304,1348.56,85499,714501
1000000,1,893444.0,226170,1557.05,106556,893444
2,2,2.0,1,0.05,0,2
3,2,3.0,2,0.05,0,3
100,2,86.0,62,1.55,14,86
200,2,175.0,128,2.92,25,175
2000,2,1787.0,1251,23.74,213,1787
10000,2,8876.0,6041,95.76,1124,8876
20000,2,17718.0,10448,152.04,2282,17718
40000,2,35522.0,20063,238.95,4478,35522
60000,2,53288.0,31899,342.33,6712,53288
80000,2,71043.0,40617,407.04,8957,71043
100000,2,88908.0,52730,482.69,11092,88908
200000,2,178243.0,84972,700.34,21757,178243
400000,2,356975.0,153036,1110.02,43025,356975
600000,2,535909.0,195799,1375.6,64091,535909
800000,2,714938.0,235976,1592.68,85062,714938
1000000,2,893658.0,269164,1783.14,106342,893658
2,3,2.0,1,0.05,0,2
3,3,3.0,2,0.05,0,3
100,3,87.0,58,1.53,13,87
200,3,175.0,110,2.75,25,175
2000,3,1779.0,1137,22.77,221,1779
10000,3,8868.0,5560,103.28,1132,8868
20000,3,17756.0,10112,157.04,2244,17756
40000,3,35597.0,19855,262.87,4403,35597
60000,3,53400.0,27969,338.6,6600,53400
80000,3,71186.0,34109,399.7,8814,71186
100000,3,89123.0,41402,453.69,10877,89123
200000,3,178436.0,72072,693.08,21564,178436
400000,3,356548.0,132406,1101.59,43452,356548
600000,3,535498.0,170720,1354.64,64502,535498
800000,3,714311.0,202742,1535.67,85689,714311
1000000,3,892989.0,226715,1681.06,107011,892989
2,4,1.0,1,0.05,1,1
3,4,2.0,2,0.05,1,2
100,4,84.0,55,1.43,16,84
200,4,168.0,119,3.11,32,168
2000,4,1761.0,1196,21.58,239,1761
10000,4,8850.0,4693,83.15,1150,8850
20000,4,17786.0,8433,124.96,2214,17786
40000,4,35622.0,17797,218.5,4378,35622
60000,4,53441.0,25602,300.41,6559,53441
80000,4,71252.0,31886,351.95,8748,71252
100000,4,89079.0,36753,403.2,10921,89079
200000,4,178533.0,73591,645.35,21467,178533
400000,4,357389.0,118972,945.22,42611,357389
600000,4,536224.0,145530,1124.17,63776,536224
800000,4,715075.0,177942,1308.99,84925,715075
1000000,4,893909.0,201383,1439.56,106091,893909
2,5,2.0,1,0.05,0,2
3,5,3.0,2,0.05,0,3
100,5,89.0,62,1.55,11,89
200,5,177.0,130,3.01,23,177
2000,5,1791.0,1096,20.4,209,1791
10000,5,8877.0,5821,83.06,1123,8877
20000,5,17755.0,10672,155.32,2245,17755
40000,5,35645.0,19076,229.22,4355,35645
60000,5,53516.0,29046,293.19,6484,53516
80000,5,71384.0,38247,384.23,8616,71384
100000,5,89252.0,46407,433.79,10748,89252
200000,5,178286.0,77742,667.27,21714,178286
400000,5,357161.0,133696,1014.68,42839,357161
600000,5,536116.0,179864,1298.28,63884,536116
800000,5,714884.0,204337,1442.01,85116,714884
1000000,5,893641.0,234755,1631.82,106359,893641
2,6,2.0,1,0.05,0,2
3,6,3.0,2,0.05,0,3
100,6,88.0,62,1.51,12,88
200,6,177.0,126,3.15,23,177
2000,6,1767.0,1198,24.75,233,1767
10000,6,8840.0,4677,86.14,1160,8840
20000,6,17762.0,10023,141.39,2238,17762
40000,6,35555.0,17967,234.39,4445,35555
60000,6,53312.0,26198,305.87,6688,53312
80000,6,71141.0,35960,365.28,8859,71141
100000,6,88963.0,41331,407.33,11037,88963
200000,6,178247.0,74921,666.12,21753,178247
400000,6,357025.0,111691,907.85,42975,357025
600000,6,535757.0,171150,1237.39,64243,535757
800000,6,714377.0,191016,1370.6,85623,714377
1000000,6,893020.0,234090,1596.69,106980,893020
2,7,2.0,1,0.05,0,2
3,7,3.0,2,0.05,0,3
100,7,84.0,75,1.61,16,84
200,7,177.0,150,3.59,23,177
2000,7,1773.0,1360,25.4,227,1773
10000,7,8862.0,6221,96.71,1138,8862
20000,7,17709.0,11679,163.27,2291,17709
40000,7,35519.0,21655,262.27,4481,35519
60000,7,53260.0,29198,329.55,6740,53260
80000,7,71089.0,38828,396.58,8911,71089
100000,7,88938.0,49122,453.89,11062,88938
200000,7,178262.0,91731,707.69,21738,178262
400000,7,357048.0,146104,1039.2,42952,357048
600000,7,535820.0,195449,1305.05,64180,535820
800000,7,714542.0,240456,1588.96,85458,714542
1000000,7,893237.0,274256,1780.04,106763,893237
2,8,2.0,1,0.05,0,2
3,8,3.0,2,0.05,0,3
100,8,82.0,69,1.62,18,82
200,8,169.0,129,2.96,31,169
2000,8,1744.0,1235,26.54,256,1744
10000,8,8863.0,5480,94.92,1137,8863
20000,8,17747.0,10273,171.36,2253,17747
40000,8,35587.0,17445,243.86,4413,35587
60000,8,53456.0,24778,311.29,6544,53456
80000,8,71240.0,33178,384.01,8760,71240
100000,8,89083.0,38551,448.79,10917,89083
200000,8,178546.0,70165,649.5,21454,178546
400000,8,357572.0,111530,882.25,42428,357572
600000,8,535949.0,166233,1171.13,64051,535949
800000,8,714692.0,191680,1362.2,85308,714692
1000000,8,893602.0,217974,1510.71,106398,893602
2,9,2.0,1,0.05,0,2
3,9,3.0,2,0.05,0,3
100,9,84.0,65,1.16,16,84
200,9,172.0,135,2.71,28,172
2000,9,1782.0,1076,19.62,218,1782
10000,9,8870.0,5138,90.49,1130,8870
20000,9,17793.0,9008,131.8,2207,17793
40000,9,35641.0,17507,213.73,4359,35641
60000,9,53382.0,24226,276.37,6618,53382
80000,9,71185.0,30350,328.63,8815,71185
100000,9,88973.0,40609,400.0,11027,88973
200000,9,178488.0,64216,578.92,21512,178488
400000,9,357046.0,126486,955.39,42954,357046
600000,9,535517.0,183414,1287.63,64483,535517
800000,9,714500.0,216692,1472.58,85500,714500
1000000,9,893308.0,257928,1719.04,106692,893308
2,10,2.0,1,0.05,0,2
3,10,3.0,2,0.05,0,3
100,10,86.0,55,1.27,14,86
200,10,177.0,117,2.58,23,177
2000,10,1745.0,1216,25.96,255,1745
10000,10,8850.0,5816,87.64,1150,8850
20000,10,17702.0,11864,177.96,2298,17702
40000,10,35492.0,22518,288.19,4508,35492
60000,10,53297.0,30251,382.29,6703,53297
80000,10,71168.0,40019,461.53,8832,71168
100000,10,88974.0,47072,528.16,11026,88974
200000,10,178264.0,73072,753.32,21736,178264
400000,10,357072.0,106254,961.83,42928,357072
600000,10,535796.0,137158,1150.99,64204,535796
800000,10,714689.0,163026,1291.21,85311,714689
1000000,10,893539.0,206612,1514.82,106461,893539
2,11,2.0,1,0.05,0,2
3,11,3.0,2,0.05,0,3
100,11,90.0,60,1.3,10,90
200,11,177.0,108,2.86,23,177
2000,11,1759.0,981,18.27,241,1759
10000,11,8861.0,4589,74.23,1139,8861
20000,11,17794.0,10382,129.43,2206,17794
40000,11,35630.0,21001,247.08,4370,35630
60000,11,53419.0,32418,361.77,6581,53419
80000,11,71259.0,39543,431.23,8741,71259
100000,11,89149.0,46782,477.79,10851,89149
200000,11,178419.0,78101,731.7,21581,178419
400000,11,357035.0,122976,1056.2,42965,357035
600000,11,535827.0,173435,1345.3,64173,535827
800000,11,714628.0,244869,1738.51,85372,714628
1000000,11,893159.0,290954,2002.61,106841,893159
2,12,2.0,1,0.05,0,2
3,12,2.0,2,0.05,1,2
100,12,81.0,66,1.57,19,81
200,12,168.0,145,3.32,32,168
2000,12,1769.0,1177,23.28,231,1769
10000,12,8892.0,4596,76.58,1108,8892
20000,12,17843.0,8126,137.11,2157,17843
40000,12,35646.0,16724,232.22,4354,35646
60000,12,53519.0,21595,288.29,6481,53519
80000,12,71348.0,26554,326.29,8652,71348
100000,12,89116.0,30590,364.79,10884,89116
200000,12,178354.0,57585,563.24,21646,178354
400000,12,356846.0,111707,917.41,43154,356846
600000,12,535417.0,169372,1271.3,64583,535417
800000,12,714189.0,212351,1504.6,85811,714189
1000000,12,893016.0,266518,1780.95,106984,893016
2,13,1.0,1,0.05,1,1
3,13,2.0,2,0.05,1,2
100,13,88.0,65,1.32,12,88
200,13,172.0,141,2.58,28,172
2000,13,1783.0,1215,19.28,217,1783
10000,13,8891.0,4912,66.8,1109,8891
20000,13,17743.0,9834,125.09,2257,17743
40000,13,35550.0,16546,190.45,4450,35550
60000,13,53410.0,26585,264.92,6590,53410
80000,13,71122.0,34468,327.78,8878,71122
100000,13,89002.0,42041,378.72,10998,89002
200000,13,178365.0,76460,595.38,21635,178365
400000,13,356747.0,133440,945.52,43253,356747
600000,13,535132.0,184050,1223.65,64868,535132
800000,13,713987.0,208752,1374.24,86013,713987
1000000,13,892731.0,232281,1500.73,107269,892731
2,14,2.0,1,0.05,0,2
3,14,3.0,2,0.05,0,3
100,14,83.0,59,1.81,17,83
200,14,172.0,117,3.34,28,172
2000,14,1761.0,1192,23.56,239,1761
10000,14,8877.0,4676,85.14,1123,8877
20000,14,17829.0,8866,118.33,2171,17829
40000,14,35624.0,17002,192.05,4376,35624
60000,14,53426.0,25981,332.94,6574,53426
80000,14,71218.0,32188,408.62,8782,71218
100000,14,89065.0,36434,449.13,10935,89065
200000,14,178217.0,68236,748.06,21783,178217
400000,14,356815.0,109072,1010.2,43185,356815
600000,14,535731.0,131593,1192.57,64269,535731
800000,14,714684.0,154990,1340.23,85316,714684
1000000,14,893499.0,177364,1477.78,106501,893499
2,15,2.0,1,0.05,0,2
3,15,3.0,2,0.05,0,3
100,15,88.0,53,1.34,12,88
200,15,177.0,105,2.12,23,177
2000,15,1760.0,1139,25.42,240,1760
10000,15,8872.0,5456,94.12,1128,8872
20000,15,17736.0,11004,151.5,2264,17736
40000,15,35635.0,20552,235.64,4365,35635
60000,15,53440.0,28853,311.9,6560,53440
80000,15,71254.0,37005,397.22,8746,71254
100000,15,88988.0,43824,451.56,11012,88988
200000,15,178386.0,77497,667.4,21614,178386
400000,15,357142.0,133939,990.29,42858,357142
600000,15,535900.0,173968,1231.68,64100,535900
800000,15,714814.0,204144,1407.04,85186,714814
1000000,15,893649.0,230740,1572.74,106351,893649
2,16,2.0,1,0.05,0,2
3,16,3.0,2,0.05,0,3
100,16,97.0,63,1.71,3,97
200,16,184.0,122,3.05,16,184
2000,16,1792.0,1290,30.41,208,1792
10000,16,8837.0,5834,119.41,1163,8837
20000,16,17700.0,11571,196.61,2300,17700
40000,16,35491.0,20574,277.79,4509,35491
60000,16,53328.0,27962,348.13,6672,53328
80000,16,71115.0,34919,399.91,8885,71115
100000,16,88905.0,40981,445.26,11095,88905
200000,16,178197.0,69300,669.74,21803,178197
400000,16,356965.0,122733,974.14,43035,356965
600000,16,535725.0,153204,1174.86,64275,535725
800000,16,714575.0,188552,1370.76,85425,714575
1000000,16,893304.0,227108,1578.42,106696,893304
2,17,1.0,1,0.05,1,1
3,17,2.0,2,0.05,1,2
100,17,86.0,71,1.83,14,86
200,17,173.0,126,3.27,27,173
2000,17,1782.0,1235,22.7,218,1782
10000,17,8886.0,5700,94.98,1114,8886
20000,17,17770.0,10480,151.64,2230,17770
40000,17,35619.0,19803,244.73,4381,35619
60000,17,53481.0,26944,302.28,6519,53481
80000,17,71352.0,35509,376.34,8648,71352
100000,17,89215.0,42899,434.45,10785,89215
200000,17,178550.0,80976,661.68,21450,178550
400000,17,357275.0,136641,1005.92,42725,357275
600000,17,535981.0,191053,1310.07,64019,535981
800000,17,714788.0,215921,1463.77,85212,714788
1000000,17,893602.0,259762,1702.37,106398,893602
2,18,2.0,1,0.05,0,2
3,18,3.0,2,0.05,0,3
100,18,90.0,74,1.73,10,90
200,18,173.0,147,3.49,27,173
2000,18,1757.0,1350,25.95,243,1757
10000,18,8845.0,5360,84.24,1155,8845
20000,18,17683.0,9355,125.65,2317,17683
40000,18,35566.0,17893,198.42,4434,35566
60000,18,53358.0,26285,290.1,6642,53358
80000,18,71117.0,36863,376.47,8883,71117
100000,18,88951.0,43095,425.95,11049,88951
200000,18,178101.0,71349,633.14,21899,178101
400000,18,356933.0,138699,1062.02,43067,356933
600000,18,535646.0,174490,1275.45,64354,535646
800000,18,714177.0,209331,1461.14,85823,714177
1000000,18,893222.0,234298,1589.93,106778,893222
2,19,2.0,1,0.05,0,2
3,19,3.0,2,0.05,0,3
100,19,88.0,53,1.03,12,88
200,19,178.0,115,2.53,22,178
2000,19,1777.0,1125,20.07,223,1777
10000,19,8923.0,5137,63.89,1077,8923
20000,19,17834.0,9573,118.3,2166,17834
40000,19,35652.0,20591,223.19,4348,35652
60000,19,53566.0,24643,261.49,6434,53566
80000,19,71440.0,29465,304.84,8560,71440
100000,19,89207.0,36714,371.61,10793,89207
200000,19,178465.0,62856,583.2,21535,178465
400000,19,357240.0,112500,906.3,42760,357240
600000,19,535774.0,147471,1112.88,64226,535774
800000,19,714784.0,172430,1266.87,85216,714784
1000000,19,893419.0,210997,1494.19,106581,893419
2,20,1.0,1,0.05,1,1
3,20,2.0,2,0.05,1,2
100,20,84.0,66,1.73,16,84
200,20,173.0,136,3.8,27,173
2000,20,1758.0,1226,21.57,242,1758
10000,20,8853.0,5696,102.16,1147,8853
20000,20,17768.0,10891,164.53,2232,17768
40000,20,35601.0,20435,256.73,4399,35601
60000,20,53460.0,28215,313.47,6540,53460
80000,20,71279.0,37292,390.66,8721,71279
100000,20,89106.0,45627,458.01,10894,89106
200000,20,178327.0,84911,712.79,21673,178327
400000,20,357043.0,139304,1032.76,42957,357043
600000,20,535704.0,174192,1238.04,64296,535704
800000,20,714778.0,190066,1351.69,85222,714778
1000000,20,893767.0,233210,1577.57,106233,893767
2,21,2.0,1,0.05,0,2
3,21,2.0,2,0.05,1,2
100,21,91.0,67,1.69,9,91
200,21,182.0,141,3.42,18,182
2000,21,1775.0,1199,25.56,225,1775
10000,21,8839.0,5750,105.95,1161,8839
20000,21,17729.0,10879,160.95,2271,17729
40000,21,35427.0,19100,261.86,4573,35427
60000,21,53240.0,25978,326.13,6760,53240
80000,21,71072.0,33073,380.12,8928,71072
100000,21,88878.0,42510,446.23,11122,88878
200000,21,178129.0,70712,654.72,21871,178129
400000,21,356707.0,124731,983.69,43293,356707
600000,21,535598.0,147069,1126.59,64402,535598
800000,21,714427.0,185088,1344.84,85573,714427
1000000,21,893384.0,217146,1525.93,106616,893384
2,22,1.0,1,0.05,1,1
3,22,2.0,2,0.05,1,2
100,22,91.0,63,1.35,9,91
200,22,185.0,144,3.32,15,185
2000,22,1783.0,1335,31.56,217,1783
10000,22,8879.0,5786,97.65,1121,8879
20000,22,17746.0,10602,176.69,2254,17746
40000,22,35586.0,20129,279.72,4414,35586
60000,22,53479.0,27726,356.23,6521,53479
80000,22,71208.0,35060,423.22,8792,71208
100000,22,89127.0,41375,482.27,10873,89127
200000,22,178494.0,66814,660.71,21506,178494
400000,22,357051.0,138114,1128.61,42949,357051
600000,22,535864.0,182191,1375.8,64136,535864
800000,22,714887.0,212989,1551.35,85113,714887
1000000,22,893835.0,255542,1776.75,106165,893835
2,23,2.0,1,0.05,0,2
3,23,3.0,2,0.05,0,3
100,23,92.0,67,1.73,8,92
200,23,181.0,133,3.3,19,181
2000,23,1773.0,1261,28.91,227,1773
10000,23,8876.0,5716,99.3,1124,8876
20000,23,17729.0,9798,152.91,2271,17729
40000,23,35503.0,18926,242.11,4497,35503
60000,23,53397.0,26471,299.03,6603,53397
80000,23,71213.0,33123,376.21,8787,71213
100000,23,89095.0,38823,419.75,10905,89095
200000,23,178294.0,60786,582.13,21706,178294
400000,23,356703.0,121388,941.3,43297,356703
600000,23,535351.0,167594,1199.09,64649,535351
800000,23,714152.0,200754,1398.29,85848,714152
1000000,23,893290.0,219656,1503.12,106710,893290
2,24,2.0,1,0.05,0,2
3,24,3.0,2,0.05,0,3
100,24,88.0,68,1.54,12,88
200,24,174.0,146,3.45,26,174
2000,24,1746.0,1105,26.85,254,1746
10000,24,8814.0,5170,88.13,1186,8814
20000,24,17784.0,8719,132.35,2216,17784
40000,24,35559.0,16118,246.11,4441,35559
60000,24,53404.0,23226,306.13,6596,53404
80000,24,71187.0,29930,360.17,8813,71187
100000,24,89042.0,35987,413.37,10958,89042
200000,24,178351.0,75069,672.54,21649,178351
400000,24,356516.0,148631,1124.44,43484,356516
600000,24,535183.0,189988,1378.5,64817,535183
800000,24,713837.0,223533,1571.15,86163,713837
1000000,24,892943.0,243023,1686.16,107057,892943
2,25,2.0,1,0.05,0,2
3,25,2.0,2,0.05,1,2
100,25,87.0,57,1.44,13,87
200,25,174.0,114,2.41,26,174
2000,25,1759.0,1238,22.39,241,1759
10000,25,8904.0,5575,80.08,1096,8904
20000,25,17799.0,11390,146.91,2201,17799
40000,25,35596.0,23334,285.55,4404,35596
60000,25,53404.0,31539,348.73,6596,53404
80000,25,71283.0,41060,409.38,8717,71283
100000,25,89137.0,46726,447.59,10863,89137
200000,25,178331.0,85253,728.9,21669,178331
400000,25,356726.0,147314,1119.37,43274,356726
600000,25,535295.0,195051,1385.54,64705,535295
800000,25,714099.0,247884,1665.58,85901,714099
1000000,25,892815.0,283567,1850.6,107185,892815
2,26,2.0,1,0.05,0,2
3,26,2.0,2,0.05,1,2
100,26,83.0,60,1.5,17,83
200,26,171.0,117,2.7,29,171
2000,26,1794.0,1199,23.68,206,1794
10000,26,8897.0,4793,77.45,1103,8897
20000,26,17818.0,9658,126.09,2182,17818
40000,26,35540.0,18187,238.61,4460,35540
60000,26,53316.0,27268,325.58,6684,53316
80000,26,71204.0,34965,384.82,8796,71204
100000,26,89038.0,42632,444.88,10962,89038
200000,26,178353.0,85289,709.84,21647,178353
400000,26,356987.0,146647,1077.44,43013,356987
600000,26,535764.0,195738,1340.57,64236,535764
800000,26,714510.0,237737,1602.25,85490,714510
1000000,26,893337.0,280611,1821.22,106663,893337
2,27,2.0,1,0.05,0,2
3,27,3.0,2,0.05,0,3
100,27,90.0,65,1.76,10,90
200,27,179.0,117,3.18,21,179
2000,27,1773.0,1155,24.98,227,1773
10000,27,8840.0,5629,104.78,1160,8840
20000,27,17731.0,11031,170.71,2269,17731
40000,27,35662.0,17012,236.9,4338,35662
60000,27,53533.0,26584,311.24,6467,53533
80000,27,71361.0,35895,380.55,8639,71361
100000,27,89165.0,45054,445.51,10835,89165
200000,27,178347.0,83226,681.29,21653,178347
400000,27,356946.0,151795,1090.5,43054,356946
600000,27,535696.0,204081,1397.81,64304,535696
800000,27,714258.0,239615,1616.48,85742,714258
1000000,27,893242.0,262917,1743.15,106758,893242
2,28,2.0,1,0.05,0,2
3,28,3.0,2,0.05,0,3
100,28,85.0,59,1.33,15,85
200,28,177.0,114,2.53,23,177
2000,28,1769.0,1025,20.21,231,1769
10000,28,8878.0,4869,69.51,1122,8878
20000,28,17776.0,10221,131.18,2224,17776
40000,28,35475.0,20001,222.68,4525,35475
60000,28,53397.0,30308,289.42,6603,53397
80000,28,71202.0,39435,345.89,8798,71202
100000,28,88956.0,49887,429.91,11044,88956
200000,28,178142.0,81671,620.87,21858,178142
400000,28,356647.0,138263,953.83,43353,356647
600000,28,535494.0,172798,1178.11,64506,535494
800000,28,714362.0,215256,1409.0,85638,714362
1000000,28,893350.0,240233,1537.33,106650,893350
2,29,2.0,1,0.05,0,2
3,29,3.0,2,0.05,0,3
100,29,83.0,62,1.27,17,83
200,29,170.0,103,2.11,30,170
2000,29,1751.0,1062,17.27,249,1751
10000,29,8848.0,5303,65.68,1152,8848
20000,29,17731.0,9312,118.48,2269,17731
40000,29,35515.0,18546,204.57,4485,35515
60000,29,53351.0,28329,260.72,6649,53351
80000,29,71195.0,33777,302.52,8805,71195
100000,29,89068.0,43052,372.86,10932,89068
200000,29,178253.0,86082,618.09,21747,178253
400000,29,356979.0,141603,944.89,43021,356979
600000,29,536003.0,172411,1129.22,63997,536003
800000,29,714954.0,198555,1286.06,85046,714954
1000000,29,893660.0,246023,1538.44,106340,893660
2,30,2.0,1,0.05,0,2
3,30,3.0,2,0.05,0,3
100,30,88.0,59,1.02,12,88
200,30,175.0,101,1.82,25,175
2000,30,1759.0,1304,22.32,241,1759
10000,30,8819.0,5597,82.87,1181,8819
20000,30,17720.0,10577,127.2,2280,17720
40000,30,35521.0,19614,209.75,4479,35521
60000,30,53289.0,28733,308.1,6711,53289
80000,30,71137.0,36232,359.44,8863,71137
100000,30,88951.0,44752,425.2,11049,88951
200000,30,178444.0,81759,635.63,21556,178444
400000,30,357090.0,144894,1006.31,42910,357090
600000,30,535504.0,222679,1418.76,64496,535504
800000,30,714364.0,275841,1702.53,85636,714364
1000000,30,893189.0,327008,1963.56,106811,893189
2,31,2.0,1,0.05,0,2
3,31,3.0,2,0.05,0,3
100,31,82.0,67,1.25,18,82
200,31,171.0,123,2.25,29,171
2000,31,1749.0,1186,29.77,251,1749
10000,31,8904.0,4611,91.21,1096,8904
20000,31,17779.0,9282,139.69,2221,17779
40000,31,35621.0,18074,226.77,4379,35621
60000,31,53380.0,25579,293.61,6620,53380
80000,31,71185.0,34748,408.02,8815,71185
100000,31,89075.0,43432,457.56,10925,89075
200000,31,178318.0,64847,601.15,21682,178318
400000,31,357077.0,115790,900.19,42923,357077
600000,31,535952.0,142093,1092.55,64048,535952
800000,31,714786.0,179441,1303.73,85214,714786
1000000,31,893588.0,207174,1479.99,106412,893588
2,32,2.0,1,0.05,0,2
3,32,3.0,2,0.05,0,3
100,32,93.0,65,1.52,7,93
200,32,179.0,124,2.9,21,179
2000,32,1773.0,1268,25.06,227,1773
10000,32,8885.0,5715,79.62,1115,8885
20000,32,17855.0,9825,127.08,2145,17855
40000,32,35682.0,17677,201.94,4318,35682
60000,32,53475.0,24553,265.48,6525,53475
80000,32,71340.0,33910,327.15,8660,71340
100000,32,89117.0,43940,403.34,10883,89117
200000,32,178436.0,81653,655.98,21564,178436
400000,32,357074.0,134567,993.31,42926,357074
600000,32,535777.0,169768,1191.88,64223,535777
800000,32,714477.0,210102,1408.87,85523,714477
1000000,32,893474.0,249197,1624.91,106526,893474
2,33,2.0,1,0.05,0,2
3,33,3.0,2,0.05,0,3
100,33,89.0,62,1.55,11,89
200,33,178.0,128,3.2,22,178
2000,33,1778.0,1209,25.25,222,1778
10000,33,8857.0,5398,95.63,1143,8857
20000,33,17751.0,10396,149.86,2249,17751
40000,33,35558.0,20589,250.06,4442,35558
60000,33,53326.0,29921,320.72,6674,53326
80000,33,71137.0,39406,396.11,8863,71137
100000,33,88995.0,48123,445.89,11005,88995
200000,33,178199.0,84925,712.54,21801,178199
400000,33,356765.0,149379,1111.34,43235,356765
600000,33,535539.0,192611,1363.74,64461,535539
800000,33,714314.0,246873,1665.45,85686,714314
1000000,33,893175.0,268573,1798.31,106825,893175
2,34,2.0,1,0.05,0,2
3,34,3.0,2,0.05,0,3
100,34,89.0,57,1.52,11,89
200,34,175.0,119,2.87,25,175
2000,34,1755.0,1190,25.63,245,1755
10000,34,8870.0,4924,81.86,1130,8870
20000,34,17751.0,9953,146.04,2249,17751
40000,34,35447.0,18932,275.98,4553,35447
60000,34,53286.0,26493,338.86,6714,53286
80000,34,71033.0,35568,407.68,8967,71033
100000,34,88921.0,47000,477.12,11079,88921
200000,34,178317.0,81549,717.5,21683,178317
400000,34,357284.0,115042,932.85,42716,357284
600000,34,536270.0,156340,1168.82,63730,536270
800000,34,714944.0,204548,1434.34,85056,714944
1000000,34,893643.0,234670,1595.39,106357,893643
2,35,1.0,1,0.05,1,1
3,35,2.0,2,0.05,1,2
100,35,86.0,63,1.43,14,86
200,35,174.0,118,3.03,26,174
2000,35,1755.0,1233,26.73,245,1755
10000,35,8894.0,5152,83.72,1106,8894
20000,35,17827.0,9140,124.54,2173,17827
40000,35,35617.0,16948,231.62,4383,35617
60000,35,53424.0,24012,304.7,6576,53424
80000,35,71204.0,30420,361.02,8796,71204
100000,35,89023.0,34804,400.5,10977,89023
200000,35,178111.0,65144,625.2,21889,178111
400000,35,357125.0,110222,906.07,42875,357125
600000,35,535857.0,159107,1187.9,64143,535857
800000,35,714531.0,219871,1518.32,85469,714531
1000000,35,893291.0,273244,1799.02,106709,893291
2,36,2.0,1,0.05,0,2
3,36,3.0,2,0.05,0,3
100,36,87.0,67,1.73,13,87
200,36,176.0,126,3.15,24,176
2000,36,1756.0,1098,21.41,244,1756
10000,36,8852.0,5686,76.27,1148,8852
20000,36,17777.0,11578,147.33,2223,17777
40000,36,35623.0,21180,223.02,4377,35623
60000,36,53409.0,30984,307.84,6591,53409
80000,36,71208.0,37844,369.22,8792,71208
100000,36,89099.0,43369,405.04,10901,89099
200000,36,178527.0,71864,591.32,21473,178527
400000,36,357134.0,125687,902.51,42866,357134
600000,36,536101.0,166832,1144.32,63899,536101
800000,36,714976.0,195019,1339.9,85024,714976
1000000,36,893719.0,263099,1693.42,106281,893719
2,37,2.0,1,0.05,0,2
3,37,3.0,2,0.05,0,3
100,37,91.0,63,1.55,9,91
200,37,181.0,123,2.93,19,181
2000,37,1787.0,1160,19.48,213,1787
10000,37,8878.0,5209,66.17,1122,8878
20000,37,17774.0,9515,104.17,2226,17774
40000,37,35667.0,15619,170.21,4333,35667
60000,37,53550.0,21551,229.07,6450,53550
80000,37,71390.0,27060,277.62,8610,71390
100000,37,89202.0,31733,314.3,10798,89202
200000,37,178526.0,58849,509.36,21474,178526
400000,37,357220.0,106763,801.29,42780,357220
600000,37,536067.0,131518,939.87,63933,536067
800000,37,715057.0,152571,1082.06,84943,715057
1000000,37,893848.0,169333,1183.11,106152,893848
2,38,2.0,1,0.05,0,2
3,38,3.0,2,0.05,0,3
100,38,86.0,59,1.38,14,86
200,38,180.0,120,2.92,20,180
2000,38,1787.0,1003,22.9,213,1787
10000,38,8902.0,5267,88.14,1098,8902
20000,38,17845.0,9883,135.89,2155,17845
40000,38,35628.0,19613,237.3,4372,35628
60000,38,53490.0,26647,300.03,6510,53490
80000,38,71364.0,33472,378.4,8636,71364
100000,38,89255.0,39477,426.5,10745,89255
200000,38,178482.0,72005,625.18,21518,178482
400000,38,357222.0,108102,902.87,42778,357222
600000,38,536220.0,130670,1055.99,63780,536220
800000,38,714813.0,162295,1245.68,85187,714813
1000000,38,893872.0,186603,1380.38,106128,893872
2,39,2.0,1,0.05,0,2
3,39,2.0,2,0.05,1,2
100,39,83.0,72,2.12,17,83
200,39,175.0,144,3.92,25,175
2000,39,1742.0,1344,23.76,258,1742
10000,39,8808.0,5632,88.36,1192,8808
20000,39,17659.0,10023,154.19,2341,17659
40000,39,35516.0,17249,228.2,4484,35516
60000,39,53291.0,25899,334.25,6709,53291
80000,39,71156.0,31451,373.73,8844,71156
100000,39,88953.0,37369,422.48,11047,88953
200000,39,178093.0,69359,621.07,21907,178093
400000,39,356658.0,134741,1028.94,43342,356658
600000,39,535333.0,168475,1249.7,64667,535333
800000,39,714085.0,200109,1444.87,85915,714085
1000000,39,892837.0,247483,1707.38,107163,892837
2,40,2.0,1,0.05,0,2
3,40,3.0,2,0.05,0,3
100,40,90.0,64,1.2,10,90
200,40,183.0,131,2.17,17,183
2000,40,1759.0,1359,22.68,241,1759
10000,40,8805.0,5669,83.55,1195,8805
20000,40,17705.0,10629,133.74,2295,17705
40000,40,35417.0,18020,221.82,4583,35417
60000,40,53233.0,25369,286.12,6767,53233
80000,40,71051.0,33111,340.43,8949,71051
100000,40,88881.0,38306,385.05,11119,88881
200000,40,178165.0,68572,583.46,21835,178165
400000,40,356947.0,135657,991.2,43053,356947
600000,40,535855.0,161023,1136.16,64145,535855
800000,40,714613.0,216823,1454.36,85387,714613
1000000,40,893404.0,250504,1630.64,106596,893404
2,41,2.0,1,0.05,0,2
3,41,3.0,2,0.05,0,3
100,41,91.0,61,1.62,9,91
200,41,178.0,119,3.03,22,178
2000,41,1776.0,1122,21.17,224,1776
10000,41,8877.0,5836,90.3,1123,8877
20000,41,17725.0,12242,156.49,2275,17725
40000,41,35533.0,22494,283.39,4467,35533
60000,41,53329.0,30379,360.81,6671,53329
80000,41,71110.0,37140,416.58,8890,71110
100000,41,88997.0,42237,458.06,11003,88997
200000,41,178207.0,71762,661.73,21793,178207
400000,41,357012.0,111128,906.76,42988,357012
600000,41,535740.0,144037,1099.79,64260,535740
800000,41,714655.0,190812,1366.62,85345,714655
1000000,41,893624.0,214741,1494.63,106376,893624
2,42,2.0,1,0.05,0,2
3,42,3.0,2,0.05,0,3
100,42,90.0,62,1.79,10,90
200,42,180.0,132,3.9,20,180
2000,42,1744.0,1338,28.41,256,1744
10000,42,8880.0,6189,101.06,1120,8880
20000,42,17782.0,11895,158.31,2218,17782
40000,42,35570.0,20520,236.16,4430,35570
60000,42,53333.0,28432,333.64,6667,53333
80000,42,71103.0,34682,404.37,8897,71103
100000,42,88985.0,41125,458.18,11015,88985
200000,42,178246.0,73850,665.41,21754,178246
400000,42,356969.0,113840,913.0,43031,356969
600000,42,535866.0,142743,1100.48,64134,535866
800000,42,714783.0,185528,1337.56,85217,714783
1000000,42,893498.0,218885,1541.99,106502,893498
2,43,2.0,1,0.05,0,2
3,43,3.0,2,0.05,0,3
100,43,86.0,67,1.65,14,86
200,43,177.0,126,3.15,23,177
2000,43,1751.0,1155,20.38,249,1751
10000,43,8847.0,5851,92.89,1153,8847
20000,43,17701.0,9945,152.0,2299,17701
40000,43,35500.0,20631,257.71,4500,35500
60000,43,53403.0,28509,312.1,6597,53403
80000,43,71240.0,35581,377.78,8760,71240
100000,43,89052.0,43064,443.12,10948,89052
200000,43,178386.0,77901,646.78,21614,178386
400000,43,356881.0,145595,1044.17,43119,356881
600000,43,535436.0,205608,1385.12,64564,535436
800000,43,714147.0,235465,1549.89,85853,714147
1000000,43,892961.0,279010,1776.17,107039,892961
2,44,2.0,1,0.05,0,2
3,44,3.0,2,0.05,0,3
100,44,92.0,58,1.29,8,92
200,44,180.0,118,2.75,20,180
2000,44,1749.0,1197,23.15,251,1749
10000,44,8856.0,5370,97.09,1144,8856
20000,44,17656.0,11085,164.1,2344,17656
40000,44,35482.0,19342,241.79,4518,35482
60000,44,53362.0,29840,307.6,6638,53362
80000,44,71248.0,37097,365.2,8752,71248
100000,44,89095.0,43944,423.24,10905,89095
200000,44,178420.0,76035,617.41,21580,178420
400000,44,357185.0,124012,915.14,42815,357185
600000,44,535745.0,167877,1171.07,64255,535745
800000,44,714694.0,198410,1332.01,85306,714694
1000000,44,893642.0,226086,1479.71,106358,893642
2,45,2.0,1,0.05,0,2
3,45,3.0,2,0.05,0,3
100,45,87.0,73,1.88,13,87
200,45,174.0,129,3.36,26,174
2000,45,1775.0,1178,23.53,225,1775
10000,45,8898.0,5836,104.62,1102,8898
20000,45,17818.0,10589,189.78,2182,17818
40000,45,35667.0,20911,311.35,4333,35667
60000,45,53538.0,29239,409.83,6462,53538
80000,45,71457.0,36396,465.26,8543,71457
100000,45,89333.0,43340,528.94,10667,89333
200000,45,178368.0,89316,854.26,21632,178368
400000,45,356725.0,168748,1321.7,43275,356725
600000,45,535601.0,225092,1624.74,64399,535601
800000,45,714564.0,262023,1838.48,85436,714564
1000000,45,893445.0,295484,2046.1,106555,893445
2,46,2.0,1,0.05,0,2
3,46,3.0,2,0.05,0,3
100,46,89.0,62,1.31,11,89
200,46,173.0,134,3.35,27,173
2000,46,1784.0,1240,24.12,216,1784
10000,46,8889.0,4836,77.78,1111,8889
20000,46,17819.0,10254,134.19,2181,17819
40000,46,35682.0,18313,240.48,4318,35682
60000,46,53529.0,25100,306.7,6471,53529
80000,46,71322.0,34407,386.75,8678,71322
100000,46,89132.0,41101,429.78,10868,89132
200000,46,178282.0,75187,690.01,21718,178282
400000,46,356794.0,116452,979.94,43206,356794
600000,46,535553.0,159310,1243.03,64447,535553
800000,46,714399.0,192899,1428.1,85601,714399
1000000,46,893290.0,215051,1552.86,106710,893290
2,47,1.0,1,0.05,1,1
3,47,2.0,2,0.05,1,2
100,47,88.0,62,1.27,12,88
200,47,175.0,129,2.72,25,175
2000,47,1794.0,1106,18.33,206,1794
10000,47,8866.0,5174,91.55,1134,8866
20000,47,17693.0,9134,138.19,2307,17693
40000,47,35508.0,16962,224.73,4492,35508
60000,47,53437.0,21563,275.89,6563,53437
80000,47,71220.0,28504,335.2,8780,71220
100000,47,89015.0,35584,390.8,10985,89015
200000,47,178354.0,72789,619.1,21646,178354
400000,47,356978.0,135119,1045.23,43022,356978
600000,47,535617.0,185640,1350.84,64383,535617
800000,47,714374.0,230155,1590.9,85626,714374
1000000,47,893296.0,247327,1695.76,106704,893296
2,48,2.0,1,0.05,0,2
3,48,3.0,2,0.05,0,3
100,48,93.0,65,1.72,7,93
200,48,183.0,122,3.05,17,183
2000,48,1777.0,1172,28.9,223,1777
10000,48,8832.0,5663,116.95,1168,8832
20000,48,17671.0,10790,177.75,2329,17671
40000,48,35365.0,20714,275.17,4635,35365
60000,48,53228.0,24622,320.51,6772,53228
80000,48,70970.0,31251,403.45,9030,70970
100000,48,88793.0,38141,466.18,11207,88793
200000,48,178039.0,74249,690.2,21961,178039
400000,48,356874.0,132576,1039.44,43126,356874
600000,48,535865.0,147899,1154.98,64135,535865
800000,48,714685.0,204981,1453.43,85315,714685
1000000,48,893472.0,236821,1619.95,106528,893472
2,49,1.0,1,0.05,1,1
3,49,1.0,2,0.05,2,1
100,49,88.0,70,1.71,12,88
200,49,171.0,139,3.85,29,171
2000,49,1746.0,1313,22.69,254,1746
10000,49,8816.0,5804,80.54,1184,8816
20000,49,17722.0,9387,120.73,2278,17722
40000,49,35527.0,20410,219.49,4473,35527
60000,49,53438.0,27800,276.44,6562,53438
80000,49,71186.0,35731,337.65,8814,71186
100000,49,89073.0,44093,383.42,10927,89073
200000,49,178271.0,78527,623.91,21729,178271
400000,49,357066.0,137499,1010.81,42934,357066
600000,49,535836.0,184977,1315.17,64164,535836
800000,49,714544.0,219643,1502.82,85456,714544
1000000,49,893440.0,239547,1624.9,106560,893440
2,50,2.0,1,0.05,0,2
3,50,3.0,2,0.05,0,3
100,50,89.0,68,1.7,11,89
200,50,181.0,140,3.5,19,181
2000,50,1775.0,1248,29.64,225,1775
10000,50,8842.0,5568,104.24,1158,8842
20000,50,17745.0,11419,158.77,2255,17745
40000,50,35594.0,18872,232.6,4406,35594
60000,50,53498.0,25540,287.98,6502,53498
80000,50,71346.0,31312,334.64,8654,71346
100000,50,89185.0,39575,386.71,10815,89185
200000,50,178429.0,80755,661.49,21571,178429
400000,50,357095.0,137159,987.51,42905,357095
600000,50,536054.0,167730,1165.25,63946,536054
800000,50,714671.0,216681,1442.93,85329,714671
1000000,50,893194.0,249839,1615.88,106806,893194
2,51,2.0,1,0.05,0,2
3,51,3.0,2,0.05,0,3
100,51,91.0,51,1.22,9,91
200,51,181.0,110,1.99,19,181
2000,51,1758.0,1112,20.92,242,1758
10000,51,8794.0,4535,72.12,1206,8794
20000,51,17735.0,8152,111.88,2265,17735
40000,51,35469.0,15590,176.23,4531,35469
60000,51,53251.0,24711,274.79,6749,53251
80000,51,71182.0,29656,314.96,8818,71182
100000,51,88961.0,39352,379.68,11039,88961
200000,51,178367.0,63653,560.18,21633,178367
400000,51,357111.0,97171,825.89,42889,357111
600000,51,535862.0,130307,1014.77,64138,535862
800000,51,714552.0,156112,1168.04,85448,714552
1000000,51,893369.0,179912,1303.4,106631,893369
2,52,2.0,1,0.05,0,2
3,52,3.0,2,0.05,0,3
100,52,84.0,72,1.44,16,84
200,52,176.0,155,2.97,24,176
2000,52,1761.0,1311,25.08,239,1761
10000,52,8802.0,6030,118.39,1198,8802
20000,52,17691.0,9755,172.49,2309,17691
40000,52,35545.0,19796,264.58,4455,35545
60000,52,53376.0,28881,336.12,6624,53376
80000,52,71221.0,36380,410.3,8779,71221
100000,52,89074.0,42810,459.21,10926,89074
200000,52,178171.0,78890,720.13,21829,178171
400000,52,357041.0,116023,975.51,42959,357041
600000,52,535415.0,156826,1197.77,64585,535415
800000,52,714288.0,186742,1400.47,85712,714288
1000000,52,892791.0,209854,1528.03,107209,892791
2,53,2.0,1,0.05,0,2
3,53,3.0,2,0.05,0,3
100,53,93.0,60,1.1,7,93
200,53,180.0,127,2.55,20,180
2000,53,1793.0,1207,20.52,207,1793
10000,53,8873.0,5396,87.7,1127,8873
20000,53,17725.0,9662,141.95,2275,17725
40000,53,35464.0,16051,216.25,4536,35464
60000,53,53283.0,23907,305.73,6717,53283
80000,53,71035.0,31290,366.65,8965,71035
100000,53,88867.0,39222,416.83,11133,88867
200000,53,178292.0,75714,640.13,21708,178292
400000,53,357020.0,126117,939.46,42980,357020
600000,53,535793.0,151988,1116.9,64207,535793
800000,53,714535.0,176214,1265.03,85465,714535
1000000,53,893304.0,208979,1461.1,106696,893304
2,54,2.0,1,0.05,0,2
3,54,3.0,2,0.05,0,3
100,54,86.0,66,1.37,14,86
200,54,174.0,127,2.79,26,174
2000,54,1783.0,1200,22.92,217,1783
10000,54,8873.0,5992,91.72,1127,8873
20000,54,17730.0,11334,155.99,2270,17730
40000,54,35565.0,22101,259.5,4435,35565
60000,54,53390.0,31451,342.77,6610,53390
80000,54,71115.0,40519,407.19,8885,71115
100000,54,89005.0,47148,450.62,10995,89005
200000,54,178215.0,80331,670.25,21785,178215
400000,54,356983.0,125331,986.57,43017,356983
600000,54,535877.0,155588,1171.74,64123,535877
800000,54,714621.0,184513,1347.33,85379,714621
1000000,54,893692.0,203463,1452.16,106308,893692
2,55,1.0,1,0.05,1,1
3,55,2.0,2,0.05,1,2
100,55,86.0,66,1.73,14,86
200,55,180.0,128,3.28,20,180
2000,55,1780.0,1049,21.25,220,1780
10000,55,8903.0,5282,85.45,1097,8903
20000,55,17875.0,9705,146.44,2125,17875
40000,55,35657.0,17633,234.24,4343,35657
60000,55,53522.0,24343,282.67,6478,53522
80000,55,71301.0,30508,335.98,8699,71301
100000,55,89174.0,35410,368.49,10826,89174
200000,55,178485.0,58161,557.36,21515,178485
400000,55,357299.0,91589,765.86,42701,357299
600000,55,535961.0,142319,1050.59,64039,535961
800000,55,714643.0,186056,1278.44,85357,714643
1000000,55,893758.0,199576,1367.56,106242,893758
2,56,2.0,1,0.05,0,2
3,56,3.0,2,0.05,0,3
100,56,86.0,60,1.5,14,86
200,56,175.0,132,2.82,25,175
2000,56,1761.0,1231,24.68,239,1761
10000,56,8825.0,5422,104.95,1175,8825
20000,56,17663.0,9569,169.72,2337,17663
40000,56,35439.0,16922,254.97,4561,35439
60000,56,53221.0,25449,330.08,6779,53221
80000,56,71194.0,29289,357.76,8806,71194
100000,56,89063.0,36560,406.04,10937,89063
200000,56,178414.0,56607,603.63,21586,178414
400000,56,357363.0,93479,848.51,42637,357363
600000,56,536314.0,137046,1102.95,63686,536314
800000,56,715340.0,154737,1214.45,84660,715340
1000000,56,894346.0,194302,1432.83,105654,894346
2,57,2.0,1,0.05,0,2
3,57,3.0,2,0.05,0,3
100,57,89.0,64,1.52,11,89
200,57,174.0,128,2.92,26,174
2000,57,1786.0,1163,19.14,214,1786
10000,57,8889.0,6040,94.88,1111,8889
20000,57,17687.0,11246,160.63,2313,17687
40000,57,35469.0,19575,241.07,4531,35469
60000,57,53369.0,25424,283.56,6631,53369
80000,57,71291.0,35421,338.54,8709,71291
100000,57,89133.0,41798,382.31,10867,89133
200000,57,178483.0,69203,632.17,21517,178483
400000,57,357310.0,115374,909.23,42690,357310
600000,57,536190.0,156116,1147.22,63810,536190
800000,57,714893.0,191390,1374.15,85107,714893
1000000,57,894149.0,212371,1492.3,105851,894149
2,58,2.0,1,0.05,0,2
3,58,3.0,2,0.05,0,3
100,58,90.0,71,1.79,10,90
200,58,177.0,139,2.93,23,177
2000,58,1770.0,1100,22.14,230,1770
10000,58,8841.0,5567,100.63,1159,8841
20000,58,17735.0,10338,165.17,2265,17735
40000,58,35526.0,19151,243.51,4474,35526
60000,58,53395.0,29189,318.26,6605,53395
80000,58,71232.0,35847,389.55,8768,71232
100000,58,89037.0,42549,435.5,10963,89037
200000,58,178159.0,73018,628.49,21841,178159
400000,58,357035.0,109159,928.91,42965,357035
600000,58,535895.0,163309,1222.27,64105,535895
800000,58,714506.0,191159,1393.2,85494,714506
1000000,58,893338.0,214690,1541.17,106662,893338
2,59,1.0,1,0.05,1,1
3,59,2.0,2,0.05,1,2
100,59,88.0,57,1.05,12,88
200,59,173.0,108,2.14,27,173
2000,59,1751.0,1195,23.14,249,1751
10000,59,8812.0,5228,99.42,1188,8812
20000,59,17726.0,10504,162.92,2274,17726
40000,59,35568.0,18762,254.41,4432,35568
60000,59,53291.0,28171,340.69,6709,53291
80000,59,71076.0,35081,398.4,8924,71076
100000,59,88967.0,40728,439.24,11033,88967
200000,59,178114.0,76335,687.63,21886,178114
400000,59,356898.0,118224,952.8,43102,356898
600000,59,535631.0,161707,1194.82,64369,535631
800000,59,714518.0,191240,1352.96,85482,714518
1000000,59,893264.0,218855,1531.64,106736,893264
2,60,2.0,1,0.05,0,2
3,60,3.0,2,0.05,0,3
100,60,87.0,66,1.37,13,87
200,60,176.0,130,3.09,24,176
2000,60,1758.0,1106,23.89,242,1758
10000,60,8845.0,5639,85.27,1155,8845
20000,60,17696.0,11334,147.19,2304,17696
40000,60,35533.0,20377,218.04,4467,35533
60000,60,53432.0,28548,277.9,6568,53432
80000,60,71205.0,35851,336.05,8795,71205
100000,60,89022.0,46940,407.1,10978,89022
200000,60,178315.0,90288,678.8,21685,178315
400000,60,356944.0,146501,1007.54,43056,356944
600000,60,535474.0,193904,1288.44,64526,535474
800000,60,714529.0,216859,1418.1,85471,714529
1000000,60,892982.0,251209,1606.05,107018,892982
2,61,2.0,1,0.05,0,2
3,61,3.0,2,0.05,0,3
100,61,90.0,68,1.46,10,90
200,61,181.0,131,2.45,19,181
2000,61,1786.0,1286,21.59,214,1786
10000,61,8843.0,5758,88.51,1157,8843
20000,61,17770.0,10231,137.43,2230,17770
40000,61,35619.0,19124,213.94,4381,35619
60000,61,53428.0,28733,304.7,6572,53428
80000,61,71377.0,34207,344.99,8623,71377
100000,61,89263.0,45271,411.99,10737,89263
200000,61,178574.0,84756,688.3,21426,178574
400000,61,356930.0,147080,1096.08,43070,356930
600000,61,535741.0,199960,1374.56,64259,535741
800000,61,714504.0,233543,1552.72,85496,714504
1000000,61,893080.0,286892,1829.94,106920,893080
2,62,1.0,1,0.05,1,1
3,62,2.0,2,0.05,1,2
100,62,83.0,62,1.35,17,83
200,62,179.0,128,2.76,21,179
2000,62,1761.0,1141,23.51,239,1761
10000,62,8871.0,5375,96.87,1129,8871
20000,62,17789.0,10396,153.74,2211,17789
40000,62,35637.0,18819,227.53,4363,35637
60000,62,53453.0,24890,292.25,6547,53453
80000,62,71234.0,33074,361.89,8766,71234
100000,62,89009.0,39980,453.3,10991,89009
200000,62,178224.0,68020,638.18,21776,178224
400000,62,356925.0,112550,921.27,43075,356925
600000,62,535823.0,157178,1180.09,64177,535823
800000,62,714730.0,187155,1349.82,85270,714730
1000000,62,893635.0,214021,1515.07,106365,893635
2,63,2.0,1,0.05,0,2
3,63,3.0,2,0.05,0,3
100,63,92.0,62,1.07,8,92
200,63,179.0,122,2.13,21,179
2000,63,1751.0,1255,19.83,249,1751
10000,63,8837.0,5476,84.42,1163,8837
20000,63,17718.0,10120,149.48,2282,17718
40000,63,35490.0,18415,237.23,4510,35490
60000,63,53299.0,25581,300.82,6701,53299
80000,63,71142.0,33615,372.51,8858,71142
100000,63,88955.0,39189,410.9,11045,88955
200000,63,177977.0,70221,658.62,22023,177977
400000,63,356724.0,130046,1016.07,43276,356724
600000,63,535466.0,161658,1193.49,64534,535466
800000,63,714325.0,201009,1433.61,85675,714325
1000000,63,893418.0,224742,1578.67,106582,893418
2,64,2.0,1,0.05,0,2
3,64,3.0,2,0.05,0,3
100,64,87.0,54,0.83,13,87
200,64,176.0,119,2.15,24,176
2000,64,1767.0,1190,19.35,233,1767
10000,64,8880.0,5055,73.96,1120,8880
20000,64,17830.0,9173,124.82,2170,17830
40000,64,35624.0,17440,233.44,4376,35624
60000,64,53442.0,25455,306.63,6558,53442
80000,64,71315.0,31960,352.76,8685,71315
100000,64,89206.0,36259,403.85,10794,89206
200000,64,178441.0,69862,643.11,21559,178441
400000,64,357142.0,116685,928.26,42858,357142
600000,64,535933.0,155291,1151.66,64067,535933
800000,64,714861.0,186316,1331.42,85139,714861
1000000,64,893646.0,209068,1454.26,106354,893646
2,65,1.0,1,0.05,1,1
3,65,2.0,2,0.05,1,2
100,65,90.0,73,2.16,10,90
200,65,180.0,133,3.26,20,180
2000,65,1771.0,1205,21.91,229,1771
10000,65,8850.0,5219,79.9,1150,8850
20000,65,17762.0,9864,137.6,2238,17762
40000,65,35510.0,20490,245.65,4490,35510
60000,65,53320.0,30325,330.78,6680,53320
80000,65,71211.0,37893,385.18,8789,71211
100000,65,89085.0,41463,412.87,10915,89085
200000,65,178362.0,63234,583.37,21638,178362
400000,65,356956.0,107278,860.63,43044,356956
600000,65,535740.0,148380,1082.22,64260,535740
800000,65,714616.0,172894,1231.83,85384,714616
1000000,65,893427.0,195559,1355.92,106573,893427
2,66,2.0,1,0.05,0,2
3,66,3.0,2,0.05,0,3
100,66,93.0,65,1.72,7,93
200,66,186.0,136,3.24,14,186
2000,66,1765.0,1216,26.28,235,1765
10000,66,8831.0,5764,89.1,1169,8831
20000,66,17693.0,10034,147.05,2307,17693
40000,66,35499.0,18756,232.74,4501,35499
60000,66,53255.0,26860,333.7,6745,53255
80000,66,71067.0,38102,401.51,8933,71067
100000,66,88952.0,45582,447.43,11048,88952
200000,66,178035.0,78510,691.55,21965,178035
400000,66,356453.0,152353,1139.33,43547,356453
600000,66,535419.0,179967,1290.44,64581,535419
800000,66,714213.0,209994,1453.49,85787,714213
1000000,66,892927.0,236857,1602.53,107073,892927
2,67,2.0,1,0.05,0,2
3,67,3.0,2,0.05,0,3
100,67,89.0,70,1.67,11,89
200,67,176.0,129,3.24,24,176
2000,67,1765.0,1255,26.8,235,1765
10000,67,8816.0,5008,94.72,1184,8816
20000,67,17743.0,8599,140.31,2257,17743
40000,67,35589.0,16025,208.88,4411,35589
60000,67,53440.0,21437,252.06,6560,53440
80000,67,71368.0,26270,322.95,8632,71368
100000,67,89217.0,29599,351.31,10783,89217
200000,67,178498.0,60106,602.57,21502,178498
400000,67,357185.0,113360,935.48,42815,357185
600000,67,535908.0,148714,1165.37,64092,535908
800000,67,714697.0,179440,1334.36,85303,714697
1000000,67,893477.0,206964,1491.3,106523,893477
2,68,2.0,1,0.05,0,2
3,68,3.0,2,0.05,0,3
100,68,90.0,65,1.76,10,90
200,68,178.0,122,2.61,22,178
2000,68,1759.0,1060,21.22,241,1759
10000,68,8799.0,5168,74.68,1201,8799
20000,68,17683.0,9831,142.03,2317,17683
40000,68,35475.0,20105,262.44,4525,35475
60000,68,53384.0,28388,320.26,6616,53384
80000,68,71175.0,40092,397.42,8825,71175
100000,68,89031.0,49599,458.59,10969,89031
200000,68,178286.0,91948,735.02,21714,178286
400000,68,357014.0,141948,1037.06,42986,357014
600000,68,535783.0,182744,1265.88,64217,535783
800000,68,714775.0,213429,1443.71,85225,714775
1000000,68,893641.0,247903,1657.68,106359,893641
2,69,2.0,1,0.05,0,2
3,69,3.0,2,0.05,0,3
100,69,86.0,67,1.17,14,86
200,69,172.0,117,2.54,28,172
2000,69,1758.0,1129,26.17,242,1758
10000,69,8831.0,5582,82.59,1169,8831
20000,69,17768.0,10018,134.05,2232,17768
40000,69,35582.0,18033,201.48,4418,35582
60000,69,53421.0,27591,278.79,6579,53421
80000,69,71267.0,34884,331.02,8733,71267
100000,69,89146.0,44280,398.28,10854,89146
200000,69,178504.0,76512,640.6,21496,178504
400000,69,357012.0,128614,978.71,42988,357012
600000,69,535882.0,164192,1198.6,64118,535882
800000,69,714715.0,193801,1364.21,85285,714715
1000000,69,893622.0,208475,1459.06,106378,893622
2,70,1.0,1,0.05,1,1
3,70,2.0,2,0.05,1,2
100,70,89.0,68,1.3,11,89
200,70,179.0,125,2.66,21,179
2000,70,1771.0,1259,25.14,229,1771
10000,70,8865.0,5062,90.43,1135,8865
20000,70,17741.0,8743,139.23,2259,17741
40000,70,35585.0,17104,210.64,4415,35585
60000,70,53439.0,24732,274.86,6561,53439
80000,70,71295.0,34485,357.58,8705,71295
100000,70,89180.0,44801,436.44,10820,89180
200000,70,178390.0,84513,704.04,21610,178390
400000,70,357219.0,130308,982.06,42781,357219
600000,70,536163.0,174587,1228.78,63837,536163
800000,70,714648.0,213114,1496.73,85352,714648
1000000,70,893498.0,247653,1681.87,106502,893498
2,71,2.0,1,0.05,0,2
3,71,3.0,2,0.05,0,3
100,71,88.0,64,1.32,12,88
200,71,171.0,127,2.79,29,171
2000,71,1793.0,1231,27.44,207,1793
10000,71,8846.0,5339,95.61,1154,8846
20000,71,17774.0,9509,144.86,2226,17774
40000,71,35578.0,19447,244.11,4422,35578
60000,71,53303.0,28701,335.58,6697,53303
80000,71,71104.0,35714,384.21,8896,71104
100000,71,88900.0,45492,453.7,11100,88900
200000,71,178120.0,80826,673.33,21880,178120
400000,71,356851.0,128619,1046.53,43149,356851
600000,71,535541.0,164031,1258.92,64459,535541
800000,71,714472.0,193909,1419.55,85528,714472
1000000,71,893393.0,223677,1582.55,106607,893393
2,72,2.0,1,0.05,0,2
3,72,3.0,2,0.05,0,3
100,72,90.0,61,1.66,10,90
200,72,178.0,132,3.46,22,178
2000,72,1773.0,1172,24.22,227,1773
10000,72,8880.0,5018,87.37,1120,8880
20000,72,17801.0,9545,157.56,2199,17801
40000,72,35668.0,18641,241.68,4332,35668
60000,72,53546.0,24396,305.46,6454,53546
80000,72,71424.0,32611,392.05,8576,71424
100000,72,89243.0,38262,463.83,10757,89243
200000,72,178741.0,71092,667.42,21259,178741
400000,72,357571.0,122805,979.34,42429,357571
600000,72,536408.0,163063,1205.52,63592,536408
800000,72,715282.0,197360,1391.2,84718,715282
1000000,72,894061.0,223451,1580.22,105939,894061
2,73,2.0,1,0.05,0,2
3,73,2.0,2,0.05,1,2
100,73,87.0,72,1.44,13,87
200,73,180.0,140,3.14,20,180
2000,73,1774.0,1141,20.46,226,1774
10000,73,8926.0,5177,79.49,1074,8926
20000,73,17827.0,9494,134.47,2173,17827
40000,73,35659.0,18298,217.81,4341,35659
60000,73,53494.0,27719,293.75,6506,53494
80000,73,71319.0,37196,372.62,8681,71319
100000,73,89100.0,47522,440.57,10900,89100
200000,73,178324.0,86906,745.57,21676,178324
400000,73,357305.0,131815,1039.83,42695,357305
600000,73,536318.0,176010,1307.73,63682,536318
800000,73,715206.0,222146,1552.17,84794,715206
1000000,73,893919.0,271839,1842.08,106081,893919
2,74,2.0,1,0.05,0,2
3,74,3.0,2,0.05,0,3
100,74,89.0,70,1.79,11,89
200,74,173.0,143,3.19,27,173
2000,74,1764.0,1201,29.45,236,1764
10000,74,8832.0,6072,107.96,1168,8832
20000,74,17724.0,11313,170.4,2276,17724
40000,74,35535.0,20618,277.37,4465,35535
60000,74,53363.0,28899,341.85,6637,53363
80000,74,71203.0,36125,396.82,8797,71203
100000,74,89031.0,43601,454.04,10969,89031
200000,74,178154.0,75042,679.93,21846,178154
400000,74,356901.0,106291,876.25,43099,356901
600000,74,535656.0,133566,1055.03,64344,535656
800000,74,714392.0,171248,1296.0,85608,714392
1000000,74,893490.0,184091,1376.54,106510,893490
2,75,2.0,1,0.05,0,2
3,75,3.0,2,0.05,0,3
100,75,88.0,67,1.25,12,88
200,75,180.0,138,2.97,20,180
2000,75,1762.0,1189,26.83,238,1762
10000,75,8812.0,5427,83.09,1188,8812
20000,75,17723.0,9575,150.59,2277,17723
40000,75,35532.0,17146,230.09,4468,35532
60000,75,53388.0,26797,300.78,6612,53388
80000,75,71238.0,33621,381.38,8762,71238
100000,75,89074.0,41085,431.74,10926,89074
200000,75,178172.0,75107,653.49,21828,178172
400000,75,356726.0,127891,948.25,43274,356726
600000,75,535501.0,160214,1173.87,64499,535501
800000,75,714481.0,180147,1304.9,85519,714481
1000000,75,893260.0,213697,1511.93,106740,893260
2,76,2.0,1,0.05,0,2
3,76,3.0,2,0.05,0,3
100,76,95.0,64,1.64,5,95
200,76,177.0,130,3.41,23,177
2000,76,1730.0,1184,26.48,270,1730
10000,76,8829.0,5147,97.93,1171,8829
20000,76,17721.0,10258,156.65,2279,17721
40000,76,35512.0,18344,242.88,4488,35512
60000,76,53327.0,27347,314.29,6673,53327
80000,76,71231.0,38355,381.21,8769,71231
100000,76,89056.0,48429,452.9,10944,89056
200000,76,178362.0,89716,712.94,21638,178362
400000,76,357150.0,146153,1078.45,42850,357150
600000,76,535985.0,196077,1385.79,64015,535985
800000,76,714859.0,222247,1538.4,85141,714859
1000000,76,893633.0,251737,1699.65,106367,893633
2,77,1.0,1,0.05,1,1
3,77,2.0,2,0.05,1,2
100,77,86.0,57,1.52,14,86
200,77,176.0,115,3.09,24,176
2000,77,1729.0,1160,18.0,271,1729
10000,77,8786.0,5324,99.1,1214,8786
20000,77,17726.0,9270,140.11,2274,17726
40000,77,35570.0,18085,227.1,4430,35570
60000,77,53367.0,26454,294.27,6633,53367
80000,77,71231.0,31420,345.1,8769,71231
100000,77,89044.0,37039,396.47,10956,89044
200000,77,178341.0,81368,669.44,21659,178341
400000,77,356834.0,161598,1123.67,43166,356834
600000,77,535351.0,209404,1387.98,64649,535351
800000,77,714186.0,240200,1564.04,85814,714186
1000000,77,892819.0,281257,1784.85,107181,892819
2,78,2.0,1,0.05,0,2
3,78,3.0,2,0.05,0,3
100,78,86.0,69,1.86,14,86
200,78,170.0,120,2.92,30,170
2000,78,1754.0,1038,19.55,246,1754
10000,78,8865.0,5524,90.58,1135,8865
20000,78,17820.0,10170,144.77,2180,17820
40000,78,35594.0,17918,236.71,4406,35594
60000,78,53444.0,27081,313.36,6556,53444
80000,78,71216.0,34105,367.08,8784,71216
100000,78,89108.0,40531,406.61,10892,89108
200000,78,178200.0,87542,711.43,21800,178200
400000,78,356989.0,138281,1042.32,43011,356989
600000,78,535550.0,188774,1332.43,64450,535550
800000,78,714419.0,228382,1560.27,85581,714419
1000000,78,892999.0,263276,1748.26,107001,892999
2,79,2.0,1,0.05,0,2
3,79,3.0,2,0.05,0,3
100,79,85.0,58,0.93,15,85
200,79,172.0,119,2.59,28,172
2000,79,1775.0,1184,20.0,225,1775
10000,79,8861.0,5070,88.47,1139,8861
20000,79,17724.0,10231,140.79,2276,17724
40000,79,35531.0,20151,234.55,4469,35531
60000,79,53284.0,27983,316.03,6716,53284
80000,79,71096.0,37671,389.63,8904,71096
100000,79,89033.0,41723,413.49,10967,89033
200000,79,178163.0,76838,625.79,21837,178163
400000,79,356661.0,128713,924.64,43339,356661
600000,79,535446.0,158733,1102.55,64554,535446
800000,79,714121.0,235933,1506.39,85879,714121
1000000,79,892832.0,258406,1646.83,107168,892832
2,80,2.0,1,0.05,0,2
3,80,3.0,2,0.05,0,3
100,80,92.0,68,1.58,8,92
200,80,182.0,125,2.94,18,182
2000,80,1771.0,1366,29.15,229,1771
10000,80,8867.0,5831,96.84,1133,8867
20000,80,17758.0,10543,172.55,2242,17758
40000,80,35615.0,18370,248.45,4385,35615
60000,80,53454.0,26281,336.84,6546,53454
80000,80,71236.0,33218,406.09,8764,71236
100000,80,89073.0,39831,459.51,10927,89073
200000,80,178353.0,65131,649.49,21647,178353
400000,80,357130.0,111577,922.36,42870,357130
600000,80,536056.0,146202,1129.37,63944,536056
800000,80,714970.0,168700,1259.5,85030,714970
1000000,80,893962.0,184570,1362.21,106038,893962
2,81,2.0,1,0.05,0,2
3,81,3.0,2,0.05,0,3
100,81,85.0,57,1.4,15,85
200,81,171.0,117,2.94,29,171
2000,81,1764.0,1197,21.14,236,1764
10000,81,8853.0,4945,83.4,1147,8853
20000,81,17741.0,9890,152.17,2259,17741
40000,81,35664.0,17966,231.91,4336,35664
60000,81,53419.0,26830,322.71,6581,53419
80000,81,71207.0,34653,390.86,8793,71207
100000,81,89071.0,41400,451.04,10929,89071
200000,81,178485.0,70449,643.16,21515,178485
400000,81,357246.0,127417,1035.32,42754,357246
600000,81,535873.0,180825,1383.29,64127,535873
800000,81,714554.0,213089,1571.29,85446,714554
1000000,81,893583.0,239167,1706.52,106417,893583
2,82,2.0,1,0.05,0,2
3,82,3.0,2,0.05,0,3
100,82,91.0,68,1.58,9,91
200,82,176.0,124,3.18,24,176
2000,82,1752.0,1141,25.1,248,1752
10000,82,8896.0,5268,86.7,1104,8896
20000,82,17805.0,10062,139.47,2195,17805
40000,82,35623.0,17449,210.24,4377,35623
60000,82,53382.0,27576,292.04,6618,53382
80000,82,71136.0,35438,348.35,8864,71136
100000,82,89092.0,40914,391.65,10908,89092
200000,82,178357.0,74837,608.82,21643,178357
400000,82,356904.0,138807,962.15,43096,356904
600000,82,535620.0,178147,1175.82,64380,535620
800000,82,714280.0,226436,1432.26,85720,714280
1000000,82,893001.0,282264,1723.92,106999,893001
2,83,1.0,1,0.05,1,1
3,83,1.0,2,0.05,2,1
100,83,89.0,56,1.24,11,89
200,83,178.0,111,2.19,22,178
2000,83,1797.0,1107,16.86,203,1797
10000,83,8943.0,4914,61.17,1057,8943
20000,83,17880.0,9337,111.24,2120,17880
40000,83,35808.0,17197,179.54,4192,35808
60000,83,53696.0,23648,247.52,6304,53696
80000,83,71620.0,28891,297.93,8380,71620
100000,83,89438.0,35804,353.46,10562,89438
200000,83,178584.0,76678,660.63,21416,178584
400000,83,356999.0,159951,1151.12,43001,356999
600000,83,535851.0,196705,1378.49,64149,535851
800000,83,714624.0,226944,1572.48,85376,714624
1000000,83,892972.0,278484,1838.38,107028,892972
2,84,2.0,1,0.05,0,2
3,84,3.0,2,0.05,0,3
100,84,91.0,69,1.62,9,91
200,84,182.0,119,2.75,18,182
2000,84,1763.0,1138,23.93,237,1763
10000,84,8871.0,5956,90.3,1129,8871
20000,84,17775.0,11202,150.25,2225,17775
40000,84,35552.0,19802,233.37,4448,35552
60000,84,53385.0,27381,300.22,6615,53385
80000,84,71230.0,32761,350.44,8770,71230
100000,84,89084.0,38943,394.75,10916,89084
200000,84,178321.0,72450,631.57,21679,178321
400000,84,357182.0,119778,906.81,42818,357182
600000,84,535830.0,154601,1114.41,64170,535830
800000,84,714659.0,175989,1229.11,85341,714659
1000000,84,893401.0,228492,1497.06,106599,893401
2,85,2.0,1,0.05,0,2
3,85,3.0,2,0.05,0,3
100,85,91.0,66,1.41,9,91
200,85,180.0,125,2.3,20,180
2000,85,1744.0,1105,17.53,256,1744
10000,85,8848.0,4864,70.2,1152,8848
20000,85,17796.0,8715,111.53,2204,17796
40000,85,35605.0,15676,168.54,4395,35605
60000,85,53383.0,24222,244.15,6617,53383
80000,85,71120.0,31686,329.99,8880,71120
100000,85,88965.0,41452,411.06,11035,88965
200000,85,178179.0,69470,615.75,21821,178179
400000,85,356996.0,129988,947.58,43004,356996
600000,85,535791.0,163104,1169.28,64209,535791
800000,85,714377.0,200658,1409.81,85623,714377
1000000,85,893143.0,251687,1675.32,106857,893143
2,86,2.0,1,0.05,0,2
3,86,3.0,2,0.05,0,3
100,86,90.0,56,1.4,10,90
200,86,175.0,98,2.17,25,175
2000,86,1803.0,940,18.66,197,1803
10000,86,8874.0,5142,86.67,1126,8874
20000,86,17796.0,10279,153.63,2204,17796
40000,86,35541.0,20015,243.91,4459,35541
60000,86,53354.0,31345,328.0,6646,53354
80000,86,71205.0,40639,400.79,8795,71205
100000,86,89055.0,50547,460.17,10945,89055
200000,86,178329.0,80157,651.22,21671,178329
400000,86,356819.0,140459,1017.29,43181,356819
600000,86,535814.0,184311,1264.96,64186,535814
800000,86,714473.0,221870,1471.07,85527,714473
1000000,86,893083.0,240160,1598.28,106917,893083
2,87,2.0,1,0.05,0,2
3,87,3.0,2,0.05,0,3
100,87,87.0,66,1.33,13,87
200,87,176.0,131,2.33,24,176
2000,87,1776.0,1295,26.0,224,1776
10000,87,8808.0,5995,104.53,1192,8808
20000,87,17709.0,11300,162.22,2291,17709
40000,87,35519.0,21210,262.65,4481,35519
60000,87,53387.0,32000,350.0,6613,53387
80000,87,71178.0,42140,437.98,8822,71178
100000,87,89037.0,52919,509.95,10963,89037
200000,87,178337.0,90562,739.73,21663,178337
400000,87,356869.0,145338,1057.33,43131,356869
600000,87,535968.0,180543,1249.96,64032,535968
800000,87,714736.0,223295,1487.12,85264,714736
1000000,87,893537.0,262212,1689.82,106463,893537
2,88,1.0,1,0.05,1,1
3,88,2.0,2,0.05,1,2
100,88,85.0,68,1.66,15,85
200,88,173.0,134,3.35,27,173
2000,88,1763.0,1131,26.02,237,1763
10000,88,8876.0,5632,95.04,1124,8876
20000,88,17823.0,10726,153.83,2177,17823
40000,88,35607.0,19550,273.51,4393,35607
60000,88,53445.0,27407,347.83,6555,53445
80000,88,71154.0,34960,424.4,8846,71154
100000,88,89001.0,41844,482.1,10999,89001
200000,88,178287.0,78281,707.8,21713,178287
400000,88,356879.0,146281,1162.05,43121,356879
600000,88,535563.0,185578,1388.33,64437,535563
800000,88,714242.0,249472,1725.44,85758,714242
1000000,88,893000.0,287596,1933.26,107000,893000
2,89,2.0,1,0.05,0,2
3,89,3.0,2,0.05,0,3
100,89,89.0,69,1.58,11,89
200,89,180.0,137,2.88,20,180
2000,89,1778.0,1257,24.05,222,1778
10000,89,8911.0,6167,88.51,1089,8911
20000,89,17770.0,10038,142.63,2230,17770
40000,89,35539.0,18571,221.21,4461,35539
60000,89,53390.0,27941,284.66,6610,53390
80000,89,71145.0,38043,371.77,8855,71145
100000,89,88978.0,49328,447.28,11022,88978
200000,89,178321.0,82711,694.47,21679,178321
400000,89,356979.0,150142,1082.19,43021,356979
600000,89,535624.0,206124,1427.22,64376,535624
800000,89,714378.0,248026,1665.77,85622,714378
1000000,89,892999.0,292367,1919.84,107001,892999
2,90,1.0,1,0.05,1,1
3,90,2.0,2,0.05,1,2
100,90,89.0,65,1.76,11,89
200,90,175.0,123,2.77,25,175
2000,90,1755.0,1318,27.67,245,1755
10000,90,8823.0,5596,96.54,1177,8823
20000,90,17728.0,9702,145.59,2272,17728
40000,90,35405.0,18807,243.03,4595,35405
60000,90,53215.0,29365,316.46,6785,53215
80000,90,70997.0,34800,378.16,9003,70997
100000,90,88817.0,41225,416.48,11183,88817
200000,90,178122.0,63568,577.24,21878,178122
400000,90,356690.0,104454,856.27,43310,356690
600000,90,535543.0,122530,960.57,64457,535543
800000,90,714530.0,148528,1114.24,85470,714530
1000000,90,893549.0,164230,1198.23,106451,893549
2,91,2.0,1,0.05,0,2
3,91,3.0,2,0.05,0,3
100,91,93.0,62,1.43,7,93
200,91,184.0,124,2.54,16,184
2000,91,1786.0,1380,27.02,214,1786
10000,91,8890.0,5901,100.54,1110,8890
20000,91,17784.0,10484,162.06,2216,17784
40000,91,35645.0,22216,278.8,4355,35645
60000,91,53535.0,29394,347.05,6465,53535
80000,91,71308.0,38462,426.59,8692,71308
100000,91,89184.0,43036,468.06,10816,89184
200000,91,178497.0,78227,735.65,21503,178497
400000,91,357301.0,125484,1019.54,42699,357301
600000,91,535882.0,161458,1236.09,64118,535882
800000,91,714588.0,197612,1445.9,85412,714588
1000000,91,893563.0,235516,1647.66,106437,893563
2,92,2.0,1,0.05,0,2
3,92,3.0,2,0.05,0,3
100,92,92.0,65,1.52,8,92
200,92,181.0,122,2.45,19,181
2000,92,1746.0,1310,23.43,254,1746
10000,92,8863.0,6211,97.45,1137,8863
20000,92,17717.0,11061,157.26,2283,17717
40000,92,35481.0,21815,276.55,4519,35481
60000,92,53237.0,31470,403.67,6763,53237
80000,92,71053.0,37996,471.3,8947,71053
100000,92,88911.0,46146,533.13,11089,88911
200000,92,178193.0,73273,746.4,21807,178193
400000,92,356837.0,130670,1090.87,43163,356837
600000,92,535800.0,156547,1280.38,64200,535800
800000,92,714742.0,199667,1516.58,85258,714742
1000000,92,893717.0,239789,1734.99,106283,893717
2,93,2.0,1,0.05,0,2
3,93,3.0,2,0.05,0,3
100,93,82.0,70,1.27,18,82
200,93,169.0,142,2.63,31,169
2000,93,1741.0,1314,21.25,259,1741
10000,93,8865.0,5448,79.68,1135,8865
20000,93,17803.0,10510,146.03,2197,17803
40000,93,35640.0,20056,226.6,4360,35640
60000,93,53335.0,30101,310.58,6665,53335
80000,93,71221.0,36904,351.52,8779,71221
100000,93,89075.0,45132,413.14,10925,89075
200000,93,178395.0,69233,633.28,21605,178395
400000,93,357248.0,104461,863.82,42752,357248
600000,93,536223.0,142454,1085.51,63777,536223
800000,93,715029.0,187671,1326.08,84971,715029
1000000,93,894109.0,210050,1442.81,105891,894109
2,94,2.0,1,0.05,0,2
3,94,3.0,2,0.05,0,3
100,94,88.0,60,1.38,12,88
200,94,174.0,115,2.81,26,174
2000,94,1735.0,1161,24.44,265,1735
10000,94,8824.0,5560,90.32,1176,8824
20000,94,17687.0,9835,145.89,2313,17687
40000,94,35558.0,19304,243.48,4442,35558
60000,94,53418.0,26552,325.0,6582,53418
80000,94,71256.0,31608,367.52,8744,71256
100000,94,89017.0,38344,430.12,10983,89017
200000,94,178114.0,70664,638.4,21886,178114
400000,94,356844.0,116619,898.89,43156,356844
600000,94,535390.0,164551,1164.64,64610,535390
800000,94,714186.0,191387,1319.06,85814,714186
1000000,94,892856.0,224490,1501.01,107144,892856
2,95,1.0,1,0.05,1,1
3,95,2.0,2,0.05,1,2
100,95,83.0,72,1.8,17,83
200,95,173.0,135,3.27,27,173
2000,95,1791.0,1239,25.68,209,1791
10000,95,8898.0,5351,97.15,1102,8898
20000,95,17706.0,10221,159.62,2294,17706
40000,95,35464.0,20433,280.08,4536,35464
60000,95,53242.0,28418,361.17,6758,53242
80000,95,71170.0,36496,412.32,8830,71170
100000,95,89003.0,41629,458.26,10997,89003
200000,95,178304.0,62593,597.0,21696,178304
400000,95,357003.0,107770,858.77,42997,357003
600000,95,535870.0,150568,1107.56,64130,535870
800000,95,714519.0,205984,1394.36,85481,714519
1000000,95,893131.0,243848,1602.88,106869,893131
2,96,2.0,1,0.05,0,2
3,96,3.0,2,0.05,0,3
100,96,89.0,70,1.67,11,89
200,96,172.0,130,3.05,28,172
2000,96,1745.0,1090,22.69,255,1745
10000,96,8851.0,5380,79.82,1149,8851
20000,96,17738.0,10598,134.63,2262,17738
40000,96,35574.0,19496,205.08,4426,35574
60000,96,53358.0,25419,272.37,6642,53358
80000,96,71182.0,33730,323.97,8818,71182
100000,96,89086.0,44240,384.4,10914,89086
200000,96,178364.0,73075,602.29,21636,178364
400000,96,357050.0,116963,865.93,42950,357050
600000,96,535860.0,164209,1117.21,64140,535860
800000,96,714558.0,192548,1273.78,85442,714558
1000000,96,893476.0,224883,1438.3,106524,893476
2,97,2.0,1,0.05,0,2
3,97,3.0,2,0.05,0,3
100,97,84.0,61,1.46,16,84
200,97,173.0,112,2.92,27,173
2000,97,1783.0,1032,21.08,217,1783
10000,97,8878.0,5024,83.56,1122,8878
20000,97,17795.0,10154,137.33,2205,17795
40000,97,35603.0,17117,219.82,4397,35603
60000,97,53482.0,25821,283.1,6518,53482
80000,97,71255.0,30921,331.88,8745,71255
100000,97,89119.0,37345,369.6,10881,89119
200000,97,178430.0,67133,577.34,21570,178430
400000,97,357293.0,107734,822.07,42707,357293
600000,97,535798.0,145337,1044.24,64202,535798
800000,97,714526.0,179539,1270.94,85474,714526
1000000,97,893054.0,205255,1415.16,106946,893054
2,98,2.0,1,0.05,0,2
3,98,3.0,2,0.05,0,3
100,98,86.0,53,1.07,14,86
200,98,167.0,107,1.81,33,167
2000,98,1758.0,1141,23.67,242,1758
10000,98,8805.0,4944,85.4,1195,8805
20000,98,17688.0,9393,136.8,2312,17688
40000,98,35434.0,17923,245.77,4566,35434
60000,98,53251.0,24779,313.69,6749,53251
80000,98,71103.0,31459,359.93,8897,71103
100000,98,88972.0,39104,407.12,11028,88972
200000,98,178298.0,70968,599.2,21702,178298
400000,98,356756.0,127877,957.1,43244,356756
600000,98,535400.0,184484,1273.82,64600,535400
800000,98,714378.0,210126,1414.39,85622,714378
1000000,98,893434.0,238515,1567.22,106566,893434
2,99,2.0,1,0.05,0,2
3,99,2.0,2,0.05,1,2
100,99,86.0,59,1.61,14,86
200,99,176.0,103,2.71,24,176
2000,99,1770.0,1114,23.37,230,1770
10000,99,8890.0,5223,87.27,1110,8890
20000,99,17733.0,9520,152.72,2267,17733
40000,99,35601.0,17930,247.53,4399,35601
60000,99,53329.0,26426,332.57,6671,53329
80000,99,71160.0,34354,399.09,8840,71160
100000,99,89013.0,41338,456.45,10987,89013
200000,99,178168.0,69954,648.81,21832,178168
400000,99,356913.0,118406,933.59,43087,356913
600000,99,535820.0,174943,1275.72,64180,535820
800000,99,714746.0,195464,1397.72,85254,714746
1000000,99,893343.0,238399,1637.44,106657,893343
2,100,1.0,1,0.05,1,1
3,100,2.0,2,0.05,1,2
100,100,87.0,59,1.33,13,87
200,100,171.0,123,2.53,29,171
2000,100,1761.0,1232,25.28,239,1761
10000,100,8779.0,5017,81.96,1221,8779
20000,100,17729.0,8287,118.95,2271,17729
40000,100,35575.0,16920,205.84,4425,35575
60000,100,53430.0,23438,264.43,6570,53430
80000,100,71383.0,28133,294.02,8617,71383
100000,100,89213.0,34615,342.03,10787,89213
200000,100,178500.0,69604,586.18,21500,178500
400000,100,356999.0,118750,918.19,43001,356999
600000,100,535877.0,151216,1091.64,64123,535877
800000,100,714749.0,178737,1251.41,85251,714749
1000000,100,893677.0,205562,1392.33,106323,893677
